t
0.0000000498406316891828064
dt
0.0000000014516698550247433
DN
-0.0000000000000006533942383
TC
480.0000
N
1.67750418e-03
4.71459545e-03
7.35149796e-03
9.54547822e-03
1.12599200e-02
1.24693425e-02
1.31654156e-02
1.33633583e-02
1.31068548e-02
1.24686988e-02
1.15447824e-02
1.04415924e-02
9.26090227e-03
8.08700536e-03
6.98011301e-03
5.97613700e-03
5.09066716e-03
4.32451166e-03
3.67059889e-03
3.19449414e-03
4.96202410e-03
3.63968389e-02
2.37785486e-01
6.59980976e-01
6.24487006e-01
1.64279417e-01
9.65021195e-03
1.39605987e-04
1.33336122e-05
3.50595201e-06
8.58338797e-07
1.93629525e-07
4.00893806e-08
7.58055128e-09
1.30210270e-09
2.02008253e-10
2.81341855e-11
3.49505018e-12
3.84663308e-13
3.72394378e-14
eC
1.00638940e+00
3.07804198e+00
5.27088624e+00
7.59201189e+00
1.00489234e+01
1.26495642e+01
1.54023425e+01
1.83161584e+01
2.14004324e+01
2.46651365e+01
2.81208258e+01
3.17786729e+01
3.56505041e+01
3.97488374e+01
4.40869232e+01
4.86787870e+01
5.35392748e+01
5.86841012e+01
6.41298999e+01
6.98942779e+01
7.59958720e+01
8.24544093e+01
8.92907710e+01
9.65270599e+01
1.04186672e+02
1.12294371e+02
1.20876370e+02
1.29960417e+02
1.39575880e+02
1.49753848e+02
1.60527227e+02
1.71930848e+02
1.84001582e+02
1.96778453e+02
2.10302771e+02
2.24618262e+02
2.39771209e+02
2.55810604e+02
2.72788303e+02
2.90759198e+02
