t
0.0196592806095004929423098
dt
0.0000585915789804123960782
DN
-0.0000000000000095831154954
TC
1000935.0000
N
1.00000000e+00
1.00000000e+00
9.99999999e-01
9.99999999e-01
9.99999997e-01
9.99999994e-01
9.99999985e-01
9.99999962e-01
9.99999899e-01
9.99999715e-01
9.99999141e-01
9.99997236e-01
9.99990469e-01
9.99964604e-01
9.99857702e-01
9.99376763e-01
9.96999440e-01
9.84201371e-01
9.18471065e-01
6.88993925e-01
3.17025388e-01
7.99418824e-02
1.27318796e-02
1.50612875e-03
1.41094573e-04
1.08664468e-05
7.12073386e-07
3.97257312e-08
1.87030558e-09
7.35988779e-11
2.39591293e-12
6.38178736e-14
1.37473616e-15
2.36553853e-17
3.20908840e-19
3.38488960e-21
2.73547742e-23
1.66757992e-25
7.54305448e-28
2.48792499e-30
eC
1.00638940e+00
3.07804198e+00
5.27088624e+00
7.59201189e+00
1.00489234e+01
1.26495642e+01
1.54023425e+01
1.83161584e+01
2.14004324e+01
2.46651365e+01
2.81208258e+01
3.17786729e+01
3.56505041e+01
3.97488374e+01
4.40869232e+01
4.86787870e+01
5.35392748e+01
5.86841012e+01
6.41298999e+01
6.98942779e+01
7.59958720e+01
8.24544093e+01
8.92907710e+01
9.65270599e+01
1.04186672e+02
1.12294371e+02
1.20876370e+02
1.29960417e+02
1.39575880e+02
1.49753848e+02
1.60527227e+02
1.71930848e+02
1.84001582e+02
1.96778453e+02
2.10302771e+02
2.24618262e+02
2.39771209e+02
2.55810604e+02
2.72788303e+02
2.90759198e+02
