t
0.0000000039226432582210530
dt
0.0000000001142527162588657
DN
0.0000000000000002177980794
TC
394.0000
N
2.24782811e-05
5.11398886e-05
6.19270292e-05
6.03386745e-05
5.23001049e-05
4.23638998e-05
3.30765929e-05
2.54117610e-05
1.94722624e-05
1.50067718e-05
1.16844293e-05
9.20826966e-06
7.34639187e-06
5.92907060e-06
4.83564556e-06
3.98105095e-06
3.30536761e-06
2.79348234e-06
4.26524230e-06
8.88309478e-05
2.36031959e-03
3.45231566e-02
2.38220187e-01
6.64778947e-01
6.29411427e-01
1.65430592e-01
9.60072988e-03
9.47805457e-05
1.18323261e-07
1.49161884e-11
5.16816134e-14
1.36158515e-15
2.90945401e-17
4.97072146e-19
6.70067106e-21
7.02797464e-23
5.65104898e-25
3.42940973e-27
1.54494631e-29
5.07700441e-32
eC
1.00638940e+00
3.07804198e+00
5.27088624e+00
7.59201189e+00
1.00489234e+01
1.26495642e+01
1.54023425e+01
1.83161584e+01
2.14004324e+01
2.46651365e+01
2.81208258e+01
3.17786729e+01
3.56505041e+01
3.97488374e+01
4.40869232e+01
4.86787870e+01
5.35392748e+01
5.86841012e+01
6.41298999e+01
6.98942779e+01
7.59958720e+01
8.24544093e+01
8.92907710e+01
9.65270599e+01
1.04186672e+02
1.12294371e+02
1.20876370e+02
1.29960417e+02
1.39575880e+02
1.49753848e+02
1.60527227e+02
1.71930848e+02
1.84001582e+02
1.96778453e+02
2.10302771e+02
2.24618262e+02
2.39771209e+02
2.55810604e+02
2.72788303e+02
2.90759198e+02
