t
0.0000023704108482507054079
dt
0.0000000100000000000000002
DN
0.0000000000000010889903972
TC
748.0000
N
1.34962937e-02
3.04407783e-02
3.67406722e-02
3.58126965e-02
3.11137056e-02
2.52752564e-02
1.97870937e-02
1.52349656e-02
1.16933466e-02
9.02253374e-03
7.03095361e-03
5.54416287e-03
4.42485878e-03
3.57205021e-03
2.91369957e-03
2.39889743e-03
1.99153743e-03
1.66576159e-03
1.40458588e-03
1.27487557e-03
3.36117511e-03
3.52422229e-02
2.37941702e-01
6.62581789e-01
6.27193928e-01
1.64840045e-01
9.56783513e-03
9.48620907e-05
1.42449945e-07
9.77173870e-10
3.10541772e-11
8.19615790e-13
1.75139774e-14
2.99226751e-16
4.03373065e-18
4.23083685e-20
3.40198617e-22
2.06457235e-24
9.30103471e-27
3.05655666e-29
eC
1.00638940e+00
3.07804198e+00
5.27088624e+00
7.59201189e+00
1.00489234e+01
1.26495642e+01
1.54023425e+01
1.83161584e+01
2.14004324e+01
2.46651365e+01
2.81208258e+01
3.17786729e+01
3.56505041e+01
3.97488374e+01
4.40869232e+01
4.86787870e+01
5.35392748e+01
5.86841012e+01
6.41298999e+01
6.98942779e+01
7.59958720e+01
8.24544093e+01
8.92907710e+01
9.65270599e+01
1.04186672e+02
1.12294371e+02
1.20876370e+02
1.29960417e+02
1.39575880e+02
1.49753848e+02
1.60527227e+02
1.71930848e+02
1.84001582e+02
1.96778453e+02
2.10302771e+02
2.24618262e+02
2.39771209e+02
2.55810604e+02
2.72788303e+02
2.90759198e+02
