t
0.0000242704108482520220826
dt
0.0000000100000000000000002
DN
0.0000000000000006533942383
TC
2938.0000
N
1.30220238e-01
2.71834905e-01
3.18797959e-01
3.11873698e-01
2.76553487e-01
2.30481821e-01
1.84820623e-01
1.45135573e-01
1.13084020e-01
8.82167889e-02
6.92794312e-02
5.49221841e-02
4.39907808e-02
3.55926306e-02
2.90696423e-02
2.39458560e-02
1.98779451e-02
1.66166225e-02
1.39805186e-02
1.19108812e-02
1.23215173e-02
4.16804376e-02
2.35536655e-01
6.43164901e-01
6.07538842e-01
1.59597024e-01
9.27568604e-03
9.55927249e-05
3.57068093e-07
9.53794606e-09
3.06919636e-10
8.10191236e-12
1.73154194e-13
2.95882255e-15
3.98928179e-17
4.18487328e-19
3.36554656e-21
2.04276768e-23
9.20417269e-26
3.02516775e-28
eC
1.00638940e+00
3.07804198e+00
5.27088624e+00
7.59201189e+00
1.00489234e+01
1.26495642e+01
1.54023425e+01
1.83161584e+01
2.14004324e+01
2.46651365e+01
2.81208258e+01
3.17786729e+01
3.56505041e+01
3.97488374e+01
4.40869232e+01
4.86787870e+01
5.35392748e+01
5.86841012e+01
6.41298999e+01
6.98942779e+01
7.59958720e+01
8.24544093e+01
8.92907710e+01
9.65270599e+01
1.04186672e+02
1.12294371e+02
1.20876370e+02
1.29960417e+02
1.39575880e+02
1.49753848e+02
1.60527227e+02
1.71930848e+02
1.84001582e+02
1.96778453e+02
2.10302771e+02
2.24618262e+02
2.39771209e+02
2.55810604e+02
2.72788303e+02
2.90759198e+02
