t
0.0304387226402206209630030
dt
0.0000585762562557371935690
DN
-0.0000000000000098009135749
TC
1001119.0000
N
1.00000000e+00
1.00000000e+00
1.00000000e+00
9.99999999e-01
9.99999998e-01
9.99999995e-01
9.99999989e-01
9.99999972e-01
9.99999925e-01
9.99999787e-01
9.99999361e-01
9.99997953e-01
9.99992978e-01
9.99974102e-01
9.99896869e-01
9.99554530e-01
9.97903862e-01
9.89246770e-01
9.41626062e-01
7.27869273e-01
3.04706018e-01
5.88041527e-02
7.28638455e-03
7.39190301e-04
6.48423886e-05
4.92583557e-06
3.21725446e-07
1.79104435e-08
8.41989595e-10
3.30981621e-11
1.07661360e-12
2.86595030e-14
6.17080052e-16
1.06142902e-17
1.43950675e-19
1.51800198e-21
1.22652364e-23
7.47583030e-26
3.38113024e-28
1.11507302e-30
eC
1.00638940e+00
3.07804198e+00
5.27088624e+00
7.59201189e+00
1.00489234e+01
1.26495642e+01
1.54023425e+01
1.83161584e+01
2.14004324e+01
2.46651365e+01
2.81208258e+01
3.17786729e+01
3.56505041e+01
3.97488374e+01
4.40869232e+01
4.86787870e+01
5.35392748e+01
5.86841012e+01
6.41298999e+01
6.98942779e+01
7.59958720e+01
8.24544093e+01
8.92907710e+01
9.65270599e+01
1.04186672e+02
1.12294371e+02
1.20876370e+02
1.29960417e+02
1.39575880e+02
1.49753848e+02
1.60527227e+02
1.71930848e+02
1.84001582e+02
1.96778453e+02
2.10302771e+02
2.24618262e+02
2.39771209e+02
2.55810604e+02
2.72788303e+02
2.90759198e+02
