t
0.0000000000180470488967828
dt
0.0000000000005266130746636
DN
0.0000000000000002177980794
TC
212.0000
N
1.03412036e-07
2.35273989e-07
2.84902809e-07
2.77595208e-07
2.40611902e-07
1.94898470e-07
1.52170814e-07
1.16907887e-07
8.95827300e-08
6.90389709e-08
5.37543903e-08
4.23627410e-08
3.37971315e-08
2.72767235e-08
2.22464300e-08
1.83175605e-08
1.55214103e-08
4.16676289e-08
1.94780233e-06
8.68678416e-05
2.35866273e-03
3.45219662e-02
2.38220649e-01
6.64782589e-01
6.29415102e-01
1.65431571e-01
9.60078438e-03
9.47804107e-05
1.18283297e-07
1.33222889e-11
3.29486144e-16
6.26401416e-18
1.33849779e-19
2.28678627e-21
3.08265154e-23
3.23322784e-25
2.59977153e-27
1.57770381e-29
7.10754273e-32
2.33568148e-34
eC
1.00638940e+00
3.07804198e+00
5.27088624e+00
7.59201189e+00
1.00489234e+01
1.26495642e+01
1.54023425e+01
1.83161584e+01
2.14004324e+01
2.46651365e+01
2.81208258e+01
3.17786729e+01
3.56505041e+01
3.97488374e+01
4.40869232e+01
4.86787870e+01
5.35392748e+01
5.86841012e+01
6.41298999e+01
6.98942779e+01
7.59958720e+01
8.24544093e+01
8.92907710e+01
9.65270599e+01
1.04186672e+02
1.12294371e+02
1.20876370e+02
1.29960417e+02
1.39575880e+02
1.49753848e+02
1.60527227e+02
1.71930848e+02
1.84001582e+02
1.96778453e+02
2.10302771e+02
2.24618262e+02
2.39771209e+02
2.55810604e+02
2.72788303e+02
2.90759198e+02
