t
0.0000001140318035488314761
dt
0.0000000033213156373446095
DN
0.0000000000000006533942383
TC
508.0000
N
6.53253521e-04
1.48561076e-03
1.79870265e-03
1.75260052e-03
1.51927478e-03
1.23079995e-03
9.61094132e-04
7.38454138e-04
5.65898013e-04
4.36147046e-04
3.39601810e-04
2.67640656e-04
2.13528502e-04
1.72334903e-04
1.40554196e-04
1.15714532e-04
9.60660382e-05
8.03835624e-05
6.96073782e-05
1.44181976e-04
2.40703528e-03
3.45567188e-02
2.38207143e-01
6.64676262e-01
6.29307821e-01
1.65403005e-01
9.59919327e-03
9.47843503e-05
1.19450038e-07
5.98555955e-11
1.49953704e-12
3.95744274e-14
8.45632559e-16
1.44474095e-17
1.94755264e-19
2.04268517e-21
1.64248217e-23
9.96761607e-26
4.49040639e-28
1.47563899e-30
eC
1.00638940e+00
3.07804198e+00
5.27088624e+00
7.59201189e+00
1.00489234e+01
1.26495642e+01
1.54023425e+01
1.83161584e+01
2.14004324e+01
2.46651365e+01
2.81208258e+01
3.17786729e+01
3.56505041e+01
3.97488374e+01
4.40869232e+01
4.86787870e+01
5.35392748e+01
5.86841012e+01
6.41298999e+01
6.98942779e+01
7.59958720e+01
8.24544093e+01
8.92907710e+01
9.65270599e+01
1.04186672e+02
1.12294371e+02
1.20876370e+02
1.29960417e+02
1.39575880e+02
1.49753848e+02
1.60527227e+02
1.71930848e+02
1.84001582e+02
1.96778453e+02
2.10302771e+02
2.24618262e+02
2.39771209e+02
2.55810604e+02
2.72788303e+02
2.90759198e+02
