t
0.0351841205695507044937109
dt
0.0000585740333891065280978
DN
-0.0000000000000100187116543
TC
1001200.0000
N
1.00000000e+00
1.00000000e+00
1.00000000e+00
9.99999999e-01
9.99999998e-01
9.99999996e-01
9.99999989e-01
9.99999973e-01
9.99999928e-01
9.99999796e-01
9.99999388e-01
9.99998040e-01
9.99993280e-01
9.99975238e-01
9.99901505e-01
9.99575207e-01
9.98005550e-01
9.89803068e-01
9.44694260e-01
7.35179906e-01
3.01755616e-01
5.54691790e-02
6.71564519e-03
6.77829773e-04
5.94027963e-05
4.51107869e-06
2.94573511e-07
1.63964713e-08
7.70733137e-10
3.02946628e-11
9.85360652e-13
2.62290780e-14
5.64727927e-16
9.71349248e-18
1.31730817e-19
1.38911185e-21
1.12236356e-23
6.84086547e-26
3.09391575e-28
1.02034174e-30
eC
1.00638940e+00
3.07804198e+00
5.27088624e+00
7.59201189e+00
1.00489234e+01
1.26495642e+01
1.54023425e+01
1.83161584e+01
2.14004324e+01
2.46651365e+01
2.81208258e+01
3.17786729e+01
3.56505041e+01
3.97488374e+01
4.40869232e+01
4.86787870e+01
5.35392748e+01
5.86841012e+01
6.41298999e+01
6.98942779e+01
7.59958720e+01
8.24544093e+01
8.92907710e+01
9.65270599e+01
1.04186672e+02
1.12294371e+02
1.20876370e+02
1.29960417e+02
1.39575880e+02
1.49753848e+02
1.60527227e+02
1.71930848e+02
1.84001582e+02
1.96778453e+02
2.10302771e+02
2.24618262e+02
2.39771209e+02
2.55810604e+02
2.72788303e+02
2.90759198e+02
