t
0.0000581304108482574340014
dt
0.0000000100000000000000002
DN
0.0000000000000004355961589
TC
6324.0000
N
2.84964870e-01
5.33327020e-01
6.02102614e-01
5.92018708e-01
5.39665951e-01
4.65943101e-01
3.86579606e-01
3.12391629e-01
2.48878847e-01
1.97369917e-01
1.56834002e-01
1.25352277e-01
1.00955613e-01
8.19680800e-02
6.70786428e-02
5.53004699e-02
4.59011102e-02
3.83372609e-02
3.22049016e-02
2.72713064e-02
2.52108461e-02
5.09373299e-02
2.32329496e-01
6.15974286e-01
5.79833947e-01
1.52179635e-01
8.86200043e-03
9.66273814e-05
6.60809036e-07
2.16578885e-08
6.97641244e-10
1.84205216e-11
3.93779709e-13
6.73044464e-15
9.07658117e-17
9.52380780e-19
7.66094751e-21
4.65095593e-23
2.09605260e-25
6.89063072e-28
eC
1.00638940e+00
3.07804198e+00
5.27088624e+00
7.59201189e+00
1.00489234e+01
1.26495642e+01
1.54023425e+01
1.83161584e+01
2.14004324e+01
2.46651365e+01
2.81208258e+01
3.17786729e+01
3.56505041e+01
3.97488374e+01
4.40869232e+01
4.86787870e+01
5.35392748e+01
5.86841012e+01
6.41298999e+01
6.98942779e+01
7.59958720e+01
8.24544093e+01
8.92907710e+01
9.65270599e+01
1.04186672e+02
1.12294371e+02
1.20876370e+02
1.29960417e+02
1.39575880e+02
1.49753848e+02
1.60527227e+02
1.71930848e+02
1.84001582e+02
1.96778453e+02
2.10302771e+02
2.24618262e+02
2.39771209e+02
2.55810604e+02
2.72788303e+02
2.90759198e+02
