t
0.0000760703746465897338597
dt
0.0000022156419809686353682
DN
-0.0000000000000008711923178
TC
728.0000
N
9.62475311e-01
9.99758213e-01
9.99782298e-01
9.99709807e-01
9.99602836e-01
9.99444898e-01
9.99207907e-01
9.98845296e-01
9.98278584e-01
9.97372704e-01
9.95889952e-01
9.93402396e-01
9.89122468e-01
9.81571594e-01
9.67934091e-01
9.42868758e-01
8.96849265e-01
8.15988935e-01
6.88614060e-01
5.20324510e-01
3.42242033e-01
1.93838035e-01
9.54087187e-02
4.15460992e-02
1.61246276e-02
5.70152625e-03
1.88343994e-03
5.81718855e-04
1.67495350e-04
4.48111320e-05
1.10951744e-05
2.53124936e-06
5.29583421e-07
1.01099059e-07
1.75168073e-08
2.73905940e-09
3.84224273e-10
4.80451787e-11
5.31960339e-12
5.17826740e-13
eC
1.00638940e+00
3.07804198e+00
5.27088624e+00
7.59201189e+00
1.00489234e+01
1.26495642e+01
1.54023425e+01
1.83161584e+01
2.14004324e+01
2.46651365e+01
2.81208258e+01
3.17786729e+01
3.56505041e+01
3.97488374e+01
4.40869232e+01
4.86787870e+01
5.35392748e+01
5.86841012e+01
6.41298999e+01
6.98942779e+01
7.59958720e+01
8.24544093e+01
8.92907710e+01
9.65270599e+01
1.04186672e+02
1.12294371e+02
1.20876370e+02
1.29960417e+02
1.39575880e+02
1.49753848e+02
1.60527227e+02
1.71930848e+02
1.84001582e+02
1.96778453e+02
2.10302771e+02
2.24618262e+02
2.39771209e+02
2.55810604e+02
2.72788303e+02
2.90759198e+02
