t: 7.86669e-09
dt: 9.13792e-10
N: 0.00478952 0.00553035 0.00638272 0.00736349 0.00849123 0.00978454 0.0112668 0.0129645 0.0149043 0.0171116 0.0196234 0.0224761 0.0256887 0.0293023 0.0333565 0.0378694 0.0428291 0.0482769 0.05422 0.0604992 0.0671032 0.0739638 0.0808174 0.0872139 0.0930484 0.0980169 0.100695 0.100987 0.0985452 0.0922603 0.0923255 0.374371 0.290786 0.0229927 0.00933773 0.0032544 0.000904447 0.000196281 3.30438e-05 4.1897e-06 
eC: 1 1.15749 1.33977 1.55077 1.795 2.07768 2.40489 2.78363 3.22201 3.72944 4.31677 4.99661 5.78351 6.69433 7.7486 8.9689 10.3814 12.0163 13.9087 16.0991 18.6345 21.5692 24.9661 28.8979 33.4489 38.7167 44.814 51.8717 60.0407 69.4963 80.4411 93.1095 107.773 124.746 144.391 167.131 193.452 223.918 259.182 300 
dV: 1.08333 0.211322 0.327712 0.508206 0.788112 1.22218 1.89532 2.93921 4.55805 7.06849 10.9616 16.999 26.3615 40.8807 63.3966 98.3136 152.462 236.434 366.655 568.597 881.764 1367.42 2120.55 3288.49 5099.69 7908.45 12264.2 19019 29494.1 45738.6 70930.1 109996 170579 264529 410225 636165 986546 1.52991e+06 2.37254e+06 3.67926e+06 
kVec: 829084 963034 1.11137e+06 1.2828e+06 1.48078e+06 1.70882e+06 1.97139e+06 2.2736e+06 2.62106e+06 3.01895e+06 3.47524e+06 3.9981e+06 4.59319e+06 5.27096e+06 6.04219e+06 6.91699e+06 7.89868e+06 9.00491e+06 1.02502e+07 1.16197e+07 1.31342e+07 1.48063e+07 1.66344e+07 1.85711e+07 2.06649e+07 2.29593e+07 2.52725e+07 2.77553e+07 3.05452e+07 3.37899e+07 3.75982e+07 4.28588e+07 5.16388e+07 6.62567e+07 9.03379e+07 1.2787e+08 1.81176e+08 2.47375e+08 3.27463e+08 4.16607e+08 
cMat: 
-197498 955.534 1122.81 1307.87 1524.65 1779.88 2080.57 2435.12 2854.85 3355.28 3951.26 4662.9 5523.98 6566.16 7830.53 9379.84 11305.9 13694.7 16674.7 20497.1 25389 31682.8 39938.2 50989.4 65731.5 85585.2 113340 151834 205624 282354 393197 552900 784899 1.12861e+06 1.62952e+06 2.35556e+06 3.38609e+06 4.83934e+06 6.9239e+06 9.94188e+06 
4856.19 -233442 1293.13 1506.29 1755.96 2049.93 2396.27 2804.66 3288.13 3864.58 4551.1 5370.9 6362.89 7563.57 9020.29 10805.4 13024.8 15777.6 19212 23617.8 29256.9 36512.7 46031.4 58775.8 75779.1 98682 130706 175129 237217 325800 453790 638232 906215 1.30328e+06 1.88204e+06 2.721e+06 3.91187e+06 5.5912e+06 8.00005e+06 1.14876e+07 
3642.89 825.536 -268948 1733.07 2020.36 2358.62 2757.15 3227.09 3783.44 4446.82 5236.89 6180.38 7322.11 8704.11 10380.9 12435.9 14991 18160.5 22115.2 27189.2 33684.2 42042.7 53009.6 67695.9 87293.7 113697 150623 201860 273486 375703 523425 736349 1.04578e+06 1.50433e+06 2.1728e+06 3.14194e+06 4.51769e+06 6.45768e+06 9.24045e+06 1.32693e+07 
2704.68 612.926 1104.65 -310425 2322.65 2711.56 3169.77 3710.1 4349.8 5112.6 6021.12 7106.11 8419.15 10008.6 11937.3 14301.2 17240.6 20887.2 25437.8 31277 38752.9 48375.1 61002.6 77916.1 100491 130912 173469 232534 315126 433025 603452 849164 1.20632e+06 1.7357e+06 2.50757e+06 3.62678e+06 5.21567e+06 7.45614e+06 1.067e+07 1.5323e+07 
2006.02 454.602 819.319 1477.75 -358798 3086.78 3640.89 4261.61 4996.51 5872.87 6916.7 8163.34 9672.12 11498.7 13715.2 16432.1 19810.9 24003.2 29235.3 35950.2 44548.6 55617.7 70147 89612.5 115600 150629 199647 267699 362887 498808 695345 978777 1.39088e+06 2.0018e+06 2.89276e+06 4.18488e+06 6.01937e+06 8.60607e+06 1.23166e+07 1.76887e+07 
1486.82 336.944 607.274 1095.31 1959.78 -415051 4175.71 4887.71 5730.73 6736.08 7933.62 9363.92 11095.1 13191.1 15734.9 18853.3 22731.9 27545 33552.8 41264.8 51142.1 63860.2 80558.3 102936 132820 173114 229520 307858 417472 574053 800540 1.12727e+06 1.60249e+06 2.30714e+06 3.33504e+06 4.82608e+06 6.94319e+06 9.92826e+06 1.42103e+07 2.04099e+07 
1100.76 249.459 449.605 810.943 1464.04 2644.69 -480443 5597.68 6563.35 7715.05 9087 10725.7 12709.4 15111.4 18026.7 21601.1 26047.7 31566.4 38456.2 47302.5 58635.1 73230.9 92399.9 118098 152427 198732 263581 353680 479806 660052 920873 1.29729e+06 1.84496e+06 2.65728e+06 3.84258e+06 5.56235e+06 8.00449e+06 1.14477e+07 1.6387e+07 2.35383e+07 
813.682 184.402 332.356 599.472 1082.28 1955.11 3535.32 -556426 7427.79 8823.72 10393.3 12268.2 14538.1 17287 20623.7 24715.4 29806.4 36126.2 44017.4 54152.4 67139.4 83870.7 105852 135330 174726 227886 302371 405909 550916 758246 1.0584e+06 1.49176e+06 2.12257e+06 3.05849e+06 4.42457e+06 6.4072e+06 9.22295e+06 1.31927e+07 1.88875e+07 2.71326e+07 
600.517 136.095 245.294 442.447 798.808 1443.06 2609.49 4675.94 -644867 10073 11865.5 14006.9 16599.6 19739.9 23552.4 28228.2 34047.2 41272.2 50295.9 61888.9 76748.7 95899.1 121068 154837 199986 260939 346392 465239 631780 870036 1.21514e+06 1.71367e+06 2.43968e+06 3.51724e+06 5.09068e+06 7.37495e+06 1.06196e+07 1.51937e+07 2.17555e+07 3.12562e+07 
442.639 100.317 180.812 326.146 588.85 1063.8 1923.74 3483.69 6317.41 -747395 13509.5 15948.7 18902.6 22480.8 26825.7 32155.5 38790.3 47030.1 57324.2 70554.1 87518.5 109390 138148 176753 228397 298157 396024 532226 723216 996637 1.39293e+06 1.96576e+06 2.80049e+06 4.03995e+06 5.8506e+06 8.48027e+06 1.22162e+07 1.74825e+07 2.50374e+07 3.59762e+07 
325.499 73.7703 132.968 239.851 433.059 782.38 1414.89 2562.33 4646.84 8435.93 -866698 18118.5 21476.4 25544.7 30485.7 36548.3 44097.2 53475.1 65194.6 80262.9 99592.7 124525 157324 201383 260357 340072 451991 607865 826610 1.14001e+06 1.59459e+06 2.25213e+06 3.21095e+06 4.6354e+06 6.71735e+06 9.74239e+06 1.40408e+07 2.00996e+07 2.87916e+07 4.13769e+07 
238.664 54.0913 97.4998 175.878 317.564 573.746 1037.64 1879.23 3408.23 6187.79 11257.4 -1.00571e+06 24158.9 28955.9 34561.8 41441.8 50011.5 60661 73974.2 91099.7 113079 141443 178780 228967 296192 387126 514908 693028 943209 1.30197e+06 1.82278e+06 2.57673e+06 3.67698e+06 5.31246e+06 7.70428e+06 1.11813e+07 1.6123e+07 2.30879e+07 3.30802e+07 4.75482e+07 
174.66 39.5863 71.3567 128.724 232.432 419.957 759.545 1375.67 2495.15 4530.45 8243.05 14924 -1.16713e+06 32682.9 39017.1 46793.6 56483.7 68530.2 83596.2 102988 127889 160044 202402 259387 335780 439211 584707 787730 1.07319e+06 1.483e+06 2.07852e+06 2.94147e+06 4.20198e+06 6.07699e+06 8.82108e+06 1.28126e+07 1.84872e+07 2.64841e+07 3.79572e+07 5.45696e+07 
127.399 28.8757 52.052 93.903 169.565 306.386 554.175 1003.78 1820.78 3306.33 6016.48 10976.5 20055.6 -1.35531e+06 43874.9 52631.9 63548.8 77126.6 94116.1 115998 144116 180450 228353 292860 379423 496745 661988 892843 1.21784e+06 1.68501e+06 2.36469e+06 3.35073e+06 4.79264e+06 6.93922e+06 1.00834e+07 1.46601e+07 2.11687e+07 3.03398e+07 4.34979e+07 6.25503e+07 
92.5166 20.9701 37.8027 68.2001 123.159 222.549 402.563 729.227 1322.88 2402.47 4372.31 7978 14579.5 26717.1 -1.57493e+06 58311.6 71222.8 86471.1 105561 130167 161810 202732 256734 329536 427337 560048 747230 1.0091e+06 1.37828e+06 1.90973e+06 2.684e+06 3.80874e+06 5.45557e+06 7.90948e+06 1.15072e+07 1.67484e+07 2.42049e+07 3.47099e+07 4.97824e+07 7.16071e+07 
66.8885 15.1617 27.3333 49.3148 89.06 160.944 291.152 527.461 956.965 1738.16 3163.79 5773.83 10553.6 19344.2 35195.1 -1.83277e+06 79410.9 96452.2 117801 145342 180791 226676 287297 369125 479195 628762 840066 1.13616e+06 1.55429e+06 2.15724e+06 3.03708e+06 4.31718e+06 6.19425e+06 8.99433e+06 1.31042e+07 1.90971e+07 2.76269e+07 3.96417e+07 5.68813e+07 8.18442e+07 
48.1693 10.9191 19.6859 35.5196 64.1513 115.94 209.76 380.052 689.614 1252.76 2280.68 4163 7611.14 13954.7 25683.7 47445.1 -2.13306e+06 106798 130510 161131 200586 251715 319352 410793 533987 701669 939043 1.27232e+06 1.74392e+06 2.4254e+06 3.42181e+06 4.87427e+06 7.00798e+06 1.01952e+07 1.48796e+07 2.17182e+07 3.14571e+07 4.51721e+07 6.4852e+07 9.33485e+07 
34.4531 7.81033 14.082 25.4102 45.8967 82.957 150.103 271.998 493.62 896.877 1633.11 2981.65 5452.8 10000.6 18412.8 34027.8 63063 -2.48647e+06 143701 177553 221224 277888 352961 454635 591860 779000 1.04453e+06 1.41819e+06 1.94816e+06 2.71586e+06 3.84092e+06 5.48451e+06 7.90414e+06 1.1524e+07 1.68528e+07 2.46425e+07 3.57428e+07 5.13714e+07 7.3798e+07 1.06272e+08 
24.4384 5.54036 9.98998 18.0279 32.5654 58.8675 106.529 193.066 350.433 636.842 1159.88 2118.19 3874.91 7109.24 13094.6 24210.8 44894.4 83713.8 -2.90509e+06 193249 242426 304862 387722 500167 652237 860077 1.15576e+06 1.57291e+06 2.16616e+06 3.02792e+06 4.29416e+06 6.14867e+06 8.88547e+06 1.29871e+07 1.90361e+07 2.78922e+07 4.05215e+07 5.82978e+07 8.38076e+07 1.20745e+08 
17.2327 3.90706 7.04554 12.7156 22.9718 41.531 75.1678 136.253 247.361 449.637 819.145 1496.4 2738.45 5026.36 9262.61 17135.5 31796 59335.1 110857 -3.39566e+06 262511 330569 421078 544206 711140 939909 1.26643e+06 1.72858e+06 2.38801e+06 3.34928e+06 4.76643e+06 6.84859e+06 9.93082e+06 1.45606e+07 2.14039e+07 3.14421e+07 4.57708e+07 6.59322e+07 9.4866e+07 1.36759e+08 
12.0292 2.72752 4.91897 8.87859 16.042 29.0068 52.5092 95.1993 172.87 314.318 572.8 1046.75 1916.39 3519.22 6488.84 12011.8 22306.1 41662.3 78370.7 147937 -3.97895e+06 354739 452686 586312 768005 1.01778e+06 1.37565e+06 1.88409e+06 2.61243e+06 3.67857e+06 5.25659e+06 7.58392e+06 1.10417e+07 1.62498e+07 2.39683e+07 3.53162e+07 5.1533e+07 7.4342e+07 1.07077e+08 1.5447e+08 
8.28831 1.87948 3.38993 6.11949 11.0583 19.9989 36.2097 65.6628 119.266 216.919 395.443 722.926 1324.17 2433.01 4488.86 8315.6 15455.6 28895.8 54416.5 102859 195867 -4.67613e+06 476184 625354 821385 1.09184e+06 1.48104e+06 2.03641e+06 2.8356e+06 4.01111e+06 5.75912e+06 8.34863e+06 1.22126e+07 1.80507e+07 2.67303e+07 3.95249e+07 5.78339e+07 8.35744e+07 1.20518e+08 1.73997e+08 
5.63578 1.27812 2.30557 4.1626 7.5233 13.6084 24.6448 44.7022 81.2179 147.771 269.493 492.894 903.318 1660.8 3066.35 5685.13 10577.1 19797.7 37331.1 70675.3 134826 256861 -5.52172e+06 657575 866472 1.15589e+06 1.57456e+06 2.17511e+06 3.04402e+06 4.32954e+06 6.25195e+06 9.11526e+06 1.34102e+07 1.99248e+07 2.96468e+07 4.40239e+07 6.46321e+07 9.35905e+07 1.35153e+08 1.95308e+08 
3.77973 0.857293 1.54668 2.79292 5.04874 9.13439 16.5466 30.0222 54.5648 99.3177 181.213 331.606 608.118 1118.88 2067.54 3837.05 7147.21 13395.7 25297.7 47982.5 91731.7 177200 345430 -6.53424e+06 896148 1.20063e+06 1.64392e+06 2.28389e+06 3.21611e+06 4.60545e+06 6.69814e+06 9.83658e+06 1.45759e+07 2.18008e+07 3.26344e+07 4.87209e+07 7.18291e+07 1.04282e+08 1.50859e+08 2.18251e+08 
2.4824 0.563116 1.01611 1.83517 3.3181 6.00474 10.8805 19.748 35.9051 65.3834 119.359 218.545 401.064 738.528 1365.97 2537.78 4733.28 8884.63 16807 31944.3 61217.1 118577 231893 456560 -7.77696e+06 1.22666e+06 1.68947e+06 2.36262e+06 3.35095e+06 4.8367e+06 7.09399e+06 1.05073e+07 1.57034e+07 2.36735e+07 3.56934e+07 5.36288e+07 7.94611e+07 1.15717e+08 1.67753e+08 2.43008e+08 
1.58978 0.360683 0.650944 1.17589 2.12657 3.84947 6.97739 12.6684 23.0428 41.9819 76.6822 140.495 258.03 475.572 880.51 1637.83 3059.17 5751.72 10900.8 20766.5 39902.7 77527 152156 300861 603344 -9.33712e+06 1.7006e+06 2.40524e+06 3.43962e+06 5.01035e+06 7.4211e+06 1.11022e+07 1.676e+07 2.55029e+07 3.87786e+07 5.87032e+07 8.74927e+07 1.27876e+08 1.85831e+08 2.69597e+08 
0.99565 0.225927 0.407825 0.736879 1.33297 2.41367 4.37649 7.94935 14.466 26.3709 48.1992 88.3739 162.451 299.722 555.584 1034.86 1936.17 3647.28 6927.49 13232.6 25506 49733.3 98020.8 194816 392986 804246 -1.1245e+07 2.36726e+06 3.42047e+06 5.04089e+06 7.56201e+06 1.14624e+07 1.75361e+07 2.70197e+07 4.15544e+07 6.35416e+07 9.54522e+07 1.40188e+08 2.04384e+08 2.97072e+08 
0.602596 0.136762 0.246925 0.446266 0.807491 1.46265 2.65311 4.82117 8.77791 16.0115 29.2853 53.7376 98.8768 182.632 338.97 632.326 1185.19 2237.25 4259.38 8159.92 15782.3 30894.4 61174.7 122279 248286 513900 1.0695e+06 -1.36643e+07 3.30613e+06 4.9396e+06 7.52382e+06 1.15873e+07 1.80195e+07 2.82e+07 4.39882e+07 6.81135e+07 1.03329e+08 1.52683e+08 2.23495e+08 3.25583e+08 
0.34968 0.0793766 0.143347 0.259138 0.469031 0.849878 1.54223 2.80381 5.10764 9.32275 17.0641 31.3382 57.721 106.741 198.383 370.657 696.074 1316.87 2513.46 4830.28 9376.75 18433.1 36684.1 73781.5 150892 314898 662152 1.41664e+06 -1.67842e+07 4.65383e+06 7.29353e+06 1.1446e+07 1.8152e+07 2.89511e+07 4.59486e+07 7.22532e+07 1.10935e+08 1.65155e+08 2.4294e+08 3.54856e+08 
0.193655 0.0439679 0.0794213 0.143614 0.260017 0.471322 0.855657 1.55636 2.8368 5.18144 9.49138 17.4464 32.1688 59.5636 110.861 207.48 390.436 740.396 1416.98 2732.27 5325.05 10516.1 21043.1 42611.4 87838.5 184997 393565 853629 1.87693e+06 -2.09058e+07 6.7809e+06 1.08914e+07 1.77029e+07 2.89329e+07 4.69627e+07 7.53444e+07 1.17509e+08 1.76673e+08 2.61551e+08 3.8332e+08 
0.100198 0.0227538 0.0411114 0.0743605 0.134674 0.24421 0.443544 0.807168 1.47209 2.69066 4.9327 9.07514 16.7519 31.0576 57.8899 108.53 204.663 389.052 746.642 1444.71 2827.24 5609.99 11290.1 23026.2 47867.6 101808 219362 483093 1.09293e+06 2.51943e+06 -2.63667e+07 9.63866e+06 1.61679e+07 2.73067e+07 4.57091e+07 7.54108e+07 1.20231e+08 1.83321e+08 2.7387e+08 4.03206e+08 
0.0330846 0.00751465 0.0135807 0.0245709 0.044514 0.0807497 0.146724 0.267144 0.487487 0.89164 1.63591 3.01243 5.56677 10.3339 19.29 36.2262 68.4576 130.449 251.041 487.439 957.818 1909.64 3865.29 7940.41 16648.4 35764.3 78078.4 174704 402750 950229 2.26332e+06 -3.63125e+07 9.60692e+06 1.68925e+07 2.93935e+07 5.02652e+07 8.24817e+07 1.28136e+08 1.93765e+08 2.86987e+08 
0.0164042 0.00372669 0.00673658 0.0121915 0.0220935 0.040093 0.0728813 0.132761 0.2424 0.443664 0.814632 1.50142 2.77751 5.16251 9.65057 18.1541 34.377 65.6627 126.709 246.869 487.069 975.677 1986.15 4109.57 8690.36 18857.3 41720.7 94891.6 223085 539452 1.32601e+06 3.35542e+06 -4.82442e+07 1.62055e+07 2.96204e+07 5.29786e+07 9.01812e+07 1.43521e+08 2.20472e+08 3.29076e+08 
0.00891239 0.00202507 0.00366144 0.00662791 0.0120145 0.0218101 0.0396622 0.0722811 0.132042 0.241828 0.444349 0.819628 1.51775 2.82427 5.28653 9.96012 18.8964 36.1723 69.9762 136.764 270.837 544.884 1115.01 2322.43 4950.13 10841.9 24288.9 56110.4 134437 333127 846196 2.22929e+06 6.12312e+06 -6.2786e+07 3.19424e+07 6.10258e+07 1.10107e+08 1.82458e+08 2.88006e+08 4.35881e+08 
0.00312794 0.00071085 0.00128551 0.00232757 0.00422032 0.0076636 0.0139415 0.0254177 0.046455 0.0851292 0.156525 0.288936 0.535526 0.997586 1.86957 3.5274 6.70385 12.8586 24.9324 48.8689 97.1064 196.137 403.284 845.073 1814.22 4007.31 9080.12 21275.4 51865.1 131437 344312 942911 2.7205e+06 7.76453e+06 -8.86738e+07 4.61455e+07 9.01074e+07 1.58539e+08 2.61142e+08 4.04716e+08 
0.000933242 0.000212119 0.00038367 0.00069482 0.00126014 0.0022889 0.00416531 0.00759688 0.0138905 0.0254677 0.0468546 0.0865489 0.160545 0.299351 0.561625 1.06099 2.01957 3.88067 7.53994 14.8167 29.5315 59.8589 123.602 260.397 562.602 1252.06 2865.72 6799.5 16833 43522.9 117243 332804 1.00429e+06 3.0617e+06 9.52425e+06 -1.27182e+08 6.46543e+07 1.24901e+08 2.19262e+08 3.53434e+08 
0.000230319 5.2356e-05 9.47122e-05 0.00017155 0.000311183 0.000565356 0.00102909 0.00187745 0.00343397 0.00629861 0.0115933 0.0214263 0.0397706 0.0742113 0.13935 0.263516 0.502207 0.966367 1.88062 3.70304 7.39821 15.0373 31.154 65.91 143.116 320.38 739.082 1770.91 4437.15 11653.8 32092 93758.2 293498 948409 3.19295e+06 1.11001e+07 -1.8094e+08 8.32018e+07 1.62461e+08 2.82128e+08 
4.57889e-05 1.04095e-05 1.88325e-05 3.41145e-05 6.18889e-05 0.000112455 0.00020473 0.000373573 0.000683433 0.00125388 0.00230859 0.00426804 0.00792535 0.0147955 0.027797 0.0525982 0.100318 0.193205 0.376367 0.742013 1.48463 3.02277 6.27538 13.3107 28.9918 65.1365 150.995 364.005 918.901 2437.31 6806.7 20261.3 64975 218618 781470 2.9829e+06 1.15738e+07 -2.47311e+08 9.7858e+07 1.99298e+08 
7.15286e-06 1.62619e-06 2.94225e-06 5.33019e-06 9.67061e-06 1.75737e-05 3.19975e-05 5.83941e-05 0.000106846 0.000196064 0.000361061 0.000667677 0.00124017 0.00231602 0.00435287 0.0082403 0.0157248 0.0303037 0.0590742 0.116568 0.233472 0.475923 0.989439 2.10243 4.58881 10.335 24.0354 58.1753 147.581 393.959 1110.26 3345.22 10897.8 37677.3 140542 571732 2.46744e+06 1.06844e+07 -3.2745e+08 1.19787e+08 
8.47644e-07 1.92719e-07 3.487e-07 6.3174e-07 1.14624e-06 2.08314e-06 3.79323e-06 6.92314e-06 1.26689e-05 2.32509e-05 4.28241e-05 7.92043e-05 0.000147149 0.000274865 0.000516741 0.000978538 0.00186804 0.00360151 0.00702424 0.0138689 0.027797 0.056708 0.118005 0.251028 0.548614 1.23744 2.88326 6.9944 17.791 47.6511 134.904 408.91 1342.46 4706.1 17976.1 76059.5 353639 1.79586e+06 9.88611e+06 -4.16605e+08 
dt_FE: 9.13792e-10
dt_EA: 9.13792e-10
dt_PE: 9.13792e-10
tolC: 1e-06
dt_grow: 1.03
dt_max: 0.1
steps: 0
