t: 1.47908e-07
dt: 2.3911e-09
N: 0.111098 0.126967 0.144814 0.164821 0.187145 0.211864 0.239082 0.268856 0.301124 0.335658 0.372319 0.410771 0.450253 0.49024 0.530048 0.568642 0.604723 0.637652 0.666458 0.689334 0.705806 0.715064 0.715679 0.705869 0.684734 0.650192 0.598645 0.528891 0.440836 0.338476 0.232844 0.140412 0.072569 0.0322175 0.0122254 0.0039218 0.00104482 0.000225455 3.81803e-05 4.88718e-06 
eC: 1 1.15749 1.33977 1.55077 1.795 2.07768 2.40489 2.78363 3.22201 3.72944 4.31677 4.99661 5.78351 6.69433 7.7486 8.9689 10.3814 12.0163 13.9087 16.0991 18.6345 21.5692 24.9661 28.8979 33.4489 38.7167 44.814 51.8717 60.0407 69.4963 80.4411 93.1095 107.773 124.746 144.391 167.131 193.452 223.918 259.182 300 
dV: 1.08333 0.211322 0.327712 0.508206 0.788112 1.22218 1.89532 2.93921 4.55805 7.06849 10.9616 16.999 26.3615 40.8807 63.3966 98.3136 152.462 236.434 366.655 568.597 881.764 1367.42 2120.55 3288.49 5099.69 7908.45 12264.2 19019 29494.1 45738.6 70930.1 109996 170579 264529 410225 636165 986546 1.52991e+06 2.37254e+06 3.67926e+06 
kVec: 1.00539e+06 1.16532e+06 1.34306e+06 1.54774e+06 1.78317e+06 2.05302e+06 2.36204e+06 2.71552e+06 3.11893e+06 3.57673e+06 4.09648e+06 4.68523e+06 5.34533e+06 6.08456e+06 6.90964e+06 7.82363e+06 8.81898e+06 9.90421e+06 1.10798e+07 1.23058e+07 1.35844e+07 1.49042e+07 1.62346e+07 1.74965e+07 1.87303e+07 1.99746e+07 2.10904e+07 2.23167e+07 2.39386e+07 2.63976e+07 3.01779e+07 3.65482e+07 4.73992e+07 6.40364e+07 8.95597e+07 1.28149e+08 1.82187e+08 2.48773e+08 3.29046e+08 4.18218e+08 
cMat: 
-100586 853.464 1002.87 1168.17 1361.78 1589.75 1858.32 2175 2549.89 2996.87 3529.18 4164.81 4933.91 5864.76 6994.07 8377.89 10098.2 12231.8 14893.5 18307.6 22677 28298.4 35672 45542.7 58710 76442.9 101233 135615 183659 252193 351195 493839 701056 1.00805e+06 1.45545e+06 2.10394e+06 3.02439e+06 4.3224e+06 6.18429e+06 8.87989e+06 
4263.19 -120385 1135.23 1322.35 1541.54 1799.61 2103.66 2462.18 2886.61 3392.67 3995.36 4715.04 5585.9 6639.96 7918.81 9485.96 11434.3 13851 16866 20733.8 25684.2 32054.1 40410.4 51598.5 66525.5 86631.7 114745 153744 208250 286016 398377 560296 795555 1.14414e+06 1.65222e+06 2.38873e+06 3.43418e+06 4.90844e+06 7.02315e+06 1.00848e+07 
3135.36 710.522 -137759 1491.62 1738.88 2030.02 2373.02 2777.49 3256.33 3827.28 4507.28 5319.33 6301.99 7491.44 8934.65 10703.3 12902.4 15630.4 19034.1 23401.1 28991.3 36185.3 45624.3 58264.4 75131.8 97856.3 129638 173736 235383 323360 450501 633761 900079 1.29474e+06 1.87008e+06 2.70421e+06 3.88829e+06 5.55799e+06 7.95306e+06 1.14206e+07 
2275.64 515.7 929.426 -158062 1954.22 2281.44 2666.96 3121.58 3659.81 4301.61 5066.02 5978.9 7083.66 8421 10043.7 12032.6 14505.8 17574 21402.7 26315.7 32605.7 40701.6 51326 65556.6 84550.6 110146 145952 195648 265139 364336 507729 714465 1.01497e+06 1.46037e+06 2.1098e+06 3.05148e+06 4.38833e+06 6.27341e+06 8.97745e+06 1.28924e+07 
1644.57 372.69 671.691 1211.48 -181699 2530.59 2984.86 3493.74 4096.22 4814.68 5670.43 6692.44 7929.36 9426.8 11243.9 13471.3 16241.3 19678.2 23967.6 29472.6 36521.7 45596.3 57507.7 73465.8 94770.8 123488 163674 219464 297500 408931 570055 802418 1.14026e+06 1.64111e+06 2.37153e+06 3.43083e+06 4.93478e+06 7.0554e+06 1.00974e+07 1.45015e+07 
1183.39 268.182 483.344 871.783 1559.84 -209114 3323.54 3890.24 4561.22 5361.41 6314.56 7452.96 8830.88 10499.1 12523.8 15005.8 18092.9 21923.8 26705.5 32843.7 40705.2 50827.9 64118.2 81929.2 105715 137785 182681 245031 332276 456903 637169 897224 1.27546e+06 1.83631e+06 2.65444e+06 3.84119e+06 5.52625e+06 7.90214e+06 1.13103e+07 1.62448e+07 
847.136 191.981 346.011 624.092 1126.71 2035.32 -240854 4307.91 5051.08 5937.41 6993.25 8254.4 9781.03 11629.5 13873.2 16624 20046 24293.2 29595.4 36403.4 45124.9 56357.7 71109.9 90886.7 117306 152942 202849 272188 369254 507968 708693 998377 1.41986e+06 2.04501e+06 2.95721e+06 4.28072e+06 6.16017e+06 8.81003e+06 1.26113e+07 1.81148e+07 
602.732 136.595 246.192 444.057 801.698 1448.24 2618.78 -277537 5502.12 6536.15 7698.81 9087.67 10769.1 12805.3 15277 18307.9 22079 26760.4 32605.8 40113.3 49733.3 62127 78409.2 100246 129428 168806 223981 300676 408089 561668 784004 1.10502e+06 1.57228e+06 2.26556e+06 3.27749e+06 4.74611e+06 6.83187e+06 9.77247e+06 1.39908e+07 2.00984e+07 
426.037 96.5524 174.024 313.894 566.715 1023.78 1851.3 3317.34 -320068 7146.32 8417.97 9937.17 11776.6 14004.5 16709.2 20026.5 24154.8 29280.6 35682.4 43907.1 54449.4 68035.6 85891.5 109849 141880 185123 245748 330064 448216 617247 862081 1.21576e+06 1.73083e+06 2.49531e+06 3.61158e+06 5.23216e+06 7.53406e+06 1.07792e+07 1.54345e+07 2.21747e+07 
299.183 67.8049 122.212 220.445 398.008 719.031 1300.27 2354.65 4269.99 -369202 9131.18 10779.9 12776.4 15194.9 18131.7 21734.2 26218.6 31788 38745.9 47688 59154.4 73937.3 93375 119469 154375 201527 267676 359736 488827 673635 941495 1.32868e+06 1.89287e+06 2.73063e+06 3.95446e+06 5.73188e+06 8.257e+06 1.18165e+07 1.6923e+07 2.43166e+07 
208.399 47.2311 85.1319 153.564 277.264 500.915 905.876 1640.52 2975.12 5401.06 -426214 11600.3 13750.2 16354.9 19518.3 23399.8 28233 34237.2 41740.5 51387.9 63763.7 79726.3 100726 128934 166692 217730 289385 389183 529233 729887 1.02093e+06 1.44192e+06 2.0558e+06 2.96779e+06 4.30075e+06 6.23752e+06 8.98956e+06 1.28687e+07 1.84337e+07 2.64913e+07 
143.861 32.605 58.7706 106.015 191.42 345.841 625.463 1132.75 2054.4 3729.85 6785.72 -492595 14562.4 17454 20833 24980.2 30145.8 36565.1 44590 54912.8 68161.4 85258.5 107764 138016 178538 233351 310375 417741 568544 784799 1.09873e+06 1.55319e+06 2.2164e+06 3.20223e+06 4.64396e+06 6.73981e+06 9.71858e+06 1.39169e+07 1.994e+07 2.86609e+07 
98.5502 22.3363 40.2624 72.6313 131.148 236.957 428.567 776.213 1407.87 2556.27 4651.07 8420.77 -569912 18441.1 22015.1 26402.9 31870.5 38667.6 47168.5 58109.9 72160.6 90303.7 114204 146357 189461 247821 329916 444470 605540 836771 1.17279e+06 1.6597e+06 2.37093e+06 3.42889e+06 4.97722e+06 7.2294e+06 1.04312e+07 1.49434e+07 2.1417e+07 3.07904e+07 
66.9034 15.164 27.335 49.313 89.0467 160.898 291.024 527.135 956.179 1736.31 3159.54 5764.26 10532.1 -660630 23040.8 27639.5 33372.5 40502.9 49424.8 60915.8 75682.1 94762.9 119919 153795 199253 260865 347641 468875 639548 884879 1.24181e+06 1.75963e+06 2.51684e+06 3.64411e+06 5.29526e+06 7.6987e+06 1.11167e+07 1.59329e+07 2.28428e+07 3.28482e+07 
44.9787 10.195 18.3785 33.1568 59.8759 108.196 195.713 354.527 643.144 1168.01 2125.68 3878.66 7088.11 12989 -767657 28349.3 34626.3 42039.5 51320.7 63283.3 78667.1 98562 124816 160210 207758 272278 363280 490592 670077 928452 1.30488e+06 1.85169e+06 2.65233e+06 3.84534e+06 5.59447e+06 8.14257e+06 1.17677e+07 1.68749e+07 2.42026e+07 3.48131e+07 
29.9885 6.79755 12.2545 22.1096 39.9289 72.157 130.534 236.48 429.042 779.282 1418.44 2588.62 4731.57 8672.69 15779.2 -895375 35602.8 43243 52814.6 65162.1 81055 101627 128806 165492 214840 281897 376632 509382 696844 967167 1.36163e+06 1.93555e+06 2.77711e+06 4.03248e+06 5.8751e+06 8.56193e+06 1.23861e+07 1.77728e+07 2.5502e+07 3.66937e+07 
19.8921 4.5092 8.12956 14.6683 26.4921 47.8792 86.6234 156.948 284.785 517.345 941.835 1719.17 3143.12 5762.76 10606.4 19593.1 -1.04776e+06 44103.7 53895.9 66541.3 82834.6 103949 131881 169642 220517 289764 387790 525422 720174 1.0016e+06 1.41308e+06 2.01289e+06 2.89404e+06 4.21023e+06 6.14473e+06 8.96884e+06 1.29906e+07 1.86544e+07 2.67815e+07 3.85495e+07 
13.1173 2.97361 5.36142 9.6744 17.4742 31.5841 57.1486 103.557 187.935 341.466 621.771 1135.2 2076.03 3807.51 7010.27 12955.4 24009.9 -1.23256e+06 54711 67599.5 84226.1 105800 134382 173092 225338 296587 397683 539945 741720 1.03401e+06 1.46235e+06 2.08811e+06 3.00933e+06 4.38751e+06 6.41633e+06 9.38208e+06 1.36083e+07 1.95585e+07 2.8097e+07 4.04606e+07 
8.61851 1.95388 3.5231 6.35777 11.4846 20.7604 37.5689 68.0874 123.585 224.591 409.047 747.009 1366.54 2507.17 4617.98 8538.26 15832.6 29522.8 -1.4599e+06 68152 85494.8 107514 136735 176390 230020 303318 407593 554709 763925 1.06784e+06 1.51439e+06 2.16841e+06 3.13358e+06 4.58009e+06 6.71335e+06 9.83654e+06 1.42904e+07 2.05595e+07 2.95559e+07 4.25823e+07 
5.69836 1.29195 2.32976 4.20468 7.59613 13.7331 24.8559 45.0548 81.7951 148.682 270.868 494.816 905.528 1662.07 3062.88 5666.21 10514 19620.4 36657.3 -1.73888e+06 86805 109310 139238 179953 235154 310801 418771 571592 789647 1.10751e+06 1.57612e+06 2.26463e+06 3.28384e+06 4.81478e+06 7.07766e+06 1.0397e+07 1.51351e+07 2.18019e+07 3.13695e+07 4.52224e+07 
3.79347 0.860139 1.55122 2.79991 5.05893 9.14747 16.5591 30.0216 54.5154 99.1218 180.636 330.098 604.345 1109.81 2046.29 3788 7034.35 13138.5 24714.7 46652.8 -2.08851e+06 111869 142757 184897 242195 320963 433819 594159 823846 1.16006e+06 1.65769e+06 2.39163e+06 3.48208e+06 5.12445e+06 7.55856e+06 1.11372e+07 1.62512e+07 2.34442e+07 3.37673e+07 4.87128e+07 
2.55027 0.578306 1.04307 1.88293 3.40259 6.15354 11.1415 20.2041 36.6974 66.745 121.676 222.44 407.44 748.625 1381.2 2558.67 4755.6 8891.1 16743.7 31649.3 60267.4 -2.53304e+06 146519 192418 252736 335953 455707 626593 872500 1.2342e+06 1.77205e+06 2.56883e+06 3.75774e+06 5.55412e+06 8.22478e+06 1.21616e+07 1.77952e+07 2.57154e+07 3.70826e+07 5.3538e+07 
1.74326 0.395346 0.713158 1.28757 2.3271 4.20935 7.62311 13.8273 25.1223 45.7083 83.3595 152.462 279.414 513.717 948.48 1758.52 3271.72 6123.82 11547.2 21861.2 41704.2 79452 -3.10574e+06 203401 268017 357539 487042 672803 941573 1.33921e+06 1.93385e+06 2.81953e+06 4.14803e+06 6.16313e+06 9.17031e+06 1.36175e+07 1.9992e+07 2.89494e+07 4.18055e+07 6.04127e+07 
1.21796 0.27625 0.498394 0.899975 1.62688 2.94342 5.3319 9.67418 17.5827 32.0036 58.3931 106.855 195.957 360.544 666.233 1236.43 2303.08 4316.56 8151.79 15461.6 29559.2 57100 111310 -3.84041e+06 288770 386885 529728 735947 1.03634e+06 1.48404e+06 2.15837e+06 3.16969e+06 4.69685e+06 7.02496e+06 1.05159e+07 1.56996e+07 2.31459e+07 3.36032e+07 4.86121e+07 7.03282e+07 
0.862908 0.195745 0.353209 0.637923 1.15341 2.08731 3.78218 6.86461 12.481 22.728 41.4903 75.9686 139.414 256.72 474.824 882.16 1645.34 3088.39 5842.28 11104.2 21279.7 41218.8 80608.4 158705 -4.80832e+06 426401 587278 821271 1.16483e+06 1.68129e+06 2.46594e+06 3.65244e+06 5.45867e+06 8.22917e+06 1.24074e+07 1.8642e+07 2.76215e+07 4.02246e+07 5.83126e+07 8.4472e+07 
0.616549 0.139881 0.25245 0.456035 0.824727 1.49291 2.70598 4.91307 8.93648 16.2815 29.739 54.4868 100.069 184.437 341.48 635.184 1186.41 2230.64 4227.58 8053.68 15475.1 30066.6 59009.3 116680 233990 -6.10845e+06 659529 932805 1.33396e+06 1.94312e+06 2.87806e+06 4.30566e+06 6.49989e+06 9.89057e+06 1.50391e+07 2.27664e+07 3.39315e+07 4.95929e+07 7.20692e+07 1.04555e+08 
0.444354 0.10083 0.18201 0.328865 0.594898 1.07721 1.9532 3.54776 6.45613 11.7692 21.5111 39.4408 72.5011 133.765 247.955 461.854 864.102 1627.76 3091.7 5905.63 11383.2 22195.7 43746.2 86945.5 175388 358931 -7.80358e+06 1.0565e+06 1.52654e+06 2.24973e+06 3.37489e+06 5.11562e+06 7.8263e+06 1.20588e+07 1.85455e+07 2.83583e+07 4.25999e+07 6.25653e+07 9.12154e+07 1.32582e+08 
0.315778 0.0716675 0.129396 0.233856 0.423149 0.76647 1.39031 2.52643 4.59988 8.39051 15.3464 28.1601 51.8144 95.7046 177.63 331.357 621.073 1172.38 2232.04 4276.04 8270.38 16189.6 32057.4 64077.7 130109 269299 560447 -1.00801e+07 1.73251e+06 2.5885e+06 3.9427e+06 6.07208e+06 9.44275e+06 1.47776e+07 2.30511e+07 3.56935e+07 5.41476e+07 8.00103e+07 1.17118e+08 1.70615e+08 
0.216903 0.0492365 0.0889169 0.160741 0.290935 0.527171 0.956633 1.73918 3.16822 5.78281 10.5847 19.4388 35.8038 66.2107 123.055 229.915 431.768 816.844 1559.08 2996.18 5816.31 11433.9 22754.8 45765.9 93596.9 195328 410726 878729 -1.318e+07 2.88673e+06 4.52411e+06 7.09983e+06 1.12595e+07 1.79581e+07 2.85015e+07 4.4818e+07 6.88121e+07 1.02444e+08 1.50693e+08 2.20114e+08 
0.141128 0.032042 0.0578791 0.10466 0.18949 0.343481 0.623568 1.13421 2.06734 3.77602 6.91693 12.7142 23.4433 43.4075 80.7908 151.203 284.534 539.571 1032.64 1991.17 3880.68 7663.73 15335.4 31053.4 64013.2 134818 286815 622090 1.36783e+06 -1.74477e+07 4.94165e+06 7.9372e+06 1.29012e+07 2.10852e+07 3.42245e+07 5.4908e+07 8.56359e+07 1.28752e+08 1.90607e+08 2.79348e+08 
0.0846861 0.0192313 0.0347469 0.0628486 0.113825 0.206404 0.374878 0.682209 1.24419 2.27412 4.16906 7.6702 14.1585 26.2495 48.9279 91.7283 172.979 328.822 631.053 1221.06 2389.55 4741.5 9542.29 19461.5 40457.1 86046.6 185403 408304 923728 2.1294e+06 -2.32448e+07 8.14648e+06 1.36649e+07 2.30793e+07 3.86328e+07 6.37363e+07 1.01617e+08 1.54941e+08 2.31472e+08 3.40785e+08 
0.0454569 0.0103248 0.0186593 0.0337594 0.0611604 0.110947 0.201593 0.367044 0.669787 1.22508 2.24767 4.13896 7.64851 14.1983 26.5037 49.7733 94.0579 179.231 344.921 669.72 1316 2623.77 5310.75 10909.8 22874.2 49138.7 107277 240037 553362 1.30557e+06 3.10971e+06 -3.15407e+07 1.31995e+07 2.32096e+07 4.03854e+07 6.90622e+07 1.13326e+08 1.76054e+08 2.66225e+08 3.94308e+08 
0.0214516 0.00487336 0.00880936 0.0159427 0.0288915 0.0524292 0.0953062 0.17361 0.316984 0.580175 1.06529 1.96339 3.63212 6.75096 12.62 23.74 44.9545 85.8664 165.696 322.828 636.934 1275.88 2597.26 5374.04 11364.3 24659.5 54557.8 124089 291725 705436 1.73401e+06 4.38785e+06 -4.40314e+07 2.11918e+07 3.87343e+07 6.92796e+07 1.17929e+08 1.8768e+08 2.88309e+08 4.3033e+08 
0.00882824 0.00200595 0.00362687 0.00656533 0.0119011 0.0216042 0.0392877 0.0715986 0.130795 0.239545 0.440153 0.811889 1.50342 2.79761 5.23662 9.86608 18.718 35.8308 69.3155 135.472 268.28 539.739 1104.49 2300.5 4903.39 10739.5 24059.6 55580.6 133168 329982 838206 2.20825e+06 6.0653e+06 -6.20063e+07 3.16408e+07 6.04496e+07 1.09068e+08 1.80736e+08 2.85287e+08 4.31765e+08 
0.00311882 0.000708778 0.00128177 0.00232078 0.00420802 0.00764126 0.0139009 0.0253436 0.0463196 0.0848811 0.156069 0.288093 0.533965 0.994678 1.86412 3.51712 6.68431 12.8211 24.8597 48.7264 96.8233 195.566 402.108 842.61 1808.93 3995.63 9053.65 21213.4 51713.9 131054 343309 940163 2.71257e+06 7.7419e+06 -8.84776e+07 4.6011e+07 8.98447e+07 1.58077e+08 2.60381e+08 4.03536e+08 
0.000932617 0.000211977 0.000383413 0.000694355 0.00125929 0.00228737 0.00416252 0.00759179 0.0138812 0.0254507 0.0468232 0.086491 0.160438 0.299151 0.561249 1.06028 2.01822 3.87808 7.53489 14.8068 29.5117 59.8188 123.519 260.223 562.225 1251.22 2863.81 6794.95 16821.7 43493.8 117164 332581 1.00362e+06 3.05965e+06 9.51787e+06 -1.27651e+08 6.4611e+07 1.24817e+08 2.19116e+08 3.53198e+08 
0.000230287 5.23486e-05 9.46989e-05 0.000171526 0.000311139 0.000565276 0.00102894 0.00187718 0.00343348 0.00629773 0.0115917 0.0214233 0.039765 0.0742009 0.13933 0.263479 0.502136 0.966231 1.88036 3.70252 7.39717 15.0352 31.1496 65.9007 143.096 320.335 738.978 1770.66 4436.52 11652.2 32087.5 93745.1 293457 948276 3.1925e+06 1.10986e+07 -1.81998e+08 8.31901e+07 1.62438e+08 2.82088e+08 
4.57876e-05 1.04092e-05 1.8832e-05 3.41135e-05 6.18871e-05 0.000112452 0.000204724 0.000373562 0.000683413 0.00125384 0.00230853 0.00426792 0.00792512 0.0147951 0.0277962 0.0525967 0.100315 0.193199 0.376356 0.741991 1.48459 3.02268 6.2752 13.3104 28.9909 65.1346 150.99 363.995 918.874 2437.23 6806.5 20260.7 64973.1 218612 781447 2.98281e+06 1.15735e+07 -2.48717e+08 9.78552e+07 1.99292e+08 
7.15283e-06 1.62619e-06 2.94224e-06 5.33016e-06 9.67056e-06 1.75737e-05 3.19974e-05 5.83938e-05 0.000106845 0.000196063 0.000361059 0.000667674 0.00124017 0.002316 0.00435285 0.00824026 0.0157247 0.0303036 0.0590739 0.116567 0.233471 0.475921 0.989434 2.10241 4.58879 10.3349 24.0352 58.175 147.58 393.957 1110.25 3345.2 10897.8 37677.1 140541 571729 2.46743e+06 1.06844e+07 -3.29033e+08 1.19786e+08 
8.47644e-07 1.92719e-07 3.487e-07 6.3174e-07 1.14624e-06 2.08314e-06 3.79322e-06 6.92314e-06 1.26689e-05 2.32509e-05 4.28241e-05 7.92043e-05 0.000147148 0.000274865 0.00051674 0.000978537 0.00186804 0.00360151 0.00702424 0.0138689 0.027797 0.056708 0.118005 0.251028 0.548614 1.23744 2.88325 6.9944 17.791 47.651 134.903 408.91 1342.45 4706.1 17976.1 76059.4 353639 1.79586e+06 9.8861e+06 -4.18215e+08 
dt_FE: 2.3911e-09
dt_EA: 2.3911e-09
dt_PE: 2.3911e-09
tolC: 1e-06
dt_grow: 1.03
dt_max: 0.1
steps: 0
