t: 2.93737e-07
dt: 2.39039e-09
N: 0.222075 0.251136 0.283034 0.317807 0.355379 0.395468 0.437774 0.481855 0.527039 0.572406 0.617189 0.660414 0.700755 0.737384 0.769509 0.796311 0.817106 0.831939 0.840719 0.843071 0.839197 0.828851 0.811233 0.785006 0.748445 0.698938 0.633383 0.549731 0.448664 0.33655 0.226513 0.134078 0.0689035 0.0305178 0.0115674 0.00370908 0.000987896 0.000213127 3.60872e-05 4.61873e-06 
eC: 1 1.15749 1.33977 1.55077 1.795 2.07768 2.40489 2.78363 3.22201 3.72944 4.31677 4.99661 5.78351 6.69433 7.7486 8.9689 10.3814 12.0163 13.9087 16.0991 18.6345 21.5692 24.9661 28.8979 33.4489 38.7167 44.814 51.8717 60.0407 69.4963 80.4411 93.1095 107.773 124.746 144.391 167.131 193.452 223.918 259.182 300 
dV: 1.08333 0.211322 0.327712 0.508206 0.788112 1.22218 1.89532 2.93921 4.55805 7.06849 10.9616 16.999 26.3615 40.8807 63.3966 98.3136 152.462 236.434 366.655 568.597 881.764 1367.42 2120.55 3288.49 5099.69 7908.45 12264.2 19019 29494.1 45738.6 70930.1 109996 170579 264529 410225 636165 986546 1.52991e+06 2.37254e+06 3.67926e+06 
kVec: 1.02503e+06 1.18773e+06 1.36858e+06 1.57672e+06 1.81598e+06 2.09e+06 2.40353e+06 2.76181e+06 3.17023e+06 3.63308e+06 4.15776e+06 4.75106e+06 5.41486e+06 6.15647e+06 6.98205e+06 7.89382e+06 8.88311e+06 9.95756e+06 1.11164e+07 1.23183e+07 1.35641e+07 1.48418e+07 1.61203e+07 1.73205e+07 1.84851e+07 1.96564e+07 2.07031e+07 2.18731e+07 2.34624e+07 2.5924e+07 2.97478e+07 3.61947e+07 4.71412e+07 6.38799e+07 8.94955e+07 1.28162e+08 1.82258e+08 2.48877e+08 3.29167e+08 4.18343e+08 
cMat: 
-77581.7 746.912 877.663 1022.32 1191.77 1391.28 1626.32 1903.46 2231.55 2622.72 3088.58 3644.85 4317.93 5132.57 6120.88 7331.94 8837.44 10704.7 13034.1 16022 19845.8 24765.5 31218.5 39856.9 51380.3 66899.3 88594.2 118684 160730 220708 307350 432185 613531 882197 1.27374e+06 1.84127e+06 2.6468e+06 3.78277e+06 5.4122e+06 7.77126e+06 
3656.85 -93240.3 973.768 1134.28 1322.29 1543.66 1804.46 2111.99 2476.05 2910.14 3427.11 4044.44 4791.44 5695.58 6792.54 8136.8 9808.03 11881 14467.2 17784.9 22031.3 27495.1 34663 44259.9 57063.8 74310.4 98425 131877 178631 245337 341717 480607 682406 981409 1.41723e+06 2.04899e+06 2.94575e+06 4.21033e+06 6.02427e+06 8.65046e+06 
2628.61 595.683 -106521 1250.54 1457.83 1701.91 1989.48 2328.58 2730.02 3208.7 3778.79 4459.59 5283.42 6280.63 7490.58 8973.41 10817.1 13104.1 15957.7 19618.9 24305.6 30336.8 38250.2 48847.4 62988.6 82040.2 108685 145656 197339 271097 377689 531329 754603 1.08548e+06 1.56783e+06 2.26714e+06 3.25984e+06 4.65967e+06 6.66764e+06 9.57477e+06 
1858.8 421.235 759.175 -122077 1596.25 1863.53 2178.43 2549.78 2989.41 3513.65 4138.04 4883.7 5786.09 6878.46 8203.95 9828.52 11848.6 14354.8 17482.2 21495.2 26633.1 33246 41924.2 53548.1 69062.8 89969.6 119217 159810 216571 297598 414725 583591 829051 1.19287e+06 1.72333e+06 2.49252e+06 3.58449e+06 5.12426e+06 7.33298e+06 1.05308e+07 
1304.2 295.556 532.674 960.745 -140233 2006.85 2367.09 2770.65 3248.44 3818.2 4496.84 5307.33 6288.25 7475.76 8916.82 10683.2 12879.9 15605.5 19007.1 23372.7 28962.9 36159.4 45605.5 58260.9 75156.4 97930 129799 174042 235928 324296 452073 636344 904268 1.30146e+06 1.8807e+06 2.72076e+06 3.91344e+06 5.59517e+06 8.00754e+06 1.15002e+07 
907.712 205.707 370.744 668.693 1196.46 -161361 2549.29 2983.98 3498.64 4112.42 4843.52 5716.73 6773.64 8053.27 9606.25 11510 13878 16816.4 20484.2 25192.4 31222.5 38987 49181.3 62843 81087.5 105687 140123 187949 254869 350463 488734 688207 978328 1.40852e+06 2.03606e+06 2.94635e+06 4.23886e+06 6.06126e+06 8.67547e+06 1.24604e+07 
625.931 141.851 255.66 461.129 832.503 1503.86 -185924 3183.03 3732.14 4387.03 5167.17 6099 7227 8592.82 10250.6 12283.1 14811.6 17949.7 21867.4 26897.7 33341.9 41641.5 52541.6 67154.3 86675.3 113006 149881 201114 272834 375327 523639 737680 1.0491e+06 1.51102e+06 2.18502e+06 3.16294e+06 4.55162e+06 6.50955e+06 9.3182e+06 1.33847e+07 
427.143 96.8017 174.47 314.693 568.145 1026.34 1855.87 -214476 3899.22 4632.02 5455.97 6440.22 7631.8 9074.79 10826.4 12974.4 15646.9 18964.4 23107 28427.3 35244.9 44028 55566.8 71041.7 91722.6 119629 158730 213082 289204 398041 555606 783101 1.11424e+06 1.60555e+06 2.32268e+06 3.36346e+06 4.84159e+06 6.92553e+06 9.91498e+06 1.42433e+07 
288.318 65.3414 117.77 212.426 383.521 692.837 1252.86 2245 -247813 4836.24 5696.82 6724.93 7969.77 9477.45 11307.9 13552.8 16346.6 19815.5 24147.9 29713.9 36848.4 46042.8 58126.7 74339.8 96016.8 125281 166309 223369 303328 417719 583409 822760 1.17133e+06 1.68869e+06 2.44412e+06 3.54084e+06 5.09864e+06 7.29476e+06 1.04452e+07 1.50066e+07 
192.565 43.6417 78.6604 141.886 256.173 462.794 836.903 1515.54 2748.32 -286698 5877.16 6938.31 8223.36 9780.01 11670.2 13988.9 16875.3 20459.9 24938.2 30693.8 38073.9 47588.7 60099.5 76894.5 99361.5 129710 172286 231539 314627 433576 605980 855183 1.21832e+06 1.75753e+06 2.54524e+06 3.68925e+06 5.3145e+06 7.60555e+06 1.08923e+07 1.5651e+07 
127.099 28.8053 51.9203 93.6555 169.098 305.498 552.476 1000.52 1814.47 3294 -332350 7074.8 8385.97 9974.53 11903.9 14271.1 17218.8 20880.6 25456.8 31340.5 38888.3 48623.6 61431 78634.6 101663 132789 176490 237355 322769 445144 622645 879398 1.25379e+06 1.81e+06 2.62295e+06 3.80414e+06 5.48256e+06 7.84835e+06 1.12424e+07 1.61566e+07 
82.9104 18.791 33.8709 61.0991 110.32 199.316 360.469 652.833 1184 2149.6 3910.77 -386274 8392.65 10059.1 12006.6 14396.6 17373.7 21073.3 25698.2 31647.5 39283 49136.5 62107 79541.8 102895 134486 178876 240754 327665 452298 633224 895141 1.27736e+06 1.84552e+06 2.67642e+06 3.88431e+06 5.60104e+06 8.02061e+06 1.14919e+07 1.6518e+07 
53.6441 12.1583 21.9161 39.5356 71.388 128.983 233.283 422.518 766.348 1391.46 2531.73 4583.7 -450102 10038.1 11983.5 14371.9 17348.1 21048 25675.3 31631.1 39279.3 49155.2 62164.8 79666.7 103130 134897 179584 241940 329615 455482 638386 903428 1.29057e+06 1.86646e+06 2.70926e+06 3.9352e+06 5.67806e+06 8.13418e+06 1.1658e+07 1.67602e+07 
34.4671 7.81215 14.0824 25.4049 45.8748 82.891 149.929 271.568 492.601 894.507 1627.72 2969.61 5425.92 -526379 11870.1 14239.3 17192.8 20866.1 25462.5 31382.4 38989.7 48819.7 61779.5 79231.6 102651 134391 179097 241553 329480 455869 639752 906520 1.29662e+06 1.87736e+06 2.728e+06 3.96619e+06 5.72707e+06 8.20824e+06 1.17681e+07 1.69226e+07 
22.06 5.00019 9.01384 16.2619 29.3664 53.0654 95.9887 173.88 315.434 572.856 1042.55 1902.31 3476.4 6370.55 -618278 13904.1 16982.7 20618.5 25170.5 31037.6 38582.7 48340.3 61216.8 78575.8 101896 133540 178173 240613 328643 455364 639984 908173 1.30085e+06 1.88597e+06 2.74384e+06 3.99357e+06 5.77152e+06 8.27637e+06 1.18703e+07 1.70743e+07 
14.1607 3.20983 5.78663 10.4402 18.8546 34.0728 61.6387 111.667 202.596 367.98 669.795 1222.36 2234.27 4095.28 7451.02 -730069 16811.8 20419.5 24939.3 30769.8 38274.5 47988.8 60822.5 78146 101449 133113 177847 240532 329053 456700 642969 913973 1.31136e+06 1.90416e+06 2.77424e+06 4.04298e+06 5.84878e+06 8.39241e+06 1.20421e+07 1.73269e+07 
9.20406 2.0864 3.76154 6.787 12.2579 22.1536 40.0805 72.6194 131.77 239.375 435.786 795.456 1454.32 2666.42 4907.57 9065.68 -866279 20406.7 24937.5 30788.5 38327.4 48097.1 61021 78493.3 102033 134073 179430 243112 333223 463439 653831 931362 1.33907e+06 1.94806e+06 2.84316e+06 4.14987e+06 6.01074e+06 8.63137e+06 1.23918e+07 1.78368e+07 
6.08394 1.37919 2.48668 4.48709 8.10471 14.649 26.5062 48.031 87.1664 158.376 288.384 526.518 962.887 1765.97 3251.44 6008.84 11136 -1.03489e+06 25375.6 31353.4 39065 49071.2 62328 80282.1 104514 137560 184450 250433 344018 479583 678253 968487 1.39576e+06 2.03497e+06 2.97596e+06 4.35151e+06 6.31168e+06 9.07146e+06 1.30317e+07 1.87661e+07 
4.11573 0.933067 1.68244 3.03612 5.48442 9.91403 17.9409 32.5148 59.0174 107.252 195.338 356.73 652.583 1197.29 2205.29 4077.4 7560.78 14098.5 -1.24627e+06 32545.6 40827.6 51342.5 65297.2 84234.4 109845 144848 194644 264898 364809 509940 723190 1.03551e+06 1.49643e+06 2.1872e+06 3.20593e+06 4.69739e+06 6.82433e+06 9.81808e+06 1.41143e+07 2.0335e+07 
2.87846 0.652616 1.17685 2.12395 3.8371 6.93713 12.5557 22.7589 41.3179 75.105 136.826 249.951 457.417 839.578 1547.18 2862.22 5311.05 9911.03 18517 -1.51011e+06 43848.6 55216.5 70334.7 90901.4 118785 156998 211538 288733 398881 559446 796160 1.14395e+06 1.65879e+06 2.43213e+06 3.5752e+06 5.25192e+06 7.64532e+06 1.1013e+07 1.58459e+07 2.28436e+07 
2.07346 0.470141 0.847879 1.5304 2.76515 4.99989 9.05097 16.4094 29.7974 54.1787 98.7331 180.427 330.327 606.605 1118.48 2070.47 3844.88 7181.31 13508.7 25499.8 -1.84569e+06 61146.2 78029.2 101062 132380 175434 237120 324760 450304 634073 906074 1.30724e+06 1.90326e+06 2.80096e+06 4.13141e+06 6.08743e+06 8.88271e+06 1.28143e+07 1.84567e+07 2.66258e+07 
1.53184 0.347363 0.626524 1.131 2.04379 3.69617 6.69224 12.1357 22.0425 40.0908 73.0854 133.61 244.731 449.667 829.627 1536.88 2856.48 5340.5 10057.2 19010.4 36200 -2.27829e+06 88007.8 115577 151807 201792 273724 376367 524073 741330 1.06439e+06 1.54298e+06 2.25711e+06 3.33612e+06 4.94027e+06 7.30494e+06 1.06888e+07 1.54461e+07 2.22739e+07 3.21579e+07 
1.15738 0.262479 0.473481 0.854846 1.54501 2.79468 5.06114 9.18021 16.6792 30.3467 55.3441 101.222 185.509 341.068 629.716 1167.52 2172.16 4065.73 7666.45 14514.1 27688.3 52749.8 -2.84093e+06 135042 177942 237378 323358 446688 625130 889129 1.28392e+06 1.87194e+06 2.75396e+06 4.09183e+06 6.08836e+06 9.04091e+06 1.32731e+07 1.92201e+07 2.77555e+07 4.01092e+07 
0.89026 0.201923 0.364298 0.657831 1.18916 2.15148 3.89732 7.07129 12.852 23.3929 42.6821 78.1052 143.233 263.537 486.979 903.762 1683.42 3155.17 5958.5 11301.6 21606.1 41736.9 81361.1 -3.56889e+06 211075 282791 387202 537937 757509 1.08475e+06 1.57765e+06 2.31687e+06 3.43314e+06 5.13486e+06 7.68656e+06 1.14755e+07 1.69183e+07 2.45621e+07 3.55327e+07 5.1406e+07 
0.688525 0.156188 0.28183 0.509007 0.920319 1.66549 3.01785 5.47736 9.95875 18.1349 33.1056 60.6163 111.24 204.84 378.868 703.887 1312.84 2464.27 4661.63 8860.15 16979.3 32889 64318.4 126633 -4.53458e+06 340231 468596 655302 929429 1.34152e+06 1.96761e+06 2.91433e+06 4.35554e+06 6.56616e+06 9.90003e+06 1.48746e+07 2.20396e+07 3.20957e+07 4.65284e+07 6.74013e+07 
0.530632 0.120388 0.217271 0.392486 0.709801 1.28487 2.3289 4.22843 7.69117 14.0126 25.5948 46.8941 86.1247 158.735 293.895 546.67 1021.08 1919.8 3638.46 6931.39 13318.6 25876.8 50786.3 100421 201383 -5.83688e+06 567623 802818 1.14807e+06 1.67234e+06 2.477e+06 3.70567e+06 5.59413e+06 8.51231e+06 1.29434e+07 1.95938e+07 2.92031e+07 4.26821e+07 6.20263e+07 8.99855e+07 
0.405894 0.0921033 0.166257 0.300402 0.543408 0.983974 1.78415 3.24069 5.89734 10.7506 19.6492 36.0272 66.226 122.187 226.494 421.88 789.313 1486.88 2824.11 5394.49 10398 20274.7 39959.9 79420.2 160208 327865 -7.53843e+06 965056 1.39441e+06 2.05501e+06 3.08279e+06 4.67286e+06 7.14892e+06 1.10151e+07 1.69404e+07 2.59038e+07 3.89128e+07 5.71502e+07 8.33206e+07 1.21107e+08 
0.30181 0.0684972 0.123672 0.223512 0.404431 0.732565 1.32881 2.41468 4.3964 8.01935 14.6675 26.9144 49.5223 91.4711 169.773 316.7 593.6 1120.52 2133.31 4086.89 7904.53 15473.4 30639.3 61243.2 124354 257386 535656 -9.82358e+06 1.65587e+06 2.474e+06 3.7683e+06 5.80348e+06 9.02504e+06 1.41239e+07 2.20314e+07 3.41146e+07 5.17523e+07 7.6471e+07 1.11937e+08 1.63068e+08 
0.213866 0.0485472 0.0876721 0.15849 0.286862 0.519791 0.943241 1.71483 3.12387 5.70185 10.4365 19.1667 35.3026 65.2837 121.333 226.696 425.724 805.408 1537.25 2954.23 5734.88 11273.8 22436.2 45125.2 92286.6 192594 404976 866427 -1.29323e+07 2.84632e+06 4.46077e+06 7.00044e+06 1.11019e+07 1.77067e+07 2.81025e+07 4.41905e+07 6.78487e+07 1.0101e+08 1.48583e+08 2.17032e+08 
0.141538 0.0321353 0.0580475 0.104965 0.190041 0.34448 0.625383 1.13751 2.07336 3.78701 6.93706 12.7512 23.5116 43.5339 81.0259 151.643 285.362 541.141 1035.64 1996.97 3891.97 7686.04 15380 31143.8 64199.5 135211 287649 623901 1.37181e+06 -1.72092e+07 4.95603e+06 7.9603e+06 1.29387e+07 2.11465e+07 3.43241e+07 5.50678e+07 8.58852e+07 1.29127e+08 1.91162e+08 2.80161e+08 
0.085385 0.01939 0.0350336 0.0633673 0.114764 0.208107 0.377972 0.687839 1.25446 2.29288 4.20346 7.7335 14.2753 26.4662 49.3316 92.4853 174.406 331.536 636.261 1231.13 2409.27 4780.63 9621.04 19622.1 40791 86756.7 186933 411674 931351 2.14697e+06 -2.30227e+07 8.21371e+06 1.37777e+07 2.32697e+07 3.89516e+07 6.42623e+07 1.02456e+08 1.56219e+08 2.33382e+08 3.43598e+08 
0.0457918 0.0104009 0.0187968 0.0340081 0.0616111 0.111764 0.203079 0.369749 0.674722 1.2341 2.26423 4.16946 7.70487 14.3029 26.6989 50.1401 94.7509 180.552 347.462 674.655 1325.7 2643.1 5349.89 10990.2 23042.7 49500.8 108067 241805 557439 1.31519e+06 3.13263e+06 -3.1352e+07 1.32968e+07 2.33807e+07 4.0683e+07 6.95711e+07 1.14161e+08 1.77351e+08 2.68186e+08 3.97213e+08 
0.0215364 0.00489262 0.00884417 0.0160057 0.0290056 0.0526364 0.0956828 0.174296 0.318236 0.582468 1.0695 1.97115 3.64648 6.77765 12.6698 23.8338 45.1321 86.2058 166.351 324.104 639.452 1280.93 2607.53 5395.28 11409.2 24756.9 54773.4 124579 292878 708224 1.74086e+06 4.40519e+06 -4.38989e+07 2.12755e+07 3.88874e+07 6.95534e+07 1.18395e+08 1.88422e+08 2.89449e+08 4.3203e+08 
0.00884374 0.00200948 0.00363324 0.00657686 0.011922 0.0216421 0.0393567 0.0717243 0.131025 0.239965 0.440926 0.813315 1.50606 2.80252 5.24582 9.88341 18.7508 35.8937 69.4372 135.71 268.751 540.687 1106.43 2304.54 4912 10758.4 24101.8 55678.2 133402 330562 839678 2.21212e+06 6.07596e+06 -6.19332e+07 3.16964e+07 6.05558e+07 1.09259e+08 1.81053e+08 2.85788e+08 4.32524e+08 
0.0031209 0.00070925 0.00128262 0.00232233 0.00421082 0.00764635 0.0139101 0.0253605 0.0463504 0.0849376 0.156173 0.288285 0.534321 0.99534 1.86536 3.51946 6.68876 12.8296 24.8762 48.7589 96.8878 195.696 402.376 843.171 1810.13 3998.3 9059.68 21227.5 51748.4 131141 343537 940789 2.71437e+06 7.74705e+06 -8.84613e+07 4.60416e+07 8.99046e+07 1.58183e+08 2.60554e+08 4.03805e+08 
0.000932816 0.000212022 0.000383495 0.000694504 0.00125956 0.00228786 0.00416341 0.00759342 0.0138842 0.0254561 0.0468332 0.0865094 0.160472 0.299215 0.561369 1.06051 2.01865 3.8789 7.5365 14.8099 29.518 59.8316 123.545 260.278 562.345 1251.49 2864.42 6796.4 16825.3 43503.1 117189 332652 1.00383e+06 3.0603e+06 9.5199e+06 -1.27687e+08 6.46248e+07 1.24844e+08 2.19162e+08 3.53273e+08 
0.0002303 5.23516e-05 9.47043e-05 0.000171536 0.000311157 0.000565308 0.001029 0.00187729 0.00343368 0.00629809 0.0115924 0.0214245 0.0397672 0.0742051 0.139338 0.263494 0.502165 0.966286 1.88046 3.70274 7.39759 15.0361 31.1514 65.9045 143.104 320.353 739.02 1770.76 4436.78 11652.9 32089.3 93750.4 293473 948330 3.19268e+06 1.10992e+07 -1.82078e+08 8.31949e+07 1.62447e+08 2.82104e+08 
4.57882e-05 1.04093e-05 1.88322e-05 3.41139e-05 6.18879e-05 0.000112453 0.000204726 0.000373566 0.000683422 0.00125386 0.00230855 0.00426797 0.00792522 0.0147953 0.0277966 0.0525974 0.100316 0.193201 0.376361 0.742 1.48461 3.02272 6.27528 13.3105 28.9913 65.1354 150.992 363.999 918.885 2437.26 6806.58 20260.9 64973.9 218615 781456 2.98285e+06 1.15736e+07 -2.48824e+08 9.78564e+07 1.99294e+08 
7.15284e-06 1.62619e-06 2.94225e-06 5.33017e-06 9.67058e-06 1.75737e-05 3.19974e-05 5.83939e-05 0.000106845 0.000196063 0.00036106 0.000667675 0.00124017 0.00231601 0.00435286 0.00824028 0.0157248 0.0303036 0.059074 0.116568 0.233471 0.475922 0.989436 2.10242 4.5888 10.335 24.0353 58.1751 147.581 393.958 1110.25 3345.21 10897.8 37677.1 140542 571730 2.46744e+06 1.06844e+07 -3.29155e+08 1.19786e+08 
8.47644e-07 1.92719e-07 3.487e-07 6.3174e-07 1.14624e-06 2.08314e-06 3.79322e-06 6.92314e-06 1.26689e-05 2.32509e-05 4.28241e-05 7.92043e-05 0.000147148 0.000274865 0.00051674 0.000978537 0.00186804 0.00360151 0.00702424 0.0138689 0.027797 0.056708 0.118005 0.251028 0.548614 1.23744 2.88325 6.9944 17.791 47.651 134.904 408.91 1342.45 4706.1 17976.1 76059.5 353639 1.79586e+06 9.88611e+06 -4.18341e+08 
dt_FE: 2.39039e-09
dt_EA: 2.39039e-09
dt_PE: 2.39039e-09
tolC: 1e-06
dt_grow: 1.03
dt_max: 0.1
steps: 0
