t
0.0000000038726778800751431
dt
0.0000000003520625345522861
DN
-0.0000000000000004355961589
TC
134.0000
N
2.05603049e-03
6.10953389e-03
1.01440953e-02
1.41363124e-02
1.80600543e-02
2.18863525e-02
2.55833208e-02
2.91161236e-02
3.24470109e-02
3.55354458e-02
3.83383568e-02
4.08105545e-02
4.29053667e-02
4.45755540e-02
4.57745820e-02
4.64583369e-02
4.65873721e-02
4.61297879e-02
4.50663138e-02
4.34618778e-02
4.31427953e-02
6.76897119e-02
2.35164811e-01
5.80772760e-01
5.35785613e-01
1.49596351e-01
2.06179764e-02
9.19434871e-03
6.07815161e-03
3.90555643e-03
2.41281679e-03
1.42932687e-03
8.10453633e-04
4.39472988e-04
2.27859979e-04
1.12981635e-04
5.35779456e-05
2.42902835e-05
1.05163677e-05
4.33977201e-06
eC
1.00638940e+00
3.07804198e+00
5.27088624e+00
7.59201189e+00
1.00489234e+01
1.26495642e+01
1.54023425e+01
1.83161584e+01
2.14004324e+01
2.46651365e+01
2.81208258e+01
3.17786729e+01
3.56505041e+01
3.97488374e+01
4.40869232e+01
4.86787870e+01
5.35392748e+01
5.86841012e+01
6.41298999e+01
6.98942779e+01
7.59958720e+01
8.24544093e+01
8.92907710e+01
9.65270599e+01
1.04186672e+02
1.12294371e+02
1.20876370e+02
1.29960417e+02
1.39575880e+02
1.49753848e+02
1.60527227e+02
1.71930848e+02
1.84001582e+02
1.96778453e+02
2.10302771e+02
2.24618262e+02
2.39771209e+02
2.55810604e+02
2.72788303e+02
2.90759198e+02
