t
0.0000000000169189273932684
dt
0.0000000000015389933993880
DN
0.0000000000000002177980794
TC
77.0000
N
8.87611649e-06
2.64568046e-05
4.40686740e-05
6.16157447e-05
7.89888505e-05
9.60648029e-05
1.12705667e-04
1.28758228e-04
1.44053745e-04
1.58408105e-04
1.71622550e-04
1.83485170e-04
1.93773410e-04
2.02257929e-04
2.08708149e-04
2.12899944e-04
2.14626186e-04
2.13737320e-04
2.11952189e-04
2.90290099e-04
2.55125890e-03
3.46798934e-02
2.38207492e-01
6.64382414e-01
6.28965386e-01
1.65354803e-01
9.65453875e-03
1.39405646e-04
3.00755053e-05
1.93687760e-05
1.20468651e-05
7.18306459e-06
4.09500677e-06
2.22837810e-06
1.15665152e-06
5.72635875e-07
2.70468476e-07
1.21881126e-07
5.23735342e-08
2.14332785e-08
eC
1.00638940e+00
3.07804198e+00
5.27088624e+00
7.59201189e+00
1.00489234e+01
1.26495642e+01
1.54023425e+01
1.83161584e+01
2.14004324e+01
2.46651365e+01
2.81208258e+01
3.17786729e+01
3.56505041e+01
3.97488374e+01
4.40869232e+01
4.86787870e+01
5.35392748e+01
5.86841012e+01
6.41298999e+01
6.98942779e+01
7.59958720e+01
8.24544093e+01
8.92907710e+01
9.65270599e+01
1.04186672e+02
1.12294371e+02
1.20876370e+02
1.29960417e+02
1.39575880e+02
1.49753848e+02
1.60527227e+02
1.71930848e+02
1.84001582e+02
1.96778453e+02
2.10302771e+02
2.24618262e+02
2.39771209e+02
2.55810604e+02
2.72788303e+02
2.90759198e+02
