t
0.0000000413536633120779564
dt
0.0000000033380235126844051
DN
0.0000000000000000000000000
TC
159.0000
N
2.40497897e-02
6.93855869e-02
1.11796370e-01
1.51112914e-01
1.87176956e-01
2.19840768e-01
2.48965874e-01
2.74421347e-01
2.96081944e-01
3.13826414e-01
3.27536447e-01
3.37096923e-01
3.42398298e-01
3.43342201e-01
3.39851505e-01
3.31886244e-01
3.19466606e-01
3.02703682e-01
2.81837772e-01
2.57298873e-01
2.30152656e-01
2.06225959e-01
2.06168865e-01
2.22067549e-01
1.67351048e-01
8.75594351e-02
5.27625291e-02
3.48514345e-02
2.23919434e-02
1.38815359e-02
8.30737538e-03
4.80054212e-03
2.67797562e-03
1.44096255e-03
7.46888079e-04
3.72287401e-04
1.78097346e-04
8.15876489e-05
3.57041822e-05
1.48866915e-05
eC
1.00638940e+00
3.07804198e+00
5.27088624e+00
7.59201189e+00
1.00489234e+01
1.26495642e+01
1.54023425e+01
1.83161584e+01
2.14004324e+01
2.46651365e+01
2.81208258e+01
3.17786729e+01
3.56505041e+01
3.97488374e+01
4.40869232e+01
4.86787870e+01
5.35392748e+01
5.86841012e+01
6.41298999e+01
6.98942779e+01
7.59958720e+01
8.24544093e+01
8.92907710e+01
9.65270599e+01
1.04186672e+02
1.12294371e+02
1.20876370e+02
1.29960417e+02
1.39575880e+02
1.49753848e+02
1.60527227e+02
1.71930848e+02
1.84001582e+02
1.96778453e+02
2.10302771e+02
2.24618262e+02
2.39771209e+02
2.55810604e+02
2.72788303e+02
2.90759198e+02
