t: 3.29385e-08
dt: 2.81518e-10
N: 0.0216888 0.024997 0.0287878 0.0331294 0.038095 0.0437536 0.0501925 0.0575061 0.065783 0.0750957 0.0855588 0.0972689 0.11023 0.124523 0.140201 0.1572 0.175308 0.194508 0.21461 0.234788 0.254775 0.274069 0.291537 0.30555 0.31561 0.320552 0.316577 0.30348 0.280401 0.245521 0.202409 0.232604 0.138334 0.0419735 0.0165999 0.00544079 0.00145978 0.000315451 5.3432e-05 6.83877e-06 
eC: 1 1.15749 1.33977 1.55077 1.795 2.07768 2.40489 2.78363 3.22201 3.72944 4.31677 4.99661 5.78351 6.69433 7.7486 8.9689 10.3814 12.0163 13.9087 16.0991 18.6345 21.5692 24.9661 28.8979 33.4489 38.7167 44.814 51.8717 60.0407 69.4963 80.4411 93.1095 107.773 124.746 144.391 167.131 193.452 223.918 259.182 300 
dV: 1.08333 0.211322 0.327712 0.508206 0.788112 1.22218 1.89532 2.93921 4.55805 7.06849 10.9616 16.999 26.3615 40.8807 63.3966 98.3136 152.462 236.434 366.655 568.597 881.764 1367.42 2120.55 3288.49 5099.69 7908.45 12264.2 19019 29494.1 45738.6 70930.1 109996 170579 264529 410225 636165 986546 1.52991e+06 2.37254e+06 3.67926e+06 
kVec: 898483 1.04272e+06 1.20271e+06 1.38736e+06 1.60026e+06 1.845e+06 2.1262e+06 2.44908e+06 2.8192e+06 3.24156e+06 3.724e+06 4.27436e+06 4.89707e+06 5.60165e+06 6.39743e+06 7.29179e+06 8.28384e+06 9.38761e+06 1.06119e+07 1.19313e+07 1.33583e+07 1.48944e+07 1.6524e+07 1.81829e+07 1.99121e+07 2.17469e+07 2.35181e+07 2.541e+07 2.76234e+07 3.04574e+07 3.42376e+07 4.01204e+07 5.01002e+07 6.57835e+07 9.04847e+07 1.28398e+08 1.81927e+08 2.4821e+08 3.2832e+08 4.17439e+08 
cMat: 
-165815 939.309 1103.74 1285.66 1498.76 1749.65 2045.24 2393.77 2806.37 3298.31 3884.16 4583.72 5430.18 6454.67 7697.56 9220.57 11113.9 13462.1 16391.5 20149.1 24957.9 31144.8 39260 50123.6 64615.3 84131.9 111415 149256 202133 277560 386520 543512 771571 1.10944e+06 1.60185e+06 2.31556e+06 3.32859e+06 4.75717e+06 6.80633e+06 9.77306e+06 
4761.13 -196541 1267.82 1476.8 1721.59 2009.81 2349.37 2749.76 3223.76 3788.93 4462.02 5265.76 6238.33 7415.51 8843.72 10593.9 12769.8 15468.8 18835.9 23155.5 28684.2 35798 45130.4 57625.3 74295.7 96750.3 128147 171701 232573 319423 444907 625739 888476 1.27777e+06 1.8452e+06 2.66773e+06 3.8353e+06 5.48175e+06 7.84345e+06 1.12627e+07 
3560.75 806.921 -226069 1694 1974.8 2305.44 2694.98 3154.32 3698.13 4346.55 5118.81 6041.02 7157 8507.84 10146.8 12155.5 14653 17751 21616.6 26576.1 32924.7 41094.7 51814.3 66169.4 85325.3 111133 147227 197308 267319 367232 511623 719745 1.0222e+06 1.4704e+06 2.1238e+06 3.0711e+06 4.41583e+06 6.31206e+06 9.03209e+06 1.29701e+07 
2634.47 597.016 1075.98 -260556 2262.36 2641.17 3087.49 3613.8 4236.89 4979.89 5864.83 6921.66 8200.61 9748.82 11627.4 13929.9 16793.1 20345.1 24777.5 30465.2 37747 47119.5 59419.2 75893.6 97882.5 127514 168966 226498 306946 421785 587788 827122 1.17501e+06 1.69065e+06 2.44248e+06 3.53264e+06 5.08029e+06 7.2626e+06 1.0393e+07 1.49252e+07 
1946.13 441.029 794.856 1433.62 -300745 2994.62 3532.18 4134.37 4847.33 5697.52 6710.19 7919.6 9383.33 11155.3 13305.7 15941.5 19219.4 23286.6 28362.4 34876.8 43218.5 53957.1 68052.6 86936.9 112149 146131 193686 259706 352052 483915 674583 949553 1.34935e+06 1.94204e+06 2.80639e+06 4.05993e+06 5.83965e+06 8.34912e+06 1.19489e+07 1.71606e+07 
1435.81 325.386 586.441 1057.74 1892.55 -347427 4032.46 4720.04 5534.14 6505 7661.46 9042.69 10714.5 12738.6 15195.1 18206.5 21952.1 26600.1 32401.8 39849.3 49387.7 61669.5 77794.7 99404.8 128264 167175 221647 297297 403151 554360 773077 1.0886e+06 1.54751e+06 2.228e+06 3.22063e+06 4.66052e+06 6.705e+06 9.58768e+06 1.37228e+07 1.97098e+07 
1057.43 239.638 431.905 779.016 1406.4 2540.57 -401605 5377.3 6304.96 7411.31 8729.25 10303.5 12209.1 14516.4 17317 20750.7 25022.2 30323.7 36942.2 45440.2 56326.7 70347.9 88762.2 113448 146426 190908 253204 339756 460917 634066 884619 1.24621e+06 1.77232e+06 2.55267e+06 3.6913e+06 5.34337e+06 7.68936e+06 1.0997e+07 1.57419e+07 2.26116e+07 
776.963 176.08 317.358 572.42 1033.44 1866.88 3375.79 -464418 7092.6 8425.53 9924.29 11714.6 13882.1 16506.9 19693.1 23600.1 28461.4 34495.9 42031.1 51708.7 64109.7 80085.9 101075 129223 166841 217602 288726 387592 526055 724029 1.01063e+06 1.42444e+06 2.02678e+06 2.92047e+06 4.22491e+06 6.11806e+06 8.80675e+06 1.25974e+07 1.80351e+07 2.59082e+07 
569.501 129.066 232.625 419.596 757.551 1368.53 2474.71 4434.43 -537377 9552.78 11252.7 13283.4 15742.3 18720.4 22335.9 26770.2 32288.7 39140.6 47698.2 58692.4 72784.8 90946 114815 146840 189657 247462 328501 441210 599150 825100 1.15238e+06 1.62516e+06 2.31367e+06 3.33558e+06 4.82775e+06 6.99405e+06 1.00711e+07 1.4409e+07 2.06319e+07 2.96419e+07 
416.526 94.3987 170.146 306.906 554.112 1001.04 1810.26 3278.17 5944.72 -621749 12712.5 15007.8 17787.5 21154.6 25243.1 30258.6 36501.9 44255.7 53942.4 66391.8 82355.5 102936 129998 166326 214923 280568 372661 500828 680551 937842 1.31076e+06 1.8498e+06 2.63527e+06 3.80162e+06 5.50545e+06 7.97999e+06 1.14955e+07 1.64511e+07 2.35604e+07 3.38538e+07 
303.607 68.8089 124.025 223.72 403.934 729.761 1319.73 2390 4334.32 7868.57 -719658 16900 20032 23826.7 28435.4 34090.2 41131.4 49878.7 60810 74864.8 92894.6 116150 146744 187839 242847 317201 421592 566983 771016 1.06334e+06 1.48735e+06 2.10067e+06 2.995e+06 4.32364e+06 6.26558e+06 9.08717e+06 1.30965e+07 1.87478e+07 2.68552e+07 3.85941e+07 
220.403 49.9527 90.0398 162.421 293.267 529.847 958.243 1735.44 3147.46 5714.34 10396.1 -833418 22310.4 26740.4 31917.3 38271 46185 56019.7 68314.3 84129.4 104427 130621 165101 211448 273530 357506 475511 640003 871042 1.20236e+06 1.68332e+06 2.37958e+06 3.39564e+06 4.90599e+06 7.11481e+06 1.03258e+07 1.48894e+07 2.13214e+07 3.05491e+07 4.39102e+07 
159.504 36.1514 65.165 117.554 212.264 383.517 693.639 1256.31 2278.65 4137.34 7527.8 13629.1 -965189 29847 35631.6 42733.3 51582.6 62583.8 76342.6 94051.3 116792 146157 184840 236880 306645 401100 533972 719379 980072 1.35432e+06 1.89816e+06 2.68624e+06 3.83737e+06 5.54969e+06 8.05568e+06 1.17008e+07 1.68831e+07 2.4186e+07 3.46636e+07 4.98346e+07 
114.902 26.0431 46.946 84.6916 152.932 276.331 499.813 905.317 1642.17 2981.99 5426.29 9899.72 18088.2 -1.11843e+06 39571 47469 57315 69560.9 84883.7 104619 129979 162749 205953 264132 342204 448017 597050 805260 1.09838e+06 1.51972e+06 2.13272e+06 3.02204e+06 4.3225e+06 6.25851e+06 9.09425e+06 1.3222e+07 1.90922e+07 2.73636e+07 3.92309e+07 5.64144e+07 
82.2906 18.6522 33.6243 60.6618 109.546 197.95 358.067 648.624 1176.66 2136.92 3889.03 7096.18 12968 23764 -1.29685e+06 51866.3 63350.4 76913.3 93893.6 115780 143925 180324 228357 293111 380103 498145 664637 897560 1.22594e+06 1.69864e+06 2.38733e+06 3.38776e+06 4.85255e+06 7.03523e+06 1.02353e+07 1.48972e+07 2.15295e+07 3.08733e+07 4.42798e+07 6.36922e+07 
58.5924 13.2813 23.9432 43.1984 78.0142 140.982 255.041 462.041 838.275 1522.58 2771.4 5057.72 9244.69 16944.9 30829.9 -1.50609e+06 69561.8 84489.5 103191 127316 158368 198562 251664 323343 419761 550778 735875 995245 1.36151e+06 1.88968e+06 2.6604e+06 3.78173e+06 5.426e+06 7.87879e+06 1.14789e+07 1.67286e+07 2.42004e+07 3.47251e+07 4.98265e+07 7.16933e+07 
41.5023 9.40785 16.9613 30.6035 55.2724 99.8936 180.728 327.45 594.167 1079.37 1965.02 3586.82 6557.71 12023.2 22128.9 40878.4 -1.74972e+06 92016.6 112447 138830 172823 216876 275152 353937 460080 604553 809073 1.09622e+06 1.50255e+06 2.08971e+06 2.94821e+06 4.19964e+06 6.03803e+06 8.78408e+06 1.28202e+07 1.87123e+07 2.71032e+07 3.892e+07 5.58761e+07 8.04285e+07 
29.1594 6.61028 11.9183 21.506 38.8447 70.2108 127.04 230.206 417.776 759.073 1382.18 2523.53 4614.98 8464.03 15583.7 28799.5 53373.5 -2.03668e+06 121621 150272 187233 235191 298729 384781 500921 659308 884041 1.20029e+06 1.64883e+06 2.29857e+06 3.25077e+06 4.64182e+06 6.68967e+06 9.75334e+06 1.42634e+07 2.08562e+07 3.0251e+07 4.34782e+07 6.2459e+07 8.99431e+07 
20.294 4.6008 8.29583 14.9706 27.0428 48.8845 88.4634 160.325 291.005 528.843 963.18 1758.98 3217.78 5903.62 10873.9 20105 37281 69517.2 -2.37751e+06 160477 201314 253162 321970 415346 541628 714221 959757 1.30617e+06 1.79881e+06 2.51443e+06 3.56593e+06 5.10595e+06 7.37863e+06 1.07847e+07 1.58079e+07 2.31621e+07 3.36496e+07 4.84114e+07 6.95951e+07 1.00268e+08 
14.0358 3.18226 5.73851 10.3567 18.7103 33.8265 61.2233 110.976 201.472 366.224 667.184 1218.8 2230.44 4093.91 7544.28 13956.6 25897.5 48327.7 90291.8 -2.77911e+06 213812 269244 342963 443249 579215 765544 1.03149e+06 1.40791e+06 1.94501e+06 2.72794e+06 3.8822e+06 5.57809e+06 8.08853e+06 1.18594e+07 1.74332e+07 2.56092e+07 3.72797e+07 5.3701e+07 7.72672e+07 1.11389e+08 
9.60924 2.17882 3.92941 7.09247 12.8148 23.1715 41.9458 76.0479 138.093 251.086 457.569 836.171 1530.87 2811.25 5183.47 9595.4 17818.7 33281 62604.8 118176 -3.2605e+06 283376 361619 468363 613504 813032 1.09891e+06 1.50507e+06 2.08689e+06 2.93855e+06 4.19911e+06 6.05825e+06 8.82046e+06 1.29808e+07 1.91466e+07 2.82116e+07 4.1166e+07 5.93865e+07 8.55359e+07 1.23395e+08 
6.49731 1.47335 2.65741 4.79714 8.66877 15.6774 28.3852 51.4739 93.4938 170.046 309.993 566.71 1038.03 1907.27 3518.88 6518.7 12115.8 22651.8 42657.8 80632.8 153543 -3.84263e+06 373287 490223 643894 855905 1.161e+06 1.59637e+06 2.22287e+06 3.14436e+06 4.51464e+06 6.5446e+06 9.57358e+06 1.41502e+07 2.09542e+07 3.0984e+07 4.53367e+07 6.5515e+07 9.44752e+07 1.36398e+08 
4.34379 0.985113 1.77703 3.20833 5.79861 10.4887 18.995 34.4544 62.599 113.895 207.713 379.9 696.235 1280.07 2363.4 4381.84 8152.37 15259.1 28773.1 54473.2 103917 197976 -4.55899e+06 506828 667836 890906 1.2136e+06 1.67647e+06 2.34619e+06 3.337e+06 4.81871e+06 7.02562e+06 1.03359e+07 1.53571e+07 2.28503e+07 3.39316e+07 4.98154e+07 7.21352e+07 1.0417e+08 1.50535e+08 
2.87563 0.652231 1.17672 2.12486 3.84109 6.94947 12.5887 22.8409 41.513 75.5612 137.867 252.287 462.658 851.251 1572.99 2919.24 5437.62 10191.5 19246.5 36505.2 69789.7 134814 262804 -5.43359e+06 681791 913442 1.2507e+06 1.73759e+06 2.44683e+06 3.50384e+06 5.09596e+06 7.48369e+06 1.10894e+07 1.65861e+07 2.48283e+07 3.7067e+07 5.46478e+07 7.93379e+07 1.14774e+08 1.66046e+08 
1.87323 0.42493 0.766759 1.38483 2.50386 4.53121 8.21048 14.9019 27.0942 49.3387 90.0686 164.915 302.645 557.297 1030.76 1915.02 3571.75 6704.39 12682.6 24105.3 46194.7 89479.1 174987 344522 -6.53195e+06 925646 1.27488e+06 1.78284e+06 2.52864e+06 3.6498e+06 5.35316e+06 7.92885e+06 1.18499e+07 1.78642e+07 2.69344e+07 4.04686e+07 5.99618e+07 8.7321e+07 1.26587e+08 1.83375e+08 
1.19755 0.271696 0.490345 0.885777 1.60191 2.89974 5.25595 9.54288 17.3577 31.6243 57.7634 105.832 194.37 358.24 663.273 1233.75 2304.42 4332.67 8211.42 15643 30058 58399.7 114616 226634 454489 -7.94747e+06 1.28103e+06 1.81183e+06 2.59101e+06 3.77421e+06 5.59019e+06 8.36309e+06 1.2625e+07 1.92109e+07 2.92112e+07 4.42201e+07 6.59067e+07 9.63265e+07 1.39983e+08 2.03083e+08 
0.75664 0.171693 0.309925 0.559988 1.01298 1.83426 3.32589 6.04108 10.9934 20.0405 36.6288 67.1594 123.454 227.773 422.214 786.439 1471.38 2771.73 5264.51 10056 19383.2 37794.6 74490.5 148050 298648 611184 -9.72965e+06 1.79899e+06 2.59937e+06 3.83081e+06 5.74672e+06 8.71082e+06 1.33265e+07 2.05335e+07 3.15791e+07 4.82882e+07 7.25385e+07 1.06535e+08 1.5532e+08 2.25759e+08 
0.466868 0.105958 0.191308 0.345749 0.625612 1.1332 2.05553 3.73525 6.80078 12.4051 22.6891 41.6338 76.6059 141.496 262.621 489.901 918.238 1733.33 3300.01 6321.99 12227.5 23935.8 47395.8 94736.8 192362 398150 828604 -1.20605e+07 2.56146e+06 3.82701e+06 5.82916e+06 8.97739e+06 1.39608e+07 2.18482e+07 3.40803e+07 5.27717e+07 8.00555e+07 1.18293e+08 1.73155e+08 2.52249e+08 
0.279137 0.0633635 0.114429 0.20686 0.374411 0.678427 1.23111 2.23818 4.07725 7.44202 13.6216 25.0162 46.0767 85.2079 158.362 295.882 555.651 1051.21 2006.41 3855.84 7485.13 14714.5 29283.6 58897.1 120452 251372 528572 1.13085e+06 -1.51727e+07 3.71499e+06 5.82217e+06 9.13692e+06 1.44901e+07 2.31106e+07 3.66792e+07 5.76772e+07 8.85556e+07 1.31837e+08 1.9393e+08 2.83269e+08 
0.160958 0.0365445 0.066012 0.119367 0.216116 0.391745 0.71119 1.29359 2.35784 4.30662 7.88888 14.5008 26.7375 49.507 92.1432 172.449 324.516 615.39 1177.74 2270.96 4425.98 8740.62 17490.2 35417 73008.1 153762 327117 709504 1.56003e+06 -1.94144e+07 5.63603e+06 9.0525e+06 1.4714e+07 2.4048e+07 3.90336e+07 6.26235e+07 9.76692e+07 1.46844e+08 2.17391e+08 3.18601e+08 
0.0880458 0.0199942 0.0361254 0.065342 0.11834 0.214592 0.389751 0.709274 1.29355 2.36433 4.33446 7.9745 14.7202 27.2909 50.869 95.3674 179.841 341.867 656.089 1269.5 2484.35 4929.61 9920.86 20233.6 42062.2 89460.3 192758 424503 960375 2.21387e+06 -2.51523e+07 8.46967e+06 1.4207e+07 2.39949e+07 4.01655e+07 6.62649e+07 1.05649e+08 1.61087e+08 2.40655e+08 3.54305e+08 
0.0405815 0.00921746 0.016658 0.0301386 0.0546009 0.0990475 0.179972 0.327678 0.597951 1.09369 2.00661 3.69505 6.82819 12.6755 23.6611 44.4351 83.97 160.008 307.927 597.892 1174.86 2342.36 4741.17 9739.7 20420.9 43868.5 95771 214292 494013 1.16555e+06 2.77619e+06 -3.39252e+07 1.17838e+07 2.07204e+07 3.6054e+07 6.16552e+07 1.01172e+08 1.57172e+08 2.37672e+08 3.52018e+08 
0.0199305 0.00452778 0.00818467 0.0148122 0.0268427 0.0487114 0.0885479 0.161299 0.294506 0.539034 0.989745 1.82417 3.37456 6.27225 11.7251 22.0565 41.7667 79.7775 153.946 299.936 591.769 1185.41 2413.09 4992.96 10558.4 22910.8 50689 115289 271039 655413 1.61105e+06 4.0767e+06 -4.59434e+07 1.96891e+07 3.59876e+07 6.43669e+07 1.09566e+08 1.74372e+08 2.67865e+08 3.99814e+08 
0.00873924 0.00198573 0.00359031 0.00649915 0.0117811 0.0213864 0.0388917 0.0708768 0.129477 0.23713 0.435716 0.803705 1.48826 2.76941 5.18383 9.76662 18.5293 35.4696 68.6167 134.107 265.576 534.298 1093.35 2277.31 4853.96 10631.2 23817 55020.3 131826 326656 829757 2.18598e+06 6.00416e+06 -6.29316e+07 3.13218e+07 5.98403e+07 1.07968e+08 1.78914e+08 2.82411e+08 4.27413e+08 
0.00310501 0.000705639 0.00127609 0.0023105 0.00418938 0.00760742 0.0138393 0.0252314 0.0461145 0.0845052 0.155377 0.286818 0.531601 0.990273 1.85587 3.50154 6.6547 12.7643 24.7496 48.5106 96.3945 194.7 400.327 838.878 1800.92 3977.94 9013.56 21119.5 51484.9 130474 341788 935999 2.70055e+06 7.70761e+06 -8.89715e+07 4.58072e+07 8.94468e+07 1.57377e+08 2.59228e+08 4.01749e+08 
0.000931195 0.000211654 0.000382828 0.000693296 0.00125737 0.00228388 0.00415617 0.00758022 0.01386 0.0254118 0.0467518 0.0863591 0.160193 0.298695 0.560393 1.05867 2.01514 3.87216 7.5234 14.7842 29.4667 59.7276 123.33 259.826 561.368 1249.31 2859.44 6784.58 16796.1 43427.5 116985 332074 1.00209e+06 3.05499e+06 9.50336e+06 -1.27702e+08 6.45125e+07 1.24627e+08 2.18781e+08 3.52659e+08 
0.000230191 5.23269e-05 9.46596e-05 0.000171455 0.00031101 0.000565041 0.00102852 0.0018764 0.00343206 0.00629511 0.0115869 0.0214144 0.0397484 0.0741701 0.139272 0.263369 0.501928 0.96583 1.87958 3.70099 7.3941 15.029 31.1367 65.8734 143.036 320.202 738.671 1769.93 4434.68 11647.4 32074.2 93706.1 293335 947882 3.19117e+06 1.1094e+07 -1.81663e+08 8.31556e+07 1.62371e+08 2.81971e+08 
4.57835e-05 1.04082e-05 1.88303e-05 3.41104e-05 6.18816e-05 0.000112442 0.000204705 0.000373528 0.000683352 0.00125373 0.00230832 0.00426753 0.00792441 0.0147938 0.0277937 0.052592 0.100306 0.193182 0.376322 0.741924 1.48445 3.02241 6.27464 13.3092 28.9883 65.1287 150.977 363.962 918.791 2437.01 6805.89 20258.9 64967.2 218592 781376 2.98254e+06 1.15724e+07 -2.48132e+08 9.78464e+07 1.99274e+08 
7.15272e-06 1.62616e-06 2.94219e-06 5.33008e-06 9.67041e-06 1.75734e-05 3.19969e-05 5.83929e-05 0.000106843 0.00019606 0.000361054 0.000667663 0.00124015 0.00231597 0.00435278 0.00824013 0.0157245 0.0303031 0.059073 0.116566 0.233467 0.475913 0.989419 2.10238 4.58872 10.3348 24.0349 58.1741 147.578 393.951 1110.24 3345.15 10897.6 37676.5 140539 571720 2.46739e+06 1.06842e+07 -3.28303e+08 1.19784e+08 
8.47642e-07 1.92718e-07 3.48699e-07 6.31739e-07 1.14624e-06 2.08314e-06 3.79322e-06 6.92312e-06 1.26689e-05 2.32508e-05 4.2824e-05 7.92041e-05 0.000147148 0.000274864 0.000516739 0.000978535 0.00186803 0.0036015 0.00702422 0.0138688 0.027797 0.0567078 0.118005 0.251027 0.548613 1.23743 2.88325 6.99438 17.791 47.6509 134.903 408.909 1342.45 4706.09 17976.1 76059.3 353638 1.79586e+06 9.88609e+06 -4.17436e+08 
dt_FE: 2.81518e-10
dt_EA: 2.81518e-10
dt_PE: 2.81518e-10
tolC: 1e-06
dt_grow: 1.03
dt_max: 0.1
steps: 0
