t: 3.46979e-09
dt: 2.36153e-10
N: 0.00207857 0.00240081 0.00277182 0.00319905 0.00369073 0.00425519 0.0049029 0.00564574 0.0064959 0.00746513 0.0085704 0.00982872 0.0112501 0.0128541 0.0146607 0.0166807 0.0189127 0.0213793 0.0240894 0.0269782 0.0300478 0.0332763 0.036553 0.0396797 0.042617 0.0452355 0.0468586 0.0474396 0.0468123 0.0444388 0.0534902 0.421622 0.350512 0.0125432 0.00483482 0.00171964 0.000486745 0.00010619 1.7811e-05 2.23401e-06 
eC: 1 1.15749 1.33977 1.55077 1.795 2.07768 2.40489 2.78363 3.22201 3.72944 4.31677 4.99661 5.78351 6.69433 7.7486 8.9689 10.3814 12.0163 13.9087 16.0991 18.6345 21.5692 24.9661 28.8979 33.4489 38.7167 44.814 51.8717 60.0407 69.4963 80.4411 93.1095 107.773 124.746 144.391 167.131 193.452 223.918 259.182 300 
dV: 1.08333 0.211322 0.327712 0.508206 0.788112 1.22218 1.89532 2.93921 4.55805 7.06849 10.9616 16.999 26.3615 40.8807 63.3966 98.3136 152.462 236.434 366.655 568.597 881.764 1367.42 2120.55 3288.49 5099.69 7908.45 12264.2 19019 29494.1 45738.6 70930.1 109996 170579 264529 410225 636165 986546 1.52991e+06 2.37254e+06 3.67926e+06 
kVec: 813753 945434 1.09119e+06 1.25971e+06 1.45439e+06 1.67875e+06 1.93722e+06 2.23487e+06 2.57733e+06 2.96984e+06 3.42038e+06 3.9372e+06 4.52625e+06 5.19818e+06 5.96412e+06 6.83479e+06 7.81448e+06 8.92169e+06 1.01723e+07 1.15539e+07 1.30893e+07 1.47938e+07 1.66694e+07 1.86727e+07 2.08546e+07 2.32613e+07 2.57076e+07 2.83362e+07 3.12683e+07 3.46072e+07 3.83949e+07 4.34283e+07 5.17919e+07 6.60792e+07 9.00227e+07 1.27508e+08 1.80815e+08 2.47042e+08 3.27158e+08 4.16329e+08 
cMat: 
-204469 958.137 1125.86 1311.44 1528.8 1784.73 2086.24 2441.76 2862.63 3364.42 3962.02 4675.6 5539.03 6584.05 7851.86 9405.39 11336.7 13732 16720.1 20553 25458.2 31769.1 40047 51128.3 65910.5 85818.3 113649 152248 206184 283123 394268 554406 787037 1.13168e+06 1.63396e+06 2.36197e+06 3.39532e+06 4.85253e+06 6.94276e+06 9.96896e+06 
4871.47 -241558 1297.2 1511.03 1761.49 2056.38 2403.82 2813.49 3298.48 3876.74 4565.43 5387.8 6382.91 7587.37 9048.68 10839.4 13065.8 15827.2 19272.5 23692.1 29348.9 36627.6 46176.3 58960.8 76017.6 98992.5 131117 175680 237963 326825 455218 640241 909067 1.30738e+06 1.88796e+06 2.72956e+06 3.92418e+06 5.60879e+06 8.02523e+06 1.15237e+07 
3656.13 828.536 -278382 1739.37 2027.7 2367.19 2767.17 3238.82 3797.19 4462.98 5255.92 6202.84 7348.72 8735.74 10418.7 12481.1 15045.5 18226.5 22195.6 27288 33806.6 42195.5 53202.3 67941.9 87610.9 114110 151170 202593 274480 377069 525327 739025 1.04958e+06 1.50979e+06 2.18069e+06 3.15336e+06 4.53411e+06 6.48114e+06 9.27403e+06 1.33175e+07 
2716.02 615.497 1109.29 -321402 2332.39 2722.93 3183.07 3725.66 4368.05 5134.05 6046.38 7135.92 8454.47 10050.6 11987.4 14361.2 17312.9 20974.9 25544.5 31408.2 38915.5 48578.1 61258.5 78243 100913 131461 174197 233509 316448 434841 605984 852727 1.21139e+06 1.74298e+06 2.51809e+06 3.642e+06 5.23755e+06 7.48742e+06 1.07147e+07 1.53873e+07 
2015.73 456.803 823.286 1484.9 -371583 3101.73 3658.52 4282.24 5020.7 5901.3 6950.19 8202.86 9718.94 11554.3 13781.6 16511.7 19906.8 24119.4 29376.8 36124.3 44764.3 55887 70486.6 90046.4 116160 151358 200613 268995 364643 501223 698711 983516 1.39761e+06 2.0115e+06 2.90676e+06 4.20514e+06 6.04851e+06 8.64774e+06 1.23762e+07 1.77744e+07 
1495.12 338.826 610.665 1101.43 1970.72 -429951 4199.02 4915 5762.73 6773.7 7977.92 9416.2 11157.1 13264.8 15822.8 18958.6 22858.9 27698.8 33740.2 41495.3 51427.7 64216.8 81008.1 103511 133562 174080 230802 309577 419804 577259 805010 1.13357e+06 1.61144e+06 2.32003e+06 3.35367e+06 4.85303e+06 6.98196e+06 9.9837e+06 1.42897e+07 2.05239e+07 
1107.85 251.065 452.499 816.162 1473.47 2661.71 -497825 5633.71 6605.59 7764.71 9145.49 10794.8 12791.2 15208.6 18142.8 21740.2 26215.3 31769.6 38703.7 47606.9 59012.5 73702.3 92994.6 118858 153409 200011 265277 355957 482895 664300 926800 1.30564e+06 1.85683e+06 2.67439e+06 3.86731e+06 5.59815e+06 8.05601e+06 1.15214e+07 1.64925e+07 2.36898e+07 
819.715 185.769 334.82 603.917 1090.31 1969.61 3561.54 -576727 7482.87 8889.15 10470.4 12359.2 14645.9 17415.1 20776.7 24898.7 30027.4 36394 44343.8 54554 67637.3 84492.6 106636 136334 176022 229576 304614 408919 555001 763868 1.06624e+06 1.50282e+06 2.1383e+06 3.08116e+06 4.45738e+06 6.45471e+06 9.29134e+06 1.32905e+07 1.90275e+07 2.73338e+07 
605.643 137.256 247.388 446.224 805.627 1455.38 2631.76 4715.85 -668609 10159 11966.8 14126.4 16741.3 19908.4 23753.4 28469.1 34337.8 41624.5 50725.2 62417.1 77403.8 96717.7 122101 156158 201693 263167 349349 469210 637173 877462 1.22551e+06 1.72829e+06 2.4605e+06 3.54727e+06 5.13413e+06 7.4379e+06 1.07102e+07 1.53234e+07 2.19412e+07 3.1523e+07 
446.984 101.301 182.587 329.347 594.63 1074.24 1942.62 3517.88 6379.41 -775181 13642.1 16105.2 19088.1 22701.4 27089 32471.1 39171 47491.7 57886.8 71246.5 88377.4 110463 139503 178488 230639 301084 399911 537450 730314 1.00642e+06 1.4066e+06 1.98506e+06 2.82797e+06 4.0796e+06 5.90802e+06 8.5635e+06 1.23361e+07 1.76541e+07 2.52832e+07 3.63292e+07 
329.169 74.602 134.467 242.555 437.941 791.201 1430.84 2591.21 4699.23 8531.04 -899265 18322.8 21718.6 25832.7 30829.4 36960.3 44594.4 54078 65929.7 81167.8 100716 125929 159098 203653 263293 343906 457086 614719 835929 1.15287e+06 1.61257e+06 2.27753e+06 3.24715e+06 4.68766e+06 6.79309e+06 9.85223e+06 1.41991e+07 2.03262e+07 2.91162e+07 4.18434e+07 
241.752 54.7912 98.7613 178.154 321.673 581.169 1051.06 1903.54 3452.33 6267.84 11403.1 -1.04395e+06 24471.4 29330.5 35008.9 41978 50658.6 61445.9 74931.3 92278.4 114542 143273 181093 231929 300024 392135 521570 701995 955412 1.31882e+06 1.84636e+06 2.61007e+06 3.72455e+06 5.38119e+06 7.80396e+06 1.13259e+07 1.63316e+07 2.33866e+07 3.35082e+07 4.81634e+07 
177.248 40.173 72.4141 130.631 235.876 426.18 770.801 1396.06 2532.13 4597.59 8365.21 15145.2 -1.21206e+06 33167.2 39595.3 47487 57320.7 69545.7 84835.1 104514 129785 162416 205402 263231 340756 445719 593372 799404 1.0891e+06 1.50498e+06 2.10932e+06 2.98506e+06 4.26425e+06 6.16705e+06 8.9518e+06 1.30025e+07 1.87612e+07 2.68765e+07 3.85197e+07 5.53783e+07 
129.558 29.365 52.934 95.4942 172.438 311.578 563.565 1020.79 1851.63 3362.35 6118.42 11162.5 20395.4 -1.40817e+06 44618.4 53523.8 64625.7 78433.5 95710.8 117963 146558 183508 232222 297823 385853 505163 673205 907972 1.23848e+06 1.71356e+06 2.40476e+06 3.40751e+06 4.87385e+06 7.0568e+06 1.02542e+07 1.49085e+07 2.15274e+07 3.08539e+07 4.42349e+07 6.36102e+07 
94.306 21.3757 38.5339 69.5192 125.541 226.853 410.349 743.331 1348.47 2448.94 4456.88 8132.31 14861.5 27233.9 -1.6372e+06 59439.4 72600.3 88143.5 107603 132685 164940 206653 261700 335909 435602 570880 761682 1.02861e+06 1.40494e+06 1.94667e+06 2.73591e+06 3.88241e+06 5.56108e+06 8.06246e+06 1.17298e+07 1.70724e+07 2.46731e+07 3.53812e+07 5.07452e+07 7.2992e+07 
68.3615 15.4956 27.9352 50.4008 91.0214 164.488 297.564 539.077 978.04 1776.44 3233.47 5900.99 10786 19770.2 35970.2 -1.90626e+06 81159.7 98576.4 120395 148543 184772 231669 293624 377254 489748 642609 858567 1.16118e+06 1.58852e+06 2.20474e+06 3.10396e+06 4.41225e+06 6.33067e+06 9.19241e+06 1.33928e+07 1.95177e+07 2.82353e+07 4.05148e+07 5.8134e+07 8.36466e+07 
49.3729 11.192 20.1778 36.4072 65.7542 118.837 215.002 389.548 706.845 1284.06 2337.66 4267.02 7801.31 14303.3 26325.4 48630.6 -2.21977e+06 109467 133771 165157 205598 258005 327332 421057 547329 719201 962506 1.30411e+06 1.78749e+06 2.486e+06 3.50731e+06 4.99606e+06 7.18309e+06 1.04499e+07 1.52514e+07 2.22609e+07 3.22431e+07 4.63008e+07 6.64725e+07 9.56809e+07 
35.4268 8.03106 14.48 26.1284 47.1938 85.3015 154.346 279.685 507.571 922.225 1679.26 3065.92 5606.9 10283.2 18933.2 34989.5 64845.3 -2.58887e+06 147762 182571 227476 285742 362936 467484 608587 801016 1.07405e+06 1.45827e+06 2.00322e+06 2.79262e+06 3.94948e+06 5.63951e+06 8.12752e+06 1.18497e+07 1.73291e+07 2.53389e+07 3.6753e+07 5.28232e+07 7.58837e+07 1.09275e+08 
25.2169 5.71687 10.3082 18.6022 33.6028 60.7429 109.923 199.217 361.597 657.131 1196.83 2185.67 3998.35 7335.73 13511.7 24982.1 46324.6 86380.7 -3.02614e+06 199406 250149 314574 400074 516101 673016 887477 1.19258e+06 1.62302e+06 2.23517e+06 3.12439e+06 4.43096e+06 6.34455e+06 9.16854e+06 1.34009e+07 1.96426e+07 2.87807e+07 4.18124e+07 6.0155e+07 8.64775e+07 1.24592e+08 
17.8476 4.04647 7.29692 13.1693 23.7915 43.0128 77.8498 141.114 256.186 465.68 848.372 1549.79 2836.16 5205.7 9593.1 17746.8 32930.5 61452.1 114813 -3.5384e+06 271878 342363 436102 563623 736513 973444 1.31161e+06 1.79025e+06 2.47321e+06 3.46878e+06 4.93649e+06 7.09295e+06 1.02852e+07 1.50801e+07 2.21676e+07 3.25639e+07 4.74039e+07 6.82846e+07 9.82508e+07 1.41639e+08 
12.507 2.83586 5.11435 9.23125 16.6792 30.159 54.5949 98.9807 179.736 326.802 595.552 1088.32 1992.51 3659 6746.58 12489 23192.1 43317.2 81483.7 153813 -4.14699e+06 368830 470667 609601 798511 1.05821e+06 1.43029e+06 1.95893e+06 2.7162e+06 3.82469e+06 5.46538e+06 7.88516e+06 1.14803e+07 1.68952e+07 2.49204e+07 3.6719e+07 5.35799e+07 7.72949e+07 1.1133e+08 1.60605e+08 
8.65248 1.96206 3.53888 6.38836 11.5442 20.8776 37.8007 68.5478 124.506 226.45 412.818 754.689 1382.35 2539.91 4686.09 8680.96 16134.7 30165.4 56807.4 107379 204473 -4.87339e+06 497106 652830 857474 1.13981e+06 1.54611e+06 2.12588e+06 2.96019e+06 4.18735e+06 6.01215e+06 8.71544e+06 1.27492e+07 1.88438e+07 2.79048e+07 4.12615e+07 6.03749e+07 8.72464e+07 1.25813e+08 1.81642e+08 
5.90718 1.33967 2.4166 4.36305 7.8856 14.2638 25.8316 46.8549 85.1291 154.887 282.471 516.63 946.819 1740.78 3214.01 5958.91 11086.5 20751.1 39128.8 74078.8 141319 269230 -5.75252e+06 689242 908198 1.21155e+06 1.65039e+06 2.27985e+06 3.19061e+06 4.53803e+06 6.55302e+06 9.55422e+06 1.4056e+07 2.08843e+07 3.10744e+07 4.6144e+07 6.77445e+07 9.80975e+07 1.41662e+08 2.04714e+08 
3.97656 0.901938 1.62723 2.93836 5.31166 9.61007 17.4083 31.5856 57.4063 104.49 190.65 348.875 639.786 1177.15 2175.21 4036.87 7519.41 14093.3 26615.1 50481.3 96508.8 186428 363419 -6.80168e+06 942815 1.26315e+06 1.72953e+06 2.40282e+06 3.38359e+06 4.84528e+06 7.04695e+06 1.03488e+07 1.53349e+07 2.29361e+07 3.43338e+07 5.12581e+07 7.55697e+07 1.09712e+08 1.58715e+08 2.29617e+08 
2.62043 0.594429 1.07261 1.93721 3.50261 6.33864 11.4855 20.8461 37.9016 69.0191 125.996 230.697 423.365 779.594 1441.92 2678.9 4996.47 9378.67 17741.5 33720.5 64621.1 125171 244787 481947 -8.08375e+06 1.29487e+06 1.78341e+06 2.49399e+06 3.53728e+06 5.10565e+06 7.48845e+06 1.10915e+07 1.65766e+07 2.49899e+07 3.76782e+07 5.66109e+07 8.38796e+07 1.22152e+08 1.77081e+08 2.5652e+08 
1.6828 0.381789 0.689035 1.2447 2.25101 4.07473 7.38569 13.4097 24.3912 44.4386 81.1694 148.716 273.129 503.401 932.035 1733.67 3238.18 6088.29 11538.7 21981.7 42237.7 82063.6 161060 318467 638650 -9.68414e+06 1.80011e+06 2.54599e+06 3.6409e+06 5.30354e+06 7.85536e+06 1.17519e+07 1.77408e+07 2.69953e+07 4.10478e+07 6.21384e+07 9.26125e+07 1.35359e+08 1.96705e+08 2.85373e+08 
1.05525 0.239453 0.432239 0.780992 1.41277 2.55816 4.63848 8.42524 15.3321 27.9496 51.0846 93.6644 172.176 317.665 588.844 1096.81 2052.08 3865.62 7342.2 14024.7 27032.9 52710.6 103889 206479 416512 852392 -1.16271e+07 2.50898e+06 3.62523e+06 5.34266e+06 8.01471e+06 1.21486e+07 1.85859e+07 2.86373e+07 4.4042e+07 6.73455e+07 1.01166e+08 1.48581e+08 2.16619e+08 3.14857e+08 
0.638489 0.144908 0.261632 0.472846 0.855587 1.54977 2.81114 5.10833 9.30074 16.9652 31.0297 56.9383 104.766 193.51 359.16 669.989 1255.78 2370.51 4513.09 8645.95 16722.3 32734.6 64818.5 129562 263075 544510 1.1332e+06 -1.40695e+07 3.50305e+06 5.23382e+06 7.97196e+06 1.22775e+07 1.90928e+07 2.98796e+07 4.66082e+07 7.21705e+07 1.09484e+08 1.61777e+08 2.36807e+08 3.44976e+08 
0.369747 0.0839318 0.151574 0.274009 0.495948 0.898651 1.63074 2.96471 5.40076 9.85776 18.0434 33.1367 61.0335 112.867 209.768 391.929 736.021 1392.45 2657.7 5107.48 9914.86 19491 38789.3 78015.6 159552 332970 700151 1.49794e+06 -1.71845e+07 4.92091e+06 7.7121e+06 1.21028e+07 1.91937e+07 3.06125e+07 4.85855e+07 7.63997e+07 1.17302e+08 1.74633e+08 2.56881e+08 3.75221e+08 
0.203857 0.0462842 0.0836054 0.15118 0.273715 0.496153 0.900734 1.63835 2.98625 5.45441 9.9914 18.3655 33.8635 62.7015 116.701 218.41 411.005 779.402 1491.63 2876.22 5605.58 11070.1 22151.7 44856.2 92466.1 194743 414299 898599 1.97581e+06 -2.12522e+07 7.13813e+06 1.14652e+07 1.86355e+07 3.04572e+07 4.94368e+07 7.93137e+07 1.237e+08 1.8598e+08 2.7533e+08 4.03514e+08 
0.104485 0.0237274 0.0428704 0.077542 0.140436 0.254659 0.462521 0.841703 1.53507 2.80578 5.14374 9.46342 17.4686 32.3864 60.3667 113.173 213.419 405.697 778.587 1506.53 2948.21 5850.02 11773.2 24011.4 49915.6 106163 228748 503762 1.13969e+06 2.62723e+06 -2.65928e+07 1.00511e+07 1.68596e+07 2.8475e+07 4.76648e+07 7.86373e+07 1.25375e+08 1.91164e+08 2.85587e+08 4.20458e+08 
0.0305859 0.0069471 0.012555 0.0227152 0.0411521 0.074651 0.135643 0.246968 0.45067 0.824299 1.51236 2.78492 5.14634 9.55341 17.8331 33.4902 63.2873 120.596 232.082 450.625 885.479 1765.41 3573.37 7340.71 15391 33063.2 72181.6 161510 372332 878463 2.09239e+06 -3.69346e+07 8.88136e+06 1.56167e+07 2.71735e+07 4.64689e+07 7.62523e+07 1.18459e+08 1.79131e+08 2.65312e+08 
0.0150227 0.00341285 0.00616926 0.0111648 0.0202329 0.0367166 0.0667437 0.12158 0.221986 0.406301 0.746028 1.37498 2.5436 4.72776 8.83786 16.6253 31.482 60.133 116.038 226.079 446.05 893.511 1818.88 3763.48 7958.51 17269.2 38207.2 86900.3 204298 494023 1.21434e+06 3.07285e+06 -4.89304e+07 1.48408e+07 2.71259e+07 4.8517e+07 8.25866e+07 1.31434e+08 2.01905e+08 3.01363e+08 
0.00900771 0.00204673 0.0037006 0.0066988 0.012143 0.0220434 0.0400864 0.0730541 0.133454 0.244414 0.449101 0.828395 1.53398 2.85448 5.34307 10.0667 19.0985 36.5592 70.7246 138.227 273.734 550.711 1126.94 2347.27 5003.07 10957.8 24548.7 56710.5 135875 336690 855246 2.25314e+06 6.18861e+06 -6.25013e+07 3.2284e+07 6.16785e+07 1.11285e+08 1.8441e+08 2.91087e+08 4.40543e+08 
0.00314215 0.000714081 0.00129136 0.00233815 0.0042395 0.00769843 0.0140049 0.0255333 0.0466662 0.0855162 0.157236 0.290249 0.537961 1.00212 1.87807 3.54343 6.73432 12.917 25.0457 49.091 97.5477 197.029 405.117 848.914 1822.46 4025.53 9121.39 21372.1 52100.8 132035 345877 947197 2.73286e+06 7.79982e+06 -8.83848e+07 4.63552e+07 9.05169e+07 1.5926e+08 2.62329e+08 4.06556e+08 
0.000934679 0.000212446 0.00038426 0.00069589 0.00126208 0.00229243 0.00417172 0.00760858 0.0139119 0.0255069 0.0469267 0.0866822 0.160792 0.299812 0.56249 1.06263 2.02268 3.88665 7.55155 14.8395 29.5769 59.951 123.792 260.798 563.468 1253.99 2870.14 6809.97 16858.9 43589.9 117423 333317 1.00584e+06 3.06642e+06 9.53891e+06 -1.2687e+08 6.47539e+07 1.25093e+08 2.196e+08 3.53979e+08 
0.000230415 5.23778e-05 9.47518e-05 0.000171622 0.000311313 0.000565592 0.00102952 0.00187823 0.0034354 0.00630125 0.0115982 0.0214352 0.0397872 0.0742424 0.139408 0.263626 0.502417 0.966771 1.88141 3.70459 7.4013 15.0436 31.167 65.9376 143.176 320.514 739.391 1771.65 4439 11658.7 32105.4 93797.4 293620 948805 3.19428e+06 1.11048e+07 -1.80611e+08 8.32366e+07 1.62529e+08 2.82246e+08 
4.57931e-05 1.04104e-05 1.88342e-05 3.41175e-05 6.18945e-05 0.000112465 0.000204748 0.000373606 0.000683495 0.00125399 0.0023088 0.00426843 0.00792607 0.0147969 0.0277995 0.052603 0.100327 0.193222 0.376401 0.74208 1.48477 3.02304 6.27595 13.3119 28.9944 65.1424 151.008 364.038 918.983 2437.52 6807.31 20263.1 64980.8 218638 781540 2.98316e+06 1.15748e+07 -2.4699e+08 9.78669e+07 1.99315e+08 
7.15297e-06 1.62622e-06 2.9423e-06 5.33027e-06 9.67075e-06 1.7574e-05 3.1998e-05 5.8395e-05 0.000106847 0.000196067 0.000361067 0.000667687 0.00124019 0.00231605 0.00435294 0.00824043 0.0157251 0.0303042 0.0590751 0.11657 0.233475 0.47593 0.989455 2.10246 4.58888 10.3351 24.0357 58.1762 147.583 393.965 1110.27 3345.27 10898 37677.8 140544 571740 2.46748e+06 1.06846e+07 -3.27148e+08 1.19789e+08 
8.47646e-07 1.92719e-07 3.48701e-07 6.31741e-07 1.14624e-06 2.08315e-06 3.79323e-06 6.92315e-06 1.26689e-05 2.32509e-05 4.28242e-05 7.92045e-05 0.000147149 0.000274866 0.000516742 0.00097854 0.00186804 0.00360152 0.00702425 0.0138689 0.0277971 0.0567081 0.118005 0.251029 0.548615 1.23744 2.88326 6.99442 17.7911 47.6511 134.904 408.911 1342.46 4706.11 17976.2 76059.6 353640 1.79587e+06 9.88613e+06 -4.16328e+08 
dt_FE: 2.36153e-10
dt_EA: 2.36153e-10
dt_PE: 2.36153e-10
tolC: 1e-06
dt_grow: 1.03
dt_max: 0.1
steps: 0
