t: 1.30371e-09
dt: 2.19869e-10
N: 0.000774153 0.000894312 0.00103271 0.00119213 0.0013757 0.00158654 0.00182864 0.00210649 0.00242475 0.00278794 0.00320257 0.00367521 0.0042099 0.00481438 0.00549654 0.00626112 0.00710829 0.0080475 0.00908326 0.0101925 0.0113774 0.0126318 0.0139152 0.0151538 0.0163344 0.0174099 0.0181161 0.0184346 0.0183007 0.0175352 0.0310925 0.448721 0.386072 0.00606221 0.00197465 0.000710692 0.000203623 4.46235e-05 7.46613e-06 9.26435e-07 
eC: 1 1.15749 1.33977 1.55077 1.795 2.07768 2.40489 2.78363 3.22201 3.72944 4.31677 4.99661 5.78351 6.69433 7.7486 8.9689 10.3814 12.0163 13.9087 16.0991 18.6345 21.5692 24.9661 28.8979 33.4489 38.7167 44.814 51.8717 60.0407 69.4963 80.4411 93.1095 107.773 124.746 144.391 167.131 193.452 223.918 259.182 300 
dV: 1.08333 0.211322 0.327712 0.508206 0.788112 1.22218 1.89532 2.93921 4.55805 7.06849 10.9616 16.999 26.3615 40.8807 63.3966 98.3136 152.462 236.434 366.655 568.597 881.764 1367.42 2120.55 3288.49 5099.69 7908.45 12264.2 19019 29494.1 45738.6 70930.1 109996 170579 264529 410225 636165 986546 1.52991e+06 2.37254e+06 3.67926e+06 
kVec: 805921 936443 1.08089e+06 1.24792e+06 1.44092e+06 1.66339e+06 1.91977e+06 2.21511e+06 2.55502e+06 2.9448e+06 3.39241e+06 3.90618e+06 4.49218e+06 5.16117e+06 5.92448e+06 6.79312e+06 7.77191e+06 8.87979e+06 1.01333e+07 1.15215e+07 1.30679e+07 1.47896e+07 1.66904e+07 1.87288e+07 2.09573e+07 2.34234e+07 2.59399e+07 2.86454e+07 3.16521e+07 3.50386e+07 3.88094e+07 4.37083e+07 5.18293e+07 6.59287e+07 8.98016e+07 1.27271e+08 1.80589e+08 2.4684e+08 3.26978e+08 4.16167e+08 
cMat: 
-208088 959.389 1127.34 1313.15 1530.8 1787.06 2088.96 2444.95 2866.37 3368.82 3967.2 4681.72 5546.27 6592.66 7862.12 9417.69 11351.5 13749.9 16741.9 20579.8 25491.5 31810.6 40099.3 51195.2 65996.7 85930.5 113797 152447 206454 283493 394783 555131 788066 1.13316e+06 1.63609e+06 2.36506e+06 3.39975e+06 4.85887e+06 6.95184e+06 9.98199e+06 
4878.83 -245771 1299.16 1513.31 1764.15 2059.49 2407.45 2817.74 3303.46 3882.6 4572.32 5395.94 6392.55 7598.83 9062.35 10855.8 13085.5 15851.1 19301.6 23727.9 29393.2 36682.9 46246 59049.8 76132.4 99142 131315 175946 238322 327319 455905 641208 910439 1.30936e+06 1.89081e+06 2.73368e+06 3.93011e+06 5.61726e+06 8.03735e+06 1.15411e+07 
3662.51 829.981 -283280 1742.41 2031.24 2371.32 2772 3244.47 3803.81 4470.76 5265.09 6213.66 7361.53 8750.97 10436.8 12502.9 15071.7 18258.3 22234.3 27335.5 33865.6 42269.1 53295.1 68060.4 87763.7 114309 151434 202946 274958 377726 526244 740314 1.05141e+06 1.51243e+06 2.1845e+06 3.15886e+06 4.54202e+06 6.49245e+06 9.2902e+06 1.33408e+07 
2721.49 616.736 1111.52 -327101 2337.09 2728.42 3189.48 3733.16 4376.84 5144.38 6058.56 7150.29 8471.49 10070.8 12011.5 14390.1 17347.8 21017.1 25595.9 31471.5 38993.8 48675.9 61381.9 78400.5 101116 131726 174547 233979 317085 435717 607204 854443 1.21382e+06 1.74649e+06 2.52316e+06 3.64933e+06 5.2481e+06 7.5025e+06 1.07363e+07 1.54182e+07 
2020.42 457.865 825.199 1488.35 -378221 3108.93 3667.02 4292.19 5032.36 5915.02 6966.34 8221.92 9741.53 11581.2 13813.6 16550 19953.1 24175.5 29445.1 36208.2 44868.3 56016.9 70650.4 90255.6 116430 151710 201079 269620 365491 502388 700335 985801 1.40086e+06 2.01617e+06 2.91352e+06 4.21491e+06 6.06257e+06 8.66783e+06 1.2405e+07 1.78157e+07 
1499.13 339.734 612.301 1104.38 1976.01 -437688 4210.28 4928.18 5778.18 6791.85 7999.3 9441.44 11187 13300.3 15865.2 19009.4 22920.1 27773.1 33830.6 41606.5 51565.5 64388.9 81225.2 103788 133920 174547 231420 310407 420929 578806 807167 1.13661e+06 1.61575e+06 2.32624e+06 3.36265e+06 4.86604e+06 7.00067e+06 1.00105e+07 1.4328e+07 2.05789e+07 
1111.27 251.84 453.897 818.684 1478.02 2669.93 -506853 5651.11 6626 7788.69 9173.74 10828.1 12830.7 15255.6 18198.8 21807.3 26296.3 31867.7 38823.2 47754 59194.8 73930 93281.9 119225 153882 200629 266097 357056 484386 666352 929663 1.30967e+06 1.86257e+06 2.68265e+06 3.87926e+06 5.61545e+06 8.0809e+06 1.1557e+07 1.65434e+07 2.3763e+07 
822.633 186.43 336.012 606.067 1094.19 1976.62 3574.22 -587273 7509.5 8920.79 10507.6 12403.2 14698.1 17477.1 20850.6 24987.3 30134.3 36523.6 44501.7 54748.1 67878 84793.3 107016 136819 176648 230393 305698 410374 556976 766587 1.07004e+06 1.50817e+06 2.14591e+06 3.09213e+06 4.47324e+06 6.47768e+06 9.32441e+06 1.33379e+07 1.90952e+07 2.74311e+07 
608.124 137.819 248.402 448.052 808.928 1461.34 2642.55 4735.17 -680944 10200.6 12015.8 14184.3 16809.9 19990 23850.7 28585.8 34478.5 41795 50933.1 62672.9 77721 97114 122601 156798 202520 264245 350780 471133 639784 881058 1.23053e+06 1.73538e+06 2.47058e+06 3.5618e+06 5.15517e+06 7.46838e+06 1.07541e+07 1.53862e+07 2.20312e+07 3.16522e+07 
449.09 101.779 183.447 330.899 597.432 1079.3 1951.78 3534.45 6409.47 -789621 13706.4 16181.1 19178.1 22808.4 27216.6 32624.1 39355.6 47715.5 58159.6 71582.3 88793.9 110984 140161 179329 231725 302503 401795 539982 733755 1.01116e+06 1.41323e+06 1.99441e+06 2.8413e+06 4.09882e+06 5.93586e+06 8.60386e+06 1.23942e+07 1.77372e+07 2.54023e+07 3.65004e+07 
330.951 75.0059 135.195 243.869 440.313 795.485 1438.59 2605.24 4724.67 8577.23 -916196 18422 21836.2 25972.6 30996.4 37160.4 44835.8 54370.8 66286.6 81607.2 101261 126610 159960 204756 264718 345768 459561 618047 840455 1.15911e+06 1.6213e+06 2.28986e+06 3.26473e+06 4.71304e+06 6.82987e+06 9.90557e+06 1.4276e+07 2.04363e+07 2.92739e+07 4.20699e+07 
243.254 55.1317 99.375 179.261 323.672 584.781 1057.59 1915.37 3473.78 6306.8 11473.9 -1.06383e+06 24623.5 29512.8 35226.5 42238.9 50973.4 61827.7 75397 92851.8 115254 144163 182218 233371 301889 394572 524811 706358 961350 1.32701e+06 1.85784e+06 2.62629e+06 3.7477e+06 5.41463e+06 7.85246e+06 1.13963e+07 1.64331e+07 2.3532e+07 3.37164e+07 4.84627e+07 
178.51 40.459 72.9297 131.561 237.556 429.215 776.29 1406 2550.16 4630.32 8424.77 15253 -1.23544e+06 33403.4 39877.2 47825.1 57728.9 70040.9 85439.1 105258 130709 163573 206864 265105 343183 448893 597597 805096 1.09685e+06 1.51569e+06 2.12434e+06 3.00631e+06 4.29461e+06 6.21096e+06 9.01554e+06 1.3095e+07 1.88947e+07 2.70679e+07 3.87939e+07 5.57726e+07 
130.613 29.6041 53.3652 96.2719 173.843 314.116 568.155 1029.11 1866.71 3389.74 6168.26 11253.4 20561.5 -1.43569e+06 44981.8 53959.7 65152 79072.3 96490.3 118924 147751 185002 234114 300248 388995 509277 678688 915367 1.24857e+06 1.72752e+06 2.42434e+06 3.43526e+06 4.91354e+06 7.11427e+06 1.03378e+07 1.50299e+07 2.17027e+07 3.11051e+07 4.45952e+07 6.41283e+07 
95.1831 21.5745 38.8922 70.1657 126.708 228.963 414.165 750.244 1361.01 2471.72 4498.33 8207.94 14999.7 27487.2 -1.66966e+06 59992.2 73275.5 88963.3 108604 133919 166474 208575 264134 339033 439653 576190 768766 1.03818e+06 1.418e+06 1.96477e+06 2.76135e+06 3.91852e+06 5.6128e+06 8.13744e+06 1.18389e+07 1.72311e+07 2.49025e+07 3.57103e+07 5.12172e+07 7.36709e+07 
69.0859 15.6598 28.2313 50.9349 91.9859 166.231 300.717 544.789 988.404 1795.27 3267.73 5963.52 10900.3 19979.7 36351.3 -1.94459e+06 82019.7 99620.9 121671 150117 186730 234123 296735 381251 494937 649418 867665 1.17349e+06 1.60535e+06 2.22811e+06 3.13686e+06 4.45901e+06 6.39775e+06 9.28981e+06 1.35347e+07 1.97245e+07 2.85345e+07 4.09441e+07 5.875e+07 8.4533e+07 
49.9669 11.3266 20.4206 36.8452 66.5454 120.267 217.588 394.235 715.35 1299.51 2365.79 4318.36 7895.18 14475.4 26642.2 49215.7 -2.26505e+06 110784 135381 167144 208072 261109 331270 426123 553915 727854 974087 1.3198e+06 1.809e+06 2.51591e+06 3.54951e+06 5.05617e+06 7.26951e+06 1.05756e+07 1.54349e+07 2.25288e+07 3.2631e+07 4.68579e+07 6.72722e+07 9.68322e+07 
35.9095 8.14047 14.6773 26.4843 47.8367 86.4636 156.448 283.496 514.486 934.788 1702.14 3107.69 5683.29 10423.3 19191.1 35466.2 65728.7 -2.64243e+06 149775 185058 230575 289635 367881 473852 616878 811929 1.08868e+06 1.47814e+06 2.03051e+06 2.83066e+06 4.00328e+06 5.71634e+06 8.23824e+06 1.20111e+07 1.75651e+07 2.56841e+07 3.72537e+07 5.35428e+07 7.69175e+07 1.10764e+08 
25.6047 5.80477 10.4667 18.8882 34.1195 61.6769 111.613 202.28 367.157 667.235 1215.23 2219.28 4059.83 7448.53 13719.5 25366.2 47037 87709 -3.08955e+06 202472 253996 319411 406225 524037 683365 901124 1.21091e+06 1.64798e+06 2.26954e+06 3.17243e+06 4.49909e+06 6.44211e+06 9.30952e+06 1.36069e+07 1.99446e+07 2.92233e+07 4.24553e+07 6.108e+07 8.78073e+07 1.26507e+08 
18.1554 4.11627 7.4228 13.3964 24.2019 43.7548 79.1928 143.548 260.606 473.713 863.007 1576.52 2885.09 5295.51 9758.59 18053 33498.6 62512.2 116793 -3.61332e+06 276568 348269 443625 573346 749219 990237 1.33424e+06 1.82114e+06 2.51588e+06 3.52862e+06 5.02165e+06 7.21531e+06 1.04626e+07 1.53403e+07 2.255e+07 3.31257e+07 4.82216e+07 6.94626e+07 9.99457e+07 1.44082e+08 
12.7477 2.89045 5.2128 9.40894 17.0002 30.7395 55.6458 100.886 183.196 333.093 607.016 1109.27 2030.86 3729.43 6876.45 12729.4 23638.5 44151 83052.1 156774 -4.2354e+06 375929 479727 621335 813881 1.07858e+06 1.45782e+06 1.99664e+06 2.76849e+06 3.89831e+06 5.57058e+06 8.03694e+06 1.17013e+07 1.72204e+07 2.54001e+07 3.74258e+07 5.46113e+07 7.87828e+07 1.13473e+08 1.63697e+08 
8.83725 2.00396 3.61445 6.52479 11.7907 21.3234 38.6079 70.0117 127.165 231.286 421.634 770.805 1411.87 2594.15 4786.16 8866.35 16479.2 30809.6 58020.6 109672 208840 -4.97745e+06 507722 666771 875786 1.16415e+06 1.57913e+06 2.17128e+06 3.02341e+06 4.27677e+06 6.14055e+06 8.90156e+06 1.30214e+07 1.92462e+07 2.85007e+07 4.21426e+07 6.16643e+07 8.91096e+07 1.285e+08 1.85521e+08 
6.04598 1.37114 2.47338 4.46557 8.07088 14.5989 26.4385 47.9559 87.1293 158.526 289.108 528.769 969.066 1781.68 3289.53 6098.92 11347 21238.7 40048.2 75819.4 144639 275556 -5.87462e+06 705436 929538 1.24002e+06 1.68916e+06 2.33342e+06 3.26557e+06 4.64466e+06 6.707e+06 9.77871e+06 1.43862e+07 2.1375e+07 3.18046e+07 4.72282e+07 6.93363e+07 1.00402e+08 1.4499e+08 2.09524e+08 
4.07812 0.924972 1.66878 3.0134 5.44731 9.85551 17.8529 32.3923 58.8724 107.158 195.519 357.785 656.126 1207.22 2230.76 4139.97 7711.45 14453.2 27294.8 51770.5 98973.5 191189 372700 -6.9436e+06 966894 1.29541e+06 1.7737e+06 2.46419e+06 3.47001e+06 4.96903e+06 7.22693e+06 1.06131e+07 1.57266e+07 2.35218e+07 3.52107e+07 5.25672e+07 7.74997e+07 1.12514e+08 1.62769e+08 2.35481e+08 
2.69237 0.610747 1.10205 1.99039 3.59876 6.51265 11.8008 21.4183 38.9421 70.9139 129.455 237.031 434.987 800.996 1481.51 2752.44 5133.64 9636.13 18228.6 34646.2 66395.1 128607 251507 495177 -8.24706e+06 1.33042e+06 1.83237e+06 2.56246e+06 3.63439e+06 5.24581e+06 7.69403e+06 1.1396e+07 1.70317e+07 2.56759e+07 3.87125e+07 5.8165e+07 8.61823e+07 1.25505e+08 1.81942e+08 2.63562e+08 
1.73185 0.392916 0.709116 1.28097 2.31661 4.19349 7.60094 13.8005 25.102 45.7337 83.535 153.05 281.089 518.072 959.198 1784.19 3332.55 6265.73 11875 22622.3 43468.6 84455.3 165753 327748 657263 -9.86939e+06 1.85258e+06 2.62019e+06 3.74701e+06 5.4581e+06 8.0843e+06 1.20944e+07 1.82578e+07 2.7782e+07 4.22441e+07 6.39493e+07 9.53116e+07 1.39303e+08 2.02438e+08 2.9369e+08 
1.08708 0.246673 0.445274 0.804543 1.45537 2.6353 4.77836 8.6793 15.7944 28.7924 52.6251 96.4889 177.368 327.244 606.601 1129.89 2113.96 3982.19 7563.61 14447.7 27848.1 54300.1 107022 212705 429072 878097 -1.18315e+07 2.58464e+06 3.73455e+06 5.50378e+06 8.2564e+06 1.2515e+07 1.91464e+07 2.95008e+07 4.53701e+07 6.93763e+07 1.04217e+08 1.53061e+08 2.23151e+08 3.24351e+08 
0.657931 0.149321 0.269599 0.487244 0.881639 1.59696 2.89674 5.26388 9.58395 17.4818 31.9745 58.6721 107.956 199.403 370.097 690.39 1294.02 2442.69 4650.51 8909.21 17231.5 33731.3 66792.2 133507 271085 561090 1.1677e+06 -1.42861e+07 3.60972e+06 5.39319e+06 8.2147e+06 1.26513e+07 1.96742e+07 3.07895e+07 4.80274e+07 7.43681e+07 1.12818e+08 1.66703e+08 2.44017e+08 3.55481e+08 
0.380807 0.0864424 0.156108 0.282205 0.510782 0.925531 1.67952 3.05339 5.5623 10.1526 18.5831 34.1278 62.8592 116.243 216.043 403.652 758.037 1434.1 2737.2 5260.26 10211.4 20074 39949.6 80349.2 164324 342929 721094 1.54274e+06 -1.73971e+07 5.0681e+06 7.94278e+06 1.24649e+07 1.97678e+07 3.15282e+07 5.00388e+07 7.8685e+07 1.2081e+08 1.79856e+08 2.64565e+08 3.86444e+08 
0.209596 0.0475873 0.0859593 0.155436 0.281421 0.510122 0.926094 1.68448 3.07032 5.60797 10.2727 18.8826 34.817 64.4669 119.987 224.559 422.577 801.346 1533.63 2957.19 5763.4 11381.8 22775.4 46119.1 95069.4 200226 425964 923899 2.03144e+06 -2.14318e+07 7.3391e+06 1.1788e+07 1.91602e+07 3.13147e+07 5.08286e+07 8.15468e+07 1.27182e+08 1.91216e+08 2.83081e+08 4.14874e+08 
0.106957 0.0242888 0.0438848 0.079377 0.143759 0.260685 0.473466 0.861621 1.5714 2.87218 5.26546 9.68736 17.882 33.1528 61.7952 115.852 218.47 415.298 797.012 1542.18 3017.97 5988.45 12051.8 24579.6 51096.8 108676 234161 515683 1.16666e+06 2.6894e+06 -2.66996e+07 1.02889e+07 1.72586e+07 2.91488e+07 4.87927e+07 8.04981e+07 1.28341e+08 1.95688e+08 2.92345e+08 4.30407e+08 
0.0291528 0.0066216 0.0119667 0.0216509 0.0392239 0.0711533 0.129288 0.235396 0.429554 0.785677 1.4415 2.65444 4.90521 9.1058 16.9976 31.9211 60.322 114.946 221.208 429.511 843.991 1682.7 3405.94 6996.77 14669.9 31514.1 68799.6 153943 354887 837303 1.99435e+06 -3.72676e+07 8.46523e+06 1.4885e+07 2.59003e+07 4.42916e+07 7.26795e+07 1.12908e+08 1.70738e+08 2.52881e+08 
0.0142003 0.003226 0.0058315 0.0105535 0.0191252 0.0347064 0.0630895 0.114924 0.209833 0.384057 0.705184 1.2997 2.40434 4.46891 8.35399 15.7151 29.7584 56.8407 109.685 213.701 421.629 844.592 1719.3 3557.43 7522.78 16323.7 36115.4 82142.6 193113 466975 1.14785e+06 2.90461e+06 -4.93129e+07 1.40283e+07 2.56408e+07 4.58608e+07 7.8065e+07 1.24238e+08 1.90851e+08 2.84864e+08 
0.00906683 0.00206017 0.00372489 0.00674277 0.0122227 0.0221881 0.0403495 0.0735336 0.13433 0.246019 0.452049 0.833832 1.54405 2.87322 5.37814 10.1327 19.2238 36.7992 71.1888 139.134 275.531 554.326 1134.34 2362.68 5035.91 11029.7 24709.8 57082.7 136767 338900 860860 2.26793e+06 6.22923e+06 -6.23051e+07 3.24959e+07 6.20833e+07 1.12015e+08 1.8562e+08 2.92997e+08 4.43434e+08 
0.00315119 0.000716133 0.00129507 0.00234486 0.00425168 0.00772056 0.0140451 0.0256067 0.0468003 0.0857619 0.157688 0.291083 0.539507 1.005 1.88347 3.55362 6.75367 12.9542 25.1177 49.2321 97.8281 197.595 406.281 851.354 1827.7 4037.1 9147.61 21433.5 52250.6 132414 346871 949920 2.74072e+06 7.82224e+06 -8.81909e+07 4.64885e+07 9.07771e+07 1.59718e+08 2.63083e+08 4.07724e+08 
0.000935623 0.00021266 0.000384649 0.000696594 0.00126335 0.00229474 0.00417594 0.00761627 0.0139259 0.0255327 0.0469742 0.0867698 0.160955 0.300115 0.563058 1.0637 2.02472 3.89058 7.55918 14.8545 29.6068 60.0116 123.917 261.061 564.037 1255.26 2873.04 6816.85 16876 43634 117542 333653 1.00685e+06 3.06951e+06 9.54855e+06 -1.26669e+08 6.48193e+07 1.25219e+08 2.19822e+08 3.54336e+08 
0.00023048 5.23927e-05 9.47787e-05 0.000171671 0.000311401 0.000565752 0.00102981 0.00187876 0.00343637 0.00630303 0.0116015 0.0214413 0.0397984 0.0742634 0.139447 0.263701 0.502559 0.967045 1.88194 3.70564 7.4034 15.0479 31.1758 65.9562 143.216 320.605 739.601 1772.15 4440.26 11662 32114.5 93824 293704 949074 3.19519e+06 1.11079e+07 -1.80407e+08 8.32602e+07 1.62575e+08 2.82326e+08 
4.57959e-05 1.04111e-05 1.88354e-05 3.41196e-05 6.18983e-05 0.000112472 0.000204761 0.000373629 0.000683537 0.00125407 0.00230894 0.00426869 0.00792656 0.0147978 0.0278013 0.0526062 0.100333 0.193234 0.376424 0.742125 1.48486 3.02323 6.27634 13.3128 28.9962 65.1464 151.017 364.06 919.04 2437.67 6807.73 20264.3 64984.8 218651 781588 2.98335e+06 1.15756e+07 -2.46797e+08 9.78729e+07 1.99328e+08 
7.15305e-06 1.62624e-06 2.94233e-06 5.33033e-06 9.67085e-06 1.75742e-05 3.19984e-05 5.83956e-05 0.000106848 0.000196069 0.00036107 0.000667694 0.00124021 0.00231608 0.00435298 0.00824051 0.0157252 0.0303045 0.0590757 0.116571 0.233478 0.475935 0.989465 2.10248 4.58893 10.3352 24.036 58.1768 147.585 393.969 1110.29 3345.3 10898.1 37678.2 140546 571746 2.46751e+06 1.06847e+07 -3.2697e+08 1.1979e+08 
8.47647e-07 1.92719e-07 3.48701e-07 6.31742e-07 1.14625e-06 2.08315e-06 3.79324e-06 6.92316e-06 1.2669e-05 2.3251e-05 4.28243e-05 7.92046e-05 0.000147149 0.000274866 0.000516742 0.000978541 0.00186804 0.00360152 0.00702426 0.0138689 0.0277971 0.0567082 0.118005 0.251029 0.548616 1.23744 2.88327 6.99442 17.7911 47.6512 134.904 408.911 1342.46 4706.12 17976.2 76059.7 353640 1.79587e+06 9.88614e+06 -4.16166e+08 
dt_FE: 2.19869e-10
dt_EA: 2.19869e-10
dt_PE: 2.19869e-10
tolC: 1e-06
dt_grow: 1.03
dt_max: 0.1
steps: 0
