t
0.0004078734375836407660687
dt
0.0000085118208187033290410
DN
-0.0000000080766919923740610
TC
842.0000
N
9.99886298e-01
9.99851331e-01
9.99802460e-01
9.99733129e-01
9.99633074e-01
9.99486042e-01
9.99265807e-01
9.98929200e-01
9.98403677e-01
9.97564689e-01
9.96193653e-01
9.93898467e-01
9.89960909e-01
9.83041809e-01
9.70617771e-01
9.47959364e-01
9.06549041e-01
8.32753696e-01
7.10809010e-01
5.37942993e-01
3.45494806e-01
1.86011206e-01
8.60886518e-02
3.55569214e-02
1.34750004e-02
4.75223895e-03
1.56721912e-03
4.83259228e-04
1.38992316e-04
3.71558987e-05
9.19415323e-06
2.09654769e-06
4.38467897e-07
8.36788269e-08
1.44948219e-08
2.26604274e-09
3.17815838e-10
3.97353516e-11
4.39899201e-12
4.28167391e-13
eC
1.00638940e+00
3.07804198e+00
5.27088624e+00
7.59201189e+00
1.00489234e+01
1.26495642e+01
1.54023425e+01
1.83161584e+01
2.14004324e+01
2.46651365e+01
2.81208258e+01
3.17786729e+01
3.56505041e+01
3.97488374e+01
4.40869232e+01
4.86787870e+01
5.35392748e+01
5.86841012e+01
6.41298999e+01
6.98942779e+01
7.59958720e+01
8.24544093e+01
8.92907710e+01
9.65270599e+01
1.04186672e+02
1.12294371e+02
1.20876370e+02
1.29960417e+02
1.39575880e+02
1.49753848e+02
1.60527227e+02
1.71930848e+02
1.84001582e+02
1.96778453e+02
2.10302771e+02
2.24618262e+02
2.39771209e+02
2.55810604e+02
2.72788303e+02
2.90759198e+02
