t: 3.89383e-09
dt: 3.61558e-10
N: 0.00233616 0.00269826 0.00311514 0.00359514 0.00414752 0.0047816 0.00550913 0.0063434 0.00729805 0.00838622 0.00962689 0.011039 0.0126337 0.0144327 0.0164583 0.0187222 0.0212224 0.0239839 0.0270159 0.0302453 0.0336736 0.0372751 0.0409251 0.0444011 0.0476578 0.0505495 0.0523221 0.0529234 0.0521686 0.0494551 0.0576291 0.416605 0.344019 0.0137108 0.00534569 0.00189749 0.000536017 0.000116861 1.96088e-05 2.46317e-06 
eC: 1 1.15749 1.33977 1.55077 1.795 2.07768 2.40489 2.78363 3.22201 3.72944 4.31677 4.99661 5.78351 6.69433 7.7486 8.9689 10.3814 12.0163 13.9087 16.0991 18.6345 21.5692 24.9661 28.8979 33.4489 38.7167 44.814 51.8717 60.0407 69.4963 80.4411 93.1095 107.773 124.746 144.391 167.131 193.452 223.918 259.182 300 
dV: 1.08333 0.211322 0.327712 0.508206 0.788112 1.22218 1.89532 2.93921 4.55805 7.06849 10.9616 16.999 26.3615 40.8807 63.3966 98.3136 152.462 236.434 366.655 568.597 881.764 1367.42 2120.55 3288.49 5099.69 7908.45 12264.2 19019 29494.1 45738.6 70930.1 109996 170579 264529 410225 636165 986546 1.52991e+06 2.37254e+06 3.67926e+06 
kVec: 815268 947173 1.09319e+06 1.26199e+06 1.457e+06 1.68172e+06 1.94059e+06 2.2387e+06 2.58164e+06 2.97469e+06 3.42579e+06 3.94321e+06 4.53285e+06 5.20535e+06 5.97181e+06 6.84288e+06 7.82275e+06 8.92984e+06 1.01799e+07 1.15603e+07 1.30935e+07 1.47947e+07 1.66656e+07 1.86621e+07 2.08352e+07 2.32306e+07 2.56635e+07 2.82773e+07 3.11951e+07 3.45248e+07 3.83153e+07 4.33733e+07 5.17815e+07 6.61037e+07 9.00608e+07 1.2755e+08 1.80856e+08 2.47078e+08 3.27191e+08 4.16359e+08 
cMat: 
-203774 957.89 1125.57 1311.1 1528.41 1784.27 2085.7 2441.13 2861.89 3363.56 3961 4674.4 5537.6 6582.35 7849.83 9402.97 11333.7 13728.4 16715.8 20547.7 25451.6 31760.9 40036.6 51115.1 65893.5 85796.1 113619 152209 206131 283050 394166 554263 786834 1.13139e+06 1.63353e+06 2.36136e+06 3.39444e+06 4.85127e+06 6.94097e+06 9.96639e+06 
4870.02 -240749 1296.82 1510.58 1760.96 2055.77 2403.1 2812.65 3297.49 3875.59 4564.06 5386.19 6381.01 7585.11 9045.98 10836.2 13061.9 15822.5 19266.7 23685.1 29340.2 36616.7 46162.5 58943.2 75994.9 98963 131078 175628 237892 326728 455082 640050 908796 1.30699e+06 1.8874e+06 2.72875e+06 3.92301e+06 5.60712e+06 8.02284e+06 1.15203e+07 
3654.87 828.251 -277442 1738.77 2027 2366.38 2766.22 3237.7 3795.88 4461.44 5254.12 6200.71 7346.19 8732.73 10415.1 12476.8 15040.3 18220.3 22188 27278.6 33795 42180.9 53184 67918.5 87580.7 114071 151118 202523 274385 376939 525147 738771 1.04922e+06 1.50927e+06 2.17994e+06 3.15228e+06 4.53255e+06 6.47891e+06 9.27084e+06 1.3313e+07 
2714.94 615.253 1108.85 -320307 2331.47 2721.85 3181.8 3724.18 4366.31 5132.01 6043.98 7133.09 8451.11 10046.6 11982.6 14355.4 17306 20966.5 25534.3 31395.8 38900 48558.8 61234.2 78211.9 100872 131409 174127 233417 316322 434669 605743 852388 1.2109e+06 1.74229e+06 2.51709e+06 3.64055e+06 5.23547e+06 7.48445e+06 1.07105e+07 1.53811e+07 
2014.81 456.594 822.908 1484.22 -370308 3100.3 3656.84 4280.28 5018.4 5898.6 6947 8199.1 9714.49 11549 13775.3 16504.1 19897.7 24108.4 29363.4 36107.7 44743.8 55861.4 70454.3 90005.1 116106 151289 200521 268872 364476 500994 698391 983065 1.39697e+06 2.01057e+06 2.90543e+06 4.20321e+06 6.04574e+06 8.64377e+06 1.23706e+07 1.77662e+07 
1494.33 338.647 610.342 1100.84 1969.68 -428465 4196.8 4912.41 5759.68 6770.12 7973.7 9411.23 11151.2 13257.8 15814.4 18948.5 22846.8 27684.2 33722.3 41473.3 51400.5 64182.9 80965.3 103456 133491 173988 230680 309413 419582 576954 804584 1.13297e+06 1.61058e+06 2.3188e+06 3.35189e+06 4.85046e+06 6.97826e+06 9.97843e+06 1.42821e+07 2.05131e+07 
1107.17 250.912 452.223 815.665 1472.57 2660.09 -496092 5630.28 6601.57 7759.98 9139.92 10788.2 12783.4 15199.4 18131.7 21726.9 26199.4 31750.2 38680.1 47577.9 58976.6 73657.4 92937.9 118785 153315 199889 265116 355740 482600 663895 926235 1.30484e+06 1.8557e+06 2.67276e+06 3.86496e+06 5.59474e+06 8.05111e+06 1.15144e+07 1.64824e+07 2.36754e+07 
819.14 185.639 334.585 603.494 1089.54 1968.22 3559.04 -574703 7477.62 8882.91 10463 12350.5 14635.7 17402.9 20762.1 24881.2 30006.4 36368.5 44312.7 54515.7 67589.8 84433.3 106562 136238 175898 229415 304400 408632 554611 763332 1.0655e+06 1.50177e+06 2.1368e+06 3.079e+06 4.45425e+06 6.45018e+06 9.28482e+06 1.32812e+07 1.90142e+07 2.73146e+07 
605.154 137.146 247.188 445.864 804.976 1454.2 2629.64 4712.04 -666241 10150.8 11957.1 14115 16727.8 19892.3 23734.2 28446.1 34310.1 41590.9 50684.3 62366.7 77341.3 96639.6 122003 156032 201531 262954 349066 468831 636658 876753 1.22452e+06 1.7269e+06 2.45851e+06 3.5444e+06 5.12998e+06 7.4319e+06 1.07016e+07 1.5311e+07 2.19235e+07 3.14976e+07 
446.569 101.207 182.418 329.042 594.078 1073.24 1940.82 3514.61 6373.49 -772409 13629.4 16090.3 19070.4 22680.3 27063.8 32441 39134.6 47447.6 57833.1 71180.4 88295.4 110361 139374 178322 230425 300804 399540 536951 729636 1.00548e+06 1.4053e+06 1.98321e+06 2.82535e+06 4.07581e+06 5.90253e+06 8.55556e+06 1.23246e+07 1.76377e+07 2.52597e+07 3.62955e+07 
328.818 74.5225 134.324 242.297 437.475 790.358 1429.32 2588.45 4694.22 8521.95 -896015 18303.3 21695.4 25805.2 30796.6 36920.9 44546.8 54020.4 65859.4 81081.3 100608 125794 158929 203436 263012 343540 456599 614064 835039 1.15164e+06 1.61085e+06 2.2751e+06 3.24369e+06 4.68266e+06 6.78585e+06 9.84173e+06 1.4184e+07 2.03045e+07 2.90852e+07 4.17988e+07 
241.456 54.7242 98.6405 177.936 321.28 580.459 1049.78 1901.21 3448.11 6260.18 11389.1 -1.04013e+06 24441.5 29294.7 34966.1 41926.7 50596.7 61370.7 74839.7 92165.6 114402 143098 180871 231646 299657 391656 520933 701137 954244 1.31721e+06 1.84411e+06 2.60688e+06 3.72e+06 5.37461e+06 7.79442e+06 1.13121e+07 1.63117e+07 2.33581e+07 3.34672e+07 4.81045e+07 
177 40.1167 72.3128 130.449 235.546 425.584 769.723 1394.11 2528.58 4591.15 8353.5 15124 -1.20757e+06 33120.8 39539.9 47420.6 57240.5 69448.4 84716.4 104368 129603 162189 205114 262862 340280 445096 592541 798285 1.08757e+06 1.50287e+06 2.10637e+06 2.98088e+06 4.25828e+06 6.15842e+06 8.93928e+06 1.29843e+07 1.87349e+07 2.68389e+07 3.84658e+07 5.53008e+07 
129.351 29.318 52.8494 95.3415 172.163 311.08 562.664 1019.16 1848.67 3356.97 6108.64 11144.6 20362.8 -1.40289e+06 44547 53438.2 64522.3 78308 95557.8 117774 146323 183214 231851 297346 385236 504355 672128 906520 1.2365e+06 1.71082e+06 2.40091e+06 3.40206e+06 4.86605e+06 7.04551e+06 1.02378e+07 1.48846e+07 2.1493e+07 3.08045e+07 4.41642e+07 6.35085e+07 
94.1339 21.3367 38.4636 69.3923 125.312 226.439 409.6 741.975 1346.01 2444.47 4448.75 8117.47 14834.4 27184.2 -1.63098e+06 59331 72467.8 87982.7 107407 132443 164639 206276 261223 335296 434807 569839 760293 1.02674e+06 1.40237e+06 1.94312e+06 2.73092e+06 3.87533e+06 5.55094e+06 8.04775e+06 1.17084e+07 1.70412e+07 2.4628e+07 3.53167e+07 5.06526e+07 7.28589e+07 
68.2196 15.4635 27.8772 50.2962 90.8324 164.147 296.946 537.958 976.01 1772.76 3226.76 5888.74 10763.7 19729.1 35895.5 -1.89891e+06 80991.2 98371.7 120146 148234 184388 231188 293014 376470 488731 641275 856784 1.15877e+06 1.58522e+06 2.20017e+06 3.09752e+06 4.40309e+06 6.31752e+06 9.17332e+06 1.3365e+07 1.94772e+07 2.81767e+07 4.04306e+07 5.80133e+07 8.3473e+07 
49.2566 11.1656 20.1303 36.3214 65.5994 118.558 214.495 388.631 705.181 1281.04 2332.16 4256.98 7782.95 14269.7 26263.4 48516.1 -2.21109e+06 109209 133456 164768 205114 257397 326561 420066 546041 717508 960240 1.30104e+06 1.78328e+06 2.48015e+06 3.49906e+06 4.98429e+06 7.16618e+06 1.04253e+07 1.52155e+07 2.22085e+07 3.21672e+07 4.61918e+07 6.6316e+07 9.54557e+07 
35.3326 8.00969 14.4415 26.0589 47.0682 85.0745 153.935 278.941 506.22 919.77 1674.79 3057.76 5591.98 10255.9 18882.8 34896.4 64672.7 -2.57862e+06 147369 182085 226870 284981 361971 466239 606967 798885 1.07119e+06 1.45439e+06 1.99789e+06 2.78519e+06 3.93896e+06 5.6245e+06 8.10589e+06 1.18181e+07 1.7283e+07 2.52715e+07 3.66552e+07 5.26826e+07 7.56817e+07 1.08984e+08 
25.1413 5.69972 10.2773 18.5464 33.5021 60.5607 109.593 198.619 360.513 655.16 1193.24 2179.12 3986.36 7313.73 13471.2 24907.2 46185.7 86121.7 -3.014e+06 198808 249399 313631 398874 514553 670998 884816 1.189e+06 1.61816e+06 2.22847e+06 3.11502e+06 4.41767e+06 6.32553e+06 9.14105e+06 1.33607e+07 1.95837e+07 2.86944e+07 4.1687e+07 5.99746e+07 8.62182e+07 1.24218e+08 
17.7876 4.03288 7.27242 13.125 23.7116 42.8684 77.5884 140.64 255.326 464.116 845.523 1544.59 2826.64 5188.22 9560.89 17687.3 32819.9 61245.8 114427 -3.52407e+06 270965 341214 434637 561730 734040 970176 1.30721e+06 1.78424e+06 2.46491e+06 3.45713e+06 4.91992e+06 7.06913e+06 1.02506e+07 1.50295e+07 2.20932e+07 3.24546e+07 4.72447e+07 6.80553e+07 9.79209e+07 1.41163e+08 
12.4602 2.82526 5.09524 9.19675 16.6168 30.0463 54.3908 98.6107 179.064 325.581 593.326 1084.26 1985.06 3645.33 6721.36 12442.3 23105.4 43155.3 81179.1 153238 -4.1301e+06 367451 468908 607322 795526 1.05425e+06 1.42494e+06 1.95161e+06 2.70605e+06 3.81039e+06 5.44495e+06 7.85568e+06 1.14374e+07 1.6832e+07 2.48272e+07 3.65817e+07 5.33796e+07 7.7006e+07 1.10914e+08 1.60005e+08 
8.61669 1.95394 3.52424 6.36194 11.4965 20.7912 37.6443 68.2643 123.991 225.514 411.11 751.567 1376.63 2529.41 4666.71 8645.05 16067.9 30040.7 56572.4 106935 203628 -4.85352e+06 495050 650130 853927 1.13509e+06 1.53971e+06 2.11709e+06 2.94795e+06 4.17003e+06 5.98729e+06 8.67939e+06 1.26964e+07 1.87659e+07 2.77893e+07 4.10908e+07 6.01252e+07 8.68855e+07 1.25292e+08 1.80891e+08 
5.88037 1.33359 2.40563 4.34325 7.84981 14.199 25.7144 46.6423 84.7428 154.184 281.189 514.285 942.522 1732.88 3199.42 5931.87 11036.2 20656.9 38951.3 73742.6 140677 268008 -5.72923e+06 686114 904077 1.20606e+06 1.6429e+06 2.26951e+06 3.17613e+06 4.51744e+06 6.52329e+06 9.51086e+06 1.39922e+07 2.07895e+07 3.09334e+07 4.59346e+07 6.74371e+07 9.76523e+07 1.41019e+08 2.03785e+08 
3.95701 0.897503 1.61923 2.92391 5.28554 9.56283 17.3227 31.4303 57.124 103.976 189.712 347.16 636.641 1171.36 2164.51 4017.02 7482.44 14024 26484.2 50233.1 96034.3 185511 361632 -6.77464e+06 938180 1.25694e+06 1.72103e+06 2.39101e+06 3.36696e+06 4.82146e+06 7.01231e+06 1.02979e+07 1.52595e+07 2.28233e+07 3.4165e+07 5.10061e+07 7.51982e+07 1.09173e+08 1.57935e+08 2.28488e+08 
2.60664 0.591299 1.06696 1.92701 3.48417 6.30526 11.425 20.7363 37.7021 68.6557 125.332 229.483 421.136 775.49 1434.33 2664.79 4970.17 9329.29 17648.1 33543 64280.8 124512 243498 479409 -8.05267e+06 1.28806e+06 1.77402e+06 2.48086e+06 3.51866e+06 5.07877e+06 7.44902e+06 1.10331e+07 1.64893e+07 2.48583e+07 3.74798e+07 5.63128e+07 8.3438e+07 1.21509e+08 1.76148e+08 2.5517e+08 
1.67344 0.379664 0.6852 1.23777 2.23848 4.05205 7.34458 13.3351 24.2554 44.1913 80.7177 147.888 271.609 500.599 926.847 1724.02 3220.16 6054.41 11474.5 21859.3 42002.6 81606.9 160163 316694 635095 -9.64892e+06 1.7901e+06 2.53182e+06 3.62064e+06 5.27402e+06 7.81164e+06 1.16864e+07 1.7642e+07 2.6845e+07 4.08193e+07 6.17925e+07 9.20971e+07 1.34605e+08 1.95611e+08 2.83785e+08 
1.04921 0.23808 0.429762 0.776515 1.40467 2.5435 4.6119 8.37694 15.2442 27.7894 50.7918 93.1275 171.189 315.844 585.469 1090.53 2040.31 3843.46 7300.11 13944.3 26877.9 52408.4 103293 205295 414124 847506 -1.15883e+07 2.4946e+06 3.60445e+06 5.31204e+06 7.96877e+06 1.2079e+07 1.84794e+07 2.84731e+07 4.37896e+07 6.69595e+07 1.00587e+08 1.47729e+08 2.15377e+08 3.13052e+08 
0.634813 0.144074 0.260126 0.470124 0.850662 1.54084 2.79496 5.07892 9.2472 16.8675 30.851 56.6105 104.163 192.396 357.093 666.132 1248.55 2356.86 4487.1 8596.17 16626 32546.1 64445.3 128816 261560 541375 1.12667e+06 -1.40284e+07 3.48289e+06 5.20369e+06 7.92607e+06 1.22068e+07 1.89829e+07 2.97076e+07 4.63399e+07 7.17551e+07 1.08854e+08 1.60846e+08 2.35443e+08 3.4299e+08 
0.36767 0.0834602 0.150722 0.272469 0.493161 0.893601 1.62158 2.94805 5.37041 9.80237 17.942 32.9504 60.6906 112.233 208.589 389.726 731.885 1384.62 2642.77 5078.78 9859.15 19381.5 38571.4 77577.2 158655 331098 696217 1.48952e+06 -1.7144e+07 4.89326e+06 7.66876e+06 1.20348e+07 1.90858e+07 3.04405e+07 4.83125e+07 7.59704e+07 1.16642e+08 1.73651e+08 2.55438e+08 3.73112e+08 
0.202787 0.0460413 0.0831665 0.150386 0.272278 0.493548 0.896006 1.62975 2.97057 5.42577 9.93895 18.2691 33.6858 62.3724 116.088 217.264 408.848 775.31 1483.8 2861.12 5576.15 11012 22035.4 44620.7 91980.6 193720 412124 893882 1.96544e+06 -2.12176e+07 7.10066e+06 1.1405e+07 1.85377e+07 3.02973e+07 4.91772e+07 7.88974e+07 1.2305e+08 1.85004e+08 2.73884e+08 4.01395e+08 
0.104028 0.0236236 0.0426829 0.077203 0.139822 0.253545 0.460499 0.838023 1.52836 2.79351 5.12125 9.42204 17.3922 32.2448 60.1028 112.679 212.486 403.923 775.183 1499.94 2935.32 5824.44 11721.7 23906.4 49697.3 105699 227748 501559 1.1347e+06 2.61574e+06 -2.65715e+07 1.00071e+07 1.67859e+07 2.83505e+07 4.74563e+07 7.82934e+07 1.24826e+08 1.90328e+08 2.84339e+08 4.18619e+08 
0.0308512 0.00700736 0.0126639 0.0229122 0.041509 0.0752985 0.13682 0.24911 0.454579 0.831449 1.52547 2.80908 5.19098 9.63628 17.9878 33.7807 63.8363 121.642 234.095 454.533 893.16 1780.73 3604.36 7404.38 15524.5 33350 72807.6 162911 375562 886082 2.11053e+06 -3.68713e+07 8.95839e+06 1.57522e+07 2.74092e+07 4.68719e+07 7.69137e+07 1.19486e+08 1.80684e+08 2.67613e+08 
0.0151729 0.00344697 0.00623094 0.0112764 0.0204352 0.0370837 0.067411 0.122796 0.224206 0.410364 0.753487 1.38873 2.56903 4.77502 8.92622 16.7915 31.7967 60.7342 117.198 228.34 450.51 902.445 1837.07 3801.11 8038.08 17441.9 38589.2 87769.2 206340 498962 1.22648e+06 3.10357e+06 -4.88588e+07 1.49892e+07 2.73971e+07 4.90021e+07 8.34123e+07 1.32748e+08 2.03924e+08 3.04376e+08 
0.00899706 0.00204431 0.00369622 0.00669088 0.0121287 0.0220173 0.040039 0.0729677 0.133296 0.244125 0.44857 0.827415 1.53217 2.85111 5.33676 10.0547 19.0759 36.516 70.641 138.063 273.41 550.06 1125.61 2344.5 4997.16 10944.9 24519.7 56643.4 135714 336292 854235 2.25047e+06 6.18129e+06 -6.25354e+07 3.22459e+07 6.16056e+07 1.11153e+08 1.84192e+08 2.90742e+08 4.40022e+08 
0.00314054 0.000713714 0.00129069 0.00233694 0.00423732 0.00769448 0.0139977 0.0255202 0.0466422 0.0854723 0.157156 0.2901 0.537684 1.00161 1.87711 3.54161 6.73086 12.9104 25.0328 49.0658 97.4977 196.928 404.909 848.478 1821.53 4023.46 9116.71 21361.1 52074.1 131967 345700 946711 2.73146e+06 7.79582e+06 -8.84188e+07 4.63314e+07 9.04705e+07 1.59178e+08 2.62194e+08 4.06347e+08 
0.000934512 0.000212408 0.000384192 0.000695766 0.00126185 0.00229202 0.00417098 0.00760722 0.0139094 0.0255024 0.0469184 0.0866667 0.160764 0.299759 0.562389 1.06244 2.02232 3.88596 7.55021 14.8369 29.5717 59.9403 123.77 260.751 563.368 1253.76 2869.63 6808.76 16855.9 43582.2 117402 333257 1.00566e+06 3.06587e+06 9.53721e+06 -1.26906e+08 6.47424e+07 1.25071e+08 2.19561e+08 3.53916e+08 
0.000230404 5.23753e-05 9.47472e-05 0.000171614 0.000311298 0.000565564 0.00102947 0.00187814 0.00343523 0.00630094 0.0115976 0.0214342 0.0397852 0.0742387 0.139401 0.263613 0.502392 0.966723 1.88131 3.70441 7.40094 15.0429 31.1655 65.9343 143.169 320.498 739.355 1771.57 4438.78 11658.1 32103.8 93792.8 293606 948759 3.19413e+06 1.11042e+07 -1.80648e+08 8.32325e+07 1.62521e+08 2.82232e+08 
4.57926e-05 1.04103e-05 1.8834e-05 3.41172e-05 6.18938e-05 0.000112464 0.000204746 0.000373602 0.000683487 0.00125398 0.00230878 0.00426838 0.00792598 0.0147967 0.0277992 0.0526024 0.100326 0.19322 0.376397 0.742072 1.48475 3.02301 6.27588 13.3118 28.9941 65.1417 151.007 364.034 918.974 2437.5 6807.24 20262.9 64980.1 218636 781532 2.98313e+06 1.15747e+07 -2.47025e+08 9.78658e+07 1.99313e+08 
7.15296e-06 1.62622e-06 2.94229e-06 5.33026e-06 9.67074e-06 1.7574e-05 3.1998e-05 5.83949e-05 0.000106847 0.000196067 0.000361066 0.000667686 0.00124019 0.00231605 0.00435293 0.00824041 0.015725 0.0303041 0.059075 0.11657 0.233475 0.475929 0.989453 2.10245 4.58888 10.3351 24.0357 58.1761 147.583 393.964 1110.27 3345.26 10898 37677.8 140544 571739 2.46748e+06 1.06846e+07 -3.27181e+08 1.19788e+08 
8.47646e-07 1.92719e-07 3.48701e-07 6.31741e-07 1.14624e-06 2.08315e-06 3.79323e-06 6.92315e-06 1.26689e-05 2.32509e-05 4.28242e-05 7.92045e-05 0.000147149 0.000274866 0.000516741 0.000978539 0.00186804 0.00360152 0.00702425 0.0138689 0.0277971 0.0567081 0.118005 0.251028 0.548615 1.23744 2.88326 6.99441 17.7911 47.6511 134.904 408.911 1342.46 4706.11 17976.2 76059.6 353640 1.79587e+06 9.88613e+06 -4.16357e+08 
dt_FE: 3.61558e-10
dt_EA: 3.61558e-10
dt_PE: 3.61558e-10
tolC: 1e-06
dt_grow: 1.03
dt_max: 0.1
steps: 0
