t: 4.32097e-06
dt: 4.47133e-07
N: 0.927501 0.933244 0.936369 0.937717 0.937958 0.937543 0.936735 0.935653 0.93433 0.932751 0.930874 0.928639 0.925969 0.922762 0.918892 0.914192 0.908445 0.901361 0.892557 0.88151 0.867508 0.849578 0.826383 0.796113 0.756383 0.704253 0.636575 0.551086 0.448584 0.335672 0.225501 0.133315 0.0684648 0.0303135 0.0114883 0.0036835 0.000981052 0.000211646 3.58358e-05 4.58652e-06 
eC: 1 1.15749 1.33977 1.55077 1.795 2.07768 2.40489 2.78363 3.22201 3.72944 4.31677 4.99661 5.78351 6.69433 7.7486 8.9689 10.3814 12.0163 13.9087 16.0991 18.6345 21.5692 24.9661 28.8979 33.4489 38.7167 44.814 51.8717 60.0407 69.4963 80.4411 93.1095 107.773 124.746 144.391 167.131 193.452 223.918 259.182 300 
dV: 1.08333 0.211322 0.327712 0.508206 0.788112 1.22218 1.89532 2.93921 4.55805 7.06849 10.9616 16.999 26.3615 40.8807 63.3966 98.3136 152.462 236.434 366.655 568.597 881.764 1367.42 2120.55 3288.49 5099.69 7908.45 12264.2 19019 29494.1 45738.6 70930.1 109996 170579 264529 410225 636165 986546 1.52991e+06 2.37254e+06 3.67926e+06 
kVec: 1.0301e+06 1.19339e+06 1.37488e+06 1.58371e+06 1.82367e+06 2.09841e+06 2.41262e+06 2.77155e+06 3.18052e+06 3.64376e+06 4.16863e+06 4.76184e+06 5.42518e+06 6.16589e+06 6.99004e+06 7.89977e+06 8.88626e+06 9.95716e+06 1.11116e+07 1.23082e+07 1.35478e+07 1.48183e+07 1.60891e+07 1.72809e+07 1.84372e+07 1.96007e+07 2.06412e+07 2.18077e+07 2.33972e+07 2.58634e+07 2.96964e+07 3.61556e+07 4.71157e+07 6.38682e+07 8.9496e+07 1.28173e+08 1.82276e+08 2.48899e+08 3.2919e+08 4.18366e+08 
cMat: 
-60910.8 69.6087 81.7942 95.2759 111.068 129.661 151.565 177.394 207.97 244.426 287.841 339.683 402.411 478.332 570.438 683.303 823.609 997.628 1214.72 1493.18 1849.54 2308.03 2909.42 3714.48 4788.41 6234.71 8256.58 11060.8 14979.3 20568.9 28643.6 40277.7 57178.3 82216.7 118707 171598 246670 352536 504393 724246 
325.983 -71152.8 86.8046 101.113 117.873 137.606 160.855 188.269 220.723 259.419 305.503 360.534 427.123 507.722 605.508 725.339 874.318 1059.11 1289.65 1585.4 1963.93 2451 3089.96 3945.46 5086.84 6624.25 8773.91 11756 15923.7 21870.1 30461.7 42842.8 60831.7 87485.8 126336 182653 262593 375322 537022 771129 
233.29 52.8672 -82658.4 110.986 129.384 151.046 176.568 206.663 242.291 284.774 335.37 395.791 468.907 557.41 664.793 796.395 960.022 1163 1416.26 1741.19 2157.13 2692.41 3394.73 4335.23 5590.28 7281.12 9645.87 12927.1 17514 24060 33520.1 47155.7 66971.5 96336.8 139146 201210 289313 413549 591757 849766 
169.704 38.4579 69.3112 -96146.2 145.734 170.136 198.887 232.789 272.927 320.789 377.794 445.872 528.258 627.989 749.004 897.324 1081.76 1310.57 1596.09 1962.47 2431.54 3035.29 3827.6 4888.83 6305.29 8214.04 10884.3 14590.3 19772.5 27170.1 37863.5 53280.7 75690.7 108906 157337 227562 327257 467834 669486 961437 
125.524 28.4461 51.2678 92.4681 -111982 193.151 227.824 266.664 312.65 367.487 432.804 510.81 605.22 719.514 858.211 1028.22 1239.64 1501.97 1829.36 2249.54 2787.57 3480.21 4389.36 5607.39 7233.52 9425.39 12492.6 16750.9 22707.2 31212.3 43510.3 61245.7 87032.4 125260 181011 261863 376654 538514 770695 1.10685e+06 
93.78 21.2525 38.3034 69.0859 123.612 -130570 263.38 308.289 361.462 424.874 500.408 590.622 699.817 832.022 992.468 1189.16 1433.8 1737.38 2116.32 2602.75 3225.75 4027.94 5081.16 6492.62 8377.54 10919 14476.8 19417.9 26331.8 36208 50493.5 71102 101076 145521 210355 304402 437937 626218 896305 1.28734e+06 
70.4338 15.962 28.7686 51.8892 93.6786 169.224 -152447 358.175 419.964 493.657 581.443 686.299 813.228 966.92 1153.46 1382.18 1666.69 2019.82 2460.67 3026.71 3751.84 4685.77 5912.32 7556.63 9753.26 12716.1 16865.5 22630.7 30701 42234.2 58923.2 83008.5 118052 170030 245872 355914 512178 732497 1.04854e+06 1.50613e+06 
53.0459 12.0216 21.6671 39.081 70.5566 127.458 230.476 -178273 484.236 575.239 677.565 799.797 947.777 1126.98 1344.51 1611.26 1943.15 2355.15 2869.6 3530.33 4376.98 5467.73 6900.71 8822.51 11390.8 14856.4 19712.3 26462.2 35915.5 49431.9 68999.4 97251.5 138375 199390 288448 417701 601266 860065 1.23132e+06 1.76884e+06 
40.0326 9.07257 16.3522 29.4951 53.2515 96.1996 173.958 311.715 -208839 671.505 790.997 933.748 1106.59 1315.93 1570.09 1881.79 2269.71 2751.35 3352.91 4125.74 5116.35 6392.98 8070.81 10322 13331.8 17395.2 23091.7 31014.5 42116.8 57999.7 81005.7 114239 162638 234472 339363 491641 707940 1.01287e+06 1.4503e+06 2.08365e+06 
30.2853 6.86366 12.3711 22.3149 40.289 72.785 131.622 238.353 432.236 -245028 924.318 1091.21 1293.31 1538.13 1835.41 2200.08 2654.02 3217.79 3922.11 4827.3 5988 7484.42 9452.03 12093.4 15626.9 20399.9 27095.9 36414.8 49482.3 68189.7 95304.3 134497 191609 276412 400297 580219 835827 1.19615e+06 1.71306e+06 2.46148e+06 
22.9508 5.20151 9.37548 16.9118 30.5348 55.1652 99.7631 180.668 327.646 594.813 -288154 1277.53 1514.29 1801.15 2149.53 2577 3109.27 3770.5 4596.84 5659.29 7022.23 8780.17 11092.9 14199.4 18357.7 23978.3 31869.6 42860.3 58283.8 80381.7 112434 158797 226403 326839 473637 686931 990010 1.41721e+06 2.03008e+06 2.91746e+06 
17.4228 3.94874 7.11762 12.8394 23.1826 41.8842 75.7488 137.186 248.805 451.717 821.807 -339803 1763.63 2113.82 2523.05 3025.31 3650.91 4428.34 5400.22 6650.4 8254.92 10325.5 13051.1 16714.9 21622.4 28260.7 37589 50592 68855.5 95045.7 133065 188105 268424 387817 562423 816248 1.177e+06 1.68545e+06 2.4149e+06 3.47108e+06 
13.2712 3.00789 5.4219 9.78083 17.6609 31.9096 57.7126 104.528 189.589 344.238 626.333 1133.98 -401630 2483.35 2964.64 3555.52 4291.81 5207.14 6351.9 7825.32 9717.44 12160.7 15379.2 19709 25513.6 33372.6 44427.8 59854.2 81544.6 112683 157932 223502 319279 461749 670253 973541 1.40471e+06 2.01234e+06 2.8841e+06 4.14637e+06 
10.1371 2.29761 4.14174 7.47178 13.4922 24.3789 44.0952 79.8702 144.878 263.082 478.726 873.388 1595.81 -476237 3491.09 4187.88 5056.53 6136.9 7488.74 9229.83 11467.2 14358.3 18169.9 23302.6 30190.4 39525.6 52673.8 71042.8 96902.8 134075 188156 266615 381346 552148 802326 1.16649e+06 1.68438e+06 2.41411e+06 3.46109e+06 4.97708e+06 
7.76276 1.75953 3.1719 5.72244 10.3338 18.6733 33.7777 61.187 110.999 201.583 366.866 669.407 1223.32 2241.75 -566945 4892.73 5976.06 7255.5 8857.31 10921.9 13577 17010.6 21541.7 27650.2 35856.4 46991.8 62697.5 84670 115647 160239 225205 319579 457758 663658 965534 1.4053e+06 2.03095e+06 2.91239e+06 4.17707e+06 6.00831e+06 
5.96547 1.3522 2.43773 4.39815 7.94284 14.3538 25.9665 47.0417 85.3472 155.019 282.164 514.941 941.228 1725.21 3138.88 -677862 7082.28 8602.12 10506.1 12962.4 16123.9 20216.2 25622.6 32920.5 42737.1 56076.3 74921.6 101329 138620 192394 270863 385028 552436 802162 1.1687e+06 1.70318e+06 2.46391e+06 3.53546e+06 5.07298e+06 7.2993e+06 
4.60749 1.04444 1.883 3.39753 6.13621 11.0899 20.064 36.3528 65.963 119.829 218.151 398.2 728.021 1334.79 2456.7 4538.22 -813585 10215.5 12483.6 15412.5 19186.5 24077.1 30546.7 39293.2 51077 67116.1 89821.4 121700 166809 231994 327304 466234 670328 975188 1.42327e+06 2.0774e+06 3.00894e+06 4.32081e+06 6.20323e+06 8.92898e+06 
3.57079 0.809478 1.45949 2.63357 4.75682 8.59783 15.557 28.1904 51.1598 92.9542 169.259 309.025 565.139 1036.48 1908.34 3526.71 6535.98 -982159 14893.5 18402 22928.1 28800.9 36581.6 47119.3 61341.6 80737.2 108257 146984 201911 281478 398081 568426 819201 1.19437e+06 1.74666e+06 2.55399e+06 3.70446e+06 5.32423e+06 7.64858e+06 1.10142e+07 
2.77626 0.629399 1.13489 2.04801 3.69951 6.68749 12.102 21.9328 39.8101 72.3468 131.765 240.632 440.199 807.627 1487.58 2750.4 5100.11 9510.09 -1.19387e+06 21953.6 27540.2 34633 44046.1 56820.2 74095.8 97706.9 131297 178687 246081 343979 487827 698504 1.00941e+06 1.47537e+06 2.16255e+06 3.16862e+06 4.60334e+06 6.62277e+06 9.52075e+06 1.37169e+07 
2.17339 0.49276 0.888586 1.60369 2.89722 5.23791 9.48019 17.1842 31.1972 56.7083 103.311 188.726 345.375 633.927 1168.2 2161.13 4010.13 7483.36 13981.3 -1.4584e+06 33108 41691.5 53106.5 68635.4 89689.2 118542 159722 218009 301177 422412 601144 863747 1.25248e+06 1.83639e+06 2.69947e+06 3.96549e+06 5.77263e+06 8.31539e+06 1.19645e+07 1.72481e+07 
1.7084 0.387367 0.6986 1.26095 2.27831 4.1196 7.45744 13.5204 24.5512 44.6399 81.35 148.661 272.169 499.805 921.556 1705.94 3167.95 5916.95 11130.3 21010.3 -1.79497e+06 50380.7 64291.2 83269 109073 144547 195372 267582 371022 522437 746549 1.07708e+06 1.56817e+06 2.30782e+06 3.40402e+06 5.01567e+06 7.3188e+06 1.05582e+07 1.52072e+07 2.1938e+07 
1.34632 0.305296 0.550649 0.994027 1.79628 3.24854 5.88177 10.666 19.3731 35.2356 64.2343 117.429 215.093 395.21 729.155 1350.76 2510.55 4693.73 8839.22 16708.1 31816 -2.229e+06 77349.6 101580 133423 177354 240574 330787 460605 651551 935490 1.35612e+06 1.98376e+06 2.93209e+06 4.34197e+06 6.42028e+06 9.39432e+06 1.35755e+07 1.95764e+07 2.82634e+07 
1.0645 0.241413 0.435481 0.786239 1.42102 2.57039 4.65495 8.44345 15.3406 27.9112 50.9024 93.0988 170.621 313.695 579.177 1073.82 1997.83 3739.43 7051.17 13349.3 25466.2 48516.3 -2.79334e+06 124204 163661 218327 297406 410839 574960 817771 1.18088e+06 1.72171e+06 2.53294e+06 3.76344e+06 5.59974e+06 8.31533e+06 1.22078e+07 1.76776e+07 2.5528e+07 3.68902e+07 
0.84427 0.191492 0.345479 0.623848 1.12773 2.04033 3.69599 6.70599 12.188 22.1844 40.4771 74.0703 135.834 249.923 461.822 857.075 1596.46 2992.17 5650.69 10717.8 20489.9 39580.8 77158 -3.52336e+06 200171 268182 367199 510147 718377 1.02871e+06 1.49615e+06 2.19718e+06 3.25578e+06 4.8696e+06 7.28948e+06 1.08827e+07 1.60443e+07 2.32932e+07 3.36972e+07 4.87504e+07 
0.666798 0.151259 0.272937 0.492945 0.891277 1.61294 2.92262 5.30451 9.64449 17.5627 32.061 58.7035 107.73 198.376 366.913 681.675 1271.41 2386.51 4514.52 8580.56 16443.5 31851.1 62288.8 122637 -4.49162e+06 329495 453809 634624 900101 1.29919e+06 1.90552e+06 2.82237e+06 4.2181e+06 6.35896e+06 9.58763e+06 1.44053e+07 2.13441e+07 3.10829e+07 4.50601e+07 6.52744e+07 
0.521265 0.118263 0.213435 0.385557 0.697271 1.26219 2.28779 4.15379 7.55539 13.7653 25.143 46.0662 84.6043 155.933 288.707 537.02 1003.06 1885.91 3574.23 6809.03 13083.5 25420 49889.7 98648.1 197828 -5.79686e+06 557602 788645 1.1278e+06 1.64282e+06 2.43327e+06 3.64025e+06 5.49537e+06 8.36204e+06 1.27149e+07 1.92479e+07 2.86876e+07 4.19286e+07 6.09313e+07 8.8397e+07 
0.40236 0.0913014 0.164809 0.297786 0.538677 0.975407 1.76862 3.21248 5.84599 10.657 19.4782 35.7135 65.6494 121.123 224.522 418.206 782.441 1473.93 2799.52 5347.52 10307.4 20098.1 39612 78728.7 158813 325011 -7.50154e+06 956654 1.38227e+06 2.03712e+06 3.05595e+06 4.63217e+06 7.08668e+06 1.09192e+07 1.67929e+07 2.56783e+07 3.8574e+07 5.66526e+07 8.25951e+07 1.20052e+08 
0.300901 0.0682911 0.1233 0.222839 0.403214 0.730361 1.32481 2.40741 4.38317 7.99522 14.6234 26.8334 49.3733 91.1958 169.262 315.747 591.814 1117.15 2126.89 4074.59 7880.75 15426.9 30547.1 61058.9 123980 256612 534044 -9.78978e+06 1.65089e+06 2.46655e+06 3.75696e+06 5.78602e+06 8.99788e+06 1.40814e+07 2.19651e+07 3.40119e+07 5.15966e+07 7.62409e+07 1.116e+08 1.62577e+08 
0.213898 0.0485543 0.0876849 0.158513 0.286904 0.519866 0.943378 1.71508 3.12432 5.70268 10.438 19.1694 35.3077 65.2932 121.35 226.729 425.786 805.525 1537.47 2954.66 5735.72 11275.5 22439.5 45131.8 92300 192622 405035 866553 -1.29016e+07 2.84673e+06 4.46142e+06 7.00145e+06 1.11035e+07 1.77092e+07 2.81066e+07 4.4197e+07 6.78586e+07 1.01024e+08 1.48605e+08 2.17064e+08 
0.141726 0.0321779 0.0581244 0.105104 0.190293 0.344937 0.626211 1.13902 2.07611 3.79203 6.94625 12.7681 23.5427 43.5915 81.1332 151.844 285.74 541.858 1037.02 1999.61 3897.13 7696.22 15400.4 31185.1 64284.5 135390 288030 624727 1.37363e+06 -1.71818e+07 4.96259e+06 7.97084e+06 1.29559e+07 2.11745e+07 3.43696e+07 5.51407e+07 8.59989e+07 1.29298e+08 1.91415e+08 2.80532e+08 
0.0854968 0.0194154 0.0350795 0.0634502 0.114914 0.20838 0.378467 0.68874 1.2561 2.29588 4.20897 7.74362 14.294 26.5008 49.3962 92.6063 174.634 331.969 637.094 1232.74 2412.43 4786.89 9633.63 19647.8 40844.4 86870.2 187177 412213 932570 2.14978e+06 -2.29998e+07 8.22446e+06 1.37957e+07 2.33002e+07 3.90026e+07 6.43464e+07 1.0259e+08 1.56424e+08 2.33687e+08 3.44047e+08 
0.0458322 0.0104101 0.0188133 0.0340381 0.0616654 0.111863 0.203258 0.370075 0.675317 1.23519 2.26623 4.17313 7.71166 14.3155 26.7225 50.1843 94.8345 180.711 347.768 675.25 1326.87 2645.43 5354.6 10999.9 23063 49544.4 108162 242019 557931 1.31635e+06 3.13539e+06 -3.13355e+07 1.33085e+07 2.34013e+07 4.07188e+07 6.96325e+07 1.14262e+08 1.77507e+08 2.68423e+08 3.97563e+08 
0.0215466 0.00489492 0.00884834 0.0160132 0.0290193 0.0526612 0.0957279 0.174378 0.318386 0.582743 1.07 1.97208 3.64819 6.78084 12.6758 23.845 45.1534 86.2464 166.429 324.257 639.753 1281.53 2608.75 5397.82 11414.6 24768.6 54799.2 124638 293016 708558 1.74168e+06 4.40727e+06 -4.38899e+07 2.12856e+07 3.89057e+07 6.95861e+07 1.18451e+08 1.88511e+08 2.89585e+08 4.32234e+08 
0.0088456 0.0020099 0.003634 0.00657825 0.0119245 0.0216467 0.039365 0.0717394 0.131053 0.240016 0.441019 0.813487 1.50638 2.80311 5.24692 9.88549 18.7548 35.9013 69.4519 135.739 268.808 540.801 1106.66 2305.03 4913.04 10760.6 24106.9 55689.9 133430 330631 839855 2.21259e+06 6.07724e+06 -6.19322e+07 3.17031e+07 6.05686e+07 1.09282e+08 1.81091e+08 2.85848e+08 4.32615e+08 
0.00312115 0.000709307 0.00128272 0.00232251 0.00421116 0.00764696 0.0139112 0.0253626 0.0463542 0.0849444 0.156185 0.288308 0.534364 0.99542 1.86551 3.51974 6.68929 12.8307 24.8782 48.7628 96.8956 195.712 402.408 843.239 1810.28 3998.62 9060.41 21229.2 51752.5 131152 343565 940865 2.71459e+06 7.74767e+06 -8.84678e+07 4.60453e+07 8.99118e+07 1.58195e+08 2.60575e+08 4.03838e+08 
0.00093284 0.000212028 0.000383505 0.000694521 0.00125959 0.00228792 0.00416351 0.00759361 0.0138845 0.0254567 0.0468344 0.0865117 0.160476 0.299223 0.561383 1.06054 2.0187 3.879 7.5367 14.8103 29.5188 59.8331 123.548 260.285 562.36 1251.52 2864.49 6796.57 16825.7 43504.2 117192 332661 1.00386e+06 3.06038e+06 9.52015e+06 -1.27701e+08 6.46265e+07 1.24847e+08 2.19168e+08 3.53282e+08 
0.000230301 5.23519e-05 9.4705e-05 0.000171537 0.000311159 0.000565312 0.00102901 0.0018773 0.0034337 0.00629813 0.0115925 0.0214246 0.0397675 0.0742057 0.139339 0.263496 0.502168 0.966293 1.88048 3.70276 7.39764 15.0362 31.1516 65.905 143.105 320.355 739.026 1770.78 4436.81 11652.9 32089.5 93751.1 293475 948336 3.1927e+06 1.10993e+07 -1.82097e+08 8.31955e+07 1.62449e+08 2.82106e+08 
4.57882e-05 1.04093e-05 1.88322e-05 3.41139e-05 6.1888e-05 0.000112453 0.000204726 0.000373567 0.000683423 0.00125386 0.00230856 0.00426798 0.00792523 0.0147953 0.0277966 0.0525974 0.100316 0.193202 0.376361 0.742001 1.48461 3.02272 6.27529 13.3105 28.9913 65.1355 150.992 364 918.886 2437.27 6806.6 20261 64974 218615 781458 2.98285e+06 1.15736e+07 -2.48846e+08 9.78565e+07 1.99294e+08 
7.15284e-06 1.62619e-06 2.94225e-06 5.33018e-06 9.67058e-06 1.75737e-05 3.19975e-05 5.83939e-05 0.000106845 0.000196064 0.00036106 0.000667675 0.00124017 0.00231601 0.00435286 0.00824028 0.0157248 0.0303036 0.059074 0.116568 0.233471 0.475922 0.989437 2.10242 4.5888 10.335 24.0353 58.1752 147.581 393.958 1110.25 3345.21 10897.8 37677.1 140542 571730 2.46744e+06 1.06844e+07 -3.29178e+08 1.19787e+08 
8.47644e-07 1.92719e-07 3.487e-07 6.3174e-07 1.14624e-06 2.08314e-06 3.79322e-06 6.92314e-06 1.26689e-05 2.32509e-05 4.28241e-05 7.92043e-05 0.000147148 0.000274865 0.00051674 0.000978537 0.00186804 0.00360151 0.00702424 0.0138689 0.027797 0.056708 0.118005 0.251028 0.548614 1.23744 2.88325 6.9944 17.791 47.651 134.904 408.91 1342.45 4706.1 17976.1 76059.5 353639 1.79586e+06 9.88611e+06 -4.18364e+08 
dt_FE: 4.47133e-07
dt_EA: 4.47133e-07
dt_PE: 4.47133e-07
tolC: 1e-06
dt_grow: 1.03
dt_max: 0.1
steps: 0
