t: 1.82921e-08
dt: 9.06919e-10
N: 0.01155 0.0133262 0.0153664 0.0177094 0.0203976 0.0234723 0.0269858 0.030996 0.0355599 0.0407287 0.0465794 0.0531834 0.0605669 0.0688031 0.0779565 0.088033 0.0989617 0.110788 0.123467 0.136574 0.150016 0.163559 0.176556 0.187998 0.197599 0.20465 0.206408 0.202705 0.192888 0.175168 0.155407 0.295824 0.200316 0.0365824 0.0148215 0.00498541 0.00135299 0.000292546 4.94658e-05 6.31805e-06 
eC: 1 1.15749 1.33977 1.55077 1.795 2.07768 2.40489 2.78363 3.22201 3.72944 4.31677 4.99661 5.78351 6.69433 7.7486 8.9689 10.3814 12.0163 13.9087 16.0991 18.6345 21.5692 24.9661 28.8979 33.4489 38.7167 44.814 51.8717 60.0407 69.4963 80.4411 93.1095 107.773 124.746 144.391 167.131 193.452 223.918 259.182 300 
dV: 1.08333 0.211322 0.327712 0.508206 0.788112 1.22218 1.89532 2.93921 4.55805 7.06849 10.9616 16.999 26.3615 40.8807 63.3966 98.3136 152.462 236.434 366.655 568.597 881.764 1367.42 2120.55 3288.49 5099.69 7908.45 12264.2 19019 29494.1 45738.6 70930.1 109996 170579 264529 410225 636165 986546 1.52991e+06 2.37254e+06 3.67926e+06 
kVec: 861657 1.00043e+06 1.15424e+06 1.33188e+06 1.53687e+06 1.77275e+06 2.04408e+06 2.356e+06 2.7141e+06 3.1235e+06 3.59208e+06 4.12788e+06 4.73597e+06 5.42636e+06 6.20915e+06 7.09317e+06 8.07973e+06 9.18475e+06 1.042e+07 1.17657e+07 1.32384e+07 1.48454e+07 1.65781e+07 1.83809e+07 2.0298e+07 2.23684e+07 2.44165e+07 2.66088e+07 2.91143e+07 3.21597e+07 3.59703e+07 4.15854e+07 5.10372e+07 6.62238e+07 9.05973e+07 1.28283e+08 1.8166e+08 2.47868e+08 3.27945e+08 4.17063e+08 
cMat: 
-182857 949.043 1115.18 1298.99 1514.29 1767.79 2066.44 2418.58 2835.46 3332.49 3924.42 4631.23 5486.46 6521.56 7777.34 9316.13 11229.1 13601.6 16561.4 20357.9 25216.6 31467.6 39666.9 50643.1 65285 85003.8 112570 150803 204227 280436 390526 549144 779567 1.12094e+06 1.61845e+06 2.33956e+06 3.36309e+06 4.80647e+06 6.87687e+06 9.87435e+06 
4818.12 -216393 1283 1494.48 1742.2 2033.86 2377.49 2782.68 3262.35 3834.28 4515.43 5328.79 6313.01 7504.27 8949.58 10720.7 12922.7 15653.9 19061.4 23432.7 29027.5 36226.5 45670.6 58315 75185 97908.4 129681 173756 235357 323246 450233 633229 899111 1.29307e+06 1.86728e+06 2.69967e+06 3.8812e+06 5.54736e+06 7.93734e+06 1.13975e+07 
3609.96 818.072 -249133 1717.41 2002.09 2337.3 2732.22 3197.91 3749.23 4406.61 5189.54 6124.5 7255.91 8625.41 10287.1 12323.5 14855.5 17996.3 21915.3 26943.3 33379.6 41662.6 52530.4 67083.8 86504.4 112669 149261 200035 271013 372307 518693 729692 1.03632e+06 1.49072e+06 2.15315e+06 3.11354e+06 4.47685e+06 6.39929e+06 9.1569e+06 1.31494e+07 
2676.49 606.537 1093.14 -287375 2298.44 2683.3 3136.73 3671.43 4304.46 5059.31 5958.37 7032.04 8331.4 9904.3 11812.9 14152.1 17060.9 20669.5 25172.6 30951 38349 47870.9 60366.8 77104 99443.6 129547 171661 230110 311841 428511 597163 840313 1.19375e+06 1.71761e+06 2.48143e+06 3.58898e+06 5.16131e+06 7.37843e+06 1.05588e+07 1.51633e+07 
1981.93 449.143 809.48 1460 -331960 3049.71 3597.17 4210.43 4936.51 5802.35 6833.64 8065.31 9555.97 11360.6 13550.5 16234.8 19573 23715 28884.2 35518.5 44013.7 54949.8 69304.6 88536.4 114212 148820 197249 264484 358529 492819 686995 967024 1.37418e+06 1.97777e+06 2.85802e+06 4.13462e+06 5.94709e+06 8.50273e+06 1.21687e+07 1.74763e+07 
1466.27 332.287 598.879 1080.17 1932.69 -383780 4117.98 4820.15 5651.51 6642.97 7823.95 9234.48 10941.8 13008.8 15517.4 18592.7 22417.7 27164.3 33089 40694.4 50435.1 62977.5 79444.7 101513 130984 170721 226348 303602 411702 566118 789474 1.11169e+06 1.58034e+06 2.27525e+06 3.28894e+06 4.75937e+06 6.84721e+06 9.79103e+06 1.40139e+07 2.01278e+07 
1083.26 245.493 442.457 798.05 1440.77 2602.64 -443975 5508.69 6459.01 7592.39 8942.53 10555.2 12507.4 14871.1 17740.1 21257.7 25633.6 31064.6 37844.8 46550.4 57702.9 72066.7 90930.9 116220 150004 195572 259390 348057 472178 649558 906233 1.27666e+06 1.81563e+06 2.61504e+06 3.78149e+06 5.47392e+06 7.87724e+06 1.12657e+07 1.61265e+07 2.31641e+07 
798.817 181.033 326.284 588.521 1062.51 1919.39 3470.74 -513849 7292.1 8662.52 10203.4 12044.1 14272.6 16971.1 20247 24263.9 29261.9 35466.2 43213.3 53163.2 65912.9 82338.5 103918 132858 171534 223723 296848 398494 540852 744394 1.03906e+06 1.46451e+06 2.08379e+06 3.00261e+06 4.34374e+06 6.29015e+06 9.05446e+06 1.29517e+07 1.85424e+07 2.66369e+07 
587.925 133.241 240.151 433.17 782.059 1412.8 2554.77 4577.89 -595103 9861.83 11616.7 13713.2 16251.6 19326 23058.5 27636.3 33333.3 40406.8 49241.3 60591.2 75139.5 93888.3 118529 151590 195793 255468 339129 455484 618533 851793 1.18966e+06 1.67773e+06 2.38852e+06 3.4435e+06 4.98393e+06 7.22031e+06 1.03969e+07 1.48751e+07 2.12994e+07 3.06008e+07 
432.003 97.9064 176.468 318.31 574.701 1038.24 1877.52 3399.98 6165.61 -689191 13184.9 15565.5 18448.4 21940.6 26181.1 31382.9 37858.2 45900.1 55946.8 68858.8 85415.6 106761 134828 172506 222909 290993 386508 519438 705838 972690 1.35946e+06 1.91853e+06 2.73319e+06 3.94287e+06 5.71002e+06 8.27651e+06 1.19226e+07 1.70624e+07 2.44358e+07 3.51117e+07 
316.549 71.742 129.312 233.256 421.152 760.868 1375.99 2491.87 4519.07 8203.98 -798531 17620.4 20885.9 24842.4 29647.5 35543.3 42884.7 52004.8 63402.1 78056 96854.3 121101 152999 195846 253199 330722 439563 591152 803882 1.10867e+06 1.55075e+06 2.19021e+06 3.12266e+06 4.50794e+06 6.53266e+06 9.47452e+06 1.36548e+07 1.95469e+07 2.8e+07 4.02392e+07 
231.167 52.3922 94.437 170.353 307.589 555.723 1005.04 1820.19 3301.17 5993.41 10903.8 -925763 23400 28046.3 33476.1 40140 48440.5 58755.5 71650.5 88238 109527 137000 173164 221774 286888 374965 498733 671258 913580 1.26107e+06 1.76552e+06 2.49579e+06 3.56147e+06 5.14558e+06 7.46226e+06 1.083e+07 1.56165e+07 2.23627e+07 3.2041e+07 4.60545e+07 
168.407 38.1692 68.8023 124.116 224.111 404.923 732.355 1326.43 2405.83 4368.27 7947.97 14389.8 -1.07332e+06 31512.9 37620.4 45118.5 54461.7 66076.9 80603.7 99300.9 123311 154315 195157 250101 323760 423488 563775 759531 1.03477e+06 1.42991e+06 2.00411e+06 2.83617e+06 4.05156e+06 5.85945e+06 8.50531e+06 1.23539e+07 1.78254e+07 2.5536e+07 3.65984e+07 5.26161e+07 
122.215 27.7007 49.9339 90.0818 162.665 293.919 531.624 962.937 1746.69 3171.78 5771.65 10529.8 19239.5 -1.24511e+06 42089.5 50490.2 60962.8 73988.1 90286.2 111277 138251 173107 219061 280943 363983 476531 635049 856511 1.16829e+06 1.61644e+06 2.26846e+06 3.21438e+06 4.59761e+06 6.65684e+06 9.67306e+06 1.40635e+07 2.03073e+07 2.91051e+07 4.17278e+07 6.00049e+07 
88.248 20.0025 36.0585 65.0534 117.476 212.28 383.989 695.581 1261.85 2291.63 4170.58 7609.91 13906.8 25484.4 -1.44532e+06 55621.2 67936.6 82481.4 100691 124161 154345 193378 244889 314331 407620 534208 712753 962539 1.31469e+06 1.82162e+06 2.56016e+06 3.63301e+06 5.20385e+06 7.54455e+06 1.09763e+07 1.59757e+07 2.30881e+07 3.31084e+07 4.74855e+07 6.83032e+07 
63.401 14.3712 25.9082 46.7436 84.4166 152.553 275.972 499.96 907.071 1647.54 2998.84 5472.8 10003.4 18335.6 33360.1 -1.68019e+06 75270.6 91423.4 111659 137764 171364 214858 272318 349879 454210 595979 796267 1.07692e+06 1.47325e+06 2.04476e+06 2.87873e+06 4.09209e+06 5.8713e+06 8.52538e+06 1.2421e+07 1.81014e+07 2.61865e+07 3.75749e+07 5.39157e+07 7.7577e+07 
45.3444 10.2788 18.5314 33.4366 60.3892 109.141 197.459 357.764 649.172 1179.3 2146.93 3918.87 7164.79 13136.3 24177.5 44662.7 -1.95356e+06 100535 122856 151682 188823 236953 300624 386702 502671 660520 883973 1.19771e+06 1.64165e+06 2.28316e+06 3.22114e+06 4.58842e+06 6.597e+06 9.59727e+06 1.4007e+07 2.04446e+07 2.96123e+07 4.2523e+07 6.10488e+07 8.78741e+07 
32.1902 7.29733 13.1571 23.7413 42.8821 77.5082 140.244 254.133 461.198 837.969 1525.84 2785.81 5094.65 9343.75 17203.4 31792.8 58920.9 -2.27521e+06 134262 165891 206693 259636 329778 424773 552985 727834 975925 1.32504e+06 1.8202e+06 2.53748e+06 3.58864e+06 5.12428e+06 7.38498e+06 1.07671e+07 1.57459e+07 2.30239e+07 3.33951e+07 4.79972e+07 6.89508e+07 9.92914e+07 
22.6491 5.13472 9.25855 16.7079 30.181 54.5574 98.7295 178.93 324.776 590.215 1074.96 1963.1 3591.2 6588.73 12135.8 22438.1 41607.4 77584.5 -2.6564e+06 179100 224676 282541 359334 463546 604483 797105 1.07114e+06 1.45775e+06 2.00756e+06 2.80623e+06 3.97975e+06 5.69848e+06 8.23491e+06 1.20363e+07 1.76424e+07 2.585e+07 3.75546e+07 5.40294e+07 7.76715e+07 1.11904e+08 
15.8373 3.59069 6.47503 11.6859 21.1117 38.1681 69.0812 125.22 227.331 413.228 752.816 1375.23 2516.71 4619.36 8512.58 15747.9 29221.4 54530.5 101881 -3.10383e+06 241255 303801 386981 500139 653556 863801 1.16388e+06 1.58861e+06 2.19464e+06 3.07807e+06 4.38047e+06 6.29403e+06 9.12668e+06 1.33816e+07 1.96708e+07 2.88961e+07 4.20645e+07 6.05934e+07 8.71843e+07 1.25685e+08 
10.9601 2.48511 4.48179 8.08949 14.6162 26.4288 47.8423 86.7383 157.505 286.382 521.891 953.715 1746.07 3206.44 5912.13 10944.3 20323.6 37959.5 71405.4 134789 -3.63727e+06 323211 412453 534203 699747 927324 1.25339e+06 1.71664e+06 2.38025e+06 3.35163e+06 4.7894e+06 6.90988e+06 1.00604e+07 1.48055e+07 2.18381e+07 3.21774e+07 4.69529e+07 6.77347e+07 9.75601e+07 1.40741e+08 
7.48641 1.69764 3.06196 5.52742 9.98843 18.0639 32.7064 59.3099 107.727 195.932 357.184 652.982 1196.05 2197.62 4054.56 7511.06 13960.2 26100.1 49151.7 92907.7 176917 -4.27758e+06 430113 564850 741915 986201 1.33774e+06 1.83939e+06 2.56126e+06 3.62303e+06 5.20191e+06 7.54089e+06 1.1031e+07 1.63043e+07 2.41441e+07 3.57008e+07 5.22384e+07 7.54885e+07 1.08857e+08 1.57163e+08 
5.04878 1.14499 2.06543 3.72903 6.7397 12.191 22.0779 40.0462 72.7585 132.379 241.424 441.556 809.232 1487.82 2746.97 5092.99 9475.47 17735.6 33442.8 63314 120783 230107 -5.05867e+06 589084 776223 1.0355e+06 1.41056e+06 1.94856e+06 2.72696e+06 3.87859e+06 5.60077e+06 8.16585e+06 1.20134e+07 1.78495e+07 2.65588e+07 3.94385e+07 5.79002e+07 8.38424e+07 1.21076e+08 1.74966e+08 
3.36239 0.762636 1.37591 2.48454 4.49129 8.12583 14.7197 26.7073 48.5401 88.3517 161.204 294.993 540.973 995.345 1839.26 3413.39 6358.06 11916.6 22504.4 42684.6 81603.3 157635 307290 -6.00159e+06 797201 1.06806e+06 1.46241e+06 2.03171e+06 2.86101e+06 4.09694e+06 5.95857e+06 8.75049e+06 1.29665e+07 1.93937e+07 2.90311e+07 4.33415e+07 6.38982e+07 9.27677e+07 1.34202e+08 1.94154e+08 
2.19623 0.498202 0.898972 1.62361 2.9356 5.31253 9.62623 17.4715 31.7661 57.8462 105.599 193.352 354.83 653.393 1208.5 2245.23 4187.64 7860.44 14869.5 28261.8 54160.1 104908 205161 403929 -7.17057e+06 1.08526e+06 1.49471e+06 2.09026e+06 2.96466e+06 4.27914e+06 6.27621e+06 9.29603e+06 1.38932e+07 2.09445e+07 3.15788e+07 4.74467e+07 7.03011e+07 1.02378e+08 1.48415e+08 2.14994e+08 
1.40183 0.318043 0.573988 1.03687 1.87516 3.39438 6.15252 11.1707 20.3186 37.0188 67.6168 123.885 227.525 419.349 776.415 1444.2 2697.51 5071.74 9612.13 18311.4 35185.3 68361.6 134168 265293 532016 -8.65607e+06 1.49955e+06 2.12089e+06 3.03299e+06 4.41802e+06 6.54377e+06 9.78967e+06 1.47786e+07 2.24879e+07 3.41941e+07 5.17633e+07 7.71492e+07 1.12758e+08 1.63862e+08 2.37725e+08 
0.878612 0.19937 0.359885 0.650259 1.17628 2.12994 3.86203 7.01491 12.7656 23.271 42.5334 77.9856 143.355 264.49 490.276 913.214 1708.57 3218.54 6113.16 11677.1 22507.8 43887.2 86498.5 171916 346790 709708 -1.04988e+07 2.08899e+06 3.01839e+06 4.44834e+06 6.6731e+06 1.0115e+07 1.54748e+07 2.38436e+07 3.66697e+07 5.60723e+07 8.42319e+07 1.23709e+08 1.80358e+08 2.62152e+08 
0.534417 0.121289 0.218987 0.395774 0.716128 1.29716 2.35293 4.27568 7.78474 14.1999 25.9719 47.6575 87.6895 161.969 300.618 560.782 1051.09 1984.12 3777.46 7236.68 13996.6 27398.9 54253.2 108444 220194 455756 948489 -1.28729e+07 2.93206e+06 4.38072e+06 6.67255e+06 1.02763e+07 1.59807e+07 2.50093e+07 3.90112e+07 6.04069e+07 9.16382e+07 1.35408e+08 1.98208e+08 2.88746e+08 
0.313084 0.0710693 0.128345 0.232017 0.419944 0.760933 1.38083 2.51037 4.5731 8.34707 15.2782 28.0585 51.6802 95.5703 177.621 331.866 623.226 1179.05 2250.41 4324.76 8395.42 16504 32844.9 66059.8 135100 281942 592854 1.26838e+06 -1.59933e+07 4.16678e+06 6.53022e+06 1.02481e+07 1.62523e+07 2.59212e+07 4.11398e+07 6.46915e+07 9.93252e+07 1.4787e+08 2.17515e+08 3.17718e+08 
0.175967 0.0399521 0.0721674 0.130497 0.236268 0.428274 0.777506 1.41421 2.5777 4.70819 8.62448 15.8529 29.2307 54.1234 100.735 188.53 354.776 672.772 1287.56 2482.72 4838.69 9555.65 19121.1 38719.5 79815.8 168100 357619 775663 1.7055e+06 -2.0191e+07 6.16157e+06 9.89662e+06 1.6086e+07 2.62904e+07 4.26734e+07 6.84629e+07 1.06776e+08 1.60536e+08 2.37662e+08 3.48309e+08 
0.0932344 0.0211725 0.0382542 0.0691926 0.125314 0.227238 0.412719 0.751072 1.36978 2.50366 4.58988 8.44444 15.5876 28.8992 53.8667 100.987 190.439 362.013 694.752 1344.31 2630.76 5220.11 10505.5 21426 44540.9 94732.2 204117 449519 1.01697e+06 2.34434e+06 -2.58252e+07 8.96879e+06 1.50442e+07 2.54089e+07 4.25324e+07 7.01699e+07 1.11875e+08 1.7058e+08 2.54836e+08 3.75184e+08 
0.0372383 0.00845811 0.0152857 0.0276558 0.0501027 0.0908877 0.165146 0.300683 0.548691 1.00359 1.8413 3.39064 6.26567 11.6313 21.7118 40.7744 77.0524 146.826 282.56 548.636 1078.07 2149.39 4350.58 8937.32 18738.5 40254.5 87881.2 196639 453315 1.06953e+06 2.54748e+06 -3.51121e+07 1.08131e+07 1.90134e+07 3.30838e+07 5.65759e+07 9.28372e+07 1.44224e+08 2.18092e+08 3.23018e+08 
0.0184968 0.00420209 0.00759593 0.0137467 0.0249119 0.0452075 0.0821784 0.149696 0.273321 0.50026 0.91855 1.69295 3.13182 5.82107 10.8816 20.47 38.7623 74.039 142.873 278.361 549.201 1100.14 2239.51 4633.8 9798.95 21262.8 47042.8 106996 251542 608268 1.49516e+06 3.78345e+06 -4.70271e+07 1.82728e+07 3.33989e+07 5.97368e+07 1.01685e+08 1.61829e+08 2.48597e+08 3.71055e+08 
0.00878842 0.00199691 0.00361051 0.00653572 0.0118474 0.0215068 0.0391106 0.0712757 0.130205 0.238464 0.438168 0.808228 1.49664 2.78499 5.213 9.82158 18.6335 35.6692 69.0029 134.861 267.07 537.304 1099.5 2290.13 4881.27 10691.1 23951.1 55329.9 132567 328494 834426 2.19829e+06 6.03795e+06 -6.30312e+07 3.14981e+07 6.0177e+07 1.08576e+08 1.79921e+08 2.84e+08 4.29818e+08 
0.00311062 0.000706915 0.0012784 0.00231468 0.00419696 0.00762118 0.0138643 0.025277 0.0461979 0.084658 0.155658 0.287336 0.532562 0.992064 1.85922 3.50787 6.66674 12.7874 24.7943 48.5983 96.5688 195.052 401.051 840.395 1804.18 3985.13 9029.86 21157.6 51578 130710 342406 937692 2.70544e+06 7.72155e+06 -8.89661e+07 4.589e+07 8.96086e+07 1.57662e+08 2.59697e+08 4.02476e+08 
0.000931621 0.000211751 0.000383003 0.000693614 0.00125795 0.00228493 0.00415807 0.00758369 0.0138664 0.0254235 0.0467732 0.0863986 0.160266 0.298832 0.560649 1.05915 2.01606 3.87393 7.52685 14.791 29.4802 59.7549 123.387 259.945 561.625 1249.89 2860.75 6787.69 16803.8 43447.3 117039 332226 1.00255e+06 3.05638e+06 9.50771e+06 -1.27559e+08 6.45421e+07 1.24684e+08 2.18882e+08 3.52821e+08 
0.000230215 5.23324e-05 9.46697e-05 0.000171473 0.000311043 0.000565102 0.00102863 0.0018766 0.00343242 0.00629579 0.0115881 0.0214167 0.0397527 0.074178 0.139287 0.263398 0.501981 0.965933 1.87978 3.70138 7.39489 15.0306 31.14 65.8804 143.052 320.236 738.75 1770.12 4435.16 11648.6 32077.6 93716.2 293366 947983 3.19152e+06 1.10951e+07 -1.81393e+08 8.31645e+07 1.62388e+08 2.82001e+08 
4.57845e-05 1.04085e-05 1.88307e-05 3.41112e-05 6.1883e-05 0.000112444 0.00020471 0.000373537 0.000683367 0.00125376 0.00230837 0.00426763 0.00792459 0.0147941 0.0277944 0.0525932 0.100308 0.193186 0.376331 0.741941 1.48449 3.02248 6.27478 13.3095 28.989 65.1302 150.98 363.97 918.812 2437.07 6806.04 20259.3 64968.7 218597 781394 2.98261e+06 1.15727e+07 -2.47791e+08 9.78486e+07 1.99278e+08 
7.15274e-06 1.62617e-06 2.94221e-06 5.3301e-06 9.67045e-06 1.75735e-05 3.1997e-05 5.83931e-05 0.000106844 0.000196061 0.000361055 0.000667666 0.00124015 0.00231598 0.0043528 0.00824017 0.0157246 0.0303032 0.0590732 0.116566 0.233468 0.475915 0.989423 2.10239 4.58874 10.3348 24.035 58.1744 147.579 393.952 1110.24 3345.16 10897.7 37676.6 140540 571722 2.4674e+06 1.06843e+07 -3.27928e+08 1.19785e+08 
8.47643e-07 1.92718e-07 3.487e-07 6.31739e-07 1.14624e-06 2.08314e-06 3.79322e-06 6.92313e-06 1.26689e-05 2.32508e-05 4.2824e-05 7.92042e-05 0.000147148 0.000274864 0.000516739 0.000978536 0.00186803 0.0036015 0.00702423 0.0138689 0.027797 0.0567079 0.118005 0.251027 0.548613 1.23743 2.88325 6.99439 17.791 47.651 134.903 408.909 1342.45 4706.09 17976.1 76059.3 353639 1.79586e+06 9.88609e+06 -4.1706e+08 
dt_FE: 9.06919e-10
dt_EA: 9.06919e-10
dt_PE: 9.06919e-10
tolC: 1e-06
dt_grow: 1.03
dt_max: 0.1
steps: 0
