t: 1.66846e-09
dt: 2.85486e-10
N: 0.000992183 0.00114615 0.00132348 0.00152774 0.00176291 0.00203301 0.00234312 0.00269897 0.00310652 0.00357154 0.00410232 0.00470724 0.0053914 0.00616464 0.00703697 0.0080143 0.00909672 0.0102961 0.011618 0.0130325 0.0145424 0.0161389 0.0177704 0.0193419 0.0208364 0.022193 0.023076 0.023462 0.0232684 0.0222512 0.0350467 0.443944 0.379735 0.00722876 0.00249289 0.000895411 0.000255996 5.6053e-05 9.38249e-06 1.16677e-06 
eC: 1 1.15749 1.33977 1.55077 1.795 2.07768 2.40489 2.78363 3.22201 3.72944 4.31677 4.99661 5.78351 6.69433 7.7486 8.9689 10.3814 12.0163 13.9087 16.0991 18.6345 21.5692 24.9661 28.8979 33.4489 38.7167 44.814 51.8717 60.0407 69.4963 80.4411 93.1095 107.773 124.746 144.391 167.131 193.452 223.918 259.182 300 
dV: 1.08333 0.211322 0.327712 0.508206 0.788112 1.22218 1.89532 2.93921 4.55805 7.06849 10.9616 16.999 26.3615 40.8807 63.3966 98.3136 152.462 236.434 366.655 568.597 881.764 1367.42 2120.55 3288.49 5099.69 7908.45 12264.2 19019 29494.1 45738.6 70930.1 109996 170579 264529 410225 636165 986546 1.52991e+06 2.37254e+06 3.67926e+06 
kVec: 807253 937972 1.08264e+06 1.24992e+06 1.44321e+06 1.66601e+06 1.92274e+06 2.21847e+06 2.55881e+06 2.94905e+06 3.39716e+06 3.91145e+06 4.49797e+06 5.16746e+06 5.93121e+06 6.80019e+06 7.77913e+06 8.88688e+06 1.01399e+07 1.15269e+07 1.30715e+07 1.47902e+07 1.66866e+07 1.8719e+07 2.09395e+07 2.33954e+07 2.58998e+07 2.85921e+07 3.1586e+07 3.49645e+07 3.87385e+07 4.36613e+07 5.18253e+07 6.59578e+07 8.98427e+07 1.27315e+08 1.8063e+08 2.46876e+08 3.2701e+08 4.16196e+08 
cMat: 
-207469 959.18 1127.09 1312.86 1530.47 1786.67 2088.51 2444.42 2865.74 3368.09 3966.34 4680.69 5545.06 6591.22 7860.41 9415.63 11349 13746.9 16738.3 20575.3 25485.9 31803.7 40090.6 51184 65982.3 85911.7 113772 152414 206409 283431 394697 555010 787894 1.13291e+06 1.63573e+06 2.36454e+06 3.39901e+06 4.85781e+06 6.95032e+06 9.97982e+06 
4877.6 -245050 1298.84 1512.93 1763.7 2058.97 2406.84 2817.03 3302.62 3881.62 4571.17 5394.58 6390.94 7596.91 9060.06 10853.1 13082.2 15847.2 19296.7 23721.9 29385.8 36673.7 46234.4 59034.9 76113.2 99117 131282 175901 238262 327237 455790 641046 910210 1.30903e+06 1.89033e+06 2.73299e+06 3.92912e+06 5.61584e+06 8.03532e+06 1.15382e+07 
3661.44 829.74 -282442 1741.9 2030.65 2370.63 2771.19 3243.52 3802.7 4469.46 5263.56 6211.85 7359.39 8748.43 10433.8 12499.2 15067.3 18253 22227.8 27327.6 33855.7 42256.8 53279.6 68040.5 87738.1 114276 151390 202887 274878 377616 526090 740099 1.0511e+06 1.51199e+06 2.18386e+06 3.15794e+06 4.5407e+06 6.49056e+06 9.2875e+06 1.33369e+07 
2720.58 616.529 1111.15 -326126 2336.3 2727.5 3188.41 3731.91 4375.37 5142.66 6056.52 7147.89 8468.65 10067.5 12007.5 14385.2 17341.9 21010 25587.3 31460.9 38980.7 48659.5 61361.2 78374.2 101082 131681 174489 233901 316978 435570 607000 854156 1.21342e+06 1.74591e+06 2.52231e+06 3.64811e+06 5.24634e+06 7.49998e+06 1.07327e+07 1.54131e+07 
2019.63 457.687 824.879 1487.77 -377085 3107.73 3665.6 4290.53 5030.41 5912.72 6963.64 8218.73 9737.75 11576.7 13808.3 16543.6 19945.4 24166.1 29433.7 36194.2 44850.9 55995.1 70623 90220.6 116384 151651 201001 269515 365349 502193 700063 985419 1.40032e+06 2.01539e+06 2.91239e+06 4.21328e+06 6.06021e+06 8.66447e+06 1.24002e+07 1.78088e+07 
1498.46 339.582 612.028 1103.88 1975.12 -436364 4208.39 4925.97 5775.59 6788.81 7995.73 9437.22 11182 13294.4 15858.1 19000.9 22909.9 27760.7 33815.4 41587.9 51542.4 64360.1 81188.9 103742 133860 174469 231317 310268 420740 578547 806806 1.1361e+06 1.61503e+06 2.3252e+06 3.36115e+06 4.86386e+06 6.99754e+06 1.0006e+07 1.43215e+07 2.05697e+07 
1110.7 251.711 453.663 818.262 1477.26 2668.56 -505308 5648.2 6622.59 7784.68 9169.01 10822.5 12824.1 15247.7 18189.4 21796.1 26282.8 31851.3 38803.2 47729.4 59164.3 73891.9 93233.8 119164 153803 200526 265960 356872 484137 666009 929184 1.30899e+06 1.86161e+06 2.68127e+06 3.87726e+06 5.61255e+06 8.07674e+06 1.1551e+07 1.65349e+07 2.37508e+07 
822.144 186.319 335.812 605.707 1093.54 1975.44 3572.09 -585468 7505.05 8915.49 10501.4 12395.8 14689.3 17466.7 20838.2 24972.5 30116.4 36501.9 44475.2 54715.6 67837.7 84743 106952 136738 176543 230256 305516 410131 556646 766132 1.0694e+06 1.50728e+06 2.14464e+06 3.09029e+06 4.47059e+06 6.47384e+06 9.31887e+06 1.33299e+07 1.90839e+07 2.74148e+07 
607.709 137.725 248.232 447.746 808.375 1460.34 2640.74 4731.94 -678832 10193.7 12007.6 14174.6 16798.4 19976.3 23834.4 28566.2 34455 41766.5 50898.3 62630.1 77667.9 97047.6 122518 156691 202381 264064 350540 470811 639346 880455 1.22969e+06 1.73419e+06 2.4689e+06 3.55937e+06 5.15164e+06 7.46328e+06 1.07468e+07 1.53757e+07 2.20161e+07 3.16306e+07 
448.737 101.699 183.303 330.639 596.962 1078.46 1950.24 3531.68 6404.44 -787149 13695.6 16168.4 19163 22790.5 27195.2 32598.5 39324.6 47678 58113.9 71526 88724.1 110897 140051 179188 231543 302265 401480 539558 733179 1.01037e+06 1.41212e+06 1.99284e+06 2.83906e+06 4.0956e+06 5.93119e+06 8.5971e+06 1.23844e+07 1.77233e+07 2.53823e+07 3.64718e+07 
330.652 74.9382 135.073 243.649 439.915 794.767 1437.29 2602.89 4720.41 8569.48 -913297 18405.4 21816.4 25949.1 30968.4 37126.9 44795.3 54321.7 66226.8 81533.6 101169 126496 159815 204571 264479 345456 459146 617489 839697 1.15806e+06 1.61984e+06 2.28779e+06 3.26179e+06 4.70878e+06 6.8237e+06 9.89663e+06 1.42631e+07 2.04178e+07 2.92474e+07 4.20319e+07 
243.002 55.0746 99.2721 179.075 323.337 584.175 1056.5 1913.39 3470.18 6300.26 11462.1 -1.06043e+06 24598 29482.3 35190 42195.1 50920.6 61763.7 75318.9 92755.7 115135 144014 182029 233129 301576 394163 524268 705626 960354 1.32564e+06 1.85591e+06 2.62357e+06 3.74381e+06 5.40903e+06 7.84432e+06 1.13845e+07 1.64161e+07 2.35076e+07 3.36815e+07 4.84125e+07 
178.298 40.411 72.8432 131.405 237.274 428.705 775.368 1404.33 2547.13 4624.83 8414.77 15234.9 -1.23143e+06 33363.7 39829.9 47768.4 57660.4 69957.8 85337.7 105133 130554 163379 206619 264790 342775 448360 596888 804140 1.09555e+06 1.5139e+06 2.12182e+06 3.00275e+06 4.28952e+06 6.20359e+06 9.00485e+06 1.30795e+07 1.88723e+07 2.70358e+07 3.87479e+07 5.57064e+07 
130.436 29.564 53.2927 96.1413 173.607 313.69 567.384 1027.71 1864.18 3385.14 6159.89 11238.1 20533.6 -1.43097e+06 44920.8 53886.5 65063.6 78965 96359.4 118762 147551 184751 233796 299841 388467 508586 677767 914125 1.24687e+06 1.72517e+06 2.42105e+06 3.4306e+06 4.90687e+06 7.10462e+06 1.03237e+07 1.50095e+07 2.16733e+07 3.10629e+07 4.45347e+07 6.40413e+07 
95.0356 21.541 38.832 70.057 126.512 228.608 413.524 749.082 1358.9 2467.89 4491.36 8195.23 14976.5 27444.6 -1.6641e+06 59899.3 73162 88825.5 108436 133711 166216 208252 263725 338508 438972 575297 767575 1.03657e+06 1.41581e+06 1.96173e+06 2.75708e+06 3.91245e+06 5.60411e+06 8.12484e+06 1.18206e+07 1.72045e+07 2.4864e+07 3.56549e+07 5.11378e+07 7.35568e+07 
68.964 15.6322 28.1814 50.845 91.8236 165.938 300.186 543.828 986.66 1792.1 3261.97 5952.99 10881.1 19944.4 36287.2 -1.93802e+06 81875 99445.2 121457 149852 186400 233710 296212 380579 494064 648272 866134 1.17142e+06 1.60252e+06 2.22417e+06 3.13132e+06 4.45114e+06 6.38646e+06 9.27343e+06 1.35108e+07 1.96897e+07 2.84841e+07 4.08718e+07 5.86464e+07 8.43839e+07 
49.8669 11.3039 20.3797 36.7714 66.4121 120.026 217.153 393.446 713.917 1296.91 2361.05 4309.71 7879.37 14446.4 26588.8 49117.1 -2.25729e+06 110562 135109 166810 207655 260586 330607 425270 552805 726397 972136 1.31716e+06 1.80538e+06 2.51087e+06 3.5424e+06 5.04604e+06 7.25496e+06 1.05544e+07 1.5404e+07 2.24836e+07 3.25657e+07 4.67641e+07 6.71375e+07 9.66383e+07 
35.8281 8.12202 14.644 26.4243 47.7283 86.2676 156.094 282.853 513.319 932.669 1698.28 3100.64 5670.4 10399.7 19147.6 35385.8 65579.7 -2.63324e+06 149436 184639 230052 288978 367047 472778 615480 810088 1.08622e+06 1.47479e+06 2.02591e+06 2.82425e+06 3.9942e+06 5.70338e+06 8.21957e+06 1.19839e+07 1.75253e+07 2.56259e+07 3.71692e+07 5.34215e+07 7.67431e+07 1.10513e+08 
25.5392 5.78992 10.44 18.8399 34.0323 61.5191 111.328 201.763 366.218 665.528 1212.12 2213.6 4049.45 7429.47 13684.4 25301.3 46916.6 87484.6 -3.07867e+06 201954 253346 318594 405186 522696 681617 898819 1.20782e+06 1.64376e+06 2.26373e+06 3.16431e+06 4.48759e+06 6.42563e+06 9.28571e+06 1.35721e+07 1.98936e+07 2.91485e+07 4.23467e+07 6.09238e+07 8.75827e+07 1.26184e+08 
18.1034 4.10446 7.4015 13.358 24.1324 43.6293 78.9656 143.137 259.858 472.354 860.531 1572 2876.81 5280.31 9730.59 18001.2 33402.5 62332.9 116458 -3.60045e+06 275774 347270 442352 571701 747069 987396 1.33041e+06 1.81591e+06 2.50866e+06 3.51849e+06 5.00724e+06 7.1946e+06 1.04326e+07 1.52963e+07 2.24853e+07 3.30306e+07 4.80833e+07 6.92633e+07 9.96589e+07 1.43669e+08 
12.7069 2.88119 5.19611 9.37882 16.9458 30.6411 55.4676 100.563 182.609 332.027 605.072 1105.72 2024.36 3717.5 6854.43 12688.6 23562.8 44009.6 82786.3 156272 -4.22021e+06 374726 478191 619346 811275 1.07512e+06 1.45315e+06 1.99025e+06 2.75962e+06 3.88583e+06 5.55275e+06 8.01121e+06 1.16639e+07 1.71653e+07 2.53188e+07 3.7306e+07 5.44364e+07 7.85305e+07 1.1311e+08 1.63173e+08 
8.80586 1.99684 3.60161 6.50161 11.7489 21.2477 38.4708 69.763 126.713 230.465 420.136 768.068 1406.85 2584.94 4769.16 8834.85 16420.7 30700.2 57814.5 109282 208098 -4.95956e+06 505918 664403 872675 1.16002e+06 1.57352e+06 2.16357e+06 3.01267e+06 4.26158e+06 6.11873e+06 8.86995e+06 1.29752e+07 1.91779e+07 2.83994e+07 4.19929e+07 6.14452e+07 8.87931e+07 1.28043e+08 1.84862e+08 
6.02234 1.36578 2.46371 4.44811 8.03933 14.5418 26.3352 47.7684 86.7887 157.906 287.978 526.702 965.277 1774.71 3276.67 6075.08 11302.6 21155.6 39891.7 75522.9 144074 274479 -5.85361e+06 702678 925904 1.23517e+06 1.68256e+06 2.3243e+06 3.25281e+06 4.6265e+06 6.68078e+06 9.74048e+06 1.433e+07 2.12915e+07 3.16802e+07 4.70435e+07 6.90652e+07 1.0001e+08 1.44423e+08 2.08705e+08 
4.06077 0.921039 1.66169 3.00059 5.42415 9.8136 17.777 32.2545 58.622 106.703 194.687 356.264 653.336 1202.08 2221.28 4122.36 7678.65 14391.8 27178.7 51550.4 98552.6 190376 371115 -6.91915e+06 962782 1.2899e+06 1.76616e+06 2.45371e+06 3.45525e+06 4.9479e+06 7.19619e+06 1.0568e+07 1.56597e+07 2.34218e+07 3.5061e+07 5.23436e+07 7.71701e+07 1.12036e+08 1.62077e+08 2.3448e+08 
2.68005 0.607952 1.09701 1.98128 3.58229 6.48284 11.7468 21.3203 38.7639 70.5893 128.862 235.946 432.997 797.33 1474.73 2739.84 5110.14 9592.03 18145.1 34487.7 66091.2 128019 250356 492911 -8.2189e+06 1.32433e+06 1.82399e+06 2.55073e+06 3.61776e+06 5.22181e+06 7.65882e+06 1.13439e+07 1.69537e+07 2.55584e+07 3.85354e+07 5.78988e+07 8.57879e+07 1.24931e+08 1.81109e+08 2.62356e+08 
1.72342 0.391004 0.705664 1.27474 2.30533 4.17307 7.56393 13.7333 24.9798 45.5111 83.1284 152.305 279.721 515.55 954.529 1775.51 3316.33 6235.23 11817.2 22512.2 43257 84044.1 164947 326153 654063 -9.83742e+06 1.84356e+06 2.60744e+06 3.72877e+06 5.43153e+06 8.04495e+06 1.20355e+07 1.81689e+07 2.76468e+07 4.20384e+07 6.3638e+07 9.48476e+07 1.38625e+08 2.01453e+08 2.9226e+08 
1.08158 0.245427 0.443024 0.800479 1.44802 2.62199 4.75422 8.63546 15.7146 28.647 52.3593 96.0015 176.472 325.591 603.537 1124.18 2103.28 3962.07 7525.4 14374.7 27707.4 54025.8 106481 211631 426904 873661 -1.17962e+07 2.57158e+06 3.71569e+06 5.47597e+06 8.21469e+06 1.24517e+07 1.90497e+07 2.93518e+07 4.51409e+07 6.90259e+07 1.03691e+08 1.52288e+08 2.22024e+08 3.22713e+08 
0.654561 0.148556 0.268218 0.484749 0.877124 1.58878 2.8819 5.23692 9.53486 17.3923 31.8107 58.3716 107.403 198.381 368.201 686.854 1287.39 2430.18 4626.69 8863.58 17143.2 33558.5 66450.1 132823 269697 558216 1.16172e+06 -1.42487e+07 3.59123e+06 5.36557e+06 8.17263e+06 1.25865e+07 1.95734e+07 3.06318e+07 4.77814e+07 7.39872e+07 1.1224e+08 1.65849e+08 2.42767e+08 3.5366e+08 
0.37888 0.086005 0.155318 0.280777 0.508198 0.920848 1.67102 3.03794 5.53416 10.1012 18.489 33.9551 62.5411 115.655 214.95 401.609 754.201 1426.84 2723.35 5233.64 10159.8 19972.4 39747.4 79942.6 163492 341194 717445 1.53494e+06 -1.73605e+07 5.04246e+06 7.90259e+06 1.24018e+07 1.96678e+07 3.13687e+07 4.97856e+07 7.82868e+07 1.20199e+08 1.78946e+08 2.63226e+08 3.84489e+08 
0.20859 0.0473589 0.0855467 0.15469 0.280071 0.507673 0.921649 1.67639 3.05559 5.58105 10.2234 18.7919 34.6498 64.1574 119.411 223.481 420.548 797.499 1526.26 2943 5735.74 11327.2 22666 45897.7 94613.1 199264 423919 919464 2.02169e+06 -2.14011e+07 7.30387e+06 1.17314e+07 1.90683e+07 3.11644e+07 5.05847e+07 8.11553e+07 1.26572e+08 1.90299e+08 2.81723e+08 4.12883e+08 
0.106521 0.0241897 0.0437057 0.079053 0.143172 0.259621 0.471534 0.858105 1.56498 2.86045 5.24397 9.64783 17.809 33.0175 61.543 115.379 217.578 413.603 793.759 1535.88 3005.66 5964.01 12002.6 24479.3 50888.3 108232 233205 513578 1.16189e+06 2.67842e+06 -2.66819e+07 1.02469e+07 1.71882e+07 2.90298e+07 4.85936e+07 8.01696e+07 1.27818e+08 1.94889e+08 2.91152e+08 4.28651e+08 
0.0294055 0.00667899 0.0120705 0.0218385 0.0395639 0.07177 0.130408 0.237436 0.433277 0.792487 1.45399 2.67744 4.94772 9.18471 17.1449 32.1977 60.8448 115.942 223.125 433.234 851.305 1697.28 3435.46 7057.41 14797 31787.2 69395.8 155277 357963 844560 2.01163e+06 -3.72101e+07 8.53859e+06 1.5014e+07 2.61248e+07 4.46755e+07 7.33094e+07 1.13887e+08 1.72217e+08 2.55073e+08 
0.0143468 0.0032593 0.00589169 0.0106624 0.0193226 0.0350646 0.0637407 0.11611 0.211998 0.388021 0.712462 1.31312 2.42916 4.51504 8.44022 15.8773 30.0655 57.4274 110.817 215.907 425.981 853.31 1737.05 3594.15 7600.43 16492.2 36488.2 82990.4 195106 471795 1.1597e+06 2.93459e+06 -4.92461e+07 1.41731e+07 2.59055e+07 4.63341e+07 7.88708e+07 1.2552e+08 1.92821e+08 2.87804e+08 
0.00905619 0.00205775 0.00372052 0.00673485 0.0122084 0.022162 0.0403022 0.0734473 0.134172 0.24573 0.451518 0.832853 1.54224 2.86984 5.37183 10.1208 19.2013 36.756 71.1053 138.97 275.207 553.675 1133 2359.9 5030 11016.8 24680.8 57015.7 136606 338502 859849 2.26526e+06 6.22191e+06 -6.23414e+07 3.24578e+07 6.20105e+07 1.11884e+08 1.85402e+08 2.92653e+08 4.42914e+08 
0.00314955 0.000715761 0.0012944 0.00234365 0.00424948 0.00771655 0.0140378 0.0255934 0.046776 0.0857174 0.157606 0.290932 0.539227 1.00448 1.88249 3.55177 6.75017 12.9474 25.1046 49.2065 97.7773 197.493 406.07 850.912 1826.75 4035 9142.86 21422.4 52223.5 132345 346691 949426 2.73929e+06 7.81818e+06 -8.82265e+07 4.64643e+07 9.073e+07 1.59635e+08 2.62946e+08 4.07512e+08 
0.00093545 0.000212621 0.000384578 0.000696465 0.00126312 0.00229432 0.00417516 0.00761486 0.0139234 0.025528 0.0469655 0.0867537 0.160925 0.30006 0.562954 1.06351 2.02435 3.88986 7.55779 14.8518 29.6014 60.0005 123.894 261.013 563.933 1255.02 2872.51 6815.59 16872.8 43625.9 117520 333592 1.00667e+06 3.06895e+06 9.54679e+06 -1.26706e+08 6.48074e+07 1.25196e+08 2.19781e+08 3.54271e+08 
0.000230468 5.23899e-05 9.47737e-05 0.000171662 0.000311385 0.000565723 0.00102976 0.00187866 0.00343619 0.0063027 0.0116009 0.0214402 0.0397964 0.0742595 0.13944 0.263687 0.502533 0.966994 1.88184 3.70545 7.40301 15.0471 31.1742 65.9528 143.209 320.588 739.562 1772.06 4440.03 11661.4 32112.8 93819.1 293688 949024 3.19502e+06 1.11073e+07 -1.80444e+08 8.32558e+07 1.62566e+08 2.82311e+08 
4.57954e-05 1.0411e-05 1.88352e-05 3.41193e-05 6.18976e-05 0.000112471 0.000204758 0.000373625 0.000683529 0.00125406 0.00230892 0.00426864 0.00792647 0.0147976 0.0278009 0.0526056 0.100332 0.193232 0.37642 0.742117 1.48484 3.02319 6.27626 13.3126 28.9959 65.1456 151.016 364.056 919.029 2437.65 6807.65 20264.1 64984.1 218649 781579 2.98331e+06 1.15754e+07 -2.46832e+08 9.78718e+07 1.99325e+08 
7.15303e-06 1.62623e-06 2.94232e-06 5.33032e-06 9.67083e-06 1.75742e-05 3.19983e-05 5.83955e-05 0.000106848 0.000196069 0.00036107 0.000667693 0.0012402 0.00231607 0.00435297 0.0082405 0.0157252 0.0303044 0.0590756 0.116571 0.233477 0.475934 0.989463 2.10248 4.58892 10.3352 24.0359 58.1767 147.585 393.968 1110.28 3345.3 10898.1 37678.1 140546 571745 2.4675e+06 1.06847e+07 -3.27002e+08 1.1979e+08 
8.47647e-07 1.92719e-07 3.48701e-07 6.31742e-07 1.14625e-06 2.08315e-06 3.79324e-06 6.92316e-06 1.2669e-05 2.32509e-05 4.28243e-05 7.92046e-05 0.000147149 0.000274866 0.000516742 0.000978541 0.00186804 0.00360152 0.00702426 0.0138689 0.0277971 0.0567082 0.118005 0.251029 0.548616 1.23744 2.88326 6.99442 17.7911 47.6512 134.904 408.911 1342.46 4706.12 17976.2 76059.7 353640 1.79587e+06 9.88614e+06 -4.16195e+08 
dt_FE: 2.85486e-10
dt_EA: 2.85486e-10
dt_PE: 2.85486e-10
tolC: 1e-06
dt_grow: 1.03
dt_max: 0.1
steps: 0
