t: 1.22819e-08
dt: 4.18108e-10
N: 0.00760036 0.00877307 0.0101214 0.0116715 0.0134523 0.0154921 0.0178271 0.0204974 0.0235434 0.0270024 0.0309296 0.0353781 0.0403723 0.0459698 0.0522243 0.0591533 0.0667251 0.0749887 0.0839363 0.0933017 0.103045 0.113035 0.122847 0.131784 0.139665 0.146011 0.14877 0.147807 0.142626 0.131739 0.123124 0.336429 0.245568 0.0302536 0.0123412 0.00422702 0.00115977 0.000251082 4.2373e-05 5.39724e-06 
eC: 1 1.15749 1.33977 1.55077 1.795 2.07768 2.40489 2.78363 3.22201 3.72944 4.31677 4.99661 5.78351 6.69433 7.7486 8.9689 10.3814 12.0163 13.9087 16.0991 18.6345 21.5692 24.9661 28.8979 33.4489 38.7167 44.814 51.8717 60.0407 69.4963 80.4411 93.1095 107.773 124.746 144.391 167.131 193.452 223.918 259.182 300 
dV: 1.08333 0.211322 0.327712 0.508206 0.788112 1.22218 1.89532 2.93921 4.55805 7.06849 10.9616 16.999 26.3615 40.8807 63.3966 98.3136 152.462 236.434 366.655 568.597 881.764 1367.42 2120.55 3288.49 5099.69 7908.45 12264.2 19019 29494.1 45738.6 70930.1 109996 170579 264529 410225 636165 986546 1.52991e+06 2.37254e+06 3.67926e+06 
kVec: 843528 979619 1.13038e+06 1.30456e+06 1.50565e+06 1.73717e+06 2.00362e+06 2.31013e+06 2.66231e+06 3.0653e+06 3.52703e+06 4.05562e+06 4.65646e+06 5.33981e+06 6.11614e+06 6.99499e+06 7.97878e+06 9.08439e+06 1.03251e+07 1.16838e+07 1.31795e+07 1.48222e+07 1.66074e+07 1.84836e+07 2.04976e+07 2.26906e+07 2.48836e+07 2.72346e+07 2.98956e+07 3.30513e+07 3.68659e+07 4.23013e+07 5.14087e+07 6.62973e+07 9.05082e+07 1.281e+08 1.81428e+08 2.47622e+08 3.27699e+08 4.16828e+08 
cMat: 
-191007 952.835 1119.63 1304.18 1520.34 1774.85 2074.69 2428.25 2846.79 3345.81 3940.1 4649.73 5508.38 6547.62 7808.41 9353.35 11273.9 13656 16627.6 20439.2 25317.3 31593.3 39825.4 50845.4 65545.8 85343.4 113020 151405 205043 281557 392086 551339 782682 1.12542e+06 1.62491e+06 2.3489e+06 3.37653e+06 4.82568e+06 6.90435e+06 9.9138e+06 
4840.35 -225884 1288.92 1501.37 1750.24 2043.25 2388.46 2795.52 3277.41 3851.98 4536.26 5353.38 6342.14 7538.9 8990.88 10770.2 12982.3 15726.2 19149.4 23540.8 29161.5 36393.7 45881.3 58584.1 75532 98360.2 130279 174558 236443 324738 452310 636151 903260 1.29903e+06 1.8759e+06 2.71212e+06 3.89912e+06 5.57296e+06 7.97397e+06 1.14501e+07 
3629.19 822.43 -260163 1726.55 2012.76 2349.75 2746.78 3214.95 3769.2 4430.09 5217.19 6157.13 7294.56 8671.36 10341.9 12389.1 14934.6 18092.2 22032 27086.8 33557.5 41884.5 52810.2 67441.1 86965.2 113269 150056 201100 272457 374290 521456 733579 1.04184e+06 1.49867e+06 2.16462e+06 3.13012e+06 4.5007e+06 6.43338e+06 9.20568e+06 1.32194e+07 
2692.94 610.266 1099.86 -300205 2312.57 2699.79 3156.01 3694 4330.92 5090.41 5994.99 7075.27 8382.61 9965.18 11885.5 14239.1 17165.7 20796.6 25327.4 31141.3 38584.7 48165.2 60737.8 77578 100055 130344 172716 231525 313758 431145 600833 845479 1.20109e+06 1.72817e+06 2.49668e+06 3.61104e+06 5.19304e+06 7.42378e+06 1.06237e+07 1.52565e+07 
1995.98 452.328 815.22 1470.35 -346898 3071.34 3622.67 4240.28 4971.51 5843.48 6882.09 8122.49 9623.72 11441.1 13646.6 16349.9 19711.8 23883.1 29089 35770.3 44325.7 55339.4 69796 89164.2 115022 149875 198648 266359 361071 496313 691865 973880 1.38392e+06 1.99179e+06 2.87828e+06 4.16394e+06 5.98925e+06 8.56301e+06 1.2255e+07 1.76002e+07 
1478.25 335.002 603.774 1089 1948.49 -401183 4151.64 4859.54 5697.7 6697.26 7887.89 9309.94 11031.2 13115.1 15644.2 18744.6 22600.9 27386.3 33359.4 41027 50847.3 63492.1 80093.9 102343 132055 172116 228197 306083 415066 570744 795925 1.12078e+06 1.59325e+06 2.29385e+06 3.31582e+06 4.79826e+06 6.90316e+06 9.87104e+06 1.41284e+07 2.02923e+07 
1093.46 247.804 446.622 805.562 1454.33 2627.14 -464269 5560.54 6519.8 7663.86 9026.71 10654.6 12625.1 15011.1 17907.1 21457.8 25874.8 31357 38201 46988.6 58246.1 72745 91786.8 117314 151416 197413 261832 351334 476623 655672 914763 1.28868e+06 1.83272e+06 2.63965e+06 3.81708e+06 5.52545e+06 7.95138e+06 1.13718e+07 1.62783e+07 2.33821e+07 
807.472 182.994 329.819 594.897 1074.02 1940.19 3508.34 -537539 7371.11 8756.38 10314 12174.6 14427.2 17155 20466.3 24526.8 29578.9 35850.5 43681.5 53739.1 66627 83230.6 105044 134298 173393 226147 300064 402811 546711 752459 1.05032e+06 1.48038e+06 2.10637e+06 3.03514e+06 4.3908e+06 6.3583e+06 9.15256e+06 1.3092e+07 1.87433e+07 2.69255e+07 
595.25 134.901 243.143 438.567 791.803 1430.4 2586.6 4634.93 -622788 9984.7 11761.4 13884 16454.1 19566.8 23345.8 27980.6 33748.6 40910.3 49854.8 61346.1 76075.7 95058.1 120006 153479 198233 258651 343354 461159 626239 862406 1.20448e+06 1.69864e+06 2.41828e+06 3.4864e+06 5.04603e+06 7.31028e+06 1.05264e+07 1.50605e+07 2.15648e+07 3.09821e+07 
438.185 99.3073 178.993 322.864 582.925 1053.1 1904.39 3448.63 6253.84 -721565 13373.6 15788.2 18712.4 22254.6 26555.7 31832 38399.9 46556.9 56747.3 69844.1 86637.8 108289 136757 174974 226099 295157 392039 526870 715938 986608 1.37892e+06 1.94598e+06 2.7723e+06 3.99929e+06 5.79172e+06 8.39494e+06 1.20932e+07 1.73065e+07 2.47855e+07 3.56141e+07 
321.745 72.9195 131.434 237.085 428.065 773.357 1398.57 2532.78 4593.25 8338.64 -836436 17909.6 21228.8 25250.1 30134.2 36126.8 43588.6 52858.4 64442.8 79337.2 98444.1 123089 155510 199060 257355 336151 446778 600855 817077 1.12687e+06 1.5762e+06 2.22616e+06 3.17392e+06 4.58194e+06 6.63989e+06 9.63004e+06 1.38789e+07 1.98678e+07 2.84596e+07 4.08997e+07 
235.514 53.3774 96.2129 173.557 313.373 566.174 1023.94 1854.42 3363.25 6106.12 11108.8 -970206 23840 28573.7 34105.6 40894.8 49351.4 59860.4 72997.9 89897.3 111587 139576 176420 225945 292283 382017 508112 683881 930760 1.28479e+06 1.79872e+06 2.54272e+06 3.62844e+06 5.24234e+06 7.60259e+06 1.10337e+07 1.59102e+07 2.27832e+07 3.26436e+07 4.69206e+07 
172.027 38.9897 70.2813 126.784 228.929 413.628 748.098 1354.94 2457.55 4462.17 8118.82 14699.1 -1.12545e+06 32190.3 38429.1 46088.3 55632.4 67497.4 82336.4 101435 125962 157632 199352 255477 330720 432591 575895 775858 1.05702e+06 1.46065e+06 2.04719e+06 2.89714e+06 4.13865e+06 5.9854e+06 8.68814e+06 1.26195e+07 1.82086e+07 2.60849e+07 3.73851e+07 5.37472e+07 
125.212 28.3799 51.1583 92.2907 166.654 301.126 544.659 986.548 1789.52 3249.56 5913.17 10788 19711.2 -1.30632e+06 43121.6 51728.2 62457.7 75802.3 92500 114006 141641 177352 224432 287832 372909 488216 650621 877513 1.19693e+06 1.65608e+06 2.32409e+06 3.2932e+06 4.71034e+06 6.82007e+06 9.91024e+06 1.44083e+07 2.08052e+07 2.98188e+07 4.2751e+07 6.14763e+07 
90.7108 20.5608 37.0648 66.8689 120.755 218.205 394.705 714.993 1297.06 2355.58 4286.97 7822.28 14295 26195.7 -1.51726e+06 57173.4 69832.6 84783.3 103501 127627 158652 198775 251723 323103 418996 549117 732645 989401 1.35138e+06 1.87246e+06 2.63161e+06 3.7344e+06 5.34908e+06 7.7551e+06 1.12826e+07 1.64215e+07 2.37325e+07 3.40324e+07 4.88107e+07 7.02094e+07 
65.4088 14.8263 26.7286 48.2239 87.0899 157.384 284.711 515.792 935.796 1699.71 3093.81 5646.1 10320.2 18916.2 34416.5 -1.76482e+06 77654.2 94318.6 115195 142127 176791 221662 280941 360959 468594 614852 821483 1.11103e+06 1.5199e+06 2.10951e+06 2.96989e+06 4.22167e+06 6.05723e+06 8.79536e+06 1.28143e+07 1.86747e+07 2.70157e+07 3.87648e+07 5.5623e+07 8.00337e+07 
46.9667 10.6465 19.1945 34.6329 62.5498 113.046 204.524 370.564 672.397 1221.49 2223.74 4059.07 7421.12 13606.3 25042.5 46260.6 -2.05304e+06 104132 127252 157108 195578 245431 311379 400537 520656 684151 915599 1.24056e+06 1.70038e+06 2.36485e+06 3.33639e+06 4.75258e+06 6.83303e+06 9.94063e+06 1.45081e+07 2.1176e+07 3.06718e+07 4.40444e+07 6.3233e+07 9.1018e+07 
33.4861 7.59111 13.6868 24.6971 44.6085 80.6287 145.891 264.364 479.766 871.705 1587.27 2897.97 5299.75 9719.93 17896 33072.8 61293 -2.39217e+06 139668 172570 215015 270089 343055 441875 575248 757136 1.01522e+06 1.37839e+06 1.89348e+06 2.63964e+06 3.73312e+06 5.33058e+06 7.68229e+06 1.12005e+07 1.63798e+07 2.39508e+07 3.47396e+07 4.99295e+07 7.17268e+07 1.03289e+08 
23.6705 5.36628 9.6761 17.4614 31.5422 57.0179 103.182 187 339.423 616.833 1123.43 2051.64 3753.16 6885.87 12683.1 23450.1 43483.8 81083.5 -2.7939e+06 187178 234809 295283 375539 484451 631744 833054 1.11944e+06 1.52349e+06 2.0981e+06 2.93279e+06 4.15924e+06 5.95548e+06 8.60629e+06 1.25791e+07 1.8438e+07 2.70158e+07 3.92483e+07 5.64661e+07 8.11744e+07 1.16951e+08 
16.631 3.77065 6.79955 12.2716 22.1698 40.081 72.5434 131.495 238.724 433.938 790.545 1444.15 2642.84 4850.87 8939.21 16537.2 30685.9 57263.4 106987 -3.26495e+06 253346 319027 406376 525205 686310 907092 1.22221e+06 1.66823e+06 2.30463e+06 3.23234e+06 4.60001e+06 6.60947e+06 9.58409e+06 1.40522e+07 2.06566e+07 3.03443e+07 4.41727e+07 6.36302e+07 9.15538e+07 1.31984e+08 
11.5657 2.62244 4.72945 8.53652 15.4239 27.8893 50.4862 91.5315 166.209 302.208 550.731 1006.42 1842.56 3383.63 6238.84 11549.1 21446.7 40057.2 75351.3 142238 -3.82558e+06 341072 435245 563723 738416 978568 1.32265e+06 1.8115e+06 2.51178e+06 3.53685e+06 5.05406e+06 7.29173e+06 1.06163e+07 1.56237e+07 2.30449e+07 3.39556e+07 4.95475e+07 7.14778e+07 1.02951e+08 1.48518e+08 
7.93861 1.80018 3.24691 5.86129 10.5918 19.1551 34.6819 62.8923 114.233 207.767 378.759 692.424 1268.3 2330.36 4299.47 7964.75 14803.5 27676.7 52120.6 98519.6 187603 -4.4968e+06 456093 598969 786729 1.04577e+06 1.41855e+06 1.95049e+06 2.71596e+06 3.84188e+06 5.51613e+06 7.99638e+06 1.16973e+07 1.72891e+07 2.56025e+07 3.78572e+07 5.53937e+07 8.00482e+07 1.15433e+08 1.66656e+08 
5.37808 1.21968 2.20015 3.97226 7.1793 12.9862 23.5179 42.6582 77.5042 141.014 257.171 470.356 862.014 1584.86 2926.14 5425.18 10093.5 18892.5 35624.1 67443.7 128661 245116 -5.31283e+06 627508 826853 1.10304e+06 1.50256e+06 2.07565e+06 2.90483e+06 4.13157e+06 5.96608e+06 8.69847e+06 1.2797e+07 1.90138e+07 2.82912e+07 4.20109e+07 6.16768e+07 8.93111e+07 1.28973e+08 1.86378e+08 
3.59517 0.815433 1.47116 2.65654 4.80222 8.68838 15.7387 28.5562 51.9005 94.4682 172.364 315.415 578.425 1064.25 1966.59 3649.69 6798.22 12741.6 24062.4 45639.6 87252.6 168547 328563 -6.29329e+06 852390 1.142e+06 1.56365e+06 2.17237e+06 3.05907e+06 4.38057e+06 6.37108e+06 9.35627e+06 1.38642e+07 2.07363e+07 3.10409e+07 4.6342e+07 6.83219e+07 9.91899e+07 1.43493e+08 2.07595e+08 
2.3548 0.534172 0.963879 1.74084 3.14755 5.6961 10.3213 18.7329 34.0596 62.0228 113.224 207.312 380.449 700.568 1295.76 2407.34 4489.99 8427.97 15943.1 30302.3 58070.5 112483 219974 433092 -7.50187e+06 1.16361e+06 1.60263e+06 2.24118e+06 3.17871e+06 4.5881e+06 6.72936e+06 9.96721e+06 1.48963e+07 2.24567e+07 3.38588e+07 5.08723e+07 7.53769e+07 1.0977e+08 1.5913e+08 2.30517e+08 
1.50518 0.341491 0.616307 1.11332 2.01341 3.64464 6.60612 11.9943 21.8167 39.7481 72.602 133.019 244.3 450.267 833.658 1550.68 2896.39 5445.67 10320.8 19661.5 37779.5 73401.8 144060 284852 571240 -9.02732e+06 1.61011e+06 2.27726e+06 3.2566e+06 4.74374e+06 7.02623e+06 1.05114e+07 1.58682e+07 2.41459e+07 3.67152e+07 5.55796e+07 8.28372e+07 1.21071e+08 1.75943e+08 2.55252e+08 
0.942425 0.21385 0.386024 0.697487 1.26171 2.28464 4.14253 7.5244 13.6927 24.9612 45.6226 83.6497 153.767 283.7 525.884 979.541 1832.67 3452.3 6557.16 12525.2 24142.5 47074.7 92780.9 184402 371978 761254 -1.09049e+07 2.24071e+06 3.23762e+06 4.77142e+06 7.15777e+06 1.08497e+07 1.65987e+07 2.55753e+07 3.9333e+07 6.01448e+07 9.03496e+07 1.32694e+08 1.93458e+08 2.81192e+08 
0.571214 0.12964 0.234065 0.423025 0.765438 1.38647 2.51494 4.57009 8.32077 15.1777 27.7602 50.939 93.7274 173.121 321.317 599.395 1123.47 2120.74 4037.56 7734.96 14960.4 29285.5 57988.9 115911 235356 487137 1.0138e+06 -1.33035e+07 3.13395e+06 4.68236e+06 7.13199e+06 1.09838e+07 1.70811e+07 2.67314e+07 4.16973e+07 6.45663e+07 9.7948e+07 1.44731e+08 2.11855e+08 3.08628e+08 
0.332581 0.0754951 0.136338 0.246466 0.446095 0.808319 1.46682 2.6667 4.85788 8.86687 16.2297 29.8058 54.8985 101.522 188.683 352.532 662.037 1252.48 2390.55 4594.08 8918.23 17531.8 34890.3 70173.6 143514 299500 629773 1.34737e+06 -1.64249e+07 4.42626e+06 6.93688e+06 1.08863e+07 1.72644e+07 2.75354e+07 4.37018e+07 6.87201e+07 1.05511e+08 1.57079e+08 2.3106e+08 3.37504e+08 
0.185232 0.0420557 0.0759672 0.137368 0.248708 0.450824 0.818443 1.48867 2.71342 4.95609 9.07859 16.6876 30.7698 56.9731 106.039 198.456 373.456 708.196 1355.35 2613.45 5093.45 10058.8 20127.9 40758.2 84018.4 176951 376449 816503 1.7953e+06 -2.05856e+07 6.48599e+06 1.04177e+07 1.6933e+07 2.76746e+07 4.49202e+07 7.20676e+07 1.12399e+08 1.68989e+08 2.50175e+08 3.66649e+08 
0.0967981 0.0219818 0.0397164 0.0718373 0.130104 0.235924 0.428494 0.77978 1.42214 2.59936 4.76532 8.76721 16.1834 30.0038 55.9256 104.847 197.718 375.85 721.307 1395.69 2731.31 5419.64 10907 22244.9 46243.4 98353.1 211919 466701 1.05584e+06 2.43394e+06 -2.61349e+07 9.31161e+06 1.56193e+07 2.63801e+07 4.41581e+07 7.2852e+07 1.16151e+08 1.771e+08 2.64577e+08 3.89525e+08 
0.0350911 0.00797039 0.0144043 0.026061 0.0472136 0.0856469 0.155623 0.283345 0.517052 0.945715 1.73512 3.19513 5.90437 10.9606 20.4599 38.4232 72.6093 138.36 266.266 517 1015.91 2025.45 4099.71 8421.97 17658 37933.3 82813.6 185300 427175 1.00786e+06 2.40059e+06 -3.57619e+07 1.01895e+07 1.7917e+07 3.11761e+07 5.33136e+07 8.74839e+07 1.35907e+08 2.05516e+08 3.04391e+08 
0.0174501 0.0039643 0.00716609 0.0129688 0.0235022 0.0426493 0.0775281 0.141225 0.257855 0.471952 0.866571 1.59715 2.9546 5.49167 10.2659 19.3116 36.5688 69.8492 134.788 262.609 518.123 1037.88 2112.78 4371.59 9244.44 20059.6 44380.8 100942 237308 573847 1.41055e+06 3.56936e+06 -4.76698e+07 1.72388e+07 3.15089e+07 5.63564e+07 9.59309e+07 1.52671e+08 2.34529e+08 3.50058e+08 
0.00884615 0.00201002 0.00363423 0.00657866 0.0119252 0.021648 0.0393675 0.0717439 0.131061 0.240031 0.441047 0.813537 1.50647 2.80328 5.24724 9.8861 18.756 35.9035 69.4562 135.747 268.825 540.834 1106.73 2305.17 4913.34 10761.3 24108.4 55693.4 133438 330652 839907 2.21273e+06 6.07761e+06 -6.29444e+07 3.1705e+07 6.05723e+07 1.09289e+08 1.81102e+08 2.85866e+08 4.32642e+08 
0.00311845 0.000708695 0.00128162 0.00232051 0.00420752 0.00764036 0.0138992 0.0253407 0.0463142 0.0848711 0.15605 0.28806 0.533903 0.994561 1.8639 3.5167 6.68352 12.8196 24.8568 48.7207 96.812 195.543 402.061 842.511 1808.72 3995.17 9052.59 21210.9 51707.9 131039 343268 940053 2.71225e+06 7.74099e+06 -8.88472e+07 4.60056e+07 8.98342e+07 1.58059e+08 2.6035e+08 4.03489e+08 
0.000932331 0.000211912 0.000383295 0.000694142 0.00125891 0.00228667 0.00416124 0.00758947 0.0138769 0.0254429 0.0468089 0.0864645 0.160389 0.299059 0.561077 1.05996 2.0176 3.87689 7.53258 14.8022 29.5027 59.8004 123.481 260.143 562.053 1250.84 2862.93 6792.86 16816.6 43480.5 117128 332479 1.00331e+06 3.05871e+06 9.51495e+06 -1.27388e+08 6.45912e+07 1.24779e+08 2.19048e+08 3.5309e+08 
0.00023026 5.23426e-05 9.4688e-05 0.000171506 0.000311103 0.000565211 0.00102883 0.00187697 0.00343309 0.006297 0.0115904 0.0214208 0.0397604 0.0741924 0.139314 0.263449 0.502079 0.96612 1.88014 3.7021 7.39632 15.0335 31.146 65.8932 143.079 320.298 738.893 1770.46 4436.01 11650.9 32083.8 93734.3 293423 948166 3.19213e+06 1.10973e+07 -1.81174e+08 8.31806e+07 1.6242e+08 2.82056e+08 
4.57864e-05 1.04089e-05 1.88315e-05 3.41126e-05 6.18855e-05 0.000112449 0.000204718 0.000373552 0.000683396 0.00125381 0.00230847 0.00426781 0.00792492 0.0147947 0.0277955 0.0525954 0.100312 0.193194 0.376346 0.741972 1.48455 3.0226 6.27504 13.31 28.9902 65.1329 150.986 363.985 918.85 2437.17 6806.33 20260.2 64971.4 218606 781427 2.98273e+06 1.15732e+07 -2.47551e+08 9.78527e+07 1.99287e+08 
7.1528e-06 1.62618e-06 2.94223e-06 5.33014e-06 9.67052e-06 1.75736e-05 3.19972e-05 5.83936e-05 0.000106845 0.000196062 0.000361058 0.000667671 0.00124016 0.00231599 0.00435283 0.00824022 0.0157247 0.0303034 0.0590736 0.116567 0.23347 0.475919 0.98943 2.10241 4.58877 10.3349 24.0351 58.1748 147.58 393.955 1110.25 3345.19 10897.7 37676.9 140541 571726 2.46742e+06 1.06843e+07 -3.27684e+08 1.19786e+08 
8.47643e-07 1.92718e-07 3.487e-07 6.31739e-07 1.14624e-06 2.08314e-06 3.79322e-06 6.92313e-06 1.26689e-05 2.32508e-05 4.28241e-05 7.92042e-05 0.000147148 0.000274865 0.00051674 0.000978536 0.00186804 0.00360151 0.00702423 0.0138689 0.027797 0.0567079 0.118005 0.251028 0.548614 1.23743 2.88325 6.99439 17.791 47.651 134.903 408.91 1342.45 4706.1 17976.1 76059.4 353639 1.79586e+06 9.8861e+06 -4.16825e+08 
dt_FE: 4.18108e-10
dt_EA: 4.18108e-10
dt_PE: 4.18108e-10
tolC: 1e-06
dt_grow: 1.03
dt_max: 0.1
steps: 0
