t: 1.96282e-08
dt: 1.03863e-09
N: 0.0124451 0.0143576 0.0165539 0.0190755 0.0219679 0.025275 0.0290526 0.0333624 0.0382649 0.0438139 0.0500908 0.0571704 0.0650786 0.0738911 0.0836735 0.0944276 0.106072 0.11865 0.132106 0.14598 0.160163 0.174398 0.187992 0.199866 0.209715 0.21678 0.218186 0.213759 0.202817 0.183532 0.1614 0.288143 0.192167 0.0375779 0.0151924 0.00509316 0.00137982 0.000298307 5.04546e-05 6.44671e-06 
eC: 1 1.15749 1.33977 1.55077 1.795 2.07768 2.40489 2.78363 3.22201 3.72944 4.31677 4.99661 5.78351 6.69433 7.7486 8.9689 10.3814 12.0163 13.9087 16.0991 18.6345 21.5692 24.9661 28.8979 33.4489 38.7167 44.814 51.8717 60.0407 69.4963 80.4411 93.1095 107.773 124.746 144.391 167.131 193.452 223.918 259.182 300 
dV: 1.08333 0.211322 0.327712 0.508206 0.788112 1.22218 1.89532 2.93921 4.55805 7.06849 10.9616 16.999 26.3615 40.8807 63.3966 98.3136 152.462 236.434 366.655 568.597 881.764 1367.42 2120.55 3288.49 5099.69 7908.45 12264.2 19019 29494.1 45738.6 70930.1 109996 170579 264529 410225 636165 986546 1.52991e+06 2.37254e+06 3.67926e+06 
kVec: 865459 1.0048e+06 1.15925e+06 1.33761e+06 1.54341e+06 1.78021e+06 2.05256e+06 2.36561e+06 2.72497e+06 3.1357e+06 3.60573e+06 4.14303e+06 4.75264e+06 5.44451e+06 6.22866e+06 7.11377e+06 8.10091e+06 9.20583e+06 1.044e+07 1.17829e+07 1.32509e+07 1.48505e+07 1.65724e+07 1.836e+07 2.02572e+07 2.23025e+07 2.43209e+07 2.64807e+07 2.89545e+07 3.19771e+07 3.57856e+07 4.14339e+07 5.09502e+07 6.61945e+07 9.0602e+07 1.28309e+08 1.81699e+08 2.47912e+08 3.2799e+08 4.17107e+08 
cMat: 
-181138 948.184 1114.17 1297.81 1512.92 1766.19 2064.57 2416.39 2832.89 3329.47 3920.86 4627.03 5481.49 6515.65 7770.29 9307.69 11218.9 13589.3 16546.4 20339.5 25193.7 31439.1 39631 50597.2 65225.8 84926.8 112468 150666 204042 280182 390172 548647 778861 1.11992e+06 1.61698e+06 2.33744e+06 3.36004e+06 4.80212e+06 6.87064e+06 9.8654e+06 
4813.08 -214392 1281.66 1492.92 1740.37 2031.74 2375 2779.77 3258.94 3830.28 4510.71 5323.22 6306.41 7496.43 8940.23 10709.5 12909.2 15637.6 19041.5 23408.2 28997.2 36188.6 45622.8 58254.1 75106.5 97806 129545 173575 235111 322908 449762 632567 898171 1.29171e+06 1.86533e+06 2.69684e+06 3.87715e+06 5.54157e+06 7.92904e+06 1.13856e+07 
3605.6 817.086 -246808 1715.33 1999.68 2334.48 2728.93 3194.06 3744.71 4401.3 5183.29 6117.12 7247.16 8615.01 10274.7 12308.6 14837.5 17974.6 21888.9 26910.8 33339.4 41612.3 52467 67002.9 86400.1 112533 149081 199793 270686 371858 518067 728812 1.03507e+06 1.48893e+06 2.15056e+06 3.10978e+06 4.47145e+06 6.39157e+06 9.14586e+06 1.31335e+07 
2672.76 605.694 1091.62 -284671 2295.24 2679.56 3132.37 3666.32 4298.48 5052.28 5950.08 7022.26 8319.81 9890.53 11796.5 14132.4 17037.1 20640.8 25137.6 30908 38295.6 47804.4 60282.8 76996.8 99305.3 129367 171422 229790 311407 427915 596332 839145 1.19209e+06 1.71522e+06 2.47798e+06 3.58399e+06 5.15413e+06 7.36817e+06 1.05441e+07 1.51422e+07 
1978.75 448.423 808.183 1457.66 -328812 3044.83 3591.4 4203.68 4928.59 5793.04 6822.69 8052.38 9540.65 11342.4 13528.8 16208.8 19541.7 23677 28837.9 35461.6 43943.1 54861.8 69193.5 88394.5 114029 148581 196933 264060 357954 492029 685893 965473 1.37197e+06 1.9746e+06 2.85344e+06 4.128e+06 5.93755e+06 8.4891e+06 1.21492e+07 1.74483e+07 
1463.56 331.673 597.774 1078.18 1929.12 -380113 4110.38 4811.25 5641.08 6630.71 7809.51 9217.43 10921.6 12984.8 15488.8 18558.3 22376.3 27114.1 33027.9 40619.3 50342 62861.2 79298 101326 130742 170406 225930 303042 410942 565073 788017 1.10964e+06 1.57742e+06 2.27105e+06 3.28287e+06 4.75058e+06 6.83457e+06 9.77295e+06 1.3988e+07 2.00907e+07 
1080.96 244.972 441.518 796.355 1437.71 2597.11 -439699 5496.98 6445.29 7576.27 8923.54 10532.8 12480.8 14839.5 17702.5 21212.5 25579.1 30998.6 37764.4 46451.6 57580.4 71913.6 90737.7 115973 149685 195157 258839 347318 471175 648178 904308 1.27395e+06 1.81177e+06 2.60948e+06 3.77346e+06 5.46229e+06 7.86051e+06 1.12418e+07 1.60922e+07 2.31149e+07 
796.866 180.591 325.487 587.084 1059.92 1914.71 3462.26 -508859 7274.29 8641.37 10178.5 12014.7 14237.7 16929.7 20197.5 24204.6 29190.4 35379.6 43107.8 53033.3 65751.9 82137.4 103664 132534 171115 223177 296123 397521 539531 742576 1.03652e+06 1.46093e+06 2.0787e+06 2.99528e+06 4.33313e+06 6.27479e+06 9.03235e+06 1.29201e+07 1.84971e+07 2.65719e+07 
586.276 132.867 239.477 431.955 779.865 1408.84 2547.61 4565.05 -589272 9834.17 11584.1 13674.7 16206 19271.8 22993.9 27558.8 33239.8 40293.5 49103.2 60421.2 74928.7 93624.9 118197 151165 195244 254751 338178 454206 616798 849404 1.18632e+06 1.67303e+06 2.38182e+06 3.43384e+06 4.96996e+06 7.20006e+06 1.03677e+07 1.48334e+07 2.12396e+07 3.0515e+07 
430.614 97.5915 175.9 317.286 572.853 1034.9 1871.48 3389.04 6145.78 -682374 13142.5 15515.4 18389.1 21870 26096.9 31282 37736.4 45752.5 55766.8 68637.3 85140.8 106418 134394 171951 222192 290057 385265 517767 703568 969562 1.35509e+06 1.91236e+06 2.7244e+06 3.93019e+06 5.69165e+06 8.24989e+06 1.18843e+07 1.70075e+07 2.43572e+07 3.49988e+07 
315.383 71.4777 128.835 232.397 419.601 758.066 1370.92 2482.7 4502.43 8173.76 -790553 17555.5 20809 24750.9 29538.3 35412.4 42726.8 51813.3 63168.6 77768.5 96497.6 120655 152435 195125 252266 329504 437944 588975 800921 1.10458e+06 1.54504e+06 2.18214e+06 3.11116e+06 4.49134e+06 6.5086e+06 9.43963e+06 1.36045e+07 1.9475e+07 2.78969e+07 4.0091e+07 
230.193 52.1715 94.0393 169.636 306.293 553.383 1000.81 1812.53 3287.26 5968.17 10857.9 -916413 23301.4 27928.2 33335.1 39970.9 48236.5 58508 71348.7 87866.4 109066 136423 172434 220841 285679 373386 496633 668431 909732 1.25576e+06 1.75809e+06 2.48528e+06 3.54647e+06 5.12391e+06 7.43084e+06 1.07844e+07 1.55508e+07 2.22685e+07 3.19061e+07 4.58606e+07 
167.598 37.9859 68.4718 123.52 223.035 402.978 728.838 1320.06 2394.28 4347.29 7909.8 14320.7 -1.06236e+06 31361.6 37439.7 44901.8 54200.1 65759.6 80216.6 98824 122719 153574 194219 248900 322205 421454 561068 755883 1.02981e+06 1.42305e+06 1.99449e+06 2.82255e+06 4.0321e+06 5.83131e+06 8.46446e+06 1.22946e+07 1.77398e+07 2.54134e+07 3.64226e+07 5.23634e+07 
121.547 27.5493 49.661 89.5896 161.776 292.313 528.719 957.675 1737.14 3154.45 5740.11 10472.3 19134.3 -1.23225e+06 41859.6 50214.3 60629.7 73583.8 89792.9 110669 137496 172161 217864 279408 361995 473927 631579 851831 1.1619e+06 1.60761e+06 2.25607e+06 3.19682e+06 4.57249e+06 6.62046e+06 9.6202e+06 1.39867e+07 2.01963e+07 2.89461e+07 4.14998e+07 5.96771e+07 
87.7008 19.8785 35.835 64.6501 116.748 210.964 381.608 691.268 1254.02 2277.42 4144.72 7562.72 13820.6 25326.4 -1.43022e+06 55276.3 67515.4 81970 100067 123392 153388 192179 243371 312382 405093 530896 708334 956571 1.30654e+06 1.81032e+06 2.54429e+06 3.61049e+06 5.17159e+06 7.49777e+06 1.09083e+07 1.58766e+07 2.2945e+07 3.29031e+07 4.7191e+07 6.78797e+07 
62.9565 14.2704 25.7265 46.4158 83.8247 151.483 274.037 496.454 900.711 1635.99 2977.81 5434.42 9933.24 18207 33126.2 -1.66245e+06 74742.8 90782.4 110876 136798 170163 213351 270408 347426 451026 591800 790684 1.06937e+06 1.46292e+06 2.03042e+06 2.85855e+06 4.06339e+06 5.83013e+06 8.4656e+06 1.23339e+07 1.79745e+07 2.60028e+07 3.73114e+07 5.35376e+07 7.70331e+07 
44.9866 10.1977 18.3852 33.1728 59.9126 108.28 195.901 354.941 644.049 1169.99 2129.98 3887.94 7108.25 13032.6 23986.7 44310.2 -1.93274e+06 99741.7 121887 150485 187333 235084 298251 383651 498705 655307 876997 1.18826e+06 1.62869e+06 2.26515e+06 3.19572e+06 4.55221e+06 6.54494e+06 9.52153e+06 1.38965e+07 2.02833e+07 2.93786e+07 4.21875e+07 6.05671e+07 8.71807e+07 
31.9056 7.23281 13.0407 23.5313 42.5029 76.8229 139.004 251.886 457.121 830.559 1512.35 2761.18 5049.6 9261.14 17051.3 31511.7 58400 -2.25077e+06 133075 164424 204866 257340 326862 421018 548096 721399 967297 1.31333e+06 1.80411e+06 2.51504e+06 3.55691e+06 5.07897e+06 7.31968e+06 1.06719e+07 1.56066e+07 2.28203e+07 3.30999e+07 4.75728e+07 6.83412e+07 9.84135e+07 
22.4258 5.08411 9.16729 16.5432 29.8836 54.0197 97.7564 177.167 321.575 584.398 1064.36 1943.76 3555.8 6523.79 12016.2 22217 41197.3 76819.9 -2.62772e+06 177335 222462 279756 355792 458977 598525 789249 1.06058e+06 1.44338e+06 1.98777e+06 2.77857e+06 3.94053e+06 5.64232e+06 8.15374e+06 1.19176e+07 1.74685e+07 2.55952e+07 3.71845e+07 5.34969e+07 7.6906e+07 1.10801e+08 
15.6648 3.55158 6.4045 11.5586 20.8817 37.7523 68.3287 123.856 224.855 408.726 744.615 1360.25 2489.29 4569.04 8419.85 15576.4 28903.1 53936.4 100771 -3.07029e+06 238627 300492 382766 494691 646437 854391 1.1512e+06 1.5713e+06 2.17074e+06 3.04454e+06 4.33275e+06 6.22547e+06 9.02727e+06 1.32358e+07 1.94565e+07 2.85813e+07 4.16063e+07 5.99333e+07 8.62346e+07 1.24316e+08 
10.8292 2.45544 4.42828 7.99292 14.4417 26.1133 47.2712 85.7028 155.625 282.963 515.661 942.33 1725.22 3168.16 5841.56 10813.6 20081 37506.4 70553 133180 -3.59817e+06 319353 407529 527826 691394 916253 1.23842e+06 1.69615e+06 2.35183e+06 3.31162e+06 4.73222e+06 6.8274e+06 9.94029e+06 1.46288e+07 2.15774e+07 3.17933e+07 4.63924e+07 6.69261e+07 9.63954e+07 1.39061e+08 
7.38939 1.67564 3.02227 5.45579 9.85899 17.8299 32.2825 58.5413 106.33 193.393 352.555 644.52 1180.55 2169.14 4002.02 7413.72 13779.3 25761.9 48514.7 91703.7 174624 -4.2322e+06 424539 557530 732300 973421 1.32041e+06 1.81555e+06 2.52806e+06 3.57608e+06 5.1345e+06 7.44317e+06 1.0888e+07 1.6093e+07 2.38312e+07 3.52381e+07 5.15614e+07 7.45102e+07 1.07447e+08 1.55126e+08 
4.97866 1.12909 2.03675 3.67725 6.64611 12.0217 21.7713 39.4901 71.7481 130.541 238.071 435.424 797.994 1467.15 2708.82 5022.26 9343.88 17489.3 32978.4 62434.8 119106 226911 -5.00622e+06 580904 765444 1.02112e+06 1.39097e+06 1.9215e+06 2.68909e+06 3.82472e+06 5.52299e+06 8.05245e+06 1.18466e+07 1.76016e+07 2.619e+07 3.88909e+07 5.70962e+07 8.26781e+07 1.19395e+08 1.72536e+08 
3.31325 0.75149 1.3558 2.44823 4.42565 8.00707 14.5045 26.317 47.8306 87.0604 158.848 290.681 533.067 980.797 1812.37 3363.5 6265.13 11742.5 22175.5 42060.7 80410.6 155331 302799 -5.9416e+06 785549 1.05245e+06 1.44104e+06 2.00202e+06 2.81919e+06 4.03706e+06 5.87148e+06 8.62259e+06 1.2777e+07 1.91102e+07 2.86068e+07 4.2708e+07 6.29643e+07 9.14118e+07 1.32241e+08 1.91316e+08 
2.16307 0.490679 0.885399 1.5991 2.89128 5.23232 9.48088 17.2077 31.2864 56.9728 104.005 190.432 349.472 643.527 1190.25 2211.33 4124.41 7741.75 14645 27835.1 53342.4 103324 202063 397830 -7.10267e+06 1.06887e+06 1.47214e+06 2.0587e+06 2.9199e+06 4.21453e+06 6.18145e+06 9.15567e+06 1.36834e+07 2.06283e+07 3.1102e+07 4.67303e+07 6.92396e+07 1.00832e+08 1.46174e+08 2.11748e+08 
1.38045 0.313193 0.565235 1.02106 1.84656 3.34262 6.05869 11.0004 20.0088 36.4542 66.5856 121.996 224.056 412.954 764.575 1422.18 2656.37 4994.4 9465.55 18032.2 34648.8 67319.1 132122 261247 523902 -8.58024e+06 1.47668e+06 2.08855e+06 2.98673e+06 4.35064e+06 6.44398e+06 9.64038e+06 1.45533e+07 2.2145e+07 3.36726e+07 5.09739e+07 7.59727e+07 1.11038e+08 1.61363e+08 2.341e+08 
0.865572 0.196411 0.354544 0.640609 1.15882 2.09833 3.80472 6.9108 12.5761 22.9257 41.9022 76.8282 141.227 260.565 483 899.661 1683.22 3170.78 6022.44 11503.8 22173.7 43235.9 85214.8 169364 341644 699175 -1.0416e+07 2.05799e+06 2.9736e+06 4.38232e+06 6.57407e+06 9.96491e+06 1.52451e+07 2.34897e+07 3.61255e+07 5.52401e+07 8.29818e+07 1.21873e+08 1.77682e+08 2.58261e+08 
0.527007 0.119607 0.215951 0.390286 0.7062 1.27917 2.32031 4.2164 7.67681 14.0031 25.6118 46.9968 86.4738 159.723 296.45 553.007 1036.52 1956.61 3725.09 7136.35 13802.6 27019 53501 106940 217141 449437 935339 -1.27853e+07 2.89141e+06 4.31999e+06 6.58004e+06 1.01338e+07 1.57591e+07 2.46626e+07 3.84703e+07 5.95694e+07 9.03677e+07 1.33531e+08 1.9546e+08 2.84743e+08 
0.309232 0.070195 0.126766 0.229163 0.414778 0.751572 1.36384 2.47949 4.51684 8.24438 15.0903 27.7133 51.0444 94.3945 175.436 327.783 615.559 1164.55 2222.73 4271.56 8292.13 16301 32440.8 65247.1 133438 278474 585560 1.25278e+06 -1.59052e+07 4.11552e+06 6.44988e+06 1.0122e+07 1.60523e+07 2.56023e+07 4.06337e+07 6.38956e+07 9.81033e+07 1.46051e+08 2.14839e+08 3.1381e+08 
0.174183 0.039547 0.0714357 0.129174 0.233873 0.423932 0.769622 1.39987 2.55156 4.66045 8.53703 15.6922 28.9343 53.5746 99.7138 186.618 351.179 665.951 1274.51 2457.55 4789.62 9458.76 18927.2 38326.9 79006.5 166396 353993 767798 1.68821e+06 -2.01091e+07 6.09909e+06 9.79627e+06 1.59229e+07 2.60238e+07 4.22407e+07 6.77687e+07 1.05694e+08 1.58909e+08 2.35252e+08 3.44778e+08 
0.0925728 0.0210223 0.0379828 0.0687016 0.124425 0.225626 0.40979 0.745743 1.36006 2.4859 4.55732 8.38452 15.477 28.6941 53.4844 100.271 189.088 359.445 689.822 1334.77 2612.09 5183.07 10431 21273.9 44224.8 94060 202669 446329 1.00975e+06 2.3277e+06 -2.57581e+07 8.90515e+06 1.49375e+07 2.52286e+07 4.22306e+07 6.9672e+07 1.11081e+08 1.6937e+08 2.53028e+08 3.72522e+08 
0.0376445 0.00855037 0.0154525 0.0279574 0.0506492 0.0918792 0.166947 0.303963 0.554676 1.01453 1.86138 3.42763 6.33402 11.7582 21.9487 41.2192 77.8929 148.428 285.642 554.621 1089.83 2172.84 4398.04 9034.81 18943 40693.6 88839.8 198783 458260 1.0812e+06 2.57527e+06 -3.49811e+07 1.0931e+07 1.92208e+07 3.34447e+07 5.71931e+07 9.38499e+07 1.45797e+08 2.20471e+08 3.26541e+08 
0.0186853 0.00424491 0.00767334 0.0138868 0.0251657 0.0456682 0.0830159 0.151222 0.276107 0.505358 0.927911 1.7102 3.16374 5.88039 10.9925 20.6785 39.1573 74.7934 144.329 281.198 554.798 1111.35 2262.33 4681.02 9898.8 21479.5 47522.2 108087 254106 614466 1.5104e+06 3.82201e+06 -4.69018e+07 1.8459e+07 3.37393e+07 6.03456e+07 1.02721e+08 1.63478e+08 2.5113e+08 3.74836e+08 
0.00877934 0.00199484 0.00360678 0.00652897 0.0118352 0.0214845 0.0390701 0.071202 0.130071 0.238218 0.437716 0.807393 1.49509 2.78211 5.20761 9.81143 18.6143 35.6324 68.9316 134.722 266.794 536.749 1098.37 2287.76 4876.23 10680 23926.3 55272.7 132430 328154 833564 2.19601e+06 6.03171e+06 -6.30366e+07 3.14655e+07 6.01148e+07 1.08464e+08 1.79735e+08 2.83707e+08 4.29374e+08 
0.00310945 0.000706649 0.00127792 0.00231381 0.00419538 0.00761831 0.0138591 0.0252675 0.0461805 0.0846261 0.1556 0.287228 0.532362 0.99169 1.85852 3.50655 6.66423 12.7826 24.785 48.58 96.5325 194.978 400.9 840.079 1803.5 3983.63 9026.46 21149.7 51558.6 130660 342278 937339 2.70442e+06 7.71864e+06 -8.89799e+07 4.58728e+07 8.95749e+07 1.57602e+08 2.59599e+08 4.02324e+08 
0.00093152 0.000211728 0.000382962 0.000693539 0.00125781 0.00228468 0.00415762 0.00758287 0.0138649 0.0254207 0.0467681 0.0863892 0.160249 0.298799 0.560589 1.05904 2.01584 3.87352 7.52603 14.7894 29.477 59.7484 123.374 259.917 561.564 1249.75 2860.44 6786.96 16801.9 43442.6 117026 332190 1.00244e+06 3.05605e+06 9.50668e+06 -1.27585e+08 6.45351e+07 1.2467e+08 2.18858e+08 3.52782e+08 
0.000230209 5.2331e-05 9.46672e-05 0.000171469 0.000311035 0.000565087 0.0010286 0.00187655 0.00343233 0.00629562 0.0115878 0.0214161 0.0397516 0.074176 0.139283 0.26339 0.501968 0.965907 1.87973 3.70128 7.39469 15.0302 31.1392 65.8786 143.048 320.227 738.731 1770.07 4435.04 11648.3 32076.7 93713.6 293358 947958 3.19143e+06 1.10948e+07 -1.81431e+08 8.31622e+07 1.62384e+08 2.81994e+08 
4.57843e-05 1.04084e-05 1.88306e-05 3.4111e-05 6.18826e-05 0.000112444 0.000204709 0.000373535 0.000683363 0.00125375 0.00230836 0.00426761 0.00792455 0.014794 0.0277942 0.0525929 0.100308 0.193185 0.376329 0.741937 1.48448 3.02246 6.27474 13.3094 28.9888 65.1299 150.979 363.968 918.807 2437.06 6806.01 20259.2 64968.3 218596 781390 2.98259e+06 1.15726e+07 -2.47834e+08 9.78481e+07 1.99277e+08 
7.15274e-06 1.62617e-06 2.9422e-06 5.3301e-06 9.67044e-06 1.75734e-05 3.1997e-05 5.83931e-05 0.000106844 0.000196061 0.000361055 0.000667665 0.00124015 0.00231598 0.0043528 0.00824016 0.0157245 0.0303032 0.0590731 0.116566 0.233468 0.475915 0.989422 2.10239 4.58873 10.3348 24.0349 58.1743 147.578 393.952 1110.24 3345.16 10897.7 37676.6 140540 571722 2.4674e+06 1.06842e+07 -3.27973e+08 1.19785e+08 
8.47643e-07 1.92718e-07 3.487e-07 6.31739e-07 1.14624e-06 2.08314e-06 3.79322e-06 6.92312e-06 1.26689e-05 2.32508e-05 4.2824e-05 7.92042e-05 0.000147148 0.000274864 0.000516739 0.000978535 0.00186803 0.0036015 0.00702422 0.0138688 0.027797 0.0567079 0.118005 0.251027 0.548613 1.23743 2.88325 6.99439 17.791 47.6509 134.903 408.909 1342.45 4706.09 17976.1 76059.3 353639 1.79586e+06 9.88609e+06 -4.17105e+08 
dt_FE: 1.03863e-09
dt_EA: 1.03863e-09
dt_PE: 1.03863e-09
tolC: 1e-06
dt_grow: 1.03
dt_max: 0.1
steps: 0
