t: 1.49798e-06
dt: 3.00506e-08
N: 0.729766 0.772457 0.810709 0.843694 0.870876 0.892072 0.907598 0.918103 0.92444 0.927549 0.92833 0.927479 0.925466 0.92255 0.918799 0.914148 0.90842 0.901347 0.892547 0.881503 0.867504 0.849575 0.82638 0.796111 0.756382 0.704252 0.636574 0.551085 0.448584 0.335672 0.225501 0.133315 0.0684648 0.0303135 0.0114883 0.0036835 0.000981052 0.000211646 3.58359e-05 4.58652e-06 
eC: 1 1.15749 1.33977 1.55077 1.795 2.07768 2.40489 2.78363 3.22201 3.72944 4.31677 4.99661 5.78351 6.69433 7.7486 8.9689 10.3814 12.0163 13.9087 16.0991 18.6345 21.5692 24.9661 28.8979 33.4489 38.7167 44.814 51.8717 60.0407 69.4963 80.4411 93.1095 107.773 124.746 144.391 167.131 193.452 223.918 259.182 300 
dV: 1.08333 0.211322 0.327712 0.508206 0.788112 1.22218 1.89532 2.93921 4.55805 7.06849 10.9616 16.999 26.3615 40.8807 63.3966 98.3136 152.462 236.434 366.655 568.597 881.764 1367.42 2120.55 3288.49 5099.69 7908.45 12264.2 19019 29494.1 45738.6 70930.1 109996 170579 264529 410225 636165 986546 1.52991e+06 2.37254e+06 3.67926e+06 
kVec: 1.03007e+06 1.19337e+06 1.37487e+06 1.5837e+06 1.82367e+06 2.09842e+06 2.41264e+06 2.77157e+06 3.18054e+06 3.64379e+06 4.16866e+06 4.76187e+06 5.42522e+06 6.16592e+06 6.99007e+06 7.8998e+06 8.88629e+06 9.95718e+06 1.11117e+07 1.23082e+07 1.35478e+07 1.48183e+07 1.60891e+07 1.72809e+07 1.84372e+07 1.96007e+07 2.06412e+07 2.18077e+07 2.33972e+07 2.58634e+07 2.96964e+07 3.61556e+07 4.71157e+07 6.38683e+07 8.9496e+07 1.28173e+08 1.82276e+08 2.48899e+08 3.2919e+08 4.18366e+08 
cMat: 
-61653.6 259.461 304.881 355.133 413.995 483.299 564.947 661.221 775.191 911.076 1072.9 1266.14 1499.95 1782.94 2126.26 2546.95 3069.93 3718.58 4527.75 5565.68 6894 8602.98 10844.6 13845.4 17848.4 23239.3 30775.7 41228.3 55834.1 76668.9 106767 150132 213127 306456 442471 639615 919442 1.31405e+06 1.88008e+06 2.69957e+06 
1111.14 -72811 295.881 344.652 401.779 469.043 548.289 641.731 752.353 884.25 1041.33 1228.91 1455.88 1730.61 2063.92 2472.38 2980.18 3610.05 4395.88 5403.96 6694.23 8354.44 10532.4 13448.4 17338.9 22579.3 29906.6 40071.1 54277.3 74546 103831 146033 207350 298203 430626 622588 895071 1.27931e+06 1.83048e+06 2.62846e+06 
693.996 157.27 -84138.6 330.163 384.893 449.334 525.257 614.784 720.772 847.15 997.665 1177.41 1394.91 1658.19 1977.64 2369.13 2855.89 3459.71 4213.11 5179.72 6417.07 8009.42 10098.7 12896.5 16630.1 21660 28694.7 38455.7 52100.9 71574.1 99716.2 140280 199228 286585 413933 598562 860652 1.23023e+06 1.76037e+06 2.5279e+06 
425.892 96.5145 173.944 -97461.1 365.737 426.976 499.129 584.212 684.942 805.057 948.118 1118.97 1325.72 1576.01 1879.71 2251.94 2714.79 3289.01 4005.57 4925.04 6102.23 7617.4 9605.79 12269.1 15823.8 20614.1 27315.3 36616 49621.3 68186.4 95022.8 133714 189954 273313 394855 571092 821287 1.17408e+06 1.68015e+06 2.41284e+06 
261.244 59.2028 106.7 192.447 -113145 401.991 474.153 554.989 650.695 764.824 900.762 1063.11 1259.6 1497.47 1786.13 2139.95 2579.98 3125.94 3807.31 4681.79 5801.57 7243.09 9135.24 11670.2 15054.6 19616.4 26000 34862.4 47258.7 64959.8 90554.7 127466 181134 260695 376724 544997 783902 1.12077e+06 1.60399e+06 2.30361e+06 
162.056 36.7252 66.1897 119.383 213.606 -131591 455.13 532.735 624.62 734.198 864.724 1020.62 1209.31 1437.77 1715.02 2054.91 2477.66 3002.27 3657.08 4497.66 5574.23 6960.44 8780.44 11219.5 14476.7 18868.5 25016.5 33554.9 45502.4 62568.9 87254.7 122867 174663 251467 363503 526018 756772 1.08213e+06 1.54885e+06 2.22458e+06 
102.872 23.3132 42.0178 75.7866 136.822 247.159 -153336 523.131 613.378 721.01 849.225 1002.37 1187.76 1412.23 1684.69 2018.73 2434.28 2950.04 3593.92 4420.65 5479.74 6843.79 8635.23 11036.8 14245.1 18572.5 24632.9 33053.2 44840.3 61685.1 86060.1 121238 172421 248336 359108 519829 748060 1.06985e+06 1.53145e+06 2.19977e+06 
67.5136 15.3003 27.5765 49.74 89.8002 162.221 293.336 -179036 616.306 732.13 862.363 1017.93 1206.27 1434.35 1711.21 2050.71 2473.13 2997.49 3652.26 4493.19 5570.76 6959 8782.81 11228.8 14497.5 18908.4 25088.7 33679.5 45711.1 62913.9 87818.3 123776 176116 253772 367120 531624 765255 1.09464e+06 1.56715e+06 2.25127e+06 
46.0613 10.4388 18.8147 33.9369 61.2708 110.687 200.155 358.657 -209485 772.63 910.116 1074.37 1273.24 1514.1 1806.53 2165.18 2611.51 3165.69 3857.84 4747.05 5886.84 7355.73 9286.23 11876.4 15339.5 20014.8 26569.2 35685.1 48459.3 66734.2 93204.7 131443 187130 269782 390469 565679 814551 1.1654e+06 1.66871e+06 2.39744e+06 
32.6282 7.39462 13.3282 24.0411 43.4058 78.4156 141.804 256.792 465.674 -245569 995.822 1175.62 1393.36 1657.12 1977.39 2370.27 2859.34 3466.72 4225.52 5200.73 6451.23 8063.41 10183.2 13029 16835.8 21978 29192 39231.9 53310.2 73464.9 102677 144902 206431 297796 431263 625104 900487 1.28868e+06 1.84558e+06 2.6519e+06 
23.7956 5.39298 9.72061 17.5343 31.6588 57.1959 103.436 187.319 339.707 616.709 -288600 1324.56 1570.04 1867.45 2228.66 2671.86 3223.73 3909.3 4766.06 5867.62 7280.73 9103.38 11501.2 14722.1 19033.4 24861 33042.8 44438 60429.3 83340.6 116573 164642 234737 338871 491072 712218 1.02645e+06 1.46938e+06 2.10481e+06 3.02486e+06 
17.706 4.01294 7.23334 13.0481 23.5595 42.5652 76.9803 139.417 252.85 459.061 835.169 -340167 1792.3 2148.19 2564.07 3074.49 3710.27 4500.33 5488.02 6758.52 8389.13 10493.4 13263.3 16986.7 21974 28720.2 38200.1 51414.5 69975 96591 135229 191163 272788 394122 571567 829518 1.19614e+06 1.71285e+06 2.45416e+06 3.52751e+06 
13.3613 3.02831 5.45871 9.84722 17.7808 32.1262 58.1044 105.238 190.876 346.574 630.584 1141.67 -401923 2500.2 2984.77 3579.66 4320.94 5242.48 6395.02 7878.44 9783.4 12243.2 15483.5 19842.8 25686.8 33599.1 44729.4 60260.5 82098.1 113448 159004 225019 321447 464883 674803 980149 1.41425e+06 2.026e+06 2.90368e+06 4.17451e+06 
10.165 2.30395 4.15315 7.49237 13.5293 24.4461 44.2167 80.0903 145.277 263.807 480.045 875.794 1600.2 -476471 3500.71 4199.42 5070.46 6153.81 7509.37 9255.26 11498.8 14397.8 18219.9 23366.9 30273.6 39634.5 52818.9 71238.6 97169.8 134444 188675 267350 382397 553669 804537 1.1697e+06 1.68902e+06 2.42076e+06 3.47063e+06 4.99079e+06 
7.77164 1.76154 3.17553 5.72899 10.3456 18.6947 33.8163 61.257 111.126 201.814 367.286 670.173 1224.72 2244.31 -567131 4898.33 5982.9 7263.8 8867.44 10934.4 13592.5 17030 21566.4 27681.9 35897.4 47045.5 62769.3 84766.9 115779 160422 225463 319945 458282 664417 966639 1.40691e+06 2.03328e+06 2.91572e+06 4.18185e+06 6.01518e+06 
5.96856 1.3529 2.43899 4.40043 7.94696 14.3613 25.9799 47.0661 85.3915 155.099 282.31 515.208 941.716 1726.11 3140.51 -678010 7085.95 8606.58 10511.6 12969.1 16132.2 20226.7 25635.9 32937.5 42759.3 56105.4 74960.4 101381 138692 192493 271003 385228 552723 802578 1.16931e+06 1.70407e+06 2.46519e+06 3.53729e+06 5.07561e+06 7.30308e+06 
4.60872 1.04472 1.8835 3.39843 6.13784 11.0929 20.0694 36.3624 65.9806 119.861 218.209 398.306 728.215 1335.15 2457.35 4539.43 -813703 10218.2 12486.9 15416.6 19191.6 24083.5 30554.8 39303.7 51090.5 67134 89845.3 121733 166854 232056 327391 466358 670507 975448 1.42364e+06 2.07795e+06 3.00974e+06 4.32196e+06 6.20488e+06 8.93136e+06 
3.57133 0.8096 1.45971 2.63397 4.75754 8.59913 15.5594 28.1947 51.1675 92.9682 169.284 309.071 565.224 1036.64 1908.63 3527.25 6536.97 -982254 14895.7 18404.8 22931.5 28805.3 36587.1 47126.4 61350.8 80749.4 108274 147006 201942 281520 398141 568511 819324 1.19455e+06 1.74692e+06 2.55438e+06 3.70502e+06 5.32504e+06 7.64973e+06 1.10159e+07 
2.77651 0.629456 1.13499 2.04819 3.69984 6.6881 12.1031 21.9348 39.8137 72.3534 131.777 240.654 440.239 807.701 1487.71 2750.65 5100.58 9510.95 -1.19394e+06 21955.6 27542.7 34636.2 44050.1 56825.3 74102.5 97715.7 131309 178703 246103 344011 487871 698567 1.0095e+06 1.47551e+06 2.16275e+06 3.1689e+06 4.60376e+06 6.62337e+06 9.52161e+06 1.37182e+07 
2.17352 0.492788 0.888637 1.60378 2.89738 5.23821 9.48073 17.1852 31.199 56.7116 103.317 188.737 345.394 633.963 1168.27 2161.25 4010.36 7483.78 13982.1 -1.45846e+06 33109.9 41693.8 53109.5 68639.3 89694.3 118548 159731 218021 301194 422436 601178 863796 1.25255e+06 1.8365e+06 2.69962e+06 3.96571e+06 5.77296e+06 8.31587e+06 1.19652e+07 1.72491e+07 
1.70846 0.387381 0.698625 1.261 2.27839 4.11975 7.45771 13.5209 24.5521 44.6415 81.3529 148.666 272.179 499.823 921.589 1706 3168.06 5917.17 11130.7 21011 -1.79502e+06 50382.5 64293.6 83272.1 109077 144552 195379 267592 371036 522456 746576 1.07712e+06 1.56822e+06 2.3079e+06 3.40415e+06 5.01585e+06 7.31906e+06 1.05586e+07 1.52078e+07 2.19388e+07 
1.34635 0.305303 0.550661 0.99405 1.79632 3.24862 5.88191 10.6663 19.3735 35.2364 64.2358 117.432 215.098 395.219 729.171 1350.79 2510.61 4693.84 8839.42 16708.5 31816.7 -2.22905e+06 77351.4 101583 133426 177358 240580 330795 460616 651566 935511 1.35615e+06 1.98381e+06 2.93216e+06 4.34207e+06 6.42042e+06 9.39454e+06 1.35758e+07 1.95769e+07 2.82641e+07 
1.06451 0.241417 0.435488 0.786251 1.42104 2.57042 4.65502 8.44357 15.3408 27.9116 50.9032 93.1001 170.623 313.7 579.186 1073.84 1997.86 3739.49 7051.28 13349.5 25466.6 48517.1 -2.79338e+06 124206 163663 218330 297411 410845 574968 817784 1.1809e+06 1.72173e+06 2.53298e+06 3.76349e+06 5.59982e+06 8.31545e+06 1.2208e+07 1.76778e+07 2.55284e+07 3.68908e+07 
0.844278 0.191494 0.345482 0.623854 1.12774 2.04035 3.69603 6.70606 12.1881 22.1846 40.4775 74.071 135.835 249.926 461.827 857.083 1596.47 2992.2 5650.74 10717.9 20490.1 39581.2 77158.8 -3.52339e+06 200173 268185 367203 510152 718383 1.02872e+06 1.49617e+06 2.1972e+06 3.25582e+06 4.86964e+06 7.28955e+06 1.08828e+07 1.60445e+07 2.32935e+07 3.36975e+07 4.87509e+07 
0.666802 0.15126 0.272938 0.492948 0.891283 1.61295 2.92264 5.30455 9.64455 17.5628 32.0612 58.7039 107.731 198.378 366.915 681.679 1271.42 2386.52 4514.55 8580.61 16443.6 31851.3 62289.2 122637 -4.49165e+06 329497 453812 634628 900106 1.2992e+06 1.90553e+06 2.82238e+06 4.21813e+06 6.359e+06 9.58769e+06 1.44054e+07 2.13442e+07 3.10831e+07 4.50604e+07 6.52748e+07 
0.521267 0.118263 0.213436 0.385559 0.697273 1.26219 2.28779 4.1538 7.55542 13.7653 25.1431 46.0664 84.6046 155.934 288.708 537.022 1003.06 1885.91 3574.24 6809.06 13083.6 25420.1 49889.9 98648.4 197829 -5.79689e+06 557604 788648 1.12781e+06 1.64283e+06 2.43328e+06 3.64026e+06 5.49539e+06 8.36207e+06 1.2715e+07 1.9248e+07 2.86877e+07 4.19287e+07 6.09316e+07 8.83973e+07 
0.402361 0.0913016 0.16481 0.297787 0.538678 0.975409 1.76862 3.21248 5.84601 10.657 19.4782 35.7136 65.6495 121.123 224.522 418.207 782.443 1473.93 2799.53 5347.53 10307.5 20098.2 39612.1 78728.9 158813 325011 -7.50156e+06 956656 1.38228e+06 2.03712e+06 3.05595e+06 4.63218e+06 7.08669e+06 1.09192e+07 1.67929e+07 2.56784e+07 3.85741e+07 5.66527e+07 8.25953e+07 1.20053e+08 
0.300902 0.0682912 0.1233 0.222839 0.403214 0.730361 1.32481 2.40741 4.38318 7.99523 14.6234 26.8334 49.3734 91.1959 169.262 315.747 591.814 1117.15 2126.89 4074.59 7880.76 15426.9 30547.1 61059 123980 256612 534044 -9.7898e+06 1.65089e+06 2.46655e+06 3.75696e+06 5.78603e+06 8.9979e+06 1.40814e+07 2.19652e+07 3.4012e+07 5.15967e+07 7.6241e+07 1.116e+08 1.62578e+08 
0.213898 0.0485543 0.0876849 0.158513 0.286904 0.519867 0.943378 1.71508 3.12432 5.70269 10.438 19.1695 35.3077 65.2933 121.35 226.729 425.786 805.526 1537.47 2954.66 5735.72 11275.5 22439.5 45131.8 92300.1 192622 405035 866553 -1.29016e+07 2.84673e+06 4.46142e+06 7.00146e+06 1.11035e+07 1.77093e+07 2.81066e+07 4.4197e+07 6.78586e+07 1.01024e+08 1.48605e+08 2.17064e+08 
0.141726 0.0321779 0.0581244 0.105104 0.190293 0.344937 0.626211 1.13902 2.07611 3.79203 6.94625 12.7681 23.5427 43.5916 81.1332 151.844 285.74 541.858 1037.02 1999.61 3897.13 7696.22 15400.4 31185.1 64284.5 135390 288030 624727 1.37363e+06 -1.71818e+07 4.96259e+06 7.97084e+06 1.29559e+07 2.11745e+07 3.43696e+07 5.51407e+07 8.59989e+07 1.29298e+08 1.91415e+08 2.80532e+08 
0.0854968 0.0194154 0.0350795 0.0634502 0.114914 0.20838 0.378467 0.68874 1.2561 2.29588 4.20897 7.74363 14.294 26.5008 49.3962 92.6063 174.634 331.969 637.094 1232.74 2412.43 4786.89 9633.64 19647.8 40844.4 86870.3 187177 412213 932570 2.14978e+06 -2.29999e+07 8.22446e+06 1.37957e+07 2.33002e+07 3.90026e+07 6.43464e+07 1.0259e+08 1.56424e+08 2.33687e+08 3.44047e+08 
0.0458322 0.0104101 0.0188133 0.0340381 0.0616654 0.111863 0.203258 0.370075 0.675317 1.23519 2.26623 4.17313 7.71166 14.3155 26.7225 50.1843 94.8345 180.711 347.768 675.25 1326.87 2645.43 5354.6 10999.9 23063 49544.4 108162 242019 557931 1.31635e+06 3.13539e+06 -3.13355e+07 1.33085e+07 2.34013e+07 4.07188e+07 6.96325e+07 1.14262e+08 1.77507e+08 2.68423e+08 3.97563e+08 
0.0215466 0.00489492 0.00884834 0.0160132 0.0290193 0.0526612 0.0957279 0.174378 0.318386 0.582743 1.07 1.97208 3.64819 6.78084 12.6758 23.845 45.1534 86.2464 166.429 324.257 639.753 1281.53 2608.75 5397.82 11414.6 24768.6 54799.2 124638 293016 708558 1.74168e+06 4.40727e+06 -4.389e+07 2.12856e+07 3.89057e+07 6.95861e+07 1.18451e+08 1.88511e+08 2.89585e+08 4.32234e+08 
0.0088456 0.0020099 0.003634 0.00657825 0.0119245 0.0216467 0.039365 0.0717394 0.131053 0.240016 0.441019 0.813487 1.50638 2.80311 5.24692 9.88549 18.7548 35.9013 69.4519 135.739 268.808 540.801 1106.66 2305.03 4913.04 10760.6 24106.9 55689.9 133430 330631 839855 2.21259e+06 6.07724e+06 -6.19322e+07 3.17031e+07 6.05686e+07 1.09282e+08 1.81091e+08 2.85848e+08 4.32615e+08 
0.00312115 0.000709307 0.00128272 0.00232251 0.00421116 0.00764696 0.0139112 0.0253626 0.0463542 0.0849444 0.156185 0.288308 0.534364 0.99542 1.86551 3.51974 6.68929 12.8307 24.8782 48.7628 96.8956 195.712 402.408 843.239 1810.28 3998.62 9060.41 21229.2 51752.5 131152 343565 940865 2.71459e+06 7.74767e+06 -8.84678e+07 4.60453e+07 8.99118e+07 1.58195e+08 2.60575e+08 4.03838e+08 
0.00093284 0.000212028 0.000383505 0.000694521 0.00125959 0.00228792 0.00416351 0.00759361 0.0138845 0.0254567 0.0468344 0.0865117 0.160476 0.299223 0.561383 1.06054 2.0187 3.879 7.5367 14.8103 29.5188 59.8331 123.548 260.285 562.36 1251.52 2864.49 6796.57 16825.7 43504.2 117192 332661 1.00386e+06 3.06038e+06 9.52015e+06 -1.27701e+08 6.46265e+07 1.24847e+08 2.19168e+08 3.53282e+08 
0.000230301 5.23519e-05 9.4705e-05 0.000171537 0.000311159 0.000565312 0.00102901 0.0018773 0.0034337 0.00629813 0.0115925 0.0214246 0.0397675 0.0742057 0.139339 0.263496 0.502168 0.966293 1.88048 3.70276 7.39764 15.0362 31.1516 65.905 143.105 320.355 739.026 1770.78 4436.81 11652.9 32089.5 93751.1 293475 948336 3.1927e+06 1.10993e+07 -1.82097e+08 8.31955e+07 1.62449e+08 2.82106e+08 
4.57882e-05 1.04093e-05 1.88322e-05 3.41139e-05 6.1888e-05 0.000112453 0.000204726 0.000373567 0.000683423 0.00125386 0.00230856 0.00426798 0.00792523 0.0147953 0.0277966 0.0525974 0.100316 0.193202 0.376361 0.742001 1.48461 3.02272 6.27529 13.3105 28.9913 65.1355 150.992 364 918.886 2437.27 6806.6 20261 64974 218615 781458 2.98285e+06 1.15736e+07 -2.48846e+08 9.78565e+07 1.99294e+08 
7.15284e-06 1.62619e-06 2.94225e-06 5.33018e-06 9.67058e-06 1.75737e-05 3.19975e-05 5.83939e-05 0.000106845 0.000196064 0.00036106 0.000667675 0.00124017 0.00231601 0.00435286 0.00824028 0.0157248 0.0303036 0.059074 0.116568 0.233471 0.475922 0.989437 2.10242 4.5888 10.335 24.0353 58.1752 147.581 393.958 1110.25 3345.21 10897.8 37677.1 140542 571730 2.46744e+06 1.06844e+07 -3.29178e+08 1.19787e+08 
8.47644e-07 1.92719e-07 3.487e-07 6.3174e-07 1.14624e-06 2.08314e-06 3.79322e-06 6.92314e-06 1.26689e-05 2.32509e-05 4.28241e-05 7.92043e-05 0.000147148 0.000274865 0.00051674 0.000978537 0.00186804 0.00360151 0.00702424 0.0138689 0.027797 0.056708 0.118005 0.251028 0.548614 1.23744 2.88325 6.9944 17.791 47.651 134.904 408.91 1342.45 4706.1 17976.1 76059.5 353639 1.79586e+06 9.88611e+06 -4.18364e+08 
dt_FE: 3.00506e-08
dt_EA: 3.00506e-08
dt_PE: 3.00506e-08
tolC: 1e-06
dt_grow: 1.03
dt_max: 0.1
steps: 0
