t
0.0000945446858417624459324
dt
0.0000085949714410693211049
DN
-0.0000000000000002177980794
TC
240.0000
N
9.88449782e-01
9.90354678e-01
9.91535729e-01
9.91802521e-01
9.90280634e-01
9.91272787e-01
9.91111926e-01
9.91735770e-01
9.91526612e-01
9.91781463e-01
9.91332726e-01
9.89481077e-01
9.86534700e-01
9.79800396e-01
9.67113669e-01
9.44121045e-01
9.01361600e-01
8.26386704e-01
7.03549273e-01
5.34925156e-01
3.46818937e-01
1.89981475e-01
8.93495670e-02
3.72729754e-02
1.41586871e-02
4.99652751e-03
1.65006004e-03
5.09172632e-04
1.46670504e-04
3.91796363e-05
9.70116588e-06
2.21390427e-06
4.63260232e-07
8.84382486e-08
1.53275075e-08
2.39662840e-09
3.36290888e-10
4.20474049e-11
4.65676627e-12
4.53382095e-13
eC
1.00638940e+00
3.07804198e+00
5.27088624e+00
7.59201189e+00
1.00489234e+01
1.26495642e+01
1.54023425e+01
1.83161584e+01
2.14004324e+01
2.46651365e+01
2.81208258e+01
3.17786729e+01
3.56505041e+01
3.97488374e+01
4.40869232e+01
4.86787870e+01
5.35392748e+01
5.86841012e+01
6.41298999e+01
6.98942779e+01
7.59958720e+01
8.24544093e+01
8.92907710e+01
9.65270599e+01
1.04186672e+02
1.12294371e+02
1.20876370e+02
1.29960417e+02
1.39575880e+02
1.49753848e+02
1.60527227e+02
1.71930848e+02
1.84001582e+02
1.96778453e+02
2.10302771e+02
2.24618262e+02
2.39771209e+02
2.55810604e+02
2.72788303e+02
2.90759198e+02
