t
0.0000710328218170191066699
dt
0.0000064575292570017416512
DN
0.0000000000000000000000000
TC
237.0000
N
9.60608613e-01
9.90359149e-01
9.91530579e-01
9.91771546e-01
9.90152067e-01
9.91146684e-01
9.90828672e-01
9.91415404e-01
9.91223057e-01
9.91152059e-01
9.90825452e-01
9.89039723e-01
9.86185902e-01
9.78989514e-01
9.65496698e-01
9.41171406e-01
8.94686830e-01
8.15198445e-01
6.89458992e-01
5.22354467e-01
3.43628860e-01
1.95031046e-01
9.59230300e-02
4.15048245e-02
1.60109044e-02
5.66191895e-03
1.87127253e-03
5.78969702e-04
1.67156276e-04
4.46472328e-05
1.10728910e-05
2.52197813e-06
5.27342080e-07
1.00724516e-07
1.74558033e-08
2.73094177e-09
3.83285912e-10
4.79476829e-11
5.31132070e-12
5.16531246e-13
eC
1.00638940e+00
3.07804198e+00
5.27088624e+00
7.59201189e+00
1.00489234e+01
1.26495642e+01
1.54023425e+01
1.83161584e+01
2.14004324e+01
2.46651365e+01
2.81208258e+01
3.17786729e+01
3.56505041e+01
3.97488374e+01
4.40869232e+01
4.86787870e+01
5.35392748e+01
5.86841012e+01
6.41298999e+01
6.98942779e+01
7.59958720e+01
8.24544093e+01
8.92907710e+01
9.65270599e+01
1.04186672e+02
1.12294371e+02
1.20876370e+02
1.29960417e+02
1.39575880e+02
1.49753848e+02
1.60527227e+02
1.71930848e+02
1.84001582e+02
1.96778453e+02
2.10302771e+02
2.24618262e+02
2.39771209e+02
2.55810604e+02
2.72788303e+02
2.90759198e+02
