t
0.0000000018973050180292778
dt
0.0000000000187861882973196
DN
0.0000000000000015245865561
TC
989.0000
N
6.38364597e-05
1.79689616e-04
2.80576447e-04
3.64741277e-04
4.30667384e-04
4.77278982e-04
5.04181375e-04
5.11913521e-04
5.02138589e-04
4.77663487e-04
4.42196634e-04
3.99854226e-04
3.54562268e-04
3.09562850e-04
2.67163029e-04
2.28731463e-04
1.94855987e-04
1.65585428e-04
1.42422100e-04
2.05898630e-04
2.45841507e-03
3.45938325e-02
2.38204003e-01
6.64598661e-01
6.29226385e-01
1.65387472e-01
9.60268566e-03
9.64996914e-05
6.25121686e-07
1.34467101e-07
3.29155499e-08
7.42482349e-09
1.53714791e-09
2.90642334e-10
4.99200796e-11
7.74410673e-12
1.07847237e-12
1.33967928e-13
1.47435205e-14
1.42723909e-15
eC
1.00638940e+00
3.07804198e+00
5.27088624e+00
7.59201189e+00
1.00489234e+01
1.26495642e+01
1.54023425e+01
1.83161584e+01
2.14004324e+01
2.46651365e+01
2.81208258e+01
3.17786729e+01
3.56505041e+01
3.97488374e+01
4.40869232e+01
4.86787870e+01
5.35392748e+01
5.86841012e+01
6.41298999e+01
6.98942779e+01
7.59958720e+01
8.24544093e+01
8.92907710e+01
9.65270599e+01
1.04186672e+02
1.12294371e+02
1.20876370e+02
1.29960417e+02
1.39575880e+02
1.49753848e+02
1.60527227e+02
1.71930848e+02
1.84001582e+02
1.96778453e+02
2.10302771e+02
2.24618262e+02
2.39771209e+02
2.55810604e+02
2.72788303e+02
2.90759198e+02
