t
0.0003311207850296645524395
dt
0.0000032784236151451946111
DN
-0.0000000037093075476707185
TC
2202.0000
N
9.99885696e-01
9.99851330e-01
9.99802460e-01
9.99733128e-01
9.99633073e-01
9.99486041e-01
9.99265805e-01
9.98929198e-01
9.98403674e-01
9.97564684e-01
9.96193646e-01
9.93898455e-01
9.89960889e-01
9.83041774e-01
9.70617708e-01
9.47959248e-01
9.06548823e-01
8.32753296e-01
7.10808373e-01
5.37942380e-01
3.45494783e-01
1.86011552e-01
8.60889140e-02
3.55570473e-02
1.34750508e-02
4.75225716e-03
1.56722520e-03
4.83261115e-04
1.38992861e-04
3.71560451e-05
9.19418956e-06
2.09655599e-06
4.38469637e-07
8.36791594e-08
1.44948795e-08
2.26605176e-09
3.17817105e-10
3.97355100e-11
4.39900956e-12
4.28169100e-13
eC
1.00638940e+00
3.07804198e+00
5.27088624e+00
7.59201189e+00
1.00489234e+01
1.26495642e+01
1.54023425e+01
1.83161584e+01
2.14004324e+01
2.46651365e+01
2.81208258e+01
3.17786729e+01
3.56505041e+01
3.97488374e+01
4.40869232e+01
4.86787870e+01
5.35392748e+01
5.86841012e+01
6.41298999e+01
6.98942779e+01
7.59958720e+01
8.24544093e+01
8.92907710e+01
9.65270599e+01
1.04186672e+02
1.12294371e+02
1.20876370e+02
1.29960417e+02
1.39575880e+02
1.49753848e+02
1.60527227e+02
1.71930848e+02
1.84001582e+02
1.96778453e+02
2.10302771e+02
2.24618262e+02
2.39771209e+02
2.55810604e+02
2.72788303e+02
2.90759198e+02
