t
0.0000000022470051709613182
dt
0.0000000000222485660491220
DN
0.0000000000000013067884766
TC
1006.0000
N
7.56026217e-05
2.12807085e-04
3.32284369e-04
4.31956324e-04
5.10027752e-04
5.65225511e-04
5.97082839e-04
6.06238392e-04
5.94661883e-04
5.65677261e-04
5.23675949e-04
4.73532270e-04
4.19895391e-04
3.66604675e-04
3.16392270e-04
2.70879084e-04
2.30761293e-04
1.96091638e-04
1.68308210e-04
2.27832870e-04
2.47679649e-03
3.46070751e-02
2.38200935e-01
6.64564767e-01
6.29191609e-01
1.65379346e-01
9.60303587e-03
9.68164663e-05
7.18506212e-07
1.59240146e-07
3.89802414e-08
8.79285170e-09
1.82036922e-09
3.44193691e-10
5.91179695e-11
9.17098062e-12
1.27718460e-12
1.58652051e-13
1.74600809e-14
1.69021512e-15
eC
1.00638940e+00
3.07804198e+00
5.27088624e+00
7.59201189e+00
1.00489234e+01
1.26495642e+01
1.54023425e+01
1.83161584e+01
2.14004324e+01
2.46651365e+01
2.81208258e+01
3.17786729e+01
3.56505041e+01
3.97488374e+01
4.40869232e+01
4.86787870e+01
5.35392748e+01
5.86841012e+01
6.41298999e+01
6.98942779e+01
7.59958720e+01
8.24544093e+01
8.92907710e+01
9.65270599e+01
1.04186672e+02
1.12294371e+02
1.20876370e+02
1.29960417e+02
1.39575880e+02
1.49753848e+02
1.60527227e+02
1.71930848e+02
1.84001582e+02
1.96778453e+02
2.10302771e+02
2.24618262e+02
2.39771209e+02
2.55810604e+02
2.72788303e+02
2.90759198e+02
