t
0.0000000738626710724962947
dt
0.0000000007313145650742217
DN
0.0000000000000008711923178
TC
1357.0000
N
2.48644968e-03
6.98252683e-03
1.08801787e-02
1.41186781e-02
1.66462225e-02
1.84271584e-02
1.94506780e-02
1.97401300e-02
1.93602411e-02
1.84181708e-02
1.70548710e-02
1.54269066e-02
1.36840718e-02
1.19506242e-02
1.03154967e-02
8.83187836e-03
7.52299148e-03
6.39019802e-03
5.42231019e-03
4.67756421e-03
6.20371794e-03
3.72905319e-02
2.37577396e-01
6.57689795e-01
6.22134345e-01
1.63728955e-01
9.67364714e-03
1.60953939e-04
1.96280237e-05
5.17595812e-06
1.26723633e-06
2.85880648e-07
5.91911856e-08
1.11929093e-08
1.92265712e-09
2.98290887e-10
4.15450553e-11
5.16122005e-12
5.68059124e-13
5.49958117e-14
eC
1.00638940e+00
3.07804198e+00
5.27088624e+00
7.59201189e+00
1.00489234e+01
1.26495642e+01
1.54023425e+01
1.83161584e+01
2.14004324e+01
2.46651365e+01
2.81208258e+01
3.17786729e+01
3.56505041e+01
3.97488374e+01
4.40869232e+01
4.86787870e+01
5.35392748e+01
5.86841012e+01
6.41298999e+01
6.98942779e+01
7.59958720e+01
8.24544093e+01
8.92907710e+01
9.65270599e+01
1.04186672e+02
1.12294371e+02
1.20876370e+02
1.29960417e+02
1.39575880e+02
1.49753848e+02
1.60527227e+02
1.71930848e+02
1.84001582e+02
1.96778453e+02
2.10302771e+02
2.24618262e+02
2.39771209e+02
2.55810604e+02
2.72788303e+02
2.90759198e+02
