t
0.0000000000449115017182711
dt
0.0000000000004456584328542
DN
0.0000000000000008711923178
TC
613.0000
N
1.51103279e-06
4.25357759e-06
6.64210751e-06
8.63494569e-06
1.01960766e-05
1.12999371e-05
1.19371122e-05
1.21203216e-05
1.18889335e-05
1.13094226e-05
1.04696236e-05
9.46702783e-06
8.39461473e-06
7.32915767e-06
6.32528021e-06
5.41538353e-06
4.61367769e-06
3.94865527e-06
5.26323989e-06
8.96772133e-05
2.36101708e-03
3.45236625e-02
2.38220257e-01
6.64778251e-01
6.29410650e-01
1.65430531e-01
9.60082965e-03
9.48211187e-05
1.30283832e-07
3.19685094e-09
7.79357760e-10
1.75800758e-10
3.63956234e-11
6.88162925e-12
1.18197031e-12
1.83358707e-13
2.55351347e-14
3.17196874e-15
3.49082598e-16
3.37926833e-17
eC
1.00638940e+00
3.07804198e+00
5.27088624e+00
7.59201189e+00
1.00489234e+01
1.26495642e+01
1.54023425e+01
1.83161584e+01
2.14004324e+01
2.46651365e+01
2.81208258e+01
3.17786729e+01
3.56505041e+01
3.97488374e+01
4.40869232e+01
4.86787870e+01
5.35392748e+01
5.86841012e+01
6.41298999e+01
6.98942779e+01
7.59958720e+01
8.24544093e+01
8.92907710e+01
9.65270599e+01
1.04186672e+02
1.12294371e+02
1.20876370e+02
1.29960417e+02
1.39575880e+02
1.49753848e+02
1.60527227e+02
1.71930848e+02
1.84001582e+02
1.96778453e+02
2.10302771e+02
2.24618262e+02
2.39771209e+02
2.55810604e+02
2.72788303e+02
2.90759198e+02
