t: 1.81861e-09
dt: 2.63318e-10
N: 0.00108214 0.00125005 0.00144344 0.00166619 0.00192264 0.00221716 0.0025553 0.0029433 0.00338764 0.0038946 0.00447321 0.00513259 0.00587826 0.00672091 0.00767141 0.00873616 0.00991516 0.0112213 0.0126604 0.0141999 0.0158425 0.0175787 0.0193518 0.0210585 0.0226798 0.0241495 0.0251024 0.025513 0.0252918 0.0241685 0.0366508 0.442005 0.377172 0.00769919 0.00270144 0.000969502 0.00027693 6.06156e-05 1.0148e-05 1.26306e-06 
eC: 1 1.15749 1.33977 1.55077 1.795 2.07768 2.40489 2.78363 3.22201 3.72944 4.31677 4.99661 5.78351 6.69433 7.7486 8.9689 10.3814 12.0163 13.9087 16.0991 18.6345 21.5692 24.9661 28.8979 33.4489 38.7167 44.814 51.8717 60.0407 69.4963 80.4411 93.1095 107.773 124.746 144.391 167.131 193.452 223.918 259.182 300 
dV: 1.08333 0.211322 0.327712 0.508206 0.788112 1.22218 1.89532 2.93921 4.55805 7.06849 10.9616 16.999 26.3615 40.8807 63.3966 98.3136 152.462 236.434 366.655 568.597 881.764 1367.42 2120.55 3288.49 5099.69 7908.45 12264.2 19019 29494.1 45738.6 70930.1 109996 170579 264529 410225 636165 986546 1.52991e+06 2.37254e+06 3.67926e+06 
kVec: 807800 938600 1.08336e+06 1.25074e+06 1.44415e+06 1.66708e+06 1.92395e+06 2.21985e+06 2.56037e+06 2.9508e+06 3.39912e+06 3.91361e+06 4.50034e+06 5.17004e+06 5.93397e+06 6.80309e+06 7.78209e+06 8.88979e+06 1.01426e+07 1.15291e+07 1.30729e+07 1.47904e+07 1.66851e+07 1.8715e+07 2.09323e+07 2.33839e+07 2.58835e+07 2.85703e+07 3.1559e+07 3.49341e+07 3.87094e+07 4.3642e+07 5.18233e+07 6.59693e+07 8.98591e+07 1.27332e+08 1.80647e+08 2.46891e+08 3.27023e+08 4.16207e+08 
cMat: 
-207215 959.094 1126.99 1312.75 1530.33 1786.51 2088.32 2444.2 2865.48 3367.78 3965.98 4680.27 5544.56 6590.62 7859.7 9414.79 11348 13745.7 16736.8 20573.5 25483.6 31800.8 40087 51179.4 65976.3 85904 113762 152400 206390 283406 394661 554960 787823 1.13281e+06 1.63559e+06 2.36433e+06 3.39871e+06 4.85737e+06 6.9497e+06 9.97892e+06 
4877.09 -244755 1298.7 1512.77 1763.52 2058.76 2406.59 2816.73 3302.28 3881.21 4570.69 5394.01 6390.27 7596.12 9059.12 10851.9 13080.8 15845.5 19294.7 23719.5 29382.8 36669.9 46229.5 59028.8 76105.3 99106.7 131268 175883 238238 327202 455743 640980 910115 1.30889e+06 1.89014e+06 2.73271e+06 3.92871e+06 5.61526e+06 8.03449e+06 1.1537e+07 
3661 829.64 -282099 1741.69 2030.4 2370.35 2770.86 3243.13 3802.25 4468.92 5262.93 6211.1 7358.51 8747.38 10432.5 12497.7 15065.5 18250.8 22225.2 27324.3 33851.6 42251.7 53273.2 68032.4 87727.6 114262 151372 202863 274845 377571 526027 740010 1.05098e+06 1.5118e+06 2.1836e+06 3.15756e+06 4.54015e+06 6.48978e+06 9.28638e+06 1.33353e+07 
2720.2 616.444 1110.99 -325726 2335.98 2727.12 3187.96 3731.39 4374.77 5141.94 6055.68 7146.89 8467.47 10066.1 12005.8 14383.2 17339.5 21007.1 25583.8 31456.5 38975.3 48652.8 61352.7 78363.3 101068 131663 174464 233868 316934 435510 606916 854038 1.21325e+06 1.74566e+06 2.52196e+06 3.6476e+06 5.24561e+06 7.49894e+06 1.07312e+07 1.54109e+07 
2019.31 457.614 824.747 1487.54 -376619 3107.23 3665.01 4289.84 5029.61 5911.78 6962.52 8217.42 9736.19 11574.8 13806.1 16541 19942.2 24162.2 29429 36188.4 44843.8 55986.2 70611.7 90206.2 116366 151627 200969 269472 365291 502113 699951 985261 1.40009e+06 2.01507e+06 2.91192e+06 4.2126e+06 6.05925e+06 8.66308e+06 1.23982e+07 1.78059e+07 
1498.18 339.519 611.915 1103.68 1974.76 -435821 4207.62 4925.06 5774.53 6787.56 7994.25 9435.48 11179.9 13291.9 15855.2 18997.4 22905.6 27755.5 33809.2 41580.2 51532.9 64348.3 81173.9 103723 133835 174437 231274 310211 420663 578440 806658 1.13589e+06 1.61473e+06 2.32478e+06 3.36053e+06 4.86296e+06 6.99625e+06 1.00041e+07 1.43189e+07 2.05659e+07 
1110.46 251.657 453.567 818.088 1476.94 2667.99 -504675 5647 6621.18 7783.02 9167.06 10820.2 12821.4 15244.5 18185.6 21791.4 26277.2 31844.5 38795 47719.2 59151.7 73876.2 93214 119138 153770 200483 265903 356797 484034 665867 928986 1.30872e+06 1.86121e+06 2.6807e+06 3.87644e+06 5.61136e+06 8.07502e+06 1.15486e+07 1.65314e+07 2.37457e+07 
821.943 186.274 335.73 605.559 1093.27 1974.96 3571.22 -584729 7503.21 8913.3 10498.8 12392.8 14685.7 17462.5 20833.1 24966.3 30109 36492.9 44464.3 54702.2 67821.1 84722.2 106926 136704 176500 230200 305441 410030 556509 765944 1.06914e+06 1.50691e+06 2.14412e+06 3.08954e+06 4.46949e+06 6.47225e+06 9.31659e+06 1.33267e+07 1.90792e+07 2.74081e+07 
607.537 137.686 248.162 447.62 808.147 1459.93 2640 4730.6 -677968 10190.8 12004.2 14170.6 16793.7 19970.7 23827.7 28558.2 34445.2 41754.7 50883.9 62612.4 77646 97020.2 122483 156647 202324 263990 350442 470678 639166 880207 1.22935e+06 1.7337e+06 2.4682e+06 3.55836e+06 5.15019e+06 7.46117e+06 1.07437e+07 1.53713e+07 2.20099e+07 3.16216e+07 
448.592 101.666 183.244 330.532 596.769 1078.11 1949.61 3530.53 6402.36 -786137 13691.2 16163.2 19156.8 22783.1 27186.4 32587.9 39311.9 47662.5 58095 71502.8 88695.3 110861 140005 179130 231468 302167 401349 539383 732941 1.01004e+06 1.41166e+06 1.9922e+06 2.83814e+06 4.09427e+06 5.92927e+06 8.59431e+06 1.23804e+07 1.77176e+07 2.53741e+07 3.64599e+07 
330.529 74.9103 135.023 243.558 439.751 794.471 1436.75 2601.92 4718.65 8566.29 -912110 18398.5 21808.3 25939.5 30956.9 37113.1 44778.6 54301.5 66202.1 81503.2 101132 126449 159756 204495 264381 345328 458975 617259 839384 1.15763e+06 1.61923e+06 2.28694e+06 3.26057e+06 4.70703e+06 6.82116e+06 9.89295e+06 1.42578e+07 2.04102e+07 2.92366e+07 4.20163e+07 
242.898 55.051 99.2297 178.999 323.199 583.926 1056.05 1912.57 3468.7 6297.57 11457.2 -1.05903e+06 24587.5 29469.7 35175 42177.1 50898.8 61737.3 75286.7 92716 115085 143952 181952 233029 301447 393995 524044 705324 959944 1.32507e+06 1.85512e+06 2.62245e+06 3.74221e+06 5.40671e+06 7.84097e+06 1.13797e+07 1.64091e+07 2.34976e+07 3.36671e+07 4.83918e+07 
178.211 40.3912 72.8075 131.341 237.158 428.496 774.989 1403.65 2545.88 4622.56 8410.66 15227.5 -1.22979e+06 33347.4 39810.4 47745 57632.1 69923.6 85296 105082 130490 163299 206518 264661 342608 448141 596595 803747 1.09501e+06 1.51315e+06 2.12078e+06 3.00128e+06 4.28742e+06 6.20055e+06 9.00044e+06 1.30731e+07 1.88631e+07 2.70226e+07 3.87289e+07 5.56791e+07 
130.363 29.5474 53.2629 96.0875 173.51 313.514 567.066 1027.13 1863.14 3383.24 6156.44 11231.8 20522.1 -1.42904e+06 44895.6 53856.3 65027.2 78920.8 96305.5 118696 147468 184648 233665 299673 388250 508301 677387 913614 1.24617e+06 1.72421e+06 2.4197e+06 3.42868e+06 4.90413e+06 7.10064e+06 1.0318e+07 1.50011e+07 2.16612e+07 3.10455e+07 4.45097e+07 6.40054e+07 
94.9749 21.5273 38.8072 70.0123 126.431 228.462 413.259 748.603 1358.03 2466.31 4488.49 8189.99 14966.9 27427.1 -1.66182e+06 59861.1 73115.3 88768.7 108366 133626 166110 208119 263556 338292 438692 574929 767085 1.03591e+06 1.4149e+06 1.96048e+06 2.75532e+06 3.90995e+06 5.60053e+06 8.11965e+06 1.1813e+07 1.71935e+07 2.48481e+07 3.56322e+07 5.11052e+07 7.35098e+07 
68.9138 15.6208 28.1609 50.808 91.7568 165.817 299.968 543.432 985.942 1790.8 3259.59 5948.66 10873.2 19929.9 36260.8 -1.93533e+06 81815.4 99372.8 121368 149743 186265 233540 295996 380302 493705 647801 865504 1.17056e+06 1.60135e+06 2.22256e+06 3.12904e+06 4.4479e+06 6.38182e+06 9.26668e+06 1.3501e+07 1.96754e+07 2.84634e+07 4.08421e+07 5.86037e+07 8.43224e+07 
49.8257 11.2946 20.3628 36.741 66.3573 119.927 216.973 393.121 713.327 1295.84 2359.1 4306.15 7872.86 14434.5 26566.8 49076.5 -2.25411e+06 110471 134998 166672 207483 260371 330333 424919 552349 725797 971333 1.31607e+06 1.80388e+06 2.5088e+06 3.53948e+06 5.04188e+06 7.24896e+06 1.05457e+07 1.53913e+07 2.24651e+07 3.25388e+07 4.67254e+07 6.70821e+07 9.65584e+07 
35.7946 8.11442 14.6303 26.3996 47.6837 86.187 155.948 282.588 512.84 931.797 1696.69 3097.74 5665.1 10390 19129.7 35352.7 65518.4 -2.62948e+06 149296 184466 229837 288708 366704 472336 614904 809331 1.0852e+06 1.47341e+06 2.02401e+06 2.82161e+06 3.99047e+06 5.69805e+06 8.21189e+06 1.19727e+07 1.75089e+07 2.56019e+07 3.71345e+07 5.33715e+07 7.66714e+07 1.10409e+08 
25.5122 5.78382 10.429 18.82 33.9964 61.4543 111.21 201.55 365.832 664.826 1210.85 2211.27 4045.18 7421.64 13670 25274.7 46867.2 87392.3 -3.07422e+06 201741 253079 318258 404759 522145 680898 897871 1.20654e+06 1.64203e+06 2.26135e+06 3.16098e+06 4.48285e+06 6.41885e+06 9.27592e+06 1.35578e+07 1.98726e+07 2.91178e+07 4.23021e+07 6.08595e+07 8.74903e+07 1.26051e+08 
18.0819 4.09961 7.39275 13.3422 24.1039 43.5777 78.8722 142.967 259.551 471.795 859.513 1570.14 2873.4 5274.07 9719.08 17979.9 33363 62259.1 116320 -3.59519e+06 275448 346859 441829 571025 746185 986228 1.32884e+06 1.81376e+06 2.50569e+06 3.51433e+06 5.00132e+06 7.1861e+06 1.04202e+07 1.52782e+07 2.24587e+07 3.29916e+07 4.80264e+07 6.91814e+07 9.95411e+07 1.43499e+08 
12.6901 2.87739 5.18926 9.36645 16.9234 30.6007 55.3945 100.43 182.368 331.589 604.274 1104.26 2021.69 3712.59 6845.39 12671.9 23531.7 43951.6 82677 156066 -4.21399e+06 374231 477560 618529 810205 1.07371e+06 1.45124e+06 1.98762e+06 2.75598e+06 3.8807e+06 5.54542e+06 8.00064e+06 1.16485e+07 1.71426e+07 2.52854e+07 3.72568e+07 5.43646e+07 7.84269e+07 1.1296e+08 1.62957e+08 
8.79298 1.99392 3.59634 6.4921 11.7317 21.2166 38.4145 69.6609 126.527 230.127 419.521 766.944 1404.79 2581.16 4762.18 8821.92 16396.6 30655.3 57729.9 109122 207794 -4.95224e+06 505178 663431 871398 1.15832e+06 1.57121e+06 2.1604e+06 3.00826e+06 4.25535e+06 6.10978e+06 8.85697e+06 1.29562e+07 1.91498e+07 2.83579e+07 4.19315e+07 6.13553e+07 8.86631e+07 1.27856e+08 1.84591e+08 
6.01264 1.36358 2.45975 4.44095 8.02638 14.5184 26.2928 47.6915 86.6489 157.652 287.514 525.854 963.723 1771.86 3271.39 6065.3 11284.4 21121.6 39827.4 75401.4 143842 274037 -5.84502e+06 701547 924413 1.23318e+06 1.67985e+06 2.32056e+06 3.24757e+06 4.61905e+06 6.67002e+06 9.7248e+06 1.43069e+07 2.12572e+07 3.16292e+07 4.69678e+07 6.8954e+07 9.98489e+07 1.44191e+08 2.08369e+08 
4.05367 0.919427 1.65878 2.99534 5.41465 9.79642 17.7459 32.1981 58.5194 106.516 194.346 355.64 652.192 1199.98 2217.39 4115.15 7665.21 14366.6 27131.1 51460.1 98380.1 190043 370465 -6.90916e+06 961097 1.28765e+06 1.76307e+06 2.44941e+06 3.4492e+06 4.93923e+06 7.1836e+06 1.05495e+07 1.56323e+07 2.33808e+07 3.49996e+07 5.2252e+07 7.70351e+07 1.1184e+08 1.61793e+08 2.3407e+08 
2.675 0.606808 1.09494 1.97755 3.57555 6.47064 11.7247 21.2802 38.6909 70.4564 128.619 235.502 432.181 795.829 1471.95 2734.68 5100.52 9573.97 18111 34422.7 65966.8 127778 249885 491983 -8.20739e+06 1.32184e+06 1.82055e+06 2.54593e+06 3.61094e+06 5.21197e+06 7.6444e+06 1.13225e+07 1.69218e+07 2.55103e+07 3.84628e+07 5.77898e+07 8.56264e+07 1.24696e+08 1.80768e+08 2.61862e+08 
1.71997 0.390221 0.704252 1.27219 2.30072 4.16472 7.5488 13.7059 24.9299 45.42 82.9621 152 279.161 514.518 952.619 1771.96 3309.69 6222.75 11793.6 22467.1 43170.5 83876 164617 325500 652754 -9.82436e+06 1.83987e+06 2.60222e+06 3.72131e+06 5.42066e+06 8.02885e+06 1.20114e+07 1.81326e+07 2.75915e+07 4.19543e+07 6.35107e+07 9.46579e+07 1.38348e+08 2.0105e+08 2.91676e+08 
1.07934 0.244918 0.442105 0.798819 1.44501 2.61655 4.74436 8.61755 15.682 28.5876 52.2506 95.8023 176.106 324.916 602.285 1121.85 2098.92 3953.86 7509.79 14344.9 27650 53913.7 106260 211192 426019 871849 -1.17818e+07 2.56625e+06 3.70798e+06 5.46462e+06 8.19766e+06 1.24259e+07 1.90102e+07 2.92909e+07 4.50473e+07 6.88827e+07 1.03476e+08 1.51972e+08 2.21563e+08 3.22043e+08 
0.653186 0.148244 0.267655 0.483731 0.875282 1.58544 2.87585 5.22592 9.51483 17.3557 31.7439 58.249 107.178 197.965 367.428 685.411 1284.69 2425.07 4616.97 8844.97 17107.2 33488.1 66310.5 132544 269130 557043 1.15928e+06 -1.42335e+07 3.58369e+06 5.3543e+06 8.15546e+06 1.25601e+07 1.95323e+07 3.05674e+07 4.76811e+07 7.38318e+07 1.12004e+08 1.65501e+08 2.42257e+08 3.52917e+08 
0.378095 0.0858268 0.154996 0.280195 0.507145 0.91894 1.66756 3.03165 5.52269 10.0803 18.4507 33.8848 62.4115 115.415 214.504 400.777 752.638 1423.88 2717.71 5222.8 10138.7 19931 39665.1 79777 163154 340487 715959 1.53176e+06 -1.73455e+07 5.03201e+06 7.88621e+06 1.23761e+07 1.9627e+07 3.13037e+07 4.96825e+07 7.81246e+07 1.1995e+08 1.78575e+08 2.62681e+08 3.83692e+08 
0.208181 0.047266 0.0853789 0.154387 0.279521 0.506677 0.919842 1.67311 3.04959 5.57011 10.2033 18.7551 34.5819 64.0316 119.177 223.043 419.724 795.935 1523.27 2937.23 5724.49 11305 22621.6 45807.7 94427.5 198874 423088 917661 2.01772e+06 -2.13885e+07 7.28955e+06 1.17084e+07 1.90309e+07 3.11033e+07 5.04855e+07 8.09962e+07 1.26324e+08 1.89925e+08 2.8117e+08 4.12073e+08 
0.106344 0.0241495 0.0436331 0.0789216 0.142934 0.25919 0.47075 0.856678 1.56238 2.8557 5.23526 9.63179 17.7794 32.9626 61.4407 115.187 217.216 412.915 792.439 1533.33 3000.66 5954.1 11982.6 24438.6 50803.7 108052 232818 512724 1.15996e+06 2.67397e+06 -2.66746e+07 1.02299e+07 1.71596e+07 2.89816e+07 4.85128e+07 8.00363e+07 1.27605e+08 1.94565e+08 2.90668e+08 4.27938e+08 
0.029508 0.00670228 0.0121125 0.0219147 0.0397018 0.0720203 0.130863 0.238264 0.434788 0.79525 1.45906 2.68678 4.96498 9.21674 17.2047 32.31 61.057 116.346 223.903 434.744 854.274 1703.2 3447.44 7082.01 14848.6 31898 69637.8 155818 359211 847505 2.01865e+06 -3.71866e+07 8.56837e+06 1.50664e+07 2.62159e+07 4.48313e+07 7.35651e+07 1.14284e+08 1.72818e+08 2.55962e+08 
0.0144061 0.00327277 0.00591604 0.0107065 0.0194024 0.0352095 0.0640041 0.11659 0.212874 0.389624 0.715407 1.31854 2.4392 4.5337 8.47509 15.9429 30.1898 57.6647 111.275 216.799 427.742 856.836 1744.22 3609.01 7631.84 16560.4 36639 83333.4 195912 473745 1.16449e+06 2.94672e+06 -4.92188e+07 1.42316e+07 2.60125e+07 4.65256e+07 7.91967e+07 1.26039e+08 1.93618e+08 2.88993e+08 
0.0090519 0.00205677 0.00371875 0.00673166 0.0122026 0.0221515 0.0402831 0.0734125 0.134109 0.245613 0.451305 0.832458 1.54151 2.86848 5.36929 10.116 19.1922 36.7386 71.0716 138.905 275.077 553.413 1132.47 2358.79 5027.62 11011.6 24669.1 56988.7 136542 338342 859442 2.26419e+06 6.21897e+06 -6.23559e+07 3.24424e+07 6.19811e+07 1.11831e+08 1.85315e+08 2.92515e+08 4.42704e+08 
0.00314889 0.000715612 0.00129413 0.00234316 0.00424859 0.00771494 0.0140349 0.025588 0.0467662 0.0856995 0.157573 0.290871 0.539114 1.00427 1.8821 3.55103 6.74875 12.9447 25.0994 49.1962 97.7569 197.451 405.985 850.734 1826.37 4034.16 9140.95 21417.9 52212.5 132318 346619 949228 2.73872e+06 7.81654e+06 -8.82408e+07 4.64546e+07 9.0711e+07 1.59601e+08 2.62892e+08 4.07427e+08 
0.000935381 0.000212605 0.000384549 0.000696413 0.00126302 0.00229415 0.00417485 0.0076143 0.0139223 0.0255261 0.046962 0.0867473 0.160913 0.300038 0.562912 1.06343 2.0242 3.88957 7.55723 14.8507 29.5992 59.9961 123.885 260.994 563.891 1254.93 2872.29 6815.09 16871.6 43622.7 117511 333567 1.00659e+06 3.06872e+06 9.54608e+06 -1.26721e+08 6.48025e+07 1.25187e+08 2.19765e+08 3.54245e+08 
0.000230464 5.23888e-05 9.47717e-05 0.000171658 0.000311378 0.000565711 0.00102973 0.00187862 0.00343612 0.00630257 0.0116006 0.0214397 0.0397955 0.074258 0.139437 0.263681 0.502522 0.966974 1.8818 3.70537 7.40285 15.0468 31.1735 65.9514 143.206 320.581 739.546 1772.02 4439.93 11661.2 32112.1 93817.1 293682 949004 3.19495e+06 1.11071e+07 -1.80459e+08 8.32541e+07 1.62563e+08 2.82305e+08 
4.57951e-05 1.04109e-05 1.88351e-05 3.41191e-05 6.18973e-05 0.00011247 0.000204757 0.000373623 0.000683526 0.00125405 0.00230891 0.00426862 0.00792643 0.0147976 0.0278008 0.0526054 0.100331 0.193231 0.376418 0.742113 1.48483 3.02318 6.27624 13.3126 28.9957 65.1453 151.015 364.055 919.025 2437.64 6807.62 20264 64983.8 218648 781576 2.9833e+06 1.15754e+07 -2.46846e+08 9.78713e+07 1.99325e+08 
7.15303e-06 1.62623e-06 2.94232e-06 5.33031e-06 9.67083e-06 1.75741e-05 3.19983e-05 5.83954e-05 0.000106848 0.000196069 0.00036107 0.000667692 0.0012402 0.00231607 0.00435297 0.00824049 0.0157252 0.0303044 0.0590755 0.116571 0.233477 0.475934 0.989462 2.10247 4.58892 10.3352 24.0359 58.1767 147.584 393.968 1110.28 3345.3 10898.1 37678.1 140545 571745 2.4675e+06 1.06847e+07 -3.27015e+08 1.1979e+08 
8.47647e-07 1.92719e-07 3.48701e-07 6.31742e-07 1.14625e-06 2.08315e-06 3.79324e-06 6.92316e-06 1.2669e-05 2.32509e-05 4.28243e-05 7.92046e-05 0.000147149 0.000274866 0.000516742 0.000978541 0.00186804 0.00360152 0.00702426 0.0138689 0.0277971 0.0567082 0.118005 0.251029 0.548616 1.23744 2.88326 6.99442 17.7911 47.6512 134.904 408.911 1342.46 4706.12 17976.2 76059.7 353640 1.79587e+06 9.88614e+06 -4.16206e+08 
dt_FE: 2.63318e-10
dt_EA: 2.63318e-10
dt_PE: 2.63318e-10
tolC: 1e-06
dt_grow: 1.03
dt_max: 0.1
steps: 0
