t
0.0000105585763351606815480
dt
0.0000009598705768327901975
DN
0.0000000000000002177980794
TC
217.0000
N
3.34692666e-01
6.85481189e-01
8.36757565e-01
9.04537500e-01
9.35630303e-01
9.49282770e-01
9.53420596e-01
9.51025353e-01
9.42648863e-01
9.27429463e-01
9.03618402e-01
8.69109074e-01
8.22170112e-01
7.62284815e-01
6.90755184e-01
6.10732059e-01
5.26614191e-01
4.43090213e-01
3.64225575e-01
2.92899020e-01
2.31102847e-01
1.85644652e-01
1.87261609e-01
2.38993539e-01
1.85030154e-01
5.52324024e-02
1.02535076e-02
2.77547414e-03
7.99939930e-04
2.13733594e-04
5.27725514e-05
1.20075216e-05
2.50668192e-06
4.77698354e-07
8.26540723e-08
1.29104357e-08
1.80948268e-09
2.26114301e-10
2.50223321e-11
2.43474104e-12
eC
1.00638940e+00
3.07804198e+00
5.27088624e+00
7.59201189e+00
1.00489234e+01
1.26495642e+01
1.54023425e+01
1.83161584e+01
2.14004324e+01
2.46651365e+01
2.81208258e+01
3.17786729e+01
3.56505041e+01
3.97488374e+01
4.40869232e+01
4.86787870e+01
5.35392748e+01
5.86841012e+01
6.41298999e+01
6.98942779e+01
7.59958720e+01
8.24544093e+01
8.92907710e+01
9.65270599e+01
1.04186672e+02
1.12294371e+02
1.20876370e+02
1.29960417e+02
1.39575880e+02
1.49753848e+02
1.60527227e+02
1.71930848e+02
1.84001582e+02
1.96778453e+02
2.10302771e+02
2.24618262e+02
2.39771209e+02
2.55810604e+02
2.72788303e+02
2.90759198e+02
