t
0.0000000001357353476561851
dt
0.0000000000123395770596532
DN
-0.0000000015917587507617687
TC
124.0000
N
3.02906172e-01
6.32320883e-01
7.77221164e-01
8.39140196e-01
8.62598323e-01
8.67231383e-01
8.61711226e-01
8.49802711e-01
8.33020422e-01
8.11811263e-01
7.86097377e-01
7.55545549e-01
7.19728116e-01
6.78252890e-01
6.30898288e-01
5.77764567e-01
5.19428765e-01
4.57066178e-01
3.92481789e-01
3.27996547e-01
2.66170660e-01
2.09414090e-01
1.59598057e-01
1.17794591e-01
8.42178691e-02
5.83548160e-02
3.92071402e-02
2.55519090e-02
1.61541454e-02
9.90449781e-03
5.88573540e-03
3.38668177e-03
1.88454461e-03
1.01258865e-03
5.24431307e-04
2.61286966e-04
1.24963898e-04
5.72372161e-05
2.50447945e-05
1.04411581e-05
eC
1.00638940e+00
3.07804198e+00
5.27088624e+00
7.59201189e+00
1.00489234e+01
1.26495642e+01
1.54023425e+01
1.83161584e+01
2.14004324e+01
2.46651365e+01
2.81208258e+01
3.17786729e+01
3.56505041e+01
3.97488374e+01
4.40869232e+01
4.86787870e+01
5.35392748e+01
5.86841012e+01
6.41298999e+01
6.98942779e+01
7.59958720e+01
8.24544093e+01
8.92907710e+01
9.65270599e+01
1.04186672e+02
1.12294371e+02
1.20876370e+02
1.29960417e+02
1.39575880e+02
1.49753848e+02
1.60527227e+02
1.71930848e+02
1.84001582e+02
1.96778453e+02
2.10302771e+02
2.24618262e+02
2.39771209e+02
2.55810604e+02
2.72788303e+02
2.90759198e+02
