t
0.0000001012311164862171865
dt
0.0000000031514152879860429
DN
0.0000000000000002177980794
TC
197.0000
N
6.37508178e-02
1.75300521e-01
2.69563647e-01
3.48274627e-01
4.13040106e-01
4.65315367e-01
5.06386032e-01
5.37356742e-01
5.59146755e-01
5.72492357e-01
5.77956437e-01
5.75946215e-01
5.66741036e-01
5.50533036e-01
5.27484045e-01
4.97801631e-01
4.61834678e-01
4.20183132e-01
3.73806677e-01
3.24106414e-01
2.72982942e-01
2.23097793e-01
1.77852425e-01
1.37054278e-01
9.83718089e-02
6.74527786e-02
4.54075722e-02
2.96921859e-02
1.88120317e-02
1.15500496e-02
6.87012581e-03
3.95590280e-03
2.20253128e-03
1.18399767e-03
6.13445320e-04
3.05736370e-04
1.46262450e-04
6.70079720e-05
2.93257874e-05
1.22279389e-05
eC
1.00638940e+00
3.07804198e+00
5.27088624e+00
7.59201189e+00
1.00489234e+01
1.26495642e+01
1.54023425e+01
1.83161584e+01
2.14004324e+01
2.46651365e+01
2.81208258e+01
3.17786729e+01
3.56505041e+01
3.97488374e+01
4.40869232e+01
4.86787870e+01
5.35392748e+01
5.86841012e+01
6.41298999e+01
6.98942779e+01
7.59958720e+01
8.24544093e+01
8.92907710e+01
9.65270599e+01
1.04186672e+02
1.12294371e+02
1.20876370e+02
1.29960417e+02
1.39575880e+02
1.49753848e+02
1.60527227e+02
1.71930848e+02
1.84001582e+02
1.96778453e+02
2.10302771e+02
2.24618262e+02
2.39771209e+02
2.55810604e+02
2.72788303e+02
2.90759198e+02
