t
0.0000000788260890370304267
dt
0.0000000033472987083063548
DN
0.0000000000000000000000000
TC
185.0000
N
4.85381211e-02
1.35886455e-01
2.12573205e-01
2.79156799e-01
3.36201651e-01
3.84260226e-01
4.23855243e-01
4.55463884e-01
4.79504892e-01
4.96329386e-01
5.06216449e-01
5.09374835e-01
5.05952640e-01
4.96057238e-01
4.79788176e-01
4.57285551e-01
4.28795124e-01
3.94748208e-01
3.55848547e-01
3.13154553e-01
2.68225984e-01
2.23985643e-01
1.85722036e-01
1.50930922e-01
1.08597311e-01
7.20831529e-02
4.82428409e-02
3.16342641e-02
2.00837235e-02
1.23462966e-02
7.34938407e-03
4.23394657e-03
2.35812325e-03
1.26793856e-03
6.57051295e-04
3.27512921e-04
1.56696616e-04
7.17943123e-05
3.14227332e-05
1.31030958e-05
eC
1.00638940e+00
3.07804198e+00
5.27088624e+00
7.59201189e+00
1.00489234e+01
1.26495642e+01
1.54023425e+01
1.83161584e+01
2.14004324e+01
2.46651365e+01
2.81208258e+01
3.17786729e+01
3.56505041e+01
3.97488374e+01
4.40869232e+01
4.86787870e+01
5.35392748e+01
5.86841012e+01
6.41298999e+01
6.98942779e+01
7.59958720e+01
8.24544093e+01
8.92907710e+01
9.65270599e+01
1.04186672e+02
1.12294371e+02
1.20876370e+02
1.29960417e+02
1.39575880e+02
1.49753848e+02
1.60527227e+02
1.71930848e+02
1.84001582e+02
1.96778453e+02
2.10302771e+02
2.24618262e+02
2.39771209e+02
2.55810604e+02
2.72788303e+02
2.90759198e+02
