t
0.0000026023654798085688505
dt
0.0000000869885286541532557
DN
0.0000000028813912726934202
TC
575.0000
N
8.34976098e-01
9.24990005e-01
9.18872253e-01
9.10090285e-01
8.99817197e-01
8.87814006e-01
8.73756927e-01
8.57262478e-01
8.37885596e-01
8.15121208e-01
7.88414473e-01
7.57185470e-01
7.20875364e-01
6.79021318e-01
6.31364538e-01
5.77987446e-01
5.19460367e-01
4.56957121e-01
3.92281677e-01
3.27751087e-01
2.65917608e-01
2.09180319e-01
1.59399007e-01
1.17635896e-01
8.40981736e-02
5.82687741e-02
3.91478717e-02
2.55126312e-02
1.61290346e-02
9.88898565e-03
5.87646962e-03
3.38133058e-03
1.88155878e-03
1.01098097e-03
5.23597293e-04
2.60870884e-04
1.24764685e-04
5.71458892e-05
2.50048035e-05
1.04244752e-05
eC
1.00638940e+00
3.07804198e+00
5.27088624e+00
7.59201189e+00
1.00489234e+01
1.26495642e+01
1.54023425e+01
1.83161584e+01
2.14004324e+01
2.46651365e+01
2.81208258e+01
3.17786729e+01
3.56505041e+01
3.97488374e+01
4.40869232e+01
4.86787870e+01
5.35392748e+01
5.86841012e+01
6.41298999e+01
6.98942779e+01
7.59958720e+01
8.24544093e+01
8.92907710e+01
9.65270599e+01
1.04186672e+02
1.12294371e+02
1.20876370e+02
1.29960417e+02
1.39575880e+02
1.49753848e+02
1.60527227e+02
1.71930848e+02
1.84001582e+02
1.96778453e+02
2.10302771e+02
2.24618262e+02
2.39771209e+02
2.55810604e+02
2.72788303e+02
2.90759198e+02
