t
0.0000002628664131695820134
dt
0.0000000031965979366433588
DN
0.0000000000000000000000000
TC
294.0000
N
1.73474250e-01
4.21126360e-01
5.79640546e-01
6.79457958e-01
7.40514767e-01
7.75692455e-01
7.93190455e-01
7.98128477e-01
7.93610568e-01
7.81424338e-01
7.62501200e-01
7.37227352e-01
7.05669178e-01
6.67758106e-01
6.23465090e-01
5.72979724e-01
5.16889773e-01
4.56332556e-01
3.93065609e-01
3.29395427e-01
2.67929632e-01
2.11185894e-01
1.61168687e-01
1.19066995e-01
8.51823518e-02
5.90496000e-02
3.96861301e-02
2.58694069e-02
1.63571336e-02
1.00299028e-02
5.96065694e-03
3.42996397e-03
1.90870451e-03
1.02560293e-03
5.31185625e-04
2.64657996e-04
1.26578461e-04
5.79776258e-05
2.53690984e-05
1.05764781e-05
eC
1.00638940e+00
3.07804198e+00
5.27088624e+00
7.59201189e+00
1.00489234e+01
1.26495642e+01
1.54023425e+01
1.83161584e+01
2.14004324e+01
2.46651365e+01
2.81208258e+01
3.17786729e+01
3.56505041e+01
3.97488374e+01
4.40869232e+01
4.86787870e+01
5.35392748e+01
5.86841012e+01
6.41298999e+01
6.98942779e+01
7.59958720e+01
8.24544093e+01
8.92907710e+01
9.65270599e+01
1.04186672e+02
1.12294371e+02
1.20876370e+02
1.29960417e+02
1.39575880e+02
1.49753848e+02
1.60527227e+02
1.71930848e+02
1.84001582e+02
1.96778453e+02
2.10302771e+02
2.24618262e+02
2.39771209e+02
2.55810604e+02
2.72788303e+02
2.90759198e+02
