t: 5.87619e-08
dt: 2.02582e-09
N: 0.0407831 0.0469157 0.053914 0.0618916 0.0709665 0.0812424 0.0928504 0.105926 0.120583 0.13689 0.154981 0.174936 0.196649 0.220137 0.24534 0.271977 0.299516 0.327745 0.35615 0.383289 0.408618 0.431258 0.449533 0.461237 0.465676 0.46122 0.443464 0.412111 0.366261 0.305161 0.232906 0.180074 0.096921 0.0400269 0.0154093 0.00496965 0.00132655 0.000286534 4.85524e-05 6.21737e-06 
eC: 1 1.15749 1.33977 1.55077 1.795 2.07768 2.40489 2.78363 3.22201 3.72944 4.31677 4.99661 5.78351 6.69433 7.7486 8.9689 10.3814 12.0163 13.9087 16.0991 18.6345 21.5692 24.9661 28.8979 33.4489 38.7167 44.814 51.8717 60.0407 69.4963 80.4411 93.1095 107.773 124.746 144.391 167.131 193.452 223.918 259.182 300 
dV: 1.08333 0.211322 0.327712 0.508206 0.788112 1.22218 1.89532 2.93921 4.55805 7.06849 10.9616 16.999 26.3615 40.8807 63.3966 98.3136 152.462 236.434 366.655 568.597 881.764 1367.42 2120.55 3288.49 5099.69 7908.45 12264.2 19019 29494.1 45738.6 70930.1 109996 170579 264529 410225 636165 986546 1.52991e+06 2.37254e+06 3.67926e+06 
kVec: 943744 1.09466e+06 1.26223e+06 1.45545e+06 1.67802e+06 1.93357e+06 2.2268e+06 2.56298e+06 2.94767e+06 3.38567e+06 3.88476e+06 4.4525e+06 5.09252e+06 5.81368e+06 6.62429e+06 7.53e+06 8.52712e+06 9.62739e+06 1.0836e+07 1.21211e+07 1.34902e+07 1.49386e+07 1.64429e+07 1.79306e+07 1.944e+07 2.1005e+07 2.24662e+07 2.403e+07 2.59341e+07 2.85497e+07 3.22926e+07 3.84046e+07 4.88352e+07 6.49956e+07 9.00826e+07 1.28304e+08 1.8206e+08 2.48476e+08 3.28657e+08 4.17797e+08 
cMat: 
-142728 920.976 1082.2 1260.57 1469.51 1715.51 2005.32 2347.05 2751.6 3233.93 3808.35 4494.26 5324.2 6328.69 7547.32 9040.6 10897 13199.4 16071.6 19755.8 24470.8 30536.9 38493.8 49145.3 63354.2 82489.8 109241 146343 198187 272142 378976 532904 756512 1.08779e+06 1.57058e+06 2.27036e+06 3.26363e+06 4.66432e+06 6.67349e+06 9.58232e+06 
4654.09 -169631 1239.32 1443.6 1682.89 1964.62 2296.55 2687.94 3151.29 3703.75 4361.71 5147.39 6098.09 7248.8 8644.91 10355.8 12482.7 15121 18412.5 22634.9 28039.3 34993.2 44115.8 56329.8 72625.5 94575.3 125266 167841 227345 312242 434905 611672 868502 1.24905e+06 1.80371e+06 2.60776e+06 3.74908e+06 5.35851e+06 7.66713e+06 1.10095e+07 
3468.63 786.045 -194824 1650.17 1923.71 2245.79 2625.26 3072.72 3602.45 4234.1 4986.38 5884.73 6971.84 8287.73 9884.34 11841 14273.9 17291.8 21057.3 25888.5 32072.9 40031.5 50473.8 64457.5 83117.8 108258 143418 192203 260403 357731 498386 701125 995751 1.43236e+06 2.06886e+06 2.99164e+06 4.30158e+06 6.14876e+06 8.79842e+06 1.26346e+07 
2556.1 579.256 1043.97 -224246 2195.06 2562.6 2995.65 3506.29 4110.85 4831.75 5690.37 6715.75 7956.66 9458.82 11281.6 13515.6 16293.5 19739.8 24040.4 29558.9 36624.1 45717.8 57651.6 73636 94970.8 123720 163940 219760 297815 409238 570303 802517 1.14006e+06 1.64035e+06 2.36982e+06 3.42755e+06 4.92916e+06 7.04656e+06 1.00838e+07 1.44812e+07 
1879.62 425.958 767.693 1384.63 -258512 2892.28 3411.48 3993.08 4681.68 5502.82 6480.88 7648.96 9062.67 10774.1 12851 15396.7 18562.6 22490.8 27393.2 33685 41741.6 52113.2 65727 83966 108316 141137 187067 250831 340021 467378 651531 917104 1.30324e+06 1.87567e+06 2.71048e+06 3.92119e+06 5.64009e+06 8.0638e+06 1.15405e+07 1.65742e+07 
1379.52 312.629 563.451 1016.27 1818.36 -298280 3874.37 4534.99 5317.18 6249.98 7361.1 8688.18 10294.5 12239.2 14599.4 17492.8 21091.5 25557.3 31131.5 38287 47451.5 59251.8 74744.9 95507.7 123235 160621 212957 285642 387346 532627 742770 1.04593e+06 1.48685e+06 2.14065e+06 3.09437e+06 4.47781e+06 6.44214e+06 9.2118e+06 1.31848e+07 1.89371e+07 
1009.94 228.875 412.507 744.029 1343.24 2426.46 -344376 5135.8 6021.79 7078.45 8337.2 9840.71 11660.7 13864.5 16539.3 19818.7 23898.4 28961.8 35283 43399.4 53796.9 67188.4 84775.7 108353 139850 182334 241832 324497 440216 605589 844889 1.19024e+06 1.69272e+06 2.43802e+06 3.52552e+06 5.10338e+06 7.34402e+06 1.05031e+07 1.50349e+07 2.15961e+07 
737.047 167.034 301.053 543.012 980.35 1770.97 3202.36 -397729 6728.22 7992.68 9414.43 11112.8 13168.9 15658.8 18681.3 22387.6 26999.2 32723.7 39871.8 49052.2 60816 75971.5 95882.1 122585 158270 206423 273893 367679 499029 686832 958714 1.35126e+06 1.92266e+06 2.77043e+06 4.00785e+06 5.80375e+06 8.35431e+06 1.19502e+07 1.71086e+07 2.45772e+07 
536.095 121.495 218.98 394.983 713.114 1288.25 2329.55 4174.31 -459611 8992.43 10592.6 12504.2 14818.9 17622.2 21025.7 25199.9 30394.7 36844.6 44900.3 55249.6 68515.3 85611.3 108080 138226 178532 232946 309232 415329 564004 776700 1.08478e+06 1.52983e+06 2.17795e+06 3.13992e+06 4.54456e+06 6.58379e+06 9.48033e+06 1.35638e+07 1.94217e+07 2.79031e+07 
388.698 88.0918 158.778 286.401 517.091 934.162 1689.31 3059.15 5547.55 -531057 11863.2 14005.2 16599.1 19741.2 23556.6 28237 34063.1 41298.9 50338.4 61956.1 76853.2 96059.1 121312 155213 200564 261823 347763 467367 635082 875184 1.22319e+06 1.72621e+06 2.45921e+06 3.54762e+06 5.13762e+06 7.44684e+06 1.07275e+07 1.5352e+07 2.19863e+07 3.1592e+07 
280.558 63.5851 114.609 206.736 373.268 674.359 1219.54 2208.55 4005.27 7271.21 -613830 15617 18511.3 22017.9 26276.7 31502.2 38008.8 46092 56193.4 69181.2 85842.3 107332 135603 173579 224411 293120 389586 523939 712483 982615 1.37443e+06 1.94119e+06 2.76763e+06 3.9954e+06 5.78991e+06 8.39729e+06 1.21022e+07 1.73245e+07 2.48165e+07 3.56641e+07 
201.441 45.655 82.2932 148.447 268.035 484.262 875.801 1586.13 2876.67 5222.71 9501.66 -709861 20390.9 24439.8 29171.3 34978.3 42211.5 51200 62436.8 76891.3 95442.7 119383 150896 193256 249996 326748 434601 584940 796101 1.09891e+06 1.53849e+06 2.17485e+06 3.1035e+06 4.4839e+06 6.50268e+06 9.43738e+06 1.36084e+07 1.9487e+07 2.79208e+07 4.01323e+07 
144.012 32.6402 58.8359 106.137 191.647 346.268 626.269 1134.29 2057.33 3735.5 6796.66 12305.3 -821005 26948.1 32170.9 38582.8 46572.6 56505.3 68927.8 84916.6 105449 131962 166887 213873 276862 362143 482109 649509 884882 1.22278e+06 1.7138e+06 2.42534e+06 3.46467e+06 5.01067e+06 7.27326e+06 1.05644e+07 1.52433e+07 2.1837e+07 3.12969e+07 4.49944e+07 
102.353 23.1989 41.8188 75.4421 136.229 246.152 445.226 806.444 1462.82 2656.32 4833.67 8818.54 16112.8 -950214 35249.3 42284.7 51055.4 61963.9 75613.3 93192.9 115783 144974 183460 235285 304831 399087 531844 717315 978421 1.35374e+06 1.8998e+06 2.69199e+06 3.85043e+06 5.575e+06 8.10103e+06 1.1778e+07 1.7007e+07 2.43751e+07 3.49464e+07 5.02532e+07 
72.2279 16.3714 29.5126 53.2439 96.1501 173.744 314.281 569.308 1032.78 1875.61 3413.47 6228.44 11382.3 20858.1 -1.10069e+06 45524 55603.7 67508.1 82412 101622 126326 158273 200433 257269 333623 437230 583363 787804 1.07603e+06 1.49093e+06 2.0954e+06 2.97349e+06 4.25917e+06 6.17494e+06 8.98373e+06 1.30755e+07 1.88968e+07 2.70981e+07 3.88652e+07 5.59037e+07 
50.613 11.4725 20.6825 37.3154 67.3898 121.783 220.308 399.118 724.115 1315.23 2393.97 4368.93 7985.7 14637.3 26631.4 -1.27746e+06 60088.5 72983.3 89137.6 109977 136800 171521 217391 279308 362596 475770 635660 859707 1.1761e+06 1.63233e+06 2.29809e+06 3.26671e+06 4.68706e+06 6.80581e+06 9.91567e+06 1.44504e+07 2.09046e+07 2.9996e+07 4.30409e+07 6.19297e+07 
35.2516 7.99091 14.4067 25.9942 46.9477 84.8484 153.508 278.132 504.678 916.806 1669.06 3046.6 5570.04 10212.4 18796 34721.6 -1.48395e+06 78157.8 95510.8 117920 146794 184212 233710 300629 390786 513500 687217 931120 1.27625e+06 1.77497e+06 2.50418e+06 3.56712e+06 5.12863e+06 7.46109e+06 1.08893e+07 1.5894e+07 2.30212e+07 3.30582e+07 4.74605e+07 6.8315e+07 
24.3362 5.51687 9.94691 17.9487 32.4194 58.5972 106.027 192.128 348.672 633.515 1153.56 2106.11 3851.62 7063.99 13006 24035.8 44545 -1.72831e+06 101504 125416 156263 196288 249316 321134 418064 550252 737812 1.00175e+06 1.3761e+06 1.91837e+06 2.71306e+06 3.87402e+06 5.58313e+06 8.14004e+06 1.19041e+07 1.74064e+07 2.52472e+07 3.62865e+07 5.21277e+07 7.50656e+07 
16.6367 3.77166 6.80079 12.2727 22.1692 40.0747 72.5209 131.432 238.561 433.537 789.6 1441.98 2637.89 4839.7 8914.28 16481.8 30562.4 56989.1 -2.02056e+06 131557 165034 207538 263946 340494 444018 585507 786794 1.07078e+06 1.47464e+06 2.06129e+06 2.9233e+06 4.18578e+06 6.04888e+06 8.84114e+06 1.29591e+07 1.89879e+07 2.75854e+07 3.96869e+07 5.7053e+07 8.21985e+07 
11.312 2.56469 4.62486 8.34681 15.0793 27.262 49.342 89.4395 162.374 295.153 537.707 982.272 1797.59 3299.43 6080.21 11248.1 20871.7 38949 72769.4 -2.36816e+06 172319 216993 276406 357230 466810 616979 831314 1.13468e+06 1.56755e+06 2.19855e+06 3.1288e+06 4.49558e+06 6.51883e+06 9.55795e+06 1.40501e+07 2.06393e+07 3.00451e+07 4.32795e+07 6.22724e+07 8.97721e+07 
7.62553 1.72903 3.11823 5.62831 10.1693 18.388 33.2866 60.3487 109.585 199.252 363.109 663.553 1214.84 2230.9 4113.4 7614.54 14140.3 26410.6 49680.8 93780.3 -2.78971e+06 224876 286967 371675 486853 645191 872051 1.19436e+06 1.65607e+06 2.33192e+06 3.33225e+06 4.8076e+06 6.99958e+06 1.0301e+07 1.5194e+07 2.23876e+07 3.26678e+07 4.71269e+07 6.78781e+07 9.79213e+07 
5.09042 1.15432 2.08199 3.7584 6.79168 12.2827 22.2389 40.328 73.2492 133.225 242.869 443.998 813.262 1494.28 2756.92 5107.18 9492.33 17746.9 33420.9 63173 120296 -3.30696e+06 292457 384073 504469 670572 909606 1.2507e+06 1.74154e+06 2.4635e+06 3.53707e+06 5.12747e+06 7.50058e+06 1.10862e+07 1.64169e+07 2.42749e+07 3.55198e+07 5.13288e+07 7.40181e+07 1.06863e+08 
3.37507 0.76542 1.38073 2.49283 4.50544 8.14961 14.7589 26.7706 48.6386 88.4947 161.39 295.177 540.966 994.595 1836.33 3404.63 6334.29 11856.2 22356.3 42325 80742.5 153825 -3.95317e+06 393799 518900 692223 942950 1.3026e+06 1.82296e+06 2.59281e+06 3.74408e+06 5.45881e+06 8.03089e+06 1.19323e+07 1.77544e+07 2.63644e+07 3.87059e+07 5.60481e+07 8.09385e+07 1.16963e+08 
2.23095 0.506009 0.912913 1.64849 2.97997 5.39149 9.76649 17.7203 32.2063 58.6213 106.959 195.728 358.936 660.411 1220.35 2264.78 4218.57 7906.68 14931.7 28321.2 54143.8 104590 203887 -4.75629e+06 528942 708660 970308 1.34804e+06 1.89828e+06 2.71832e+06 3.95351e+06 5.80594e+06 8.60326e+06 1.28677e+07 1.92621e+07 2.8757e+07 4.23965e+07 6.15513e+07 8.90432e+07 1.28821e+08 
1.46249 0.331756 0.598632 1.08118 1.95484 3.53765 6.41017 11.6344 21.1532 38.5202 70.3193 128.754 236.284 435.099 804.749 1495.12 2788.58 5234.32 9901.7 18819.7 36065.6 69859 136618 268979 -5.78387e+06 722680 995339 1.39192e+06 1.97419e+06 2.84951e+06 4.17937e+06 6.19029e+06 9.25155e+06 1.39471e+07 2.10285e+07 3.1595e+07 4.68139e+07 6.81741e+07 9.88303e+07 1.43166e+08 
0.949617 0.215446 0.388827 0.702392 1.27026 2.2994 4.16779 7.56719 13.7641 25.077 45.8044 83.9214 154.129 284.072 525.953 978.32 1827.32 3435.66 6511.38 12404.4 23835 46309 90886.9 179713 360394 -7.13221e+06 1.01582e+06 1.43672e+06 2.05458e+06 2.99282e+06 4.43283e+06 6.63165e+06 1.00112e+07 1.52336e+07 2.31635e+07 3.50651e+07 5.22618e+07 7.63837e+07 1.11002e+08 1.61038e+08 
0.616159 0.139815 0.252383 0.456018 0.82491 1.4937 2.70839 4.91946 8.95233 16.3197 29.8281 54.6903 100.533 185.483 343.824 640.425 1198.2 2257.12 4287.08 8188.99 15784.4 30777.5 60660.3 120562 243200 497709 -8.85865e+06 1.46498e+06 2.11676e+06 3.11956e+06 4.67976e+06 7.09353e+06 1.08523e+07 1.67212e+07 2.5716e+07 3.93228e+07 5.90707e+07 8.67556e+07 1.26483e+08 1.83844e+08 
0.394055 0.0894327 0.161471 0.291825 0.52804 0.956465 1.73494 3.1527 5.74012 10.4704 19.1505 35.1405 64.6583 119.428 221.662 413.495 775.027 1463 2785.33 5336 10320.5 20202.7 40003.9 79961.5 162361 336054 699373 -1.11502e+07 2.16197e+06 3.23014e+06 4.92003e+06 7.57725e+06 1.17834e+07 1.84407e+07 2.87651e+07 4.45413e+07 6.75699e+07 9.98436e+07 1.46149e+08 2.12908e+08 
0.245831 0.0558031 0.100776 0.182178 0.329737 0.597479 1.08422 1.97113 3.59076 6.55406 11.9964 22.0313 40.5789 75.0411 139.467 260.579 489.353 925.785 1767.01 3395.77 6592.02 12958.8 25789.6 51869.7 106080 221379 465505 995924 -1.42501e+07 3.27173e+06 5.12748e+06 8.04673e+06 1.27612e+07 2.03531e+07 3.23027e+07 5.07953e+07 7.79895e+07 1.16107e+08 1.70791e+08 2.4947e+08 
0.148235 0.0336557 0.0607939 0.109931 0.199033 0.360779 0.654971 1.19133 2.17146 3.96619 7.26527 13.3545 24.624 45.5936 84.8594 158.818 298.864 566.744 1084.64 2091.45 4076.11 8049.69 16107.7 32617.3 67236.9 141608 301259 653419 1.43672e+06 -1.85116e+07 5.19051e+06 8.33692e+06 1.35509e+07 2.2147e+07 3.59481e+07 5.76732e+07 8.99486e+07 1.35236e+08 2.00207e+08 2.93416e+08 
0.0846793 0.0192297 0.034744 0.0628435 0.113816 0.206387 0.374848 0.682154 1.24409 2.27393 4.16872 7.66958 14.1573 26.2474 48.9239 91.7208 172.965 328.795 631.002 1220.96 2389.36 4741.12 9541.52 19459.9 40453.8 86039.6 185388 408271 923653 2.12922e+06 -2.42967e+07 8.14582e+06 1.36638e+07 2.30774e+07 3.86297e+07 6.37312e+07 1.01609e+08 1.54928e+08 2.31453e+08 3.40758e+08 
0.0433595 0.00984843 0.0177983 0.0322017 0.0583385 0.105828 0.192292 0.350109 0.638883 1.16855 2.14396 3.94799 7.29561 13.5432 25.2808 47.4768 89.718 170.961 329.006 638.82 1255.28 2502.71 5065.72 10406.4 21818.7 46871.4 102327 228961 527830 1.24534e+06 2.96623e+06 -3.26987e+07 1.25905e+07 2.21388e+07 3.8522e+07 6.58757e+07 1.08098e+08 1.67931e+08 2.53941e+08 3.76114e+08 
0.0208884 0.0047454 0.00857804 0.0155241 0.0281328 0.0510526 0.0928037 0.169051 0.30866 0.564941 1.03731 1.91184 3.53675 6.5737 12.2886 23.1166 43.7741 83.6118 161.345 314.352 620.21 1242.38 2529.06 5232.93 11065.9 24012 53125.2 120830 284066 686913 1.68848e+06 4.27263e+06 -4.49222e+07 2.06353e+07 3.77172e+07 6.74605e+07 1.14832e+08 1.82752e+08 2.80739e+08 4.1903e+08 
0.008757 0.00198977 0.0035976 0.00651236 0.0118051 0.0214299 0.0389707 0.0710208 0.12974 0.237612 0.436602 0.805338 1.49129 2.77503 5.19436 9.78647 18.5669 35.5417 68.7562 134.379 266.115 535.383 1095.57 2281.94 4863.82 10652.8 23865.4 55132.1 132093 327319 831442 2.19043e+06 6.01636e+06 -6.25426e+07 3.13855e+07 5.99618e+07 1.08188e+08 1.79277e+08 2.82985e+08 4.28281e+08 
0.00310877 0.000706493 0.00127764 0.0023133 0.00419445 0.00761663 0.0138561 0.025262 0.0461703 0.0846075 0.155566 0.287165 0.532244 0.991472 1.85811 3.50578 6.66276 12.7798 24.7795 48.5693 96.5112 194.935 400.812 839.894 1803.1 3982.75 9024.47 21145 51547.2 130632 342202 937133 2.70382e+06 7.71694e+06 -8.8761e+07 4.58627e+07 8.95551e+07 1.57568e+08 2.59542e+08 4.02236e+08 
0.000931636 0.000211754 0.000383009 0.000693625 0.00125797 0.00228496 0.00415814 0.00758381 0.0138666 0.0254239 0.046774 0.0864 0.160269 0.298836 0.560658 1.05917 2.01609 3.874 7.52697 14.7912 29.4807 59.7558 123.389 259.949 561.634 1249.91 2860.79 6787.8 16804 43448 117041 332231 1.00256e+06 3.05643e+06 9.50786e+06 -1.27689e+08 6.45431e+07 1.24686e+08 2.18885e+08 3.52826e+08 
0.000230222 5.23338e-05 9.46722e-05 0.000171478 0.000311051 0.000565117 0.00102865 0.00187665 0.00343252 0.00629595 0.0115885 0.0214172 0.0397537 0.07418 0.139291 0.263405 0.501995 0.965958 1.87983 3.70148 7.39508 15.031 31.1408 65.8822 143.055 320.245 738.77 1770.16 4435.27 11648.9 32078.4 93718.6 293374 948008 3.1916e+06 1.10954e+07 -1.81825e+08 8.31667e+07 1.62392e+08 2.82009e+08 
4.57848e-05 1.04086e-05 1.88308e-05 3.41114e-05 6.18833e-05 0.000112445 0.000204711 0.000373539 0.000683371 0.00125377 0.00230838 0.00426766 0.00792464 0.0147942 0.0277945 0.0525935 0.100309 0.193187 0.376333 0.741946 1.4845 3.02249 6.27482 13.3095 28.9892 65.1306 150.981 363.972 918.818 2437.09 6806.09 20259.4 64969.1 218599 781399 2.98263e+06 1.15728e+07 -2.48406e+08 9.78492e+07 1.9928e+08 
7.15275e-06 1.62617e-06 2.94221e-06 5.33011e-06 9.67046e-06 1.75735e-05 3.1997e-05 5.83932e-05 0.000106844 0.000196061 0.000361056 0.000667667 0.00124015 0.00231598 0.0043528 0.00824017 0.0157246 0.0303033 0.0590733 0.116566 0.233468 0.475916 0.989424 2.10239 4.58874 10.3348 24.035 58.1744 147.579 393.953 1110.24 3345.17 10897.7 37676.7 140540 571723 2.46741e+06 1.06843e+07 -3.28641e+08 1.19785e+08 
8.47643e-07 1.92718e-07 3.487e-07 6.31739e-07 1.14624e-06 2.08314e-06 3.79322e-06 6.92313e-06 1.26689e-05 2.32508e-05 4.2824e-05 7.92042e-05 0.000147148 0.000274865 0.000516739 0.000978536 0.00186803 0.0036015 0.00702423 0.0138689 0.027797 0.0567079 0.118005 0.251028 0.548613 1.23743 2.88325 6.99439 17.791 47.651 134.903 408.909 1342.45 4706.09 17976.1 76059.3 353639 1.79586e+06 9.88609e+06 -4.17795e+08 
dt_FE: 2.02582e-09
dt_EA: 2.02582e-09
dt_PE: 2.02582e-09
tolC: 1e-06
dt_grow: 1.03
dt_max: 0.1
steps: 0
