t: 3.71055e-07
dt: 2.39031e-09
N: 0.275885 0.310311 0.347611 0.387671 0.430216 0.474724 0.52064 0.567255 0.613634 0.658636 0.701357 0.740775 0.77569 0.805506 0.829783 0.848185 0.860591 0.867424 0.868939 0.865141 0.856192 0.841757 0.820949 0.792298 0.75377 0.702588 0.635648 0.550771 0.448723 0.336041 0.225887 0.1336 0.0686278 0.0303894 0.0115176 0.003693 0.000983594 0.000212196 3.59291e-05 4.59847e-06 
eC: 1 1.15749 1.33977 1.55077 1.795 2.07768 2.40489 2.78363 3.22201 3.72944 4.31677 4.99661 5.78351 6.69433 7.7486 8.9689 10.3814 12.0163 13.9087 16.0991 18.6345 21.5692 24.9661 28.8979 33.4489 38.7167 44.814 51.8717 60.0407 69.4963 80.4411 93.1095 107.773 124.746 144.391 167.131 193.452 223.918 259.182 300 
dV: 1.08333 0.211322 0.327712 0.508206 0.788112 1.22218 1.89532 2.93921 4.55805 7.06849 10.9616 16.999 26.3615 40.8807 63.3966 98.3136 152.462 236.434 366.655 568.597 881.764 1367.42 2120.55 3288.49 5099.69 7908.45 12264.2 19019 29494.1 45738.6 70930.1 109996 170579 264529 410225 636165 986546 1.52991e+06 2.37254e+06 3.67926e+06 
kVec: 1.02749e+06 1.19051e+06 1.37172e+06 1.58026e+06 1.81994e+06 2.0944e+06 2.40838e+06 2.76713e+06 3.17599e+06 3.63923e+06 4.16424e+06 4.75773e+06 5.42156e+06 6.16296e+06 6.98804e+06 7.89894e+06 8.88688e+06 9.95948e+06 1.11159e+07 1.23147e+07 1.35568e+07 1.48301e+07 1.61037e+07 1.72984e+07 1.84575e+07 1.96234e+07 2.06657e+07 2.18329e+07 2.34217e+07 2.58857e+07 2.97149e+07 3.61692e+07 4.7124e+07 6.38713e+07 8.94944e+07 1.28167e+08 1.82268e+08 2.4889e+08 3.2918e+08 4.18356e+08 
cMat: 
-72648.5 695.247 816.954 951.609 1109.33 1295.04 1513.82 1771.8 2077.19 2441.31 2874.94 3392.73 4019.25 4777.54 5697.5 6824.78 8226.15 9964.24 12132.5 14913.7 18473.1 23052.4 29059 37099.9 47826.2 62271.8 82466.1 110475 149612 205441 286090 402290 571093 821174 1.18564e+06 1.7139e+06 2.46372e+06 3.52111e+06 5.03783e+06 7.23372e+06 
3367.89 -87308.4 896.821 1044.65 1217.8 1421.68 1661.88 1945.1 2280.4 2680.18 3156.3 3724.85 4412.82 5245.52 6255.8 7493.83 9033 10942.2 13324 16379.5 20290.3 25322.5 31923.9 40762.5 52554.7 68438.4 90647.5 121456 164516 225950 314714 442630 628482 903859 1.30524e+06 1.88708e+06 2.71298e+06 3.87763e+06 5.54823e+06 7.96691e+06 
2391.85 542.03 -99779.7 1137.9 1326.53 1548.62 1810.29 2118.84 2484.13 2919.69 3438.44 4057.91 4807.55 5714.94 6815.9 8165.17 9842.78 11923.8 14520.4 17851.8 22116.3 27604.4 34805 44447.7 57315.2 74650.9 98895.9 132537 179565 246679 343670 483472 686636 987709 1.42661e+06 2.06294e+06 2.96622e+06 4.23998e+06 6.06709e+06 8.71236e+06 
1668.44 378.096 681.428 -114404 1432.78 1672.68 1955.34 2288.65 2683.27 3153.82 3714.26 4383.56 5193.53 6174.03 7363.78 8821.98 10635.2 12884.7 15691.8 19293.9 23905.6 29841.2 37630.8 48064.2 61990 80755.8 107008 143443 194392 267121 372252 523825 744147 1.0707e+06 1.54685e+06 2.23726e+06 3.2174e+06 4.59948e+06 6.582e+06 9.4523e+06 
1152.79 261.243 470.833 849.207 -131503 1773.86 2092.29 2448.99 2871.31 3374.92 3974.77 4691.17 5558.21 6607.86 7881.62 9442.93 11384.6 13793.8 16800.4 20659.3 25600.5 31961.5 40310.9 51497 66431.1 86560.8 114730 153837 208538 286647 399589 562467 799286 1.15036e+06 1.66236e+06 2.4049e+06 3.45911e+06 4.94559e+06 7.0779e+06 1.01651e+07 
788.708 178.738 322.138 581.025 1039.6 -151444 2215.07 2592.77 3039.96 3573.27 4208.52 4967.24 5885.59 6997.46 8346.84 10001 12058.5 14611.7 17798.6 21889.6 27129.2 33875.7 42733.5 54604.1 70456.7 91831.1 121753 163308 221455 304516 424660 597981 850066 1.22386e+06 1.76913e+06 2.56008e+06 3.68313e+06 5.26661e+06 7.53809e+06 1.08268e+07 
533.676 120.943 217.979 393.164 709.801 1282.2 -174696 2713.88 3182.06 3740.43 4405.59 5200.08 6161.82 7326.33 8739.77 10472.7 12628.5 15304.1 18644.4 22933.3 28427.6 35504 44797.6 57256.5 73900.3 96349.8 127790 171472 232621 320008 446460 628954 894478 1.28831e+06 1.86297e+06 2.69676e+06 3.88076e+06 5.55011e+06 7.9448e+06 1.14119e+07 
356.741 80.847 145.714 262.826 474.504 857.176 1549.99 -201822 3256.56 3868.57 4556.72 5378.75 6373.94 7579.1 9042.04 10835.9 13068 15838.7 19298.5 23742 29435.8 36771.3 46408.3 59332.7 76605 99911.8 132568 177962 241537 332437 464031 654031 930593 1.34093e+06 1.93986e+06 2.8091e+06 4.04361e+06 5.78407e+06 8.2808e+06 1.18957e+07 
235.53 53.378 96.2073 173.533 313.302 565.985 1023.47 1833.96 -233619 3950.77 4653.79 5493.66 6510.58 7742.22 9237.52 11071.4 13353.7 16187.5 19726.7 24273.6 30101.8 37612.8 47484.2 60728.8 78437.1 102344 135859 182472 247792 341238 476593 672120 956871 1.37951e+06 1.99662e+06 2.89254e+06 4.16513e+06 5.95916e+06 8.53279e+06 1.22591e+07 
153.732 34.8407 62.7974 113.273 204.512 369.465 668.13 1209.91 2194.08 -270885 4691.95 5539.1 6565.01 7807.73 9316.75 11167.8 13472.1 16333.9 19909.1 24503.9 30395.8 37991.8 47979.6 61387.6 79323.9 103552 137542 184846 251178 346139 483776 682724 972628 1.4031e+06 2.03195e+06 2.94526e+06 4.24276e+06 6.07179e+06 8.69568e+06 1.24948e+07 
99.1537 22.4719 40.5047 73.0636 131.919 238.329 431.004 780.537 1415.52 2569.76 -314867 5519.28 6542.16 7781.45 9286.58 11133.3 13432.9 16289.6 19859.6 24449.7 30338 37932.8 47924.3 61345.4 79310.2 103593 137686 185168 251802 347271 485745 686046 978122 1.41204e+06 2.04624e+06 2.96773e+06 4.27712e+06 6.12275e+06 8.77052e+06 1.26042e+07 
63.29 14.3442 25.8555 46.6403 84.2133 152.149 275.165 498.343 903.811 1640.91 2985.3 -367110 6406.56 7678.67 9165.25 10989.7 13262.3 16086.4 19616.8 24158.3 29986.9 37508.5 47409.6 60718.6 78545.6 102660 136546 183781 250125 345263 483374 683309 975078 1.40878e+06 2.04306e+06 2.9651e+06 4.27558e+06 6.12257e+06 8.77236e+06 1.26091e+07 
40.2108 9.11371 16.428 29.6353 53.5113 96.684 174.865 316.713 574.443 1043.02 1897.75 3435.87 -429280 7524.38 8982.67 10773 13003.9 15777.3 19245.8 23710.2 29443.2 36846 46597.8 59717 77304.6 101117 134613 181354 247075 341422 478524 677196 967395 1.39907e+06 2.03082e+06 2.94976e+06 4.25619e+06 6.09726e+06 8.73864e+06 1.25632e+07 
25.5264 5.78568 10.4294 18.8149 33.9749 61.3892 111.037 201.123 364.821 662.473 1205.49 2199.3 4018.44 -503966 8791.01 10545.6 12733 15453.5 18857.6 23241.9 28875.8 36155.9 45754 58679 76023.2 99530.4 132639 178895 244013 337617 473801 671370 960277 1.39038e+06 2.02036e+06 2.93737e+06 4.24147e+06 6.07903e+06 8.71545e+06 1.25329e+07 
16.2913 3.69263 6.6567 12.0094 21.6871 39.1887 70.8875 128.41 232.947 423.053 769.923 1404.85 2567.32 4704.64 -594425 10268.1 12541.7 15226.7 18588.4 22921.2 28493.3 35699.2 45208.5 58028.1 75250 98619.2 131580 177693 242702 336286 472627 670684 960674 1.39279e+06 2.02632e+06 2.94924e+06 4.26226e+06 6.11208e+06 8.76621e+06 1.26093e+07 
10.5544 2.39238 4.31295 7.78143 14.0529 25.3955 45.9411 83.2285 151 274.267 499.218 911.058 1665.27 3052.33 5553.47 -704888 12530.3 15219.3 18588 22933.6 28527.1 35767.5 45332.8 58244.5 75612.6 99212.9 132555 179276 245253 340392 479224 681211 977397 1.41922e+06 2.06773e+06 3.01335e+06 4.35927e+06 6.25511e+06 8.97536e+06 1.29143e+07 
7.01572 1.59034 2.8672 5.17333 9.34346 16.8864 30.551 55.3535 100.44 182.461 332.174 606.329 1108.54 2032.46 3740.75 6910.24 -839960 15554.9 19008.4 23468.3 29214.8 36661.6 46512.7 59830.8 77773.6 102196 136769 185310 253997 353252 498377 709923 1.02069e+06 1.4849e+06 2.16717e+06 3.1632e+06 4.58163e+06 6.57919e+06 9.44551e+06 1.35959e+07 
4.79936 1.08799 1.96164 3.53968 6.39346 11.556 20.9096 37.8896 68.7619 124.936 227.494 415.348 759.581 1393.1 2564.92 4740.12 8784.75 -1.00766e+06 20017.7 24733.4 30816.7 38710.1 49167.9 63331.1 82446.8 108516 145505 197556 271381 378323 535045 763998 1.10105e+06 1.6053e+06 2.34761e+06 3.43272e+06 4.97901e+06 7.15609e+06 1.02801e+07 1.48037e+07 
3.38652 0.767751 1.38435 2.49819 4.51272 8.15751 14.7622 26.754 48.561 88.2499 160.729 293.527 536.962 985.157 1814.57 3354.99 6221.2 11600.6 -1.21835e+06 26779.4 33594 42245.9 53728.2 69310.2 90383.3 119184 160158 217965 300174 419592 595059 852047 1.2313e+06 1.79968e+06 2.63792e+06 3.86513e+06 5.61523e+06 8.07857e+06 1.16136e+07 1.67321e+07 
2.47364 0.560834 1.01134 1.82524 3.29746 5.96151 10.7899 19.5582 35.507 64.5424 117.583 214.798 393.087 721.502 1329.59 2459.68 4564.11 8517.16 15912.8 -1.48176e+06 37681.8 47451 60443 78117.2 102079 134918 181787 248126 342783 480767 684189 983071 1.4255e+06 2.09008e+06 3.07239e+06 4.5133e+06 6.5701e+06 9.46414e+06 1.36174e+07 1.96309e+07 
1.85432 0.420453 0.75827 1.36865 2.47291 4.47147 8.09441 14.6752 26.6482 48.4527 88.2984 161.358 295.416 542.495 1000.27 1851.65 3438.53 6422.34 12081 22804.8 -1.81714e+06 54683.8 69782.6 90381.3 118390 156893 212059 290437 402713 567060 810314 1.16908e+06 1.70211e+06 2.50494e+06 3.69477e+06 5.44407e+06 7.94392e+06 1.146e+07 1.65061e+07 2.38118e+07 
1.41632 0.321169 0.579278 1.04571 1.88967 3.41744 6.18758 11.2206 20.3803 37.0676 67.574 123.535 226.276 415.757 767.065 1420.98 2641.08 4937.77 9298.79 17576.8 33470.2 -2.24988e+06 81371.1 106862 140360 186575 253082 347985 484553 685426 984127 1.42663e+06 2.0869e+06 3.08454e+06 4.56772e+06 6.75408e+06 9.88275e+06 1.42813e+07 2.05943e+07 2.97329e+07 
1.09781 0.248969 0.449111 0.810847 1.46549 2.65083 4.80065 8.70771 15.8207 28.7848 52.4955 96.0126 175.961 323.513 597.305 1107.43 2060.36 3856.47 7271.86 13767.1 26263.2 50034.8 -2.81289e+06 128091 168783 225160 306715 423697 592955 843366 1.21784e+06 1.7756e+06 2.61222e+06 3.88123e+06 5.775e+06 8.57558e+06 1.25899e+07 1.82308e+07 2.6327e+07 3.80448e+07 
0.860066 0.195075 0.351943 0.63552 1.14883 2.0785 3.76514 6.83145 12.4161 22.5995 41.2344 75.4561 138.375 254.599 470.463 873.109 1626.33 3048.15 5756.41 10918.3 20873.3 40321.3 78601.6 -3.54154e+06 203916 273200 374069 519691 731816 1.04796e+06 1.52414e+06 2.23828e+06 3.3167e+06 4.9607e+06 7.42586e+06 1.10863e+07 1.63445e+07 2.3729e+07 3.43276e+07 4.96625e+07 
0.67395 0.152881 0.275864 0.498232 0.900837 1.63024 2.95397 5.36141 9.74794 17.7511 32.4049 59.3332 108.885 200.504 370.848 688.987 1285.04 2412.1 4562.95 8672.6 16619.9 32192.8 62956.9 123952 -4.50832e+06 333029 458677 641431 909755 1.31312e+06 1.92596e+06 2.85264e+06 4.26334e+06 6.42716e+06 9.69046e+06 1.45598e+07 2.1573e+07 3.14163e+07 4.55435e+07 6.59745e+07 
0.524198 0.118928 0.214636 0.387727 0.701194 1.26929 2.30066 4.17716 7.59791 13.8427 25.2845 46.3254 85.0804 156.811 290.331 540.042 1008.7 1896.52 3594.34 6847.35 13157.1 25563 50170.5 99203.2 198941 -5.81204e+06 560740 793083 1.13415e+06 1.65207e+06 2.44697e+06 3.66073e+06 5.5263e+06 8.40909e+06 1.27865e+07 1.93563e+07 2.8849e+07 4.21645e+07 6.12742e+07 8.88944e+07 
0.403386 0.0915343 0.16523 0.298546 0.540051 0.977895 1.77313 3.22067 5.8609 10.6841 19.5278 35.8046 65.8168 121.432 225.094 419.273 784.436 1477.69 2806.66 5361.16 10333.7 20149.4 39713 78929.5 159218 325840 -7.51521e+06 959094 1.3858e+06 2.04231e+06 3.06374e+06 4.64399e+06 7.10475e+06 1.0947e+07 1.68357e+07 2.57438e+07 3.86724e+07 5.67971e+07 8.28058e+07 1.20359e+08 
0.301113 0.068339 0.123386 0.222995 0.403497 0.730873 1.32574 2.4091 4.38625 8.00083 14.6336 26.8522 49.4079 91.2598 169.381 315.968 592.229 1117.93 2128.38 4077.45 7886.27 15437.7 30568.5 61101.7 124067 256792 534418 -9.802e+06 1.65205e+06 2.46828e+06 3.75959e+06 5.79008e+06 9.0042e+06 1.40913e+07 2.19805e+07 3.40358e+07 5.16328e+07 7.62944e+07 1.11678e+08 1.62691e+08 
0.213844 0.0485421 0.0876629 0.158474 0.286832 0.519736 0.943141 1.71465 3.12354 5.70125 10.4354 19.1646 35.2988 65.2769 121.32 226.672 425.679 805.323 1537.09 2953.92 5734.28 11272.6 22433.9 45120.5 92276.8 192573 404934 866335 -1.29124e+07 2.84601e+06 4.4603e+06 6.9997e+06 1.11007e+07 1.77048e+07 2.80995e+07 4.41859e+07 6.78415e+07 1.00999e+08 1.48568e+08 2.17009e+08 
0.141647 0.03216 0.0580921 0.105045 0.190187 0.344745 0.625863 1.13839 2.07495 3.78992 6.94239 12.761 23.5296 43.5673 81.0881 151.759 285.581 541.557 1036.44 1998.5 3894.96 7691.94 15391.8 31167.7 64248.8 135314 287870 624379 1.37286e+06 -1.7191e+07 4.95983e+06 7.96641e+06 1.29487e+07 2.11628e+07 3.43505e+07 5.511e+07 8.59511e+07 1.29226e+08 1.91309e+08 2.80376e+08 
0.0854541 0.0194057 0.035062 0.0634186 0.114857 0.208276 0.378278 0.688396 1.25547 2.29474 4.20687 7.73976 14.2869 26.4876 49.3716 92.5601 174.547 331.804 636.776 1232.13 2411.22 4784.5 9628.83 19638 40824 86826.9 187084 412007 932105 2.14871e+06 -2.30072e+07 8.22036e+06 1.37888e+07 2.32886e+07 3.89831e+07 6.43143e+07 1.02539e+08 1.56346e+08 2.33571e+08 3.43876e+08 
0.0458171 0.0104066 0.0188072 0.0340269 0.0616451 0.111826 0.203191 0.369953 0.675095 1.23479 2.26548 4.17176 7.70913 14.3108 26.7137 50.1678 94.8033 180.651 347.654 675.028 1326.43 2644.56 5352.84 10996.3 23055.4 49528.2 108127 241939 557747 1.31592e+06 3.13436e+06 -3.13404e+07 1.33041e+07 2.33936e+07 4.07055e+07 6.96096e+07 1.14225e+08 1.77449e+08 2.68335e+08 3.97433e+08 
0.0215428 0.00489407 0.00884679 0.0160104 0.0290142 0.052652 0.0957112 0.174348 0.318331 0.582641 1.06981 1.97174 3.64756 6.77965 12.6736 23.8408 45.1455 86.2313 166.4 324.2 639.641 1281.3 2608.3 5396.88 11412.6 24764.3 54789.6 124616 292965 708434 1.74137e+06 4.40649e+06 -4.3892e+07 2.12818e+07 3.88989e+07 6.9574e+07 1.1843e+08 1.88478e+08 2.89534e+08 4.32158e+08 
0.00884491 0.00200974 0.00363372 0.00657774 0.0119236 0.021645 0.039362 0.0717338 0.131042 0.239997 0.440985 0.813423 1.50626 2.80289 5.24651 9.88472 18.7533 35.8985 69.4464 135.728 268.787 540.758 1106.57 2304.85 4912.65 10759.8 24105 55685.6 133419 330605 839790 2.21242e+06 6.07676e+06 -6.19312e+07 3.17006e+07 6.05638e+07 1.09274e+08 1.81077e+08 2.85826e+08 4.32581e+08 
0.00312105 0.000709286 0.00128269 0.00232244 0.00421103 0.00764673 0.0139108 0.0253618 0.0463528 0.0849419 0.15618 0.2883 0.534348 0.99539 1.86546 3.51964 6.68909 12.8303 24.8775 48.7613 96.8927 195.706 402.396 843.213 1810.23 3998.5 9060.14 21228.6 51751 131148 343555 940837 2.71451e+06 7.74744e+06 -8.8464e+07 4.60439e+07 8.99091e+07 1.58191e+08 2.60568e+08 4.03826e+08 
0.000932831 0.000212026 0.000383501 0.000694515 0.00125958 0.0022879 0.00416347 0.00759354 0.0138844 0.0254565 0.046834 0.0865108 0.160475 0.29922 0.561378 1.06053 2.01868 3.87897 7.53662 14.8102 29.5185 59.8325 123.547 260.282 562.354 1251.51 2864.46 6796.51 16825.6 43503.8 117191 332658 1.00385e+06 3.06035e+06 9.52006e+06 -1.27694e+08 6.46259e+07 1.24846e+08 2.19166e+08 3.53279e+08 
0.000230301 5.23518e-05 9.47047e-05 0.000171537 0.000311158 0.000565311 0.00102901 0.0018773 0.00343369 0.00629811 0.0115924 0.0214246 0.0397674 0.0742055 0.139339 0.263495 0.502167 0.96629 1.88047 3.70275 7.39762 15.0361 31.1515 65.9048 143.104 320.354 739.024 1770.77 4436.8 11652.9 32089.4 93750.8 293474 948334 3.1927e+06 1.10992e+07 -1.82089e+08 8.31952e+07 1.62448e+08 2.82106e+08 
4.57882e-05 1.04093e-05 1.88322e-05 3.41139e-05 6.18879e-05 0.000112453 0.000204726 0.000373567 0.000683422 0.00125386 0.00230856 0.00426798 0.00792523 0.0147953 0.0277966 0.0525974 0.100316 0.193202 0.376361 0.742001 1.48461 3.02272 6.27528 13.3105 28.9913 65.1355 150.992 363.999 918.886 2437.27 6806.59 20260.9 64973.9 218615 781457 2.98285e+06 1.15736e+07 -2.48837e+08 9.78565e+07 1.99294e+08 
7.15284e-06 1.62619e-06 2.94225e-06 5.33017e-06 9.67058e-06 1.75737e-05 3.19975e-05 5.83939e-05 0.000106845 0.000196064 0.00036106 0.000667675 0.00124017 0.00231601 0.00435286 0.00824028 0.0157248 0.0303036 0.059074 0.116568 0.233471 0.475922 0.989437 2.10242 4.5888 10.335 24.0353 58.1752 147.581 393.958 1110.25 3345.21 10897.8 37677.1 140542 571730 2.46744e+06 1.06844e+07 -3.29168e+08 1.19787e+08 
8.47644e-07 1.92719e-07 3.487e-07 6.3174e-07 1.14624e-06 2.08314e-06 3.79322e-06 6.92314e-06 1.26689e-05 2.32509e-05 4.28241e-05 7.92043e-05 0.000147148 0.000274865 0.00051674 0.000978537 0.00186804 0.00360151 0.00702424 0.0138689 0.027797 0.056708 0.118005 0.251028 0.548614 1.23744 2.88325 6.9944 17.791 47.651 134.904 408.91 1342.45 4706.1 17976.1 76059.5 353639 1.79586e+06 9.88611e+06 -4.18354e+08 
dt_FE: 2.39031e-09
dt_EA: 2.39031e-09
dt_PE: 2.39031e-09
tolC: 1e-06
dt_grow: 1.03
dt_max: 0.1
steps: 0
