t: 1.16728e-07
dt: 2.39157e-09
N: 0.0862951 0.0988497 0.113042 0.129047 0.147028 0.167097 0.189395 0.214041 0.241072 0.270398 0.302017 0.335774 0.371145 0.407804 0.44527 0.482707 0.518966 0.553454 0.585202 0.612261 0.633988 0.649395 0.656788 0.654095 0.640517 0.614081 0.57086 0.509988 0.431051 0.336663 0.236052 0.145904 0.0757426 0.0336429 0.0127802 0.00410135 0.00109289 0.000235872 3.99496e-05 5.11415e-06 
eC: 1 1.15749 1.33977 1.55077 1.795 2.07768 2.40489 2.78363 3.22201 3.72944 4.31677 4.99661 5.78351 6.69433 7.7486 8.9689 10.3814 12.0163 13.9087 16.0991 18.6345 21.5692 24.9661 28.8979 33.4489 38.7167 44.814 51.8717 60.0407 69.4963 80.4411 93.1095 107.773 124.746 144.391 167.131 193.452 223.918 259.182 300 
dV: 1.08333 0.211322 0.327712 0.508206 0.788112 1.22218 1.89532 2.93921 4.55805 7.06849 10.9616 16.999 26.3615 40.8807 63.3966 98.3136 152.462 236.434 366.655 568.597 881.764 1367.42 2120.55 3288.49 5099.69 7908.45 12264.2 19019 29494.1 45738.6 70930.1 109996 170579 264529 410225 636165 986546 1.52991e+06 2.37254e+06 3.67926e+06 
kVec: 993126 1.15128e+06 1.32702e+06 1.52946e+06 1.76239e+06 2.02947e+06 2.33546e+06 2.68565e+06 3.08553e+06 3.53966e+06 4.05567e+06 4.6407e+06 5.29743e+06 6.03384e+06 6.85703e+06 7.77058e+06 8.76772e+06 9.8576e+06 1.10416e+07 1.22812e+07 1.35794e+07 1.4926e+07 1.62911e+07 1.75964e+07 1.88812e+07 2.01822e+07 2.13558e+07 2.26344e+07 2.42942e+07 2.67661e+07 3.05263e+07 3.68454e+07 4.76253e+07 6.41835e+07 8.96338e+07 1.28161e+08 1.82153e+08 2.48711e+08 3.28968e+08 4.18136e+08 
cMat: 
-110922 877.278 1030.85 1200.76 1399.78 1634.11 1910.18 2235.69 2621.04 3080.49 3627.66 4281.02 5071.58 6028.41 7189.23 8611.65 10379.9 12573.1 15309.1 18818.5 23309.7 29088 36667.3 46813.5 60348.2 78575.9 104057 139399 188784 259230 360995 507619 720617 1.03618e+06 1.49606e+06 2.16264e+06 3.10878e+06 4.44301e+06 6.35685e+06 9.12766e+06 
4400.49 -132490 1171.79 1364.94 1591.18 1857.57 2171.41 2541.48 2979.58 3501.93 4124.04 4866.9 5765.8 6853.81 8173.85 9791.47 11802.6 14297.1 17409.2 21401.5 26511.4 33086.4 41711.9 53260.4 68668.1 89421.8 118440 158695 214957 295228 411207 578342 821177 1.18098e+06 1.70543e+06 2.46566e+06 3.54479e+06 5.06653e+06 7.24934e+06 1.04096e+07 
3251.85 736.919 -151763 1547.04 1803.48 2105.44 2461.19 2880.68 3377.31 3969.48 4674.74 5516.95 6536.12 7769.77 9266.59 11101 13381.8 16211.1 19741.3 24270.5 30068.4 37529.6 47319.3 60429.1 77923.2 101492 134454 180191 244128 335374 467238 657306 933519 1.34284e+06 1.93956e+06 2.80467e+06 4.03274e+06 5.76448e+06 8.24854e+06 1.18449e+07 
2373.12 537.79 969.237 -174277 2037.92 2379.16 2781.2 3255.29 3816.57 4485.86 5283.02 6235 7387.08 8781.7 10474 12548 15127.1 18326.8 22319.4 27442.9 34002.3 42445 53524.5 68364.7 88172.2 114864 152204 204028 276495 379942 529477 745068 1.05845e+06 1.52293e+06 2.20017e+06 3.18219e+06 4.5763e+06 6.54212e+06 9.36199e+06 1.34446e+07 
1725.73 391.084 704.841 1271.27 -200485 2655.49 3132.17 3666.16 4298.38 5052.29 5950.28 7022.73 8320.7 9892.04 11798.9 14136.2 17042.9 20649.4 25150.4 30927.1 38324.2 47846.6 60345.8 77091.6 99448 129582 171751 230295 312183 429113 598189 842019 1.19654e+06 1.72211e+06 2.48857e+06 3.60015e+06 5.17832e+06 7.4036e+06 1.05957e+07 1.52172e+07 
1250.61 283.415 510.798 921.302 1648.44 -230877 3512.33 4111.22 4820.31 5665.94 6673.23 7876.3 9332.48 11095.5 13235.2 15858.1 19120.6 23169.1 28222.4 34709.2 43017.3 53715 67760.3 86582.9 111720 145612 193057 258950 351150 482855 673361 948188 1.34791e+06 1.94062e+06 2.80522e+06 4.05938e+06 5.84015e+06 8.351e+06 1.19528e+07 1.71675e+07 
902.453 204.517 368.605 664.845 1200.28 2168.22 -266060 4589.21 5380.91 6325.12 7449.91 8793.4 10419.7 12388.9 14779.1 17709.5 21355 25879.5 31528 38780.6 48071.5 60037.8 75753.3 96821.5 124966 162929 216094 289962 393365 541138 754970 1.06357e+06 1.51257e+06 2.17855e+06 3.15031e+06 4.56025e+06 6.56242e+06 9.38532e+06 1.34348e+07 1.92977e+07 
647.92 146.836 264.649 477.349 861.802 1556.82 2815.12 -306716 5914.62 7026.17 8276 9768.99 11576.5 13765.3 16422.3 19680.4 23734.3 28766.6 35050.3 43120.6 53461.9 66784.7 84287.7 107761 139131 181462 240773 323218 438684 603778 842782 1.18786e+06 1.69016e+06 2.43542e+06 3.52321e+06 5.10194e+06 7.34407e+06 1.05051e+07 1.50397e+07 2.16052e+07 
462.645 104.849 188.977 340.866 615.411 1111.75 2010.38 3602.39 -353826 7760.38 9141.3 10791 12788.5 15207.8 18145 21747.3 26230.3 31796.6 38748.5 47679.9 59128.1 73881.7 93271.9 119288 154072 201030 266864 358425 486730 670285 936157 1.32023e+06 1.87955e+06 2.70972e+06 3.92191e+06 5.68174e+06 8.18144e+06 1.17054e+07 1.67607e+07 2.40801e+07 
328.573 74.4655 134.218 242.1 437.106 789.663 1428 2585.95 4689.44 -408188 10028.2 11838.8 14031.5 16687.6 19912.8 23869.2 28794.2 34910.6 42552 52372.6 64965.3 81200.4 102547 131205 169540 221323 293970 395074 536846 739808 1.03398e+06 1.45919e+06 2.07881e+06 2.99887e+06 4.34292e+06 6.29494e+06 9.0681e+06 1.29773e+07 1.85854e+07 2.67052e+07 
231.74 52.521 94.6669 170.763 308.318 557.018 1007.34 1824.26 3308.34 6005.99 -471168 12899.6 15290.2 18186.7 21704.4 26020.7 31395.2 38071.8 46415.6 57143.5 70905.4 88655.8 112008 143375 185362 242116 321796 432772 588508 811636 1.13528e+06 1.60342e+06 2.28605e+06 3.30019e+06 4.78245e+06 6.93613e+06 9.99641e+06 1.431e+07 2.04983e+07 2.94584e+07 
162.172 36.755 66.251 119.509 215.785 389.86 705.072 1276.93 2315.89 4204.59 7649.41 -544322 16415.9 19675.5 23484.7 28159.7 33982.8 41219.1 50265.4 61902.1 76837.1 96110.3 121481 155583 201262 263052 349880 470912 640909 884689 1.23858e+06 1.75088e+06 2.4985e+06 3.60981e+06 5.23505e+06 7.59766e+06 1.09556e+07 1.56882e+07 2.24779e+07 3.23089e+07 
112.731 25.5504 46.0561 83.0829 150.02 271.055 490.237 887.909 1610.46 2924.11 5320.36 9632.5 -629246 21094.7 25183 30202.2 36456.6 44231.8 53956 66471.8 82544.4 103298 130638 167417 216725 283482 377390 508429 692677 957181 1.34155e+06 1.89853e+06 2.71211e+06 3.92231e+06 5.69344e+06 8.2697e+06 1.19323e+07 1.70938e+07 2.44989e+07 3.52212e+07 
77.7227 17.6163 31.7555 57.2876 103.447 186.918 338.087 612.381 1110.81 2017.1 3670.49 6696.43 12235.4 -728457 26766.9 32109.3 38769.4 47052.8 57417.6 70766.9 87921.1 110088 139312 178666 231476 303051 403860 544699 742973 1.02798e+06 1.44263e+06 2.04419e+06 2.92385e+06 4.23342e+06 6.15159e+06 8.9437e+06 1.29144e+07 1.85094e+07 2.65368e+07 3.81602e+07 
53.0928 12.0342 21.6939 39.1382 70.6773 127.715 231.02 418.483 759.166 1378.71 2509.15 4578.36 8366.8 15332.2 -844848 33463.5 40872.8 49623.4 60578.9 74699.5 92858.5 116342 147333 189111 245237 321396 428815 579094 790957 1.09594e+06 1.54027e+06 2.18573e+06 3.1308e+06 4.53904e+06 6.6037e+06 9.61147e+06 1.38905e+07 1.99191e+07 2.85687e+07 4.10933e+07 
35.9628 8.15175 14.6958 26.5143 47.8834 86.5321 156.539 283.591 514.516 934.53 1701.02 3104.32 5674.19 10400.5 18922.8 -982893 42695.5 51857.9 63336.2 78143.6 97202.6 121873 154466 198461 257641 338056 451665 610860 835668 1.15984e+06 1.6329e+06 2.32114e+06 3.33036e+06 4.83583e+06 7.04553e+06 1.02676e+07 1.48537e+07 2.13135e+07 3.05825e+07 4.40038e+07 
24.2078 5.48749 9.89331 17.8507 32.2397 58.2668 105.417 190.998 346.571 629.585 1146.17 2092.15 3825.04 7013.02 12907.5 23843.9 -1.14634e+06 53672.3 65588.8 80977.7 100806 126501 160493 206447 268359 352629 471923 639415 876419 1.2189e+06 1.71966e+06 2.4496e+06 3.52192e+06 5.12365e+06 7.47786e+06 1.09147e+07 1.5809e+07 2.27016e+07 3.25919e+07 4.6913e+07 
16.1653 3.66459 6.60725 11.9224 21.5346 38.9233 70.4282 127.621 231.606 420.813 766.251 1398.99 2558.44 4692.27 8639.25 15965.8 29589 -1.34294e+06 67424.2 83307.6 103798 130385 165609 213314 277699 365505 490092 665412 914073 1.27428e+06 1.80215e+06 2.57332e+06 3.7086e+06 5.40703e+06 7.90729e+06 1.15622e+07 1.67704e+07 2.41033e+07 3.46259e+07 4.98624e+07 
10.7181 2.42988 4.38138 7.90661 14.2824 25.818 46.7213 84.6744 153.692 279.305 508.696 928.991 1699.45 3117.95 5742.99 10618.3 19689.7 36715 -1.58266e+06 84754.8 106323 133705 170046 219362 286057 377210 506888 689844 950029 1.32798e+06 1.88332e+06 2.69667e+06 3.89697e+06 5.69587e+06 8.34882e+06 1.22329e+07 1.77718e+07 2.55681e+07 3.67561e+07 5.2956e+07 
7.11207 1.61248 2.90775 5.24781 9.48065 17.1402 31.0223 56.2325 102.088 185.568 338.067 617.575 1130.18 2074.42 3822.75 7071.94 13122.5 24488 45751.6 -1.87421e+06 108340 136428 173782 224598 293493 387908 522664 713398 985550 1.38227e+06 1.96714e+06 2.82647e+06 4.09853e+06 6.00928e+06 8.83356e+06 1.29764e+07 1.889e+07 2.72107e+07 3.91519e+07 5.64416e+07 
4.71951 1.07011 1.9299 3.48342 6.29389 11.3805 20.6014 37.3504 67.8235 123.319 224.732 410.679 751.875 1380.73 2545.82 4712.71 8751.54 16345.7 30747.9 58041.5 -2.23642e+06 139178 177606 230033 301318 399315 539720 739203 1.02496e+06 1.44325e+06 2.06236e+06 2.97547e+06 4.33211e+06 6.37541e+06 9.40371e+06 1.38559e+07 2.02184e+07 2.91673e+07 4.20104e+07 6.06044e+07 
3.13803 0.711587 1.28346 2.31689 4.18678 7.57174 13.7093 24.8605 45.155 82.1275 149.718 273.706 501.341 921.159 1699.52 3148.36 5851.61 10940.2 20602.6 38943.5 74157.1 -2.69291e+06 180287 236764 310983 413379 560733 771002 1.07358e+06 1.51864e+06 2.18045e+06 3.16086e+06 4.62378e+06 6.83416e+06 1.01203e+07 1.49645e+07 2.18964e+07 3.1642e+07 4.5629e+07 6.58767e+07 
2.10433 0.477234 0.860873 1.55426 2.80911 5.08122 9.20207 16.6913 30.3258 55.1758 100.626 184.041 337.288 620.123 1144.94 2122.76 3949.38 7392.23 13939 26389.3 50342.4 95908.7 -3.27696e+06 245531 323530 431596 587923 812159 1.1366e+06 1.6166e+06 2.33441e+06 3.40353e+06 5.0072e+06 7.43969e+06 1.10697e+07 1.6438e+07 2.41329e+07 3.49456e+07 5.04646e+07 7.29258e+07 
1.43235 0.324876 0.586123 1.05839 1.91325 3.46153 6.27044 11.3771 20.6776 37.637 68.6715 125.664 230.45 424.007 783.505 1454.07 2708.47 5076.37 9586.68 18183.2 34762.2 67150.8 130903 -4.02123e+06 339600 454985 622973 865491 1.21876e+06 1.74526e+06 2.5383e+06 3.72762e+06 5.5236e+06 8.26152e+06 1.2367e+07 1.84631e+07 2.722e+07 3.95182e+07 5.71689e+07 8.27076e+07 
0.983933 0.223199 0.402748 0.727394 1.31518 2.38006 4.31264 7.82739 14.2315 25.9156 47.3095 86.6234 158.967 292.726 541.42 1005.89 1876.1 3521.55 6661.67 12661.6 24264.2 46999.8 91914 180964 -4.99617e+06 486205 669645 936457 1.3282e+06 1.9171e+06 2.8118e+06 4.16471e+06 6.22427e+06 9.38334e+06 1.41476e+07 2.12565e+07 3.14955e+07 4.58663e+07 6.64912e+07 9.63195e+07 
0.680195 0.154321 0.27851 0.503112 0.909864 1.64702 2.98532 5.42025 9.85899 17.9622 32.809 60.1115 110.4 203.476 376.732 700.754 1308.88 2460.91 4663.99 8885.06 17072.6 33170.4 65100.8 128725 258144 -6.30044e+06 727612 1.0291e+06 1.47166e+06 2.14371e+06 3.17516e+06 4.75014e+06 7.17088e+06 1.09116e+07 1.65916e+07 2.51165e+07 3.74343e+07 5.47124e+07 7.95089e+07 1.15349e+08 
0.475115 0.107811 0.19461 0.351632 0.636081 1.15178 2.08842 3.79336 6.90307 12.584 23.0002 42.1712 77.5202 143.025 265.12 493.827 923.922 1740.45 3305.74 6314.47 12171.2 23732.3 46774.7 92964.6 187529 383779 -7.99636e+06 1.12964e+06 1.63222e+06 2.40547e+06 3.60853e+06 5.46977e+06 8.3681e+06 1.28936e+07 1.98294e+07 3.03215e+07 4.5549e+07 6.68966e+07 9.753e+07 1.4176e+08 
0.328449 0.0745431 0.134588 0.24324 0.440128 0.797225 1.4461 2.62781 4.78445 8.72718 15.9621 29.29 53.8934 99.5447 184.758 344.653 645.994 1219.43 2321.6 4447.61 8602.22 16839.2 33343.7 66648.8 135330 280104 582935 -1.02712e+07 1.80203e+06 2.69236e+06 4.1009e+06 6.31572e+06 9.82163e+06 1.53706e+07 2.3976e+07 3.71257e+07 5.63202e+07 8.32207e+07 1.21817e+08 1.77461e+08 
0.220699 0.0500982 0.090473 0.163554 0.296027 0.536397 0.973375 1.76961 3.22367 5.88401 10.7699 19.779 36.4304 67.3694 125.209 233.939 439.324 831.139 1586.36 3048.61 5918.1 11634 23153 46566.8 95234.9 198747 417914 894107 -1.33683e+07 2.93725e+06 4.60328e+06 7.22408e+06 1.14566e+07 1.82723e+07 2.90003e+07 4.56023e+07 7.00163e+07 1.04237e+08 1.5333e+08 2.23966e+08 
0.141514 0.0321299 0.0580377 0.104947 0.190009 0.344422 0.625277 1.13732 2.07301 3.78637 6.93589 12.7491 23.5076 43.5265 81.0122 151.617 285.314 541.05 1035.47 1996.63 3891.32 7684.74 15377.4 31138.6 64188.6 135188 287601 623795 1.37158e+06 -1.76337e+07 4.95519e+06 7.95895e+06 1.29365e+07 2.1143e+07 3.43183e+07 5.50585e+07 8.58706e+07 1.29105e+08 1.9113e+08 2.80114e+08 
0.084332 0.0191509 0.0346016 0.0625858 0.113349 0.205541 0.373311 0.679357 1.23899 2.26461 4.15163 7.63813 14.0993 26.1398 48.7233 91.3447 172.255 327.447 628.415 1215.95 2379.56 4721.67 9502.39 19380.1 40288 85686.8 184627 406597 919866 2.12049e+06 -2.34264e+07 8.11242e+06 1.36078e+07 2.29828e+07 3.84712e+07 6.34698e+07 1.01193e+08 1.54293e+08 2.30504e+08 3.3936e+08 
0.0451665 0.0102589 0.0185401 0.0335437 0.0607697 0.110238 0.200305 0.364699 0.665508 1.21725 2.23331 4.11252 7.59965 14.1076 26.3343 49.4554 93.457 178.086 342.717 665.442 1307.6 2607 5276.83 10840.1 22728 48824.8 106591 238503 549827 1.29723e+06 3.08985e+06 -3.1712e+07 1.31152e+07 2.30614e+07 4.01274e+07 6.8621e+07 1.12602e+08 1.74929e+08 2.64524e+08 3.91789e+08 
0.0213782 0.00485668 0.00877921 0.0158881 0.0287926 0.0522498 0.09498 0.173016 0.315899 0.57819 1.06164 1.95667 3.61969 6.72786 12.5768 23.6587 44.8006 85.5726 165.129 321.724 634.755 1271.52 2588.37 5355.65 11325.4 24575.1 54371.1 123664 290727 703022 1.72807e+06 4.37283e+06 -4.41583e+07 2.11193e+07 3.86017e+07 6.90425e+07 1.17525e+08 1.87038e+08 2.87323e+08 4.28857e+08 
0.00881523 0.002003 0.00362153 0.00655566 0.0118836 0.0215724 0.0392299 0.0714931 0.130603 0.239192 0.439505 0.810694 1.5012 2.79349 5.22891 9.85155 18.6904 35.778 69.2134 135.273 267.885 538.944 1102.86 2297.12 4896.17 10723.7 24024.1 55498.7 132972 329496 836972 2.20499e+06 6.05637e+06 -6.20855e+07 3.15942e+07 6.03606e+07 1.08907e+08 1.80469e+08 2.84867e+08 4.31129e+08 
0.00311707 0.00070838 0.00128105 0.00231948 0.00420565 0.00763697 0.0138931 0.0253294 0.0462936 0.0848334 0.155981 0.287932 0.533666 0.994119 1.86307 3.51514 6.68055 12.8139 24.8457 48.699 96.7689 195.456 401.882 842.136 1807.91 3993.39 9048.57 21201.5 51684.9 130980 343116 939635 2.71104e+06 7.73755e+06 -8.85122e+07 4.59851e+07 8.97943e+07 1.57988e+08 2.60235e+08 4.0331e+08 
0.000932449 0.000211939 0.000383344 0.00069423 0.00125907 0.00228696 0.00416177 0.00759043 0.0138787 0.0254461 0.0468148 0.0864754 0.160409 0.299097 0.561148 1.06009 2.01785 3.87738 7.53354 14.8041 29.5064 59.808 123.496 260.176 562.124 1251 2863.29 6793.72 16818.7 43485.9 117143 332521 1.00344e+06 3.0591e+06 9.51615e+06 -1.27644e+08 6.45994e+07 1.24795e+08 2.19076e+08 3.53134e+08 
0.000230275 5.23461e-05 9.46944e-05 0.000171518 0.000311124 0.000565249 0.00102889 0.00187709 0.00343332 0.00629743 0.0115912 0.0214222 0.0397631 0.0741973 0.139323 0.263466 0.502112 0.966184 1.88027 3.70235 7.39681 15.0345 31.1481 65.8976 143.089 320.319 738.943 1770.58 4436.31 11651.6 32085.9 93740.6 293442 948230 3.19235e+06 1.1098e+07 -1.81956e+08 8.31861e+07 1.6243e+08 2.82075e+08 
4.57871e-05 1.04091e-05 1.88318e-05 3.41131e-05 6.18865e-05 0.000112451 0.000204722 0.000373558 0.000683406 0.00125383 0.0023085 0.00426787 0.00792504 0.014795 0.0277959 0.0525962 0.100314 0.193197 0.376352 0.741983 1.48457 3.02265 6.27514 13.3102 28.9906 65.1339 150.989 363.991 918.864 2437.21 6806.43 20260.5 64972.4 218610 781439 2.98278e+06 1.15733e+07 -2.48653e+08 9.78542e+07 1.9929e+08 
7.15281e-06 1.62618e-06 2.94223e-06 5.33015e-06 9.67054e-06 1.75736e-05 3.19973e-05 5.83937e-05 0.000106845 0.000196063 0.000361059 0.000667672 0.00124017 0.002316 0.00435284 0.00824024 0.0157247 0.0303035 0.0590738 0.116567 0.23347 0.47592 0.989433 2.10241 4.58878 10.3349 24.0352 58.1749 147.58 393.956 1110.25 3345.2 10897.8 37677 140541 571728 2.46743e+06 1.06844e+07 -3.28955e+08 1.19786e+08 
8.47644e-07 1.92718e-07 3.487e-07 6.3174e-07 1.14624e-06 2.08314e-06 3.79322e-06 6.92313e-06 1.26689e-05 2.32509e-05 4.28241e-05 7.92043e-05 0.000147148 0.000274865 0.00051674 0.000978537 0.00186804 0.00360151 0.00702423 0.0138689 0.027797 0.0567079 0.118005 0.251028 0.548614 1.23744 2.88325 6.9944 17.791 47.651 134.903 408.91 1342.45 4706.1 17976.1 76059.4 353639 1.79586e+06 9.8861e+06 -4.18134e+08 
dt_FE: 2.39157e-09
dt_EA: 2.39157e-09
dt_PE: 2.39157e-09
tolC: 1e-06
dt_grow: 1.03
dt_max: 0.1
steps: 0
