t: 1.1912e-07
dt: 2.39152e-09
N: 0.0882001 0.101014 0.115494 0.131815 0.150142 0.170585 0.193283 0.218352 0.24582 0.275591 0.307651 0.341831 0.377592 0.414589 0.452323 0.489943 0.52628 0.560733 0.592331 0.619125 0.640482 0.655424 0.662278 0.658991 0.644761 0.617604 0.573623 0.511924 0.43212 0.336945 0.235798 0.145332 0.0754118 0.033498 0.0127236 0.004083 0.00108798 0.000234807 3.97687e-05 5.09095e-06 
eC: 1 1.15749 1.33977 1.55077 1.795 2.07768 2.40489 2.78363 3.22201 3.72944 4.31677 4.99661 5.78351 6.69433 7.7486 8.9689 10.3814 12.0163 13.9087 16.0991 18.6345 21.5692 24.9661 28.8979 33.4489 38.7167 44.814 51.8717 60.0407 69.4963 80.4411 93.1095 107.773 124.746 144.391 167.131 193.452 223.918 259.182 300 
dV: 1.08333 0.211322 0.327712 0.508206 0.788112 1.22218 1.89532 2.93921 4.55805 7.06849 10.9616 16.999 26.3615 40.8807 63.3966 98.3136 152.462 236.434 366.655 568.597 881.764 1367.42 2120.55 3288.49 5099.69 7908.45 12264.2 19019 29494.1 45738.6 70930.1 109996 170579 264529 410225 636165 986546 1.52991e+06 2.37254e+06 3.67926e+06 
kVec: 994296 1.15262e+06 1.32855e+06 1.53121e+06 1.76438e+06 2.03173e+06 2.338e+06 2.68851e+06 3.08874e+06 3.54323e+06 4.0596e+06 4.64501e+06 5.30208e+06 6.03878e+06 6.86219e+06 7.77581e+06 8.77282e+06 9.86231e+06 1.10455e+07 1.22839e+07 1.35803e+07 1.49243e+07 1.62862e+07 1.75872e+07 1.8867e+07 2.01624e+07 2.13302e+07 2.26033e+07 2.4259e+07 2.67293e+07 3.04911e+07 3.68151e+07 4.7602e+07 6.41682e+07 8.96258e+07 1.2816e+08 1.82156e+08 2.48717e+08 3.28976e+08 4.18144e+08 
cMat: 
-110004 875.449 1028.7 1198.26 1396.86 1630.7 1906.19 2231.03 2615.58 3074.07 3620.1 4272.1 5061.01 6015.84 7174.24 8593.7 10358.3 12546.9 15277.1 18779.2 23261.1 29027.4 36590.9 46715.9 60222.4 78412.1 103841 139109 188390 258689 360242 506561 719115 1.03402e+06 1.49294e+06 2.15813e+06 3.1023e+06 4.43375e+06 6.3436e+06 9.10863e+06 
4389.92 -131416 1168.97 1361.66 1587.36 1853.11 2166.2 2535.37 2972.42 3493.52 4114.13 4855.21 5751.96 6837.35 8154.21 9767.95 11774.2 14262.7 17367.4 21350.1 26447.8 33007 41611.7 53132.5 68503.2 89207.1 118156 158314 214440 294519 410219 576953 819205 1.17815e+06 1.70133e+06 2.45974e+06 3.53627e+06 5.05436e+06 7.23193e+06 1.03846e+07 
3242.86 734.883 -150519 1542.76 1798.5 2099.62 2454.38 2872.72 3367.97 3958.5 4661.82 5501.7 6518.05 7748.29 9240.98 11070.3 13344.8 16166.3 19686.7 24203.5 29985.3 37425.9 47188.5 60262 77707.8 101211 134083 179693 243454 334447 465947 655489 930939 1.33913e+06 1.9342e+06 2.79692e+06 4.0216e+06 5.74855e+06 8.22574e+06 1.18122e+07 
2365.58 536.08 966.156 -172836 2031.45 2371.6 2772.36 3244.94 3804.44 4471.61 5266.23 6215.18 7363.6 8753.79 10440.7 12508.2 15079 18268.5 22248.5 27355.7 33894.2 42310.1 53354.4 68147.4 87891.9 114499 151720 203380 275617 378734 527794 742700 1.05508e+06 1.51809e+06 2.19318e+06 3.17208e+06 4.56176e+06 6.52133e+06 9.33223e+06 1.34019e+07 
1719.43 389.656 702.268 1266.63 -198813 2645.79 3120.74 3652.77 4282.69 5033.85 5928.55 6997.09 8290.32 9855.92 11755.8 14084.5 16980.7 20574 25058.6 30814.2 38184.2 47671.9 60125.5 76810.1 99084.9 129109 171124 229454 311043 427547 596005 838945 1.19217e+06 1.71582e+06 2.47949e+06 3.58701e+06 5.15942e+06 7.37657e+06 1.0557e+07 1.51617e+07 
1245.38 282.228 508.659 917.443 1641.53 -228939 3497.61 4094 4800.12 5642.21 6645.28 7843.32 9293.4 11049 13179.7 15791.7 19040.5 23072 28104.2 34563.9 42837.2 53490 67476.4 86220.3 111252 145002 192249 257865 349679 480833 670541 944217 1.34226e+06 1.93249e+06 2.79347e+06 4.04238e+06 5.81569e+06 8.31602e+06 1.19027e+07 1.70956e+07 
898.124 203.536 366.837 661.656 1194.53 2157.82 -263813 4567.2 5355.1 6294.78 7414.17 8751.22 10369.7 12329.5 14708.2 17624.6 21252.5 25755.3 31376.7 38594.5 47841 59749.8 75389.9 96357.1 124367 162147 215058 288571 391479 538542 751349 1.05847e+06 1.50532e+06 2.1681e+06 3.1352e+06 4.53838e+06 6.53094e+06 9.3403e+06 1.33703e+07 1.92051e+07 
644.367 146.03 263.197 474.731 857.076 1548.28 2799.68 -304112 5882.18 6987.63 8230.61 9715.41 11513 13689.8 16332.2 19572.5 23604.1 28608.8 34858.1 42884.1 53168.7 66418.4 83825.4 107170 138368 180466 239452 321445 436278 600466 838160 1.18135e+06 1.68089e+06 2.42206e+06 3.50388e+06 5.07395e+06 7.30379e+06 1.04475e+07 1.49573e+07 2.14867e+07 
459.75 104.193 187.795 338.733 611.56 1104.79 1997.8 3579.85 -350808 7711.82 9084.11 10723.5 12708.5 15112.7 18031.5 21611.2 26066.2 31597.6 38506.1 47381.5 58758.1 73419.4 92688.3 118542 153108 199773 265194 356182 483685 666091 930300 1.31197e+06 1.86779e+06 2.69277e+06 3.89737e+06 5.64619e+06 8.13025e+06 1.16322e+07 1.66558e+07 2.39295e+07 
326.234 73.9355 133.262 240.377 433.995 784.043 1417.84 2567.55 4656.06 -404697 9956.78 11754.5 13931.6 16568.8 19771.1 23699.3 28589.2 34662.2 42249.1 51999.8 64502.9 80622.5 101818 130271 168333 219748 291878 392262 533025 734542 1.02662e+06 1.44881e+06 2.06402e+06 2.97752e+06 4.31201e+06 6.25014e+06 9.00356e+06 1.28849e+07 1.84531e+07 2.65152e+07 
229.87 52.0971 93.9028 169.385 305.83 552.523 999.206 1809.53 3281.63 5957.52 -467134 12795.4 15166.8 18039.9 21529.3 25810.7 31141.8 37764.5 46040.9 56682.2 70333.1 87940.3 111104 142218 183866 240162 319199 429279 583758 805085 1.12611e+06 1.59047e+06 2.2676e+06 3.27355e+06 4.74385e+06 6.88015e+06 9.91573e+06 1.41945e+07 2.03329e+07 2.92206e+07 
160.693 36.4198 65.6468 118.419 213.817 386.304 698.642 1265.29 2294.77 4166.25 7579.65 -539668 16266.2 19496.1 23270.5 27902.8 33672.8 40843.2 49807 61337.6 76136.3 95233.7 120373 154164 199427 260653 346689 466617 635064 876620 1.22728e+06 1.73492e+06 2.47571e+06 3.57689e+06 5.1873e+06 7.52837e+06 1.08557e+07 1.55451e+07 2.22729e+07 3.20143e+07 
111.576 25.2885 45.584 82.2312 148.482 268.276 485.212 878.807 1593.95 2894.14 5265.82 9533.76 -623891 20878.4 24924.9 29892.6 36082.8 43778.4 53402.8 65790.4 81698.2 102239 129298 165701 214503 280576 373522 503217 685576 947369 1.3278e+06 1.87907e+06 2.6843e+06 3.8821e+06 5.63507e+06 8.18492e+06 1.181e+07 1.69185e+07 2.42478e+07 3.48601e+07 
76.8323 17.4144 31.3917 56.6313 102.262 184.777 334.213 605.365 1098.08 1993.99 3628.44 6619.72 12095.2 -722314 26460.2 31741.4 38325.2 46513.7 56759.8 69956.2 86913.8 108826 137716 176619 228824 299579 399234 538459 734461 1.0162e+06 1.4261e+06 2.02077e+06 2.89036e+06 4.18492e+06 6.08112e+06 8.84124e+06 1.27665e+07 1.82974e+07 2.62328e+07 3.7723e+07 
52.4177 11.8811 21.4181 38.6405 69.7787 126.091 228.082 413.162 749.513 1361.18 2477.25 4520.14 8260.41 15137.3 -837829 33038 40353.1 48992.4 59808.6 73749.6 91677.8 114863 145460 186707 242119 317310 423362 571730 780900 1.08201e+06 1.52069e+06 2.15794e+06 3.09099e+06 4.48132e+06 6.51973e+06 9.48926e+06 1.37139e+07 1.96658e+07 2.82055e+07 4.05708e+07 
35.4598 8.03773 14.4903 26.1434 47.2137 85.3218 154.349 279.624 507.319 921.459 1677.23 3060.9 5594.83 10255 18658.1 -974899 42098.4 51132.5 62450.3 77050.6 95843.1 120169 152306 195685 254037 333328 445347 602316 823980 1.14362e+06 1.61006e+06 2.28868e+06 3.28378e+06 4.76819e+06 6.94698e+06 1.0124e+07 1.46459e+07 2.10154e+07 3.01547e+07 4.33883e+07 
23.8398 5.40406 9.74289 17.5793 31.7496 57.3809 103.814 188.094 341.302 620.013 1128.74 2060.34 3766.88 6906.4 12711.3 23481.4 -1.13729e+06 52856.2 64591.7 79746.5 99273.3 124578 158053 203308 264279 347268 464748 629694 863094 1.20037e+06 1.69351e+06 2.41236e+06 3.46837e+06 5.04576e+06 7.36417e+06 1.07487e+07 1.55686e+07 2.23564e+07 3.20964e+07 4.61998e+07 
15.9018 3.60485 6.49953 11.7281 21.1835 38.2887 69.2801 125.54 227.83 413.952 753.759 1376.18 2516.73 4615.77 8498.4 15705.5 29106.7 -1.33275e+06 66325 81949.5 102105 128259 162909 209836 273172 359547 482103 654564 899171 1.2535e+06 1.77277e+06 2.53137e+06 3.64814e+06 5.31888e+06 7.77838e+06 1.13737e+07 1.6497e+07 2.37104e+07 3.40614e+07 4.90495e+07 
10.5339 2.38812 4.30608 7.77072 14.037 25.3742 45.9183 83.2192 151.051 274.504 499.954 913.024 1670.24 3064.37 5644.28 10435.8 19351.3 36084 -1.57126e+06 83298.2 104495 131407 167123 215592 281140 370727 498177 677988 933701 1.30516e+06 1.85095e+06 2.65032e+06 3.82999e+06 5.59797e+06 8.20533e+06 1.20226e+07 1.74664e+07 2.51287e+07 3.61244e+07 5.20459e+07 
6.98617 1.58393 2.85628 5.15492 9.31283 16.8368 30.4732 55.2371 100.281 182.284 332.083 606.643 1110.17 2037.7 3755.08 6946.75 12890.2 24054.5 44941.7 -1.86157e+06 106423 134013 170706 220622 288297 381041 513412 700769 968104 1.3578e+06 1.93232e+06 2.77643e+06 4.02598e+06 5.9029e+06 8.67719e+06 1.27467e+07 1.85556e+07 2.6729e+07 3.84589e+07 5.54424e+07 
4.63578 1.05113 1.89566 3.42161 6.18223 11.1786 20.2359 36.6877 66.6202 121.131 220.745 403.393 738.535 1356.23 2500.66 4629.1 8596.28 16055.7 30202.4 57011.7 -2.22251e+06 136709 174455 225952 295972 392230 530145 726088 1.00678e+06 1.41764e+06 2.02577e+06 2.92268e+06 4.25525e+06 6.2623e+06 9.23688e+06 1.36101e+07 1.98597e+07 2.86498e+07 4.1265e+07 5.95292e+07 
3.08406 0.699349 1.26139 2.27704 4.11478 7.44152 13.4735 24.4329 44.3784 80.7151 147.143 268.999 492.719 905.317 1670.29 3094.21 5750.98 10752.1 20248.2 38273.7 72881.8 -2.67778e+06 177187 232692 305635 406270 551089 757743 1.05512e+06 1.49252e+06 2.14295e+06 3.1065e+06 4.54426e+06 6.71663e+06 9.94627e+06 1.47071e+07 2.15198e+07 3.10978e+07 4.48443e+07 6.47438e+07 
2.07067 0.4696 0.847103 1.5294 2.76418 4.99995 9.05488 16.4243 29.8407 54.2932 99.016 181.097 331.893 610.204 1126.62 2088.81 3886.21 7273.99 13716 25967.2 49537.1 94374.6 -3.26065e+06 241603 318355 424692 578518 799168 1.11842e+06 1.59074e+06 2.29707e+06 3.34909e+06 4.92711e+06 7.32069e+06 1.08927e+07 1.61751e+07 2.37468e+07 3.43866e+07 4.96574e+07 7.17594e+07 
1.41207 0.320277 0.577826 1.04341 1.88616 3.41253 6.18168 11.216 20.3849 37.1042 67.6995 123.885 227.188 418.006 772.415 1433.49 2670.13 5004.52 9450.98 17925.8 34270.2 66200.3 129050 -4.00388e+06 334793 448545 614154 853240 1.20151e+06 1.72056e+06 2.50237e+06 3.67486e+06 5.44542e+06 8.14457e+06 1.21919e+07 1.82017e+07 2.68347e+07 3.89588e+07 5.63597e+07 8.15368e+07 
0.972318 0.220564 0.397994 0.718808 1.29965 2.35197 4.26173 7.73499 14.0635 25.6097 46.751 85.6009 157.091 289.271 535.029 994.012 1853.95 3479.98 6583.04 12512.1 23977.8 46445 90828.9 178828 -4.978e+06 480466 661741 925402 1.31252e+06 1.89447e+06 2.77861e+06 4.11555e+06 6.1508e+06 9.27257e+06 1.39806e+07 2.10056e+07 3.11238e+07 4.53248e+07 6.57063e+07 9.51825e+07 
0.673986 0.152912 0.275968 0.498519 0.901558 1.63199 2.95807 5.37077 9.76899 17.7982 32.5094 59.5628 109.392 201.619 373.292 694.357 1296.93 2438.44 4621.41 8803.95 16916.7 32867.6 64506.5 127550 255788 -6.28173e+06 720970 1.0197e+06 1.45823e+06 2.12414e+06 3.14618e+06 4.70677e+06 7.10542e+06 1.0812e+07 1.64402e+07 2.48872e+07 3.70925e+07 5.42129e+07 7.87831e+07 1.14296e+08 
0.472056 0.107116 0.193357 0.349368 0.631986 1.14437 2.07497 3.76894 6.85862 12.5029 22.8521 41.8997 77.021 142.104 263.413 490.647 917.974 1729.24 3284.45 6273.81 12092.9 23579.5 46473.5 92366 186322 381308 -7.97744e+06 1.12236e+06 1.62171e+06 2.38998e+06 3.58529e+06 5.43455e+06 8.31422e+06 1.28106e+07 1.97017e+07 3.01263e+07 4.52557e+07 6.64659e+07 9.69021e+07 1.40848e+08 
0.327151 0.0742485 0.134056 0.242278 0.438388 0.794074 1.44038 2.61742 4.76554 8.69268 15.8991 29.1742 53.6804 99.1513 184.028 343.291 643.441 1214.61 2312.43 4430.03 8568.22 16772.6 33211.9 66385.4 134795 278997 580631 -1.02523e+07 1.7949e+06 2.68172e+06 4.08469e+06 6.29076e+06 9.78282e+06 1.53098e+07 2.38813e+07 3.69789e+07 5.60976e+07 8.28918e+07 1.21336e+08 1.7676e+08 
0.220284 0.050004 0.090303 0.163246 0.295471 0.535389 0.971546 1.76629 3.21761 5.87296 10.7497 19.7418 36.3619 67.2428 124.974 233.499 438.499 829.577 1583.38 3042.88 5906.98 11612.1 23109.5 46479.4 95056 198373 417129 892427 -1.33496e+07 2.93173e+06 4.59463e+06 7.21051e+06 1.1435e+07 1.8238e+07 2.89458e+07 4.55166e+07 6.98847e+07 1.04041e+08 1.53042e+08 2.23545e+08 
0.141454 0.0321162 0.058013 0.104902 0.189928 0.344276 0.625012 1.13684 2.07213 3.78476 6.93294 12.7437 23.4976 43.508 80.9778 151.553 285.193 540.82 1035.03 1995.78 3889.66 7681.47 15370.9 31125.3 64161.4 135130 287479 623530 1.371e+06 -1.76152e+07 4.95309e+06 7.95557e+06 1.2931e+07 2.1134e+07 3.43037e+07 5.50351e+07 8.58342e+07 1.2905e+08 1.91049e+08 2.79995e+08 
0.08436 0.0191572 0.0346131 0.0626066 0.113386 0.205609 0.373435 0.679582 1.2394 2.26536 4.15301 7.64067 14.104 26.1484 48.7395 91.3751 172.312 327.556 628.623 1216.35 2380.35 4723.24 9505.55 19386.6 40301.3 85715.3 184689 406732 920171 2.1212e+06 -2.34081e+07 8.11511e+06 1.36123e+07 2.29904e+07 3.8484e+07 6.34909e+07 1.01226e+08 1.54344e+08 2.3058e+08 3.39473e+08 
0.0451967 0.0102657 0.0185525 0.0335662 0.0608104 0.110312 0.20044 0.364944 0.665954 1.21807 2.23481 4.11527 7.60474 14.1171 26.352 49.4885 93.5196 178.205 342.947 665.888 1308.47 2608.75 5280.36 10847.4 22743.2 48857.5 106663 238663 550195 1.2981e+06 3.09191e+06 -3.16942e+07 1.3124e+07 2.30768e+07 4.01543e+07 6.8667e+07 1.12678e+08 1.75046e+08 2.64701e+08 3.92051e+08 
0.0213859 0.00485842 0.00878235 0.0158938 0.0288029 0.0522685 0.095014 0.173078 0.316012 0.578397 1.06202 1.95737 3.62099 6.73027 12.5813 23.6672 44.8167 85.6032 165.188 321.839 634.982 1271.97 2589.3 5357.56 11329.5 24583.9 54390.5 123708 290831 703274 1.72869e+06 4.3744e+06 -4.41449e+07 2.11268e+07 3.86155e+07 6.90672e+07 1.17567e+08 1.87105e+08 2.87425e+08 4.29011e+08 
0.00881655 0.0020033 0.00362207 0.00655665 0.0118854 0.0215756 0.0392358 0.0715038 0.130622 0.239228 0.439571 0.810815 1.50143 2.79391 5.22969 9.85303 18.6932 35.7834 69.2238 135.293 267.925 539.025 1103.02 2297.46 4896.9 10725.3 24027.7 55507 132992 329545 837097 2.20532e+06 6.05728e+06 -6.20771e+07 3.15989e+07 6.03696e+07 1.08923e+08 1.80497e+08 2.84909e+08 4.31194e+08 
0.00311725 0.00070842 0.00128112 0.00231961 0.00420589 0.00763741 0.0138939 0.0253309 0.0462962 0.0848383 0.15599 0.287948 0.533696 0.994176 1.86318 3.51534 6.68093 12.8146 24.8471 48.7018 96.7745 195.467 401.905 842.185 1808.02 3993.62 9049.09 21202.7 51687.8 130988 343136 939689 2.7112e+06 7.73799e+06 -8.85082e+07 4.59878e+07 8.97994e+07 1.57998e+08 2.6025e+08 4.03333e+08 
0.000932466 0.000211943 0.000383351 0.000694243 0.00125909 0.002287 0.00416184 0.00759057 0.0138789 0.0254465 0.0468156 0.086477 0.160412 0.299103 0.561158 1.06011 2.01789 3.87745 7.53367 14.8044 29.5069 59.8091 123.499 260.18 562.134 1251.02 2863.34 6793.85 16819 43486.7 117145 332527 1.00346e+06 3.05916e+06 9.51633e+06 -1.27644e+08 6.46006e+07 1.24797e+08 2.1908e+08 3.53141e+08 
0.000230277 5.23463e-05 9.46948e-05 0.000171519 0.000311126 0.000565252 0.0010289 0.0018771 0.00343334 0.00629746 0.0115912 0.0214223 0.0397632 0.0741977 0.139324 0.263467 0.502115 0.966189 1.88028 3.70236 7.39685 15.0346 31.1483 65.8979 143.09 320.321 738.946 1770.59 4436.33 11651.7 32086.1 93741 293444 948235 3.19236e+06 1.10981e+07 -1.8196e+08 8.31866e+07 1.62431e+08 2.82076e+08 
4.57872e-05 1.04091e-05 1.88318e-05 3.41132e-05 6.18865e-05 0.000112451 0.000204722 0.000373558 0.000683407 0.00125383 0.0023085 0.00426788 0.00792505 0.014795 0.027796 0.0525962 0.100314 0.193197 0.376352 0.741984 1.48457 3.02265 6.27514 13.3102 28.9907 65.134 150.989 363.991 918.865 2437.21 6806.44 20260.5 64972.5 218610 781439 2.98278e+06 1.15734e+07 -2.48659e+08 9.78543e+07 1.9929e+08 
7.15281e-06 1.62618e-06 2.94223e-06 5.33015e-06 9.67054e-06 1.75736e-05 3.19973e-05 5.83937e-05 0.000106845 0.000196063 0.000361059 0.000667672 0.00124017 0.002316 0.00435284 0.00824025 0.0157247 0.0303035 0.0590738 0.116567 0.23347 0.47592 0.989433 2.10241 4.58878 10.3349 24.0352 58.1749 147.58 393.956 1110.25 3345.2 10897.8 37677 140541 571728 2.46743e+06 1.06844e+07 -3.28963e+08 1.19786e+08 
8.47644e-07 1.92718e-07 3.487e-07 6.3174e-07 1.14624e-06 2.08314e-06 3.79322e-06 6.92313e-06 1.26689e-05 2.32509e-05 4.28241e-05 7.92043e-05 0.000147148 0.000274865 0.00051674 0.000978537 0.00186804 0.00360151 0.00702423 0.0138689 0.027797 0.0567079 0.118005 0.251028 0.548614 1.23744 2.88325 6.9944 17.791 47.651 134.903 408.91 1342.45 4706.1 17976.1 76059.4 353639 1.79586e+06 9.8861e+06 -4.18141e+08 
dt_FE: 2.39152e-09
dt_EA: 2.39152e-09
dt_PE: 2.39152e-09
tolC: 1e-06
dt_grow: 1.03
dt_max: 0.1
steps: 0
