t
0.0000027515334551499665037
dt
0.0000001394013976876945648
DN
-0.0000000000000002177980794
TC
48.0000
N
1.56521955e-02
3.52608226e-02
4.25387388e-02
4.14666508e-02
3.60374721e-02
2.92868507e-02
2.29361908e-02
1.76649663e-02
1.35615755e-02
1.04657979e-02
8.15659966e-03
6.43229589e-03
5.13396434e-03
4.14462990e-03
3.38081396e-03
2.78350196e-03
2.31082872e-03
1.93280198e-03
1.62942632e-03
1.46528377e-03
3.52182681e-03
3.53576460e-02
2.37897167e-01
6.62229586e-01
6.26838357e-01
1.64745337e-01
9.56255949e-03
9.48751849e-05
1.46320263e-07
1.13153757e-09
3.60276332e-11
9.50883454e-13
2.03190240e-14
3.47151903e-16
4.67979781e-18
4.90848558e-20
3.94688810e-22
2.39526401e-24
1.07908472e-26
3.54615497e-29
eC
1.00638940e+00
3.07804198e+00
5.27088624e+00
7.59201189e+00
1.00489234e+01
1.26495642e+01
1.54023425e+01
1.83161584e+01
2.14004324e+01
2.46651365e+01
2.81208258e+01
3.17786729e+01
3.56505041e+01
3.97488374e+01
4.40869232e+01
4.86787870e+01
5.35392748e+01
5.86841012e+01
6.41298999e+01
6.98942779e+01
7.59958720e+01
8.24544093e+01
8.92907710e+01
9.65270599e+01
1.04186672e+02
1.12294371e+02
1.20876370e+02
1.29960417e+02
1.39575880e+02
1.49753848e+02
1.60527227e+02
1.71930848e+02
1.84001582e+02
1.96778453e+02
2.10302771e+02
2.24618262e+02
2.39771209e+02
2.55810604e+02
2.72788303e+02
2.90759198e+02
