t
0.0000037713959373480746245
dt
0.0000001415378367963222962
DN
-0.0000000000000004355961589
TC
56.0000
N
2.13942052e-02
4.80174732e-02
5.78468352e-02
5.63986991e-02
4.90632957e-02
3.99219720e-02
3.13011368e-02
2.41300796e-02
1.85380738e-02
1.43136585e-02
1.11595130e-02
8.80259297e-03
7.02699705e-03
5.67346427e-03
4.62817224e-03
3.81057158e-03
3.16347648e-03
2.64588489e-03
2.22977574e-03
1.97364243e-03
3.95068985e-03
3.56657748e-02
2.37778594e-01
6.61290276e-01
6.25889860e-01
1.64492668e-01
9.54848451e-03
9.49101488e-05
1.56647578e-07
1.54343527e-09
4.92987707e-11
1.30116182e-12
2.78041880e-14
4.75040066e-16
6.40384862e-18
6.71683557e-20
5.40101258e-22
3.27775803e-24
1.47666547e-26
4.85274323e-29
eC
1.00638940e+00
3.07804198e+00
5.27088624e+00
7.59201189e+00
1.00489234e+01
1.26495642e+01
1.54023425e+01
1.83161584e+01
2.14004324e+01
2.46651365e+01
2.81208258e+01
3.17786729e+01
3.56505041e+01
3.97488374e+01
4.40869232e+01
4.86787870e+01
5.35392748e+01
5.86841012e+01
6.41298999e+01
6.98942779e+01
7.59958720e+01
8.24544093e+01
8.92907710e+01
9.65270599e+01
1.04186672e+02
1.12294371e+02
1.20876370e+02
1.29960417e+02
1.39575880e+02
1.49753848e+02
1.60527227e+02
1.71930848e+02
1.84001582e+02
1.96778453e+02
2.10302771e+02
2.24618262e+02
2.39771209e+02
2.55810604e+02
2.72788303e+02
2.90759198e+02
