t
0.0000453787283685390104102
dt
0.0000001869674164269634836
DN
0.0000000000000002177980794
TC
307.0000
N
2.30135722e-01
4.48200374e-01
5.12874007e-01
5.03363878e-01
4.54353182e-01
3.87314148e-01
3.17371810e-01
2.53770454e-01
2.00510619e-01
1.58036919e-01
1.25025735e-01
9.96216688e-02
8.00665137e-02
6.49218602e-02
5.30889047e-02
4.37535157e-02
3.63181426e-02
3.03432090e-02
2.55042528e-02
2.16313149e-02
2.04856685e-02
4.75450699e-02
2.33472867e-01
6.25845754e-01
5.89917200e-01
1.54882990e-01
9.01283189e-03
9.62522631e-05
5.50217084e-07
1.72443338e-08
5.55333833e-10
1.46616864e-11
3.13397657e-13
5.35608125e-15
7.22249746e-17
7.57771441e-19
6.09499660e-21
3.69996366e-23
1.66733375e-25
5.48081710e-28
eC
1.00638940e+00
3.07804198e+00
5.27088624e+00
7.59201189e+00
1.00489234e+01
1.26495642e+01
1.54023425e+01
1.83161584e+01
2.14004324e+01
2.46651365e+01
2.81208258e+01
3.17786729e+01
3.56505041e+01
3.97488374e+01
4.40869232e+01
4.86787870e+01
5.35392748e+01
5.86841012e+01
6.41298999e+01
6.98942779e+01
7.59958720e+01
8.24544093e+01
8.92907710e+01
9.65270599e+01
1.04186672e+02
1.12294371e+02
1.20876370e+02
1.29960417e+02
1.39575880e+02
1.49753848e+02
1.60527227e+02
1.71930848e+02
1.84001582e+02
1.96778453e+02
2.10302771e+02
2.24618262e+02
2.39771209e+02
2.55810604e+02
2.72788303e+02
2.90759198e+02
