t
0.0001730961720340114641872
dt
0.0000169373723172522854679
DN
-0.0000000042441806449229295
TC
193.0000
N
9.99059289e-01
9.99850768e-01
9.99802004e-01
9.99732587e-01
9.99632366e-01
9.99485075e-01
9.99264444e-01
9.98927224e-01
9.98400732e-01
9.97560171e-01
9.96186518e-01
9.93886841e-01
9.89941338e-01
9.83007734e-01
9.70556422e-01
9.47845555e-01
9.06334196e-01
8.32358804e-01
7.10200623e-01
5.37395786e-01
3.45441314e-01
1.86302875e-01
8.63449170e-02
3.56867218e-02
1.35274044e-02
4.77117604e-03
1.57354499e-03
4.85225108e-04
1.39560733e-04
3.73084413e-05
9.23201239e-06
2.10520109e-06
4.40281082e-07
8.40253948e-08
1.45549302e-08
2.27544958e-09
3.19136312e-10
3.99005662e-11
4.41729370e-12
4.29949672e-13
eC
1.00638940e+00
3.07804198e+00
5.27088624e+00
7.59201189e+00
1.00489234e+01
1.26495642e+01
1.54023425e+01
1.83161584e+01
2.14004324e+01
2.46651365e+01
2.81208258e+01
3.17786729e+01
3.56505041e+01
3.97488374e+01
4.40869232e+01
4.86787870e+01
5.35392748e+01
5.86841012e+01
6.41298999e+01
6.98942779e+01
7.59958720e+01
8.24544093e+01
8.92907710e+01
9.65270599e+01
1.04186672e+02
1.12294371e+02
1.20876370e+02
1.29960417e+02
1.39575880e+02
1.49753848e+02
1.60527227e+02
1.71930848e+02
1.84001582e+02
1.96778453e+02
2.10302771e+02
2.24618262e+02
2.39771209e+02
2.55810604e+02
2.72788303e+02
2.90759198e+02
