t
0.0000000020971520000000002
dt
0.0000000010485760000000001
DN
-0.0000000000000002177980794
TC
21.0000
N
7.05604143e-05
1.98617408e-04
3.10132523e-04
4.03164734e-04
4.76037157e-04
5.27560340e-04
5.57297755e-04
5.65844998e-04
5.55040420e-04
5.27986707e-04
4.88783084e-04
4.41979520e-04
3.91915726e-04
3.42175397e-04
2.95308647e-04
2.52828303e-04
2.15384065e-04
1.83026924e-04
1.57222415e-04
2.18439792e-04
2.46892516e-03
3.46014046e-02
2.38202249e-01
6.64579282e-01
6.29206502e-01
1.65382826e-01
9.60288596e-03
9.66808294e-05
6.78520473e-07
1.48632671e-07
3.63834079e-08
8.20707328e-09
1.69909536e-09
3.21263127e-10
5.51794281e-11
8.55998835e-12
1.19209478e-12
1.48082085e-13
1.62968174e-14
1.57760492e-15
eC
1.00638940e+00
3.07804198e+00
5.27088624e+00
7.59201189e+00
1.00489234e+01
1.26495642e+01
1.54023425e+01
1.83161584e+01
2.14004324e+01
2.46651365e+01
2.81208258e+01
3.17786729e+01
3.56505041e+01
3.97488374e+01
4.40869232e+01
4.86787870e+01
5.35392748e+01
5.86841012e+01
6.41298999e+01
6.98942779e+01
7.59958720e+01
8.24544093e+01
8.92907710e+01
9.65270599e+01
1.04186672e+02
1.12294371e+02
1.20876370e+02
1.29960417e+02
1.39575880e+02
1.49753848e+02
1.60527227e+02
1.71930848e+02
1.84001582e+02
1.96778453e+02
2.10302771e+02
2.24618262e+02
2.39771209e+02
2.55810604e+02
2.72788303e+02
2.90759198e+02
