t
0.0000036835621032658739440
dt
0.0000001270598237616590083
DN
-0.0000000000000004355961589
TC
66.0000
N
1.24085154e-01
3.10148998e-01
4.38168543e-01
5.25007209e-01
5.81843407e-01
6.15979708e-01
6.32083732e-01
6.33082839e-01
6.20865132e-01
5.96875430e-01
5.62615580e-01
5.19983989e-01
4.71371121e-01
4.19495054e-01
3.67068046e-01
3.16445382e-01
2.69382424e-01
2.26948417e-01
1.89573915e-01
1.57213527e-01
1.30563573e-01
1.24163069e-01
2.14274838e-01
4.25763174e-01
3.80622862e-01
1.05570109e-01
1.12987608e-02
2.08606691e-03
5.89826248e-04
1.56964587e-04
3.85767922e-05
8.73729318e-06
1.81619061e-06
3.44760767e-07
5.94421242e-08
9.25535345e-09
1.29352272e-09
1.61231317e-10
1.78022211e-11
1.72877403e-12
eC
1.00638940e+00
3.07804198e+00
5.27088624e+00
7.59201189e+00
1.00489234e+01
1.26495642e+01
1.54023425e+01
1.83161584e+01
2.14004324e+01
2.46651365e+01
2.81208258e+01
3.17786729e+01
3.56505041e+01
3.97488374e+01
4.40869232e+01
4.86787870e+01
5.35392748e+01
5.86841012e+01
6.41298999e+01
6.98942779e+01
7.59958720e+01
8.24544093e+01
8.92907710e+01
9.65270599e+01
1.04186672e+02
1.12294371e+02
1.20876370e+02
1.29960417e+02
1.39575880e+02
1.49753848e+02
1.60527227e+02
1.71930848e+02
1.84001582e+02
1.96778453e+02
2.10302771e+02
2.24618262e+02
2.39771209e+02
2.55810604e+02
2.72788303e+02
2.90759198e+02
