t
0.0000026875806291579790968
dt
0.0000000936059565960852327
DN
-0.0000000000000002177980794
TC
57.0000
N
9.08754969e-02
2.34549158e-01
3.40080923e-01
4.15837830e-01
4.67869626e-01
5.00480237e-01
5.16696551e-01
5.18687487e-01
5.08163285e-01
4.86750533e-01
4.56290584e-01
4.18980411e-01
3.77305890e-01
3.33803224e-01
2.90760560e-01
2.49980090e-01
2.12666669e-01
1.79441188e-01
1.50435664e-01
1.25464478e-01
1.05380129e-01
1.07152371e-01
2.19526103e-01
4.72988727e-01
4.30272828e-01
1.17830489e-01
1.11326467e-02
1.74960440e-03
4.89624096e-04
1.30190236e-04
3.19669047e-05
7.23332861e-06
1.50217227e-06
2.84899068e-07
4.90797930e-08
7.63585491e-09
1.06639005e-09
1.32828006e-10
1.46565943e-11
1.42244511e-12
eC
1.00638940e+00
3.07804198e+00
5.27088624e+00
7.59201189e+00
1.00489234e+01
1.26495642e+01
1.54023425e+01
1.83161584e+01
2.14004324e+01
2.46651365e+01
2.81208258e+01
3.17786729e+01
3.56505041e+01
3.97488374e+01
4.40869232e+01
4.86787870e+01
5.35392748e+01
5.86841012e+01
6.41298999e+01
6.98942779e+01
7.59958720e+01
8.24544093e+01
8.92907710e+01
9.65270599e+01
1.04186672e+02
1.12294371e+02
1.20876370e+02
1.29960417e+02
1.39575880e+02
1.49753848e+02
1.60527227e+02
1.71930848e+02
1.84001582e+02
1.96778453e+02
2.10302771e+02
2.24618262e+02
2.39771209e+02
2.55810604e+02
2.72788303e+02
2.90759198e+02
