t
0.0000024858689593507317202
dt
0.0000000912152868989741640
DN
-0.0000000000000002177980794
TC
55.0000
N
8.40935735e-02
2.18470399e-01
3.18480446e-01
3.91100735e-01
4.41470523e-01
4.73317481e-01
4.89326270e-01
4.91488051e-01
4.81448238e-01
4.60837240e-01
4.31525810e-01
3.95725975e-01
3.55896591e-01
3.14497774e-01
2.73706164e-01
2.35201889e-01
2.00081107e-01
1.68884503e-01
1.41697177e-01
1.18318504e-01
9.96489876e-02
1.03226357e-01
2.20671362e-01
4.83730210e-01
4.41540251e-01
1.20588269e-01
1.10793785e-02
1.66761442e-03
4.65260060e-04
1.23689220e-04
3.03646033e-05
6.86935495e-06
1.42629634e-06
2.70455920e-07
4.65829909e-08
7.24611887e-09
1.01179152e-09
1.26007324e-10
1.39019066e-11
1.34901210e-12
eC
1.00638940e+00
3.07804198e+00
5.27088624e+00
7.59201189e+00
1.00489234e+01
1.26495642e+01
1.54023425e+01
1.83161584e+01
2.14004324e+01
2.46651365e+01
2.81208258e+01
3.17786729e+01
3.56505041e+01
3.97488374e+01
4.40869232e+01
4.86787870e+01
5.35392748e+01
5.86841012e+01
6.41298999e+01
6.98942779e+01
7.59958720e+01
8.24544093e+01
8.92907710e+01
9.65270599e+01
1.04186672e+02
1.12294371e+02
1.20876370e+02
1.29960417e+02
1.39575880e+02
1.49753848e+02
1.60527227e+02
1.71930848e+02
1.84001582e+02
1.96778453e+02
2.10302771e+02
2.24618262e+02
2.39771209e+02
2.55810604e+02
2.72788303e+02
2.90759198e+02
