t
0.0000011363951694027334450
dt
0.0000000872240458455936317
DN
-0.0000000000000002177980794
TC
40.0000
N
3.84374436e-02
1.04357057e-01
1.57885980e-01
1.99845394e-01
2.30945573e-01
2.51828830e-01
2.63135590e-01
2.65597676e-01
2.60144267e-01
2.47984582e-01
2.30618261e-01
2.09741305e-01
1.87065320e-01
1.64116446e-01
1.42087053e-01
1.21776808e-01
1.03614846e-01
8.77300516e-02
7.40360658e-02
6.23671767e-02
5.41170012e-02
7.14799049e-02
2.29263604e-01
5.68836803e-01
5.30370930e-01
1.42042955e-01
1.04995926e-02
9.64693495e-04
2.56951605e-04
6.82117662e-05
1.67212588e-05
3.77716335e-06
7.83091484e-07
1.48275122e-07
2.55028515e-08
3.96167351e-09
5.52457962e-10
6.87167262e-11
7.57221475e-12
7.33954004e-13
eC
1.00638940e+00
3.07804198e+00
5.27088624e+00
7.59201189e+00
1.00489234e+01
1.26495642e+01
1.54023425e+01
1.83161584e+01
2.14004324e+01
2.46651365e+01
2.81208258e+01
3.17786729e+01
3.56505041e+01
3.97488374e+01
4.40869232e+01
4.86787870e+01
5.35392748e+01
5.86841012e+01
6.41298999e+01
6.98942779e+01
7.59958720e+01
8.24544093e+01
8.92907710e+01
9.65270599e+01
1.04186672e+02
1.12294371e+02
1.20876370e+02
1.29960417e+02
1.39575880e+02
1.49753848e+02
1.60527227e+02
1.71930848e+02
1.84001582e+02
1.96778453e+02
2.10302771e+02
2.24618262e+02
2.39771209e+02
2.55810604e+02
2.72788303e+02
2.90759198e+02
