t: 9.99337e-08
dt: 2.39194e-09
N: 0.0729374 0.0836525 0.0957989 0.10954 0.125034 0.1424 0.161789 0.18334 0.207125 0.233121 0.261383 0.291843 0.324112 0.357973 0.39307 0.428715 0.463895 0.498094 0.530415 0.55893 0.582956 0.60145 0.612618 0.614246 0.605567 0.584669 0.547423 0.493155 0.421276 0.33348 0.237642 0.151011 0.0787069 0.0348897 0.0132706 0.00426053 0.00113554 0.000245117 4.15199e-05 5.31562e-06 
eC: 1 1.15749 1.33977 1.55077 1.795 2.07768 2.40489 2.78363 3.22201 3.72944 4.31677 4.99661 5.78351 6.69433 7.7486 8.9689 10.3814 12.0163 13.9087 16.0991 18.6345 21.5692 24.9661 28.8979 33.4489 38.7167 44.814 51.8717 60.0407 69.4963 80.4411 93.1095 107.773 124.746 144.391 167.131 193.452 223.918 259.182 300 
dV: 1.08333 0.211322 0.327712 0.508206 0.788112 1.22218 1.89532 2.93921 4.55805 7.06849 10.9616 16.999 26.3615 40.8807 63.3966 98.3136 152.462 236.434 366.655 568.597 881.764 1367.42 2120.55 3288.49 5099.69 7908.45 12264.2 19019 29494.1 45738.6 70930.1 109996 170579 264529 410225 636165 986546 1.52991e+06 2.37254e+06 3.67926e+06 
kVec: 983482 1.14023e+06 1.31439e+06 1.51505e+06 1.74598e+06 2.01085e+06 2.3144e+06 2.66192e+06 3.05894e+06 3.51005e+06 4.02294e+06 4.60483e+06 5.2586e+06 5.99243e+06 6.81367e+06 7.72631e+06 8.7242e+06 9.81699e+06 1.10068e+07 1.22563e+07 1.35693e+07 1.49365e+07 1.63291e+07 1.76694e+07 1.89962e+07 2.03452e+07 2.15691e+07 2.28951e+07 2.45923e+07 2.70816e+07 3.08308e+07 3.71097e+07 4.78294e+07 6.43194e+07 8.97063e+07 1.2818e+08 1.82131e+08 2.48664e+08 3.28908e+08 4.18071e+08 
cMat: 
-118091 890.103 1045.92 1218.32 1420.25 1658 1938.1 2268.38 2659.36 3125.53 3680.69 4343.61 5145.72 6116.54 7294.33 8737.55 10531.7 12756.9 15532.9 19093.6 23650.5 29513.3 37203.4 47497.9 61230.5 79724.6 105579 141437 191544 263020 366272 515040 731152 1.05132e+06 1.51793e+06 2.19426e+06 3.15423e+06 4.50797e+06 6.44978e+06 9.2611e+06 
4474.7 -140873 1191.55 1387.96 1618.02 1888.9 2208.03 2584.34 3029.82 3560.99 4193.58 4948.98 5863.04 6969.4 8311.69 9956.59 12001.6 14538.2 17702.8 21762.5 26958.5 33644.4 42415.4 54158.6 69826.1 90929.9 120438 161372 218582 300206 418142 588095 835026 1.2009e+06 1.73419e+06 2.50724e+06 3.60457e+06 5.15197e+06 7.3716e+06 1.05851e+07 
3315.07 751.246 -161472 1577.11 1838.55 2146.37 2509.04 2936.68 3442.97 4046.65 4765.62 5624.2 6663.19 7920.82 9446.74 11316.8 13642 16526.3 20125.1 24742.4 30652.9 38259.2 48239.3 61603.9 79438.1 103465 137068 183694 248875 341894 476322 670085 951667 1.36895e+06 1.97727e+06 2.8592e+06 4.11114e+06 5.87655e+06 8.4089e+06 1.20752e+07 
2426.27 549.835 990.945 -185532 2083.57 2432.45 2843.49 3328.2 3902.06 4586.34 5401.34 6374.65 7552.53 8978.39 10708.5 12829.1 15465.9 18737.2 22819.3 28057.5 34763.9 43395.7 54723.3 69895.9 90147 117436 155613 208598 282688 388452 541336 761756 1.08215e+06 1.55704e+06 2.24945e+06 3.25346e+06 4.6788e+06 6.68865e+06 9.57167e+06 1.37457e+07 
1770.23 401.168 723.016 1304.05 -213541 2723.96 3212.94 3760.69 4409.21 5182.57 6103.71 7203.81 8535.25 10147.1 12103.1 14500.7 17482.3 21181.9 25798.9 31724.6 39312.3 49080.4 61901.8 79079.4 102012 132924 176180 236233 320233 440178 613613 863731 1.22739e+06 1.76651e+06 2.55274e+06 3.69298e+06 5.31185e+06 7.59451e+06 1.08689e+07 1.56096e+07 
1287.7 291.819 525.944 948.619 1697.32 -246024 3616.47 4233.12 4963.24 5833.95 6871.1 8109.84 9609.2 11424.5 13627.6 16328.3 19687.5 23856 29059.2 35738.4 44292.8 55307.7 69769.4 89150.2 115032 149929 198782 266628 361562 497173 693327 976303 1.38787e+06 1.99816e+06 2.88839e+06 4.17974e+06 6.01331e+06 8.59861e+06 1.23072e+07 1.76765e+07 
933.187 211.482 381.158 687.487 1241.16 2242.06 -283633 4745.5 5564.16 6540.53 7703.62 9092.87 10774.6 12810.8 15282.4 18312.6 22082.2 26760.8 32601.7 40101.2 49708.6 62082.4 78333.1 100119 129222 168477 223454 299837 406762 559567 780681 1.09979e+06 1.56409e+06 2.25274e+06 3.25759e+06 4.71555e+06 6.78591e+06 9.70494e+06 1.38923e+07 1.99549e+07 
673.23 152.572 274.987 495.996 895.467 1617.63 2925.08 -327101 6145.66 7300.63 8599.29 10150.6 12028.7 14303 17063.8 20449.2 24661.4 29890.3 36419.5 44805 55550.3 69393.5 87580.2 111971 144566 188550 250178 335844 455821 627363 875704 1.23426e+06 1.75618e+06 2.53055e+06 3.66083e+06 5.30123e+06 7.63095e+06 1.09155e+07 1.56272e+07 2.24492e+07 
483.339 109.539 197.43 356.113 642.938 1161.48 2100.3 3763.52 -377468 8107.5 9550.19 11273.7 13360.6 15888.1 18956.6 22720 27403.6 33218.8 40481.7 49812.6 61772.8 77186.4 97443.9 124624 160963 210022 278801 374457 508501 700266 978031 1.37928e+06 1.96363e+06 2.83093e+06 4.09734e+06 5.93589e+06 8.54739e+06 1.2229e+07 1.75104e+07 2.51572e+07 
345.361 78.2702 141.075 254.469 459.439 830.009 1500.96 2718.08 4929.03 -435575 10540.5 12443.7 14748.4 17540.2 20930.2 25088.7 30265.3 36694.3 44726 55048.4 68284.5 85349.1 107787 137908 178202 232631 308990 415259 564275 777606 1.08681e+06 1.53375e+06 2.18502e+06 3.15209e+06 4.56481e+06 6.61656e+06 9.53142e+06 1.36404e+07 1.9535e+07 2.80697e+07 
245.231 55.5786 100.178 180.704 326.267 589.446 1065.98 1930.46 3500.94 6355.64 -502862 13650.5 16180.4 19245.4 22968 27535.5 33222.9 40288.2 49117.7 60470.2 75033.3 93817.1 118528 151722 196154 256211 340530 457967 622769 858887 1.20137e+06 1.69676e+06 2.41914e+06 3.49231e+06 5.06086e+06 7.33993e+06 1.05784e+07 1.51431e+07 2.16917e+07 3.11734e+07 
172.897 39.1859 70.6327 127.413 230.056 415.644 751.704 1361.39 2469.05 4482.67 8155.32 -580951 17501.6 20976.8 25037.9 30022.1 36230.3 43945.2 53589.8 65996.2 81918.9 102467 129515 165873 214573 280450 373020 502057 683297 943200 1.32049e+06 1.86668e+06 2.66374e+06 3.84855e+06 5.58128e+06 8.10015e+06 1.16801e+07 1.67258e+07 2.39646e+07 3.44458e+07 
121.163 27.4614 49.5007 89.2967 161.24 291.327 526.903 954.317 1730.91 3142.81 5718.27 10352.9 -671475 22672.4 27066.5 32461.1 39183.2 47540 57991.4 71443.4 88718 111024 140408 179939 232934 304684 405616 546455 744483 1.02877e+06 1.44189e+06 2.04052e+06 2.91495e+06 4.21566e+06 6.11926e+06 8.8882e+06 1.28247e+07 1.83722e+07 2.63312e+07 3.78554e+07 
84.2629 19.0986 34.4276 62.1082 112.152 202.646 366.536 663.911 1204.28 2186.83 3979.35 7259.92 13264.9 -777018 29019.2 34811.2 42031.7 51012.1 62249.1 76721.7 95319.4 119351 151034 193700 250954 328551 437844 590534 805492 1.11448e+06 1.56402e+06 2.2162e+06 3.16989e+06 4.58965e+06 6.66923e+06 9.69628e+06 1.40012e+07 2.0067e+07 2.87698e+07 4.13713e+07 
58.0888 13.1666 23.7353 42.8211 77.328 139.732 252.759 457.862 830.603 1508.45 2745.26 5009.18 9154.11 16775 -900497 36612.3 44718.9 54292.9 66279.3 81728.6 101596 127290 161197 206907 268314 351640 469166 633586 865386 1.19907e+06 1.68521e+06 2.39141e+06 3.42541e+06 4.96616e+06 7.2251e+06 1.05159e+07 1.51976e+07 2.17934e+07 3.1257e+07 4.49602e+07 
39.7164 9.00259 16.2297 29.2817 52.8813 95.5639 172.878 313.191 568.219 1032.07 1878.57 3428.34 6266.44 11486 20897.8 -1.04647e+06 47151.9 57270.6 69947 86299.9 107348 134594 170589 219176 284532 373341 498807 674619 922892 1.2809e+06 1.80333e+06 2.56341e+06 3.67797e+06 5.34057e+06 7.78091e+06 1.13393e+07 1.6404e+07 2.35381e+07 3.37745e+07 4.85967e+07 
26.9793 6.11572 11.0259 19.8943 35.9307 64.9374 117.485 212.864 386.248 701.663 1277.39 2331.67 4262.94 7815.91 14385.2 26573.6 -1.21858e+06 59816.9 73097.8 90248.4 112347 140984 178867 230082 299082 393000 525951 712618 976756 1.35845e+06 1.91653e+06 2.73004e+06 3.92512e+06 5.71023e+06 8.33396e+06 1.21642e+07 1.76189e+07 2.53006e+07 3.63232e+07 5.22838e+07 
18.1694 4.1189 7.42636 13.4005 24.2043 43.7487 79.1594 143.442 260.318 472.982 861.245 1572.42 2875.62 5273.98 9710.27 17945.1 33257.3 -1.42458e+06 75782.9 93635.4 116666 146549 186139 239759 312126 410818 550850 747905 1.02739e+06 1.43225e+06 2.02557e+06 2.89234e+06 4.16837e+06 6.07735e+06 8.88757e+06 1.29956e+07 1.88495e+07 2.70915e+07 3.89185e+07 5.6044e+07 
12.1338 2.75082 4.96008 8.95093 16.1689 29.228 52.8923 95.8584 173.992 316.196 575.886 1051.69 1923.91 3529.78 6501.53 12020.8 22290.3 41564.3 -1.6744e+06 95949.4 120366 151365 192506 248335 323839 427033 573839 780960 1.07551e+06 1.50338e+06 2.13207e+06 3.05285e+06 4.41168e+06 6.44819e+06 9.45154e+06 1.38486e+07 2.01191e+07 2.89452e+07 4.16109e+07 5.99505e+07 
8.09028 1.83426 3.30769 5.96961 10.7846 19.4977 35.2892 63.9668 116.129 211.092 384.566 702.518 1285.63 2359.74 4348.54 8044.63 14927.4 27856.2 52044.4 -1.97645e+06 123242 155193 197684 255490 333861 441261 594553 811520 1.12111e+06 1.57239e+06 2.23771e+06 3.21523e+06 4.66225e+06 6.83581e+06 1.00486e+07 1.47612e+07 2.14881e+07 3.09534e+07 4.4537e+07 6.42047e+07 
5.37754 1.21932 2.19899 3.9691 7.17144 12.9673 23.4738 42.5581 77.28 140.513 256.066 467.94 856.707 1573.24 2900.78 5369.8 9971.76 18624.8 35035 66134.1 -2.34945e+06 158583 202370 262106 343330 454991 614973 842269 1.16787e+06 1.64448e+06 2.34991e+06 3.39033e+06 4.93613e+06 7.26432e+06 1.07149e+07 1.57878e+07 2.30374e+07 3.3234e+07 4.78678e+07 6.90544e+07 
3.56715 0.808896 1.45897 2.63372 4.75932 8.60717 15.584 28.2601 51.3298 93.3584 170.192 311.135 569.899 1047.13 1931.93 3578.89 6651.81 12436.3 23419.9 44268.9 84298 -2.81657e+06 204941 269141 353510 469908 637412 876436 1.22039e+06 1.72631e+06 2.47862e+06 3.59311e+06 5.25608e+06 7.76872e+06 1.15043e+07 1.70108e+07 2.48907e+07 3.5969e+07 5.18687e+07 7.48853e+07 
2.37515 0.538652 0.971665 1.75429 3.17063 5.73516 10.3863 18.8394 34.2286 62.2767 113.576 207.726 380.696 699.93 1292.29 2395.95 4457.65 8343.58 15732.9 29785.5 56821.3 108252 -3.41107e+06 277130 365168 487141 663586 916681 1.28288e+06 1.82465e+06 2.63484e+06 3.84155e+06 5.65161e+06 8.39715e+06 1.24944e+07 1.85535e+07 2.72387e+07 3.9443e+07 5.69592e+07 8.23111e+07 
1.59736 0.362302 0.653645 1.18032 2.13365 3.8603 6.9928 12.6877 23.0597 41.9728 76.5826 140.141 256.998 472.853 873.766 1621.58 3020.49 5661.17 10691.1 20278 38766.9 74886.7 145983 -4.16468e+06 378722 507400 694739 965196 1.35916e+06 1.94631e+06 2.83071e+06 4.15705e+06 6.15993e+06 9.21325e+06 1.37917e+07 2.059e+07 3.03558e+07 4.40707e+07 6.37548e+07 9.22356e+07 
1.07959 0.244899 0.441905 0.798114 1.44304 2.61146 4.73193 8.58839 15.6151 28.4353 51.9091 95.0453 174.423 321.186 594.059 1103.68 2058.5 3863.93 7309.34 13892.6 26623.3 51569.3 100850 198558 -5.14722e+06 533476 734751 1.0275e+06 1.45733e+06 2.10348e+06 3.08517e+06 4.56962e+06 6.82941e+06 1.02956e+07 1.55231e+07 2.33232e+07 3.45576e+07 5.03255e+07 7.29557e+07 1.05684e+08 
0.732034 0.166082 0.299736 0.541455 0.979207 1.77254 3.21284 5.83334 10.6104 19.3312 35.3094 64.6928 118.814 218.984 405.443 754.16 1408.64 2648.46 5019.45 9562.21 18373.7 35698.4 70062.3 138536 277818 -6.45701e+06 783065 1.10753e+06 1.58382e+06 2.30708e+06 3.41715e+06 5.11216e+06 7.71739e+06 1.17432e+07 1.78561e+07 2.70307e+07 4.02872e+07 5.88821e+07 8.55685e+07 1.2414e+08 
0.501062 0.113698 0.205239 0.370835 0.670819 1.21468 2.20247 4.00052 7.28006 13.2712 24.2563 44.4743 81.7537 150.836 279.599 520.796 974.38 1835.5 3486.27 6659.31 12835.9 25028.4 49329.1 98041.5 197771 404738 -8.15574e+06 1.19133e+06 1.72136e+06 2.53684e+06 3.8056e+06 5.76848e+06 8.8251e+06 1.35977e+07 2.09123e+07 3.19774e+07 4.80365e+07 7.055e+07 1.02856e+08 1.49502e+08 
0.339731 0.0771037 0.139211 0.251595 0.455246 0.82461 1.49577 2.71807 4.9488 9.02696 16.5105 30.2961 55.7447 102.964 191.104 356.492 668.184 1261.31 2401.35 4600.39 8897.72 17417.6 34489 68938.2 139979 289726 602959 -1.0431e+07 1.86393e+06 2.78485e+06 4.24177e+06 6.53267e+06 1.0159e+07 1.58986e+07 2.47996e+07 3.8401e+07 5.82549e+07 8.60794e+07 1.26002e+08 1.83557e+08 
0.224491 0.0509589 0.0920274 0.166363 0.301113 0.545612 0.990097 1.80001 3.27905 5.9851 10.955 20.1188 37.0563 68.5268 127.36 237.958 446.872 845.418 1613.61 3100.99 6019.77 11833.9 23550.8 47366.9 96871.1 202161 425094 909468 -1.35271e+07 2.98771e+06 4.68237e+06 7.34819e+06 1.16534e+07 1.85863e+07 2.94985e+07 4.63858e+07 7.12192e+07 1.06028e+08 1.55965e+08 2.27814e+08 
0.142193 0.032284 0.0583161 0.10545 0.190921 0.346075 0.628277 1.14278 2.08296 3.80454 6.96916 12.8102 23.6204 43.7353 81.4008 152.345 286.683 543.645 1040.44 2006.21 3909.98 7721.61 15451.2 31287.9 64496.6 135836 288980 626788 1.37816e+06 -1.77917e+07 4.97896e+06 7.99713e+06 1.29986e+07 2.12444e+07 3.4483e+07 5.53226e+07 8.62826e+07 1.29724e+08 1.92047e+08 2.81457e+08 
0.0841565 0.019111 0.0345296 0.0624556 0.113113 0.205113 0.372534 0.677943 1.23641 2.25989 4.14298 7.62223 14.0699 26.0854 48.6219 91.1546 171.897 326.765 627.107 1213.42 2374.61 4711.85 9482.61 19339.8 40204.1 85508.4 184243 405751 917951 2.11608e+06 -2.35829e+07 8.09553e+06 1.35794e+07 2.29349e+07 3.83912e+07 6.33377e+07 1.00982e+08 1.53972e+08 2.30024e+08 3.38654e+08 
0.0448964 0.0101975 0.0184292 0.0333431 0.0604063 0.109579 0.199108 0.362519 0.661529 1.20997 2.21996 4.08793 7.5542 14.0233 26.1769 49.1596 92.8981 177.021 340.668 661.463 1299.78 2591.42 5245.27 10775.3 22592.1 48532.8 105954 237077 546539 1.28948e+06 3.07137e+06 -3.187e+07 1.30368e+07 2.29235e+07 3.98874e+07 6.82107e+07 1.11929e+08 1.73883e+08 2.62942e+08 3.89446e+08 
0.0213097 0.00484111 0.00875105 0.0158372 0.0287002 0.0520822 0.0946754 0.172461 0.314886 0.576335 1.05824 1.9504 3.60808 6.70629 12.5364 23.5828 44.657 85.2981 164.599 320.692 632.719 1267.44 2580.07 5338.47 11289.1 24496.3 54196.7 123267 289795 700767 1.72253e+06 4.35881e+06 -4.42774e+07 2.10515e+07 3.84779e+07 6.88211e+07 1.17148e+08 1.86438e+08 2.86401e+08 4.27482e+08 
0.00880386 0.00200041 0.00361685 0.00654721 0.0118682 0.0215446 0.0391793 0.0714009 0.130434 0.238883 0.438938 0.809648 1.49927 2.78988 5.22216 9.83884 18.6663 35.7319 69.1241 135.098 267.539 538.248 1101.44 2294.15 4889.85 10709.8 23993.2 55427.1 132800 329071 835892 2.20215e+06 6.04856e+06 -6.21614e+07 3.15534e+07 6.02827e+07 1.08767e+08 1.80237e+08 2.84499e+08 4.30573e+08 
0.00311552 0.000708028 0.00128041 0.00231833 0.00420356 0.00763317 0.0138862 0.0253168 0.0462706 0.0847913 0.155903 0.287789 0.5334 0.993625 1.86215 3.51339 6.67723 12.8075 24.8334 48.6748 96.7208 195.359 401.683 841.718 1807.02 3991.41 9044.07 21191 51659.2 130915 342945 939168 2.70969e+06 7.7337e+06 -8.85499e+07 4.59623e+07 8.97497e+07 1.5791e+08 2.60105e+08 4.03109e+08 
0.0009323 0.000211905 0.000383282 0.000694119 0.00125886 0.00228659 0.0041611 0.00758921 0.0138765 0.025442 0.0468073 0.0864615 0.160383 0.299049 0.561058 1.05992 2.01753 3.87676 7.53233 14.8017 29.5017 59.7984 123.477 260.134 562.034 1250.8 2862.83 6792.64 16816 43479 117124 332468 1.00328e+06 3.05861e+06 9.51463e+06 -1.27645e+08 6.45891e+07 1.24775e+08 2.19041e+08 3.53078e+08 
0.000230266 5.23438e-05 9.46903e-05 0.000171511 0.000311111 0.000565225 0.00102885 0.00187701 0.00343317 0.00629716 0.0115907 0.0214213 0.0397614 0.0741942 0.139317 0.263455 0.502091 0.966143 1.88019 3.70219 7.3965 15.0338 31.1468 65.8948 143.083 320.306 738.911 1770.5 4436.12 11651.1 32084.6 93736.6 293430 948189 3.19221e+06 1.10976e+07 -1.81927e+08 8.31826e+07 1.62423e+08 2.82063e+08 
4.57867e-05 1.0409e-05 1.88316e-05 3.41128e-05 6.18859e-05 0.00011245 0.00020472 0.000373554 0.0006834 0.00125382 0.00230848 0.00426784 0.00792497 0.0147948 0.0277957 0.0525957 0.100313 0.193195 0.376349 0.741976 1.48456 3.02262 6.27508 13.3101 28.9904 65.1333 150.987 363.987 918.856 2437.19 6806.37 20260.3 64971.8 218608 781431 2.98275e+06 1.15732e+07 -2.48603e+08 9.78533e+07 1.99288e+08 
7.1528e-06 1.62618e-06 2.94223e-06 5.33014e-06 9.67052e-06 1.75736e-05 3.19973e-05 5.83936e-05 0.000106845 0.000196062 0.000361058 0.000667671 0.00124016 0.002316 0.00435283 0.00824023 0.0157247 0.0303035 0.0590737 0.116567 0.23347 0.475919 0.989431 2.10241 4.58878 10.3349 24.0352 58.1748 147.58 393.955 1110.25 3345.19 10897.8 37676.9 140541 571727 2.46742e+06 1.06843e+07 -3.28895e+08 1.19786e+08 
8.47643e-07 1.92718e-07 3.487e-07 6.31739e-07 1.14624e-06 2.08314e-06 3.79322e-06 6.92313e-06 1.26689e-05 2.32508e-05 4.28241e-05 7.92043e-05 0.000147148 0.000274865 0.00051674 0.000978537 0.00186804 0.00360151 0.00702423 0.0138689 0.027797 0.0567079 0.118005 0.251028 0.548614 1.23743 2.88325 6.99439 17.791 47.651 134.903 408.91 1342.45 4706.1 17976.1 76059.4 353639 1.79586e+06 9.8861e+06 -4.18069e+08 
dt_FE: 2.39194e-09
dt_EA: 2.39194e-09
dt_PE: 2.39194e-09
tolC: 1e-06
dt_grow: 1.03
dt_max: 0.1
steps: 0
