t: 5.20775e-08
dt: 2.39388e-09
N: 0.035701 0.0410912 0.0472494 0.0542786 0.0622869 0.0713712 0.0816543 0.0932647 0.106314 0.120878 0.137092 0.155049 0.174681 0.196031 0.219079 0.243609 0.269177 0.295627 0.32253 0.348581 0.373294 0.395862 0.414703 0.427686 0.434144 0.432523 0.418445 0.391638 0.351171 0.295917 0.229484 0.188471 0.102668 0.0410212 0.0158589 0.00512412 0.00136853 0.000295638 5.00966e-05 6.41515e-06 
eC: 1 1.15749 1.33977 1.55077 1.795 2.07768 2.40489 2.78363 3.22201 3.72944 4.31677 4.99661 5.78351 6.69433 7.7486 8.9689 10.3814 12.0163 13.9087 16.0991 18.6345 21.5692 24.9661 28.8979 33.4489 38.7167 44.814 51.8717 60.0407 69.4963 80.4411 93.1095 107.773 124.746 144.391 167.131 193.452 223.918 259.182 300 
dV: 1.08333 0.211322 0.327712 0.508206 0.788112 1.22218 1.89532 2.93921 4.55805 7.06849 10.9616 16.999 26.3615 40.8807 63.3966 98.3136 152.462 236.434 366.655 568.597 881.764 1367.42 2120.55 3288.49 5099.69 7908.45 12264.2 19019 29494.1 45738.6 70930.1 109996 170579 264529 410225 636165 986546 1.52991e+06 2.37254e+06 3.67926e+06 
kVec: 934522 1.08408e+06 1.25012e+06 1.4416e+06 1.6622e+06 1.91557e+06 2.20637e+06 2.53987e+06 2.92163e+06 3.3565e+06 3.85228e+06 4.41657e+06 5.0532e+06 5.77115e+06 6.57896e+06 7.48263e+06 8.47906e+06 9.58045e+06 1.07927e+07 1.20853e+07 1.34667e+07 1.49334e+07 1.64633e+07 1.79855e+07 1.95386e+07 2.11563e+07 2.26769e+07 2.43021e+07 2.62623e+07 2.89156e+07 3.26629e+07 3.87344e+07 4.90887e+07 6.51637e+07 9.01756e+07 1.28334e+08 1.82044e+08 2.48431e+08 3.28596e+08 4.17731e+08 
cMat: 
-147828 925.855 1087.93 1267.25 1477.29 1724.59 2015.95 2359.49 2766.18 3251.07 3828.53 4518.07 5352.41 6362.22 7587.31 9088.5 10954.7 13269.3 16156.8 19860.5 24600.4 30698.7 38697.7 49405.7 63689.8 82926.9 109819 147118 199237 273584 380984 535727 760520 1.09355e+06 1.5789e+06 2.28239e+06 3.28092e+06 4.68903e+06 6.70885e+06 9.63308e+06 
4682.54 -175577 1246.89 1452.42 1693.17 1976.63 2310.59 2704.37 3170.55 3726.39 4388.36 5178.84 6135.36 7293.1 8697.74 10419 12559 15213.4 18525 22773.3 28210.7 35207.1 44385.4 56674 73069.3 95153.3 126032 168867 228734 314150 437563 615410 873810 1.25668e+06 1.81474e+06 2.6237e+06 3.77199e+06 5.39126e+06 7.71398e+06 1.10768e+07 
3493.06 791.583 -201726 1661.8 1937.26 2261.61 2643.75 3094.36 3627.83 4263.92 5021.5 5926.19 7020.96 8346.12 9953.97 11924.4 14374.4 17413.6 21205.7 26070.9 32298.8 40313.5 50829.4 64911.6 83703.4 109020 144428 193557 262237 360251 501897 706064 1.00277e+06 1.44245e+06 2.08343e+06 3.01272e+06 4.33189e+06 6.19208e+06 8.8604e+06 1.27236e+07 
2576.84 583.957 1052.44 -232263 2212.87 2583.4 3019.96 3534.75 4144.21 4870.96 5736.55 6770.25 8021.23 9535.58 11373.1 13625.2 16425.7 19900 24235.5 29798.8 36921.3 46088.8 58119.4 74233.6 95741.5 124725 165270 221544 300232 412559 574931 809030 1.14931e+06 1.65367e+06 2.38905e+06 3.45537e+06 4.96916e+06 7.10374e+06 1.01657e+07 1.45988e+07 
1897.18 429.937 774.866 1397.57 -267832 2919.3 3443.35 4030.39 4725.42 5554.23 6541.43 7720.42 9147.34 10874.8 12971.1 15540.6 18736.1 22700.9 27649.1 33999.7 42131.6 52600.1 66341.1 84750.5 109328 142456 188814 253174 343198 471745 657618 925672 1.31541e+06 1.89319e+06 2.73581e+06 3.95782e+06 5.69278e+06 8.13914e+06 1.16483e+07 1.6729e+07 
1394.35 315.988 569.504 1027.19 1837.89 -309121 3916 4583.72 5374.31 6317.13 7440.19 8781.53 10405.1 12370.7 14756.3 17680.7 21318.1 25831.9 31466 38698.4 47961.3 59888.4 75547.9 96533.9 124559 162347 215245 288711 391508 538350 750750 1.05716e+06 1.50282e+06 2.16365e+06 3.12762e+06 4.52592e+06 6.51135e+06 9.31077e+06 1.33265e+07 1.91405e+07 
1022.4 231.7 417.598 753.212 1359.82 2456.41 -356990 5199.18 6096.11 7165.82 8440.1 9962.17 11804.6 14035.6 16743.4 20063.3 24193.4 29319.2 35718.5 43935 54460.9 68017.7 85822 109690 141576 184584 244816 328502 445649 613063 855316 1.20493e+06 1.71362e+06 2.46811e+06 3.56903e+06 5.16637e+06 7.43466e+06 1.06328e+07 1.52204e+07 2.18626e+07 
747.485 169.4 305.317 550.702 994.234 1796.05 3247.71 -412417 6823.51 8105.87 9547.76 11270.2 13355.4 15880.6 18945.9 22704.7 27381.5 33187.1 40436.4 49746.9 61677.3 77047.4 97240 124321 160511 209346 277772 372886 506096 696559 972291 1.3704e+06 1.94988e+06 2.80966e+06 4.06461e+06 5.88594e+06 8.47262e+06 1.21194e+07 1.73509e+07 2.49252e+07 
544.793 123.466 222.533 401.392 724.685 1309.15 2367.35 4242.04 -476721 9138.34 10764.5 12707.1 15059.3 17908.2 21366.9 25608.8 30887.9 37442.5 45628.8 56146.1 69627 87000.4 109834 140469 181429 236726 314249 422068 573156 789303 1.10238e+06 1.55465e+06 2.21329e+06 3.19087e+06 4.6183e+06 6.69061e+06 9.63416e+06 1.37839e+07 1.97368e+07 2.83559e+07 
395.909 89.7261 161.724 291.714 526.684 951.493 1720.65 3115.9 5650.47 -550987 12083.3 14265 16907 20107.4 23993.6 28760.8 34695.1 42065 51272.3 63105.5 78278.9 97841.2 123563 158093 204285 266680 354215 476038 646864 891420 1.24588e+06 1.75823e+06 2.50483e+06 3.61344e+06 5.23293e+06 7.58499e+06 1.09265e+07 1.56368e+07 2.23942e+07 3.21781e+07 
286.498 64.9312 117.036 211.112 381.17 688.636 1245.36 2255.31 4090.06 7425.14 -637049 15947.6 18903.1 22484 26833 32169.1 38813.5 47067.8 57383 70645.8 87659.5 109604 138474 177253 229161 299325 397833 535031 727566 1.00342e+06 1.40353e+06 1.98228e+06 2.82622e+06 4.07998e+06 5.91248e+06 8.57506e+06 1.23584e+07 1.76913e+07 2.53418e+07 3.64191e+07 
206.296 46.7554 84.2768 152.026 274.496 495.934 896.91 1624.36 2946 5348.59 9730.68 -736917 20882.4 25028.9 29874.5 35821.4 43228.9 52434.1 63941.8 78744.7 97743.2 122260 154533 197914 256022 334624 445076 599039 815290 1.1254e+06 1.57557e+06 2.22727e+06 3.1783e+06 4.59198e+06 6.65942e+06 9.66485e+06 1.39364e+07 1.99567e+07 2.85938e+07 4.10996e+07 
147.951 33.5327 60.4448 109.039 196.888 355.737 643.395 1165.31 2113.59 3837.65 6982.52 12641.8 -852504 27685 33050.6 39637.9 47846.2 58050.5 70812.6 87238.7 108332 135570 171451 219721 284433 372046 495293 667270 909080 1.25622e+06 1.76067e+06 2.49166e+06 3.55941e+06 5.14769e+06 7.47216e+06 1.08533e+07 1.56601e+07 2.24341e+07 3.21527e+07 4.62248e+07 
105.517 23.916 43.1115 77.7741 140.44 253.761 458.989 831.372 1508.04 2738.43 4983.08 9091.13 16610.8 -986858 36338.9 43591.8 52633.6 63879.2 77950.6 96073.6 119362 149456 189131 242558 314253 411424 548284 739487 1.00867e+06 1.39559e+06 1.95853e+06 2.7752e+06 3.96945e+06 5.74733e+06 8.35145e+06 1.2142e+07 1.75328e+07 2.51286e+07 3.60266e+07 5.18066e+07 
74.7413 16.9411 30.5396 55.0968 99.496 179.79 325.218 589.12 1068.72 1940.88 3532.26 6445.18 11778.4 21584 -1.14327e+06 47108.2 57538.7 69857.3 85279.9 105158 130722 163781 207408 266222 345232 452446 603664 815219 1.11347e+06 1.54281e+06 2.16832e+06 3.07697e+06 4.40738e+06 6.38983e+06 9.29635e+06 1.35305e+07 1.95544e+07 2.8041e+07 4.02176e+07 5.78491e+07 
52.5852 11.9196 21.4884 38.7695 70.0157 126.528 228.893 414.67 752.331 1366.48 2487.26 4539.17 8296.87 15207.7 27669.1 -1.32688e+06 62429.9 75827.2 92610.9 114262 142131 178205 225862 290192 376725 494309 660429 893207 1.22192e+06 1.69594e+06 2.38764e+06 3.394e+06 4.86969e+06 7.07101e+06 1.0302e+07 1.50135e+07 2.17192e+07 3.11649e+07 4.4718e+07 6.43429e+07 
36.7784 8.33702 15.0307 27.1201 48.9811 88.5234 160.157 290.179 526.537 956.515 1741.35 3178.55 5811.29 10654.7 19610.1 36225.5 -1.54112e+06 81543 99647.6 123028 153152 192191 243833 313650 407712 535741 716982 971449 1.33152e+06 1.85185e+06 2.61264e+06 3.72162e+06 5.35077e+06 7.78425e+06 1.13609e+07 1.65824e+07 2.40183e+07 3.449e+07 4.95161e+07 7.12739e+07 
25.4989 5.78045 10.4221 18.8062 33.9683 61.3967 111.092 201.307 365.33 663.782 1208.67 2206.73 4035.63 7401.48 13627.4 25184.1 46673.1 -1.79427e+06 106354 131408 163728 205666 261228 336477 438037 576541 773062 1.04961e+06 1.44184e+06 2.01002e+06 2.84268e+06 4.0591e+06 5.84988e+06 8.52894e+06 1.24728e+07 1.8238e+07 2.64534e+07 3.80201e+07 5.46182e+07 7.86519e+07 
17.5054 3.9686 7.1559 12.9135 23.3268 42.1672 76.3077 138.295 251.018 456.175 830.83 1517.28 2775.63 5092.41 9379.75 17342.4 32158.2 59964.8 -2.0964e+06 138426 173652 218375 277728 358273 467203 616080 827877 1.12669e+06 1.55164e+06 2.16892e+06 3.07594e+06 4.40434e+06 6.36473e+06 9.30279e+06 1.36357e+07 1.99794e+07 2.90258e+07 4.17592e+07 6.0032e+07 8.64905e+07 
11.9486 2.70903 4.88514 8.81656 15.9279 28.7962 52.1189 94.4731 171.512 311.763 567.968 1037.55 1898.75 3485.11 6422.39 11881.2 22046.3 41141 76864.7 -2.45481e+06 182017 229205 291961 377334 493081 651702 878099 1.19854e+06 1.65577e+06 2.32228e+06 3.30488e+06 4.74859e+06 6.88571e+06 1.00959e+07 1.48408e+07 2.18009e+07 3.1736e+07 4.57152e+07 6.57769e+07 9.48243e+07 
8.08101 1.83231 3.30449 5.9645 10.7768 19.4863 35.2749 63.9535 116.131 211.154 384.798 703.189 1287.4 2364.16 4359.11 8069.37 14984.9 27988.1 52648.3 99381.9 -2.88813e+06 238308 304108 393876 515934 683730 924140 1.2657e+06 1.75499e+06 2.47121e+06 3.53129e+06 5.09476e+06 7.41768e+06 1.09163e+07 1.61016e+07 2.37249e+07 3.46191e+07 4.99418e+07 7.19325e+07 1.0377e+08 
5.40722 1.22616 2.21156 3.9923 7.21436 13.0471 23.6229 42.8378 77.8078 141.516 257.984 471.63 863.876 1587.28 2928.5 5425.02 10083.1 18851.4 35500.9 67104.6 127782 -3.41787e+06 310658 407975 535864 712305 966215 1.32854e+06 1.84992e+06 2.61682e+06 3.7572e+06 5.44657e+06 7.96737e+06 1.17761e+07 1.74386e+07 2.57857e+07 3.77303e+07 5.45232e+07 7.86246e+07 1.13514e+08 
3.58863 0.813852 1.46809 2.65057 4.79053 8.66528 15.6928 28.4645 51.7162 94.0942 171.602 313.854 575.196 1057.53 1952.52 3620.06 6735.09 12606.4 23770.9 45003.1 85851.5 163558 -4.07729e+06 418717 551734 736023 1.00262e+06 1.38502e+06 1.9383e+06 2.75687e+06 3.98099e+06 5.80422e+06 8.53905e+06 1.26873e+07 1.88778e+07 2.80326e+07 4.1155e+07 5.95946e+07 8.60599e+07 1.24364e+08 
2.36988 0.53752 0.969764 1.75115 3.16555 5.72724 10.3747 18.8238 34.212 62.2719 113.62 207.916 381.288 701.538 1296.34 2405.82 4481.28 8399.07 15861.6 30084.9 57515.5 111104 216584 -4.8935e+06 561882 752791 1.03073e+06 1.43199e+06 2.01649e+06 2.8876e+06 4.19971e+06 6.16751e+06 9.13903e+06 1.3669e+07 2.04617e+07 3.05479e+07 4.50367e+07 6.53844e+07 9.45883e+07 1.36843e+08 
1.54879 0.351334 0.633958 1.14498 2.0702 3.74641 6.78845 12.3209 22.4015 40.7933 74.469 136.352 250.227 460.775 852.239 1583.35 2953.14 5543.21 10486 19930.3 38193.9 73981.6 144680 284852 -5.93358e+06 765327 1.05408e+06 1.47406e+06 2.09069e+06 3.01766e+06 4.42601e+06 6.55559e+06 9.79751e+06 1.47701e+07 2.22695e+07 3.34595e+07 4.95765e+07 7.21972e+07 1.04663e+08 1.51615e+08 
1.0002 0.226922 0.409537 0.739803 1.33792 2.42187 4.38978 7.97024 14.4972 26.4127 48.2441 88.3913 162.338 299.203 553.967 1030.43 1924.65 3618.66 6858.19 13065.1 25104.5 48775.6 95727.8 189285 379590 -7.29331e+06 1.06992e+06 1.51324e+06 2.16402e+06 3.15223e+06 4.66894e+06 6.98487e+06 1.05445e+07 1.6045e+07 2.43973e+07 3.69328e+07 5.50455e+07 8.04521e+07 1.16914e+08 1.69615e+08 
0.643859 0.146101 0.263729 0.476519 0.861994 1.56085 2.83015 5.14062 9.35479 17.0533 31.1691 57.1489 105.052 193.822 359.281 669.216 1252.07 2358.59 4479.81 8557.13 16494 32161.1 63387.3 125982 254133 520084 -9.02876e+06 1.53084e+06 2.21192e+06 3.2598e+06 4.89014e+06 7.41243e+06 1.13401e+07 1.74729e+07 2.6872e+07 4.10906e+07 6.17263e+07 9.06558e+07 1.32169e+08 1.92108e+08 
0.407777 0.0925471 0.167094 0.301988 0.546429 0.989773 1.79536 3.26248 5.94001 10.835 19.8174 36.3642 66.9099 123.587 229.381 427.895 802.017 1513.95 2882.32 5521.82 10679.9 20906.2 41396.9 82746 168015 347756 723728 -1.13264e+07 2.23726e+06 3.34263e+06 5.09137e+06 7.84112e+06 1.21938e+07 1.90829e+07 2.97668e+07 4.60924e+07 6.99229e+07 1.03321e+08 1.51239e+08 2.20322e+08 
0.251685 0.0571319 0.103175 0.186516 0.337588 0.611706 1.11003 2.01806 3.67626 6.71011 12.282 22.5559 41.5451 76.8279 142.788 266.783 501.005 947.829 1809.08 3476.63 6748.98 13267.4 26403.7 53104.7 108606 226650 476588 1.01964e+06 -1.44283e+07 3.34963e+06 5.24957e+06 8.23833e+06 1.3065e+07 2.08377e+07 3.30719e+07 5.20048e+07 7.98464e+07 1.18871e+08 1.74857e+08 2.5541e+08 
0.150207 0.0341035 0.0616027 0.111393 0.201681 0.365578 0.663685 1.20718 2.20035 4.01895 7.36193 13.5322 24.9516 46.2002 85.9884 160.93 302.84 574.284 1099.07 2119.27 4130.34 8156.78 16322 33051.3 68131.5 143492 305267 662112 1.45583e+06 -1.86881e+07 5.25957e+06 8.44783e+06 1.37312e+07 2.24417e+07 3.64263e+07 5.84405e+07 9.11453e+07 1.37035e+08 2.0287e+08 2.9732e+08 
0.0850571 0.0193155 0.0348991 0.0631239 0.114323 0.207308 0.37652 0.685198 1.24964 2.28408 4.18732 7.7038 14.2205 26.3645 49.1422 92.1301 173.736 330.262 633.817 1226.4 2400.02 4762.27 9584.09 19546.8 40634.3 86423.5 186215 410093 927774 2.13872e+06 -2.44695e+07 8.18217e+06 1.37248e+07 2.31804e+07 3.8802e+07 6.40155e+07 1.02063e+08 1.55619e+08 2.32485e+08 3.42278e+08 
0.0429154 0.00974756 0.0176161 0.0318719 0.057741 0.104744 0.190322 0.346523 0.63234 1.15658 2.12201 3.90755 7.22089 13.4045 25.0219 46.9905 88.7992 169.21 325.636 632.277 1242.43 2477.07 5013.83 10299.8 21595.3 46391.4 101279 226616 522424 1.23258e+06 2.93585e+06 -3.29202e+07 1.24615e+07 2.1912e+07 3.81275e+07 6.5201e+07 1.0699e+08 1.66211e+08 2.5134e+08 3.72262e+08 
0.0207554 0.0047152 0.00852346 0.0154253 0.0279538 0.0507277 0.0922131 0.167975 0.306696 0.561346 1.03071 1.89967 3.51424 6.53187 12.2104 22.9695 43.4955 83.0797 160.319 312.351 616.263 1234.48 2512.97 5199.63 10995.5 23859.2 52787.1 120062 282258 682542 1.67773e+06 4.24544e+06 -4.50991e+07 2.0504e+07 3.74772e+07 6.70312e+07 1.14102e+08 1.81589e+08 2.78952e+08 4.16364e+08 
0.00874793 0.00198771 0.00359387 0.00650561 0.0117928 0.0214077 0.0389304 0.0709473 0.129605 0.237366 0.436149 0.804504 1.48974 2.77216 5.18898 9.77633 18.5477 35.5049 68.685 134.24 265.84 534.829 1094.44 2279.58 4858.79 10641.8 23840.7 55075 131957 326980 830581 2.18816e+06 6.01013e+06 -6.26348e+07 3.1353e+07 5.98997e+07 1.08076e+08 1.79092e+08 2.82692e+08 4.27838e+08 
0.00310735 0.000706171 0.00127705 0.00231224 0.00419254 0.00761315 0.0138497 0.0252504 0.0461492 0.0845688 0.155494 0.287034 0.532001 0.991019 1.85726 3.50418 6.65972 12.7739 24.7682 48.5472 96.4671 194.846 400.629 839.51 1802.28 3980.94 9020.35 21135.4 51523.7 130572 342046 936705 2.70259e+06 7.71342e+06 -8.88136e+07 4.58417e+07 8.95142e+07 1.57496e+08 2.59423e+08 4.02052e+08 
0.000931491 0.000211721 0.00038295 0.000693517 0.00125777 0.00228461 0.00415749 0.00758263 0.0138644 0.0254199 0.0467667 0.0863866 0.160244 0.29879 0.560571 1.059 2.01578 3.87339 7.5258 14.7889 29.4761 59.7466 123.37 259.908 561.546 1249.71 2860.35 6786.74 16801.4 43441.3 117023 332180 1.00241e+06 3.05596e+06 9.50638e+06 -1.27701e+08 6.45331e+07 1.24666e+08 2.18851e+08 3.52771e+08 
0.000230212 5.23316e-05 9.46682e-05 0.000171471 0.000311038 0.000565093 0.00102861 0.00187657 0.00343237 0.00629569 0.011588 0.0214163 0.0397521 0.0741769 0.139285 0.263393 0.501974 0.965918 1.87975 3.70132 7.39477 15.0303 31.1395 65.8794 143.049 320.231 738.739 1770.09 4435.09 11648.4 32077.1 93714.7 293361 947968 3.19147e+06 1.1095e+07 -1.81801e+08 8.31632e+07 1.62386e+08 2.81997e+08 
4.57844e-05 1.04085e-05 1.88307e-05 3.41111e-05 6.18828e-05 0.000112444 0.000204709 0.000373536 0.000683365 0.00125376 0.00230836 0.00426762 0.00792457 0.0147941 0.0277943 0.052593 0.100308 0.193186 0.37633 0.741939 1.48448 3.02247 6.27476 13.3094 28.9889 65.13 150.98 363.969 918.809 2437.06 6806.02 20259.3 64968.5 218597 781392 2.9826e+06 1.15727e+07 -2.48359e+08 9.78483e+07 1.99278e+08 
7.15274e-06 1.62617e-06 2.9422e-06 5.3301e-06 9.67044e-06 1.75734e-05 3.1997e-05 5.83931e-05 0.000106844 0.000196061 0.000361055 0.000667666 0.00124015 0.00231598 0.0043528 0.00824016 0.0157246 0.0303032 0.0590732 0.116566 0.233468 0.475915 0.989423 2.10239 4.58874 10.3348 24.0349 58.1743 147.579 393.952 1110.24 3345.16 10897.7 37676.6 140540 571722 2.4674e+06 1.06842e+07 -3.2858e+08 1.19785e+08 
8.47643e-07 1.92718e-07 3.487e-07 6.31739e-07 1.14624e-06 2.08314e-06 3.79322e-06 6.92312e-06 1.26689e-05 2.32508e-05 4.2824e-05 7.92042e-05 0.000147148 0.000274864 0.000516739 0.000978535 0.00186803 0.0036015 0.00702422 0.0138689 0.027797 0.0567079 0.118005 0.251027 0.548613 1.23743 2.88325 6.99439 17.791 47.6509 134.903 408.909 1342.45 4706.09 17976.1 76059.3 353639 1.79586e+06 9.88609e+06 -4.17729e+08 
dt_FE: 2.39388e-09
dt_EA: 2.39388e-09
dt_PE: 2.39388e-09
tolC: 1e-06
dt_grow: 1.03
dt_max: 0.1
steps: 0
