t: 4.48948e-08
dt: 2.39439e-09
N: 0.0303415 0.0349409 0.0402019 0.046215 0.0530761 0.0608732 0.0697172 0.0797263 0.0910062 0.103635 0.117746 0.133438 0.150676 0.169524 0.189998 0.211945 0.235015 0.259108 0.28389 0.308221 0.331693 0.353599 0.372495 0.386391 0.394665 0.395879 0.385773 0.364103 0.329935 0.281799 0.222981 0.20089 0.111804 0.0419356 0.0163203 0.00529102 0.00141449 0.000305607 5.17846e-05 6.63094e-06 
eC: 1 1.15749 1.33977 1.55077 1.795 2.07768 2.40489 2.78363 3.22201 3.72944 4.31677 4.99661 5.78351 6.69433 7.7486 8.9689 10.3814 12.0163 13.9087 16.0991 18.6345 21.5692 24.9661 28.8979 33.4489 38.7167 44.814 51.8717 60.0407 69.4963 80.4411 93.1095 107.773 124.746 144.391 167.131 193.452 223.918 259.182 300 
dV: 1.08333 0.211322 0.327712 0.508206 0.788112 1.22218 1.89532 2.93921 4.55805 7.06849 10.9616 16.999 26.3615 40.8807 63.3966 98.3136 152.462 236.434 366.655 568.597 881.764 1367.42 2120.55 3288.49 5099.69 7908.45 12264.2 19019 29494.1 45738.6 70930.1 109996 170579 264529 410225 636165 986546 1.52991e+06 2.37254e+06 3.67926e+06 
kVec: 922725 1.07054e+06 1.2346e+06 1.42385e+06 1.64194e+06 1.8925e+06 2.18017e+06 2.51021e+06 2.88819e+06 3.319e+06 3.81046e+06 4.37026e+06 5.00242e+06 5.7161e+06 6.52012e+06 7.42093e+06 8.41615e+06 9.51858e+06 1.07351e+07 1.20368e+07 1.34334e+07 1.49231e+07 1.64856e+07 1.80522e+07 1.9662e+07 2.1349e+07 2.29488e+07 2.46572e+07 2.66951e+07 2.94028e+07 3.31592e+07 3.91754e+07 4.94216e+07 6.53787e+07 9.02913e+07 1.28369e+08 1.82017e+08 2.48368e+08 3.28514e+08 4.17643e+08 
cMat: 
-153979 931.001 1093.98 1274.29 1485.5 1734.18 2027.15 2372.6 2781.55 3269.14 3849.81 4543.18 5382.16 6397.58 7629.48 9139.02 11015.6 13343 16246.6 19970.9 24737.2 30869.3 38912.8 49680.3 64043.8 83387.8 110430 147936 200345 275105 383101 538705 764747 1.09963e+06 1.58768e+06 2.29508e+06 3.29915e+06 4.71509e+06 6.74613e+06 9.68662e+06 
4712.57 -182749 1254.89 1461.74 1704.03 1989.31 2325.41 2721.72 3190.88 3750.29 4416.51 5212.06 6174.71 7339.88 8753.53 10485.9 12639.6 15311 18643.8 22919.3 28391.6 35432.9 44670.1 57037.5 73538 95763.5 126840 169950 230201 316165 440369 619357 879414 1.26474e+06 1.82638e+06 2.64053e+06 3.79618e+06 5.42584e+06 7.76346e+06 1.11478e+07 
3518.9 797.438 -210051 1674.09 1951.59 2278.34 2663.31 3117.25 3654.67 4295.46 5058.65 5970.02 7072.89 8407.85 10027.6 12012.6 14480.8 17542.4 21362.5 26263.7 32537.7 40611.7 51205.4 65391.7 84322.5 109827 145496 194989 264177 362916 505610 711287 1.01018e+06 1.45312e+06 2.09884e+06 3.035e+06 4.36393e+06 6.23788e+06 8.92594e+06 1.28177e+07 
2598.82 588.936 1061.42 -241937 2231.74 2605.43 3045.71 3564.89 4179.55 4912.49 5785.46 6827.98 8089.63 9616.88 11470.1 13741.4 16565.8 20069.7 24442.1 30052.8 37236.1 46481.7 58615 74866.5 96557.8 125788 166679 223432 302792 416076 579833 815928 1.15911e+06 1.66777e+06 2.40942e+06 3.48483e+06 5.01153e+06 7.16431e+06 1.02524e+07 1.47232e+07 
1915.82 434.16 782.477 1411.3 -279083 2947.98 3477.17 4069.98 4771.83 5608.78 6605.68 7796.26 9237.19 10981.6 13098.5 15693.2 18920.1 22923.9 27920.7 34333.6 42545.4 53116.8 66992.7 85582.9 110402 143855 190669 255661 346569 476379 664077 934765 1.32833e+06 1.91179e+06 2.76268e+06 3.9967e+06 5.7487e+06 8.21908e+06 1.17628e+07 1.68933e+07 
1410.11 319.56 575.942 1038.8 1858.67 -322211 3960.27 4635.54 5435.06 6388.54 7524.3 8880.8 10522.7 12510.6 14923.1 17880.6 21559.1 26123.9 31821.7 39135.8 48503.5 60565.5 76402 97625.2 125968 164182 217678 291975 395934 544436 759237 1.06911e+06 1.51981e+06 2.18811e+06 3.16298e+06 4.57709e+06 6.58496e+06 9.41603e+06 1.34771e+07 1.93569e+07 
1035.69 234.712 423.026 763.003 1377.49 2488.34 -372230 5266.76 6175.35 7258.96 8549.81 10091.7 11958.1 14218 16961.1 20324.1 24507.8 29700.3 36182.8 44506.1 55168.8 68901.8 86937.5 111116 143416 186984 247999 332772 451442 621032 866434 1.22059e+06 1.73589e+06 2.50019e+06 3.61542e+06 5.23353e+06 7.5313e+06 1.0771e+07 1.54183e+07 2.21468e+07 
758.645 171.929 309.876 558.925 1009.08 1822.87 3296.2 -430172 6925.39 8226.89 9690.32 11438.4 13554.8 16117.7 19228.8 23043.7 27790.4 33682.6 41040.2 50489.6 62598.2 78197.8 98691.8 126177 162908 212472 281919 378454 513653 706959 986808 1.39086e+06 1.979e+06 2.85161e+06 4.1253e+06 5.97382e+06 8.59912e+06 1.23004e+07 1.76099e+07 2.52974e+07 
554.125 125.581 226.344 408.267 737.098 1331.58 2407.9 4314.7 -497420 9294.86 10948.8 12924.8 15317.3 18214.9 21732.9 26047.5 31416.9 38083.8 46410.4 57107.7 70819.6 88490.6 111715 142875 184537 240781 319632 429298 582973 802822 1.12127e+06 1.58128e+06 2.2512e+06 3.24553e+06 4.6974e+06 6.80521e+06 9.79918e+06 1.402e+07 2.00749e+07 2.88416e+07 
403.674 91.4859 164.895 297.436 537.014 970.154 1754.4 3177.02 5761.29 -575117 12320.3 14544.8 17238.6 20501.8 24464.2 29324.9 35375.6 42890.1 52277.9 64343.2 79814.2 99760.1 125986 161194 208291 271911 361162 485374 659551 908903 1.27031e+06 1.79272e+06 2.55396e+06 3.68431e+06 5.33557e+06 7.73375e+06 1.11408e+07 1.59435e+07 2.28334e+07 3.28092e+07 
292.921 66.3869 119.659 215.845 389.716 704.074 1273.28 2305.87 4181.75 7591.6 -665195 16305.1 19326.9 22988 27434.5 32890.3 39683.7 48123 58669.5 72229.6 89624.8 112061 141578 181227 234299 306036 406752 547026 743877 1.02591e+06 1.43499e+06 2.02673e+06 2.88958e+06 4.17145e+06 6.04504e+06 8.76731e+06 1.26355e+07 1.80879e+07 2.591e+07 3.72356e+07 
211.572 47.9513 86.4323 155.914 281.517 508.619 919.85 1665.91 3021.35 5485.39 9979.56 -769761 21416.5 25669 30638.5 36737.6 44334.6 53775.2 65577.2 80758.7 100243 125387 158486 202976 262570 343183 456459 614361 836142 1.15418e+06 1.61587e+06 2.28424e+06 3.25959e+06 4.70943e+06 6.82974e+06 9.91205e+06 1.42928e+07 2.04671e+07 2.93251e+07 4.21508e+07 
152.254 34.5081 62.2029 112.211 202.615 366.084 662.109 1199.2 2175.07 3949.27 7185.61 13009.5 -890805 28490.2 34011.9 40790.8 49237.8 59739 72872.3 89776.1 111483 139514 176438 226112 292706 382868 509699 686678 935521 1.29276e+06 1.81188e+06 2.56413e+06 3.66294e+06 5.29742e+06 7.68949e+06 1.1169e+07 1.61156e+07 2.30866e+07 3.30879e+07 4.75693e+07 
108.996 24.7045 44.5329 80.3383 145.071 262.128 474.122 858.783 1557.76 2828.71 5147.37 9390.86 17158.5 -1.03151e+06 37537 45029 54368.9 65985.3 80520.6 99241.2 123298 154383 195366 250555 324614 424988 566361 763868 1.04192e+06 1.4416e+06 2.0231e+06 2.8667e+06 4.10032e+06 5.93682e+06 8.62679e+06 1.25424e+07 1.81108e+07 2.5957e+07 3.72144e+07 5.35147e+07 
77.5246 17.5719 31.6769 57.1485 103.201 186.485 337.329 611.058 1108.51 2013.16 3663.79 6685.2 12217 22387.7 -1.19528e+06 48862.4 59681.4 72458.7 88455.6 109074 135590 169880 215132 276135 358088 469294 626144 845577 1.15493e+06 1.60027e+06 2.24907e+06 3.19155e+06 4.57151e+06 6.62778e+06 9.64254e+06 1.40344e+07 2.02826e+07 2.90853e+07 4.17153e+07 6.00034e+07 
54.7865 12.4185 22.3879 40.3924 72.9466 131.825 238.475 432.028 783.824 1423.68 2591.38 4729.19 8644.18 15844.3 28827.3 -1.38743e+06 65043.3 79001.4 96487.7 119046 148081 185664 235317 302340 392495 515001 688075 930597 1.27307e+06 1.76693e+06 2.48759e+06 3.53608e+06 5.07354e+06 7.36701e+06 1.07333e+07 1.56419e+07 2.26284e+07 3.24695e+07 4.65899e+07 6.70363e+07 
38.4976 8.72673 15.7333 28.3878 51.2707 92.6613 167.644 303.743 551.15 1001.23 1822.75 3327.13 6082.93 11152.8 20526.8 37918.8 -1.61141e+06 85354.7 104306 128778 160311 201174 255231 328312 426770 560784 750497 1.01686e+06 1.39376e+06 1.93841e+06 2.73476e+06 3.89559e+06 5.60088e+06 8.14812e+06 1.1892e+07 1.73575e+07 2.5141e+07 3.61022e+07 5.18307e+07 7.46055e+07 
26.8209 6.08013 10.9625 19.7812 35.7294 64.5799 116.852 211.743 384.271 698.195 1271.33 2321.14 4244.86 7785.21 14333.9 26489.8 49092.9 -1.87568e+06 111867 138221 172217 216329 274771 353921 460747 606431 813141 1.10402e+06 1.51659e+06 2.11423e+06 2.99006e+06 4.26955e+06 6.15316e+06 8.97112e+06 1.31194e+07 1.91835e+07 2.78248e+07 3.99913e+07 5.74498e+07 8.27296e+07 
18.5038 4.19496 7.56405 13.65 24.6573 44.5723 80.66 146.183 265.335 482.194 878.217 1603.82 2933.94 5382.86 9914.74 18331.5 33992.4 63385 -2.19044e+06 146321 183556 230830 293569 378708 493850 651219 875096 1.19095e+06 1.64014e+06 2.29263e+06 3.25138e+06 4.65555e+06 6.72775e+06 9.83339e+06 1.44135e+07 2.11189e+07 3.06814e+07 4.4141e+07 6.34561e+07 9.14236e+07 
12.6889 2.87687 5.18781 9.36281 16.9148 30.5804 55.348 100.326 182.138 331.079 603.158 1101.84 2016.39 3701.04 6820.3 12617.3 23412.3 43689.9 81627 -2.56283e+06 193294 243406 310051 400713 523631 692079 932503 1.2728e+06 1.75835e+06 2.46616e+06 3.50964e+06 5.0428e+06 7.31232e+06 1.07214e+07 1.57603e+07 2.31516e+07 3.37022e+07 4.85476e+07 6.98523e+07 1.00699e+08 
8.61744 1.95394 3.52384 6.36043 11.4921 20.7799 37.6165 68.1987 123.84 225.17 410.341 749.867 1372.86 2521.09 4648.47 8605.02 15979.6 29846 56143.1 105979 -3.01155e+06 254128 324295 420021 550182 729116 985485 1.34972e+06 1.87149e+06 2.63525e+06 3.7657e+06 5.43296e+06 7.91007e+06 1.1641e+07 1.71704e+07 2.52998e+07 3.69171e+07 5.3257e+07 7.67075e+07 1.10659e+08 
5.78549 1.31193 2.36628 4.27159 7.71905 13.9598 25.2755 45.8346 83.2509 151.416 276.031 504.624 924.309 1698.32 3133.36 5804.54 10788.5 20170.2 37984.4 71799 136721 -3.55786e+06 332391 436516 573351 762135 1.03381e+06 1.42148e+06 1.97934e+06 2.79988e+06 4.02003e+06 5.82759e+06 8.52474e+06 1.26e+07 1.86586e+07 2.75895e+07 4.03698e+07 5.83374e+07 8.41249e+07 1.21455e+08 
3.84742 0.872541 1.57396 2.84171 5.13599 9.29016 16.8244 30.5172 55.4456 100.88 183.977 336.487 616.675 1133.79 2093.32 3881.11 7220.78 13515.4 25485.1 48248.4 92042.5 175353 -4.23507e+06 448912 591521 789100 1.07492e+06 1.4849e+06 2.07808e+06 2.95568e+06 4.26807e+06 6.22278e+06 9.15482e+06 1.36022e+07 2.02392e+07 3.00541e+07 4.41229e+07 6.38921e+07 9.22659e+07 1.33333e+08 
2.54087 0.576305 1.03974 1.8775 3.39395 6.14048 11.1233 20.182 36.6805 66.7651 121.818 222.918 408.8 752.157 1389.88 2579.41 4804.62 9005.09 17006 32255.7 61665.5 119120 232211 -5.06925e+06 602424 807109 1.10511e+06 1.53531e+06 2.16199e+06 3.09596e+06 4.50274e+06 6.61252e+06 9.79845e+06 1.46553e+07 2.19381e+07 3.2752e+07 4.82863e+07 7.01022e+07 1.01413e+08 1.46717e+08 
1.65685 0.375846 0.678189 1.22486 2.21463 4.0078 7.26207 13.1806 23.9645 43.6395 79.6646 145.866 267.685 492.922 911.699 1693.81 3159.17 5929.95 11217.6 21320.8 40858.6 79143.2 154774 304726 -6.12692e+06 818723 1.12762e+06 1.5769e+06 2.23655e+06 3.2282e+06 4.7348e+06 7.01297e+06 1.04811e+07 1.58006e+07 2.38232e+07 3.5794e+07 5.30355e+07 7.72344e+07 1.11965e+08 1.62193e+08 
1.06478 0.241575 0.435983 0.787576 1.42431 2.57826 4.67325 8.48491 15.4334 28.1182 51.3595 94.0992 172.821 318.524 589.739 1096.97 2048.94 3852.33 7301.06 13908.8 26725.6 51925.2 101909 201508 404102 -7.50313e+06 1.13901e+06 1.61096e+06 2.30376e+06 3.35578e+06 4.97043e+06 7.43591e+06 1.12254e+07 1.70811e+07 2.59727e+07 3.93177e+07 5.86e+07 8.56473e+07 1.24464e+08 1.80568e+08 
0.680031 0.154309 0.278545 0.50329 0.910421 1.64854 2.98915 5.42942 9.88035 18.0114 32.9201 60.3596 110.954 204.711 379.465 706.813 1322.41 2491.1 4731.49 9037.88 17420.7 33968 66948.4 133060 268410 549302 -9.25206e+06 1.61685e+06 2.33619e+06 3.44294e+06 5.16487e+06 7.82886e+06 1.19772e+07 1.84545e+07 2.83817e+07 4.33991e+07 6.51941e+07 9.57489e+07 1.39594e+08 2.02901e+08 
0.426233 0.0967358 0.174657 0.315656 0.571161 1.03457 1.87662 3.41015 6.20886 11.3254 20.7143 38.0101 69.9383 129.181 239.763 447.262 838.317 1582.47 3012.78 5771.74 11163.2 21852.5 43270.6 86491.2 175620 363496 756484 -1.15591e+07 2.33852e+06 3.49392e+06 5.32181e+06 8.19602e+06 1.27457e+07 1.99466e+07 3.11141e+07 4.81786e+07 7.30877e+07 1.07997e+08 1.58084e+08 2.30294e+08 
0.259922 0.0590018 0.106552 0.192621 0.348638 0.631727 1.14637 2.08411 3.79659 6.92974 12.684 23.2942 42.9049 79.3425 147.461 275.515 517.403 978.852 1868.29 3590.42 6969.88 13701.6 27267.9 54842.9 112160 234069 492188 1.05301e+06 -1.46642e+07 3.45927e+06 5.42139e+06 8.50797e+06 1.34927e+07 2.15198e+07 3.41543e+07 5.37069e+07 8.24599e+07 1.22762e+08 1.80581e+08 2.6377e+08 
0.153219 0.0347873 0.0628379 0.113627 0.205725 0.372909 0.676993 1.23139 2.24447 4.09954 7.50955 13.8035 25.4519 47.1265 87.7126 164.157 308.912 585.799 1121.11 2161.77 4213.16 8320.33 16649.2 33714 69497.6 146369 311388 675388 1.48502e+06 -1.89205e+07 5.36503e+06 8.61722e+06 1.40065e+07 2.28917e+07 3.71567e+07 5.96123e+07 9.29729e+07 1.39783e+08 2.06938e+08 3.03281e+08 
0.0857749 0.0194785 0.0351936 0.0636567 0.115288 0.209058 0.379698 0.69098 1.26019 2.30335 4.22266 7.76882 14.3405 26.587 49.5569 92.9076 175.203 333.049 639.167 1236.75 2420.28 4802.46 9664.98 19711.7 40977.3 87152.9 187786 413554 935604 2.15677e+06 -2.46934e+07 8.25122e+06 1.38406e+07 2.3376e+07 3.91295e+07 6.45558e+07 1.02924e+08 1.56933e+08 2.34448e+08 3.45167e+08 
0.0422587 0.0095984 0.0173465 0.0313842 0.0568574 0.103141 0.18741 0.34122 0.622663 1.13888 2.08953 3.84776 7.11039 13.1994 24.639 46.2715 87.4403 166.621 320.653 622.601 1223.41 2439.17 4937.11 10142.2 21264.8 45681.5 99729 223149 514429 1.21372e+06 2.89092e+06 -3.3227e+07 1.22708e+07 2.15767e+07 3.7544e+07 6.42033e+07 1.05353e+08 1.63667e+08 2.47494e+08 3.66566e+08 
0.0205441 0.00466719 0.00843668 0.0152682 0.0276692 0.0502112 0.0912743 0.166265 0.303574 0.555631 1.02022 1.88033 3.47846 6.46537 12.0861 22.7356 43.0527 82.2339 158.686 309.171 609.989 1221.91 2487.38 5146.69 10883.5 23616.3 52249.7 118839 279384 675593 1.66065e+06 4.20222e+06 -4.53492e+07 2.02953e+07 3.70956e+07 6.63487e+07 1.1294e+08 1.7974e+08 2.76112e+08 4.12125e+08 
0.00873959 0.00198581 0.00359045 0.00649941 0.0117816 0.0213873 0.0388932 0.0708796 0.129482 0.237139 0.435734 0.803737 1.48832 2.76951 5.18403 9.76701 18.53 35.471 68.6195 134.112 265.586 534.319 1093.4 2277.4 4854.15 10631.6 23818 55022.5 131831 326669 829789 2.18607e+06 6.0044e+06 -6.27477e+07 3.13231e+07 5.98426e+07 1.07972e+08 1.78921e+08 2.82422e+08 4.2743e+08 
0.00310589 0.000705839 0.00127645 0.00231116 0.00419057 0.00760958 0.0138432 0.0252386 0.0461276 0.0845292 0.155422 0.286899 0.531752 0.990554 1.85639 3.50254 6.65659 12.768 24.7566 48.5244 96.4219 194.755 400.441 839.117 1801.43 3979.07 9016.12 21125.5 51499.5 130511 341885 936265 2.70132e+06 7.7098e+06 -8.88775e+07 4.58202e+07 8.94723e+07 1.57422e+08 2.59302e+08 4.01864e+08 
0.000931335 0.000211686 0.000382886 0.000693401 0.00125756 0.00228423 0.0041568 0.00758136 0.0138621 0.0254157 0.0467588 0.0863721 0.160217 0.29874 0.560477 1.05883 2.01544 3.87274 7.52454 14.7864 29.4711 59.7366 123.349 259.865 561.452 1249.5 2859.87 6785.61 16798.6 43434 117003 332124 1.00224e+06 3.05545e+06 9.50479e+06 -1.27712e+08 6.45222e+07 1.24645e+08 2.18814e+08 3.52712e+08 
0.000230201 5.23292e-05 9.46639e-05 0.000171463 0.000311024 0.000565067 0.00102856 0.00187649 0.00343221 0.0062954 0.0115874 0.0214153 0.0397502 0.0741735 0.139278 0.263381 0.501951 0.965873 1.87966 3.70115 7.39443 15.0296 31.1381 65.8764 143.043 320.216 738.705 1770.01 4434.88 11647.9 32075.6 93710.4 293348 947925 3.19132e+06 1.10945e+07 -1.81766e+08 8.31594e+07 1.62378e+08 2.81984e+08 
4.57839e-05 1.04084e-05 1.88305e-05 3.41107e-05 6.18822e-05 0.000112443 0.000204707 0.000373532 0.000683358 0.00125374 0.00230834 0.00426758 0.00792449 0.0147939 0.027794 0.0525925 0.100307 0.193184 0.376326 0.741932 1.48447 3.02244 6.2747 13.3093 28.9886 65.1294 150.978 363.965 918.8 2437.04 6805.96 20259.1 64967.9 218594 781384 2.98257e+06 1.15725e+07 -2.48294e+08 9.78473e+07 1.99276e+08 
7.15273e-06 1.62616e-06 2.9422e-06 5.33009e-06 9.67042e-06 1.75734e-05 3.19969e-05 5.8393e-05 0.000106844 0.00019606 0.000361054 0.000667664 0.00124015 0.00231597 0.00435279 0.00824015 0.0157245 0.0303032 0.0590731 0.116566 0.233467 0.475914 0.989421 2.10239 4.58873 10.3348 24.0349 58.1742 147.578 393.951 1110.24 3345.16 10897.6 37676.5 140540 571721 2.4674e+06 1.06842e+07 -3.28497e+08 1.19785e+08 
8.47642e-07 1.92718e-07 3.48699e-07 6.31739e-07 1.14624e-06 2.08314e-06 3.79322e-06 6.92312e-06 1.26689e-05 2.32508e-05 4.2824e-05 7.92041e-05 0.000147148 0.000274864 0.000516739 0.000978535 0.00186803 0.0036015 0.00702422 0.0138688 0.027797 0.0567079 0.118005 0.251027 0.548613 1.23743 2.88325 6.99438 17.791 47.6509 134.903 408.909 1342.45 4706.09 17976.1 76059.3 353638 1.79586e+06 9.88609e+06 -4.1764e+08 
dt_FE: 2.39439e-09
dt_EA: 2.39439e-09
dt_PE: 2.39439e-09
tolC: 1e-06
dt_grow: 1.03
dt_max: 0.1
steps: 0
