t: 2.94889e-07
dt: 2.39038e-09
N: 0.222913 0.252064 0.284056 0.318923 0.356586 0.396761 0.439145 0.48329 0.52852 0.573909 0.61869 0.661883 0.702163 0.738703 0.770717 0.797389 0.818045 0.832737 0.841381 0.843611 0.839631 0.829194 0.811502 0.785215 0.748603 0.69905 0.633455 0.549767 0.44867 0.336538 0.226495 0.134064 0.0688955 0.0305141 0.0115659 0.00370862 0.000987772 0.0002131 3.60826e-05 4.61814e-06 
eC: 1 1.15749 1.33977 1.55077 1.795 2.07768 2.40489 2.78363 3.22201 3.72944 4.31677 4.99661 5.78351 6.69433 7.7486 8.9689 10.3814 12.0163 13.9087 16.0991 18.6345 21.5692 24.9661 28.8979 33.4489 38.7167 44.814 51.8717 60.0407 69.4963 80.4411 93.1095 107.773 124.746 144.391 167.131 193.452 223.918 259.182 300 
dV: 1.08333 0.211322 0.327712 0.508206 0.788112 1.22218 1.89532 2.93921 4.55805 7.06849 10.9616 16.999 26.3615 40.8807 63.3966 98.3136 152.462 236.434 366.655 568.597 881.764 1367.42 2120.55 3288.49 5099.69 7908.45 12264.2 19019 29494.1 45738.6 70930.1 109996 170579 264529 410225 636165 986546 1.52991e+06 2.37254e+06 3.67926e+06 
kVec: 1.02509e+06 1.1878e+06 1.36866e+06 1.57681e+06 1.81608e+06 2.09011e+06 2.40365e+06 2.76195e+06 3.17038e+06 3.63324e+06 4.15793e+06 4.75124e+06 5.41504e+06 6.15665e+06 6.98223e+06 7.89398e+06 8.88324e+06 9.95765e+06 1.11165e+07 1.23182e+07 1.3564e+07 1.48415e+07 1.61199e+07 1.73199e+07 1.84844e+07 1.96556e+07 2.07021e+07 2.1872e+07 2.34613e+07 2.59229e+07 2.97469e+07 3.6194e+07 4.71407e+07 6.38797e+07 8.94954e+07 1.28162e+08 1.82259e+08 2.48878e+08 3.29167e+08 4.18343e+08 
cMat: 
-77480.5 746.106 876.717 1021.22 1190.49 1389.78 1624.56 1901.41 2229.14 2619.9 3085.25 3640.92 4313.27 5127.04 6114.29 7324.03 8827.92 10693.2 13020 16004.7 19824.4 24738.8 31184.8 39813.9 51324.9 66827.2 88498.7 118556 160557 220470 307018 431719 612870 881246 1.27237e+06 1.83928e+06 2.64395e+06 3.77869e+06 5.40637e+06 7.76289e+06 
3652.31 -93119.7 972.56 1132.87 1320.65 1541.74 1802.23 2109.37 2472.98 2906.53 3422.86 4039.42 4785.5 5688.52 6784.12 8126.71 9795.87 11866.3 14449.3 17762.8 22003.9 27461 34620 44205 56993.1 74218.2 98303 131714 178409 245033 341293 480011 681559 980192 1.41547e+06 2.04645e+06 2.9421e+06 4.20511e+06 6.0168e+06 8.63974e+06 
2624.86 594.835 -106384 1248.76 1455.76 1699.49 1986.65 2325.26 2726.13 3204.12 3773.41 4453.23 5275.9 6271.69 7479.91 8960.62 10801.7 13085.5 15935 19591 24270.9 30293.6 38195.7 48777.8 62898.9 81923.3 108530 145449 197058 270711 377151 530572 753528 1.08393e+06 1.56559e+06 2.26391e+06 3.25519e+06 4.65303e+06 6.65814e+06 9.56112e+06 
1855.76 420.547 757.934 -121919 1593.64 1860.48 2174.87 2545.61 2984.53 3507.91 4131.27 4875.71 5776.63 6867.21 8190.54 9812.45 11829.3 14331.4 17453.6 21460.1 26589.5 33191.6 41855.7 53460.6 68949.9 89822.5 119022 159548 216217 297111 414047 582637 827695 1.19092e+06 1.72052e+06 2.48844e+06 3.57863e+06 5.11588e+06 7.32099e+06 1.05135e+07 
1301.76 295.002 531.676 958.946 -140053 2003.09 2362.66 2765.46 3242.36 3811.05 4488.42 5297.39 6276.47 7461.76 8900.13 10663.2 12855.8 15576.3 18971.5 23329 28908.7 36091.7 45520.1 58151.8 75015.7 97746.6 129556 173716 235486 323689 451226 635152 902574 1.29902e+06 1.87718e+06 2.71567e+06 3.90611e+06 5.58469e+06 7.99254e+06 1.14787e+07 
905.769 205.266 369.951 667.262 1193.9 -161155 2543.84 2977.59 3491.16 4103.62 4833.16 5704.49 6759.14 8036.03 9585.69 11485.4 13848.3 16780.4 20440.3 25138.5 31155.7 38903.6 49076 62708.6 80914 105461 139824 187547 254324 349713 487688 686735 976234 1.40551e+06 2.03171e+06 2.94005e+06 4.22978e+06 6.04829e+06 8.65691e+06 1.24337e+07 
624.405 141.505 255.037 460.004 830.473 1500.19 -185690 3175.26 3723.04 4376.33 5154.57 6084.13 7209.37 8571.87 10225.6 12253.2 14775.5 17905.9 21814.1 26832.2 33260.6 41540 52413.5 66990.5 86463.9 112730 149515 200624 272168 374412 522362 735881 1.04655e+06 1.50733e+06 2.17969e+06 3.15522e+06 4.54052e+06 6.49367e+06 9.29548e+06 1.3352e+07 
425.96 96.5336 173.987 313.822 566.571 1023.49 1850.73 -214209 3888.43 4619.19 5440.86 6422.39 7610.67 9049.66 10796.5 12938.4 15603.6 18911.9 23043 28348.6 35147.3 43906 55412.9 70845 91468.6 119298 158290 212492 288403 396939 554067 780932 1.11116e+06 1.60111e+06 2.31625e+06 3.35415e+06 4.82818e+06 6.90635e+06 9.88752e+06 1.42038e+07 
287.416 65.1368 117.401 211.761 382.321 690.668 1248.94 2237.97 -247511 4821.1 5678.99 6703.88 7944.82 9447.78 11272.5 13510.4 16295.5 19753.4 24072.3 29620.9 36733 45898.6 57944.7 74107 95716.3 124889 165788 222670 302379 416411 581583 820184 1.16766e+06 1.6834e+06 2.43647e+06 3.52975e+06 5.08268e+06 7.27192e+06 1.04125e+07 1.49597e+07 
191.888 43.4882 78.3838 141.387 255.272 461.167 833.96 1510.21 2738.65 -286359 5856.49 6913.91 8194.45 9745.61 11629.2 13939.7 16815.9 20388 24850.5 30585.8 37940 47421.4 59888.2 76624 99012.1 129254 171680 230725 313520 432051 603849 852176 1.21403e+06 1.75135e+06 2.53628e+06 3.67627e+06 5.29581e+06 7.57881e+06 1.08539e+07 1.5596e+07 
126.6 28.6924 51.7168 93.2883 168.435 304.301 550.311 996.597 1807.35 3281.09 -331971 7047.07 8353.1 9935.43 11857.2 14215.2 17151.3 20798.7 25357 31217.6 38735.8 48432.9 61190.2 78326.4 101264 132269 175798 236425 321504 443399 620204 875951 1.24888e+06 1.8029e+06 2.61266e+06 3.78923e+06 5.46107e+06 7.81759e+06 1.11983e+07 1.60932e+07 
82.5518 18.7097 33.7244 60.8348 109.843 198.454 358.909 650.009 1178.88 2140.3 3893.85 -385852 8356.35 10015.6 11954.6 14334.4 17298.6 20982.1 25587.1 31510.6 39113.1 48923.9 61838.4 79197.8 102450 133904 178102 239713 326248 450341 630484 891269 1.27183e+06 1.83753e+06 2.66485e+06 3.86751e+06 5.57681e+06 7.98592e+06 1.14422e+07 1.64465e+07 
53.3916 12.1011 21.813 39.3495 71.052 128.376 232.185 420.53 762.742 1384.91 2519.82 4562.13 -449638 9990.82 11927.1 14304.3 17266.5 20949 25554.5 31482.3 39094.5 48923.9 61872.3 79291.8 102645 134262 178739 240801 328064 453338 635382 899177 1.2845e+06 1.85767e+06 2.69651e+06 3.91668e+06 5.65134e+06 8.09591e+06 1.16031e+07 1.66814e+07 
34.2939 7.77289 14.0116 25.2772 45.6443 82.4745 149.175 270.203 490.126 890.012 1619.54 2954.69 5398.65 -525871 11810.5 14167.7 17106.4 20761.3 25334.6 31224.7 38793.7 48574.3 61469.1 78833.4 102135 133716 178197 240340 327825 453578 636537 901964 1.2901e+06 1.86793e+06 2.71429e+06 3.94626e+06 5.69829e+06 8.16699e+06 1.17089e+07 1.68376e+07 
21.9445 4.974 8.96662 16.1767 29.2126 52.7874 95.4859 172.969 313.781 569.855 1037.09 1892.34 3458.19 6337.17 -617729 13831.2 16893.7 20510.5 25038.7 30875 38380.6 48087 60896.1 78164.2 101362 132841 177239 239353 326921 452979 636631 903415 1.29403e+06 1.87609e+06 2.72946e+06 3.97265e+06 5.74128e+06 8.23301e+06 1.18081e+07 1.69848e+07 
14.0858 3.19285 5.75601 10.385 18.7548 33.8926 61.3126 111.076 201.524 366.033 666.251 1215.89 2222.45 4073.61 7411.6 -729479 16722.8 20311.5 24807.3 30607 38072 47734.9 60500.7 77732.5 100912 132408 176906 239260 327312 454284 639567 909137 1.30442e+06 1.89408e+06 2.75957e+06 4.02159e+06 5.81783e+06 8.348e+06 1.19784e+07 1.72353e+07 
9.15681 2.07569 3.74222 6.75216 12.1949 22.0399 39.8747 72.2465 131.093 238.146 433.548 791.372 1446.85 2652.73 4882.37 9019.14 -865652 20302 24809.5 30630.5 38130.7 47850.1 60707.7 78090.3 101509 133385 178509 241864 331512 461060 650475 926581 1.33219e+06 1.93806e+06 2.82856e+06 4.12856e+06 5.97988e+06 8.58706e+06 1.23281e+07 1.77452e+07 
6.05504 1.37264 2.47487 4.46578 8.06621 14.5795 26.3803 47.8029 86.7524 157.624 287.014 524.017 958.314 1757.58 3236 5980.3 11083.1 -1.03423e+06 25255 31204.5 38879.4 48838.1 62031.9 79900.8 104018 136907 183574 249243 342384 477305 675031 963887 1.38913e+06 2.02531e+06 2.96183e+06 4.33084e+06 6.2817e+06 9.02837e+06 1.29698e+07 1.86769e+07 
4.09861 0.929186 1.67544 3.02349 5.46161 9.8728 17.8662 32.3795 58.7719 106.806 194.526 355.246 649.869 1192.31 2196.12 4060.44 7529.34 14039.8 -1.24557e+06 32410.3 40657.8 51129 65025.6 83884.1 109388 144245 193834 263797 363291 507820 720183 1.03121e+06 1.4902e+06 2.1781e+06 3.19259e+06 4.67786e+06 6.79594e+06 9.77725e+06 1.40556e+07 2.02504e+07 
2.86855 0.650369 1.1728 2.11663 3.82388 6.91324 12.5124 22.6806 41.1756 74.8464 136.355 249.09 455.842 836.687 1541.85 2852.36 5292.76 9876.89 18453.3 -1.5094e+06 43697.5 55026.4 70092.5 90588.3 118376 156457 210809 287739 397507 557519 793418 1.14001e+06 1.65308e+06 2.42376e+06 3.56289e+06 5.23384e+06 7.61899e+06 1.09751e+07 1.57914e+07 2.27649e+07 
2.06787 0.468872 0.845592 1.52627 2.75768 4.9864 9.02655 16.3652 29.717 54.0325 98.4667 179.94 329.436 604.969 1115.46 2064.89 3834.51 7161.93 13472.3 25431 -1.84495e+06 60981.2 77818.7 100790 132023 174961 236480 323884 449089 632362 903629 1.30371e+06 1.89812e+06 2.7934e+06 4.12026e+06 6.07101e+06 8.85874e+06 1.27797e+07 1.84069e+07 2.6554e+07 
1.52877 0.346667 0.625268 1.12873 2.03969 3.68876 6.67883 12.1114 21.9984 40.0105 72.9389 133.343 244.241 448.765 827.964 1533.8 2850.76 5329.79 10037 18972.3 36127.5 -2.27755e+06 87831.4 115346 151503 201388 273175 375613 523023 739844 1.06226e+06 1.53989e+06 2.25259e+06 3.32943e+06 4.93036e+06 7.2903e+06 1.06674e+07 1.54152e+07 2.22293e+07 3.20935e+07 
1.15574 0.262106 0.472808 0.853631 1.54282 2.7907 5.05395 9.16717 16.6555 30.3036 55.2655 101.079 185.245 340.583 628.821 1165.86 2169.08 4059.95 7655.56 14493.5 27649 52674.9 -2.84018e+06 134850 177689 237041 322898 446053 624242 887866 1.2821e+06 1.86928e+06 2.75005e+06 4.08602e+06 6.07971e+06 9.02807e+06 1.32542e+07 1.91928e+07 2.77161e+07 4.00523e+07 
0.889398 0.201727 0.363945 0.657194 1.18801 2.14939 3.89355 7.06444 12.8395 23.3702 42.6407 78.0295 143.095 263.282 486.508 902.887 1681.79 3152.11 5952.73 11290.6 21585.2 41696.4 81282.2 -3.56815e+06 210870 282517 386827 537415 756775 1.0837e+06 1.57612e+06 2.31462e+06 3.42981e+06 5.12988e+06 7.67911e+06 1.14644e+07 1.69019e+07 2.45383e+07 3.54983e+07 5.13562e+07 
0.688094 0.15609 0.281654 0.508689 0.919743 1.66445 3.01596 5.47393 9.95252 18.1236 33.0849 60.5784 111.171 204.712 378.631 703.446 1312.01 2462.73 4658.71 8854.61 16968.7 32868.4 64278.2 126553 -4.53386e+06 340018 468303 654892 928848 1.34068e+06 1.96638e+06 2.91251e+06 4.35282e+06 6.56205e+06 9.89384e+06 1.48653e+07 2.20258e+07 3.20756e+07 4.64993e+07 6.73591e+07 
0.530435 0.120343 0.21719 0.39234 0.709537 1.28439 2.32803 4.22686 7.68831 14.0074 25.5853 46.8766 86.0927 158.676 293.786 546.467 1020.7 1919.08 3637.11 6928.82 13313.7 25867.2 50767.4 100384 201308 -5.83618e+06 567412 802519 1.14764e+06 1.67172e+06 2.47608e+06 3.70429e+06 5.59205e+06 8.50914e+06 1.29386e+07 1.95866e+07 2.91923e+07 4.26662e+07 6.20032e+07 8.99521e+07 
0.405814 0.092085 0.166224 0.300342 0.543301 0.983779 1.7838 3.24005 5.89617 10.7484 19.6453 36.02 66.2129 122.163 226.449 421.796 789.156 1486.58 2823.55 5393.42 10395.9 20270.6 39952 79404.5 160176 327800 -7.53777e+06 964865 1.39414e+06 2.0546e+06 3.08218e+06 4.67193e+06 7.1475e+06 1.10129e+07 1.6937e+07 2.58987e+07 3.89051e+07 5.71389e+07 8.3304e+07 1.21083e+08 
0.301785 0.0684917 0.123662 0.223493 0.404398 0.732506 1.3287 2.41448 4.39605 8.0187 14.6663 26.9122 49.5183 91.4637 169.759 316.674 593.552 1120.43 2133.13 4086.55 7903.89 15472.2 30636.8 61238.2 124344 257365 535612 -9.82296e+06 1.65574e+06 2.47379e+06 3.76799e+06 5.80301e+06 9.02431e+06 1.41228e+07 2.20296e+07 3.41118e+07 5.17481e+07 7.64648e+07 1.11928e+08 1.63055e+08 
0.213864 0.0485467 0.0876712 0.158489 0.286859 0.519785 0.94323 1.71481 3.12383 5.70179 10.4364 19.1664 35.3022 65.283 121.331 226.694 425.719 805.399 1537.23 2954.2 5734.82 11273.7 22436 45124.7 92285.6 192592 404972 866417 -1.29317e+07 2.84628e+06 4.46072e+06 7.00036e+06 1.11018e+07 1.77065e+07 2.81022e+07 4.41901e+07 6.7848e+07 1.01009e+08 1.48582e+08 2.1703e+08 
0.141541 0.0321359 0.0580486 0.104967 0.190045 0.344487 0.625395 1.13754 2.0734 3.78709 6.9372 12.7515 23.512 43.5347 81.0275 151.646 285.368 541.152 1035.66 1997.01 3892.05 7686.19 15380.3 31144.4 64200.7 135213 287655 623913 1.37184e+06 -1.72086e+07 4.95613e+06 7.96045e+06 1.2939e+07 2.11469e+07 3.43248e+07 5.50689e+07 8.58868e+07 1.29129e+08 1.91166e+08 2.80166e+08 
0.085387 0.0193904 0.0350344 0.0633687 0.114767 0.208112 0.377981 0.687855 1.25449 2.29293 4.20356 7.73368 14.2756 26.4668 49.3328 92.4874 174.41 331.543 636.276 1231.16 2409.33 4780.74 9621.26 19622.6 40791.9 86758.7 186937 411683 931372 2.14702e+06 -2.30222e+07 8.2139e+06 1.3778e+07 2.32703e+07 3.89525e+07 6.42638e+07 1.02458e+08 1.56223e+08 2.33387e+08 3.43606e+08 
0.0457925 0.0104011 0.0187971 0.0340087 0.0616121 0.111766 0.203082 0.369755 0.674733 1.23412 2.26427 4.16952 7.70499 14.3032 26.6994 50.1409 94.7525 180.554 347.468 674.666 1325.72 2643.14 5349.97 10990.4 23043.1 49501.6 108069 241809 557448 1.31522e+06 3.13268e+06 -3.13517e+07 1.3297e+07 2.3381e+07 4.06836e+07 6.95722e+07 1.14163e+08 1.77354e+08 2.68191e+08 3.97219e+08 
0.0215366 0.00489266 0.00884425 0.0160058 0.0290059 0.0526369 0.0956837 0.174297 0.318239 0.582473 1.06951 1.97117 3.64651 6.7777 12.6699 23.834 45.1325 86.2065 166.352 324.107 639.457 1280.94 2607.55 5395.32 11409.3 24757.1 54773.9 124580 292881 708230 1.74087e+06 4.40523e+06 -4.38986e+07 2.12757e+07 3.88877e+07 6.9554e+07 1.18396e+08 1.88424e+08 2.89451e+08 4.32034e+08 
0.00884378 0.00200948 0.00363325 0.00657689 0.011922 0.0216422 0.0393569 0.0717246 0.131025 0.239966 0.440928 0.813318 1.50606 2.80253 5.24584 9.88345 18.7509 35.8939 69.4375 135.711 268.752 540.689 1106.43 2304.55 4912.02 10758.4 24101.9 55678.4 133402 330563 839682 2.21213e+06 6.07598e+06 -6.19331e+07 3.16965e+07 6.0556e+07 1.0926e+08 1.81054e+08 2.85789e+08 4.32525e+08 
0.0031209 0.000709251 0.00128262 0.00232233 0.00421083 0.00764636 0.0139102 0.0253606 0.0463505 0.0849377 0.156173 0.288286 0.534322 0.995342 1.86537 3.51946 6.68877 12.8297 24.8763 48.7589 96.8879 195.696 402.377 843.172 1810.14 3998.3 9059.7 21227.6 51748.4 131142 343538 940791 2.71438e+06 7.74707e+06 -8.84614e+07 4.60417e+07 8.99047e+07 1.58183e+08 2.60555e+08 4.03806e+08 
0.000932816 0.000212022 0.000383495 0.000694504 0.00125956 0.00228786 0.00416341 0.00759342 0.0138842 0.0254561 0.0468332 0.0865095 0.160472 0.299215 0.561369 1.06051 2.01865 3.87891 7.53651 14.8099 29.518 59.8316 123.545 260.278 562.345 1251.49 2864.42 6796.4 16825.3 43503.1 117189 332652 1.00383e+06 3.06031e+06 9.51991e+06 -1.27687e+08 6.46249e+07 1.24844e+08 2.19162e+08 3.53273e+08 
0.0002303 5.23516e-05 9.47043e-05 0.000171536 0.000311157 0.000565309 0.001029 0.00187729 0.00343368 0.00629809 0.0115924 0.0214245 0.0397672 0.0742052 0.139338 0.263494 0.502165 0.966286 1.88046 3.70274 7.39759 15.0361 31.1514 65.9045 143.104 320.353 739.021 1770.76 4436.78 11652.9 32089.3 93750.4 293473 948330 3.19268e+06 1.10992e+07 -1.82079e+08 8.31949e+07 1.62447e+08 2.82104e+08 
4.57882e-05 1.04093e-05 1.88322e-05 3.41139e-05 6.18879e-05 0.000112453 0.000204726 0.000373566 0.000683422 0.00125386 0.00230855 0.00426797 0.00792522 0.0147953 0.0277966 0.0525974 0.100316 0.193201 0.376361 0.742 1.48461 3.02272 6.27528 13.3105 28.9913 65.1354 150.992 363.999 918.885 2437.26 6806.59 20260.9 64973.9 218615 781456 2.98285e+06 1.15736e+07 -2.48825e+08 9.78564e+07 1.99294e+08 
7.15284e-06 1.62619e-06 2.94225e-06 5.33017e-06 9.67058e-06 1.75737e-05 3.19974e-05 5.83939e-05 0.000106845 0.000196063 0.00036106 0.000667675 0.00124017 0.00231601 0.00435286 0.00824028 0.0157248 0.0303036 0.059074 0.116568 0.233471 0.475922 0.989436 2.10242 4.5888 10.335 24.0353 58.1751 147.581 393.958 1110.25 3345.21 10897.8 37677.1 140542 571730 2.46744e+06 1.06844e+07 -3.29155e+08 1.19786e+08 
8.47644e-07 1.92719e-07 3.487e-07 6.3174e-07 1.14624e-06 2.08314e-06 3.79322e-06 6.92314e-06 1.26689e-05 2.32509e-05 4.28241e-05 7.92043e-05 0.000147148 0.000274865 0.00051674 0.000978537 0.00186804 0.00360151 0.00702424 0.0138689 0.027797 0.056708 0.118005 0.251028 0.548614 1.23744 2.88325 6.9944 17.791 47.651 134.904 408.91 1342.45 4706.1 17976.1 76059.5 353639 1.79586e+06 9.88611e+06 -4.18341e+08 
dt_FE: 2.39038e-09
dt_EA: 2.39038e-09
dt_PE: 2.39038e-09
tolC: 1e-06
dt_grow: 1.03
dt_max: 0.1
steps: 0
