t: 1.20365e-07
dt: 2.3915e-09
N: 0.0891917 0.10214 0.116769 0.133255 0.151761 0.172397 0.195302 0.220588 0.248281 0.27828 0.310565 0.344961 0.380918 0.418084 0.455951 0.493657 0.530027 0.564455 0.595967 0.622616 0.643776 0.658475 0.665047 0.661454 0.646888 0.619364 0.574997 0.512882 0.432642 0.337074 0.235665 0.14505 0.0752489 0.0334262 0.0126955 0.00407392 0.00108554 0.00023428 3.96792e-05 5.07946e-06 
eC: 1 1.15749 1.33977 1.55077 1.795 2.07768 2.40489 2.78363 3.22201 3.72944 4.31677 4.99661 5.78351 6.69433 7.7486 8.9689 10.3814 12.0163 13.9087 16.0991 18.6345 21.5692 24.9661 28.8979 33.4489 38.7167 44.814 51.8717 60.0407 69.4963 80.4411 93.1095 107.773 124.746 144.391 167.131 193.452 223.918 259.182 300 
dV: 1.08333 0.211322 0.327712 0.508206 0.788112 1.22218 1.89532 2.93921 4.55805 7.06849 10.9616 16.999 26.3615 40.8807 63.3966 98.3136 152.462 236.434 366.655 568.597 881.764 1367.42 2120.55 3288.49 5099.69 7908.45 12264.2 19019 29494.1 45738.6 70930.1 109996 170579 264529 410225 636165 986546 1.52991e+06 2.37254e+06 3.67926e+06 
kVec: 994883 1.15329e+06 1.32932e+06 1.53209e+06 1.76538e+06 2.03286e+06 2.33928e+06 2.68995e+06 3.09035e+06 3.54501e+06 4.06157e+06 4.64716e+06 5.3044e+06 6.04125e+06 6.86476e+06 7.77842e+06 8.77537e+06 9.86465e+06 1.10475e+07 1.22852e+07 1.35807e+07 1.49234e+07 1.62836e+07 1.75826e+07 1.88598e+07 2.01525e+07 2.13173e+07 2.25878e+07 2.42415e+07 2.67109e+07 3.04736e+07 3.68e+07 4.75905e+07 6.41606e+07 8.96218e+07 1.28159e+08 1.82157e+08 2.4872e+08 3.2898e+08 4.18148e+08 
cMat: 
-109537 874.497 1027.58 1196.95 1395.34 1628.93 1904.12 2228.61 2612.73 3070.73 3616.16 4267.45 5055.5 6009.3 7166.44 8584.35 10347 12533.2 15260.5 18758.8 23235.8 28995.8 36551.1 46665.1 60156.9 78326.8 103728 138957 188185 258408 359850 506010 718333 1.03289e+06 1.49132e+06 2.15579e+06 3.09892e+06 4.42893e+06 6.3367e+06 9.09873e+06 
4384.42 -130869 1167.51 1359.96 1585.37 1850.79 2163.48 2532.2 2968.7 3489.15 4108.98 4849.13 5744.75 6828.79 8144 9755.72 11759.5 14244.9 17345.6 21323.4 26414.6 32965.6 41559.6 53065.9 68417.4 89095.3 118008 158116 214172 294150 409706 576230 818179 1.17667e+06 1.6992e+06 2.45666e+06 3.53184e+06 5.04803e+06 7.22287e+06 1.03716e+07 
3238.18 733.823 -149887 1540.54 1795.91 2096.59 2450.85 2868.58 3363.12 3952.8 4655.1 5493.77 6508.66 7737.12 9227.65 11054.3 13325.6 16143 19658.3 24168.6 29942 37371.9 47120.5 60175.2 77595.7 101065 133889 179434 243103 333964 465275 654544 929596 1.3372e+06 1.93141e+06 2.79289e+06 4.0158e+06 5.74026e+06 8.21388e+06 1.17952e+07 
2361.66 535.192 964.554 -172103 2028.08 2367.66 2767.76 3239.57 3798.14 4464.19 5257.49 6204.88 7351.39 8739.28 10423.4 12487.4 15054 18238.2 22211.6 27310.3 33838.1 42240 53265.9 68034.4 87746.2 114309 151469 203043 275160 378106 526919 741469 1.05333e+06 1.51557e+06 2.18954e+06 3.16682e+06 4.5542e+06 6.51052e+06 9.31676e+06 1.33796e+07 
1716.16 388.914 700.93 1264.22 -197964 2640.75 3114.79 3645.82 4274.53 5024.26 5917.26 6983.76 8274.53 9837.15 11733.4 14057.7 16948.3 20534.8 25010.9 30755.5 38111.5 47581.1 60011 76663.8 98896.2 128863 170798 229017 310451 426732 594870 837347 1.1899e+06 1.71255e+06 2.47476e+06 3.58018e+06 5.14959e+06 7.36252e+06 1.05369e+07 1.51328e+07 
1242.65 281.612 507.548 915.439 1637.95 -227954 3489.97 4085.05 4789.63 5629.89 6630.77 7826.18 9273.09 11024.9 13150.9 15757.2 18998.9 23021.6 28042.8 34488.3 42743.6 53373.1 67329 86031.9 111009 144685 191829 257302 348915 479783 669076 942154 1.33933e+06 1.92827e+06 2.78736e+06 4.03355e+06 5.80298e+06 8.29785e+06 1.18767e+07 1.70582e+07 
895.877 203.027 365.919 660 1191.54 2152.42 -262672 4555.77 5341.7 6279.03 7395.62 8729.32 10343.8 12298.7 14671.4 17580.5 21199.4 25690.9 31298.2 38498 47721.2 59600.3 75201.3 96116 124056 161742 214520 287849 390499 537195 749469 1.05582e+06 1.50155e+06 2.16268e+06 3.12735e+06 4.52702e+06 6.5146e+06 9.31693e+06 1.33369e+07 1.91571e+07 
642.523 145.613 262.444 473.373 854.624 1543.85 2791.67 -302789 5865.35 6967.64 8207.07 9687.61 11480 13650.6 16285.5 19516.5 23536.6 28527 34758.3 42761.4 53016.6 66228.4 83585.6 106864 137972 179950 238767 320526 435030 598748 835762 1.17797e+06 1.67608e+06 2.41513e+06 3.49386e+06 5.05944e+06 7.2829e+06 1.04176e+07 1.49145e+07 2.14252e+07 
458.249 103.853 187.182 337.628 609.564 1101.19 1991.28 3568.17 -349276 7686.65 9054.46 10688.5 12667.1 15063.3 17972.6 21540.7 25981.1 31494.5 38380.4 47226.9 58566.3 73179.8 92385.8 118155 152608 199121 264329 355020 482106 663917 927264 1.30768e+06 1.8617e+06 2.68398e+06 3.88465e+06 5.62777e+06 8.10371e+06 1.15942e+07 1.66015e+07 2.38514e+07 
325.023 73.6611 132.768 239.484 432.384 781.133 1412.58 2558.02 4638.78 -402925 9919.82 11710.9 13879.9 16507.3 19697.7 23611.3 28483.1 34533.5 42092.3 51806.8 64263.5 80323.2 101440 129787 167708 218932 290794 390806 531047 731816 1.02281e+06 1.44343e+06 2.05635e+06 2.96647e+06 4.296e+06 6.22694e+06 8.97014e+06 1.28371e+07 1.83846e+07 2.64167e+07 
228.902 51.8778 93.5075 168.672 304.542 550.197 995 1801.92 3267.82 5932.44 -465087 12741.6 15103 17963.9 21438.6 25702 31010.7 37605.6 45847.1 56443.7 70037.1 87570.1 110636 141620 183092 239151 317856 427472 581301 801697 1.12137e+06 1.58378e+06 2.25805e+06 3.25977e+06 4.72388e+06 6.85119e+06 9.87399e+06 1.41347e+07 2.02473e+07 2.90977e+07 
159.929 36.2466 65.3346 117.856 212.8 384.467 695.319 1259.27 2283.85 4146.43 7543.6 -537307 16188.8 19403.3 23159.8 27770.1 33512.7 40648.9 49570.1 61045.9 75774.2 94780.8 119800 153431 198478 259413 345040 464398 632044 872451 1.22144e+06 1.72667e+06 2.46394e+06 3.55988e+06 5.16264e+06 7.49257e+06 1.0804e+07 1.54712e+07 2.2167e+07 3.1862e+07 
110.98 25.1533 45.3404 81.7917 147.688 266.842 482.619 874.11 1585.43 2878.67 5237.67 9482.8 -621176 20766.9 24791.7 29732.8 35890 43544.4 53117.4 65438.8 81261.5 101693 128607 164815 213356 279077 371525 500527 681912 942306 1.3207e+06 1.86902e+06 2.66996e+06 3.86135e+06 5.60496e+06 8.14118e+06 1.17468e+07 1.68281e+07 2.41182e+07 3.46738e+07 
76.3736 17.3105 31.2043 56.2932 101.651 183.673 332.218 601.75 1091.53 1982.08 3606.77 6580.19 12023 -719202 26302.3 31551.9 38096.4 46236 56420.9 69538.5 86394.9 108177 136894 175564 227458 297790 396850 535244 730076 1.01013e+06 1.41759e+06 2.0087e+06 2.8731e+06 4.15994e+06 6.04481e+06 8.78845e+06 1.26903e+07 1.81881e+07 2.60762e+07 3.74978e+07 
52.0705 11.8024 21.2762 38.3846 69.3164 125.255 226.571 410.425 744.548 1352.17 2460.84 4490.2 8205.69 15037 -834275 32819.1 40085.8 48667.9 59412.4 73261.1 91070.5 114102 144496 185470 240515 315208 420558 567943 775727 1.07484e+06 1.51062e+06 2.14365e+06 3.07052e+06 4.45164e+06 6.47654e+06 9.4264e+06 1.36231e+07 1.95355e+07 2.80187e+07 4.03021e+07 
35.2016 7.9792 14.3848 25.953 46.8699 84.7004 153.225 277.588 503.625 914.748 1665.02 3038.61 5554.08 10180.3 18522.2 -970855 41791.8 50760.2 61995.5 76489.5 95145.1 119294 151196 194260 252187 330900 442104 597930 817979 1.13529e+06 1.59833e+06 2.27201e+06 3.25987e+06 4.73347e+06 6.89639e+06 1.00503e+07 1.45393e+07 2.08624e+07 2.99351e+07 4.30724e+07 
23.6512 5.36131 9.66583 17.4402 31.4984 56.927 102.993 186.606 338.602 615.109 1119.82 2044.04 3737.09 6851.77 12610.7 23295.6 -1.13272e+06 52438.2 64080.8 79115.7 98488.1 123593 156803 201700 262189 344521 461072 624713 856267 1.19088e+06 1.68012e+06 2.39328e+06 3.44094e+06 5.00584e+06 7.30592e+06 1.06637e+07 1.54455e+07 2.21796e+07 3.18425e+07 4.58343e+07 
15.7671 3.5743 6.44447 11.6287 21.0041 37.9643 68.6931 124.477 225.9 410.445 747.373 1364.52 2495.41 4576.66 8426.4 15572.4 28860.1 -1.32761e+06 65763.1 81255.2 101240 127172 161529 208058 270858 356500 478018 649019 891553 1.24288e+06 1.75775e+06 2.50992e+06 3.61724e+06 5.27382e+06 7.71248e+06 1.12773e+07 1.63573e+07 2.35095e+07 3.37728e+07 4.86339e+07 
10.44 2.36682 4.26768 7.70142 13.9118 25.1479 45.5088 82.477 149.704 272.056 495.495 904.882 1655.34 3037.04 5593.95 10342.7 19178.7 35762.2 -1.56552e+06 82555.4 103563 130236 165633 213669 278633 367421 493734 671942 925374 1.29352e+06 1.83445e+06 2.62669e+06 3.79584e+06 5.54805e+06 8.13216e+06 1.19154e+07 1.73106e+07 2.49046e+07 3.58023e+07 5.15817e+07 
6.92213 1.56941 2.83009 5.10767 9.22746 16.6824 30.1938 54.7307 99.3613 180.613 329.039 601.082 1100 2019.02 3720.66 6883.07 12772 23834 44529.8 -1.8552e+06 105447 132785 169141 218600 285655 377548 508706 694346 959230 1.34536e+06 1.91461e+06 2.75098e+06 3.98907e+06 5.84879e+06 8.59765e+06 1.26298e+07 1.83855e+07 2.6484e+07 3.81063e+07 5.49342e+07 
4.5933 1.04149 1.87829 3.39026 6.12558 11.0762 20.0505 36.3516 66.0097 120.021 218.722 399.697 731.768 1343.8 2477.74 4586.68 8517.51 15908.6 29925.6 56489.3 -2.21552e+06 135456 172857 223882 293260 388636 525287 719435 997550 1.40465e+06 2.00721e+06 2.8959e+06 4.21626e+06 6.20492e+06 9.15224e+06 1.34854e+07 1.96777e+07 2.83873e+07 4.08869e+07 5.89837e+07 
3.05676 0.693158 1.25022 2.25689 4.07835 7.37565 13.3543 24.2167 43.9855 80.0006 145.841 266.617 488.357 897.303 1655.51 3066.82 5700.07 10656.9 20069 37934.9 72236.6 -2.67018e+06 175618 230633 302929 402673 546211 751035 1.04578e+06 1.47931e+06 2.12398e+06 3.079e+06 4.50404e+06 6.65717e+06 9.85823e+06 1.45769e+07 2.13293e+07 3.08225e+07 4.44473e+07 6.41707e+07 
2.05369 0.46575 0.840157 1.51686 2.74151 4.95895 8.98063 16.2896 29.5961 53.8481 98.2041 179.612 329.172 605.2 1117.39 2071.68 3854.34 7214.34 13603.6 25754.3 49130.9 93600.8 -3.25246e+06 239622 315745 421210 573775 792616 1.10925e+06 1.5777e+06 2.27823e+06 3.32163e+06 4.88671e+06 7.26066e+06 1.08034e+07 1.60425e+07 2.35521e+07 3.41047e+07 4.92502e+07 7.1171e+07 
1.40188 0.317964 0.573654 1.03587 1.87254 3.38789 6.13704 11.135 20.2377 36.8363 67.2106 122.991 225.547 414.987 766.837 1423.14 2650.85 4968.38 9382.73 17796.4 34022.7 65722.3 128118 -3.99518e+06 332375 445306 609719 847078 1.19283e+06 1.70813e+06 2.4843e+06 3.64832e+06 5.40609e+06 8.08576e+06 1.21039e+07 1.80703e+07 2.6641e+07 3.86774e+07 5.59527e+07 8.0948e+07 
0.966495 0.219243 0.39561 0.714503 1.29187 2.33788 4.23621 7.68866 13.9793 25.4563 46.471 85.0882 156.15 287.538 531.824 988.059 1842.85 3459.14 6543.61 12437.2 23834.2 46166.9 90285 177757 -4.96892e+06 477588 657777 919860 1.30466e+06 1.88312e+06 2.76197e+06 4.0909e+06 6.11396e+06 9.21704e+06 1.38969e+07 2.08798e+07 3.09373e+07 4.50534e+07 6.53127e+07 9.46124e+07 
0.670884 0.152208 0.274697 0.496224 0.897409 1.62447 2.94445 5.34605 9.72403 17.7163 32.3598 59.2886 108.888 200.691 371.574 691.161 1290.96 2427.22 4600.14 8763.43 16838.9 32716.3 64209.6 126963 254610 -6.27239e+06 717651 1.01501e+06 1.45152e+06 2.11436e+06 3.1317e+06 4.68511e+06 7.07271e+06 1.07622e+07 1.63645e+07 2.47727e+07 3.69218e+07 5.39634e+07 7.84205e+07 1.1377e+08 
0.470534 0.106771 0.192734 0.348242 0.629948 1.14068 2.06828 3.75678 6.83651 12.4626 22.7785 41.7646 76.7727 141.646 262.564 489.065 915.014 1723.67 3273.86 6253.58 12053.9 23503.5 46323.7 92068.2 185721 380079 -7.968e+06 1.11874e+06 1.61648e+06 2.38228e+06 3.57373e+06 5.41703e+06 8.28741e+06 1.27693e+07 1.96382e+07 3.00291e+07 4.51098e+07 6.62516e+07 9.65897e+07 1.40393e+08 
0.326509 0.0741028 0.133793 0.241803 0.437528 0.792516 1.43755 2.61229 4.75619 8.67563 15.8679 29.117 53.5751 98.9568 183.667 342.617 642.178 1212.22 2307.89 4421.34 8551.41 16739.7 33146.7 66255.1 134531 278450 579492 -1.02429e+07 1.79138e+06 2.67646e+06 4.07668e+06 6.27842e+06 9.76362e+06 1.52798e+07 2.38344e+07 3.69064e+07 5.59876e+07 8.27292e+07 1.21098e+08 1.76413e+08 
0.220082 0.0499581 0.09022 0.163096 0.295199 0.534897 0.970653 1.76466 3.21465 5.86756 10.7398 19.7237 36.3285 67.181 124.859 233.285 438.096 828.815 1581.92 3040.09 5901.55 11601.5 23088.3 46436.6 94968.6 198191 416746 891606 -1.33403e+07 2.92903e+06 4.59041e+06 7.20388e+06 1.14245e+07 1.82212e+07 2.89192e+07 4.54748e+07 6.98205e+07 1.03945e+08 1.52901e+08 2.2334e+08 
0.141427 0.0321099 0.0580017 0.104882 0.189891 0.344208 0.624889 1.13662 2.07172 3.78402 6.93159 12.7412 23.493 43.4995 80.9619 151.523 285.137 540.714 1034.83 1995.39 3888.9 7679.97 15367.8 31119.2 64148.8 135104 287422 623408 1.37073e+06 -1.7606e+07 4.95212e+06 7.95401e+06 1.29285e+07 2.11298e+07 3.4297e+07 5.50243e+07 8.58173e+07 1.29025e+08 1.91011e+08 2.7994e+08 
0.0843747 0.0191606 0.0346191 0.0626175 0.113406 0.205645 0.3735 0.679701 1.23962 2.26575 4.15373 7.642 14.1064 26.153 48.7479 91.391 172.342 327.613 628.733 1216.56 2380.77 4724.06 9507.2 19389.9 40308.3 85730.2 184721 406803 920331 2.12156e+06 -2.3399e+07 8.11653e+06 1.36147e+07 2.29944e+07 3.84907e+07 6.3502e+07 1.01244e+08 1.54371e+08 2.3062e+08 3.39532e+08 
0.0452116 0.0102691 0.0185586 0.0335772 0.0608304 0.110348 0.200506 0.365064 0.666173 1.21847 2.23554 4.11663 7.60724 14.1217 26.3607 49.5048 93.5504 178.264 343.06 666.107 1308.9 2609.61 5282.1 10850.9 22750.7 48873.6 106698 238742 550376 1.29853e+06 3.09293e+06 -3.16854e+07 1.31283e+07 2.30844e+07 4.01675e+07 6.86896e+07 1.12715e+08 1.75104e+08 2.64788e+08 3.9218e+08 
0.0213896 0.00485928 0.0087839 0.0158966 0.028808 0.0522777 0.0950308 0.173108 0.316068 0.578499 1.06221 1.95772 3.62162 6.73146 12.5835 23.6714 44.8246 85.6183 165.217 321.895 635.094 1272.2 2589.76 5358.51 11331.5 24588.2 54400.1 123730 290883 703398 1.729e+06 4.37517e+06 -4.41384e+07 2.11306e+07 3.86223e+07 6.90794e+07 1.17588e+08 1.87138e+08 2.87476e+08 4.29086e+08 
0.00881721 0.00200345 0.00362234 0.00655713 0.0118862 0.0215772 0.0392387 0.0715092 0.130632 0.239245 0.439604 0.810875 1.50154 2.79411 5.23008 9.85376 18.6946 35.7861 69.2289 135.303 267.945 539.065 1103.11 2297.63 4897.27 10726.1 24029.5 55511.2 133002 329570 837159 2.20549e+06 6.05773e+06 -6.20729e+07 3.16013e+07 6.03741e+07 1.08931e+08 1.8051e+08 2.84931e+08 4.31226e+08 
0.00311734 0.00070844 0.00128116 0.00231968 0.00420601 0.00763762 0.0138943 0.0253316 0.0462975 0.0848407 0.155994 0.287956 0.533711 0.994204 1.86323 3.51544 6.68112 12.815 24.8478 48.7032 96.7772 195.473 401.917 842.209 1808.07 3993.73 9049.34 21203.3 51689.3 130992 343145 939716 2.71127e+06 7.73821e+06 -8.85063e+07 4.59891e+07 8.9802e+07 1.58002e+08 2.60257e+08 4.03344e+08 
0.000932474 0.000211945 0.000383354 0.000694249 0.0012591 0.00228702 0.00416188 0.00759063 0.0138791 0.0254468 0.0468161 0.0864778 0.160413 0.299105 0.561163 1.06012 2.01791 3.87748 7.53374 14.8045 29.5072 59.8096 123.5 260.183 562.139 1251.03 2863.37 6793.91 16819.2 43487.1 117146 332530 1.00346e+06 3.05918e+06 9.51642e+06 -1.27644e+08 6.46012e+07 1.24798e+08 2.19082e+08 3.53144e+08 
0.000230277 5.23465e-05 9.46951e-05 0.000171519 0.000311127 0.000565253 0.0010289 0.0018771 0.00343334 0.00629747 0.0115912 0.0214224 0.0397633 0.0741979 0.139324 0.263468 0.502116 0.966192 1.88028 3.70237 7.39687 15.0346 31.1483 65.8981 143.09 320.322 738.948 1770.59 4436.34 11651.7 32086.2 93741.3 293445 948237 3.19237e+06 1.10981e+07 -1.81962e+08 8.31868e+07 1.62432e+08 2.82077e+08 
4.57872e-05 1.04091e-05 1.88318e-05 3.41132e-05 6.18866e-05 0.000112451 0.000204722 0.000373558 0.000683407 0.00125383 0.0023085 0.00426788 0.00792505 0.014795 0.027796 0.0525962 0.100314 0.193197 0.376353 0.741984 1.48458 3.02265 6.27515 13.3102 28.9907 65.134 150.989 363.991 918.866 2437.21 6806.44 20260.5 64972.5 218610 781440 2.98278e+06 1.15734e+07 -2.48662e+08 9.78543e+07 1.9929e+08 
7.15281e-06 1.62618e-06 2.94224e-06 5.33015e-06 9.67054e-06 1.75736e-05 3.19973e-05 5.83937e-05 0.000106845 0.000196063 0.000361059 0.000667673 0.00124017 0.002316 0.00435284 0.00824025 0.0157247 0.0303035 0.0590738 0.116567 0.23347 0.47592 0.989433 2.10241 4.58878 10.3349 24.0352 58.1749 147.58 393.956 1110.25 3345.2 10897.8 37677 140541 571728 2.46743e+06 1.06844e+07 -3.28967e+08 1.19786e+08 
8.47644e-07 1.92718e-07 3.487e-07 6.3174e-07 1.14624e-06 2.08314e-06 3.79322e-06 6.92313e-06 1.26689e-05 2.32509e-05 4.28241e-05 7.92043e-05 0.000147148 0.000274865 0.00051674 0.000978537 0.00186804 0.00360151 0.00702423 0.0138689 0.027797 0.0567079 0.118005 0.251028 0.548614 1.23744 2.88325 6.9944 17.791 47.651 134.903 408.91 1342.45 4706.1 17976.1 76059.4 353639 1.79586e+06 9.8861e+06 -4.18145e+08 
dt_FE: 2.3915e-09
dt_EA: 2.3915e-09
dt_PE: 2.3915e-09
tolC: 1e-06
dt_grow: 1.03
dt_max: 0.1
steps: 0
