t: 1.10799e-07
dt: 2.39169e-09
N: 0.0815736 0.0934822 0.106958 0.122171 0.139285 0.158414 0.179705 0.203284 0.229202 0.257395 0.287881 0.320537 0.354888 0.390646 0.427373 0.464283 0.50027 0.534765 0.566818 0.594477 0.617082 0.633618 0.642352 0.641157 0.629248 0.604672 0.563431 0.504728 0.428084 0.335803 0.236664 0.147473 0.0766505 0.0340351 0.0129338 0.00415115 0.00110623 0.000238763 4.04407e-05 5.17716e-06 
eC: 1 1.15749 1.33977 1.55077 1.795 2.07768 2.40489 2.78363 3.22201 3.72944 4.31677 4.99661 5.78351 6.69433 7.7486 8.9689 10.3814 12.0163 13.9087 16.0991 18.6345 21.5692 24.9661 28.8979 33.4489 38.7167 44.814 51.8717 60.0407 69.4963 80.4411 93.1095 107.773 124.746 144.391 167.131 193.452 223.918 259.182 300 
dV: 1.08333 0.211322 0.327712 0.508206 0.788112 1.22218 1.89532 2.93921 4.55805 7.06849 10.9616 16.999 26.3615 40.8807 63.3966 98.3136 152.462 236.434 366.655 568.597 881.764 1367.42 2120.55 3288.49 5099.69 7908.45 12264.2 19019 29494.1 45738.6 70930.1 109996 170579 264529 410225 636165 986546 1.52991e+06 2.37254e+06 3.67926e+06 
kVec: 990020 1.14772e+06 1.32296e+06 1.52483e+06 1.75711e+06 2.02348e+06 2.32869e+06 2.67802e+06 3.07699e+06 3.53016e+06 4.04517e+06 4.62922e+06 5.28501e+06 6.02062e+06 6.84322e+06 7.75652e+06 8.75396e+06 9.84484e+06 1.10307e+07 1.22736e+07 1.35767e+07 1.49299e+07 1.63039e+07 1.76204e+07 1.89185e+07 2.02348e+07 2.14242e+07 2.27175e+07 2.43887e+07 2.68655e+07 3.06217e+07 3.69279e+07 4.76888e+07 6.42256e+07 8.96559e+07 1.28167e+08 1.82145e+08 2.48695e+08 3.28949e+08 4.18115e+08 
cMat: 
-113306 881.811 1036.18 1206.97 1407.02 1642.55 1920.05 2247.25 2634.59 3096.41 3646.41 4303.14 5097.79 6059.56 7226.38 8656.16 10433.6 12638.1 15388.2 18915.7 23430.2 29238.4 36856.8 47055.4 60660.1 78982 104595 140120 189759 260569 362860 510242 724341 1.04153e+06 1.50379e+06 2.17382e+06 3.12484e+06 4.46597e+06 6.3897e+06 9.17483e+06 
4426.7 -135278 1178.77 1373.07 1600.66 1868.63 2184.35 2556.62 2997.32 3522.79 4148.6 4895.89 5800.15 6894.64 8222.53 9849.79 11872.9 14382.2 17512.9 21529 26669.3 33283.5 41960.4 53577.6 69077.1 89954.4 119146 159641 216237 296986 413656 581787 826068 1.18802e+06 1.71559e+06 2.48035e+06 3.5659e+06 5.0967e+06 7.29252e+06 1.04716e+07 
3274.16 741.975 -154991 1557.65 1815.86 2119.88 2478.07 2900.44 3400.48 3996.71 4706.81 5554.8 6580.96 7823.07 9330.16 11177.1 13473.6 16322.3 19876.7 24437 30274.6 37787.1 47643.9 60843.6 78457.7 102188 135377 181427 245803 337674 470444 661815 939923 1.35206e+06 1.95286e+06 2.82391e+06 4.06041e+06 5.80402e+06 8.30512e+06 1.19262e+07 
2391.86 542.035 976.889 -178018 2054.01 2397.94 2803.16 3280.99 3846.71 4521.28 5324.73 6284.22 7445.4 8851.03 10556.6 12647.1 15246.5 18471.4 22495.7 27659.5 34270.8 42780.1 53947.1 68904.4 88868.3 115771 153406 205639 278678 382941 533657 750951 1.0668e+06 1.53495e+06 2.21754e+06 3.20731e+06 4.61243e+06 6.59377e+06 9.4359e+06 1.35507e+07 
1741.4 394.634 711.24 1282.81 -204823 2679.59 3160.61 3699.44 4337.4 5098.16 6004.29 7086.48 8396.23 9981.84 11906 14264.5 17197.6 20836.9 25378.8 31207.9 38672.1 48281 60893.6 77791.4 100351 130759 173310 232386 315017 433009 603619 849663 1.2074e+06 1.73774e+06 2.51116e+06 3.63284e+06 5.22533e+06 7.47081e+06 1.06919e+07 1.53554e+07 
1263.65 286.37 516.123 930.906 1665.62 -235909 3548.94 4154.07 4870.56 5725.01 6742.8 7958.41 9429.77 11211.2 13373.1 16023.4 19319.9 23410.6 28516.6 35071.1 43465.8 54274.9 68466.6 87485.5 112884 147130 195070 261649 354811 487889 680380 958073 1.36196e+06 1.96085e+06 2.83446e+06 4.1017e+06 5.90103e+06 8.43805e+06 1.20774e+07 1.73464e+07 
913.241 206.962 373.012 672.793 1214.63 2194.14 -271895 4644.07 5445.23 6400.73 7538.96 8898.52 10544.3 12537 14955.7 17921.2 21610.3 26188.8 31904.9 39244.1 48646.2 60755.5 76658.9 97978.9 126460 164876 218678 293428 398068 547607 763995 1.07628e+06 1.53066e+06 2.20459e+06 3.18797e+06 4.61476e+06 6.64087e+06 9.49751e+06 1.35954e+07 1.95284e+07 
656.788 148.845 268.271 483.882 873.598 1578.13 2853.64 -313482 5995.57 7122.33 8389.27 9902.69 11734.9 13953.7 16647.1 19949.8 24059.2 29160.3 35530 43710.8 54193.6 67698.8 85441.3 109236 141036 183945 244068 327642 444689 612041 854317 1.20412e+06 1.71329e+06 2.46875e+06 3.57143e+06 5.17177e+06 7.44459e+06 1.06489e+07 1.52456e+07 2.19009e+07 
469.88 106.489 191.933 346.197 625.035 1129.14 2041.82 3658.73 -361668 7881.75 9284.27 10959.8 12988.6 15445.7 18428.8 22087.4 26640.6 32293.8 39354.5 48425.6 60052.8 75037.2 94730.6 121154 156481 204174 271038 364031 494342 680768 950799 1.34087e+06 1.90895e+06 2.7521e+06 3.98325e+06 5.7706e+06 8.30939e+06 1.18885e+07 1.70228e+07 2.44567e+07 
334.429 75.7927 136.61 246.415 444.896 803.737 1453.45 2632.04 4773.01 -417266 10206.9 12049.8 14281.5 16985 20267.7 24294.6 29307.3 35532.8 43310.3 53306 66123.1 82647.6 104375 133543 172562 225268 299209 402115 546414 752993 1.05241e+06 1.4852e+06 2.11586e+06 3.05231e+06 4.42032e+06 6.40713e+06 9.22972e+06 1.32086e+07 1.89166e+07 2.71812e+07 
236.434 53.5847 96.5841 174.221 314.562 568.3 1027.74 1861.2 3375.34 6127.63 -481665 13160.8 15599.9 18555 22144 26547.7 32031 38842.9 47355.6 58300.8 72341.4 90451.4 114276 146279 189117 247019 328314 441537 600427 828074 1.15827e+06 1.63589e+06 2.33235e+06 3.36703e+06 4.8793e+06 7.07661e+06 1.01989e+07 1.45998e+07 2.09135e+07 3.0055e+07 
165.892 37.5981 67.7707 122.25 220.734 398.803 721.245 1306.22 2369.01 4301.04 7824.87 -556441 16792.5 20126.8 24023.4 28805.6 34762.3 42164.6 51418.4 63322.1 78599.6 98314.9 124267 159152 205879 269086 357905 481714 655611 904982 1.26699e+06 1.79105e+06 2.55581e+06 3.69261e+06 5.35513e+06 7.77194e+06 1.12069e+07 1.60481e+07 2.29935e+07 3.305e+07 
115.646 26.2109 47.2467 85.2307 153.898 278.062 502.911 910.862 1652.09 2999.7 5457.9 9881.52 -643201 21640 25834 30983 37399 45375.2 55350.8 68190.2 84678.2 105969 134015 171745 222327 290810 387146 521573 710583 981926 1.37623e+06 1.94761e+06 2.78222e+06 4.0237e+06 5.84062e+06 8.48348e+06 1.22408e+07 1.75357e+07 2.51322e+07 3.61317e+07 
79.9747 18.1267 32.6756 58.9475 106.444 192.334 347.882 630.124 1142.99 2075.54 3776.83 6890.45 12589.9 -744483 27542.4 33039.6 39892.7 48416.1 59081.2 72817.3 90468.5 113277 143348 183843 238182 311831 415562 560481 764500 1.05776e+06 1.48443e+06 2.10342e+06 3.00857e+06 4.35608e+06 6.32983e+06 9.20283e+06 1.32886e+07 1.90457e+07 2.73057e+07 3.92659e+07 
54.8057 12.4224 22.3939 40.4009 72.9576 131.835 238.473 431.985 783.659 1423.2 2590.1 4726.07 8636.73 15826.9 -863183 34543.1 42191.5 51224.4 62533.3 77109.4 95854.4 120096 152086 195213 253149 331765 442650 597777 816476 1.1313e+06 1.58997e+06 2.25625e+06 3.23181e+06 4.68548e+06 6.81675e+06 9.92156e+06 1.43387e+07 2.05617e+07 2.94904e+07 4.24191e+07 
37.2437 8.44209 15.2193 27.4586 49.5889 89.6141 162.114 293.692 532.841 967.815 1761.61 3214.89 5876.29 10770.9 19596.7 -1.0038e+06 44216.2 53704.9 65592.1 80926.9 100665 126214 159968 205530 266817 350096 467752 632617 865432 1.20116e+06 1.69106e+06 2.40382e+06 3.44898e+06 5.00807e+06 7.29647e+06 1.06333e+07 1.53827e+07 2.20726e+07 3.16717e+07 4.55711e+07 
25.1487 5.70077 10.2778 18.5445 33.4928 60.5314 109.514 198.421 360.041 654.055 1190.72 2173.46 3973.7 7285.59 13409.2 24770.6 -1.17005e+06 55758.3 68138 84125 104724 131418 166731 214471 278789 366334 490265 664267 910482 1.26628e+06 1.7865e+06 2.54481e+06 3.6588e+06 5.32279e+06 7.7685e+06 1.13389e+07 1.64234e+07 2.35839e+07 3.38586e+07 4.87363e+07 
16.8419 3.81796 6.88378 12.4214 22.4359 40.5523 73.3758 132.962 241.299 438.425 798.321 1457.54 2665.52 4888.65 9000.82 16634 30827.4 -1.36967e+06 70246 86794.2 108142 135841 172540 222241 289322 380802 510604 693261 952329 1.32761e+06 1.87758e+06 2.68102e+06 3.86382e+06 5.63333e+06 8.23822e+06 1.20461e+07 1.74723e+07 2.51121e+07 3.6075e+07 5.19492e+07 
11.1931 2.53757 4.57557 8.25704 14.9154 26.9622 48.792 88.4273 160.504 291.684 531.242 970.164 1774.77 3256.14 5997.52 11088.9 20562.3 38342.2 -1.61262e+06 88511.3 111035 139631 177582 229084 298735 393929 529354 720418 992135 1.38684e+06 1.96679e+06 2.81619e+06 4.06968e+06 5.94831e+06 8.71885e+06 1.2775e+07 1.85595e+07 2.67013e+07 3.83852e+07 5.53031e+07 
7.43826 1.68643 3.04111 5.4885 9.91547 17.9263 32.4452 58.8115 106.77 194.079 353.573 645.9 1182.01 2169.56 3998.08 7396.28 13724.3 25611.2 47850 -1.90751e+06 113309 142685 181752 234899 306954 405699 546636 746117 1.03075e+06 1.44567e+06 2.05736e+06 2.9561e+06 4.2865e+06 6.28489e+06 9.23871e+06 1.35715e+07 1.97563e+07 2.84587e+07 4.09476e+07 5.90302e+07 
4.93751 1.11954 2.01905 3.64432 6.58461 11.9062 21.553 39.0756 70.9563 129.015 235.112 429.649 786.604 1444.5 2663.42 4930.39 9155.78 17100.8 32168.1 60722.5 -2.27313e+06 145607 185810 240658 315236 417759 564650 773347 1.0723e+06 1.50991e+06 2.15762e+06 3.1129e+06 4.53221e+06 6.66989e+06 9.83808e+06 1.44959e+07 2.11523e+07 3.05145e+07 4.39508e+07 6.34037e+07 
3.27923 0.743607 1.34121 2.42115 4.37518 7.91245 14.3262 25.9792 47.1869 85.8231 156.455 286.022 523.901 962.61 1776 3290.03 6114.93 11432.5 21529.6 40695.8 77494 -2.73295e+06 188400 247418 324977 431980 585965 805696 1.12189e+06 1.58698e+06 2.27857e+06 3.3031e+06 4.83184e+06 7.14169e+06 1.05757e+07 1.56378e+07 2.28817e+07 3.30658e+07 4.76822e+07 6.88411e+07 
2.19284 0.497307 0.897083 1.61964 2.92727 5.29495 9.58912 17.3933 31.6014 57.4966 104.858 191.782 351.475 646.206 1193.09 2212.05 4115.5 7703.16 14525.3 27499.3 52459.8 99942.8 -3.32024e+06 255858 337139 449749 612651 846320 1.18441e+06 1.68459e+06 2.43259e+06 3.54669e+06 5.21781e+06 7.75262e+06 1.15354e+07 1.71294e+07 2.51479e+07 3.64155e+07 5.25872e+07 7.59932e+07 
1.48592 0.337027 0.608045 1.09798 1.98481 3.591 6.50496 11.8026 21.451 39.0447 71.24 130.364 239.069 439.866 812.81 1508.46 2809.78 5266.24 9945.24 18863.3 36062.4 69662.4 135799 -4.06737e+06 352302 472002 646273 897862 1.26435e+06 1.81054e+06 2.63323e+06 3.86704e+06 5.7302e+06 8.57051e+06 1.28295e+07 1.91536e+07 2.82381e+07 4.09962e+07 5.93072e+07 8.5801e+07 
1.01478 0.230196 0.415373 0.750196 1.3564 2.45467 4.44783 8.07276 14.6776 26.728 48.7925 89.3389 163.95 301.902 558.392 1037.42 1934.91 3631.94 6870.5 13058.5 25024.9 48473.2 94795.2 186637 -5.04458e+06 501447 690637 965813 1.36983e+06 1.97719e+06 2.89995e+06 4.29526e+06 6.41939e+06 9.67748e+06 1.45911e+07 2.19229e+07 3.24829e+07 4.73041e+07 6.85755e+07 9.93389e+07 
0.696779 0.158083 0.2853 0.515378 0.932047 1.68718 3.0581 5.5524 10.0994 18.4002 33.6088 61.5771 113.091 208.437 385.916 717.839 1340.79 2520.91 4777.7 9101.69 17488.8 33979.1 66688 131864 264438 -6.35043e+06 745352 1.05419e+06 1.50754e+06 2.19597e+06 3.25258e+06 4.86595e+06 7.34571e+06 1.11776e+07 1.69962e+07 2.57289e+07 3.83469e+07 5.60463e+07 8.14474e+07 1.18161e+08 
0.48334 0.109677 0.197979 0.357719 0.647092 1.17172 2.12457 3.85902 7.02257 12.8018 23.3984 42.9012 78.8621 145.501 269.709 502.375 939.916 1770.58 3362.96 6423.77 12381.9 24143.1 47584.4 94573.8 190776 390423 -8.04706e+06 1.14919e+06 1.66047e+06 2.44711e+06 3.67099e+06 5.56445e+06 8.51295e+06 1.31168e+07 2.01726e+07 3.08464e+07 4.63374e+07 6.80546e+07 9.92183e+07 1.44214e+08 
0.331975 0.0753433 0.136033 0.245851 0.444852 0.805783 1.46162 2.65602 4.83581 8.82086 16.1335 29.6044 54.4719 100.613 186.741 348.353 652.928 1232.52 2346.52 4495.36 8694.57 17019.9 33701.6 67364.2 136783 283111 589193 -1.03219e+07 1.82137e+06 2.72126e+06 4.14492e+06 6.38352e+06 9.92707e+06 1.55356e+07 2.42334e+07 3.75242e+07 5.69248e+07 8.41141e+07 1.23125e+08 1.79366e+08 
0.22185 0.0503594 0.0909447 0.164406 0.29757 0.539193 0.978449 1.77884 3.24047 5.91469 10.8261 19.8821 36.6203 67.7206 125.862 235.158 441.615 835.472 1594.63 3064.51 5948.95 11694.7 23273.7 46809.6 95731.4 199783 420093 898768 -1.34185e+07 2.95256e+06 4.62728e+06 7.26175e+06 1.15163e+07 1.83676e+07 2.91515e+07 4.58401e+07 7.03813e+07 1.0478e+08 1.5413e+08 2.25134e+08 
0.141698 0.0321715 0.0581129 0.105083 0.190255 0.344868 0.626087 1.13879 2.0757 3.79128 6.94487 12.7656 23.538 43.5829 81.1171 151.814 285.684 541.751 1036.81 1999.22 3896.36 7694.69 15397.3 31178.9 64271.8 135363 287973 624603 1.37336e+06 -1.76837e+07 4.96161e+06 7.96926e+06 1.29533e+07 2.11703e+07 3.43628e+07 5.51298e+07 8.59819e+07 1.29272e+08 1.91377e+08 2.80476e+08 
0.0842645 0.0191355 0.0345739 0.0625357 0.113258 0.205376 0.373012 0.678813 1.238 2.26279 4.1483 7.63201 14.088 26.1188 48.6842 91.2715 172.117 327.185 627.911 1214.98 2377.66 4717.89 9494.78 19364.6 40255.7 85618.2 184479 406271 919129 2.11879e+06 -2.34757e+07 8.10592e+06 1.35969e+07 2.29644e+07 3.84404e+07 6.3419e+07 1.01112e+08 1.54169e+08 2.30319e+08 3.39089e+08 
0.0450835 0.01024 0.018506 0.0334821 0.060658 0.110035 0.199937 0.364029 0.664286 1.21501 2.22921 4.10496 7.58569 14.0817 26.286 49.3645 93.2853 177.759 342.087 664.22 1305.19 2602.22 5267.13 10820.2 22686.3 48735.1 106395 238065 548817 1.29485e+06 3.08417e+06 -3.17608e+07 1.30911e+07 2.3019e+07 4.00537e+07 6.8495e+07 1.12396e+08 1.74608e+08 2.64038e+08 3.91069e+08 
0.0213572 0.00485191 0.00877059 0.0158725 0.0287643 0.0521985 0.0948867 0.172846 0.315589 0.577622 1.0606 1.95475 3.61614 6.72125 12.5644 23.6355 44.7566 85.4885 164.967 321.407 634.131 1270.27 2585.83 5350.39 11314.3 24550.9 54317.7 123543 290442 702332 1.72637e+06 4.36854e+06 -4.41949e+07 2.10985e+07 3.85638e+07 6.89747e+07 1.1741e+08 1.86854e+08 2.8704e+08 4.28436e+08 
0.00881166 0.00200219 0.00362006 0.006553 0.0118787 0.0215636 0.039214 0.0714641 0.13055 0.239095 0.439327 0.810365 1.5006 2.79235 5.22678 9.84755 18.6828 35.7635 69.1853 135.218 267.776 538.725 1102.41 2296.18 4894.18 10719.3 24014.4 55476.2 132918 329362 836632 2.2041e+06 6.05391e+06 -6.21088e+07 3.15814e+07 6.03361e+07 1.08863e+08 1.80396e+08 2.84751e+08 4.30954e+08 
0.00311658 0.000708269 0.00128085 0.00231912 0.004205 0.00763578 0.0138909 0.0253255 0.0462864 0.0848202 0.155957 0.287887 0.533583 0.993964 1.86278 3.51459 6.67951 12.8119 24.8418 48.6915 96.7539 195.425 401.82 842.005 1807.63 3992.77 9047.16 21198.2 51676.8 130960 343062 939489 2.71062e+06 7.73634e+06 -8.85234e+07 4.5978e+07 8.97803e+07 1.57964e+08 2.60194e+08 4.03247e+08 
0.000932402 0.000211928 0.000383325 0.000694195 0.001259 0.00228684 0.00416156 0.00759005 0.013878 0.0254448 0.0468124 0.086471 0.160401 0.299082 0.56112 1.06004 2.01775 3.87718 7.53316 14.8034 29.5049 59.805 123.49 260.163 562.096 1250.93 2863.15 6793.38 16817.9 43483.8 117137 332505 1.00339e+06 3.05895e+06 9.51568e+06 -1.27643e+08 6.45962e+07 1.24788e+08 2.19065e+08 3.53116e+08 
0.000230272 5.23454e-05 9.46931e-05 0.000171516 0.00031112 0.000565242 0.00102888 0.00187707 0.00343327 0.00629734 0.011591 0.021422 0.0397625 0.0741964 0.139321 0.263463 0.502105 0.966172 1.88024 3.7023 7.39671 15.0343 31.1477 65.8967 143.087 320.315 738.933 1770.55 4436.25 11651.5 32085.5 93739.3 293438 948217 3.1923e+06 1.10979e+07 -1.81946e+08 8.3185e+07 1.62428e+08 2.82071e+08 
4.5787e-05 1.0409e-05 1.88317e-05 3.4113e-05 6.18863e-05 0.00011245 0.000204721 0.000373557 0.000683404 0.00125383 0.00230849 0.00426786 0.00792502 0.0147949 0.0277959 0.052596 0.100314 0.193197 0.376351 0.741981 1.48457 3.02264 6.27512 13.3102 28.9906 65.1337 150.988 363.99 918.862 2437.2 6806.41 20260.4 64972.2 218609 781436 2.98277e+06 1.15733e+07 -2.48637e+08 9.78539e+07 1.99289e+08 
7.15281e-06 1.62618e-06 2.94223e-06 5.33015e-06 9.67053e-06 1.75736e-05 3.19973e-05 5.83937e-05 0.000106845 0.000196063 0.000361059 0.000667672 0.00124016 0.002316 0.00435284 0.00824024 0.0157247 0.0303035 0.0590737 0.116567 0.23347 0.475919 0.989432 2.10241 4.58878 10.3349 24.0352 58.1749 147.58 393.956 1110.25 3345.19 10897.8 37677 140541 571728 2.46743e+06 1.06843e+07 -3.28936e+08 1.19786e+08 
8.47644e-07 1.92718e-07 3.487e-07 6.3174e-07 1.14624e-06 2.08314e-06 3.79322e-06 6.92313e-06 1.26689e-05 2.32509e-05 4.28241e-05 7.92043e-05 0.000147148 0.000274865 0.00051674 0.000978537 0.00186804 0.00360151 0.00702423 0.0138689 0.027797 0.0567079 0.118005 0.251028 0.548614 1.23744 2.88325 6.9944 17.791 47.651 134.903 408.91 1342.45 4706.1 17976.1 76059.4 353639 1.79586e+06 9.8861e+06 -4.18113e+08 
dt_FE: 2.39169e-09
dt_EA: 2.39169e-09
dt_PE: 2.39169e-09
tolC: 1e-06
dt_grow: 1.03
dt_max: 0.1
steps: 0
