t: 1.32322e-07
dt: 2.3913e-09
N: 0.0987149 0.112946 0.128992 0.147034 0.167235 0.189692 0.214532 0.241847 0.271626 0.303716 0.338047 0.374377 0.412061 0.45067 0.489614 0.527947 0.564426 0.598418 0.628936 0.654076 0.673269 0.685607 0.689524 0.683093 0.665474 0.634639 0.586837 0.521027 0.43696 0.337999 0.23439 0.142676 0.0738779 0.0328141 0.012457 0.00399672 0.00106487 0.0002298 3.89183e-05 4.98185e-06 
eC: 1 1.15749 1.33977 1.55077 1.795 2.07768 2.40489 2.78363 3.22201 3.72944 4.31677 4.99661 5.78351 6.69433 7.7486 8.9689 10.3814 12.0163 13.9087 16.0991 18.6345 21.5692 24.9661 28.8979 33.4489 38.7167 44.814 51.8717 60.0407 69.4963 80.4411 93.1095 107.773 124.746 144.391 167.131 193.452 223.918 259.182 300 
dV: 1.08333 0.211322 0.327712 0.508206 0.788112 1.22218 1.89532 2.93921 4.55805 7.06849 10.9616 16.999 26.3615 40.8807 63.3966 98.3136 152.462 236.434 366.655 568.597 881.764 1367.42 2120.55 3288.49 5099.69 7908.45 12264.2 19019 29494.1 45738.6 70930.1 109996 170579 264529 410225 636165 986546 1.52991e+06 2.37254e+06 3.67926e+06 
kVec: 1.00002e+06 1.15917e+06 1.33604e+06 1.53975e+06 1.77409e+06 2.04273e+06 2.35043e+06 2.70249e+06 3.10437e+06 3.56059e+06 4.07874e+06 4.66591e+06 5.3246e+06 6.06267e+06 6.88703e+06 7.80094e+06 8.79721e+06 9.88464e+06 1.1064e+07 1.22962e+07 1.35835e+07 1.4915e+07 1.62607e+07 1.75413e+07 1.8797e+07 2.00654e+07 2.12055e+07 2.24535e+07 2.40905e+07 2.65538e+07 3.03244e+07 3.66723e+07 4.7493e+07 6.40968e+07 8.95893e+07 1.28153e+08 1.82171e+08 2.48746e+08 3.29012e+08 4.18182e+08 
cMat: 
-105326 865.353 1016.84 1184.44 1380.76 1611.9 1884.21 2205.3 2585.42 3038.62 3578.35 4222.83 5002.64 5946.47 7091.51 8494.6 10238.8 12402.2 15101 18562.7 22992.9 28692.7 36168.9 46177.2 59527.9 77507.9 102643 137505 186218 255706 356088 500719 710822 1.02209e+06 1.47573e+06 2.13325e+06 3.06652e+06 4.38262e+06 6.27044e+06 9.00359e+06 
4331.66 -125940 1153.46 1343.59 1566.29 1828.51 2137.45 2501.72 2932.97 3447.15 4059.53 4790.77 5675.61 6746.6 8045.99 9638.31 11617.9 14073.4 17136.9 21066.8 26096.7 32568.9 41059.4 52427.2 67594 88023 116588 156213 211594 290610 404775 569295 808332 1.16251e+06 1.67875e+06 2.42709e+06 3.48934e+06 4.98727e+06 7.13595e+06 1.02468e+07 
3193.37 723.667 -144182 1519.22 1771.05 2067.58 2416.93 2828.88 3316.57 3898.09 4590.68 5417.74 6418.58 7630.05 9099.95 10901.4 13141.2 15919.6 19386.3 23834.1 29527.7 36854.7 46468.4 59342.4 76521.9 99666.8 132036 176951 239738 329343 458836 645486 916732 1.3187e+06 1.90468e+06 2.75424e+06 3.96022e+06 5.66082e+06 8.1002e+06 1.16319e+07 
2324.11 526.683 949.22 -165496 1995.84 2330.02 2723.76 3188.06 3737.75 4393.22 5173.91 6106.23 7234.52 8600.34 10257.6 12288.9 14814.7 17948.3 21858.5 26876.1 33300.1 41568.4 52419.1 66952.8 86351.2 112492 149061 199815 270785 372095 518542 729681 1.03659e+06 1.49148e+06 2.15473e+06 3.11647e+06 4.48179e+06 6.40701e+06 9.16864e+06 1.31669e+07 
1684.85 381.819 688.144 1241.15 -190307 2592.58 3057.97 3579.31 4196.55 4932.6 5809.32 6856.36 8123.58 9657.69 11519.4 13801.3 16639.1 20160.2 24554.6 30194.5 37416.3 46713.2 58916.2 75265.3 97092.1 126513 167683 224839 304787 418948 584018 822072 1.16819e+06 1.68131e+06 2.42962e+06 3.51487e+06 5.05565e+06 7.22821e+06 1.03447e+07 1.48567e+07 
1216.69 275.727 496.941 896.308 1603.72 -219081 3417.04 3999.69 4689.54 5512.23 6492.2 7662.63 9079.31 10794.5 12876.1 15427.9 18601.9 22540.5 27456.7 33767.6 41850.3 52257.8 65922 84234 108689 141662 187820 251925 341624 469756 655093 922465 1.31134e+06 1.88797e+06 2.72911e+06 3.94925e+06 5.68171e+06 8.12444e+06 1.16285e+07 1.67018e+07 
874.468 198.175 357.175 644.228 1163.06 2100.99 -252390 4446.9 5214.05 6128.98 7218.88 8520.71 10096.6 12004.7 14320.8 17160.3 20692.8 25076.9 30550.3 37577.9 46580.8 58176 73404.2 93819 121091 157876 209393 280970 381167 524357 731558 1.03059e+06 1.46567e+06 2.11099e+06 3.05262e+06 4.41883e+06 6.35892e+06 9.09427e+06 1.30181e+07 1.86993e+07 
624.998 141.641 255.286 460.462 831.314 1501.74 2715.52 -290881 5705.37 6777.6 7983.22 9423.38 11166.9 13278.3 15841.3 18984.2 22894.7 27748.9 33810.3 41595.1 51570.6 64422 81305.8 103949 134209 175042 232255 311783 423165 582417 812967 1.14584e+06 1.63037e+06 2.34926e+06 3.39856e+06 4.92144e+06 7.08425e+06 1.01335e+07 1.45077e+07 2.08409e+07 
444.019 100.628 181.369 327.143 590.634 1066.99 1929.44 3457.36 -335491 7447.95 8773.28 10356.6 12273.7 14595.6 17414.5 20871.7 25174.3 30516.4 37188.5 45760.3 56747.6 70907.2 89516.8 114485 147869 192937 256120 343995 467135 643299 898468 1.26707e+06 1.80388e+06 2.60063e+06 3.76402e+06 5.453e+06 7.85205e+06 1.12341e+07 1.60859e+07 2.31107e+07 
313.568 71.065 128.089 231.044 417.145 753.603 1362.79 2467.86 4475.29 -386993 9570.22 11298.2 13390.7 15925.5 19003.5 22779.2 27479.3 33316.4 40608.8 49981 61998.6 77492.3 97864.6 125213 161798 211217 280546 377032 512331 706024 986763 1.39256e+06 1.98388e+06 2.86192e+06 4.1446e+06 6.00748e+06 8.65401e+06 1.23847e+07 1.77367e+07 2.54857e+07 
219.778 49.8099 89.7801 161.948 292.403 528.265 955.337 1730.09 3137.56 5695.96 -446699 12233.7 14500.9 17247.9 20584.1 24677.5 29774.5 36106.5 44019.6 54193.7 67245.2 84079.4 106226 135974 175794 229618 305185 410432 558129 769739 1.07667e+06 1.52065e+06 2.16804e+06 3.12983e+06 4.53557e+06 6.57809e+06 9.48039e+06 1.35713e+07 1.94402e+07 2.79378e+07 
152.747 34.6189 62.4006 112.563 203.244 367.202 664.095 1202.72 2181.29 3960.23 7204.84 -516126 15461.9 18532 22119.8 26523.1 32007.8 38823.5 47344.1 58304.5 72371.5 90524.5 114420 146541 189565 247764 329545 443544 603661 833272 1.16659e+06 1.64913e+06 2.35329e+06 3.40001e+06 4.9308e+06 7.1561e+06 1.03189e+07 1.47765e+07 2.11716e+07 3.04312e+07 
105.397 23.888 43.0595 77.6772 140.259 253.419 458.341 830.138 1505.68 2733.86 4974.19 9005.78 -596851 19722.2 23544.5 28237.1 34084.6 41353.9 50445.4 62146.9 77173.7 96577.3 122138 156525 202624 265038 352836 475349 647608 894903 1.25426e+06 1.775e+06 2.53565e+06 3.6671e+06 5.323e+06 7.73164e+06 1.11559e+07 1.59816e+07 2.29049e+07 3.29295e+07 
72.0968 16.3411 29.4569 53.1409 95.959 173.388 313.614 568.054 1030.4 1871.09 3404.8 6211.72 11349.7 -691356 24829.4 29785.1 35963.1 43646.9 53261.5 65644.5 81557 102119 129228 165733 214721 281114 374627 505271 689193 953568 1.33821e+06 1.89622e+06 2.71221e+06 3.92699e+06 5.70631e+06 8.29632e+06 1.19796e+07 1.71697e+07 2.4616e+07 3.5398e+07 
48.8486 11.0722 19.9598 36.0095 65.0275 117.505 212.552 385.03 698.479 1268.5 2308.57 4212.37 7697.96 14106.6 -802533 30788.4 37605.5 45656.6 55736.3 68728.1 85435.5 107042 135555 173994 225633 295704 394536 532802 727729 1.00833e+06 1.41715e+06 2.01101e+06 2.88053e+06 4.17619e+06 6.0758e+06 8.84314e+06 1.27801e+07 1.83267e+07 2.6285e+07 3.78084e+07 
32.8177 7.43884 13.4106 24.1955 43.6958 78.9644 142.849 258.79 469.519 852.801 1552.26 2832.83 5177.96 9490.88 17267.9 -934801 38961.6 47322.7 57797.2 71309.6 88701.8 111215 140957 181105 235109 308491 412164 557438 762585 1.05841e+06 1.49009e+06 2.11815e+06 3.03911e+06 4.41291e+06 6.42936e+06 9.36968e+06 1.35546e+07 1.94495e+07 2.79079e+07 4.01555e+07 
21.9201 4.9689 8.95836 16.1637 29.193 52.7604 95.4545 172.948 313.819 570.088 1037.85 1894.43 3463.56 6350.27 11687.7 21590.6 -1.09203e+06 48600 59390.5 73325 91279.5 114547 145326 186937 242998 319304 427325 578988 793594 1.10371e+06 1.55715e+06 2.2181e+06 3.18908e+06 4.63945e+06 6.77118e+06 9.8832e+06 1.4315e+07 2.05562e+07 2.95118e+07 4.24796e+07 
14.5376 3.29559 5.94194 10.7219 19.3662 35.0039 63.3366 114.77 208.284 378.44 689.095 1258.12 2300.82 4219.78 7769.33 14358.1 26609.6 -1.28195e+06 60635 74919 93345.9 117256 148933 191834 249737 328701 440743 598409 822032 1.14597e+06 1.62069e+06 2.3142e+06 3.33517e+06 4.86258e+06 7.11107e+06 1.03979e+07 1.50818e+07 2.16763e+07 3.11393e+07 4.48416e+07 
9.58804 2.17368 3.91943 7.07298 12.7766 23.0958 41.7952 75.7468 137.488 249.856 455.062 831.042 1520.27 2789.21 5137.47 9498.76 17613.7 32843.9 -1.51462e+06 75818.7 95112.4 119608 152117 196233 255896 337439 453445 617110 849862 1.18796e+06 1.68475e+06 2.41234e+06 3.48609e+06 5.09532e+06 7.46856e+06 1.09431e+07 1.5898e+07 2.28723e+07 3.28807e+07 4.73726e+07 
6.34507 1.43858 2.59416 4.68187 8.45822 15.2917 27.6768 50.1681 91.0781 165.556 301.609 550.973 1008.3 1850.7 3410.49 6309.27 11707.3 21847.1 40817.6 -1.79895e+06 96656.5 121715 155041 200376 261841 346074 466298 636462 879264 1.2332e+06 1.755e+06 2.52165e+06 3.65652e+06 5.36121e+06 7.88091e+06 1.1577e+07 1.68528e+07 2.42762e+07 3.49296e+07 5.03547e+07 
4.21301 0.955267 1.72278 3.10957 5.61842 10.1591 18.3904 33.3419 60.5446 110.084 200.613 366.605 671.183 1232.54 2272.6 4206.94 7812.32 14591.5 27448 51812.4 -2.15388e+06 124241 158545 205346 268980 356460 481797 659871 914960 1.28836e+06 1.84103e+06 2.65614e+06 3.86718e+06 5.69119e+06 8.3945e+06 1.23689e+07 1.80485e+07 2.6037e+07 3.75018e+07 5.41003e+07 
2.81392 0.638091 1.1509 2.07759 3.75435 6.7897 12.2934 22.2928 40.4912 73.6451 134.255 245.436 449.561 826.018 1523.99 2823.18 5247.23 9810.26 18474.6 34921.2 66497.8 -2.60339e+06 161666 212310 278864 370683 502818 691370 962699 1.36179e+06 1.95524e+06 2.8344e+06 4.14622e+06 6.1283e+06 9.07505e+06 1.34189e+07 1.96348e+07 2.83739e+07 4.09162e+07 5.90727e+07 
1.90362 0.431715 0.778763 1.40602 2.54118 4.59658 8.32437 15.0993 27.4333 49.9131 91.0279 166.487 305.118 560.976 1035.73 1920.29 3572.69 6687.16 12609.5 23872.3 45540.7 86761 -3.18073e+06 222112 292672 390430 531847 734696 1.02819e+06 1.46241e+06 2.11175e+06 3.0789e+06 4.52962e+06 6.73009e+06 1.00139e+07 1.48702e+07 2.18311e+07 3.16125e+07 4.56513e+07 6.59702e+07 
1.31227 0.297641 0.536986 0.969662 1.75285 3.17134 5.74477 10.4233 18.9441 34.4818 62.9146 115.129 211.13 388.462 717.822 1332.17 2481.41 4650.8 8783 16658.9 31848 61521.4 119929 -3.91923e+06 311130 416842 570747 792934 1.11659e+06 1.59895e+06 2.3255e+06 3.41513e+06 5.06054e+06 7.56893e+06 1.13302e+07 1.69152e+07 2.49381e+07 3.62052e+07 5.23763e+07 7.5774e+07 
0.915623 0.207703 0.374787 0.676894 1.22387 2.21483 4.01323 7.28396 13.2435 24.1164 44.025 80.6095 147.931 272.403 503.831 936.051 1745.85 3277.06 6199.18 11782.5 22579.7 43736.8 85532.7 168400 -4.8898e+06 452450 623154 871442 1.23598e+06 1.784e+06 2.61659e+06 3.87557e+06 5.79214e+06 8.73189e+06 1.31654e+07 1.97808e+07 2.93089e+07 4.26819e+07 6.18749e+07 8.96324e+07 
0.643961 0.1461 0.263674 0.47631 0.861395 1.55928 2.82629 5.13151 9.33379 17.0054 31.0612 56.9093 104.519 192.637 356.663 663.424 1239.16 2329.81 4415.54 8411.75 16163.1 31403.4 61632.8 121868 244393 -6.19129e+06 688852 974277 1.39327e+06 2.02951e+06 3.00602e+06 4.49709e+06 6.78888e+06 1.03303e+07 1.57078e+07 2.37786e+07 3.54401e+07 5.17978e+07 7.52734e+07 1.09204e+08 
0.457427 0.103797 0.187365 0.338541 0.6124 1.1089 2.01067 3.65213 6.64607 12.1155 22.1439 40.6012 74.6341 137.7 255.249 475.442 889.525 1675.65 3182.66 6079.38 11718.1 22848.7 45033.2 89503.4 180548 369491 -7.88635e+06 1.08758e+06 1.57145e+06 2.31591e+06 3.47418e+06 5.26613e+06 8.05655e+06 1.24135e+07 1.90911e+07 2.91926e+07 4.38532e+07 6.4406e+07 9.3899e+07 1.36483e+08 
0.321049 0.0728638 0.131556 0.23776 0.430212 0.779264 1.41352 2.5686 4.67666 8.53056 15.6025 28.6301 52.6792 97.3021 180.595 336.888 631.44 1191.95 2269.3 4347.41 8408.43 16459.8 32592.5 65147.3 132281 273794 569802 -1.01618e+07 1.76143e+06 2.63171e+06 4.00851e+06 6.17344e+06 9.60036e+06 1.50243e+07 2.34359e+07 3.62893e+07 5.50514e+07 8.13459e+07 1.19073e+08 1.73463e+08 
0.218407 0.0495778 0.0895333 0.161855 0.292952 0.530825 0.963264 1.75123 3.19018 5.8229 10.6581 19.5735 36.052 66.6696 123.908 231.509 434.761 822.506 1569.88 3016.95 5856.63 11513.2 22912.5 46083.2 94245.7 196682 413573 884820 -1.32602e+07 2.90674e+06 4.55547e+06 7.14905e+06 1.13376e+07 1.80826e+07 2.86991e+07 4.51286e+07 6.92891e+07 1.03154e+08 1.51738e+08 2.2164e+08 
0.141229 0.0320651 0.0579208 0.104736 0.189626 0.343728 0.624018 1.13503 2.06884 3.77875 6.92192 12.7234 23.4602 43.4389 80.849 151.312 284.739 539.96 1033.38 1992.61 3883.48 7669.26 15346.4 31075.8 64059.4 134915 287021 622539 1.36882e+06 -1.75267e+07 4.94521e+06 7.94292e+06 1.29105e+07 2.11004e+07 3.42492e+07 5.49476e+07 8.56977e+07 1.28845e+08 1.90745e+08 2.79549e+08 
0.0845155 0.0191925 0.0346768 0.062722 0.113595 0.205988 0.374123 0.680834 1.24168 2.26953 4.16066 7.65474 14.1299 26.1966 48.8293 91.5434 172.63 328.159 629.781 1218.59 2384.74 4731.94 9523.06 19422.3 40375.6 85873.2 185029 407481 921866 2.1251e+06 -2.33214e+07 8.13006e+06 1.36374e+07 2.30328e+07 3.85549e+07 6.36079e+07 1.01413e+08 1.54628e+08 2.31005e+08 3.40099e+08 
0.0453371 0.0102976 0.0186101 0.0336705 0.0609993 0.110654 0.201062 0.366077 0.668023 1.22185 2.24175 4.12806 7.62836 14.1609 26.4338 49.6422 93.8101 178.759 344.012 667.956 1312.54 2616.85 5296.76 10881.1 22813.9 49009.3 106994 239404 551904 1.30214e+06 3.10152e+06 -3.16113e+07 1.31647e+07 2.31485e+07 4.0279e+07 6.88803e+07 1.13028e+08 1.7559e+08 2.65523e+08 3.93269e+08 
0.0214213 0.00486648 0.00879692 0.0159202 0.0288507 0.0523552 0.0951717 0.173365 0.316536 0.579356 1.06378 1.96062 3.62699 6.74144 12.6021 23.7065 44.891 85.7452 165.462 322.373 636.036 1274.08 2593.6 5366.45 11348.3 24624.7 54480.8 123914 291314 704441 1.73156e+06 4.38166e+06 -4.40833e+07 2.11619e+07 3.86796e+07 6.91818e+07 1.17763e+08 1.87415e+08 2.87902e+08 4.29722e+08 
0.00882279 0.00200472 0.00362463 0.00656129 0.0118938 0.0215909 0.0392635 0.0715545 0.130715 0.239397 0.439882 0.811389 1.50249 2.79588 5.23339 9.86 18.7064 35.8087 69.2728 135.389 268.115 539.406 1103.81 2299.09 4900.37 10732.9 24044.8 55546.3 133086 329779 837690 2.20688e+06 6.06157e+06 -6.20383e+07 3.16213e+07 6.04124e+07 1.09e+08 1.80624e+08 2.85111e+08 4.31499e+08 
0.00311809 0.000708612 0.00128147 0.00232024 0.00420703 0.00763947 0.0138976 0.0253377 0.0463087 0.0848612 0.156032 0.288026 0.53384 0.994445 1.86368 3.51629 6.68274 12.8181 24.8538 48.715 96.8006 195.52 402.014 842.412 1808.51 3994.7 9051.53 21208.4 51701.8 131023 343228 939943 2.71193e+06 7.74008e+06 -8.84907e+07 4.60002e+07 8.98237e+07 1.5804e+08 2.6032e+08 4.03442e+08 
0.000932547 0.000211961 0.000383384 0.000694303 0.0012592 0.0022872 0.0041622 0.00759122 0.0138802 0.0254487 0.0468197 0.0864845 0.160426 0.299129 0.561207 1.0602 2.01807 3.87778 7.53433 14.8057 29.5095 59.8143 123.509 260.203 562.183 1251.13 2863.59 6794.43 16820.5 43490.5 117155 332556 1.00354e+06 3.05942e+06 9.51715e+06 -1.27646e+08 6.46062e+07 1.24808e+08 2.19099e+08 3.53171e+08 
0.000230282 5.23475e-05 9.4697e-05 0.000171523 0.000311133 0.000565265 0.00102892 0.00187714 0.00343341 0.0062976 0.0115915 0.0214228 0.0397642 0.0741994 0.139327 0.263474 0.502126 0.966212 1.88032 3.70245 7.39702 15.0349 31.149 65.8994 143.093 320.328 738.964 1770.63 4436.43 11652 32086.8 93743.2 293451 948257 3.19244e+06 1.10983e+07 -1.81979e+08 8.31885e+07 1.62435e+08 2.82083e+08 
4.57874e-05 1.04091e-05 1.88319e-05 3.41133e-05 6.18869e-05 0.000112451 0.000204723 0.00037356 0.00068341 0.00125384 0.00230851 0.0042679 0.00792509 0.0147951 0.0277961 0.0525965 0.100314 0.193198 0.376354 0.741988 1.48458 3.02267 6.27517 13.3103 28.9908 65.1343 150.99 363.993 918.87 2437.22 6806.47 20260.6 64972.8 218611 781443 2.9828e+06 1.15734e+07 -2.48689e+08 9.78548e+07 1.99291e+08 
7.15282e-06 1.62619e-06 2.94224e-06 5.33016e-06 9.67055e-06 1.75736e-05 3.19974e-05 5.83938e-05 0.000106845 0.000196063 0.000361059 0.000667673 0.00124017 0.002316 0.00435285 0.00824025 0.0157247 0.0303036 0.0590738 0.116567 0.23347 0.47592 0.989434 2.10241 4.58879 10.3349 24.0352 58.175 147.58 393.956 1110.25 3345.2 10897.8 37677 140541 571728 2.46743e+06 1.06844e+07 -3.28999e+08 1.19786e+08 
8.47644e-07 1.92718e-07 3.487e-07 6.3174e-07 1.14624e-06 2.08314e-06 3.79322e-06 6.92313e-06 1.26689e-05 2.32509e-05 4.28241e-05 7.92043e-05 0.000147148 0.000274865 0.00051674 0.000978537 0.00186804 0.00360151 0.00702423 0.0138689 0.027797 0.0567079 0.118005 0.251028 0.548614 1.23744 2.88325 6.9944 17.791 47.651 134.903 408.91 1342.45 4706.1 17976.1 76059.4 353639 1.79586e+06 9.8861e+06 -4.1818e+08 
dt_FE: 2.3913e-09
dt_EA: 2.3913e-09
dt_PE: 2.3913e-09
tolC: 1e-06
dt_grow: 1.03
dt_max: 0.1
steps: 0
