t: 2.70317e-08
dt: 2.39623e-09
N: 0.0174868 0.0201642 0.0232356 0.0267577 0.0307919 0.035397 0.0406472 0.046624 0.0534056 0.0610587 0.0696868 0.0793808 0.0901597 0.102109 0.115294 0.129688 0.145146 0.161688 0.179191 0.196992 0.214901 0.232522 0.248904 0.262625 0.273263 0.279803 0.278739 0.269864 0.252355 0.224262 0.189533 0.251304 0.154884 0.0414252 0.0165353 0.00545816 0.00146804 0.000317261 5.37219e-05 6.87347e-06 
eC: 1 1.15749 1.33977 1.55077 1.795 2.07768 2.40489 2.78363 3.22201 3.72944 4.31677 4.99661 5.78351 6.69433 7.7486 8.9689 10.3814 12.0163 13.9087 16.0991 18.6345 21.5692 24.9661 28.8979 33.4489 38.7167 44.814 51.8717 60.0407 69.4963 80.4411 93.1095 107.773 124.746 144.391 167.131 193.452 223.918 259.182 300 
dV: 1.08333 0.211322 0.327712 0.508206 0.788112 1.22218 1.89532 2.93921 4.55805 7.06849 10.9616 16.999 26.3615 40.8807 63.3966 98.3136 152.462 236.434 366.655 568.597 881.764 1367.42 2120.55 3288.49 5099.69 7908.45 12264.2 19019 29494.1 45738.6 70930.1 109996 170579 264529 410225 636165 986546 1.52991e+06 2.37254e+06 3.67926e+06 
kVec: 885413 1.02771e+06 1.18551e+06 1.36767e+06 1.57777e+06 1.81938e+06 2.09708e+06 2.41608e+06 2.78196e+06 3.19974e+06 3.6773e+06 4.22252e+06 4.84011e+06 5.53972e+06 6.33098e+06 7.22178e+06 8.21201e+06 9.31637e+06 1.05447e+07 1.18735e+07 1.33168e+07 1.4878e+07 1.65437e+07 1.82528e+07 2.00471e+07 2.19628e+07 2.38284e+07 2.58217e+07 2.81329e+07 3.10377e+07 3.48308e+07 4.06354e+07 5.04589e+07 6.59861e+07 9.05723e+07 1.28399e+08 1.81866e+08 2.48115e+08 3.28208e+08 4.17323e+08 
cMat: 
-172054 943.343 1108.48 1291.19 1505.2 1757.17 2054.03 2404.06 2818.43 3312.48 3900.85 4603.41 5453.51 6482.39 7730.63 9260.17 11161.6 13519.9 16461.9 20235.6 25065.1 31278.6 39428.6 50338.9 64892.8 84493.2 111894 149897 203001 278752 388180 545846 774885 1.11421e+06 1.60873e+06 2.3255e+06 3.34289e+06 4.7776e+06 6.83557e+06 9.81504e+06 
4784.73 -203811 1274.11 1484.12 1730.12 2019.77 2361.01 2763.39 3239.74 3807.71 4484.13 5291.86 6269.26 7452.27 8887.56 10646.4 12833.1 15545.4 18929.3 23270.3 28826.3 35975.4 45354.1 57910.9 74664 97229.9 128782 172552 233726 321006 447112 628841 892880 1.2841e+06 1.85434e+06 2.68096e+06 3.85431e+06 5.50892e+06 7.88233e+06 1.13185e+07 
3581.11 811.534 -234514 1703.68 1986.09 2318.62 2710.39 3172.36 3719.27 4371.39 5148.07 6075.55 7197.92 8556.48 10204.9 12225 14736.7 17852.5 21740.1 26728 33112.9 41329.6 52110.5 66547.7 85813.1 111768 148068 198436 268847 369331 514547 723860 1.02804e+06 1.47881e+06 2.13594e+06 3.08865e+06 4.44107e+06 6.34815e+06 9.08372e+06 1.30443e+07 
2651.83 600.95 1083.07 -270374 2277.27 2658.58 3107.84 3637.61 4264.81 5012.71 5903.48 6967.27 8254.66 9813.07 11704.1 14021.7 16903.7 20479.1 24940.8 30665.9 37995.7 47430 59810.7 76393.8 98527.6 128354 170080 227991 308969 424564 591662 832573 1.18276e+06 1.70179e+06 2.45857e+06 3.55592e+06 5.11377e+06 7.31046e+06 1.04615e+07 1.50236e+07 
1960.9 444.377 800.891 1444.51 -312169 3017.35 3559 4165.76 4884.13 5740.78 6761.13 7979.73 9454.57 11240 13406.7 16062.5 19365.4 23463.4 28577.7 35141.6 43546.7 54366.8 68569.3 87597 113000 147241 195156 261678 354725 487589 679705 956763 1.35959e+06 1.95678e+06 2.82769e+06 4.09075e+06 5.88398e+06 8.41251e+06 1.20396e+07 1.72909e+07 
1448.36 328.229 591.566 1066.98 1909.09 -360728 4067.7 4761.29 5582.5 6561.85 7728.41 9121.71 10808.1 12849.9 15327.9 18365.6 22143.9 26832.6 32684.9 40197.5 49819.3 62208.4 78474.6 100274 129385 168636 223584 299895 406674 559205 779833 1.09812e+06 1.56104e+06 2.24747e+06 3.24878e+06 4.70125e+06 6.7636e+06 9.67146e+06 1.38427e+07 1.9882e+07 
1068.06 242.046 436.245 786.845 1420.54 2566.1 -417102 5431.34 6368.32 7485.79 8816.98 10407 12331.8 14662.3 17491.1 20959.2 25273.7 30628.4 37313.4 45896.9 56892.8 71054.9 89654.2 114588 147898 192827 255748 343171 465549 640438 893509 1.25874e+06 1.79014e+06 2.57832e+06 3.7284e+06 5.39707e+06 7.76664e+06 1.11075e+07 1.59001e+07 2.28389e+07 
785.934 178.113 321.022 579.029 1045.38 1888.44 3414.76 -482490 7174.49 8522.82 10038.9 11849.9 14042.4 16697.4 19920.4 23872.6 28790 34894.2 42516.4 52305.7 64849.9 81010.6 102242 130715 168768 220115 292060 392067 532129 732388 1.0223e+06 1.44089e+06 2.05018e+06 2.95419e+06 4.27369e+06 6.1887e+06 8.90843e+06 1.27428e+07 1.82434e+07 2.62073e+07 
577.046 130.776 235.707 425.155 767.588 1386.66 2507.5 4493.18 -558472 9679.35 11401.7 13459.4 15950.9 18968.4 22631.9 27124.9 32716.5 39659.1 48330.2 59470 73749.1 92151 116336 148785 192170 250741 332854 447056 607088 836031 1.16765e+06 1.64669e+06 2.34433e+06 3.37978e+06 4.89171e+06 7.08671e+06 1.02045e+07 1.45999e+07 2.09053e+07 3.00346e+07 
422.848 95.8314 172.728 311.564 562.522 1016.24 1837.73 3327.92 6034.94 -646378 12905.5 15235.6 18057.4 21475.6 25626.2 30717.8 37055.9 44927.3 54761.1 67399.4 83605.3 104499 131971 168850 218185 284826 378317 508429 690879 952075 1.33065e+06 1.87787e+06 2.67527e+06 3.85931e+06 5.589e+06 8.1011e+06 1.16699e+07 1.67008e+07 2.3918e+07 3.43676e+07 
308.877 70.0032 126.178 227.603 410.945 742.427 1342.64 2431.48 4409.55 8005.14 -748438 17193.3 20379.7 24240.3 28929 34681.9 41845.4 50744.4 61865.4 76164.2 94507 118166 149291 191099 247062 322706 428910 576825 784399 1.0818e+06 1.51316e+06 2.13713e+06 3.04698e+06 4.39869e+06 6.37433e+06 9.24489e+06 1.33238e+07 1.90732e+07 2.73214e+07 3.92639e+07 
224.77 50.9425 91.824 165.64 299.078 540.347 977.231 1769.83 3209.83 5827.58 10602.1 -867080 22752.5 27270.3 32549.8 39029.3 47100.2 57129.7 69668 85796.5 106496 133209 168372 215638 278950 364591 484934 652685 888302 1.22618e+06 1.71667e+06 2.42673e+06 3.46293e+06 5.0032e+06 7.25579e+06 1.05304e+07 1.51844e+07 2.17439e+07 3.11545e+07 4.47803e+07 
163.102 36.9668 66.6349 120.206 217.052 392.168 709.285 1284.64 2330.04 4230.66 7697.6 13936.5 -1.00456e+06 30520.2 36435.3 43697.2 52746.1 63995.5 78064.6 96172.8 119427 149454 189009 242223 313561 410148 546016 735605 1.00218e+06 1.38487e+06 1.94098e+06 2.74683e+06 3.92393e+06 5.67487e+06 8.23738e+06 1.19648e+07 1.72639e+07 2.47316e+07 3.54455e+07 5.09587e+07 
117.844 26.7099 48.1479 86.8599 156.847 283.406 512.609 928.496 1684.21 3058.34 5565.22 10153.2 18551.3 -1.16448e+06 40584.1 48684.3 58782.4 71341.8 87057 107297 133307 166915 211226 270894 350965 459487 612336 825876 1.1265e+06 1.55863e+06 2.18733e+06 3.09941e+06 4.43317e+06 6.41875e+06 9.32708e+06 1.35605e+07 1.9581e+07 2.80641e+07 4.02353e+07 5.78588e+07 
84.6744 19.1926 34.5984 62.4191 112.719 203.684 368.439 667.414 1210.75 2198.83 4001.69 7301.75 13343.7 24452.5 -1.35072e+06 53368.8 65185.6 79141.4 96613.6 119134 148094 185547 234972 301602 391114 512576 683891 923562 1.26145e+06 1.74785e+06 2.45649e+06 3.4859e+06 4.99312e+06 7.23904e+06 1.05318e+07 1.53288e+07 2.21532e+07 3.17677e+07 4.55626e+07 6.55373e+07 
60.5051 13.7148 24.7248 44.6085 80.5608 145.585 263.367 477.124 865.64 1572.29 2861.86 5222.82 9546.46 17498.1 31836.3 -1.56911e+06 71832.5 87247.5 106559 131472 163537 205044 259879 333898 433464 568757 759897 1.02773e+06 1.40596e+06 1.95136e+06 2.74724e+06 3.90518e+06 5.60312e+06 8.13598e+06 1.18536e+07 1.72746e+07 2.49904e+07 3.58586e+07 5.1453e+07 7.40336e+07 
43.0202 9.75192 17.5816 31.7228 57.2938 103.547 187.338 339.426 615.897 1118.85 2036.88 3718 6797.54 12463 22938.2 42373.4 -1.82331e+06 95382 116559 143907 179144 224808 285215 366881 476906 626664 838664 1.13632e+06 1.5575e+06 2.16613e+06 3.05604e+06 4.35323e+06 6.25886e+06 9.10534e+06 1.3289e+07 1.93967e+07 2.80945e+07 4.03434e+07 5.79196e+07 8.337e+07 
30.3476 6.87962 12.4039 22.3823 40.4275 73.0716 132.217 239.586 434.799 790.002 1438.5 2626.35 4803.02 8808.9 16218.7 29973 55548.2 -2.12251e+06 126577 156395 194862 244774 310901 400459 521332 686172 920062 1.24919e+06 1.71601e+06 2.39223e+06 3.38323e+06 4.83096e+06 6.96225e+06 1.01507e+07 1.48445e+07 2.1706e+07 3.14836e+07 4.52498e+07 6.5004e+07 9.36079e+07 
21.2092 4.80829 8.66995 15.6457 28.2623 51.089 92.4529 167.555 304.129 552.693 1006.62 1838.3 3362.9 6169.86 11364.3 21011.7 38962.3 72652.3 -2.47748e+06 167714 210393 264579 336490 434077 566054 746431 1.00304e+06 1.36508e+06 1.87993e+06 2.62783e+06 3.72675e+06 5.33622e+06 7.71139e+06 1.12711e+07 1.65208e+07 2.42066e+07 3.51672e+07 5.05946e+07 7.27337e+07 1.0479e+08 
14.7291 3.33943 6.02194 10.8682 19.6344 35.4973 64.2472 116.457 211.423 384.312 700.137 1279 2340.6 4296.12 7916.91 14646 27176.6 50714.7 94751.6 -2.89498e+06 224373 282543 359902 465142 607823 803356 1.08244e+06 1.47745e+06 2.04107e+06 2.86268e+06 4.07395e+06 5.85361e+06 8.48805e+06 1.24452e+07 1.82943e+07 2.68741e+07 3.91211e+07 5.63534e+07 8.10836e+07 1.1689e+08 
10.1234 2.2954 4.13966 7.47196 13.5005 24.4113 44.1902 80.117 145.482 264.521 482.052 880.912 1612.78 2961.67 5460.82 10108.8 18772.1 35061.8 65954.5 124500 -3.39425e+06 298538 380967 493423 646331 856535 1.15771e+06 1.5856e+06 2.19855e+06 3.09578e+06 4.42379e+06 6.38241e+06 9.29242e+06 1.36753e+07 2.01711e+07 2.97211e+07 4.33687e+07 6.25641e+07 9.01127e+07 1.29997e+08 
6.86916 1.55767 2.8095 5.07169 9.1649 16.5746 30.0098 54.4198 98.8446 179.778 327.734 599.144 1097.44 2016.43 3720.27 6891.78 12809.2 23948.2 45099.2 85247.6 162331 -3.99613e+06 394650 518279 680745 904890 1.22745e+06 1.68773e+06 2.35008e+06 3.32432e+06 4.77302e+06 6.91915e+06 1.01215e+07 1.496e+07 2.21535e+07 3.27573e+07 4.79314e+07 6.92646e+07 9.98822e+07 1.44205e+08 
4.60519 1.04439 1.88396 3.4014 6.14755 11.1199 20.1381 36.5278 66.366 120.749 220.212 402.761 738.133 1357.1 2505.62 4645.52 8642.96 16177.4 30504.6 57751.3 110171 209890 -4.73418e+06 537328 708025 944519 1.28663e+06 1.77736e+06 2.48737e+06 3.53782e+06 5.10869e+06 7.4484e+06 1.09579e+07 1.62813e+07 2.42254e+07 3.59735e+07 5.28132e+07 7.64761e+07 1.10438e+08 1.59593e+08 
3.05337 0.692546 1.24945 2.2562 4.07852 7.37902 13.3668 24.2528 44.079 80.2317 146.389 267.881 491.255 903.867 1670.22 3099.68 5773.72 10821.4 20436.2 38761.6 74103.5 143147 279048 -5.63136e+06 723934 969903 1.32801e+06 1.84499e+06 2.59807e+06 3.72041e+06 5.41095e+06 7.94627e+06 1.17748e+07 1.76113e+07 2.6363e+07 3.93581e+07 5.80256e+07 8.42418e+07 1.21868e+08 1.7631e+08 
1.98914 0.451223 0.814203 1.47051 2.65879 4.81158 8.71851 15.824 28.7707 52.3915 95.6417 175.12 321.371 591.78 1094.54 2033.52 3792.76 7119.23 13467.4 25596.8 49053 95015.7 185815 365840 -6.75268e+06 982922 1.35377e+06 1.89316e+06 2.68511e+06 3.87564e+06 5.68439e+06 8.41945e+06 1.25831e+07 1.89695e+07 2.8601e+07 4.29726e+07 6.3672e+07 9.2724e+07 1.3442e+08 1.94721e+08 
1.26937 0.287991 0.519752 0.9389 1.69798 3.07365 5.57116 10.1152 18.3987 33.5209 61.2276 112.179 206.026 379.725 703.051 1307.74 2442.62 4592.51 8703.88 16581.2 31860.7 61902.1 121490 240225 481745 -8.19057e+06 1.35786e+06 1.92049e+06 2.7464e+06 4.00056e+06 5.92545e+06 8.86464e+06 1.33822e+07 2.0363e+07 3.09631e+07 4.68721e+07 6.98593e+07 1.02103e+08 1.48379e+08 2.15262e+08 
0.798532 0.181199 0.327084 0.590992 1.06907 1.93581 3.51003 6.37555 11.6021 21.15 38.6568 70.8777 130.289 240.384 445.59 829.981 1552.85 2925.19 5555.99 10612.8 20456.3 39887.2 78614.8 156247 315183 645023 -9.99187e+06 1.89859e+06 2.74329e+06 4.0429e+06 6.0649e+06 9.19311e+06 1.40644e+07 2.16704e+07 3.33275e+07 5.09617e+07 7.65547e+07 1.12434e+08 1.6392e+08 2.38258e+08 
0.489401 0.111072 0.200541 0.362436 0.655807 1.18789 2.15474 3.91553 7.12901 13.0038 23.7842 43.6432 80.3032 148.325 275.296 513.546 962.555 1816.99 3459.28 6627.11 12817.6 25091 49683.3 99309.2 201647 417366 868595 -1.23365e+07 2.68509e+06 4.01172e+06 6.1105e+06 9.41067e+06 1.46346e+07 2.29027e+07 3.57252e+07 5.53186e+07 8.39192e+07 1.24002e+08 1.81512e+08 2.64424e+08 
0.290016 0.065833 0.118889 0.214923 0.389003 0.704868 1.27909 2.32541 4.23615 7.73206 14.1525 25.9912 47.8725 88.5288 164.534 307.414 577.308 1092.18 2084.61 4006.12 7776.85 15288 30424.9 61192.6 125146 261169 549173 1.17493e+06 -1.54524e+07 3.85978e+06 6.04908e+06 9.49302e+06 1.50548e+07 2.40113e+07 3.81087e+07 5.99251e+07 9.2007e+07 1.36975e+08 2.01488e+08 2.94309e+08 
0.165494 0.0375742 0.067872 0.12273 0.222206 0.402783 0.731229 1.33004 2.42428 4.42796 8.11116 14.9094 27.4909 50.902 94.7395 177.308 333.66 632.729 1210.93 2334.95 4550.69 8986.9 17983 36414.9 75065.2 158095 336334 729495 1.60399e+06 -1.9684e+07 5.79483e+06 9.30757e+06 1.51286e+07 2.47256e+07 4.01334e+07 6.4388e+07 1.00421e+08 1.50981e+08 2.23516e+08 3.27578e+08 
0.0894672 0.020317 0.0367086 0.0663968 0.120251 0.218057 0.396043 0.720725 1.31443 2.4025 4.40443 8.10324 14.9578 27.7315 51.6902 96.9069 182.744 347.386 666.68 1289.99 2524.46 5009.19 10081 20560.2 42741.2 90904.5 195870 431356 975879 2.24961e+06 -2.53976e+07 8.60641e+06 1.44364e+07 2.43822e+07 4.08139e+07 6.73347e+07 1.07354e+08 1.63688e+08 2.4454e+08 3.60025e+08 
0.0395927 0.00899285 0.0162521 0.0294042 0.0532704 0.0966339 0.175587 0.319693 0.583381 1.06704 1.95771 3.60501 6.66181 12.3667 23.0845 43.3523 81.9239 156.109 300.424 583.323 1146.23 2285.29 4625.64 9502.37 19923.3 42799.5 93437.3 209071 481975 1.13715e+06 2.70854e+06 -3.43165e+07 1.14967e+07 2.02155e+07 3.51754e+07 6.01528e+07 9.87067e+07 1.53342e+08 2.3188e+08 3.4344e+08 
0.0195477 0.00444082 0.00802747 0.0145277 0.0263272 0.0477758 0.0868471 0.158201 0.288849 0.528681 0.970735 1.78913 3.30975 6.15177 11.4999 21.6329 40.9645 78.2452 150.99 294.175 580.403 1162.64 2366.74 4897.06 10355.6 22470.8 49715.4 113075 265833 642824 1.5801e+06 3.9984e+06 -4.62839e+07 1.93109e+07 3.52964e+07 6.31306e+07 1.07462e+08 1.71022e+08 2.6272e+08 3.92135e+08 
0.00874424 0.00198687 0.00359236 0.00650287 0.0117879 0.0213987 0.038914 0.0709174 0.129551 0.237266 0.435966 0.804165 1.48911 2.77099 5.1868 9.77221 18.5399 35.4899 68.656 134.184 265.728 534.604 1093.98 2278.62 4856.74 10637.3 23830.7 55051.8 131901 326843 830231 2.18724e+06 6.0076e+06 -6.30134e+07 3.13398e+07 5.98745e+07 1.0803e+08 1.79016e+08 2.82573e+08 4.27657e+08 
0.00310521 0.000705685 0.00127617 0.00231065 0.00418966 0.00760792 0.0138402 0.0252331 0.0461175 0.0845107 0.155388 0.286836 0.531636 0.990338 1.85599 3.50177 6.65514 12.7652 24.7512 48.5138 96.4008 194.712 400.354 838.933 1801.04 3978.2 9014.15 21120.8 51488.3 130482 341811 936061 2.70073e+06 7.70812e+06 -8.90084e+07 4.58102e+07 8.94527e+07 1.57388e+08 2.59245e+08 4.01776e+08 
0.000931178 0.00021165 0.000382821 0.000693284 0.00125735 0.00228384 0.0041561 0.00758008 0.0138598 0.0254114 0.046751 0.0863576 0.16019 0.29869 0.560383 1.05865 2.0151 3.87209 7.52327 14.7839 29.4662 59.7265 123.328 259.821 561.358 1249.29 2859.39 6784.47 16795.8 43426.7 116983 332068 1.00207e+06 3.05493e+06 9.50319e+06 -1.27685e+08 6.45114e+07 1.24624e+08 2.18778e+08 3.52653e+08 
0.000230189 5.23264e-05 9.46588e-05 0.000171454 0.000311007 0.000565037 0.00102851 0.00187639 0.00343203 0.00629506 0.0115868 0.0214142 0.0397481 0.0741695 0.139271 0.263367 0.501924 0.965822 1.87956 3.70096 7.39403 15.0288 31.1364 65.8728 143.035 320.199 738.665 1769.91 4434.64 11647.3 32073.9 93705.4 293332 947874 3.19115e+06 1.10939e+07 -1.81597e+08 8.31549e+07 1.62369e+08 2.81969e+08 
4.57834e-05 1.04082e-05 1.88302e-05 3.41103e-05 6.18814e-05 0.000112442 0.000204705 0.000373527 0.00068335 0.00125373 0.00230831 0.00426753 0.0079244 0.0147938 0.0277937 0.0525919 0.100306 0.193181 0.376321 0.741923 1.48445 3.0224 6.27463 13.3091 28.9883 65.1286 150.976 363.961 918.789 2437.01 6805.88 20258.8 64967.1 218592 781375 2.98254e+06 1.15724e+07 -2.48036e+08 9.78462e+07 1.99273e+08 
7.15271e-06 1.62616e-06 2.94219e-06 5.33008e-06 9.67041e-06 1.75734e-05 3.19969e-05 5.83929e-05 0.000106843 0.00019606 0.000361054 0.000667663 0.00124015 0.00231597 0.00435278 0.00824013 0.0157245 0.0303031 0.0590729 0.116566 0.233467 0.475913 0.989419 2.10238 4.58872 10.3348 24.0349 58.1741 147.578 393.951 1110.23 3345.15 10897.6 37676.5 140539 571720 2.46739e+06 1.06842e+07 -3.2819e+08 1.19784e+08 
8.47642e-07 1.92718e-07 3.48699e-07 6.31738e-07 1.14624e-06 2.08314e-06 3.79322e-06 6.92312e-06 1.26689e-05 2.32508e-05 4.2824e-05 7.92041e-05 0.000147148 0.000274864 0.000516739 0.000978535 0.00186803 0.0036015 0.00702422 0.0138688 0.027797 0.0567078 0.118005 0.251027 0.548613 1.23743 2.88325 6.99438 17.791 47.6509 134.903 408.909 1342.45 4706.09 17976.1 76059.3 353638 1.79586e+06 9.88609e+06 -4.1732e+08 
dt_FE: 2.39623e-09
dt_EA: 2.39623e-09
dt_PE: 2.39623e-09
tolC: 1e-06
dt_grow: 1.03
dt_max: 0.1
steps: 0
