t
0.0000000006273775086104188
dt
0.0000000000410443229932050
DN
-0.0000000000000008711923178
TC
157.0000
N
3.59514584e-06
8.17934262e-06
9.90468930e-06
9.65064041e-06
8.36491493e-06
6.77568435e-06
5.29025238e-06
4.06433105e-06
3.11436662e-06
2.40015827e-06
1.86878614e-06
1.47275254e-06
1.17496684e-06
9.48283064e-07
7.73402837e-07
6.36723030e-07
5.28919287e-07
4.71102887e-07
2.30945116e-06
8.71741949e-05
2.35892130e-03
3.45221520e-02
2.38220577e-01
6.64782020e-01
6.29414528e-01
1.65431418e-01
9.60077588e-03
9.47804318e-05
1.18289534e-07
1.35710257e-11
8.34326838e-15
2.17769335e-16
4.65332475e-18
7.95007605e-20
1.07169238e-21
1.12404066e-23
9.03817811e-26
5.48493126e-28
2.47095704e-30
8.12006181e-33
eC
1.00638940e+00
3.07804198e+00
5.27088624e+00
7.59201189e+00
1.00489234e+01
1.26495642e+01
1.54023425e+01
1.83161584e+01
2.14004324e+01
2.46651365e+01
2.81208258e+01
3.17786729e+01
3.56505041e+01
3.97488374e+01
4.40869232e+01
4.86787870e+01
5.35392748e+01
5.86841012e+01
6.41298999e+01
6.98942779e+01
7.59958720e+01
8.24544093e+01
8.92907710e+01
9.65270599e+01
1.04186672e+02
1.12294371e+02
1.20876370e+02
1.29960417e+02
1.39575880e+02
1.49753848e+02
1.60527227e+02
1.71930848e+02
1.84001582e+02
1.96778453e+02
2.10302771e+02
2.24618262e+02
2.39771209e+02
2.55810604e+02
2.72788303e+02
2.90759198e+02
