t
0.0000000416229542518697270
dt
0.0000000027229979417111064
DN
-0.0000000000000004355961589
TC
219.0000
N
2.38492203e-04
5.42516254e-04
6.56917845e-04
6.40072655e-04
5.54819459e-04
4.49432441e-04
3.50919274e-04
2.69609897e-04
2.06599153e-04
1.59223589e-04
1.23974761e-04
9.77029501e-05
7.79482413e-05
6.29101152e-05
5.13084900e-05
4.22408462e-05
3.50684992e-05
2.93619466e-05
2.66398268e-05
1.07784440e-04
2.37631622e-03
3.45346491e-02
2.38215720e-01
6.64743784e-01
6.29375949e-01
1.65421145e-01
9.60020369e-03
9.47818485e-05
1.18709105e-07
3.03048500e-11
5.47472421e-13
1.44468457e-14
3.08702291e-16
5.27409445e-18
7.10962823e-20
7.45690987e-22
5.99594850e-24
3.63871725e-26
1.63923960e-28
5.38687247e-31
eC
1.00638940e+00
3.07804198e+00
5.27088624e+00
7.59201189e+00
1.00489234e+01
1.26495642e+01
1.54023425e+01
1.83161584e+01
2.14004324e+01
2.46651365e+01
2.81208258e+01
3.17786729e+01
3.56505041e+01
3.97488374e+01
4.40869232e+01
4.86787870e+01
5.35392748e+01
5.86841012e+01
6.41298999e+01
6.98942779e+01
7.59958720e+01
8.24544093e+01
8.92907710e+01
9.65270599e+01
1.04186672e+02
1.12294371e+02
1.20876370e+02
1.29960417e+02
1.39575880e+02
1.49753848e+02
1.60527227e+02
1.71930848e+02
1.84001582e+02
1.96778453e+02
2.10302771e+02
2.24618262e+02
2.39771209e+02
2.55810604e+02
2.72788303e+02
2.90759198e+02
