t
0.0000002417192537953560627
dt
0.0000000158134100613784516
DN
-0.0000000000000008711923178
TC
245.0000
N
1.38427799e-03
3.14668244e-03
3.80919674e-03
3.71164088e-03
3.21789138e-03
2.60727623e-03
2.03622325e-03
1.56470225e-03
1.19917675e-03
9.24282371e-04
7.19714969e-04
5.67225241e-04
4.52551410e-04
3.65250437e-04
2.97895791e-04
2.45250376e-04
2.03606060e-04
1.70335368e-04
1.45359123e-04
2.08350064e-04
2.46119164e-03
3.45956267e-02
2.38192026e-01
6.64557238e-01
6.29187726e-01
1.65371027e-01
9.59741205e-03
9.47887612e-05
1.20756209e-07
1.11949822e-10
3.17790892e-12
8.38713023e-14
1.79217677e-15
3.06188959e-17
4.12751956e-19
4.32914127e-21
3.48097869e-23
2.11247889e-25
9.51671560e-28
3.12738917e-30
eC
1.00638940e+00
3.07804198e+00
5.27088624e+00
7.59201189e+00
1.00489234e+01
1.26495642e+01
1.54023425e+01
1.83161584e+01
2.14004324e+01
2.46651365e+01
2.81208258e+01
3.17786729e+01
3.56505041e+01
3.97488374e+01
4.40869232e+01
4.86787870e+01
5.35392748e+01
5.86841012e+01
6.41298999e+01
6.98942779e+01
7.59958720e+01
8.24544093e+01
8.92907710e+01
9.65270599e+01
1.04186672e+02
1.12294371e+02
1.20876370e+02
1.29960417e+02
1.39575880e+02
1.49753848e+02
1.60527227e+02
1.71930848e+02
1.84001582e+02
1.96778453e+02
2.10302771e+02
2.24618262e+02
2.39771209e+02
2.55810604e+02
2.72788303e+02
2.90759198e+02
