t
0.0147125678717659469363355
dt
0.0000583711835901699023564
DN
-0.0000000000000004355961589
TC
773.0000
N
1.00000000e+00
1.00000000e+00
9.99999999e-01
9.99999998e-01
9.99999996e-01
9.99999991e-01
9.99999978e-01
9.99999945e-01
9.99999853e-01
9.99999582e-01
9.99998735e-01
9.99995905e-01
9.99985757e-01
9.99946484e-01
9.99781069e-01
9.99011108e-01
9.95037102e-01
9.74327742e-01
8.86689948e-01
6.52048516e-01
3.24988853e-01
1.02711739e-01
2.21704517e-02
3.56643452e-03
4.17434783e-04
3.44098143e-05
2.26658504e-06
1.26835738e-07
5.98521732e-09
2.35901118e-10
7.68828618e-12
2.04962050e-13
4.41809382e-15
7.60618317e-17
1.03226931e-18
1.08916933e-20
8.80434030e-23
5.36836961e-25
2.42872775e-27
8.01183268e-30
eC
1.00638940e+00
3.07804198e+00
5.27088624e+00
7.59201189e+00
1.00489234e+01
1.26495642e+01
1.54023425e+01
1.83161584e+01
2.14004324e+01
2.46651365e+01
2.81208258e+01
3.17786729e+01
3.56505041e+01
3.97488374e+01
4.40869232e+01
4.86787870e+01
5.35392748e+01
5.86841012e+01
6.41298999e+01
6.98942779e+01
7.59958720e+01
8.24544093e+01
8.92907710e+01
9.65270599e+01
1.04186672e+02
1.12294371e+02
1.20876370e+02
1.29960417e+02
1.39575880e+02
1.49753848e+02
1.60527227e+02
1.71930848e+02
1.84001582e+02
1.96778453e+02
2.10302771e+02
2.24618262e+02
2.39771209e+02
2.55810604e+02
2.72788303e+02
2.90759198e+02
