t
0.0000010008536924095160425
dt
0.0000000654764107183796028
DN
-0.0000000000000004355961589
TC
266.0000
N
5.72022582e-03
1.29679700e-02
1.56821784e-02
1.52824604e-02
1.32590734e-02
1.07527319e-02
8.40464258e-03
6.46279150e-03
4.95558058e-03
3.82100457e-03
2.97609781e-03
2.34595894e-03
1.87190959e-03
1.51091682e-03
1.23234598e-03
1.01457793e-03
8.42295865e-04
7.04555208e-04
5.95228186e-04
5.89407214e-04
2.78277608e-03
3.48266670e-02
2.38102385e-01
6.63850808e-01
6.28474860e-01
1.65181197e-01
9.58683830e-03
9.48149572e-05
1.28510647e-07
4.21222701e-10
1.31421281e-11
3.46856323e-13
7.41172834e-15
1.26628241e-16
1.70699621e-18
1.79038945e-20
1.43962512e-22
8.73660478e-25
3.93585988e-27
1.29341132e-29
eC
1.00638940e+00
3.07804198e+00
5.27088624e+00
7.59201189e+00
1.00489234e+01
1.26495642e+01
1.54023425e+01
1.83161584e+01
2.14004324e+01
2.46651365e+01
2.81208258e+01
3.17786729e+01
3.56505041e+01
3.97488374e+01
4.40869232e+01
4.86787870e+01
5.35392748e+01
5.86841012e+01
6.41298999e+01
6.98942779e+01
7.59958720e+01
8.24544093e+01
8.92907710e+01
9.65270599e+01
1.04186672e+02
1.12294371e+02
1.20876370e+02
1.29960417e+02
1.39575880e+02
1.49753848e+02
1.60527227e+02
1.71930848e+02
1.84001582e+02
1.96778453e+02
2.10302771e+02
2.24618262e+02
2.39771209e+02
2.55810604e+02
2.72788303e+02
2.90759198e+02
