t
0.0000027907890604627482300
dt
0.0000000276315758461658460
DN
-0.0000000020114025071142395
TC
1722.0000
N
8.51349922e-01
9.25668645e-01
9.18898808e-01
9.10093428e-01
8.99818293e-01
8.87814543e-01
8.73757216e-01
8.57262633e-01
8.37885670e-01
8.15121224e-01
7.88414447e-01
7.57185410e-01
7.20875274e-01
6.79021203e-01
6.31364402e-01
5.77987293e-01
5.19460203e-01
4.56956952e-01
3.92281511e-01
3.27750931e-01
2.65917467e-01
2.09180199e-01
1.59398909e-01
1.17635820e-01
8.40981171e-02
5.82687338e-02
3.91478441e-02
2.55126129e-02
1.61290229e-02
9.88897844e-03
5.87646532e-03
3.38132810e-03
1.88155740e-03
1.01098023e-03
5.23596908e-04
2.60870692e-04
1.24764593e-04
5.71458471e-05
2.50047851e-05
1.04244676e-05
eC
1.00638940e+00
3.07804198e+00
5.27088624e+00
7.59201189e+00
1.00489234e+01
1.26495642e+01
1.54023425e+01
1.83161584e+01
2.14004324e+01
2.46651365e+01
2.81208258e+01
3.17786729e+01
3.56505041e+01
3.97488374e+01
4.40869232e+01
4.86787870e+01
5.35392748e+01
5.86841012e+01
6.41298999e+01
6.98942779e+01
7.59958720e+01
8.24544093e+01
8.92907710e+01
9.65270599e+01
1.04186672e+02
1.12294371e+02
1.20876370e+02
1.29960417e+02
1.39575880e+02
1.49753848e+02
1.60527227e+02
1.71930848e+02
1.84001582e+02
1.96778453e+02
2.10302771e+02
2.24618262e+02
2.39771209e+02
2.55810604e+02
2.72788303e+02
2.90759198e+02
