t
0.0000000015704578684212919
dt
0.0000000000155500779051613
DN
0.0000000000000010889903972
TC
970.0000
N
8.28118942e-04
2.46515270e-03
4.10063188e-03
5.72538149e-03
7.32904920e-03
8.90004229e-03
1.04254759e-02
1.18911398e-02
1.32814925e-02
1.45796934e-02
1.57676862e-02
1.68263531e-02
1.77357603e-02
1.84755234e-02
1.90253258e-02
1.93656253e-02
1.94785892e-02
1.93493154e-02
1.89690108e-02
1.84099614e-02
1.96561135e-02
4.86566093e-02
2.36991013e-01
6.28973452e-01
5.89313362e-01
1.58614138e-01
1.43638788e-02
4.04033681e-03
2.64318328e-03
1.70434318e-03
1.05694565e-03
6.28402244e-04
3.57376064e-04
1.94156876e-04
1.00722753e-04
4.98989264e-05
2.36120509e-05
1.06710032e-05
4.60227249e-06
1.89129052e-06
eC
1.00638940e+00
3.07804198e+00
5.27088624e+00
7.59201189e+00
1.00489234e+01
1.26495642e+01
1.54023425e+01
1.83161584e+01
2.14004324e+01
2.46651365e+01
2.81208258e+01
3.17786729e+01
3.56505041e+01
3.97488374e+01
4.40869232e+01
4.86787870e+01
5.35392748e+01
5.86841012e+01
6.41298999e+01
6.98942779e+01
7.59958720e+01
8.24544093e+01
8.92907710e+01
9.65270599e+01
1.04186672e+02
1.12294371e+02
1.20876370e+02
1.29960417e+02
1.39575880e+02
1.49753848e+02
1.60527227e+02
1.71930848e+02
1.84001582e+02
1.96778453e+02
2.10302771e+02
2.24618262e+02
2.39771209e+02
2.55810604e+02
2.72788303e+02
2.90759198e+02
