t: 1.64643e-07
dt: 1.35519e-09
N: 0.124322 0.141902 0.161616 0.183644 0.208131 0.235129 0.26471 0.296886 0.331531 0.368336 0.407081 0.44733 0.488207 0.529096 0.569228 0.607507 0.642614 0.673932 0.700545 0.720793 0.734312 0.740405 0.737785 0.724801 0.700478 0.66267 0.607912 0.534844 0.443524 0.338501 0.231431 0.138697 0.0715764 0.0317597 0.012048 0.00386445 0.00102947 0.000222131 3.76157e-05 4.81476e-06 
eC: 1 1.15749 1.33977 1.55077 1.795 2.07768 2.40489 2.78363 3.22201 3.72944 4.31677 4.99661 5.78351 6.69433 7.7486 8.9689 10.3814 12.0163 13.9087 16.0991 18.6345 21.5692 24.9661 28.8979 33.4489 38.7167 44.814 51.8717 60.0407 69.4963 80.4411 93.1095 107.773 124.746 144.391 167.131 193.452 223.918 259.182 300 
dV: 1.08333 0.211322 0.327712 0.508206 0.788112 1.22218 1.89532 2.93921 4.55805 7.06849 10.9616 16.999 26.3615 40.8807 63.3966 98.3136 152.462 236.434 366.655 568.597 881.764 1367.42 2120.55 3288.49 5099.69 7908.45 12264.2 19019 29494.1 45738.6 70930.1 109996 170579 264529 410225 636165 986546 1.52991e+06 2.37254e+06 3.67926e+06 
kVec: 1.00987e+06 1.17043e+06 1.3489e+06 1.55439e+06 1.79072e+06 2.06156e+06 2.37165e+06 2.7263e+06 3.13094e+06 3.59001e+06 4.11104e+06 4.70102e+06 5.36221e+06 6.10227e+06 6.92782e+06 7.84169e+06 8.83607e+06 9.91927e+06 1.10914e+07 1.23122e+07 1.35834e+07 1.48933e+07 1.62113e+07 1.74579e+07 1.86741e+07 1.98994e+07 2.09964e+07 2.22066e+07 2.38177e+07 2.62749e+07 3.00642e+07 3.64529e+07 4.7328e+07 6.39915e+07 8.95388e+07 1.28148e+08 1.82202e+08 2.48797e+08 3.29074e+08 4.18247e+08 
cMat: 
-96293.8 840.767 987.948 1150.79 1341.53 1566.1 1830.68 2142.65 2511.96 2952.29 3476.68 4102.85 4860.51 5777.51 6890.02 8253.25 9947.93 12049.8 14671.9 18035.3 22339.6 27877.4 35141.3 44865.2 57836.6 75305.7 99726.8 133598 180927 248441 345970 486493 690626 993052 1.4338e+06 2.07264e+06 2.97939e+06 4.2581e+06 6.09229e+06 8.74778e+06 
4190.26 -115348 1115.81 1299.73 1515.17 1768.83 2067.67 2420.06 2837.23 3334.63 3927.01 4634.39 5490.35 6526.38 7783.34 9323.69 11238.7 13614 16577.5 20379.1 25244.9 31505.8 39719.1 50715.9 65387.5 85149.8 112782 151114 204687 281123 391562 550712 781946 1.12456e+06 1.62395e+06 2.34787e+06 3.37544e+06 4.82448e+06 6.90301e+06 9.91228e+06 
3073.76 696.563 -131941 1462.32 1704.72 1990.13 2326.4 2722.92 3192.35 3752.09 4418.73 5214.82 6178.17 7344.26 8759.11 10493.1 12649 15323.3 18660.2 22941.4 28421.7 35474.3 44727.9 57119.7 73655.8 95933.8 127091 170323 230759 317007 441650 621309 882395 1.2693e+06 1.83334e+06 2.65108e+06 3.81189e+06 5.44879e+06 7.79681e+06 1.11963e+07 
2224.36 504.078 908.479 -151335 1910.17 2230.02 2606.86 3051.23 3577.33 4204.66 4951.84 5844.15 6924.01 8231.21 9817.38 11761.4 14178.9 17177.9 20920.3 25722.6 31870.8 39784.3 50169.3 64079.2 82645 107663 142663 191239 259163 356125 496286 698363 992096 1.42746e+06 2.06225e+06 2.98271e+06 4.28943e+06 6.13202e+06 8.77512e+06 1.26018e+07 
1602.11 363.068 654.35 1180.2 -173918 2465.26 2907.8 3403.53 3990.46 4690.37 5524.03 6519.65 7724.64 9183.42 10953.6 13123.5 15822 19170.2 23348.8 28711.6 35578.8 44419.1 56022.9 71569.1 92324 120300 159448 213798 289820 398374 555337 781701 1.11083e+06 1.59874e+06 2.3103e+06 3.34225e+06 4.80737e+06 6.87324e+06 9.83666e+06 1.41271e+07 
1148.46 260.266 469.076 846.049 1513.79 -200116 3225.43 3775.41 4426.58 5203.14 6128.16 7232.96 8570.2 10189.2 12154.1 14562.8 17558.8 21276.6 25917.1 31874.1 39503.6 49327.5 62225.5 79510.7 102594 133718 177288 237798 322468 443415 618360 870739 1.23781e+06 1.7821e+06 2.57608e+06 3.7278e+06 5.36312e+06 7.66888e+06 1.09764e+07 1.57652e+07 
818.605 185.515 334.358 603.073 1088.76 1966.77 -230453 4162.82 4880.96 5737.44 6757.72 7976.39 9451.6 11237.9 13405.9 16064.1 19370.9 23475 28598.7 35177.4 43605.1 54459.6 68714.9 87825.6 113356 147791 196017 263021 356817 490860 684825 964751 1.37204e+06 1.97614e+06 2.85761e+06 4.13655e+06 5.9527e+06 8.51331e+06 1.21865e+07 1.75047e+07 
579.626 131.358 236.753 427.034 770.964 1392.72 2518.39 -265528 5291.19 6285.57 7403.67 8739.28 10356.2 12314.4 14691.3 17606 21232.6 25734.5 31355.8 38575.5 47826.7 59745.3 75403.3 96402.5 124466 162335 215394 289149 392445 540136 753949 1.06266e+06 1.51201e+06 2.17871e+06 3.15184e+06 4.56417e+06 6.56997e+06 9.39783e+06 1.34545e+07 1.93279e+07 
407.5 92.3515 166.452 300.237 542.057 979.235 1770.75 3173.01 -306216 6835.39 8051.72 9504.81 11264.2 13395.1 15982.2 19155.1 23103.8 28006.6 34129.9 41996.7 52080.3 65075.5 82154.4 105070 135707 177069 235056 315703 428715 590391 824573 1.16286e+06 1.65552e+06 2.38674e+06 3.45444e+06 5.00451e+06 7.20626e+06 1.03102e+07 1.47629e+07 2.12099e+07 
284.467 64.4696 116.201 209.601 378.431 683.663 1236.31 2238.83 4059.95 -353261 8682.02 10249.6 12148 14447.5 17239.8 20665.1 24929 30224.4 36840 45342.3 56244.7 70300.4 88782 113592 146782 191614 254509 342041 464782 640500 895184 1.26332e+06 1.79976e+06 2.59631e+06 3.75995e+06 5.44994e+06 7.85085e+06 1.12353e+07 1.60906e+07 2.31205e+07 
196.858 44.6153 80.4172 145.059 261.909 473.174 855.707 1549.66 2810.35 5101.94 -407912 10957.9 12988.7 15449.1 18437.4 22103.9 26669.4 32341.1 39428.9 48542 60232.4 75311 95147.9 121794 157461 205671 273358 367629 499923 689465 964389 1.36206e+06 1.94194e+06 2.80343e+06 4.06257e+06 5.89208e+06 8.49171e+06 1.2156e+07 1.74128e+07 2.50242e+07 
134.935 30.582 55.1242 99.4376 179.544 324.383 586.655 1062.47 1926.94 3498.43 6364.69 -471643 13658.9 16371 19540.4 23430.2 28275.4 34296.3 41823.3 51505.7 63932.3 79968.6 101078 129453 167460 218872 291117 391822 533269 736105 1.03056e+06 1.45682e+06 2.07888e+06 3.00354e+06 4.35582e+06 6.32163e+06 9.11558e+06 1.30534e+07 1.87028e+07 2.68827e+07 
91.7465 20.7942 37.4827 67.6169 122.093 220.598 398.979 722.624 1310.67 2379.79 4329.97 7839.41 -546021 17167.9 20495.2 24580.1 29670.2 35998 43912 54098.1 67178.7 84069.3 106319 136253 176381 230712 307139 413785 563735 779002 1.09182e+06 1.54512e+06 2.20725e+06 3.19217e+06 4.6336e+06 6.73029e+06 9.71108e+06 1.39117e+07 1.99384e+07 2.86647e+07 
61.8038 14.0082 25.2515 45.5542 82.2593 148.634 268.841 486.955 883.296 1603.96 2918.71 5324.89 9729.36 -633506 21284.6 25532.8 30828.8 37415.6 45657.5 56272.7 69913.4 87539.8 110778 142072 184066 240981 321143 433136 590800 817431 1.14716e+06 1.6255e+06 2.325e+06 3.36635e+06 4.89164e+06 7.11188e+06 1.02694e+07 1.47184e+07 2.11017e+07 3.03444e+07 
41.2288 9.34503 16.8463 30.3925 54.884 99.1758 179.397 324.97 589.525 1070.63 1948.46 3555.29 6497.17 11906.1 -737030 25985.8 31739.5 38534.7 47042.1 58007.3 72108.6 90344.8 114410 146853 190437 249578 332993 449691 614212 851046 1.19609e+06 1.69732e+06 2.4312e+06 3.52475e+06 5.12805e+06 7.46372e+06 1.07866e+07 1.5468e+07 2.21848e+07 3.19107e+07 
27.2866 6.18509 11.1504 20.1175 36.3313 65.6557 118.773 215.173 390.386 709.069 1290.64 2355.38 4305.26 7891.28 14357.5 -860950 32395 39346.9 48056 59291 73751.9 92470.7 117200 150581 195483 256498 342698 463487 634058 880025 1.23895e+06 1.76115e+06 2.52689e+06 3.66916e+06 5.34575e+06 7.79051e+06 1.12701e+07 1.61715e+07 2.32043e+07 3.33876e+07 
17.9853 4.07695 7.35027 13.2622 23.9526 43.2895 78.3197 141.903 257.486 467.753 851.552 1554.37 2841.82 5210.35 9589.69 17714.9 -1.00934e+06 39876 48729.5 60162.7 74894.2 93984.7 119239 153381 199378 261987 350617 475056 651139 905588 1.27763e+06 1.81994e+06 2.61662e+06 3.80664e+06 5.55571e+06 8.1091e+06 1.17454e+07 1.68662e+07 2.42143e+07 3.48542e+07 
11.8039 2.67588 4.82461 8.70576 15.7246 28.4218 51.4267 93.1888 169.118 307.278 559.517 1021.54 1868.17 3426.29 6308.38 11658.2 21605.9 -1.19e+06 49233.1 60831.2 75793 95206.8 120927 155762 202776 266892 357866 485884 667456 930478 1.31593e+06 1.87904e+06 2.70802e+06 3.94821e+06 5.7739e+06 8.44271e+06 1.22458e+07 1.76003e+07 2.52838e+07 3.64095e+07 
7.73774 1.7542 3.16305 5.70803 10.3109 18.6388 33.7296 61.1291 110.955 201.639 367.244 670.667 1226.88 2250.95 4146.04 7665.68 14214.6 26505.7 -1.41308e+06 61187.2 76757.6 96526.1 122761 158364 206513 272320 365939 498020 685855 958709 1.35963e+06 1.94681e+06 2.81334e+06 4.11202e+06 6.02727e+06 8.83129e+06 1.283e+07 1.84584e+07 2.65354e+07 3.82306e+07 
5.12134 1.16113 2.09384 3.7789 6.82693 12.3425 22.3389 40.4925 73.5124 133.626 243.439 444.71 813.832 1493.77 2752.73 5092.44 9449.37 17633.6 32945.3 -1.68786e+06 78014.9 98240.7 125139 161731 211342 279329 376366 513711 709686 995361 1.41652e+06 2.03531e+06 2.95131e+06 4.32723e+06 6.36097e+06 9.34418e+06 1.36025e+07 1.95942e+07 2.81929e+07 4.06431e+07 
3.42589 0.776794 1.40092 2.52861 4.56873 8.2611 14.9545 27.1126 49.233 89.5172 163.133 298.112 545.785 1002.27 1848.01 3420.95 6352.74 11865.4 22319.9 42132.3 -2.0334e+06 101029 128924 166981 218727 289862 391783 536587 744017 1.04765e+06 1.49707e+06 2.15989e+06 3.14467e+06 4.6279e+06 6.82615e+06 1.0058e+07 1.46765e+07 2.11725e+07 3.04953e+07 4.39927e+07 
2.32345 0.526873 0.950297 1.71547 3.09997 5.60626 10.1506 18.4072 33.4336 60.8088 110.854 202.657 371.203 682.044 1258.36 2331.1 4332.65 8100.34 15254.5 28834.5 54907.3 -2.47421e+06 133488 175305 230258 306074 415177 570865 794902 1.12443e+06 1.61445e+06 2.34036e+06 3.42354e+06 5.06014e+06 7.49328e+06 1.108e+07 1.62125e+07 2.34283e+07 3.37846e+07 4.87764e+07 
1.60772 0.364609 0.657711 1.18746 2.14617 3.88208 7.03042 12.7522 23.1691 42.1546 76.8784 140.608 257.69 473.777 874.737 1621.8 3017.35 5647.7 10649.5 20161.6 38461.8 73274.7 -3.04353e+06 187587 247179 329741 449175 620493 868367 1.23509e+06 1.7835e+06 2.60031e+06 3.82553e+06 5.68396e+06 8.45733e+06 1.25587e+07 1.84376e+07 2.66986e+07 3.85551e+07 5.57157e+07 
1.13956 0.258468 0.466314 0.842045 1.52216 2.75396 4.9887 9.05148 16.4509 29.9436 54.6344 99.9771 183.343 337.336 623.349 1156.84 2154.84 4038.71 7627.07 14466.4 27656.5 53424.6 104145 -3.77556e+06 270182 361982 495631 688576 969636 1.38851e+06 2.01944e+06 2.96566e+06 4.39453e+06 6.57278e+06 9.83904e+06 1.4689e+07 2.1656e+07 3.14403e+07 4.54831e+07 6.58014e+07 
0.819814 0.18597 0.33557 0.606065 1.09581 1.98307 3.5933 6.52179 11.8577 21.5929 39.4183 72.1747 132.452 243.9 451.112 838.105 1563.17 2934.16 5550.51 10549.6 20217 39160.3 76582.8 150779 -4.74185e+06 405107 557949 780257 1.10665e+06 1.59733e+06 2.3428e+06 3.47004e+06 5.18607e+06 7.8182e+06 1.17878e+07 1.7711e+07 2.62421e+07 3.82158e+07 5.54005e+07 8.02535e+07 
0.594555 0.134891 0.243444 0.439767 0.795308 1.43965 2.60945 4.73781 8.6177 15.7007 28.6781 52.5432 96.4998 177.858 329.299 612.526 1144.09 2151.07 4076.77 7766.39 14923.1 28994.1 56904.3 112518 225643 -6.04143e+06 636002 899530 1.28637e+06 1.8738e+06 2.7754e+06 4.15207e+06 6.26803e+06 9.53775e+06 1.45027e+07 2.19542e+07 3.27211e+07 4.78238e+07 6.94984e+07 1.00826e+08 
0.434094 0.0985022 0.177808 0.321272 0.581162 1.05234 1.90811 3.46584 6.30706 11.4975 21.0144 38.5302 70.827 130.676 242.229 451.19 844.15 1590.18 3020.32 5769.27 11120.4 21683.2 42736.1 84937.9 171338 350644 -7.73717e+06 1.0321e+06 1.49129e+06 2.19778e+06 3.29697e+06 4.99751e+06 7.64559e+06 1.17803e+07 1.81173e+07 2.77035e+07 4.16163e+07 6.11207e+07 8.91092e+07 1.29521e+08 
0.311788 0.0707618 0.127761 0.230901 0.417802 0.756784 1.37274 2.49451 4.54175 8.28448 15.1525 27.8042 51.1596 94.4952 175.386 327.17 613.225 1157.57 2203.84 4222 8165.87 15985 31652.3 63267.9 128465 265896 553365 -1.0015e+07 1.71062e+06 2.55579e+06 3.89288e+06 5.99535e+06 9.32342e+06 1.45909e+07 2.27598e+07 3.52424e+07 5.34633e+07 7.89993e+07 1.15638e+08 1.68459e+08 
0.21586 0.0489998 0.0884895 0.159968 0.289537 0.524637 0.952035 1.73082 3.15299 5.75501 10.5338 19.3454 35.6317 65.8924 122.464 228.81 429.693 812.917 1551.58 2981.77 5788.35 11378.9 22645.4 45545.9 93147 194389 408752 874505 -1.31164e+07 2.87285e+06 4.50236e+06 7.0657e+06 1.12054e+07 1.78718e+07 2.83645e+07 4.46025e+07 6.84813e+07 1.01951e+08 1.49969e+08 2.19056e+08 
0.141122 0.0320408 0.0578769 0.104656 0.189483 0.343468 0.623545 1.13417 2.06727 3.77588 6.91667 12.7137 23.4425 43.4059 80.7877 151.197 284.524 539.551 1032.6 1991.1 3880.53 7663.45 15334.8 31052.3 64010.8 134813 286804 622067 1.36778e+06 -1.73855e+07 4.94146e+06 7.9369e+06 1.29007e+07 2.10844e+07 3.42232e+07 5.49059e+07 8.56327e+07 1.28747e+08 1.906e+08 2.79337e+08 
0.0848422 0.0192667 0.0348109 0.0629644 0.114034 0.206784 0.375569 0.683466 1.24648 2.2783 4.17674 7.68434 14.1846 26.2979 49.018 91.8973 173.297 329.428 632.216 1223.3 2393.96 4750.24 9559.88 19497.4 40531.7 86205.1 185744 409057 925430 2.13332e+06 -2.31852e+07 8.16149e+06 1.36901e+07 2.31218e+07 3.8704e+07 6.38538e+07 1.01805e+08 1.55226e+08 2.31898e+08 3.41413e+08 
0.0455476 0.0103454 0.0186965 0.0338267 0.0612824 0.111168 0.201996 0.367777 0.671124 1.22752 2.25216 4.14722 7.66377 14.2267 26.5565 49.8726 94.2456 179.589 345.609 671.057 1318.63 2629 5321.35 10931.6 22919.8 49236.8 107491 240516 554466 1.30818e+06 3.11592e+06 -3.14877e+07 1.32258e+07 2.3256e+07 4.0466e+07 6.92e+07 1.13553e+08 1.76405e+08 2.66756e+08 3.95094e+08 
0.0214746 0.00487857 0.00881878 0.0159597 0.0289224 0.0524853 0.0954082 0.173796 0.317323 0.580796 1.06643 1.96549 3.63601 6.75819 12.6335 23.7654 45.0026 85.9583 165.873 323.174 637.616 1277.25 2600.04 5379.79 11376.5 24685.9 54616.1 124221 292038 706191 1.73586e+06 4.39254e+06 -4.3993e+07 2.12145e+07 3.87757e+07 6.93537e+07 1.18055e+08 1.87881e+08 2.88618e+08 4.3079e+08 
0.00883241 0.0020069 0.00362858 0.00656844 0.0119067 0.0216144 0.0393063 0.0716325 0.130857 0.239658 0.440362 0.812273 1.50413 2.79893 5.2391 9.87075 18.7268 35.8478 69.3483 135.537 268.407 539.994 1105.01 2301.59 4905.71 10744.6 24071 55606.9 133231 330138 838603 2.20929e+06 6.06817e+06 -6.19834e+07 3.16558e+07 6.04782e+07 1.09119e+08 1.80821e+08 2.85422e+08 4.3197e+08 
0.00311938 0.000708905 0.001282 0.0023212 0.00420877 0.00764263 0.0139034 0.0253482 0.0463279 0.0848963 0.156097 0.288145 0.534061 0.994856 1.86446 3.51775 6.68551 12.8234 24.8641 48.7352 96.8407 195.601 402.18 842.761 1809.25 3996.35 9055.28 21217.2 51723.2 131078 343370 940332 2.71305e+06 7.74329e+06 -8.84694e+07 4.60192e+07 8.98609e+07 1.58106e+08 2.60428e+08 4.03609e+08 
0.00093267 0.000211989 0.000383435 0.000694395 0.00125936 0.0022875 0.00416276 0.00759223 0.013882 0.0254521 0.0468259 0.0864959 0.160447 0.299168 0.561281 1.06034 2.01833 3.8783 7.53533 14.8076 29.5134 59.8222 123.526 260.238 562.257 1251.29 2863.97 6795.34 16822.7 43496.3 117171 332600 1.00368e+06 3.05983e+06 9.51842e+06 -1.27656e+08 6.46148e+07 1.24824e+08 2.19128e+08 3.53218e+08 
0.00023029 5.23494e-05 9.47004e-05 0.000171529 0.000311144 0.000565285 0.00102896 0.00187721 0.00343354 0.00629783 0.0115919 0.0214236 0.0397656 0.0742021 0.139332 0.263483 0.502144 0.966246 1.88039 3.70258 7.39728 15.0354 31.1501 65.9018 143.098 320.34 738.99 1770.69 4436.59 11652.4 32088 93746.5 293461 948290 3.19255e+06 1.10987e+07 -1.82015e+08 8.31914e+07 1.62441e+08 2.82093e+08 
4.57877e-05 1.04092e-05 1.8832e-05 3.41136e-05 6.18873e-05 0.000112452 0.000204724 0.000373563 0.000683415 0.00125385 0.00230853 0.00426793 0.00792515 0.0147952 0.0277963 0.0525969 0.100315 0.1932 0.376357 0.741993 1.48459 3.02269 6.27522 13.3104 28.991 65.1348 150.991 363.996 918.877 2437.24 6806.52 20260.7 64973.3 218613 781449 2.98282e+06 1.15735e+07 -2.48742e+08 9.78555e+07 1.99292e+08 
7.15283e-06 1.62619e-06 2.94224e-06 5.33017e-06 9.67056e-06 1.75737e-05 3.19974e-05 5.83938e-05 0.000106845 0.000196063 0.00036106 0.000667674 0.00124017 0.00231601 0.00435285 0.00824026 0.0157248 0.0303036 0.0590739 0.116567 0.233471 0.475921 0.989435 2.10242 4.58879 10.3349 24.0352 58.1751 147.58 393.957 1110.25 3345.2 10897.8 37677.1 140542 571729 2.46743e+06 1.06844e+07 -3.29062e+08 1.19786e+08 
8.47644e-07 1.92719e-07 3.487e-07 6.3174e-07 1.14624e-06 2.08314e-06 3.79322e-06 6.92314e-06 1.26689e-05 2.32509e-05 4.28241e-05 7.92043e-05 0.000147148 0.000274865 0.00051674 0.000978537 0.00186804 0.00360151 0.00702424 0.0138689 0.027797 0.056708 0.118005 0.251028 0.548614 1.23744 2.88325 6.9944 17.791 47.651 134.903 408.91 1342.45 4706.1 17976.1 76059.5 353639 1.79586e+06 9.88611e+06 -4.18245e+08 
dt_FE: 1.35519e-09
dt_EA: 1.35519e-09
dt_PE: 1.35519e-09
tolC: 1e-06
dt_grow: 1.03
dt_max: 0.1
steps: 0
