t: 4.78897e-09
dt: 3.0735e-10
N: 0.00288361 0.00333033 0.00384457 0.00443657 0.00511771 0.0058994 0.00679607 0.00782398 0.0089998 0.0103395 0.0118663 0.0136031 0.0155632 0.0177728 0.0202586 0.0230341 0.0260957 0.0294727 0.0331749 0.0371103 0.0412787 0.045646 0.0500567 0.0542371 0.0581292 0.0615521 0.0635931 0.0641897 0.063118 0.0596492 0.0659805 0.406466 0.331034 0.0160187 0.00634856 0.00224317 0.000630947 0.000137374 2.30708e-05 2.90631e-06 
eC: 1 1.15749 1.33977 1.55077 1.795 2.07768 2.40489 2.78363 3.22201 3.72944 4.31677 4.99661 5.78351 6.69433 7.7486 8.9689 10.3814 12.0163 13.9087 16.0991 18.6345 21.5692 24.9661 28.8979 33.4489 38.7167 44.814 51.8717 60.0407 69.4963 80.4411 93.1095 107.773 124.746 144.391 167.131 193.452 223.918 259.182 300 
dV: 1.08333 0.211322 0.327712 0.508206 0.788112 1.22218 1.89532 2.93921 4.55805 7.06849 10.9616 16.999 26.3615 40.8807 63.3966 98.3136 152.462 236.434 366.655 568.597 881.764 1367.42 2120.55 3288.49 5099.69 7908.45 12264.2 19019 29494.1 45738.6 70930.1 109996 170579 264529 410225 636165 986546 1.52991e+06 2.37254e+06 3.67926e+06 
kVec: 818432 950805 1.09735e+06 1.26676e+06 1.46244e+06 1.68792e+06 1.94764e+06 2.24669e+06 2.59067e+06 2.98482e+06 3.4371e+06 3.95576e+06 4.54665e+06 5.22035e+06 5.98789e+06 6.8598e+06 7.84007e+06 8.94694e+06 1.01958e+07 1.15737e+07 1.31026e+07 1.4797e+07 1.6658e+07 1.86406e+07 2.07953e+07 2.31673e+07 2.55724e+07 2.81558e+07 3.1044e+07 3.43543e+07 3.81499e+07 4.32571e+07 5.17552e+07 6.6148e+07 9.01336e+07 1.27631e+08 1.80935e+08 2.47151e+08 3.27257e+08 4.16419e+08 
cMat: 
-202329 957.364 1124.96 1310.38 1527.57 1783.29 2084.55 2439.79 2860.32 3361.71 3958.83 4671.83 5534.56 6578.74 7845.53 9397.81 11327.5 13720.9 16706.6 20536.4 25437.7 31743.5 40014.7 51087.1 65857.4 85749.1 113557 152125 206018 282895 393950 553959 786402 1.13077e+06 1.63264e+06 2.36007e+06 3.39258e+06 4.84861e+06 6.93716e+06 9.96092e+06 
4866.93 -239066 1296 1509.62 1759.85 2054.47 2401.58 2810.87 3295.4 3873.13 4561.17 5382.78 6376.96 7580.3 9040.25 10829.3 13053.6 15812.5 19254.5 23670.1 29321.6 36593.5 46133.3 58905.8 75946.7 98900.3 130995 175517 237741 326521 454794 639644 908220 1.30617e+06 1.8862e+06 2.72702e+06 3.92052e+06 5.60356e+06 8.01775e+06 1.1513e+07 
3652.2 827.645 -275486 1737.5 2025.52 2364.65 2764.2 3235.34 3793.1 4458.18 5250.27 6196.17 7340.81 8726.34 10407.4 12467.7 15029.3 18206.9 22171.7 27258.6 33770.2 42150.1 53145.1 67868.8 87516.7 113987 151008 202375 274184 376663 524762 738230 1.04845e+06 1.50817e+06 2.17835e+06 3.14997e+06 4.52924e+06 6.47417e+06 9.26405e+06 1.33032e+07 
2712.65 614.733 1107.91 -318032 2329.5 2719.55 3179.12 3721.04 4362.63 5127.67 6038.88 7127.06 8443.98 10038.1 11972.5 14343.3 17291.4 20948.8 25512.8 31369.2 38867.2 48517.8 61182.5 78145.9 100787 131298 173980 233219 316055 434302 605232 851668 1.20988e+06 1.74082e+06 2.51496e+06 3.63748e+06 5.23105e+06 7.47813e+06 1.07014e+07 1.53682e+07 
2012.85 456.149 822.107 1482.77 -367657 3097.28 3653.28 4276.11 5013.51 5892.85 6940.23 8191.11 9705.02 11537.8 13761.9 16488 19878.3 24084.9 29334.8 36072.5 44700.2 55806.9 70385.6 89917.4 115993 151141 200326 268610 364121 500506 697710 982107 1.39561e+06 2.00862e+06 2.9026e+06 4.19912e+06 6.03985e+06 8.63535e+06 1.23585e+07 1.77489e+07 
1492.65 338.266 609.656 1099.61 1967.47 -425376 4192.09 4906.89 5753.22 6762.51 7964.75 9400.66 11138.7 13242.9 15796.6 18927.3 22821.1 27653.1 33684.4 41426.7 51342.7 64110.8 80874.3 103340 133341 173793 230421 309066 419110 576306 803681 1.1317e+06 1.60877e+06 2.3162e+06 3.34813e+06 4.84502e+06 6.97043e+06 9.96722e+06 1.42661e+07 2.049e+07 
1105.74 250.587 451.638 814.61 1470.66 2656.64 -492487 5622.99 6593.03 7749.93 9128.09 10774.2 12766.9 15179.7 18108.2 21698.8 26165.5 31709.2 38630 47516.4 58900.3 73562.1 92817.7 118632 153117 199631 264772 355280 481976 663036 925037 1.30315e+06 1.8533e+06 2.6693e+06 3.85995e+06 5.5875e+06 8.04069e+06 1.14995e+07 1.64611e+07 2.36448e+07 
817.919 185.362 334.087 602.594 1087.92 1965.29 3553.74 -570493 7466.48 8869.67 10447.4 12332.1 14613.9 17377 20731.1 24844.1 29961.7 36314.3 44246.7 54434.5 67489.1 84307.5 106403 136035 175636 229073 303946 408023 553785 762195 1.06391e+06 1.49953e+06 2.13362e+06 3.07441e+06 4.44761e+06 6.44057e+06 9.27098e+06 1.32614e+07 1.89858e+07 2.72739e+07 
604.116 136.911 246.764 445.099 803.596 1451.71 2625.13 4703.96 -661317 10133.4 11936.6 14090.8 16699.1 19858.2 23693.5 28397.4 34251.3 41519.6 50597.4 62259.8 77208.7 96473.9 121793 155765 201185 262503 348468 468027 635567 875250 1.22242e+06 1.72394e+06 2.4543e+06 3.53833e+06 5.12119e+06 7.41916e+06 1.06832e+07 1.52848e+07 2.18859e+07 3.14436e+07 
445.689 101.008 182.058 328.394 592.908 1071.13 1937 3507.69 6360.94 -766646 13602.6 16058.6 19032.8 22635.7 27010.5 32377.1 39057.5 47354.2 57719.1 71040.2 88121.5 110143 139099 177971 229971 300212 398753 535893 728199 1.0035e+06 1.40253e+06 1.97931e+06 2.81978e+06 4.06778e+06 5.89091e+06 8.5387e+06 1.23003e+07 1.76029e+07 2.52099e+07 3.6224e+07 
328.074 74.354 134.02 241.749 436.486 788.571 1426.08 2582.6 4683.61 8502.68 -889260 18261.9 21646.4 25746.9 30727 36837.4 44446.1 53898.3 65710.5 80898 100381 125510 158569 202976 262417 342763 455567 612675 833150 1.14903e+06 1.60721e+06 2.26995e+06 3.23636e+06 4.67207e+06 6.7705e+06 9.81948e+06 1.41519e+07 2.02586e+07 2.90194e+07 4.17043e+07 
240.83 54.5823 98.3848 177.475 320.447 578.954 1047.05 1896.28 3439.17 6243.95 11359.6 -1.0322e+06 24378.2 29218.7 34875.5 41818 50465.5 61211.6 74645.7 91926.6 114105 142727 180402 231045 298880 390640 519582 699319 951770 1.31379e+06 1.83933e+06 2.60012e+06 3.71035e+06 5.36068e+06 7.77421e+06 1.12828e+07 1.62694e+07 2.32975e+07 3.33804e+07 4.79798e+07 
176.475 39.9977 72.0982 130.062 234.847 424.321 767.439 1389.97 2521.08 4577.53 8328.72 15079.1 -1.19825e+06 33022.5 39422.6 47279.9 57070.7 69242.4 84465 104058 129219 161708 204506 262082 339270 443775 590783 795917 1.08435e+06 1.49841e+06 2.10012e+06 2.97204e+06 4.24565e+06 6.14014e+06 8.91275e+06 1.29457e+07 1.86793e+07 2.67593e+07 3.83516e+07 5.51367e+07 
128.912 29.2187 52.6703 95.0184 171.579 310.026 560.757 1015.71 1842.41 3345.6 6087.94 11106.8 20293.8 -1.39192e+06 44396.1 53257.1 64303.6 78042.7 95233.9 117375 145828 182593 231065 296339 383930 502645 669850 903448 1.23231e+06 1.70502e+06 2.39277e+06 3.39053e+06 4.84956e+06 7.02164e+06 1.02031e+07 1.48342e+07 2.14201e+07 3.07001e+07 4.40145e+07 6.32933e+07 
93.7702 21.2542 38.3149 69.1242 124.827 225.564 408.017 739.108 1340.81 2435.03 4431.56 8086.1 14777.1 27079.2 -1.61805e+06 59101.7 72187.8 87642.8 106992 131931 164003 205479 260213 334001 433127 567637 757355 1.02277e+06 1.39696e+06 1.93561e+06 2.72037e+06 3.86035e+06 5.52949e+06 8.01665e+06 1.16632e+07 1.69754e+07 2.45329e+07 3.51802e+07 5.04569e+07 7.25773e+07 
67.9198 15.3955 27.7547 50.0752 90.4333 163.426 295.641 535.594 971.721 1764.97 3212.58 5862.86 10716.4 19642.4 35737.8 -1.88365e+06 80635.3 97939.5 119618 147583 183578 230172 291727 374816 486583 638457 853020 1.15368e+06 1.57825e+06 2.1905e+06 3.08391e+06 4.38374e+06 6.28976e+06 9.13301e+06 1.33063e+07 1.93916e+07 2.80528e+07 4.0253e+07 5.77584e+07 8.31062e+07 
49.0114 11.11 20.0301 36.1406 65.2728 117.967 213.427 386.696 701.67 1274.66 2320.55 4235.78 7744.2 14198.6 26132.7 48274.5 -2.19308e+06 108665 132792 163948 204093 256116 324935 417974 543322 713935 955459 1.29456e+06 1.7744e+06 2.4678e+06 3.48163e+06 4.95948e+06 7.1305e+06 1.03734e+07 1.51397e+07 2.20979e+07 3.2007e+07 4.59618e+07 6.59858e+07 9.49804e+07 
35.1339 7.96464 14.3602 25.9123 46.8035 84.5961 153.069 277.372 503.373 914.598 1665.38 3040.56 5560.53 10198.2 18776.6 34700.2 64309 -2.55733e+06 146540 181061 225595 283379 359935 463617 603554 794392 1.06517e+06 1.44621e+06 1.98665e+06 2.76952e+06 3.91681e+06 5.59287e+06 8.06031e+06 1.17517e+07 1.71858e+07 2.51293e+07 3.6449e+07 5.23864e+07 7.52561e+07 1.08371e+08 
24.9821 5.66364 10.2123 18.429 33.29 60.1774 108.9 197.362 358.231 651.013 1185.69 2165.32 3961.13 7267.43 13386 24749.5 45893.4 85576.5 -2.98883e+06 197550 247820 311645 396349 511296 666751 879215 1.18147e+06 1.60791e+06 2.21436e+06 3.0953e+06 4.38971e+06 6.28549e+06 9.08319e+06 1.32761e+07 1.94597e+07 2.85128e+07 4.14231e+07 5.9595e+07 8.56725e+07 1.23432e+08 
17.6617 4.00433 7.22094 13.0321 23.5437 42.5649 77.0391 139.645 253.519 460.83 839.538 1533.65 2806.63 5151.5 9493.21 17562 32587.6 60812.2 113617 -3.49436e+06 269047 338798 431561 557754 728844 963308 1.29795e+06 1.77161e+06 2.44746e+06 3.43266e+06 4.88509e+06 7.01909e+06 1.01781e+07 1.49231e+07 2.19368e+07 3.22248e+07 4.69103e+07 6.75736e+07 9.72277e+07 1.40164e+08 
12.3622 2.80302 5.05514 9.12437 16.4861 29.8098 53.9628 97.8346 177.655 323.019 588.656 1075.72 1969.44 3616.64 6668.47 12344.4 22923.6 42815.6 80540.2 152032 -4.0951e+06 364559 465217 602543 789265 1.04596e+06 1.41373e+06 1.93625e+06 2.68475e+06 3.7804e+06 5.4021e+06 7.79386e+06 1.13474e+07 1.66996e+07 2.46318e+07 3.62938e+07 5.29595e+07 7.64e+07 1.10041e+08 1.58746e+08 
8.54176 1.93695 3.4936 6.30662 11.3965 20.6104 37.317 67.6708 122.913 223.553 407.536 745.032 1364.66 2507.41 4626.13 8569.89 15928.2 29779.5 56080.6 106005 201857 -4.8124e+06 490745 644477 846502 1.12523e+06 1.52633e+06 2.09868e+06 2.92232e+06 4.13377e+06 5.93523e+06 8.60393e+06 1.2586e+07 1.86027e+07 2.75477e+07 4.07335e+07 5.96024e+07 8.61301e+07 1.24203e+08 1.79318e+08 
5.82438 1.32089 2.38273 4.3019 7.77507 14.0638 25.4695 46.1982 83.9359 152.716 278.512 509.389 933.548 1716.38 3168.96 5875.39 10931.1 20460.2 38580.4 73040.5 139338 265457 -5.68107e+06 679581 895469 1.19457e+06 1.62725e+06 2.2479e+06 3.14589e+06 4.47443e+06 6.46118e+06 9.42031e+06 1.3859e+07 2.05916e+07 3.06389e+07 4.54972e+07 6.6795e+07 9.67225e+07 1.39676e+08 2.01844e+08 
3.91628 0.888265 1.60256 2.89382 5.23114 9.4644 17.1444 31.1068 56.5361 102.906 187.76 343.587 630.088 1159.31 2142.23 3975.67 7405.42 13879.7 26211.6 49716 95045.8 183602 357910 -6.71877e+06 928523 1.24401e+06 1.70331e+06 2.3664e+06 3.3323e+06 4.77183e+06 6.94013e+06 1.01919e+07 1.51025e+07 2.25884e+07 3.38134e+07 5.04811e+07 7.44242e+07 1.08049e+08 1.56309e+08 2.26136e+08 
2.57797 0.584797 1.05523 1.90582 3.44586 6.23593 11.2994 20.5083 37.2875 67.9008 123.954 226.96 416.505 766.963 1418.56 2635.49 4915.52 9226.71 17454.1 33174.2 63574 123143 240821 474138 -7.98851e+06 1.27389e+06 1.75452e+06 2.45358e+06 3.47997e+06 5.02293e+06 7.36712e+06 1.09118e+07 1.6308e+07 2.4585e+07 3.70677e+07 5.56937e+07 8.25205e+07 1.20173e+08 1.74212e+08 2.52364e+08 
1.65405 0.375265 0.67726 1.22343 2.21254 4.0051 7.25947 13.1805 23.9743 43.6792 79.7823 146.175 268.462 494.798 916.107 1704.04 3182.84 5984.24 11341.5 21606 41515.8 80661.2 158307 313024 627736 -9.57627e+06 1.76935e+06 2.50248e+06 3.57868e+06 5.2129e+06 7.72112e+06 1.1551e+07 1.74376e+07 2.65339e+07 4.03463e+07 6.10765e+07 9.10298e+07 1.33045e+08 1.93344e+08 2.80496e+08 
1.03673 0.235248 0.42465 0.76728 1.38796 2.51325 4.55705 8.27731 15.0629 27.4589 50.1877 92.0199 169.153 312.088 578.506 1077.56 2016.05 3797.75 7213.29 13778.5 26558.3 51785.1 102065 202854 409199 837427 -1.15083e+07 2.46493e+06 3.56158e+06 5.24886e+06 7.874e+06 1.19353e+07 1.82596e+07 2.81345e+07 4.32688e+07 6.61631e+07 9.93903e+07 1.45972e+08 2.12816e+08 3.09329e+08 
0.627262 0.14236 0.257032 0.464532 0.840542 1.52252 2.76171 5.0185 9.1372 16.6669 30.484 55.9371 102.924 190.107 352.845 658.208 1233.7 2328.82 4433.73 8493.92 16428.3 32158.9 63678.7 127284 258449 534935 1.11327e+06 -1.39435e+07 3.44146e+06 5.14179e+06 7.83178e+06 1.20616e+07 1.87571e+07 2.93542e+07 4.57887e+07 7.09015e+07 1.07559e+08 1.58932e+08 2.32642e+08 3.3891e+08 
0.363422 0.0824961 0.148981 0.269322 0.487464 0.883278 1.60284 2.914 5.30837 9.68913 17.7347 32.5698 59.9895 110.936 206.18 385.224 723.43 1368.63 2612.24 5020.11 9745.26 19157.6 38125.8 76681.1 156822 327274 688174 1.47231e+06 -1.70604e+07 4.83673e+06 7.58017e+06 1.18958e+07 1.88654e+07 3.00888e+07 4.77544e+07 7.50928e+07 1.15295e+08 1.71645e+08 2.52487e+08 3.68802e+08 
0.200612 0.0455475 0.0822746 0.148773 0.269358 0.488255 0.886397 1.61227 2.93871 5.36758 9.83236 18.0732 33.3245 61.7035 114.843 214.934 404.463 766.995 1467.89 2830.43 5516.35 10893.9 21799.1 44142.2 90994.2 191643 407704 884296 1.94436e+06 -2.11458e+07 7.02451e+06 1.12827e+07 1.83389e+07 2.99724e+07 4.86498e+07 7.80512e+07 1.21731e+08 1.8302e+08 2.70947e+08 3.97091e+08 
0.103106 0.0234143 0.0423046 0.0765188 0.138583 0.251299 0.456418 0.830596 1.51481 2.76876 5.07587 9.33854 17.2381 31.959 59.5701 111.68 210.603 400.344 768.313 1486.65 2909.3 5772.82 11617.8 23694.6 49256.9 104763 225729 497114 1.12465e+06 2.59256e+06 -2.6526e+07 9.91842e+06 1.66371e+07 2.80992e+07 4.70358e+07 7.75996e+07 1.2372e+08 1.88642e+08 2.81819e+08 4.14909e+08 
0.0313873 0.00712915 0.012884 0.0233104 0.0422304 0.0766072 0.139197 0.253439 0.462479 0.845899 1.55199 2.8579 5.28119 9.80375 18.3004 34.3678 64.9457 123.757 238.163 462.433 908.682 1811.68 3667 7533.06 15794.3 33929.6 74073 165742 382089 901482 2.14721e+06 -3.67409e+07 9.11408e+06 1.60259e+07 2.78856e+07 4.76865e+07 7.82504e+07 1.21563e+08 1.83825e+08 2.72264e+08 
0.0154733 0.00351521 0.00635428 0.0114996 0.0208397 0.0378178 0.0687454 0.125227 0.228644 0.418487 0.768402 1.41622 2.61989 4.86954 9.10291 17.1239 32.4261 61.9364 119.518 232.859 459.428 920.308 1873.43 3876.35 8197.19 17787.1 39353.1 89506.5 210425 508839 1.25076e+06 3.165e+06 -4.8713e+07 1.52859e+07 2.79394e+07 4.99721e+07 8.50634e+07 1.35376e+08 2.0796e+08 3.10401e+08 
0.008976 0.00203953 0.00368757 0.00667522 0.0121003 0.0219658 0.0399453 0.072797 0.132985 0.243554 0.447521 0.825479 1.52858 2.84443 5.32427 10.0312 19.0313 36.4306 70.4757 137.74 272.771 548.773 1122.97 2339.01 4985.46 10919.2 24462.3 56510.9 135397 335505 852236 2.24521e+06 6.16683e+06 -6.26007e+07 3.21704e+07 6.14614e+07 1.10893e+08 1.83761e+08 2.90062e+08 4.38992e+08 
0.00313738 0.000712995 0.00128939 0.00233459 0.00423305 0.00768672 0.0139836 0.0254944 0.0465952 0.0853861 0.156997 0.289807 0.537142 1.0006 1.87521 3.53804 6.72407 12.8974 25.0076 49.0163 97.3994 196.729 404.501 847.623 1819.69 4019.41 9107.52 21339.6 52021.6 131834 345351 945757 2.7287e+06 7.78796e+06 -8.84844e+07 4.62847e+07 9.03793e+07 1.59018e+08 2.6193e+08 4.05937e+08 
0.000934188 0.000212334 0.000384059 0.000695525 0.00126141 0.00229123 0.00416953 0.00760459 0.0139046 0.0254935 0.0469021 0.0866367 0.160708 0.299655 0.562195 1.06207 2.02162 3.88461 7.54759 14.8317 29.5614 59.9196 123.727 260.661 563.172 1253.33 2868.63 6806.4 16850.1 43567.1 117361 333142 1.00531e+06 3.06481e+06 9.53391e+06 -1.26976e+08 6.47199e+07 1.25027e+08 2.19485e+08 3.53793e+08 
0.000230382 5.23703e-05 9.47382e-05 0.000171597 0.000311268 0.00056551 0.00102937 0.00187796 0.00343491 0.00630034 0.0115965 0.0214321 0.0397814 0.0742317 0.139388 0.263588 0.502344 0.966631 1.88114 3.70406 7.40023 15.0414 31.1625 65.928 143.155 320.468 739.285 1771.4 4438.36 11657 32100.8 93783.9 293578 948668 3.19382e+06 1.11032e+07 -1.8072e+08 8.32246e+07 1.62506e+08 2.82205e+08 
4.57916e-05 1.04101e-05 1.88336e-05 3.41165e-05 6.18926e-05 0.000112462 0.000204742 0.000373595 0.000683473 0.00125395 0.00230873 0.0042683 0.00792582 0.0147964 0.0277987 0.0526013 0.100324 0.193216 0.376389 0.742056 1.48472 3.02295 6.27575 13.3115 28.9935 65.1403 151.003 364.027 918.955 2437.45 6807.1 20262.5 64978.8 218631 781516 2.98307e+06 1.15745e+07 -2.47095e+08 9.78638e+07 1.99309e+08 
7.15293e-06 1.62621e-06 2.94228e-06 5.33024e-06 9.6707e-06 1.75739e-05 3.19979e-05 5.83947e-05 0.000106847 0.000196066 0.000361065 0.000667684 0.00124019 0.00231604 0.00435292 0.00824038 0.015725 0.030304 0.0590748 0.116569 0.233474 0.475928 0.989449 2.10245 4.58886 10.3351 24.0356 58.1759 147.583 393.963 1110.27 3345.25 10898 37677.6 140544 571737 2.46747e+06 1.06845e+07 -3.27246e+08 1.19788e+08 
8.47646e-07 1.92719e-07 3.48701e-07 6.31741e-07 1.14624e-06 2.08315e-06 3.79323e-06 6.92315e-06 1.26689e-05 2.32509e-05 4.28242e-05 7.92044e-05 0.000147149 0.000274865 0.000516741 0.000978539 0.00186804 0.00360152 0.00702425 0.0138689 0.0277971 0.0567081 0.118005 0.251028 0.548615 1.23744 2.88326 6.99441 17.791 47.6511 134.904 408.911 1342.46 4706.11 17976.2 76059.6 353640 1.79586e+06 9.88612e+06 -4.16417e+08 
dt_FE: 3.0735e-10
dt_EA: 3.0735e-10
dt_PE: 3.0735e-10
tolC: 1e-06
dt_grow: 1.03
dt_max: 0.1
steps: 0
