t: 8.89443e-09
dt: 3.59155e-10
N: 0.00543996 0.00628082 0.0072481 0.00836084 0.00963999 0.0111065 0.0127867 0.0147102 0.0169071 0.0194055 0.0222469 0.0254714 0.0290998 0.0331769 0.0377461 0.0428257 0.0483994 0.0545108 0.0611642 0.0681758 0.0755283 0.0831393 0.0907076 0.0977252 0.10407 0.109396 0.112129 0.112163 0.109114 0.10178 0.0998084 0.365176 0.279705 0.024806 0.0100936 0.00350118 0.000969517 0.000210249 3.54198e-05 4.49711e-06 
eC: 1 1.15749 1.33977 1.55077 1.795 2.07768 2.40489 2.78363 3.22201 3.72944 4.31677 4.99661 5.78351 6.69433 7.7486 8.9689 10.3814 12.0163 13.9087 16.0991 18.6345 21.5692 24.9661 28.8979 33.4489 38.7167 44.814 51.8717 60.0407 69.4963 80.4411 93.1095 107.773 124.746 144.391 167.131 193.452 223.918 259.182 300 
dV: 1.08333 0.211322 0.327712 0.508206 0.788112 1.22218 1.89532 2.93921 4.55805 7.06849 10.9616 16.999 26.3615 40.8807 63.3966 98.3136 152.462 236.434 366.655 568.597 881.764 1367.42 2120.55 3288.49 5099.69 7908.45 12264.2 19019 29494.1 45738.6 70930.1 109996 170579 264529 410225 636165 986546 1.52991e+06 2.37254e+06 3.67926e+06 
kVec: 832489 966944 1.11585e+06 1.28793e+06 1.48664e+06 1.7155e+06 1.97899e+06 2.28221e+06 2.63078e+06 3.02987e+06 3.48744e+06 4.01165e+06 4.6081e+06 5.28718e+06 6.05961e+06 6.93536e+06 7.91754e+06 9.02361e+06 1.02678e+07 1.16348e+07 1.31448e+07 1.48099e+07 1.66278e+07 1.85501e+07 2.0625e+07 2.28953e+07 2.51801e+07 2.76315e+07 3.03908e+07 3.36146e+07 3.74249e+07 4.27281e+07 5.15877e+07 6.6271e+07 9.03827e+07 1.27928e+08 1.81239e+08 2.47436e+08 3.27521e+08 4.16661e+08 
cMat: 
-195966 954.91 1122.07 1307.02 1523.65 1778.71 2079.21 2433.53 2852.98 3353.09 3948.68 4659.86 5520.37 6561.87 7825.41 9373.71 11298.5 13685.7 16663.8 20483.7 25372.4 31662.1 39912.1 50956.1 65688.5 85529.2 113266 151735 205490 282170 392940 552539 784386 1.12787e+06 1.62845e+06 2.35402e+06 3.38388e+06 4.83618e+06 6.91938e+06 9.93538e+06 
4852.52 -231658 1292.16 1505.15 1754.64 2048.39 2394.47 2802.55 3285.65 3861.66 4547.67 5366.84 6358.09 7557.86 9013.49 10797.3 13015 15765.7 19197.5 23600 29234.8 36485.2 45996.7 58731.4 75721.9 98607.5 130607 174997 237038 325554 453447 637751 905531 1.3023e+06 1.88062e+06 2.71894e+06 3.90892e+06 5.58698e+06 7.99402e+06 1.14789e+07 
3639.72 824.817 -266874 1731.57 2018.6 2356.57 2754.75 3224.28 3780.14 4442.94 5232.33 6175 7315.73 8696.53 10371.9 12425.1 14977.9 18144.7 22096 27165.5 33654.9 42006.1 52963.5 67636.9 87217.6 113598 150492 201684 273247 375376 522969 735708 1.04487e+06 1.50302e+06 2.17091e+06 3.13921e+06 4.51376e+06 6.45205e+06 9.2324e+06 1.32578e+07 
2701.96 612.31 1103.54 -308013 2320.32 2708.83 3166.59 3706.37 4345.43 5107.46 6015.07 7098.97 8410.69 9998.56 11925.3 14286.8 17223.2 20866.3 25412.2 31245.6 38714 48326.5 60941.3 77837.8 100390 130780 173295 232300 314809 432590 602846 848311 1.20511e+06 1.73396e+06 2.50505e+06 3.62314e+06 5.21043e+06 7.44865e+06 1.06593e+07 1.53076e+07 
2003.7 454.076 818.37 1476.03 -355989 3083.2 3636.67 4256.67 4990.72 5866.06 6908.69 8153.88 9660.91 11485.3 13699.3 16413.1 19788 23975.4 29201.4 35908.5 44497 55553.3 70065.7 89508.7 115466 150454 199415 267389 362466 498230 694539 977643 1.38927e+06 1.99948e+06 2.88941e+06 4.18003e+06 6.01239e+06 8.5961e+06 1.23023e+07 1.76683e+07 
1484.83 336.495 606.463 1093.85 1957.17 -411777 4170.13 4881.19 5723.08 6727.09 7923.03 9351.42 11080.3 13173.5 15713.9 18828.1 22701.6 27508.3 33508 41209.7 51073.8 63775 80450.7 102799 132643 172883 229214 307447 416915 573287 799471 1.12577e+06 1.60035e+06 2.30406e+06 3.33059e+06 4.81964e+06 6.93392e+06 9.91501e+06 1.41913e+07 2.03827e+07 
1099.07 249.076 448.914 809.696 1461.79 2640.62 -476625 5589.07 6553.26 7703.19 9073.03 10709.2 12689.9 15088.1 17999 21567.9 26007.6 31517.9 38397 47229.8 58545 73118.4 92257.8 117916 152193 198426 263175 353137 479069 659037 919457 1.29529e+06 1.84212e+06 2.6532e+06 3.83667e+06 5.5538e+06 7.99219e+06 1.14301e+07 1.63618e+07 2.35021e+07 
812.243 184.075 331.768 598.412 1080.37 1951.65 3529.07 -551967 7414.66 8808.11 10374.9 12246.6 14512.4 17256.4 20587.3 24671.7 29753.7 36062.3 43939.6 54056.6 67020.7 83722.4 105664 135091 174417 227483 301837 405191 549941 756905 1.05652e+06 1.48912e+06 2.11881e+06 3.05308e+06 4.41675e+06 6.39587e+06 9.20664e+06 1.31694e+07 1.88541e+07 2.70846e+07 
599.296 135.818 244.795 441.548 797.184 1440.13 2604.18 4666.43 -639655 10052.6 11841.4 13978.4 16565.9 19699.8 23504.5 28170.8 33978 41188.3 50193.6 61763 76592.7 95704.1 120822 154522 199580 260409 345688 464293 630496 868267 1.21267e+06 1.71018e+06 2.43472e+06 3.51009e+06 5.08033e+06 7.35996e+06 1.0598e+07 1.51628e+07 2.17113e+07 3.11927e+07 
441.606 100.083 180.39 325.385 587.476 1061.32 1919.25 3475.55 6302.67 -741297 13478 15911.5 18858.5 22428.3 26763.1 32080.5 38699.7 46920.4 57190.4 70389.4 87314.2 109134 137825 176341 227864 297462 395100 530984 721528 994311 1.38968e+06 1.96118e+06 2.79395e+06 4.03052e+06 5.83694e+06 8.46048e+06 1.21877e+07 1.74417e+07 2.4979e+07 3.58922e+07 
324.628 73.5729 132.612 239.209 431.9 780.286 1411.1 2555.47 4634.41 8413.35 -859552 18070.1 21419 25476.4 30404.2 36450.5 43979.2 53332 65020.2 80048.1 99326.2 124192 156903 200844 259661 339162 450781 606239 824398 1.13696e+06 1.59032e+06 2.24611e+06 3.20236e+06 4.62299e+06 6.69938e+06 9.71632e+06 1.40032e+07 2.00458e+07 2.87146e+07 4.12661e+07 
237.932 53.9256 97.201 175.339 316.591 571.988 1034.46 1873.47 3397.79 6168.83 11222.9 -997327 24084.8 28867.2 34455.9 41314.8 49858.3 60475.1 73747.6 90820.6 112733 141009 178232 228265 295284 385940 513330 690905 940319 1.29798e+06 1.8172e+06 2.56883e+06 3.66571e+06 5.29618e+06 7.68067e+06 1.1147e+07 1.60736e+07 2.30172e+07 3.29788e+07 4.74025e+07 
174.048 39.4477 71.1068 128.273 231.618 418.486 756.886 1370.86 2486.41 4514.59 8214.19 14871.8 -1.15729e+06 32568.5 38880.5 46629.7 56285.9 68290.2 83303.6 102627 127442 159484 201694 258479 334605 437673 582660 784972 1.06944e+06 1.47781e+06 2.07124e+06 2.93117e+06 4.18727e+06 6.05571e+06 8.7902e+06 1.27677e+07 1.84225e+07 2.63913e+07 3.78243e+07 5.43785e+07 
126.891 28.7604 51.8443 93.5282 168.888 305.164 551.963 999.777 1813.51 3293.13 5992.46 10932.6 19975.5 -1.34374e+06 43699.8 52421.8 63295.2 76818.7 93740.4 115535 143541 179730 227442 291691 377909 494763 659345 889280 1.21298e+06 1.67828e+06 2.35525e+06 3.33736e+06 4.77351e+06 6.91152e+06 1.00431e+07 1.46015e+07 2.10842e+07 3.02187e+07 4.33242e+07 6.23006e+07 
92.0965 20.8749 37.631 67.8904 122.599 221.538 400.735 725.915 1316.88 2391.56 4352.46 7941.77 14513.3 26595.8 -1.5613e+06 58046.8 70899.3 86078.4 105082 129576 161076 201811 255569 328039 425396 557505 743837 1.00452e+06 1.37202e+06 1.90106e+06 2.67181e+06 3.79145e+06 5.43079e+06 7.87356e+06 1.1455e+07 1.66724e+07 2.4095e+07 3.45523e+07 4.95563e+07 7.12819e+07 
66.5439 15.0836 27.1925 49.0607 88.6013 160.115 289.652 524.744 952.036 1729.21 3147.5 5744.09 10499.3 19244.5 35013.8 -1.81671e+06 79001.8 95955.4 117194 144593 179859 225509 285817 367223 476726 625523 835739 1.13031e+06 1.54628e+06 2.14612e+06 3.02143e+06 4.29494e+06 6.16234e+06 8.948e+06 1.30367e+07 1.89987e+07 2.74845e+07 3.94375e+07 5.65883e+07 8.14226e+07 
47.889 10.8556 19.5714 35.3129 63.778 115.266 208.54 377.84 685.601 1245.47 2267.4 4138.78 7566.84 13873.4 25534.2 47169 -2.11414e+06 106177 129751 160193 199419 250250 317494 408402 530879 697585 933578 1.26492e+06 1.73377e+06 2.41128e+06 3.4019e+06 4.8459e+06 6.9672e+06 1.01358e+07 1.4793e+07 2.15919e+07 3.1274e+07 4.49092e+07 6.44746e+07 9.28052e+07 
34.2275 7.75917 13.9898 25.2438 45.596 82.4136 149.12 270.217 490.387 891.003 1622.41 2962.12 5417.08 9935.11 18292.2 33804.9 62650 -2.46417e+06 142760 176390 219775 276068 350649 451657 587983 773898 1.03769e+06 1.4089e+06 1.9354e+06 2.69807e+06 3.81576e+06 5.44858e+06 7.85236e+06 1.14485e+07 1.67424e+07 2.4481e+07 3.55087e+07 5.10349e+07 7.33146e+07 1.05575e+08 
24.2589 5.49968 9.91663 17.8955 32.3263 58.4353 105.747 191.649 347.86 632.166 1151.36 2102.64 3846.46 7057.04 12998.4 24033 44564.8 83099.1 -2.87878e+06 191831 240646 302623 384875 496494 647448 853762 1.14727e+06 1.56136e+06 2.15026e+06 3.00569e+06 4.26263e+06 6.10352e+06 8.82023e+06 1.28918e+07 1.88964e+07 2.76874e+07 4.02239e+07 5.78697e+07 8.31923e+07 1.19858e+08 
17.0919 3.87514 6.98797 12.6117 22.7841 41.1917 74.5536 135.139 245.34 445.963 812.452 1484.17 2716.08 4985.29 9186.93 16995.4 31536.2 58850.2 109951 -3.36472e+06 260366 327868 417637 539759 705329 932229 1.25608e+06 1.71445e+06 2.3685e+06 3.32191e+06 4.72748e+06 6.79263e+06 9.84968e+06 1.44416e+07 2.1229e+07 3.11852e+07 4.53968e+07 6.53935e+07 9.40908e+07 1.35642e+08 
11.9205 2.70289 4.87455 8.79841 15.8971 28.7449 52.035 94.3395 171.308 311.479 567.627 1037.29 1899.08 3487.43 6430.24 11903.4 22104.6 41286.1 77662.9 146601 -3.94262e+06 351536 448598 581017 761069 1.00859e+06 1.36322e+06 1.86708e+06 2.58884e+06 3.64535e+06 5.20911e+06 7.51543e+06 1.0942e+07 1.6103e+07 2.37519e+07 3.49973e+07 5.10676e+07 7.36706e+07 1.0611e+08 1.53074e+08 
8.20619 1.86086 3.35635 6.05885 10.9488 19.8007 35.8509 65.0122 118.084 214.77 391.525 715.763 1311.05 2408.91 4444.39 8233.2 15302.4 28609.5 53877.3 101840 193927 -4.63361e+06 471466 619158 813246 1.08102e+06 1.46636e+06 2.01623e+06 2.80751e+06 3.97137e+06 5.70205e+06 8.26591e+06 1.20916e+07 1.78719e+07 2.64655e+07 3.91332e+07 5.72608e+07 8.27463e+07 1.19323e+08 1.72273e+08 
5.57514 1.26437 2.28076 4.11781 7.44235 13.462 24.3796 44.2212 80.344 146.181 266.593 487.59 893.599 1642.93 3033.35 5623.96 10463.3 19584.7 36929.4 69914.9 133375 254097 -5.47216e+06 650500 857149 1.14345e+06 1.55762e+06 2.1517e+06 3.01126e+06 4.28295e+06 6.18468e+06 9.01718e+06 1.32659e+07 1.97104e+07 2.93278e+07 4.35502e+07 6.39367e+07 9.25835e+07 1.33699e+08 1.93207e+08 
3.7362 0.847421 1.52887 2.76075 4.9906 9.0292 16.3561 29.6764 53.9364 98.174 179.126 327.788 601.115 1106 2043.73 3792.86 7064.9 13241.4 25006.3 47430 90675.4 175159 341452 -6.47703e+06 885828 1.1868e+06 1.62499e+06 2.25758e+06 3.17907e+06 4.55241e+06 6.62101e+06 9.7233e+06 1.4408e+07 2.15497e+07 3.22586e+07 4.81599e+07 7.1002e+07 1.03081e+08 1.49122e+08 2.15738e+08 
2.45223 0.556273 1.00376 1.81287 3.27778 5.93177 10.7483 19.508 35.4688 64.5889 117.908 215.889 396.19 729.554 1349.37 2506.94 4675.76 8776.67 16602.7 31556.1 60473.1 117136 229075 451011 -7.71159e+06 1.21176e+06 1.66894e+06 2.33391e+06 3.31023e+06 4.77793e+06 7.00778e+06 1.03796e+07 1.55126e+07 2.33858e+07 3.52597e+07 5.29771e+07 7.84955e+07 1.14311e+08 1.65714e+08 2.40055e+08 
1.56972 0.356133 0.642732 1.16106 2.09974 3.80091 6.88937 12.5086 22.7521 41.4523 75.7148 138.722 254.775 469.572 869.402 1617.16 3020.57 5679.16 10763.3 20504.5 39399.3 76548.9 150236 297066 595732 -9.26345e+06 1.67915e+06 2.3749e+06 3.39623e+06 4.94714e+06 7.32748e+06 1.09621e+07 1.65486e+07 2.51812e+07 3.82893e+07 5.79626e+07 8.63889e+07 1.26262e+08 1.83487e+08 2.66196e+08 
0.982991 0.223055 0.40264 0.72751 1.31602 2.38298 4.32085 7.84828 14.2821 26.0356 47.5864 87.2503 160.386 295.912 548.521 1021.7 1911.55 3600.91 6839.41 13064.3 25181.7 49101 96774.6 192339 387989 794021 -1.11641e+07 2.33717e+06 3.37698e+06 4.9768e+06 7.46587e+06 1.13167e+07 1.73132e+07 2.66762e+07 4.10261e+07 6.27337e+07 9.42387e+07 1.38406e+08 2.01785e+08 2.93295e+08 
0.595106 0.135062 0.243855 0.440718 0.797453 1.44447 2.62013 4.76124 8.66879 15.8125 28.9213 53.0696 97.6477 180.362 334.757 624.466 1170.46 2209.44 4206.44 8058.49 15586.1 30510.4 60414.3 120759 245200 507512 1.0562e+06 -1.35784e+07 3.26504e+06 4.8782e+06 7.43029e+06 1.14433e+07 1.77955e+07 2.78494e+07 4.34414e+07 6.72668e+07 1.02045e+08 1.50785e+08 2.20716e+08 3.21536e+08 
0.34558 0.0784459 0.141667 0.256099 0.463532 0.839914 1.52415 2.77094 5.04776 9.21344 16.864 30.9708 57.0443 105.49 196.058 366.312 687.914 1301.43 2483.99 4773.65 9266.82 18217 36254 72916.4 149123 311206 654389 1.40003e+06 -1.66989e+07 4.59927e+06 7.20802e+06 1.13118e+07 1.79392e+07 2.86116e+07 4.54099e+07 7.14061e+07 1.09635e+08 1.63218e+08 2.40091e+08 3.50696e+08 
0.191624 0.0435068 0.0785884 0.142108 0.25729 0.46638 0.846683 1.54004 2.80705 5.1271 9.39184 17.2634 31.8315 58.939 109.698 205.304 386.342 732.632 1402.12 2703.62 5269.2 10405.9 20822.4 42164.5 86917.4 183057 389438 844677 1.85725e+06 -2.08301e+07 6.70979e+06 1.07772e+07 1.75173e+07 2.86295e+07 4.64702e+07 7.45543e+07 1.16277e+08 1.7482e+08 2.58808e+08 3.793e+08 
0.0993719 0.0225663 0.0407725 0.0737475 0.133564 0.242197 0.439887 0.800514 1.45995 2.66848 4.89203 9.00032 16.6137 30.8016 57.4126 107.635 202.975 385.844 740.487 1432.8 2803.94 5563.74 11197.1 22836.4 47473 100968 217554 479110 1.08392e+06 2.49866e+06 -2.63128e+07 9.5592e+06 1.60346e+07 2.70815e+07 4.53323e+07 7.47891e+07 1.19239e+08 1.81809e+08 2.71612e+08 3.99882e+08 
0.0335709 0.0076251 0.0137803 0.024932 0.0451683 0.0819365 0.148881 0.27107 0.494652 0.904746 1.65995 3.05671 5.64859 10.4858 19.5735 36.7587 69.4638 132.366 254.731 494.603 971.896 1937.71 3922.11 8057.11 16893.1 36290 79226 177272 408669 964195 2.29659e+06 -3.61813e+07 9.74812e+06 1.71408e+07 2.98255e+07 5.10039e+07 8.3694e+07 1.30019e+08 1.96613e+08 2.91205e+08 
0.0166605 0.00378493 0.00684184 0.012382 0.0224387 0.0407195 0.0740202 0.134835 0.246187 0.450597 0.827361 1.52488 2.82091 5.24318 9.80137 18.4378 34.9142 66.6887 128.689 250.727 494.679 990.923 2017.18 4173.78 8826.16 19151.9 42372.6 96374.3 226571 547882 1.34673e+06 3.40785e+06 -4.8106e+07 1.64587e+07 3.00832e+07 5.38064e+07 9.15903e+07 1.45763e+08 2.23917e+08 3.34218e+08 
0.00889584 0.00202132 0.00365464 0.00661561 0.0119922 0.0217697 0.0395886 0.0721469 0.131797 0.241379 0.443524 0.818107 1.51493 2.81903 5.27672 9.94164 18.8613 36.1052 69.8463 136.51 270.335 543.872 1112.94 2318.12 4940.94 10821.7 24243.8 56006.2 134188 332509 844625 2.22516e+06 6.11175e+06 -6.28276e+07 3.18831e+07 6.09126e+07 1.09903e+08 1.8212e+08 2.87472e+08 4.35072e+08 
0.00312555 0.000710307 0.00128453 0.00232579 0.0042171 0.00765775 0.0139309 0.0253983 0.0464196 0.0850643 0.156405 0.288715 0.535118 0.996824 1.86815 3.52471 6.69873 12.8488 24.9133 48.8316 97.0323 195.988 402.976 844.428 1812.83 4004.26 9073.19 21259.2 51825.5 131337 344050 942192 2.71842e+06 7.75861e+06 -8.87184e+07 4.61103e+07 9.00386e+07 1.58418e+08 2.60943e+08 4.04407e+08 
0.000933011 0.000212066 0.000383575 0.000694648 0.00125982 0.00228834 0.00416428 0.007595 0.0138871 0.0254614 0.046843 0.0865275 0.160506 0.299277 0.561486 1.06073 2.01907 3.87971 7.53808 14.813 29.5242 59.844 123.571 260.332 562.462 1251.75 2865.01 6797.82 16828.8 43512.1 117213 332722 1.00404e+06 3.06094e+06 9.52189e+06 -1.27234e+08 6.46383e+07 1.2487e+08 2.19208e+08 3.53347e+08 
0.000230304 5.23525e-05 9.47061e-05 0.000171539 0.000311163 0.000565319 0.00102902 0.00187732 0.00343374 0.0062982 0.0115926 0.0214249 0.039768 0.0742065 0.139341 0.263499 0.502174 0.966304 1.8805 3.7028 7.39773 15.0363 31.1519 65.9057 143.106 320.359 739.034 1770.8 4436.86 11653.1 32089.9 93752.1 293479 948347 3.19274e+06 1.10994e+07 -1.80998e+08 8.31964e+07 1.6245e+08 2.8211e+08 
4.57883e-05 1.04093e-05 1.88323e-05 3.4114e-05 6.18881e-05 0.000112454 0.000204727 0.000373567 0.000683424 0.00125386 0.00230856 0.00426798 0.00792524 0.0147953 0.0277967 0.0525975 0.100316 0.193202 0.376362 0.742002 1.48461 3.02273 6.2753 13.3106 28.9914 65.1356 150.992 364 918.888 2437.27 6806.6 20261 64974.1 218615 781459 2.98285e+06 1.15736e+07 -2.4737e+08 9.78567e+07 1.99295e+08 
7.15285e-06 1.62619e-06 2.94225e-06 5.33018e-06 9.67058e-06 1.75737e-05 3.19975e-05 5.8394e-05 0.000106845 0.000196064 0.00036106 0.000667675 0.00124017 0.00231601 0.00435286 0.00824028 0.0157248 0.0303037 0.059074 0.116568 0.233471 0.475922 0.989437 2.10242 4.5888 10.335 24.0353 58.1752 147.581 393.958 1110.26 3345.21 10897.8 37677.2 140542 571730 2.46744e+06 1.06844e+07 -3.27507e+08 1.19787e+08 
8.47644e-07 1.92719e-07 3.487e-07 6.3174e-07 1.14624e-06 2.08314e-06 3.79322e-06 6.92314e-06 1.26689e-05 2.32509e-05 4.28241e-05 7.92043e-05 0.000147148 0.000274865 0.00051674 0.000978537 0.00186804 0.00360151 0.00702424 0.0138689 0.027797 0.056708 0.118005 0.251028 0.548614 1.23744 2.88325 6.9944 17.791 47.651 134.904 408.91 1342.46 4706.1 17976.1 76059.5 353639 1.79586e+06 9.88611e+06 -4.16659e+08 
dt_FE: 3.59155e-10
dt_EA: 3.59155e-10
dt_PE: 3.59155e-10
tolC: 1e-06
dt_grow: 1.03
dt_max: 0.1
steps: 0
