t: 0.155372
dt: 0.155364
N: 0.940882 0.94044 0.939923 0.93932 0.938615 0.93779 0.936821 0.935683 0.934341 0.932756 0.930877 0.92864 0.925969 0.922762 0.918892 0.914191 0.908444 0.90136 0.892556 0.881508 0.867507 0.849576 0.826381 0.79611 0.75638 0.70425 0.636571 0.551082 0.44858 0.335668 0.225498 0.133313 0.0684638 0.0303131 0.0114881 0.00368344 0.000981037 0.000211643 3.58353e-05 4.58644e-06 
eC: 1 1.15749 1.33977 1.55077 1.795 2.07768 2.40489 2.78363 3.22201 3.72944 4.31677 4.99661 5.78351 6.69433 7.7486 8.9689 10.3814 12.0163 13.9087 16.0991 18.6345 21.5692 24.9661 28.8979 33.4489 38.7167 44.814 51.8717 60.0407 69.4963 80.4411 93.1095 107.773 124.746 144.391 167.131 193.452 223.918 259.182 300 
dV: 1.08333 0.211322 0.327712 0.508206 0.788112 1.22218 1.89532 2.93921 4.55805 7.06849 10.9616 16.999 26.3615 40.8807 63.3966 98.3136 152.462 236.434 366.655 568.597 881.764 1367.42 2120.55 3288.49 5099.69 7908.45 12264.2 19019 29494.1 45738.6 70930.1 109996 170579 264529 410225 636165 986546 1.52991e+06 2.37254e+06 3.67926e+06 
kVec: 1.03009e+06 1.19338e+06 1.37487e+06 1.5837e+06 1.82366e+06 2.09839e+06 2.41261e+06 2.7714e+06 3.18034e+06 3.64373e+06 4.16747e+06 4.72007e+06 5.42514e+06 6.16585e+06 6.98999e+06 7.48763e+06 8.73157e+06 9.95709e+06 1.11116e+07 1.23081e+07 1.34852e+07 1.4703e+07 1.52939e+07 1.59076e+07 1.81492e+07 1.69374e+07 1.62546e+07 2.18076e+07 1.96236e+07 2.58633e+07 2.90141e+07 3.61556e+07 4.71158e+07 6.33463e+07 8.83453e+07 1.2804e+08 1.8225e+08 2.47951e+08 3.29187e+08 4.18366e+08 
cMat: 
-60896.7 56.7608 66.6972 77.6905 90.5674 105.729 123.59 144.652 169.584 199.311 234.714 276.987 328.137 390.045 465.151 557.183 671.593 813.493 990.512 1217.58 1508.16 1882.03 2372.42 3028.88 3904.59 5083.95 6732.63 9019.29 12214.5 16772.5 23356.7 32843.5 46624.7 67041.7 96796.9 139925 201141 287468 411295 590570 
290.845 -71078.5 77.448 90.214 105.167 122.774 143.517 167.976 196.931 231.456 272.573 321.672 381.084 452.995 540.241 647.155 780.076 944.947 1150.64 1414.51 1752.24 2186.81 2756.9 3520.18 4538.54 5910.23 7828.17 10488.8 14207.3 19512.7 27178.2 38224.8 54274.7 78055.8 112718 162965 234288 334866 479137 688009 
220.259 49.9142 -82598 104.786 122.156 142.609 166.705 195.119 228.757 268.867 316.637 373.683 442.715 526.274 627.659 751.91 906.397 1098.04 1337.15 1643.93 2036.64 2542.02 3205.11 4093.08 5278.01 6874.41 9107.07 12205 16535.7 22716.1 31647.7 44521.7 63230.6 90955.6 131373 189971 273152 390449 558703 802300 
165.336 37.4681 67.5272 -96098.2 141.983 165.757 193.768 226.798 265.903 312.532 368.07 434.395 514.661 611.825 729.725 874.228 1053.91 1276.83 1555.01 1911.96 2368.96 2957.16 3729.08 4763 6143 8002.62 10604.1 14214.8 19263.6 26470.7 36888.9 51909.3 73742.5 106103 153287 221705 318833 455793 652254 936691 
124.193 28.1446 50.7243 91.4878 -111945 191.104 225.409 263.837 309.335 363.591 428.215 505.395 598.804 711.886 849.112 1017.32 1226.5 1486.05 1809.97 2225.69 2758.02 3443.31 4342.82 5547.94 7156.84 9325.47 12360.2 16573.3 22466.4 30881.4 43049 60596.4 86109.7 123932 179092 259087 372661 532805 762525 1.09512e+06 
93.4092 21.1685 38.1519 68.8127 123.123 -130541 262.338 307.07 360.032 423.193 498.428 588.287 697.05 828.731 988.543 1184.45 1428.13 1730.51 2107.95 2592.46 3212.99 4012.01 5061.06 6466.94 8344.41 10875.8 14419.6 19341.1 26227.6 36064.8 50293.8 70820.8 100676 144946 209524 303198 436205 623742 892760 1.28225e+06 
70.3372 15.9401 28.7291 51.818 93.5501 168.991 -152425 357.683 419.388 492.98 580.646 685.358 812.113 965.593 1151.88 1380.28 1664.41 2017.05 2457.29 3022.56 3746.7 4679.35 5904.21 7546.27 9739.88 12698.7 16842.4 22599.6 30658.9 42176.3 58842.4 82894.6 117890 169796 245535 355426 511475 731492 1.04711e+06 1.50406e+06 
53.021 12.0159 21.6569 39.0627 70.5235 127.399 230.368 -178248 484.009 574.97 677.247 799.422 947.332 1126.45 1343.88 1610.5 1942.24 2354.05 2868.26 3528.67 4374.93 5465.17 6897.48 8818.37 11385.5 14849.5 19703.1 26449.8 35898.7 49408.7 68967.1 97205.9 138310 199297 288313 417505 600984 859662 1.23074e+06 0 
40.0257 9.071 16.3494 29.49 53.2422 96.1829 173.928 311.661 -208817 671.389 790.86 933.587 1106.4 1315.7 1569.82 1881.47 2269.32 2750.88 3352.33 4125.02 5115.46 6391.88 8069.42 10320.2 13329.5 17392.1 23087.7 31009.1 42109.5 57989.7 80991.7 114219 162610 234432 339304 491556 707817 1.01269e+06 1.45005e+06 0 
30.2831 6.86315 12.3702 22.3132 40.2861 72.7797 131.612 238.336 432.204 -245019 924.25 1091.13 1293.22 1538.02 1835.27 2199.91 2653.83 3217.56 3921.82 4826.94 5987.56 7483.87 9451.33 12092.5 15625.7 20398.4 27093.9 36412.1 49478.7 68184.7 95297.2 134487 191595 276392 400267 580176 835766 1.19606e+06 1.71293e+06 2.4613e+06 
22.95 5.20133 9.37516 16.9112 30.5337 55.1633 99.7597 180.662 327.635 594.793 -288070 1277.49 1514.24 1801.08 2149.46 2576.91 3109.16 3770.37 4596.68 5659.1 7021.99 8779.87 11092.5 14198.9 18357 23977.5 31868.5 42858.8 58281.8 80378.9 112430 158791 226395 326828 473621 686908 989976 1.41716e+06 0 2.91736e+06 
17.4225 3.94868 7.11751 12.8392 23.1823 41.8836 75.7477 137.184 248.802 451.71 821.795 -336822 1763.6 2113.79 2523.02 0 3650.85 4428.27 5400.14 6650.3 8254.8 10325.4 13051 16714.7 21622.1 28260.3 37588.4 50591.3 68854.5 95044.3 133063 188102 268420 387811 562414 816236 1.17698e+06 1.68542e+06 2.41486e+06 3.47103e+06 
13.2711 3.00788 5.42188 9.7808 17.6608 31.9095 57.7124 104.528 189.589 344.236 626.331 1133.97 -401629 2483.34 2964.63 3555.51 4291.79 5207.12 6351.88 7825.29 9717.4 12160.6 15379.1 19708.9 25513.5 33372.5 44427.7 59854 81544.3 112683 157932 223501 319278 461747 670251 973537 1.40471e+06 2.01233e+06 2.88409e+06 4.14635e+06 
10.1371 2.29762 4.14175 7.47181 13.4922 24.379 44.0953 79.8705 144.878 263.082 478.727 873.39 1595.81 -476237 3491.1 4187.89 5056.54 6136.92 7488.76 9229.85 11467.2 14358.3 18169.9 23302.7 30190.5 39525.7 52673.9 71043 96903.1 134075 188157 266616 381347 552149 802328 1.16649e+06 1.68438e+06 2.41412e+06 3.4611e+06 4.97709e+06 
7.76281 1.75954 3.17192 5.72248 10.3339 18.6734 33.7779 61.1874 110.999 201.585 366.869 669.412 1223.33 2241.76 -566947 4892.77 5976.1 7255.55 8857.37 10922 13577.1 17010.7 21541.9 27650.4 35856.7 46992.1 62698 84670.6 115648 160240 225207 319581 457761 663663 965541 1.40531e+06 2.03097e+06 2.91241e+06 4.1771e+06 6.00835e+06 
5.96552 1.35222 2.43775 4.39819 7.94292 14.354 25.9667 47.0422 85.348 155.02 282.166 514.946 941.237 1725.23 3138.91 -642504 7082.35 8602.2 10506.2 12962.5 16124 20216.4 25622.9 32920.8 0 56076.8 74922.3 101330 138621 192395 270865 385032 552441 802169 1.16871e+06 1.7032e+06 2.46393e+06 3.53549e+06 5.07303e+06 7.29937e+06 
4.60754 1.04445 1.88302 3.39757 6.13628 11.0901 20.0642 36.3532 65.9637 119.831 218.154 398.204 728.029 1334.81 0 4538.27 -799431 10215.6 12483.7 15412.7 19186.7 24077.3 30547 39293.6 51077.5 67116.8 89822.4 121702 166811 231997 327307 466239 670336 975199 1.42328e+06 0 0 4.32086e+06 6.2033e+06 8.92908e+06 
3.57083 0.809488 1.45951 2.6336 4.75688 8.59794 15.5572 28.1908 51.1604 92.9553 169.261 309.028 565.146 1036.5 1908.36 3526.76 6536.06 -982164 14893.6 18402.2 22928.3 28801.2 36582 47119.8 61342.3 80738.1 108259 146986 201914 281481 398086 568432 819210 1.19438e+06 1.74668e+06 2.55403e+06 3.7045e+06 5.3243e+06 7.64867e+06 1.10143e+07 
2.77629 0.629407 1.1349 2.04803 3.69955 6.68757 12.1021 21.9331 39.8106 72.3477 131.767 240.635 440.204 807.637 1487.59 2750.44 5100.18 9510.21 -1.19387e+06 21953.9 27540.5 34633.5 44046.7 56820.9 74096.7 97708.1 131298 178689 246084 343984 487833 698513 1.00942e+06 1.47539e+06 2.16258e+06 3.16866e+06 4.60339e+06 6.62285e+06 9.52087e+06 1.37171e+07 
2.17342 0.492767 0.888597 1.60371 2.89725 5.23797 9.48031 17.1844 31.1976 56.7091 103.312 188.729 345.379 633.935 1168.22 2161.16 4010.18 7483.45 13981.5 -1.45841e+06 33108.4 41692 53107.2 68636.3 89690.4 118543 159724 218012 301181 422417 601151 863758 1.25249e+06 1.83641e+06 2.6995e+06 3.96554e+06 5.7727e+06 8.3155e+06 1.19647e+07 1.72483e+07 
1.70842 0.387372 0.698609 1.26097 2.27834 4.11965 7.45754 13.5205 24.5515 44.6405 81.351 148.663 272.173 499.812 921.568 1705.96 3167.99 5917.03 11130.5 21010.5 -1.7867e+06 50381.3 64292.1 83270.1 109075 144549 195374 267585 371027 522444 746559 1.07709e+06 1.56819e+06 2.30785e+06 3.40407e+06 5.01573e+06 0 1.05583e+07 1.52074e+07 2.19383e+07 
1.34634 0.3053 0.550656 0.99404 1.7963 3.24858 5.88185 10.6662 19.3733 35.236 64.2352 117.431 215.096 395.215 729.164 1350.77 2510.58 4693.79 8839.33 0 31816.4 -2.21168e+06 77350.6 101581 133424 177356 240577 330791 460611 651559 935502 1.35614e+06 1.98379e+06 2.93213e+06 4.34203e+06 6.42036e+06 9.39444e+06 1.35757e+07 1.95767e+07 2.82638e+07 
1.06451 0.241416 0.435486 0.786249 1.42103 2.57042 4.65501 8.44355 15.3408 27.9116 50.903 93.0999 170.623 313.699 579.185 1073.83 1997.86 3739.48 7051.26 13349.5 25466.5 48517 -2.65531e+06 124206 163663 218330 297410 410844 574967 817782 1.1809e+06 1.72173e+06 2.53297e+06 0 5.59981e+06 8.31543e+06 1.2208e+07 1.76778e+07 2.55283e+07 3.68907e+07 
0.844281 0.191494 0.345483 0.623856 1.12774 2.04036 3.69604 6.70607 12.1882 22.1847 40.4776 74.0712 135.836 249.926 461.828 857.085 1596.48 2992.21 5650.76 10717.9 20490.2 39581.3 77159 -3.24339e+06 200173 268186 367204 510153 718385 1.02872e+06 1.49617e+06 2.1972e+06 0 4.86965e+06 7.28957e+06 1.08828e+07 1.60445e+07 2.32935e+07 3.36976e+07 4.8751e+07 
0.666806 0.151261 0.27294 0.492951 0.891288 1.61296 2.92265 5.30457 9.6446 17.5629 32.0613 58.7042 107.731 198.379 366.917 681.683 1271.42 2386.53 4514.58 8580.66 16443.7 31851.5 62289.5 122638 -4.42149e+06 329499 453815 634631 900111 1.2992e+06 1.90554e+06 2.8224e+06 4.21815e+06 6.35903e+06 9.58774e+06 0 2.13443e+07 3.10833e+07 4.50607e+07 6.52752e+07 
0.52127 0.118264 0.213437 0.385561 0.697278 1.2622 2.28781 4.15383 7.55548 13.7654 25.1433 46.0667 84.6052 155.935 288.71 537.026 1003.07 1885.93 3574.27 0 13083.7 25420.2 49890.2 98649.1 197830 -5.00923e+06 557608 788654 1.12782e+06 1.64284e+06 0 3.64029e+06 5.49543e+06 8.36213e+06 1.27151e+07 1.92482e+07 2.86879e+07 4.1929e+07 6.0932e+07 8.83979e+07 
0.402364 0.0913023 0.164811 0.297789 0.538682 0.975417 1.76864 3.21251 5.84605 10.6571 19.4784 35.7138 65.65 121.124 224.524 418.211 782.448 1473.95 2799.55 5347.57 10307.5 20098.3 39612.4 78729.5 158814 325014 -5.90741e+06 956663 1.38229e+06 0 3.05598e+06 4.63222e+06 7.08675e+06 0 1.6793e+07 2.56786e+07 3.85744e+07 5.66532e+07 8.25959e+07 1.20054e+08 
0.300904 0.0682917 0.123301 0.222841 0.403217 0.730367 1.32482 2.40743 4.38321 7.99529 14.6235 26.8336 49.3737 91.1966 169.263 315.749 591.819 1117.16 2126.91 4074.62 7880.81 15427 30547.4 61059.4 123981 256614 534048 -9.78982e+06 1.6509e+06 2.46657e+06 3.75699e+06 5.78607e+06 8.99796e+06 1.40815e+07 2.19653e+07 3.40122e+07 5.1597e+07 7.62416e+07 1.11601e+08 1.62579e+08 
0.213899 0.0485546 0.0876855 0.158514 0.286906 0.51987 0.943384 1.71509 3.12434 5.70272 10.4381 19.1696 35.3079 65.2937 121.351 226.731 425.789 805.531 1537.48 2954.68 5735.76 11275.5 22439.7 45132.1 92300.6 192623 405038 866559 -1.08208e+07 2.84675e+06 4.46145e+06 0 1.11036e+07 1.77094e+07 2.81068e+07 4.41973e+07 6.7859e+07 1.01025e+08 1.48606e+08 2.17065e+08 
0.141727 0.032178 0.0581247 0.105104 0.190294 0.344938 0.626214 1.13903 2.07612 3.79205 6.94629 12.7682 23.5428 43.5918 81.1336 151.845 285.742 541.861 1037.02 1999.62 3897.15 7696.26 15400.4 31185.2 64284.9 135390 288032 624730 1.37364e+06 -1.71818e+07 4.96262e+06 7.97088e+06 1.29559e+07 2.11746e+07 3.43698e+07 5.5141e+07 8.59994e+07 1.29298e+08 1.91416e+08 2.80533e+08 
0.0854971 0.0194154 0.0350796 0.0634504 0.114915 0.20838 0.378468 0.688742 1.25611 2.29589 4.20898 7.74365 14.294 26.5009 49.3964 92.6066 174.635 331.971 637.096 1232.75 2412.44 4786.9 9633.67 19647.9 40844.5 86870.6 0 412214 932573 2.14979e+06 -2.24715e+07 8.22449e+06 1.37958e+07 2.33003e+07 3.90027e+07 6.43467e+07 1.02591e+08 1.56424e+08 2.33688e+08 3.44049e+08 
0.0458323 0.0104101 0.0188134 0.0340382 0.0616655 0.111863 0.203258 0.370076 0.675319 1.23519 2.26623 4.17314 7.71167 14.3156 26.7225 50.1844 94.8347 180.711 347.769 675.251 1326.87 2645.43 5354.61 10999.9 23063.1 49544.5 108162 242019 557932 1.31636e+06 3.13539e+06 -3.13356e+07 1.33085e+07 2.34013e+07 4.07189e+07 6.96326e+07 1.14262e+08 1.77508e+08 2.68423e+08 3.97564e+08 
0.0215466 0.00489493 0.00884835 0.0160132 0.0290193 0.0526613 0.095728 0.174378 0.318387 0.582743 1.07 1.97208 3.6482 6.78085 12.6758 23.845 45.1535 86.2465 166.43 324.257 639.754 1281.53 2608.76 5397.83 11414.6 24768.6 54799.2 124638 293017 708559 1.74168e+06 4.40727e+06 -4.389e+07 2.12856e+07 3.89057e+07 6.95862e+07 1.18451e+08 1.88511e+08 2.89585e+08 4.32234e+08 
0.00884561 0.0020099 0.003634 0.00657825 0.0119245 0.0216467 0.0393651 0.0717395 0.131053 0.240016 0.44102 0.813487 1.50638 2.80311 5.24692 9.8855 18.7548 35.9013 69.4519 135.739 268.808 540.801 1106.66 2305.03 4913.04 10760.6 0 55690 133430 330631 839856 2.21259e+06 6.07724e+06 -6.1426e+07 3.17031e+07 6.05686e+07 1.09282e+08 1.81091e+08 2.85848e+08 4.32615e+08 
0.00312115 0.000709307 0.00128272 0.00232251 0.00421116 0.00764696 0.0139113 0.0253626 0.0463542 0.0849444 0.156185 0.288308 0.534364 0.99542 1.86551 3.51974 6.68929 12.8307 24.8782 48.7628 96.8956 195.712 402.408 843.239 0 3998.62 9060.41 0 51752.5 131152 343565 940865 2.71459e+06 7.74768e+06 -8.73304e+07 4.60453e+07 8.99118e+07 1.58195e+08 2.60575e+08 4.03838e+08 
0.00093284 0.000212028 0.000383505 0.000694521 0.00125959 0.00228792 0.00416351 0.00759361 0.0138845 0.0254567 0.0468344 0.0865117 0.160476 0.299223 0.561383 1.06054 2.0187 3.879 7.5367 0 29.5188 0 123.548 260.285 0 1251.52 2864.49 6796.57 16825.7 43504.2 117192 332661 1.00386e+06 3.06038e+06 9.52015e+06 -1.27568e+08 6.46265e+07 1.24847e+08 2.19168e+08 3.53282e+08 
0.000230301 5.23519e-05 9.4705e-05 0.000171537 0.000311159 0.000565312 0.00102901 0.0018773 0.0034337 0.00629813 0.0115925 0.0214246 0.0397675 0.0742057 0.139339 0.263496 0.502168 0.966293 1.88048 3.70276 7.39764 15.0362 0 65.905 143.105 320.355 739.026 1770.78 4436.81 11652.9 32089.5 93751.1 293475 948336 3.1927e+06 1.10993e+07 -1.82071e+08 8.31955e+07 1.62449e+08 2.82106e+08 
4.57882e-05 1.04093e-05 1.88322e-05 3.41139e-05 6.1888e-05 0.000112453 0.000204726 0.000373567 0.000683423 0.00125386 0.00230856 0.00426798 0.00792523 0.0147953 0 0.0525974 0.100316 0.193202 0.376361 0.742001 1.48461 3.02272 6.27529 13.3105 28.9913 65.1355 150.992 0 918.886 2437.27 6806.6 20261 64974 218615 781458 2.98285e+06 1.15736e+07 -2.47899e+08 9.78565e+07 1.99294e+08 
7.15284e-06 1.62619e-06 2.94225e-06 5.33018e-06 9.67058e-06 1.75737e-05 3.19975e-05 5.83939e-05 0.000106845 0.000196064 0 0.000667675 0.00124017 0.00231601 0 0.00824028 0 0.0303036 0.059074 0 0.233471 0.475922 0.989437 2.10242 4.5888 10.335 24.0353 58.1752 147.581 393.958 1110.25 3345.21 10897.8 37677.1 140542 571730 2.46744e+06 1.06844e+07 -3.29175e+08 1.19787e+08 
8.47644e-07 1.92719e-07 3.487e-07 6.3174e-07 1.14624e-06 2.08314e-06 3.79322e-06 6.92314e-06 1.26689e-05 2.32509e-05 0 7.92043e-05 0.000147148 0.000274865 0.00051674 0.000978537 0 0.00360151 0.00702424 0.0138689 0.027797 0.056708 0.118005 0.251028 0.548614 1.23744 2.88325 6.9944 17.791 47.651 134.904 408.91 1342.45 4706.1 17976.1 76059.5 353639 1.79586e+06 9.88611e+06 -4.18364e+08 
dt_FE: 0.155364
dt_EA: 0.155364
dt_PE: 0.155364
tolC: 1e-06
dt_grow: 1.03
dt_max: 0.1
steps: 0
