t: 4.1938e-08
dt: 4.66516e-10
N: 0.0281986 0.0324784 0.0373753 0.0429747 0.0493665 0.0566343 0.0648831 0.0742252 0.0847621 0.0965709 0.10978 0.124487 0.140667 0.15839 0.17768 0.198405 0.22025 0.243137 0.266764 0.290071 0.312683 0.333944 0.352486 0.366406 0.375116 0.377246 0.368654 0.349115 0.317719 0.272917 0.21804 0.208595 0.118087 0.0420291 0.0164239 0.00533864 0.0014284 0.000308627 5.2292e-05 6.69525e-06 
eC: 1 1.15749 1.33977 1.55077 1.795 2.07768 2.40489 2.78363 3.22201 3.72944 4.31677 4.99661 5.78351 6.69433 7.7486 8.9689 10.3814 12.0163 13.9087 16.0991 18.6345 21.5692 24.9661 28.8979 33.4489 38.7167 44.814 51.8717 60.0407 69.4963 80.4411 93.1095 107.773 124.746 144.391 167.131 193.452 223.918 259.182 300 
dV: 1.08333 0.211322 0.327712 0.508206 0.788112 1.22218 1.89532 2.93921 4.55805 7.06849 10.9616 16.999 26.3615 40.8807 63.3966 98.3136 152.462 236.434 366.655 568.597 881.764 1367.42 2120.55 3288.49 5099.69 7908.45 12264.2 19019 29494.1 45738.6 70930.1 109996 170579 264529 410225 636165 986546 1.52991e+06 2.37254e+06 3.67926e+06 
kVec: 916715 1.06364e+06 1.2267e+06 1.4148e+06 1.63161e+06 1.88072e+06 2.16679e+06 2.49505e+06 2.87109e+06 3.2998e+06 3.78902e+06 4.34647e+06 4.97629e+06 5.68771e+06 6.48968e+06 7.38888e+06 8.3833e+06 9.48605e+06 1.07045e+07 1.20105e+07 1.34146e+07 1.49158e+07 1.64949e+07 1.80844e+07 1.97237e+07 2.14472e+07 2.30894e+07 2.48433e+07 2.69247e+07 2.96639e+07 3.34265e+07 3.94106e+07 4.95924e+07 6.54825e+07 9.03425e+07 1.28379e+08 1.81997e+08 2.48331e+08 3.28467e+08 4.17593e+08 
cMat: 
-156905 933.058 1096.4 1277.11 1488.79 1738.01 2031.63 2377.85 2787.7 3276.36 3858.32 4553.22 5394.05 6411.72 7646.34 9159.21 11039.9 13372.5 16282.5 20015 24791.8 30937.6 38998.8 49790.1 64185.4 83572 110674 148263 200787 275713 383948 539895 766437 1.10206e+06 1.59119e+06 2.30015e+06 3.30644e+06 4.72551e+06 6.76104e+06 9.70803e+06 
4724.59 -186158 1258.09 1465.47 1708.38 1994.38 2331.34 2728.66 3199.03 3759.86 4427.78 5225.36 6190.47 7358.61 8775.86 10512.6 12671.8 15350.1 18691.4 22977.8 28464.1 35523.3 44784.1 57183.1 73725.6 96007.9 127164 170384 230789 316972 441493 620938 881658 1.26797e+06 1.83104e+06 2.64726e+06 3.80587e+06 5.43969e+06 7.78327e+06 1.11763e+07 
3529.26 799.786 -214011 1679.02 1957.34 2285.05 2671.15 3126.43 3665.43 4308.11 5073.55 5987.6 7093.72 8432.61 10057.1 12048 14523.4 17594.1 21425.4 26341.1 32633.5 40731.3 51356.2 65584.3 84570.8 110150 145925 195563 264955 363985 507099 713381 1.01316e+06 1.4574e+06 2.10502e+06 3.04394e+06 4.37678e+06 6.25625e+06 8.95222e+06 1.28554e+07 
2607.64 590.937 1065.02 -246539 2239.32 2614.28 3056.05 3577 4193.75 4929.18 5805.11 6851.17 8117.11 9649.56 11509 13788.1 16622.1 20137.9 24525.2 30154.9 37362.6 46639.7 58814.1 75120.8 96885.8 126215 167246 224192 303820 417490 581803 818700 1.16305e+06 1.67343e+06 2.41761e+06 3.49667e+06 5.02856e+06 7.18865e+06 1.02872e+07 1.47733e+07 
1923.32 435.861 785.542 1416.83 -284438 2959.53 3490.79 4085.92 4790.52 5630.76 6631.56 7826.8 9273.38 11024.6 13149.8 15754.7 18994.2 23013.7 28030 34468.1 42712.1 53324.9 67255.1 85918.2 110834 144419 191416 256663 347926 478245 666679 938427 1.33354e+06 1.91928e+06 2.7735e+06 4.01235e+06 5.77122e+06 8.25128e+06 1.18088e+07 1.69595e+07 
1416.47 321.003 578.542 1043.49 1867.06 -328444 3978.14 4656.46 5459.59 6417.38 7558.26 8920.88 10570.2 12567 14990.4 17961.3 21656.4 26241.8 31965.3 39312.5 48722.4 60838.8 76746.8 98065.8 126536 164923 218661 293292 397721 546893 762664 1.07394e+06 1.52667e+06 2.19799e+06 3.17725e+06 4.59775e+06 6.61468e+06 9.45853e+06 1.3538e+07 1.94443e+07 
1041.07 235.932 425.224 766.968 1384.65 2501.27 -379492 5294.13 6207.44 7296.68 8594.24 10144.1 12020.2 14291.9 17049.2 20429.7 24635.2 29854.7 36370.8 44737.4 55455.5 69259.8 87389.3 111694 144162 187955 249287 334501 453788 624259 870936 1.22694e+06 1.74491e+06 2.51319e+06 3.63421e+06 5.26072e+06 7.57043e+06 1.08269e+07 1.54984e+07 2.22619e+07 
763.18 172.957 311.728 562.266 1015.11 1833.77 3315.9 -438637 6966.79 8276.07 9748.24 11506.8 13635.8 16214 19343.7 23181.4 27956.5 33884 41285.5 50791.4 62972.4 78665.2 99281.8 126931 163882 213742 283605 380716 516723 711185 992707 1.39917e+06 1.99083e+06 2.86866e+06 4.14996e+06 6.00953e+06 8.65053e+06 1.23739e+07 1.77152e+07 2.54486e+07 
557.931 126.444 227.899 411.071 742.161 1340.73 2424.44 4344.34 -507297 9358.71 11024.1 13013.6 15422.5 18340 21882.2 26226.4 31632.8 38345.4 46729.2 57500 71306.1 89098.4 112482 143857 185804 242435 321828 432247 586977 808337 1.12897e+06 1.59214e+06 2.26667e+06 3.26782e+06 4.72967e+06 6.85196e+06 9.86649e+06 1.41163e+07 2.02128e+07 2.90397e+07 
406.855 92.2069 166.195 299.78 541.246 977.8 1768.22 3202.05 5806.69 -586645 12417.4 14659.4 17374.5 20663.4 24657 29556 35654.4 43228.1 52689.9 64850.3 80443.2 100546 126979 162464 209933 274054 364008 489200 664749 916067 1.28033e+06 1.80685e+06 2.57409e+06 3.71335e+06 5.37762e+06 7.79471e+06 1.12286e+07 1.60691e+07 2.30133e+07 3.30677e+07 
295.566 66.9863 120.74 217.794 393.235 710.432 1284.78 2326.69 4219.51 7660.15 -678658 16452.3 19501.4 23195.6 27682.3 33187.3 40042 48557.5 59199.3 72881.8 90434.1 113073 142857 182864 236415 308799 410425 551966 750594 1.03518e+06 1.44795e+06 2.04503e+06 2.91567e+06 4.20912e+06 6.09962e+06 8.84647e+06 1.27496e+07 1.82512e+07 2.61439e+07 3.75718e+07 
213.758 48.4466 87.3251 157.524 284.425 513.872 929.352 1683.12 3052.56 5542.05 10082.6 -785496 21637.7 25934.2 30955 37117.1 44792.5 54330.7 66254.6 81592.9 101279 126682 160123 205073 265282 346727 461174 620707 844779 1.1661e+06 1.63256e+06 2.30783e+06 3.29326e+06 4.75807e+06 6.90029e+06 1.00144e+07 1.44405e+07 2.06786e+07 2.9628e+07 4.25862e+07 
154.048 34.9147 62.9358 113.533 205.002 370.397 669.911 1213.33 2200.7 3995.81 7270.29 13162.8 -909192 28826 34412.7 41271.4 49818 60442.9 73731 90834 112797 141157 178517 228776 296155 387379 515705 694770 946545 1.30799e+06 1.83323e+06 2.59434e+06 3.7061e+06 5.35984e+06 7.7801e+06 1.13006e+07 1.63055e+07 2.33587e+07 3.34778e+07 4.81298e+07 
110.457 25.0357 45.1299 81.4154 147.016 265.642 480.478 870.296 1578.65 2866.64 5216.38 9516.76 17388.5 -1.05299e+06 38040.3 45632.7 55097.8 66869.9 81600.1 100572 124951 156453 197986 253914 328966 430686 573953 774109 1.05589e+06 1.46093e+06 2.05022e+06 2.90513e+06 4.15529e+06 6.01641e+06 8.74245e+06 1.27105e+07 1.83536e+07 2.6305e+07 3.77133e+07 5.42321e+07 
78.7036 17.8392 32.1586 58.0176 104.771 189.321 342.459 620.351 1125.37 2043.78 3719.51 6786.86 12402.8 22728.2 -1.22039e+06 49605.5 60589 73560.7 89800.8 110733 137651 172463 218403 280335 363534 476431 635666 858436 1.1725e+06 1.6246e+06 2.28327e+06 3.24009e+06 4.64103e+06 6.72857e+06 9.78918e+06 1.42478e+07 2.0591e+07 2.95276e+07 4.23497e+07 6.09159e+07 
55.7278 12.6319 22.7726 41.0864 74.2 134.09 242.572 439.451 797.291 1448.14 2635.9 4810.44 8792.7 16116.5 29322.6 -1.41676e+06 66160.8 80358.7 98145.5 121091 150625 188854 239360 307534 399239 523850 699897 946587 1.29495e+06 1.79729e+06 2.53033e+06 3.59684e+06 5.16071e+06 7.49358e+06 1.09177e+07 1.59107e+07 2.30172e+07 3.30273e+07 4.73904e+07 6.81881e+07 
39.2406 8.89516 16.0369 28.9357 52.2602 94.4498 170.879 309.606 561.787 1020.55 1857.93 3391.35 6200.34 11368 20922.9 38650.7 -1.64559e+06 87002.1 106319 131264 163405 205057 260157 334648 435007 571608 764982 1.03648e+06 1.42067e+06 1.97583e+06 2.78755e+06 3.97077e+06 5.70898e+06 8.30538e+06 1.21215e+07 1.76926e+07 2.56262e+07 3.6799e+07 5.28311e+07 7.60454e+07 
27.3991 6.21121 11.1988 20.2076 36.4996 65.972 119.371 216.308 392.554 713.247 1298.74 2371.18 4336.37 7953.04 14642.9 27060.8 50151.2 -1.91547e+06 114279 141200 175929 220992 280694 361551 470680 619505 830671 1.12782e+06 1.54929e+06 2.15981e+06 3.05452e+06 4.36159e+06 6.28581e+06 9.16452e+06 1.34023e+07 1.95971e+07 2.84247e+07 4.08534e+07 5.86883e+07 8.45131e+07 
18.9464 4.29528 7.74494 13.9765 25.247 45.6383 82.589 149.679 271.681 493.725 899.22 1642.17 3004.1 5511.59 10151.9 18769.9 34805.3 64900.9 -2.23668e+06 149821 187946 236350 300589 387765 505661 666793 896024 1.21943e+06 1.67936e+06 2.34746e+06 3.32914e+06 4.76689e+06 6.88865e+06 1.00686e+07 1.47582e+07 2.1624e+07 3.14151e+07 4.51966e+07 6.49736e+07 9.36101e+07 
13.0218 2.95235 5.32393 9.60846 17.3585 31.3827 56.8002 102.959 186.917 339.766 618.983 1130.75 2069.3 3798.15 6999.25 12948.3 24026.5 44836.2 83768.7 -2.61629e+06 198365 249793 318185 411226 537369 710237 956969 1.30619e+06 1.80449e+06 2.53086e+06 3.60173e+06 5.1751e+06 7.50418e+06 1.10027e+07 1.61738e+07 2.3759e+07 3.45865e+07 4.98213e+07 7.1685e+07 1.03341e+08 
8.86256 2.00952 3.62408 6.54135 11.819 21.3709 38.6864 70.1386 127.363 231.575 422.013 771.196 1411.91 2592.8 4780.69 8849.79 16434.1 30694.9 57740.1 108994 -3.07308e+06 261356 333519 431969 565832 749856 1.01352e+06 1.38812e+06 1.92473e+06 2.71021e+06 3.87282e+06 5.58749e+06 8.13507e+06 1.19721e+07 1.76588e+07 2.60194e+07 3.79672e+07 5.47719e+07 7.88894e+07 1.13806e+08 
5.96141 1.35183 2.43823 4.40147 7.95376 14.3843 26.044 47.2283 85.7823 156.02 284.424 519.968 952.414 1749.96 3228.64 5981.03 11116.5 20783.5 39139.3 73982.2 140879 -3.62825e+06 342498 449789 590785 785309 1.06524e+06 1.4647e+06 2.03952e+06 2.88501e+06 4.14227e+06 6.00479e+06 8.78395e+06 1.29831e+07 1.92259e+07 2.84285e+07 4.15973e+07 6.01113e+07 8.66829e+07 1.25148e+08 
3.9701 0.900364 1.62415 2.93232 5.29976 9.5864 17.3609 31.4903 57.2136 104.096 189.843 347.217 636.339 1169.94 2160.07 4004.87 7451.03 13946.4 26297.7 49786.9 94977.5 180944 -4.31513e+06 463226 610383 814262 1.10919e+06 1.53225e+06 2.14434e+06 3.04992e+06 4.40416e+06 6.42121e+06 9.44675e+06 1.4036e+07 2.08845e+07 3.10125e+07 4.55298e+07 6.59294e+07 9.5208e+07 1.37584e+08 
2.62363 0.595075 1.0736 1.93865 3.50449 6.34047 11.4855 20.8393 37.8751 68.9396 125.786 230.179 422.114 776.654 1435.15 2663.42 4961.11 9298.38 17559.9 33306.2 63673.9 123000 239774 -5.1593e+06 622045 833395 1.1411e+06 1.58532e+06 2.2324e+06 3.19679e+06 4.64939e+06 6.82788e+06 1.01176e+07 1.51326e+07 2.26526e+07 3.38187e+07 4.98589e+07 7.23853e+07 1.04716e+08 1.51495e+08 
1.71036 0.387984 0.700091 1.26442 2.28615 4.13723 7.4966 13.6062 24.7384 45.0488 82.2373 150.576 276.33 508.841 941.142 1748.52 3261.2 6121.45 11579.9 22009.4 42178.2 81699.1 159773 314567 -6.22702e+06 845163 1.16403e+06 1.62783e+06 2.30878e+06 3.33246e+06 4.88771e+06 7.23945e+06 1.08196e+07 1.63109e+07 2.45925e+07 3.69499e+07 5.47482e+07 7.97286e+07 1.15581e+08 1.67431e+08 
1.09762 0.249026 0.449429 0.811866 1.46824 2.65778 4.81738 8.74661 15.9094 28.9855 52.9435 97.0014 178.151 328.348 607.928 1130.8 2112.13 3971.14 7526.24 14337.7 27549.9 53526.7 105053 207723 416565 -7.61294e+06 1.17414e+06 1.66065e+06 2.37481e+06 3.45928e+06 5.12373e+06 7.66525e+06 1.15716e+07 1.76079e+07 2.67738e+07 4.05303e+07 6.04073e+07 8.82888e+07 1.28303e+08 1.86137e+08 
0.698983 0.15861 0.286308 0.517316 0.935794 1.69448 3.07246 5.58074 10.1557 18.5134 33.8376 62.0418 114.047 210.416 390.041 726.512 1359.26 2560.52 4863.35 9289.76 17906.2 34914.6 68814.3 136768 275891 564611 -9.37007e+06 1.66191e+06 2.4013e+06 3.5389e+06 5.30882e+06 8.04705e+06 1.2311e+07 1.89689e+07 2.91727e+07 4.46086e+07 6.70111e+07 9.84174e+07 1.43485e+08 2.08556e+08 
0.43628 0.099016 0.178774 0.323096 0.584623 1.05896 1.92085 3.49053 6.35521 11.5923 21.2026 38.906 71.5868 132.226 245.415 457.804 858.076 1619.77 3083.8 5907.78 11426.4 22367.5 44290.5 88529.9 179759 372064 774315 -1.1683e+07 2.39364e+06 3.57628e+06 5.44725e+06 8.3892e+06 1.30461e+07 2.04168e+07 3.18474e+07 4.93142e+07 7.48104e+07 1.10542e+08 1.6181e+08 2.35723e+08 
0.264661 0.0600774 0.108495 0.196132 0.354993 0.643244 1.16726 2.12211 3.8658 7.05607 12.9152 23.7188 43.6871 80.7889 150.15 280.538 526.835 996.697 1902.35 3655.88 7096.94 13951.4 27765 55842.7 114205 238336 501160 1.07221e+06 -1.47899e+07 3.52233e+06 5.52023e+06 8.66307e+06 1.37386e+07 2.19121e+07 3.4777e+07 5.4686e+07 8.39631e+07 1.25e+08 1.83873e+08 2.68579e+08 
0.155114 0.0352175 0.063615 0.115032 0.208269 0.377521 0.685365 1.24662 2.27222 4.15024 7.60242 13.9742 25.7666 47.7094 88.7973 166.187 312.732 593.044 1134.98 2188.5 4265.27 8423.23 16855.1 34130.9 70357.1 148179 315239 683741 1.50339e+06 -1.9043e+07 5.43138e+06 8.72379e+06 1.41797e+07 2.31748e+07 3.76163e+07 6.03495e+07 9.41227e+07 1.41512e+08 2.09497e+08 3.07032e+08 
0.0863203 0.0196024 0.0354174 0.0640614 0.116021 0.210387 0.382112 0.695374 1.2682 2.318 4.24951 7.81822 14.4317 26.7561 49.872 93.4984 176.317 335.167 643.231 1244.62 2435.67 4833 9726.43 19837.1 41237.8 87707 188980 416183 941553 2.17049e+06 -2.4808e+07 8.30369e+06 1.39286e+07 2.35246e+07 3.93783e+07 6.49663e+07 1.03578e+08 1.5793e+08 2.35938e+08 3.47362e+08 
0.0418512 0.00950585 0.0171792 0.0310816 0.0563092 0.102146 0.185603 0.33793 0.61666 1.1279 2.06939 3.81066 7.04183 13.0721 24.4014 45.8253 86.5972 165.014 317.561 616.598 1211.62 2415.65 4889.5 10044.4 21059.8 45241 98767.4 220997 509469 1.20202e+06 2.86305e+06 -3.33995e+07 1.21525e+07 2.13687e+07 3.7182e+07 6.35842e+07 1.04337e+08 1.62089e+08 2.45108e+08 3.63031e+08 
0.0203988 0.00463418 0.008377 0.0151602 0.0274735 0.049856 0.0906286 0.165089 0.301426 0.5517 1.013 1.86703 3.45386 6.41963 12.0006 22.5748 42.7481 81.6521 157.564 306.984 605.674 1213.26 2469.79 5110.28 10806.5 23449.2 51880.1 117998 277408 670814 1.6489e+06 4.17249e+06 -4.54947e+07 2.01517e+07 3.68332e+07 6.58794e+07 1.12141e+08 1.78469e+08 2.74159e+08 4.09209e+08 
0.00873873 0.00198562 0.0035901 0.00649877 0.0117804 0.0213852 0.0388894 0.0708727 0.129469 0.237116 0.435691 0.803658 1.48818 2.76924 5.18353 9.76606 18.5282 35.4675 68.6128 134.099 265.56 534.267 1093.29 2277.18 4853.68 10630.6 23815.7 55017.1 131818 326637 829708 2.18586e+06 6.00381e+06 -6.27965e+07 3.132e+07 5.98368e+07 1.07962e+08 1.78903e+08 2.82395e+08 4.27388e+08 
0.00310556 0.000705765 0.00127632 0.00231092 0.00419013 0.00760878 0.0138418 0.0252359 0.0461227 0.0845203 0.155405 0.286869 0.531696 0.99045 1.8562 3.50217 6.65589 12.7666 24.754 48.5193 96.4118 194.734 400.399 839.028 1801.24 3978.65 9015.17 21123.2 51494.1 130497 341849 936167 2.70104e+06 7.70899e+06 -8.89034e+07 4.58154e+07 8.94628e+07 1.57405e+08 2.59274e+08 4.01821e+08 
0.00093129 0.000211675 0.000382867 0.000693368 0.0012575 0.00228412 0.0041566 0.007581 0.0138615 0.0254145 0.0467566 0.0863679 0.16021 0.298726 0.56045 1.05878 2.01535 3.87256 7.52418 14.7857 29.4697 59.7337 123.343 259.852 561.425 1249.44 2859.73 6785.28 16797.8 43431.9 116997 332108 1.00219e+06 3.0553e+06 9.50433e+06 -1.27712e+08 6.45191e+07 1.24639e+08 2.18804e+08 3.52695e+08 
0.000230198 5.23285e-05 9.46626e-05 0.00017146 0.00031102 0.000565059 0.00102855 0.00187646 0.00343217 0.00629531 0.0115873 0.021415 0.0397497 0.0741724 0.139277 0.263378 0.501944 0.96586 1.87963 3.7011 7.39433 15.0294 31.1376 65.8754 143.041 320.212 738.695 1769.98 4434.82 11647.7 32075.2 93709.1 293344 947911 3.19127e+06 1.10943e+07 -1.81742e+08 8.31582e+07 1.62376e+08 2.8198e+08 
4.57838e-05 1.04083e-05 1.88304e-05 3.41106e-05 6.1882e-05 0.000112443 0.000204707 0.000373531 0.000683356 0.00125374 0.00230833 0.00426756 0.00792446 0.0147939 0.0277939 0.0525923 0.100307 0.193183 0.376325 0.741929 1.48447 3.02243 6.27468 13.3093 28.9885 65.1292 150.978 363.964 918.797 2437.03 6805.93 20259 64967.7 218594 781382 2.98256e+06 1.15725e+07 -2.48255e+08 9.7847e+07 1.99275e+08 
7.15272e-06 1.62616e-06 2.9422e-06 5.33009e-06 9.67042e-06 1.75734e-05 3.19969e-05 5.8393e-05 0.000106844 0.00019606 0.000361054 0.000667664 0.00124015 0.00231597 0.00435279 0.00824014 0.0157245 0.0303031 0.059073 0.116566 0.233467 0.475914 0.98942 2.10239 4.58873 10.3348 24.0349 58.1742 147.578 393.951 1110.24 3345.15 10897.6 37676.5 140539 571721 2.4674e+06 1.06842e+07 -3.2845e+08 1.19785e+08 
8.47642e-07 1.92718e-07 3.48699e-07 6.31739e-07 1.14624e-06 2.08314e-06 3.79322e-06 6.92312e-06 1.26689e-05 2.32508e-05 4.2824e-05 7.92041e-05 0.000147148 0.000274864 0.000516739 0.000978535 0.00186803 0.0036015 0.00702422 0.0138688 0.027797 0.0567079 0.118005 0.251027 0.548613 1.23743 2.88325 6.99438 17.791 47.6509 134.903 408.909 1342.45 4706.09 17976.1 76059.3 353638 1.79586e+06 9.88609e+06 -4.1759e+08 
dt_FE: 4.66516e-10
dt_EA: 4.66516e-10
dt_PE: 4.66516e-10
tolC: 1e-06
dt_grow: 1.03
dt_max: 0.1
steps: 0
