t
0.0000011586780084798141712
dt
0.0000000141690392215263368
DN
-0.0000000084570079495217731
TC
424.0000
N
5.88121423e-01
8.75875268e-01
9.10718341e-01
9.08544906e-01
8.99445293e-01
8.87691404e-01
8.73702608e-01
8.57233212e-01
8.37868259e-01
8.15110761e-01
7.88408584e-01
7.57182905e-01
7.20875395e-01
6.79023464e-01
6.31368425e-01
5.77992724e-01
5.19466670e-01
4.56964043e-01
3.92288789e-01
3.27757967e-01
2.65923896e-01
2.09185760e-01
1.59403475e-01
1.17639388e-01
8.41007792e-02
5.82706366e-02
3.91491510e-02
2.55134777e-02
1.61295753e-02
9.88931948e-03
5.87666890e-03
3.38144559e-03
1.88162290e-03
1.01101547e-03
5.23615175e-04
2.60879798e-04
1.24768951e-04
5.71478436e-05
2.50056589e-05
1.04248319e-05
eC
1.00638940e+00
3.07804198e+00
5.27088624e+00
7.59201189e+00
1.00489234e+01
1.26495642e+01
1.54023425e+01
1.83161584e+01
2.14004324e+01
2.46651365e+01
2.81208258e+01
3.17786729e+01
3.56505041e+01
3.97488374e+01
4.40869232e+01
4.86787870e+01
5.35392748e+01
5.86841012e+01
6.41298999e+01
6.98942779e+01
7.59958720e+01
8.24544093e+01
8.92907710e+01
9.65270599e+01
1.04186672e+02
1.12294371e+02
1.20876370e+02
1.29960417e+02
1.39575880e+02
1.49753848e+02
1.60527227e+02
1.71930848e+02
1.84001582e+02
1.96778453e+02
2.10302771e+02
2.24618262e+02
2.39771209e+02
2.55810604e+02
2.72788303e+02
2.90759198e+02
