t
0.0000001084791700129830921
dt
0.0000000018495064094569362
DN
0.0000000000000000000000000
TC
215.0000
N
6.87495363e-02
1.87637441e-01
2.86553437e-01
3.67901869e-01
4.33832522e-01
4.86230145e-01
5.26710659e-01
5.56624930e-01
5.77069116e-01
5.88900856e-01
5.92761317e-01
5.89104038e-01
5.78232659e-01
5.60350705e-01
5.35627119e-01
5.04280636e-01
4.66683017e-01
4.23474564e-01
3.75674385e-01
3.24756318e-01
2.72687985e-01
2.22140639e-01
1.76450915e-01
1.35604466e-01
9.73303157e-02
6.67272529e-02
4.48945913e-02
2.93494101e-02
1.85923776e-02
1.14142242e-02
6.78891889e-03
3.90895060e-03
2.17629864e-03
1.16985343e-03
6.06097833e-04
3.02066245e-04
1.44503361e-04
6.62007874e-05
2.89720509e-05
1.20802718e-05
eC
1.00638940e+00
3.07804198e+00
5.27088624e+00
7.59201189e+00
1.00489234e+01
1.26495642e+01
1.54023425e+01
1.83161584e+01
2.14004324e+01
2.46651365e+01
2.81208258e+01
3.17786729e+01
3.56505041e+01
3.97488374e+01
4.40869232e+01
4.86787870e+01
5.35392748e+01
5.86841012e+01
6.41298999e+01
6.98942779e+01
7.59958720e+01
8.24544093e+01
8.92907710e+01
9.65270599e+01
1.04186672e+02
1.12294371e+02
1.20876370e+02
1.29960417e+02
1.39575880e+02
1.49753848e+02
1.60527227e+02
1.71930848e+02
1.84001582e+02
1.96778453e+02
2.10302771e+02
2.24618262e+02
2.39771209e+02
2.55810604e+02
2.72788303e+02
2.90759198e+02
