t
0.0000002497224164056380612
dt
0.0000000033311283820988873
DN
-0.0000000000072855635553991
TC
285.0000
N
1.64720353e-01
4.03262998e-01
5.59168692e-01
6.59606133e-01
7.22671997e-01
7.60273826e-01
7.80138986e-01
7.87192611e-01
7.84488638e-01
7.73833389e-01
7.56204665e-01
7.32041317e-01
7.01457858e-01
6.64423755e-01
6.20934654e-01
5.71189433e-01
5.15769234e-01
4.55791306e-01
3.92986661e-01
3.29640203e-01
2.68355298e-01
2.11669914e-01
1.61626034e-01
1.19446944e-01
8.54697559e-02
5.92562190e-02
3.98285744e-02
2.59638068e-02
1.64174730e-02
1.00671751e-02
5.98292463e-03
3.44282934e-03
1.91588719e-03
1.02947290e-03
5.33194576e-04
2.65660868e-04
1.27058883e-04
5.81979757e-05
2.54656269e-05
1.06167609e-05
eC
1.00638940e+00
3.07804198e+00
5.27088624e+00
7.59201189e+00
1.00489234e+01
1.26495642e+01
1.54023425e+01
1.83161584e+01
2.14004324e+01
2.46651365e+01
2.81208258e+01
3.17786729e+01
3.56505041e+01
3.97488374e+01
4.40869232e+01
4.86787870e+01
5.35392748e+01
5.86841012e+01
6.41298999e+01
6.98942779e+01
7.59958720e+01
8.24544093e+01
8.92907710e+01
9.65270599e+01
1.04186672e+02
1.12294371e+02
1.20876370e+02
1.29960417e+02
1.39575880e+02
1.49753848e+02
1.60527227e+02
1.71930848e+02
1.84001582e+02
1.96778453e+02
2.10302771e+02
2.24618262e+02
2.39771209e+02
2.55810604e+02
2.72788303e+02
2.90759198e+02
