t
0.0000023200946288350724430
dt
0.0000000259354955618543008
DN
-0.0000000074081649256917522
TC
484.0000
N
8.09863183e-01
9.23904240e-01
9.18829668e-01
9.10085343e-01
8.99815471e-01
8.87813158e-01
8.73756468e-01
8.57262228e-01
8.37885476e-01
8.15121175e-01
7.88414507e-01
7.57185558e-01
7.20875497e-01
6.79021490e-01
6.31364743e-01
5.77987677e-01
5.19460615e-01
4.56957376e-01
3.92281929e-01
3.27751324e-01
2.65917820e-01
2.09180500e-01
1.59399155e-01
1.17636011e-01
8.40982592e-02
5.82688352e-02
3.91479137e-02
2.55126589e-02
1.61290523e-02
9.88899658e-03
5.87647615e-03
3.38133435e-03
1.88156088e-03
1.01098210e-03
5.23597878e-04
2.60871175e-04
1.24764825e-04
5.71459531e-05
2.50048314e-05
1.04244869e-05
eC
1.00638940e+00
3.07804198e+00
5.27088624e+00
7.59201189e+00
1.00489234e+01
1.26495642e+01
1.54023425e+01
1.83161584e+01
2.14004324e+01
2.46651365e+01
2.81208258e+01
3.17786729e+01
3.56505041e+01
3.97488374e+01
4.40869232e+01
4.86787870e+01
5.35392748e+01
5.86841012e+01
6.41298999e+01
6.98942779e+01
7.59958720e+01
8.24544093e+01
8.92907710e+01
9.65270599e+01
1.04186672e+02
1.12294371e+02
1.20876370e+02
1.29960417e+02
1.39575880e+02
1.49753848e+02
1.60527227e+02
1.71930848e+02
1.84001582e+02
1.96778453e+02
2.10302771e+02
2.24618262e+02
2.39771209e+02
2.55810604e+02
2.72788303e+02
2.90759198e+02
