t: 1.88162e-06
dt: 1.85402e-08
N: 0.798585 0.83383 0.863398 0.887009 0.904779 0.917198 0.925115 0.929511 0.931338 0.931405 0.930313 0.928417 0.92588 0.922723 0.918872 0.91418 0.908436 0.901355 0.892552 0.881506 0.867505 0.849575 0.82638 0.79611 0.75638 0.704249 0.636571 0.551082 0.44858 0.335668 0.225498 0.133313 0.0684639 0.0303131 0.0114881 0.00368344 0.000981037 0.000211643 3.58353e-05 4.58645e-06 
eC: 1 1.15749 1.33977 1.55077 1.795 2.07768 2.40489 2.78363 3.22201 3.72944 4.31677 4.99661 5.78351 6.69433 7.7486 8.9689 10.3814 12.0163 13.9087 16.0991 18.6345 21.5692 24.9661 28.8979 33.4489 38.7167 44.814 51.8717 60.0407 69.4963 80.4411 93.1095 107.773 124.746 144.391 167.131 193.452 223.918 259.182 300 
dV: 1.08333 0.211322 0.327712 0.508206 0.788112 1.22218 1.89532 2.93921 4.55805 7.06849 10.9616 16.999 26.3615 40.8807 63.3966 98.3136 152.462 236.434 366.655 568.597 881.764 1367.42 2120.55 3288.49 5099.69 7908.45 12264.2 19019 29494.1 45738.6 70930.1 109996 170579 264529 410225 636165 986546 1.52991e+06 2.37254e+06 3.67926e+06 
kVec: 1.03008e+06 1.19338e+06 1.37487e+06 1.5837e+06 1.82367e+06 2.0984e+06 2.41262e+06 2.77155e+06 3.18051e+06 3.64375e+06 4.16862e+06 4.76182e+06 5.42516e+06 6.16586e+06 6.99001e+06 7.89973e+06 8.88622e+06 9.9571e+06 1.11116e+07 1.23081e+07 1.35477e+07 1.48182e+07 1.6089e+07 1.72808e+07 1.84371e+07 1.96006e+07 2.06411e+07 2.18076e+07 2.33971e+07 2.58633e+07 2.96964e+07 3.61556e+07 4.71158e+07 6.38683e+07 8.94961e+07 1.28173e+08 1.82276e+08 2.48899e+08 3.2919e+08 4.18366e+08 
cMat: 
-61286.7 193.385 227.238 264.693 308.565 360.219 421.075 492.831 577.776 679.057 799.672 943.698 1117.97 1328.89 1584.78 1898.33 2288.13 2771.58 3374.69 4148.3 5138.34 6412.1 8082.86 10319.5 13303 17321.1 22938.2 30728.8 41615.1 57144 79576.8 111898 158851 228412 329788 476727 685291 979407 1.40129e+06 2.01208e+06 
811.442 -72113.9 216.076 251.692 293.411 342.533 400.404 468.644 549.428 645.75 760.464 897.448 1063.2 1263.83 1507.24 1805.53 2176.37 2636.35 3210.22 3946.41 4888.66 6101.08 7691.6 9821.11 12662.3 16489.2 21840.2 29263.1 39637.6 54439.4 75825.8 106645 151424 217771 314478 454664 653652 934258 1.33677e+06 1.91951e+06 
500.824 113.495 -83492.9 238.263 277.759 324.263 379.053 443.66 520.147 611.347 719.967 849.678 1006.64 1196.64 1427.17 1709.69 2060.96 2496.71 3040.4 3737.96 4630.9 5780.02 7287.75 9306.81 12001.1 15631 20707.6 27751.6 37598.8 51651.6 71960.4 101233 143773 206814 298716 431954 621092 887800 1.27038e+06 1.82426e+06 
307.87 69.7686 125.741 -96864.7 264.384 308.653 360.811 422.316 495.132 581.961 685.377 808.879 958.341 1139.27 1358.81 1627.88 1962.47 2377.57 2895.55 3560.22 4411.19 5506.48 6943.85 8869.09 11438.8 14901.5 19745.7 26469 35870.3 49290.7 68690.2 96659.3 137314 197573 285433 412832 593694 848723 1.21455e+06 1.74419e+06 
192.651 43.6583 78.6843 141.917 -112597 296.443 349.657 409.268 479.845 564.008 664.253 783.976 928.873 1104.29 1317.15 1578.08 1902.57 2305.18 2807.64 3452.52 4278.28 5341.31 6736.65 8606.04 11101.8 14465.8 19173.3 25708.8 34850.2 47903.6 66778.2 93998 133575 192246 277809 401900 578077 826494 1.18284e+06 1.69876e+06 
124.327 28.1752 50.7801 91.5896 163.876 -131092 349.172 408.709 479.202 563.27 663.408 783.009 927.772 1103.04 1315.75 1576.51 1900.84 2303.31 2805.68 3450.56 4276.49 5339.98 6736.26 8607.49 11106.4 14475.7 19192.4 25743 34909 48002.2 66941 94262.4 134000 192923 278876 403556 580588 830199 1.18826e+06 1.70667e+06 
83.3695 18.8935 34.0521 61.419 110.883 200.303 -152885 423.956 497.094 584.321 688.23 812.343 962.584 1144.5 1365.31 1636.02 1972.79 2390.77 2912.59 3582.59 4440.9 5546.35 6998.17 8944.47 11544.5 15051.5 19963 26787 36339.5 49990.9 69744.9 98253.6 139733 201257 291029 421280 606243 867025 1.24112e+06 1.78274e+06 
58.109 13.169 23.7351 42.8113 77.2911 139.624 252.475 -178637 530.455 630.145 742.237 876.136 1038.24 1234.55 1472.84 1765.05 2128.62 2579.95 3143.5 3867.29 4794.75 5989.62 7559.37 9664.6 12478.1 16274.5 21593.8 28987.9 39343.6 54150 75585.3 106534 151583 218421 315980 457569 658656 942157 1.34885e+06 1.93767e+06 
41.8567 9.48595 17.0973 30.8391 55.6778 100.583 181.884 325.918 -209137 702.101 827.037 976.293 1157.01 1375.89 1641.63 1967.53 2373.13 2876.72 3505.68 4313.72 5349.47 6684.27 8438.55 10792.3 13939.3 18187.7 24143.9 32427.6 44035.7 60642.4 84696.6 119444 170048 245156 354825 514042 740196 1.05902e+06 1.51638e+06 2.17859e+06 
30.8913 7.00099 12.6187 22.7614 41.0951 74.2413 134.256 243.122 440.884 -245269 942.812 1113.04 1319.19 1568.91 1872.13 2244.1 2707.13 3282.17 4000.58 4923.88 6107.81 7634.17 9641.15 12335.4 15939.5 20808 27638 37143.4 50472.4 69554.1 97211.1 137188 195442 281943 408306 591828 852551 1.22008e+06 1.74733e+06 2.51073e+06 
23.137 5.24372 9.45157 17.049 30.7826 55.6129 100.573 182.134 330.305 599.64 -288347 1287.9 1526.58 1815.76 2166.98 2597.91 3134.5 3801.1 4634.15 5705.22 7079.22 8851.43 11182.9 14314.6 18506.6 24172.9 32128.3 43208.1 58756.8 81034 113346 160086 228240 329492 477481 692506 998045 1.42871e+06 2.04656e+06 2.94114e+06 
17.477 3.96103 7.13977 12.8793 23.2548 42.0146 75.9845 137.613 249.58 453.123 824.365 -339957 1769.12 2120.4 2530.91 3034.72 3662.27 4442.12 5417.03 6671.1 8280.62 10357.7 13091.8 16766.9 21689.7 28348.7 37706 50749.5 69069.8 95341.6 133480 188690 269260 389024 564173 818788 1.18066e+06 1.6907e+06 2.42241e+06 3.48188e+06 
13.2871 3.0115 5.42841 9.79257 17.6821 31.9479 57.7819 104.653 189.817 344.651 627.084 1135.34 -401752 2486.33 2968.2 3559.79 4296.96 5213.39 6359.53 7834.71 9729.1 12175.3 15397.6 19732.7 25544.3 33412.6 44481.2 59926 81642.4 112818 158122 223770 319663 462303 671058 974709 1.4064e+06 2.01476e+06 2.88757e+06 4.15134e+06 
10.1422 2.29877 4.14383 7.47556 13.499 24.3912 44.1175 79.9105 144.951 263.214 478.968 873.829 1596.61 -476333 3492.86 4189.99 5059.08 6140 7492.52 9234.49 11473 14365.5 18179 23314.4 30205.6 39545.6 52700.4 71078.7 96951.7 134142 188251 266749 381539 552426 802731 1.16708e+06 1.68523e+06 2.41533e+06 3.46283e+06 4.97959e+06 
7.76468 1.75996 3.17268 5.72386 10.3364 18.6779 33.786 61.2021 111.026 201.633 366.957 669.573 1223.62 2242.3 -567022 4893.94 5977.54 7257.29 8859.5 10924.6 13580.3 17014.8 21547.1 27657.1 35865.3 47003.4 62713.1 84691 115675 160279 225261 319658 457871 663822 965774 1.40565e+06 2.03146e+06 2.91311e+06 4.17811e+06 6.0098e+06 
5.96631 1.35239 2.43807 4.39877 7.94397 14.3559 25.9701 47.0484 85.3593 155.041 282.204 515.014 941.361 1725.46 3139.33 -677924 7083.28 8603.34 10507.6 12964.2 16126.1 20219.1 25626.3 32925.1 42743.2 56084.2 74932.2 101343 138639 192421 270901 385083 552514 802275 1.16887e+06 1.70342e+06 2.46426e+06 3.53596e+06 5.0737e+06 7.30033e+06 
4.60791 1.04453 1.88317 3.39783 6.13676 11.0909 20.0658 36.356 65.9689 119.84 218.171 398.236 728.087 1334.91 2456.92 4538.63 -813636 10216.4 12484.7 15413.9 19188.2 24079.2 30549.4 39296.7 51081.5 67122.1 89829.5 121711 166824 232015 327333 466276 670388 975276 1.42339e+06 2.07758e+06 3.00921e+06 4.3212e+06 6.20379e+06 8.92978e+06 
3.57101 0.809527 1.45958 2.63373 4.75711 8.59835 15.558 28.1922 51.1629 92.9598 169.269 309.043 565.173 1036.55 1908.46 3526.93 6536.38 -982202 14894.4 18403.1 22929.5 28802.7 36583.8 47122.1 61345.3 80742.1 108264 146993 201924 281495 398105 568460 819250 1.19444e+06 1.74676e+06 2.55415e+06 3.70468e+06 5.32456e+06 7.64904e+06 1.10149e+07 
2.77638 0.629426 1.13493 2.0481 3.69966 6.68778 12.1025 21.9337 39.8118 72.3499 131.771 240.642 440.218 807.662 1487.64 2750.52 5100.33 9510.5 -1.1939e+06 21954.6 27541.4 34634.5 44048 56822.6 74099 97711.1 131302 178694 246092 343994 487848 698534 1.00945e+06 1.47543e+06 2.16264e+06 3.16875e+06 4.60354e+06 6.62306e+06 9.52116e+06 1.37175e+07 
2.17346 0.492776 0.888615 1.60374 2.89731 5.23808 9.4805 17.1848 31.1982 56.7102 103.314 188.732 345.386 633.947 1168.24 2161.2 4010.26 7483.6 13981.8 -1.45843e+06 33109.1 41692.8 53108.2 68637.6 89692.1 118545 159727 218016 301186 422425 601163 863775 1.25252e+06 1.83645e+06 2.69956e+06 3.96561e+06 5.77281e+06 8.31566e+06 1.19649e+07 1.72487e+07 
1.70845 0.387377 0.698618 1.26098 2.27837 4.1197 7.45763 13.5207 24.5518 44.641 81.352 148.664 272.176 499.818 921.579 1705.98 3168.03 5917.1 11130.6 21010.8 -1.795e+06 50381.9 64292.8 83271.1 109076 144551 195377 267589 371032 522450 746568 1.07711e+06 1.56821e+06 2.30787e+06 3.40411e+06 5.01579e+06 7.31898e+06 1.05584e+07 1.52076e+07 2.19386e+07 
1.34635 0.305302 0.55066 0.994048 1.79631 3.24861 5.88189 10.6662 19.3735 35.2363 64.2357 117.432 215.097 395.218 729.17 1350.78 2510.6 4693.83 8839.4 16708.5 31816.7 -2.22903e+06 77351.2 101582 133425 177358 240579 330794 460615 651564 935509 1.35615e+06 1.98381e+06 2.93216e+06 4.34206e+06 6.42041e+06 9.39452e+06 1.35758e+07 1.95768e+07 2.8264e+07 
1.06452 0.241417 0.435489 0.786253 1.42104 2.57043 4.65503 8.44359 15.3409 27.9117 50.9033 93.1004 170.623 313.701 579.188 1073.84 1997.87 3739.5 7051.29 13349.5 25466.6 48517.2 -2.79337e+06 124206 163664 218331 297411 410846 574970 817786 1.1809e+06 1.72174e+06 2.53299e+06 3.7635e+06 5.59983e+06 8.31547e+06 1.2208e+07 1.76779e+07 2.55284e+07 3.68909e+07 
0.844283 0.191495 0.345484 0.623858 1.12774 2.04036 3.69605 6.70609 12.1882 22.1847 40.4778 74.0714 135.836 249.927 461.829 857.088 1596.48 2992.22 5650.78 10717.9 20490.3 39581.4 77159.2 -3.52339e+06 200174 268186 367205 510155 718387 1.02873e+06 1.49617e+06 2.19721e+06 3.25583e+06 4.86967e+06 7.28959e+06 1.08829e+07 1.60446e+07 2.32936e+07 3.36977e+07 4.87512e+07 
0.666807 0.151261 0.27294 0.492952 0.891289 1.61296 2.92266 5.30458 9.64462 17.5629 32.0614 58.7043 107.731 198.379 366.918 681.684 1271.42 2386.54 4514.58 8580.68 16443.8 31851.6 62289.7 122638 -4.49165e+06 329499 453816 634632 900113 1.29921e+06 1.90554e+06 2.8224e+06 4.21816e+06 6.35904e+06 9.58776e+06 1.44055e+07 2.13444e+07 3.10833e+07 4.50607e+07 6.52753e+07 
0.521271 0.118264 0.213438 0.385562 0.697279 1.2622 2.28781 4.15383 7.55548 13.7654 25.1433 46.0668 84.6053 155.935 288.71 537.026 1003.07 1885.93 3574.27 6809.11 13083.7 25420.3 49890.3 98649.2 197830 -5.7969e+06 557609 788654 1.12782e+06 1.64284e+06 2.4333e+06 3.64029e+06 5.49544e+06 8.36213e+06 1.27151e+07 1.92482e+07 2.86879e+07 4.19291e+07 6.0932e+07 8.8398e+07 
0.402364 0.0913024 0.164811 0.297789 0.538683 0.975417 1.76864 3.21251 5.84605 10.6571 19.4784 35.7139 65.6501 121.124 224.524 418.211 782.449 1473.95 2799.55 5347.58 10307.5 20098.3 39612.4 78729.6 158814 325014 -7.50158e+06 956664 1.38229e+06 2.03714e+06 3.05598e+06 4.63222e+06 7.08675e+06 1.09193e+07 1.67931e+07 2.56786e+07 3.85744e+07 5.66532e+07 8.2596e+07 1.20054e+08 
0.300904 0.0682917 0.123301 0.222841 0.403217 0.730367 1.32482 2.40743 4.38321 7.99529 14.6235 26.8336 49.3737 91.1966 169.263 315.749 591.819 1117.16 2126.91 4074.62 7880.81 15427 30547.4 61059.4 123981 256614 534048 -9.78983e+06 1.6509e+06 2.46657e+06 3.75699e+06 5.78607e+06 8.99796e+06 1.40815e+07 2.19653e+07 3.40122e+07 5.1597e+07 7.62416e+07 1.11601e+08 1.62579e+08 
0.213899 0.0485546 0.0876855 0.158514 0.286906 0.51987 0.943384 1.71509 3.12434 5.70272 10.4381 19.1696 35.3079 65.2937 121.351 226.731 425.789 805.531 1537.48 2954.68 5735.76 11275.5 22439.7 45132.1 92300.7 192623 405038 866559 -1.29016e+07 2.84675e+06 4.46145e+06 7.0015e+06 1.11036e+07 1.77094e+07 2.81068e+07 4.41973e+07 6.78591e+07 1.01025e+08 1.48606e+08 2.17065e+08 
0.141727 0.032178 0.0581247 0.105104 0.190294 0.344938 0.626214 1.13903 2.07612 3.79205 6.94629 12.7682 23.5428 43.5918 81.1336 151.845 285.742 541.861 1037.02 1999.62 3897.15 7696.26 15400.4 31185.2 64284.9 135390 288032 624730 1.37364e+06 -1.71818e+07 4.96262e+06 7.97088e+06 1.29559e+07 2.11746e+07 3.43698e+07 5.5141e+07 8.59994e+07 1.29298e+08 1.91416e+08 2.80533e+08 
0.0854971 0.0194154 0.0350796 0.0634504 0.114915 0.20838 0.378468 0.688742 1.2561 2.29589 4.20898 7.74365 14.294 26.5009 49.3964 92.6066 174.635 331.971 637.096 1232.75 2412.44 4786.9 9633.67 19647.9 40844.5 86870.5 187178 412214 932573 2.14979e+06 -2.29999e+07 8.22449e+06 1.37958e+07 2.33003e+07 3.90027e+07 6.43467e+07 1.02591e+08 1.56424e+08 2.33688e+08 3.44049e+08 
0.0458323 0.0104101 0.0188134 0.0340382 0.0616655 0.111863 0.203258 0.370076 0.675319 1.23519 2.26623 4.17314 7.71167 14.3156 26.7225 50.1844 94.8347 180.711 347.769 675.251 1326.87 2645.43 5354.61 10999.9 23063.1 49544.5 108162 242019 557932 1.31636e+06 3.13539e+06 -3.13356e+07 1.33085e+07 2.34013e+07 4.07189e+07 6.96326e+07 1.14262e+08 1.77508e+08 2.68423e+08 3.97564e+08 
0.0215466 0.00489493 0.00884835 0.0160132 0.0290193 0.0526613 0.095728 0.174378 0.318387 0.582743 1.07 1.97208 3.6482 6.78085 12.6758 23.845 45.1535 86.2465 166.43 324.257 639.754 1281.53 2608.76 5397.82 11414.6 24768.6 54799.2 124638 293017 708559 1.74168e+06 4.40727e+06 -4.389e+07 2.12856e+07 3.89057e+07 6.95862e+07 1.18451e+08 1.88511e+08 2.89585e+08 4.32234e+08 
0.00884561 0.0020099 0.003634 0.00657825 0.0119245 0.0216467 0.0393651 0.0717395 0.131053 0.240016 0.44102 0.813487 1.50638 2.80311 5.24692 9.8855 18.7548 35.9013 69.4519 135.739 268.808 540.801 1106.66 2305.03 4913.04 10760.6 24106.9 55690 133430 330631 839856 2.21259e+06 6.07724e+06 -6.19323e+07 3.17031e+07 6.05686e+07 1.09282e+08 1.81091e+08 2.85848e+08 4.32615e+08 
0.00312115 0.000709307 0.00128272 0.00232251 0.00421116 0.00764696 0.0139113 0.0253626 0.0463542 0.0849444 0.156185 0.288308 0.534364 0.99542 1.86551 3.51974 6.68929 12.8307 24.8782 48.7628 96.8956 195.712 402.408 843.239 1810.28 3998.62 9060.41 21229.2 51752.5 131152 343565 940865 2.71459e+06 7.74768e+06 -8.84679e+07 4.60453e+07 8.99118e+07 1.58195e+08 2.60575e+08 4.03838e+08 
0.00093284 0.000212028 0.000383505 0.000694521 0.00125959 0.00228792 0.00416351 0.00759361 0.0138845 0.0254567 0.0468344 0.0865117 0.160476 0.299223 0.561383 1.06054 2.0187 3.879 7.5367 14.8103 29.5188 59.8331 123.548 260.285 562.36 1251.52 2864.49 6796.57 16825.7 43504.2 117192 332661 1.00386e+06 3.06038e+06 9.52015e+06 -1.27701e+08 6.46265e+07 1.24847e+08 2.19168e+08 3.53282e+08 
0.000230301 5.23519e-05 9.4705e-05 0.000171537 0.000311159 0.000565312 0.00102901 0.0018773 0.0034337 0.00629813 0.0115925 0.0214246 0.0397675 0.0742057 0.139339 0.263496 0.502168 0.966293 1.88048 3.70276 7.39764 15.0362 31.1516 65.905 143.105 320.355 739.026 1770.78 4436.81 11652.9 32089.5 93751.1 293475 948336 3.1927e+06 1.10993e+07 -1.82098e+08 8.31955e+07 1.62449e+08 2.82106e+08 
4.57882e-05 1.04093e-05 1.88322e-05 3.41139e-05 6.1888e-05 0.000112453 0.000204726 0.000373567 0.000683423 0.00125386 0.00230856 0.00426798 0.00792523 0.0147953 0.0277966 0.0525974 0.100316 0.193202 0.376361 0.742001 1.48461 3.02272 6.27529 13.3105 28.9913 65.1355 150.992 364 918.886 2437.27 6806.6 20261 64974 218615 781458 2.98285e+06 1.15736e+07 -2.48847e+08 9.78565e+07 1.99294e+08 
7.15284e-06 1.62619e-06 2.94225e-06 5.33018e-06 9.67058e-06 1.75737e-05 3.19975e-05 5.83939e-05 0.000106845 0.000196064 0.00036106 0.000667675 0.00124017 0.00231601 0.00435286 0.00824028 0.0157248 0.0303036 0.059074 0.116568 0.233471 0.475922 0.989437 2.10242 4.5888 10.335 24.0353 58.1752 147.581 393.958 1110.25 3345.21 10897.8 37677.1 140542 571730 2.46744e+06 1.06844e+07 -3.29178e+08 1.19787e+08 
8.47644e-07 1.92719e-07 3.487e-07 6.3174e-07 1.14624e-06 2.08314e-06 3.79322e-06 6.92314e-06 1.26689e-05 2.32509e-05 4.28241e-05 7.92043e-05 0.000147148 0.000274865 0.00051674 0.000978537 0.00186804 0.00360151 0.00702424 0.0138689 0.027797 0.056708 0.118005 0.251028 0.548614 1.23744 2.88325 6.9944 17.791 47.651 134.904 408.91 1342.45 4706.1 17976.1 76059.5 353639 1.79586e+06 9.88611e+06 -4.18364e+08 
dt_FE: 1.85402e-08
dt_EA: 1.85402e-08
dt_PE: 1.85402e-08
tolC: 1e-06
dt_grow: 1.03
dt_max: 0.1
steps: 0
