t: 5.32767e-09
dt: 1.57842e-10
N: 0.00321473 0.00371261 0.00428567 0.00494534 0.00570424 0.00657506 0.0075738 0.00871853 0.0100277 0.011519 0.0132181 0.0151503 0.01733 0.0197862 0.0225479 0.0256299 0.0290271 0.0327713 0.0368723 0.0412267 0.0458328 0.050651 0.0555073 0.0600968 0.0643539 0.0680761 0.0702581 0.0708307 0.0695478 0.0656083 0.0708354 0.400564 0.323538 0.0173382 0.00691887 0.00243827 0.000684188 0.000148861 2.50121e-05 3.15542e-06 
eC: 1 1.15749 1.33977 1.55077 1.795 2.07768 2.40489 2.78363 3.22201 3.72944 4.31677 4.99661 5.78351 6.69433 7.7486 8.9689 10.3814 12.0163 13.9087 16.0991 18.6345 21.5692 24.9661 28.8979 33.4489 38.7167 44.814 51.8717 60.0407 69.4963 80.4411 93.1095 107.773 124.746 144.391 167.131 193.452 223.918 259.182 300 
dV: 1.08333 0.211322 0.327712 0.508206 0.788112 1.22218 1.89532 2.93921 4.55805 7.06849 10.9616 16.999 26.3615 40.8807 63.3966 98.3136 152.462 236.434 366.655 568.597 881.764 1367.42 2120.55 3288.49 5099.69 7908.45 12264.2 19019 29494.1 45738.6 70930.1 109996 170579 264529 410225 636165 986546 1.52991e+06 2.37254e+06 3.67926e+06 
kVec: 820320 952973 1.09984e+06 1.2696e+06 1.46569e+06 1.69163e+06 1.95185e+06 2.25146e+06 2.59605e+06 2.99087e+06 3.44386e+06 3.96326e+06 4.55489e+06 5.22931e+06 5.9975e+06 6.86992e+06 7.85043e+06 8.95717e+06 1.02054e+07 1.15818e+07 1.31081e+07 1.47985e+07 1.66536e+07 1.8628e+07 2.07718e+07 2.31298e+07 2.55185e+07 2.8084e+07 3.09546e+07 3.42532e+07 3.80516e+07 4.31872e+07 5.17374e+07 6.61715e+07 9.01741e+07 1.27677e+08 1.80981e+08 2.47193e+08 3.27296e+08 4.16454e+08 
cMat: 
-201469 957.046 1124.58 1309.94 1527.06 1782.69 2083.86 2438.98 2859.37 3360.59 3957.51 4670.28 5532.72 6576.55 7842.92 9394.69 11323.7 13716.3 16701.1 20529.6 25429.2 31732.9 40001.4 51070.1 65835.5 85720.6 113519 152074 205950 282801 393819 553775 786141 1.13039e+06 1.6321e+06 2.35928e+06 3.39145e+06 4.847e+06 6.93486e+06 9.95761e+06 
4865.06 -238065 1295.5 1509.04 1759.17 2053.68 2400.65 2809.79 3294.14 3871.64 4559.42 5380.72 6374.52 7577.39 9036.78 10825.2 13048.6 15806.4 19247.1 23661 29310.3 36579.5 46115.6 58883.2 75917.6 98862.4 130944 175449 237650 326396 454619 639399 907871 1.30566e+06 1.88548e+06 2.72597e+06 3.91902e+06 5.60142e+06 8.01468e+06 1.15086e+07 
3650.58 827.279 -274322 1736.73 2024.62 2363.6 2762.97 3233.9 3791.42 4456.2 5247.95 6193.42 7337.56 8722.48 10402.8 12462.2 15022.6 18198.9 22161.9 27246.5 33755.3 42131.4 53121.5 67838.7 87477.9 113937 150941 202286 274063 376496 524530 737903 1.04798e+06 1.5075e+06 2.17738e+06 3.14858e+06 4.52723e+06 6.4713e+06 9.25995e+06 1.32973e+07 
2711.26 614.419 1107.34 -316677 2328.31 2718.16 3177.49 3719.14 4360.4 5125.05 6035.79 7123.42 8439.66 10033 11966.4 14336 17282.6 20938.1 25499.7 31353.2 38847.3 48493 61151.2 78105.9 100736 131231 173891 233100 315893 434080 604922 851233 1.20926e+06 1.73993e+06 2.51367e+06 3.63562e+06 5.22838e+06 7.47431e+06 1.0696e+07 1.53603e+07 
2011.66 455.88 821.622 1481.9 -366080 3095.46 3651.12 4273.58 5010.55 5889.38 6936.14 8186.28 9699.3 11531 13753.7 16478.3 19866.6 24070.7 29317.5 36051.3 44673.8 55774 70344.1 89864.4 115925 151052 200208 268451 363907 500210 697299 981528 1.39479e+06 2.00743e+06 2.90089e+06 4.19664e+06 6.03629e+06 8.63026e+06 1.23512e+07 1.77385e+07 
1491.64 338.036 609.242 1098.86 1966.13 -423537 4189.24 4903.55 5749.31 6757.92 7959.34 9394.27 11131.1 13233.9 15785.9 18914.4 22805.6 27634.3 33661.5 41398.6 51307.9 64067.2 80819.4 103270 133251 173675 230264 308856 418826 575914 803134 1.13093e+06 1.60768e+06 2.31462e+06 3.34585e+06 4.84172e+06 6.96569e+06 9.96044e+06 1.42564e+07 2.04761e+07 
1104.88 250.391 451.285 813.972 1469.51 2654.56 -490343 5618.59 6587.86 7743.86 9120.94 10765.8 12756.9 15167.8 18094.1 21681.8 26145 31684.3 38599.8 47479.1 58854.1 73504.5 92745 118539 152997 199474 264565 355001 481598 662517 924312 1.30213e+06 1.85185e+06 2.66721e+06 3.85693e+06 5.58313e+06 8.03439e+06 1.14905e+07 1.64482e+07 2.36262e+07 
817.182 185.195 333.785 602.051 1086.94 1963.52 3550.53 -567988 7459.75 8861.68 10438 12321 14600.7 17361.3 20712.5 24821.7 29934.6 36281.6 44206.8 54385.4 67428.2 84231.5 106307 135912 175478 228866 303672 407655 553286 761508 1.06295e+06 1.49818e+06 2.1317e+06 3.07164e+06 4.4436e+06 6.43476e+06 9.26263e+06 1.32495e+07 1.89687e+07 2.72493e+07 
603.49 136.768 246.508 444.638 802.763 1450.2 2622.41 4699.08 -658388 10122.9 11924.2 14076.2 16681.8 19837.6 23669 28367.9 34215.7 41476.5 50544.9 62195.2 77128.7 96373.8 121667 155603 200976 262231 348107 467542 634908 874343 1.22116e+06 1.72215e+06 2.45175e+06 3.53466e+06 5.11588e+06 7.41146e+06 1.06721e+07 1.52689e+07 2.18632e+07 3.1411e+07 
445.158 100.888 181.841 328.002 592.201 1069.85 1934.69 3503.51 6353.36 -763218 13586.4 16039.5 19010.2 22608.7 26978.3 32338.5 39011 47297.7 57650.3 70955.5 88016.5 110012 138934 177759 229697 299854 398277 535255 727331 1.00231e+06 1.40086e+06 1.97695e+06 2.81642e+06 4.06293e+06 5.88389e+06 8.52853e+06 1.22857e+07 1.7582e+07 2.51799e+07 3.61809e+07 
327.626 74.2523 133.836 241.418 435.888 787.492 1424.13 2579.07 4677.2 8491.05 -885242 18236.9 21616.8 25711.6 30684.9 36787 44385.3 53824.5 65620.6 80787.3 100243 125338 158352 202699 262058 342294 454944 611837 832011 1.14746e+06 1.60501e+06 2.26685e+06 3.23193e+06 4.66568e+06 6.76124e+06 9.80605e+06 1.41325e+07 2.02309e+07 2.89797e+07 4.16472e+07 
240.452 54.4967 98.2305 177.196 319.944 578.046 1045.41 1893.31 3433.77 6234.16 11341.8 -1.02748e+06 24339.9 29172.9 34820.8 41752.4 50386.3 61115.6 74528.6 91782.4 113926 142503 180119 230683 298412 390028 518767 698222 950278 1.31173e+06 1.83644e+06 2.59604e+06 3.70453e+06 5.35227e+06 7.76202e+06 1.12651e+07 1.62438e+07 2.3261e+07 3.33281e+07 4.79045e+07 
176.158 39.9259 71.9688 129.828 234.426 423.56 766.061 1387.48 2516.56 4569.31 8313.77 15052.1 -1.19271e+06 32963.3 39351.8 47195 56968.3 69118.1 84313.4 103871 128987 161417 204139 261612 338661 442979 589723 794488 1.0824e+06 1.49572e+06 2.09635e+06 2.9667e+06 4.23803e+06 6.12913e+06 8.89676e+06 1.29225e+07 1.86458e+07 2.67113e+07 3.82828e+07 5.50378e+07 
128.648 29.1588 52.5623 94.8236 171.227 309.39 559.607 1013.62 1838.63 3338.74 6075.46 11084.1 20252.2 -1.3854e+06 44305.1 53147.9 64171.8 77882.7 95038.7 117135 145529 182219 230592 295731 383143 501615 668477 901596 1.22978e+06 1.70153e+06 2.38787e+06 3.38358e+06 4.83962e+06 7.00724e+06 1.01822e+07 1.48038e+07 2.13762e+07 3.06372e+07 4.39243e+07 6.31635e+07 
93.5511 21.2046 38.2254 68.9627 124.536 225.037 407.064 737.381 1337.67 2429.34 4421.2 8067.21 14742.6 27015.9 -1.61037e+06 58963.6 72019.1 87438 106742 131623 163620 204999 259605 333220 432115 566310 755585 1.02038e+06 1.39369e+06 1.93108e+06 2.71401e+06 3.85133e+06 5.51657e+06 7.99792e+06 1.16359e+07 1.69357e+07 2.44756e+07 3.5098e+07 5.0339e+07 7.24078e+07 
67.7394 15.3546 27.681 49.9421 90.193 162.991 294.856 534.171 969.139 1760.28 3204.04 5847.28 10687.9 19590.2 35642.8 -1.87458e+06 80421.1 97679.2 119300 147191 183090 229560 290952 373820 485291 636760 850753 1.15061e+06 1.57406e+06 2.18468e+06 3.07572e+06 4.3721e+06 6.27305e+06 9.10875e+06 1.32709e+07 1.93401e+07 2.79783e+07 4.0146e+07 5.76049e+07 8.28854e+07 
48.8639 11.0766 19.9698 36.0318 65.0764 117.612 212.785 385.532 699.558 1270.83 2313.56 4223.03 7720.89 14155.9 26054 48129.2 -2.18238e+06 108338 132392 163455 203478 255345 323957 416716 541687 711787 952583 1.29067e+06 1.76906e+06 2.46037e+06 3.47115e+06 4.94455e+06 7.10904e+06 1.03422e+07 1.50942e+07 2.20314e+07 3.19107e+07 4.58235e+07 6.57872e+07 9.46945e+07 
35.0144 7.93757 14.3114 25.8242 46.6444 84.3085 152.549 276.43 501.662 911.489 1659.72 3030.23 5541.63 10163.5 18712.8 34582.2 64090.5 -2.54469e+06 146042 180446 224828 282416 358712 462042 601503 791692 1.06155e+06 1.4413e+06 1.9799e+06 2.76011e+06 3.9035e+06 5.57386e+06 8.03291e+06 1.17117e+07 1.71273e+07 2.50439e+07 3.63251e+07 5.22083e+07 7.50004e+07 1.08003e+08 
24.8866 5.64198 10.1732 18.3585 33.1627 59.9473 108.483 196.607 356.861 648.523 1181.15 2157.04 3945.98 7239.64 13334.8 24654.9 45717.9 85249.3 -2.97388e+06 196794 246873 310453 394833 509341 664201 875853 1.17695e+06 1.60176e+06 2.20589e+06 3.08346e+06 4.37292e+06 6.26145e+06 9.04845e+06 1.32254e+07 1.93853e+07 2.84038e+07 4.12647e+07 5.93671e+07 8.53448e+07 1.2296e+08 
17.5862 3.98721 7.19007 12.9764 23.4431 42.383 76.7098 139.048 252.435 458.86 835.949 1527.09 2794.63 5129.47 9452.62 17487 32448.3 60552.2 113131 -3.47673e+06 267896 337350 429716 555369 725728 959190 1.29241e+06 1.76404e+06 2.437e+06 3.41798e+06 4.8642e+06 6.98908e+06 1.01345e+07 1.48593e+07 2.1843e+07 3.20871e+07 4.67097e+07 6.72847e+07 9.6812e+07 1.39565e+08 
12.3034 2.78971 5.03112 9.08103 16.4077 29.6682 53.7064 97.3699 176.811 321.484 585.86 1070.61 1960.09 3599.46 6636.79 12285.7 22814.7 42612.2 80157.6 151310 -4.07433e+06 362827 463008 599680 785516 1.04099e+06 1.40701e+06 1.92705e+06 2.672e+06 3.76244e+06 5.37644e+06 7.75684e+06 1.12935e+07 1.66203e+07 2.45148e+07 3.61214e+07 5.2708e+07 7.6037e+07 1.09518e+08 1.57992e+08 
8.49697 1.9268 3.47528 6.27355 11.3367 20.5023 37.1213 67.3159 122.268 222.38 405.398 741.125 1357.5 2494.26 4601.87 8524.94 15844.7 29623.3 55786.4 105449 200798 -4.78801e+06 488172 641097 842063 1.11932e+06 1.51832e+06 2.08768e+06 2.90699e+06 4.11209e+06 5.9041e+06 8.5588e+06 1.252e+07 1.85052e+07 2.74032e+07 4.05199e+07 5.92898e+07 8.56784e+07 1.23552e+08 1.78377e+08 
5.79096 1.31331 2.36906 4.27721 7.73046 13.9831 25.3234 45.9331 83.4543 151.84 276.914 506.466 928.191 1706.53 3150.78 5841.68 10868.4 20342.8 38359 72621.4 138538 263933 -5.65253e+06 675682 890331 1.18772e+06 1.61792e+06 2.235e+06 3.12784e+06 4.44875e+06 6.4241e+06 9.36625e+06 1.37794e+07 2.04735e+07 3.04631e+07 4.52361e+07 6.64118e+07 9.61676e+07 1.38875e+08 2.00686e+08 
3.89201 0.882762 1.59263 2.87589 5.19873 9.40576 17.0382 30.9141 56.1858 102.268 186.596 341.458 626.184 1152.12 2128.96 3951.04 7359.54 13793.7 26049.2 49408 94456.9 182464 355692 -6.68569e+06 922770 1.2363e+06 1.69276e+06 2.35174e+06 3.31165e+06 4.74227e+06 6.89713e+06 1.01288e+07 1.50089e+07 2.24484e+07 3.36039e+07 5.01683e+07 7.3963e+07 1.0738e+08 1.55341e+08 2.24735e+08 
2.56094 0.580933 1.04825 1.89323 3.42308 6.19472 11.2247 20.3728 37.0411 67.4521 123.135 225.46 413.753 761.894 1409.18 2618.07 4883.03 9165.73 17338.7 32954.9 63153.9 122329 239229 471004 -7.95054e+06 1.26547e+06 1.74292e+06 2.43737e+06 3.45697e+06 4.98973e+06 7.31843e+06 1.08397e+07 1.62002e+07 2.44225e+07 3.68227e+07 5.53256e+07 8.19752e+07 1.19379e+08 1.7306e+08 2.50696e+08 
1.64255 0.372656 0.672551 1.21492 2.19716 3.97725 7.209 13.0889 23.8077 43.3755 79.2276 145.158 266.595 491.358 909.738 1692.19 3160.71 5942.64 11262.7 21455.8 41227.2 80100.4 157207 310848 623372 -9.53331e+06 1.75705e+06 2.48509e+06 3.5538e+06 5.17666e+06 7.66744e+06 1.14707e+07 1.73164e+07 2.63495e+07 4.00658e+07 6.06518e+07 9.0397e+07 1.3212e+08 1.92e+08 2.78546e+08 
1.02935 0.233574 0.421628 0.761819 1.37808 2.49536 4.52461 8.2184 14.9557 27.2634 49.8305 91.3649 167.949 309.866 574.388 1069.89 2001.7 3770.72 7161.95 13680.4 26369.2 51416.5 101338 201410 406286 831466 -1.1461e+07 2.44738e+06 3.53623e+06 5.2115e+06 7.81795e+06 1.18504e+07 1.81297e+07 2.79342e+07 4.29608e+07 6.56922e+07 9.86829e+07 1.44933e+08 2.11301e+08 3.07127e+08 
0.62281 0.14135 0.255208 0.461235 0.834577 1.51171 2.74211 4.98289 9.07236 16.5486 30.2677 55.5401 102.194 188.758 350.341 653.537 1224.94 2312.3 4402.26 8433.64 16311.7 31930.7 63226.8 126381 256615 531139 1.10537e+06 -1.38933e+07 3.41703e+06 5.1053e+06 7.7762e+06 1.1976e+07 1.86239e+07 2.91459e+07 4.54637e+07 7.03983e+07 1.06795e+08 1.57805e+08 2.30992e+08 3.36505e+08 
0.360928 0.0819299 0.147958 0.267473 0.484118 0.877216 1.59184 2.894 5.27194 9.62263 17.613 32.3463 59.5778 110.175 204.765 382.58 718.465 1359.23 2594.31 4985.66 9678.37 19026.1 37864.1 76154.8 155746 325028 683451 1.46221e+06 -1.70109e+07 4.80353e+06 7.52815e+06 1.18142e+07 1.87359e+07 2.98824e+07 4.74267e+07 7.45774e+07 1.14504e+08 1.70467e+08 2.50754e+08 3.66271e+08 
0.19934 0.0452588 0.0817532 0.147831 0.267651 0.485161 0.880779 1.60206 2.92009 5.33357 9.77005 17.9586 33.1133 61.3124 114.116 213.571 401.9 762.135 1458.58 2812.5 5481.39 10824.9 21660.9 43862.5 90417.6 190428 405121 878692 1.93204e+06 -2.11031e+07 6.97999e+06 1.12112e+07 1.82227e+07 2.97824e+07 4.83415e+07 7.75566e+07 1.20959e+08 1.8186e+08 2.6923e+08 3.94574e+08 
0.10257 0.0232926 0.0420847 0.076121 0.137862 0.249992 0.454045 0.826279 1.50694 2.75436 5.04948 9.29 17.1485 31.7929 59.2605 111.1 209.508 398.263 764.32 1478.92 2894.18 5742.81 11557.4 23571.4 49000.9 104218 224556 494530 1.1188e+06 2.57908e+06 -2.64984e+07 9.86686e+06 1.65507e+07 2.79532e+07 4.67913e+07 7.71962e+07 1.23077e+08 1.87661e+08 2.80354e+08 4.12753e+08 
0.0316995 0.00720004 0.0130121 0.0235422 0.0426504 0.077369 0.140582 0.255959 0.467078 0.854311 1.56742 2.88631 5.33371 9.90124 18.4824 34.7096 65.5915 124.987 240.531 467.031 917.718 1829.69 3703.47 7607.97 15951.4 34267 74809.6 167390 385888 910446 2.16857e+06 -3.66639e+07 9.20471e+06 1.61853e+07 2.81629e+07 4.81607e+07 7.90285e+07 1.22772e+08 1.85652e+08 2.74971e+08 
0.0156467 0.0035546 0.00642549 0.0116285 0.0210732 0.0382415 0.0695157 0.12663 0.231206 0.423176 0.777013 1.43209 2.64925 4.92411 9.20491 17.3158 32.7895 62.6304 120.858 235.469 464.576 930.621 1894.43 3919.79 8289.05 17986.5 39794.1 90509.5 212783 514541 1.26477e+06 3.20047e+06 -4.86276e+07 1.54572e+07 2.82525e+07 5.05321e+07 8.60166e+07 1.36893e+08 2.10291e+08 3.1388e+08 
0.00896397 0.00203679 0.00368263 0.00666627 0.0120841 0.0219364 0.0398918 0.0726994 0.132806 0.243228 0.446921 0.824372 1.52653 2.84062 5.31713 10.0178 19.0057 36.3817 70.3812 137.555 272.405 548.037 1121.47 2335.87 4978.78 10904.6 24429.5 56435.1 135215 335055 851093 2.2422e+06 6.15856e+06 -6.26372e+07 3.21273e+07 6.1379e+07 1.10745e+08 1.83514e+08 2.89673e+08 4.38404e+08 
0.00313557 0.000712585 0.00128865 0.00233325 0.00423062 0.00768231 0.0139756 0.0254798 0.0465684 0.0853371 0.156907 0.289641 0.536834 1.00002 1.87414 3.53601 6.72021 12.89 24.9932 48.9882 97.3435 196.616 404.268 847.136 1818.65 4017.1 9102.29 21327.4 51991.7 131758 345153 945214 2.72714e+06 7.78349e+06 -8.85213e+07 4.62582e+07 9.03274e+07 1.58926e+08 2.6178e+08 4.05704e+08 
0.000934006 0.000212293 0.000383984 0.000695389 0.00126117 0.00229078 0.00416872 0.0076031 0.0139019 0.0254886 0.0468929 0.0866198 0.160677 0.299597 0.562085 1.06186 2.02122 3.88385 7.54612 14.8288 29.5557 59.9079 123.703 260.61 563.062 1253.09 2868.07 6805.07 16846.8 43558.6 117339 333077 1.00511e+06 3.06421e+06 9.53205e+06 -1.27015e+08 6.47073e+07 1.25003e+08 2.19442e+08 3.53724e+08 
0.00023037 5.23675e-05 9.47331e-05 0.000171588 0.000311252 0.00056548 0.00102932 0.00187786 0.00343472 0.0063 0.0115959 0.021431 0.0397793 0.0742277 0.13938 0.263574 0.502318 0.96658 1.88104 3.70386 7.39984 15.0406 31.1608 65.9245 143.147 320.451 739.245 1771.3 4438.13 11656.4 32099.1 93778.9 293562 948618 3.19365e+06 1.11026e+07 -1.80762e+08 8.32202e+07 1.62497e+08 2.8219e+08 
4.57911e-05 1.041e-05 1.88334e-05 3.41161e-05 6.18919e-05 0.000112461 0.000204739 0.00037359 0.000683465 0.00125394 0.0023087 0.00426825 0.00792573 0.0147962 0.0277984 0.0526007 0.100323 0.193214 0.376385 0.742048 1.4847 3.02291 6.27568 13.3114 28.9932 65.1396 151.002 364.022 918.944 2437.42 6807.02 20262.2 64978.1 218629 781507 2.98304e+06 1.15744e+07 -2.47136e+08 9.78627e+07 1.99307e+08 
7.15292e-06 1.62621e-06 2.94228e-06 5.33023e-06 9.67068e-06 1.75739e-05 3.19978e-05 5.83946e-05 0.000106847 0.000196066 0.000361064 0.000667682 0.00124018 0.00231603 0.00435291 0.00824037 0.0157249 0.030304 0.0590746 0.116569 0.233474 0.475927 0.989447 2.10244 4.58885 10.3351 24.0355 58.1758 147.582 393.962 1110.27 3345.25 10897.9 37677.6 140543 571736 2.46746e+06 1.06845e+07 -3.27284e+08 1.19788e+08 
8.47645e-07 1.92719e-07 3.48701e-07 6.31741e-07 1.14624e-06 2.08315e-06 3.79323e-06 6.92315e-06 1.26689e-05 2.32509e-05 4.28242e-05 7.92044e-05 0.000147149 0.000274865 0.000516741 0.000978539 0.00186804 0.00360151 0.00702425 0.0138689 0.0277971 0.0567081 0.118005 0.251028 0.548615 1.23744 2.88326 6.99441 17.791 47.6511 134.904 408.91 1342.46 4706.11 17976.2 76059.6 353640 1.79586e+06 9.88612e+06 -4.16452e+08 
dt_FE: 1.57842e-10
dt_EA: 1.57842e-10
dt_PE: 1.57842e-10
tolC: 1e-06
dt_grow: 1.03
dt_max: 0.1
steps: 0
