t: 8.35428e-07
dt: 8.06949e-09
N: 0.526239 0.574943 0.623737 0.671616 0.717439 0.759965 0.798192 0.831305 0.858718 0.880181 0.895972 0.906592 0.912702 0.915168 0.914749 0.912017 0.907321 0.900781 0.892249 0.881336 0.867404 0.849512 0.82634 0.796084 0.756365 0.704243 0.636572 0.551088 0.44859 0.33568 0.225508 0.13332 0.0684678 0.0303149 0.0114888 0.00368367 0.0009811 0.000211656 3.58376e-05 4.58674e-06 
eC: 1 1.15749 1.33977 1.55077 1.795 2.07768 2.40489 2.78363 3.22201 3.72944 4.31677 4.99661 5.78351 6.69433 7.7486 8.9689 10.3814 12.0163 13.9087 16.0991 18.6345 21.5692 24.9661 28.8979 33.4489 38.7167 44.814 51.8717 60.0407 69.4963 80.4411 93.1095 107.773 124.746 144.391 167.131 193.452 223.918 259.182 300 
dV: 1.08333 0.211322 0.327712 0.508206 0.788112 1.22218 1.89532 2.93921 4.55805 7.06849 10.9616 16.999 26.3615 40.8807 63.3966 98.3136 152.462 236.434 366.655 568.597 881.764 1367.42 2120.55 3288.49 5099.69 7908.45 12264.2 19019 29494.1 45738.6 70930.1 109996 170579 264529 410225 636165 986546 1.52991e+06 2.37254e+06 3.67926e+06 
kVec: 1.02987e+06 1.19317e+06 1.37467e+06 1.58351e+06 1.82349e+06 2.09825e+06 2.41249e+06 2.77146e+06 3.18047e+06 3.64376e+06 4.16868e+06 4.76194e+06 5.42534e+06 6.1661e+06 6.9903e+06 7.90007e+06 8.8866e+06 9.95752e+06 1.1112e+07 1.23086e+07 1.35482e+07 1.48188e+07 1.60896e+07 1.72814e+07 1.84377e+07 1.96012e+07 2.06417e+07 2.18082e+07 2.33976e+07 2.58637e+07 2.96967e+07 3.61558e+07 4.71158e+07 6.38682e+07 8.94959e+07 1.28173e+08 1.82276e+08 2.48899e+08 3.2919e+08 4.18366e+08 
cMat: 
-63769.9 454.873 534.501 622.6 725.794 847.294 990.436 1159.22 1359.02 1597.25 1880.96 2219.73 2629.64 3125.76 3727.65 4465.19 5382.05 6519.21 7937.82 9757.47 12086.2 15082.3 19012.2 24273 31290.8 40742 53954.3 72279.2 97885.4 134412 187178 263203 373644 537262 775716 1.12134e+06 1.61192e+06 2.30372e+06 3.29606e+06 4.73274e+06 
2075.64 -76052.9 552.713 643.818 750.534 876.184 1024.22 1198.77 1405.41 1651.8 1945.24 2295.63 2719.63 3232.83 3855.46 4618.47 5567.06 6743.68 8211.61 10094.7 12505 15606.3 19674.8 25122 32389.6 42178.7 55866.3 74853.9 101391 139254 193959 272794 387335 557050 804422 1.16301e+06 1.67202e+06 2.38979e+06 3.41939e+06 4.91002e+06 
1379.49 312.614 -87386.8 656.28 765.069 893.162 1044.08 1222.03 1432.71 1683.92 1983.11 2340.38 2772.73 3296.07 3931.05 4709.23 5676.79 6877.03 8374.59 10296 12755.5 15920.7 20073.7 25635 33056.3 43054.6 57037.8 76440.1 103563 142271 198211 278841 396015 569658 822794 1.18979e+06 1.71076e+06 2.44539e+06 3.49917e+06 5.02482e+06 
894.762 202.768 365.441 -100723 768.379 897.038 1048.62 1227.38 1439 1691.35 1991.91 2350.85 2785.23 3311.05 3949.1 4731.11 5703.53 6909.92 8415.33 10347.1 12820.2 16003.5 20180.9 25776.2 33244.5 43308.3 57387 76926.9 104250 143253 199634 280921 399077 574205 829554 1.19981e+06 1.72545e+06 2.46664e+06 3.52985e+06 5.06915e+06 
571.677 129.553 233.49 421.129 -116412 879.673 1037.58 1214.48 1423.91 1673.65 1971.13 2326.39 2756.37 3276.9 3908.57 4682.83 5645.73 6840.46 8331.49 10245.1 12695.5 15850 19990.5 25537.8 32943.8 42926.2 56895.4 76289 103416 142151 198160 278933 396373 570475 824380 1.19261e+06 1.7154e+06 2.45256e+06 3.50999e+06 5.04095e+06 
360.415 81.6776 147.207 265.51 475.064 -134846 1012.22 1184.81 1389.17 1632.87 1923.16 2269.88 2689.53 3197.62 3814.25 4570.16 5510.37 6677.1 8133.42 10002.9 12397.2 15480.1 19527.9 24952.4 32196.5 41964 55637.2 74626.8 101198 139154 194056 273259 388454 559267 808437 1.16987e+06 1.68307e+06 2.40668e+06 3.44467e+06 4.94751e+06 
224.675 50.9166 91.768 165.52 298.823 539.801 -156545 1142.53 1339.63 1574.7 1854.73 2189.21 2594.09 3084.35 3679.4 4408.96 5316.54 6442.96 7849.21 9654.81 11967.9 14947 18859.5 24104.7 31111.6 40562.8 53798.9 72189 97932.3 134722 187957 264786 376571 542372 784301 1.13532e+06 1.63378e+06 2.33657e+06 3.34472e+06 4.80436e+06 
139.067 31.5163 56.8033 102.457 184.974 334.15 604.227 -182149 1269.49 1508.07 1776.33 2096.78 2484.73 2954.53 3524.83 4224.14 5094.25 6174.37 7523.07 9255.26 11474.9 14334.4 18091.2 23129.5 29862.7 38948.3 51678.7 69374.4 94157.7 129593 180892 254959 362770 522729 756209 1.09506e+06 1.57631e+06 2.25478e+06 3.22808e+06 4.63727e+06 
86.1256 19.5186 35.1799 63.4554 114.564 206.962 374.251 670.619 -212465 1444.67 1701.74 2008.85 2380.71 2831.08 3377.86 4048.46 4883.02 5919.22 7213.4 8876.05 11007.2 13753.8 17363.4 22206.6 28681.9 37423.7 49679.2 66724.2 90609.3 124780 174274 245773 349896 504440 730100 1.05771e+06 1.52305e+06 2.17907e+06 3.12016e+06 4.48274e+06 
53.9599 12.2291 22.0419 39.7589 71.7838 129.683 234.514 424.678 770.123 -248378 1646.87 1944.23 2304.32 2740.52 3270.18 3919.92 4728.72 5733.2 6988.1 8600.89 10668.9 13335.1 16840.9 21547.1 27842.7 36346.9 48277.3 64881 88163.6 121495 169805 239636 341393 492490 713217 1.03379e+06 1.48921e+06 2.1312e+06 3.05219e+06 4.38567e+06 
34.5388 7.82778 14.1092 25.4507 45.952 83.0185 150.134 271.889 493.077 895.138 -291200 1922.56 2278.87 2710.56 3234.85 3878.14 4679.16 5674.26 6917.82 8516.71 10567.8 13213.3 16693.7 21368.8 27626.6 36085.1 47960.8 64500.7 87711.7 120967 169202 238974 340715 491863 712780 1.03377e+06 1.48987e+06 2.13277e+06 3.05509e+06 4.39051e+06 
22.8056 5.16872 9.31664 16.8061 30.345 54.8246 99.1517 179.57 325.675 591.277 1075.71 -342531 2308.51 2766.9 3302.56 3959.99 4778.87 5796.49 7068.64 8705.07 10805.3 13515.6 17083.4 21879 28302.8 36992 49202.3 66222.7 90128.8 124411 174177 246221 351355 507634 736186 1.06843e+06 1.54064e+06 2.20618e+06 3.16099e+06 4.54349e+06 
15.6495 3.54692 6.39354 11.5336 20.8258 37.628 68.0551 123.26 223.565 405.927 738.575 1337.19 -404040 2928.38 3495.92 4192.69 5060.92 6140.29 7490.2 9227.66 11458.9 14339.9 18135.2 23241 30085.8 39353.2 52389.6 70580.4 96157.8 132877 186235 263555 376496 544497 790367 1.14801e+06 1.65645e+06 2.37297e+06 3.40095e+06 4.88942e+06 
11.1338 2.52354 4.54899 8.20648 14.8188 26.7761 48.431 87.7238 159.124 288.95 525.799 959.267 1752.72 -478340 3834.37 4599.67 5553.73 6740.33 8225.09 10137.4 12594.7 15770.1 19956.5 25594 33159 43412.1 57853.1 78028.3 106431 147258 206657 292831 418843 606440 881218 1.28119e+06 1.85e+06 2.65148e+06 3.80141e+06 5.46647e+06 
8.15928 1.84941 3.33392 6.01475 10.8617 19.6271 35.5031 64.3124 116.668 211.88 385.606 703.601 1285.81 2356.26 -568755 5142.66 6281.32 7626.11 9309.74 11479.8 14270.5 17879.5 22642.1 29062.6 37688 49392.1 65900.2 88995 121554 168424 236709 335903 481141 697558 1.01485e+06 1.47709e+06 2.13469e+06 3.06116e+06 4.39044e+06 6.31522e+06 
6.11669 1.38648 2.49953 4.50965 8.1442 14.7177 26.6247 48.2343 87.5108 158.949 289.317 527.995 965.089 1768.95 3218.46 -679402 7261.82 8820.19 10772.5 13291 16532.6 20728.7 26272.2 33755 43820.5 57497.9 76820.9 103898 142134 197271 277729 394789 566441 822497 1.19833e+06 1.74636e+06 2.52637e+06 3.62509e+06 5.20158e+06 7.48434e+06 
4.66404 1.05726 1.90611 3.43923 6.21152 11.2261 20.3103 36.7989 66.7726 121.3 220.829 403.087 736.956 1351.17 2486.85 4593.92 -814887 10340.8 12636.8 15601.7 19421.9 24372.6 30921.6 39775.5 51703.8 67939.8 90923.8 123194 168857 234842 331321 471956 678555 987157 1.44073e+06 2.10289e+06 3.04587e+06 4.37384e+06 6.27936e+06 9.03856e+06 
3.5918 0.81424 1.46807 2.64906 4.78481 8.64841 15.6485 28.3563 51.4608 93.501 170.254 310.842 568.463 1042.58 1919.57 3547.46 6574.43 -983252 14981.1 18510.2 23062.9 28970.3 36796.8 47396.4 61702.4 81212.1 108894 147849 203099 283133 400423 571769 824020 1.2014e+06 1.75693e+06 2.56902e+06 3.72625e+06 5.35555e+06 7.69357e+06 1.1079e+07 
2.7842 0.6312 1.13813 2.05387 3.7101 6.70664 12.1366 21.9956 39.924 72.5539 132.142 241.321 441.459 809.939 1491.83 2758.28 5114.71 9537.31 -1.19478e+06 22016.5 27619 34732.2 44172.2 56982.8 74307.9 97986.6 131673 179198 246786 344964 489223 700503 1.0123e+06 1.47959e+06 2.16874e+06 3.17769e+06 4.61652e+06 6.64173e+06 9.548e+06 1.37562e+07 
2.17658 0.493483 0.88989 1.60605 2.90147 5.24559 9.4941 17.2094 31.243 56.7916 103.462 189.003 345.881 634.857 1169.92 2164.3 4016.01 7494.34 14001.9 -1.45916e+06 33156.6 41752.6 53184.4 68736.1 89820.8 118716 159957 218329 301619 423032 602026 865014 1.25432e+06 1.83908e+06 2.70343e+06 3.9713e+06 5.7811e+06 8.32759e+06 1.19821e+07 1.72734e+07 
1.70975 0.387673 0.699152 1.26195 2.28011 4.12285 7.46334 13.531 24.5706 44.6752 81.4143 148.778 272.384 500.2 922.284 1707.29 3170.45 5921.63 11139.1 21026.9 -1.79561e+06 50420.5 64342 83334.8 109160 144661 195526 267793 371315 522850 747139 1.07793e+06 1.56941e+06 2.30964e+06 3.40671e+06 5.01963e+06 7.32458e+06 1.05665e+07 1.52192e+07 2.19554e+07 
1.34692 0.30543 0.550891 0.994466 1.79707 3.24997 5.88437 10.6707 19.3816 35.2511 64.2627 117.481 215.188 395.384 729.476 1351.35 2511.65 4695.8 8843.12 16715.5 31830 -2.22954e+06 77383.7 101625 133482 177432 240680 330933 460808 651838 935902 1.35672e+06 1.98464e+06 2.93339e+06 4.34389e+06 6.42311e+06 9.39847e+06 1.35815e+07 1.95851e+07 2.82759e+07 
1.06476 0.241474 0.43559 0.786436 1.42137 2.57103 4.65612 8.44556 15.3444 27.9182 50.9151 93.122 170.663 313.773 579.322 1074.09 1998.33 3740.37 7052.94 13352.6 25472.5 48528.5 -2.7938e+06 124235 163702 218381 297481 410941 575104 817976 1.18118e+06 1.72214e+06 2.53357e+06 3.76438e+06 5.60114e+06 8.3174e+06 1.22109e+07 1.7682e+07 2.55344e+07 3.68995e+07 
0.844389 0.191519 0.345528 0.623936 1.12789 2.04062 3.69651 6.70694 12.1897 22.1875 40.4828 74.0807 135.853 249.958 461.887 857.195 1596.68 2992.59 5651.48 10719.3 20492.8 39586.4 77168.9 -3.52374e+06 200199 268220 367251 510219 718478 1.02886e+06 1.49636e+06 2.19749e+06 3.25624e+06 4.87028e+06 7.29051e+06 1.08842e+07 1.60466e+07 2.32965e+07 3.37019e+07 4.87573e+07 
0.666847 0.15127 0.272957 0.492981 0.891343 1.61306 2.92283 5.3049 9.6452 17.564 32.0633 58.7078 107.738 198.391 366.94 681.725 1271.5 2386.68 4514.86 8581.19 16444.8 31853.5 62293.4 122646 -4.49194e+06 329519 453843 634671 900167 1.29928e+06 1.90566e+06 2.82257e+06 4.21841e+06 6.35943e+06 9.58833e+06 1.44063e+07 2.13457e+07 3.10852e+07 4.50635e+07 6.52792e+07 
0.521281 0.118267 0.213442 0.38557 0.697293 1.26223 2.28786 4.15392 7.55564 13.7657 25.1438 46.0677 84.607 155.938 288.716 537.037 1003.09 1885.97 3574.34 6809.25 13083.9 25420.8 49891.3 98651.2 197834 -5.79713e+06 557620 788670 1.12784e+06 1.64287e+06 2.43335e+06 3.64036e+06 5.49555e+06 8.3623e+06 1.27153e+07 1.92486e+07 2.86885e+07 4.19299e+07 6.09333e+07 8.83998e+07 
0.402363 0.0913021 0.164811 0.297788 0.538681 0.975415 1.76863 3.2125 5.84604 10.6571 19.4783 35.7138 65.6499 121.124 224.523 418.21 782.447 1473.94 2799.55 5347.56 10307.5 20098.3 39612.3 78729.4 158814 325013 -7.50176e+06 956661 1.38228e+06 2.03713e+06 3.05597e+06 4.63221e+06 7.08673e+06 1.09192e+07 1.6793e+07 2.56785e+07 3.85743e+07 5.66531e+07 8.25958e+07 1.20053e+08 
0.3009 0.0682907 0.123299 0.222838 0.403211 0.730356 1.3248 2.4074 4.38315 7.99517 14.6233 26.8332 49.373 91.1953 169.261 315.745 591.81 1117.14 2126.88 4074.56 7880.7 15426.8 30546.9 61058.5 123979 256610 534041 -9.78996e+06 1.65088e+06 2.46654e+06 3.75693e+06 5.78598e+06 8.99783e+06 1.40813e+07 2.1965e+07 3.40117e+07 5.15963e+07 7.62405e+07 1.11599e+08 1.62576e+08 
0.213895 0.0485537 0.0876838 0.158511 0.286901 0.51986 0.943367 1.71506 3.12428 5.70262 10.4379 19.1692 35.3073 65.2925 121.349 226.727 425.781 805.516 1537.46 2954.63 5735.65 11275.3 22439.2 45131.3 92298.9 192620 405031 866543 -1.29017e+07 2.8467e+06 4.46137e+06 7.00137e+06 1.11034e+07 1.7709e+07 2.81062e+07 4.41965e+07 6.78578e+07 1.01023e+08 1.48603e+08 2.17061e+08 
0.141724 0.0321775 0.0581237 0.105102 0.190291 0.344933 0.626204 1.13901 2.07608 3.79198 6.94617 12.768 23.5424 43.591 81.1322 151.842 285.737 541.852 1037 1999.59 3897.08 7696.13 15400.2 31184.7 64283.8 135388 288027 624720 1.37361e+06 -1.71819e+07 4.96253e+06 7.97075e+06 1.29557e+07 2.11743e+07 3.43692e+07 5.51401e+07 8.59979e+07 1.29296e+08 1.91413e+08 2.80529e+08 
0.085496 0.0194152 0.0350791 0.0634496 0.114913 0.208378 0.378463 0.688733 1.25609 2.29586 4.20893 7.74355 14.2939 26.5005 49.3958 92.6055 174.633 331.966 637.088 1232.73 2412.4 4786.84 9633.55 19647.6 40844 86869.4 187176 412209 932561 2.14976e+06 -2.29999e+07 8.22439e+06 1.37956e+07 2.33e+07 3.90022e+07 6.43458e+07 1.02589e+08 1.56422e+08 2.33685e+08 3.44044e+08 
0.0458319 0.01041 0.0188132 0.0340379 0.061665 0.111862 0.203257 0.370073 0.675313 1.23518 2.26622 4.17311 7.71161 14.3155 26.7223 50.184 94.8339 180.71 347.766 675.246 1326.86 2645.41 5354.57 10999.8 23062.9 49544.1 108162 242017 557927 1.31635e+06 3.13537e+06 -3.13355e+07 1.33084e+07 2.34011e+07 4.07186e+07 6.9632e+07 1.14261e+08 1.77506e+08 2.68421e+08 3.97561e+08 
0.0215465 0.00489491 0.00884831 0.0160132 0.0290192 0.0526611 0.0957276 0.174377 0.318385 0.582741 1.07 1.97207 3.64818 6.78082 12.6758 23.8449 45.1533 86.2461 166.429 324.256 639.751 1281.53 2608.75 5397.8 11414.6 24768.5 54799 124637 293016 708556 1.74167e+06 4.40725e+06 -4.38899e+07 2.12855e+07 3.89056e+07 6.95859e+07 1.1845e+08 1.8851e+08 2.89584e+08 4.32233e+08 
0.00884559 0.0020099 0.003634 0.00657824 0.0119245 0.0216467 0.039365 0.0717393 0.131052 0.240016 0.441019 0.813486 1.50637 2.80311 5.24691 9.88548 18.7548 35.9013 69.4518 135.739 268.808 540.8 1106.66 2305.03 4913.03 10760.6 24106.9 55689.9 133430 330631 839854 2.21259e+06 6.07723e+06 -6.19321e+07 3.1703e+07 6.05685e+07 1.09282e+08 1.81091e+08 2.85848e+08 4.32614e+08 
0.00312115 0.000709306 0.00128272 0.00232251 0.00421115 0.00764696 0.0139112 0.0253625 0.0463541 0.0849444 0.156185 0.288308 0.534364 0.99542 1.86551 3.51974 6.68929 12.8307 24.8782 48.7627 96.8955 195.712 402.408 843.238 1810.28 3998.61 9060.4 21229.2 51752.5 131152 343565 940864 2.71459e+06 7.74767e+06 -8.84677e+07 4.60453e+07 8.99117e+07 1.58195e+08 2.60575e+08 4.03837e+08 
0.00093284 0.000212028 0.000383504 0.000694521 0.00125959 0.00228792 0.00416351 0.00759361 0.0138845 0.0254567 0.0468344 0.0865116 0.160476 0.299223 0.561383 1.06054 2.0187 3.879 7.53669 14.8103 29.5188 59.8331 123.548 260.285 562.359 1251.52 2864.49 6796.57 16825.7 43504.2 117192 332661 1.00386e+06 3.06038e+06 9.52015e+06 -1.277e+08 6.46265e+07 1.24847e+08 2.19168e+08 3.53282e+08 
0.000230301 5.23519e-05 9.4705e-05 0.000171537 0.000311159 0.000565312 0.00102901 0.0018773 0.0034337 0.00629813 0.0115925 0.0214246 0.0397675 0.0742056 0.139339 0.263496 0.502168 0.966293 1.88048 3.70276 7.39764 15.0362 31.1516 65.9049 143.105 320.355 739.026 1770.78 4436.81 11652.9 32089.5 93751.1 293475 948336 3.1927e+06 1.10993e+07 -1.82097e+08 8.31955e+07 1.62449e+08 2.82106e+08 
4.57882e-05 1.04093e-05 1.88322e-05 3.41139e-05 6.1888e-05 0.000112453 0.000204726 0.000373567 0.000683423 0.00125386 0.00230856 0.00426798 0.00792523 0.0147953 0.0277966 0.0525974 0.100316 0.193202 0.376361 0.742001 1.48461 3.02272 6.27529 13.3105 28.9913 65.1355 150.992 364 918.886 2437.27 6806.59 20261 64974 218615 781458 2.98285e+06 1.15736e+07 -2.48846e+08 9.78565e+07 1.99294e+08 
7.15284e-06 1.62619e-06 2.94225e-06 5.33017e-06 9.67058e-06 1.75737e-05 3.19975e-05 5.83939e-05 0.000106845 0.000196064 0.00036106 0.000667675 0.00124017 0.00231601 0.00435286 0.00824028 0.0157248 0.0303036 0.059074 0.116568 0.233471 0.475922 0.989437 2.10242 4.5888 10.335 24.0353 58.1752 147.581 393.958 1110.25 3345.21 10897.8 37677.1 140542 571730 2.46744e+06 1.06844e+07 -3.29178e+08 1.19787e+08 
8.47644e-07 1.92719e-07 3.487e-07 6.3174e-07 1.14624e-06 2.08314e-06 3.79322e-06 6.92314e-06 1.26689e-05 2.32509e-05 4.28241e-05 7.92043e-05 0.000147148 0.000274865 0.00051674 0.000978537 0.00186804 0.00360151 0.00702424 0.0138689 0.027797 0.056708 0.118005 0.251028 0.548614 1.23744 2.88325 6.9944 17.791 47.651 134.904 408.91 1342.45 4706.1 17976.1 76059.5 353639 1.79586e+06 9.88611e+06 -4.18364e+08 
dt_FE: 8.06949e-09
dt_EA: 8.06949e-09
dt_PE: 8.06949e-09
tolC: 1e-06
dt_grow: 1.03
dt_max: 0.1
steps: 0
