t: 1.65427e-07
dt: 1.14586e-09
N: 0.124939 0.142597 0.162396 0.184516 0.209101 0.236201 0.265886 0.298167 0.332914 0.369815 0.408644 0.448963 0.489889 0.530803 0.570934 0.609182 0.644229 0.67546 0.701962 0.722084 0.735467 0.741419 0.738658 0.72554 0.701086 0.663145 0.608259 0.535061 0.443616 0.338493 0.231373 0.138634 0.0715398 0.0317428 0.0120414 0.00386233 0.0010289 0.000222008 3.75948e-05 4.81208e-06 
eC: 1 1.15749 1.33977 1.55077 1.795 2.07768 2.40489 2.78363 3.22201 3.72944 4.31677 4.99661 5.78351 6.69433 7.7486 8.9689 10.3814 12.0163 13.9087 16.0991 18.6345 21.5692 24.9661 28.8979 33.4489 38.7167 44.814 51.8717 60.0407 69.4963 80.4411 93.1095 107.773 124.746 144.391 167.131 193.452 223.918 259.182 300 
dV: 1.08333 0.211322 0.327712 0.508206 0.788112 1.22218 1.89532 2.93921 4.55805 7.06849 10.9616 16.999 26.3615 40.8807 63.3966 98.3136 152.462 236.434 366.655 568.597 881.764 1367.42 2120.55 3288.49 5099.69 7908.45 12264.2 19019 29494.1 45738.6 70930.1 109996 170579 264529 410225 636165 986546 1.52991e+06 2.37254e+06 3.67926e+06 
kVec: 1.01005e+06 1.17064e+06 1.34913e+06 1.55465e+06 1.79102e+06 2.06189e+06 2.37203e+06 2.72672e+06 3.13141e+06 3.59053e+06 4.11161e+06 4.70163e+06 5.36286e+06 6.10295e+06 6.92851e+06 7.84237e+06 8.83671e+06 9.91982e+06 1.10918e+07 1.23124e+07 1.35833e+07 1.48928e+07 1.62103e+07 1.74564e+07 1.86719e+07 1.98964e+07 2.09928e+07 2.22024e+07 2.38131e+07 2.62703e+07 3.00599e+07 3.64493e+07 4.73254e+07 6.39898e+07 8.95381e+07 1.28148e+08 1.82203e+08 2.48798e+08 3.29075e+08 4.18248e+08 
cMat: 
-96114.9 840.175 987.252 1149.98 1340.58 1565 1829.39 2141.14 2510.19 2950.21 3474.23 4099.96 4857.09 5773.45 6885.17 8247.44 9940.93 12041.3 14661.6 18022.6 22323.9 27857.8 35116.5 44833.6 57795.9 75252.7 99656.5 133504 180800 248266 345727 486150 690140 992352 1.43279e+06 2.07118e+06 2.9773e+06 4.2551e+06 6.088e+06 8.74162e+06 
4186.87 -115137 1114.9 1298.68 1513.94 1767.39 2066 2418.1 2834.93 3331.93 3923.83 4630.63 5485.9 6521.09 7777.04 9316.13 11229.6 13603 16564 20362.6 25224.4 31480.2 39687 50674.8 65334.6 85080.8 112691 150991 204521 280896 391245 550266 781312 1.12365e+06 1.62264e+06 2.34597e+06 3.3727e+06 4.82057e+06 6.89742e+06 9.90424e+06 
3070.9 695.914 -131698 1460.95 1703.13 1988.28 2324.24 2720.39 3189.38 3748.6 4414.62 5209.96 6172.42 7337.43 8750.96 10483.3 12637.2 15309.1 18642.8 22920 28395.2 35441.3 44686.3 57066.5 73587.2 95844.5 126973 170164 230544 316712 441239 620731 881574 1.26812e+06 1.83163e+06 2.64861e+06 3.80835e+06 5.44372e+06 7.78955e+06 1.11858e+07 
2221.98 503.539 907.508 -151055 1908.13 2227.63 2604.07 3047.97 3573.51 4200.17 4946.55 5837.91 6916.61 8222.41 9806.89 11748.9 14163.7 17159.6 20898 25695.1 31836.8 39741.8 50115.7 64010.7 82556.7 107548 142510 191034 258886 355744 495756 697617 991036 1.42594e+06 2.06005e+06 2.97952e+06 4.28485e+06 6.12547e+06 8.76574e+06 1.25883e+07 
1600.15 362.624 653.548 1178.76 -173594 2462.24 2904.24 3399.37 3985.58 4684.63 5517.26 6511.67 7715.18 9172.17 10940.2 13107.4 15802.6 19146.7 23320.2 28676.5 35535.2 44364.7 55954.3 71481.4 92210.9 120152 159253 213536 289465 397886 554657 780743 1.10946e+06 1.59678e+06 2.30747e+06 3.33816e+06 4.80148e+06 6.86483e+06 9.82461e+06 1.41098e+07 
1146.85 259.901 468.419 844.863 1511.67 -199742 3220.92 3770.12 4420.38 5195.85 6119.57 7222.82 8558.19 10174.9 12137.1 14542.4 17534.2 21246.8 25880.8 31829.5 39448.3 49258.4 62138.3 79399.3 102450 133531 177040 237465 322016 442794 617494 869519 1.23607e+06 1.77961e+06 2.57247e+06 3.72258e+06 5.3556e+06 7.65813e+06 1.09611e+07 1.57431e+07 
817.295 185.218 333.823 602.108 1087.02 1963.63 -230021 4156.16 4873.15 5728.27 6746.91 7963.63 9436.48 11219.9 13384.5 16038.4 19339.9 23437.4 28552.9 35121.1 43535.4 54372.5 68605 87685.2 113174 147554 195703 262600 356246 490075 683729 963208 1.36984e+06 1.97298e+06 2.85304e+06 4.12993e+06 5.94317e+06 8.49969e+06 1.2167e+07 1.74767e+07 
578.57 131.119 236.322 426.256 769.559 1390.18 2513.8 -265030 5281.55 6274.12 7390.18 8723.36 10337.4 12291.9 14664.5 17573.9 21193.9 25687.6 31298.7 38505.2 47739.6 59636.4 75265.9 96226.9 124239 162039 215002 288622 391730 539152 752575 1.06072e+06 1.50925e+06 2.17474e+06 3.1461e+06 4.55585e+06 6.55799e+06 9.38071e+06 1.343e+07 1.92927e+07 
406.657 92.1604 166.108 299.616 540.936 977.209 1767.09 3166.44 -305643 6821.24 8035.06 9485.14 11240.9 13367.4 15949.2 19115.5 23056 27948.6 34059.3 41909.8 51972.6 64940.8 81984.4 104852 135426 176702 234569 315050 427828 589169 822867 1.16046e+06 1.6521e+06 2.3818e+06 3.4473e+06 4.99416e+06 7.19135e+06 1.02889e+07 1.47324e+07 2.1166e+07 
283.801 64.3187 115.929 209.111 377.545 682.062 1233.42 2233.59 4050.45 -352602 8661.7 10225.6 12119.5 14413.7 17199.5 20616.7 24870.6 30153.7 36753.7 45236.2 56113 70135.9 88574.2 113326 146438 191165 253913 341240 463694 639000 893088 1.26036e+06 1.79555e+06 2.59024e+06 3.75115e+06 5.43718e+06 7.83247e+06 1.1209e+07 1.60529e+07 2.30663e+07 
196.339 44.4977 80.2052 144.677 261.218 471.926 853.451 1545.58 2802.94 5088.49 -407158 10929 12954.4 15408.4 18388.8 22045.6 26599.1 32255.8 39324.9 48414 60073.6 75112.4 94897 121473 157046 205129 272637 366660 498605 687647 961846 1.35847e+06 1.93682e+06 2.79604e+06 4.05186e+06 5.87654e+06 8.46932e+06 1.21239e+07 1.73669e+07 2.49582e+07 
134.536 30.4916 54.9613 99.1438 179.013 323.425 584.922 1059.33 1921.24 3488.1 6345.89 -470781 13618.5 16322.6 19482.7 23361 28191.8 34195 41699.8 51353.5 63743.4 79732.3 100779 129070 166965 218226 290257 390665 531693 733930 1.02751e+06 1.45252e+06 2.07273e+06 2.99467e+06 4.34295e+06 6.30295e+06 9.08865e+06 1.30148e+07 1.86475e+07 2.68032e+07 
91.4449 20.7258 37.3595 67.3947 121.692 219.873 397.668 720.249 1306.36 2371.96 4315.74 7813.64 -545042 17111.5 20427.8 24499.3 29572.6 35879.7 43767.7 53920.2 66957.8 83792.9 105970 135805 175801 229953 306129 412424 561881 776441 1.08823e+06 1.54004e+06 2.19999e+06 3.18167e+06 4.61837e+06 6.70817e+06 9.67916e+06 1.3866e+07 1.98729e+07 2.85705e+07 
61.5797 13.9574 25.1599 45.389 81.961 148.095 267.866 485.189 880.093 1598.15 2908.13 5305.58 9694.07 -632397 21207.4 25440.2 30717 37279.9 45492 56068.6 69659.8 87222.3 110377 141557 183398 240107 319978 431565 588657 814466 1.143e+06 1.61961e+06 2.31657e+06 3.35414e+06 4.8739e+06 7.08609e+06 1.02321e+07 1.4665e+07 2.10251e+07 3.02343e+07 
41.0655 9.30803 16.7796 30.2721 54.6666 98.7831 178.686 323.683 587.19 1066.39 1940.75 3541.21 6471.44 11859 -735783 25882.9 31613.8 38382.1 46855.8 57777.6 71823 89987 113957 146272 189683 248590 331674 447910 611780 847676 1.19135e+06 1.69059e+06 2.42157e+06 3.5108e+06 5.10774e+06 7.43416e+06 1.07439e+07 1.54067e+07 2.2097e+07 3.17844e+07 
27.1701 6.1587 11.1028 20.0317 36.1762 65.3755 118.266 214.255 388.72 706.043 1285.13 2345.33 4286.89 7857.61 14296.3 -859555 32256.7 39179 47850.9 59038 73437.2 92076.1 116700 149939 194649 255403 341235 461509 631353 876270 1.23366e+06 1.75364e+06 2.51611e+06 3.6535e+06 5.32294e+06 7.75726e+06 1.1222e+07 1.61025e+07 2.31052e+07 3.32452e+07 
17.904 4.05853 7.31706 13.2023 23.8444 43.0939 77.9659 141.262 256.323 465.639 847.704 1547.35 2828.98 5186.81 9546.36 17634.9 -1.00779e+06 39695.8 48509.3 59890.8 74555.8 93560 118700 152688 198478 260803 349033 472909 648197 901496 1.27185e+06 1.81172e+06 2.6048e+06 3.78944e+06 5.5306e+06 8.07246e+06 1.16923e+07 1.679e+07 2.41049e+07 3.46967e+07 
11.7486 2.66334 4.80201 8.66497 15.6509 28.2886 51.1857 92.7522 168.326 305.838 556.895 1016.75 1859.42 3410.24 6278.82 11603.6 21504.7 -1.18829e+06 49002.5 60546.2 75437.9 94760.7 120361 155032 201826 265641 356189 483607 664329 926118 1.30977e+06 1.87023e+06 2.69533e+06 3.92971e+06 5.74685e+06 8.40315e+06 1.21884e+07 1.75178e+07 2.51653e+07 3.62389e+07 
7.70111 1.7459 3.14808 5.68101 10.2621 18.5506 33.5699 60.8398 110.43 200.684 365.506 667.493 1221.08 2240.29 4126.42 7629.4 14147.3 26380.2 -1.41121e+06 60897.6 76394.2 96069.2 122180 157615 205536 271031 364206 495663 682609 954171 1.35319e+06 1.93759e+06 2.80003e+06 4.09256e+06 5.99874e+06 8.78949e+06 1.27693e+07 1.8371e+07 2.64098e+07 3.80496e+07 
5.09765 1.15576 2.08416 3.76143 6.79535 12.2854 22.2356 40.3052 73.1724 133.008 242.313 442.653 810.068 1486.86 2740 5068.88 9405.67 17552 32792.9 -1.68583e+06 77654.1 97786.4 124560 160983 210364 278037 374625 511335 706403 990757 1.40997e+06 2.0259e+06 2.93766e+06 4.30721e+06 6.33155e+06 9.30096e+06 1.35396e+07 1.95036e+07 2.80625e+07 4.04551e+07 
3.41099 0.773416 1.39482 2.51762 4.54887 8.22518 14.8895 26.9947 49.019 89.128 162.423 296.816 543.412 997.91 1839.98 3406.08 6325.12 11813.8 22222.8 41949.1 -2.03122e+06 100590 128364 166255 217776 288602 390079 534254 740783 1.0431e+06 1.49056e+06 2.1505e+06 3.131e+06 4.60778e+06 6.79647e+06 1.00143e+07 1.46127e+07 2.10804e+07 3.03627e+07 4.38014e+07 
2.31438 0.524815 0.946586 1.70877 3.08787 5.58437 10.111 18.3353 33.3031 60.5714 110.421 201.866 369.753 679.381 1253.45 2322 4315.73 8068.71 15195 28721.9 54692.9 -2.4719e+06 132967 174620 229359 304879 413556 568636 791798 1.12004e+06 1.60814e+06 2.33122e+06 3.41017e+06 5.04039e+06 7.46402e+06 1.10367e+07 1.61492e+07 2.33368e+07 3.36527e+07 4.85859e+07 
1.60237 0.363395 0.655521 1.18351 2.13903 3.86915 7.00701 12.7098 23.0919 42.0142 76.6224 140.14 256.832 472.199 871.825 1616.4 3007.3 5628.89 10614 20094.4 38333.7 73030.7 -3.0411e+06 186962 246356 328643 447680 618427 865476 1.23098e+06 1.77756e+06 2.59165e+06 3.81279e+06 5.66503e+06 8.42918e+06 1.25169e+07 1.83762e+07 2.66097e+07 3.84268e+07 5.55302e+07 
1.1365 0.257774 0.465062 0.839784 1.51807 2.74656 4.9753 9.02717 16.4067 29.8632 54.4877 99.7087 182.851 336.43 621.675 1153.74 2149.05 4027.87 7606.59 14427.6 27582.2 53281.1 103865 -3.77304e+06 269457 361010 494300 686727 967032 1.38478e+06 2.01402e+06 2.9577e+06 4.38273e+06 6.55513e+06 9.81262e+06 1.46496e+07 2.15979e+07 3.13558e+07 4.53609e+07 6.56247e+07 
0.818152 0.185593 0.33489 0.604837 1.09358 1.97905 3.58601 6.50856 11.8337 21.5492 39.3384 72.0284 132.183 243.405 450.197 836.406 1560 2928.21 5539.26 10528.2 20176 39080.9 76427.5 150473 -4.73928e+06 404285 556818 778675 1.10441e+06 1.59409e+06 2.33805e+06 3.463e+06 5.17555e+06 7.80235e+06 1.17639e+07 1.76751e+07 2.61889e+07 3.81383e+07 5.52882e+07 8.00908e+07 
0.593718 0.134701 0.243102 0.439148 0.794188 1.43763 2.60578 4.73114 8.60556 15.6786 28.6378 52.4692 96.364 177.607 328.836 611.663 1142.48 2148.04 4071.03 7755.46 14902.1 28953.2 56824.2 112360 225325 -6.03885e+06 635107 898263 1.28456e+06 1.87116e+06 2.77149e+06 4.14623e+06 6.2592e+06 9.52432e+06 1.44823e+07 2.19233e+07 3.2675e+07 4.77565e+07 6.94005e+07 1.00684e+08 
0.433709 0.098415 0.17765 0.320988 0.580647 1.0514 1.90642 3.46277 6.30147 11.4873 20.9958 38.496 70.7643 130.56 242.015 450.79 843.403 1588.77 3017.64 5764.16 11110.5 21664 42698.3 84862.7 171186 350333 -7.73463e+06 1.03119e+06 1.48997e+06 2.19583e+06 3.29405e+06 4.99308e+06 7.63882e+06 1.17699e+07 1.81013e+07 2.7679e+07 4.15794e+07 6.10666e+07 8.90303e+07 1.29406e+08 
0.311642 0.0707288 0.127701 0.230793 0.417607 0.756431 1.3721 2.49334 4.53963 8.28061 15.1454 27.7912 51.1357 94.4511 175.304 327.017 612.939 1157.03 2202.81 4220.03 8162.05 15977.5 31637.5 63238.4 128405 265772 553107 -1.00125e+07 1.70982e+06 2.55459e+06 3.89106e+06 5.99255e+06 9.31907e+06 1.45841e+07 2.27492e+07 3.5226e+07 5.34384e+07 7.89624e+07 1.15584e+08 1.68381e+08 
0.215825 0.0489918 0.088475 0.159942 0.289489 0.524551 0.951878 1.73053 3.15247 5.75407 10.5321 19.3422 35.6258 65.8816 122.444 228.772 429.622 812.784 1551.33 2981.28 5787.4 11377.1 22641.7 45538.4 93131.7 194357 408685 874361 -1.3114e+07 2.87238e+06 4.50162e+06 7.06454e+06 1.12035e+07 1.78688e+07 2.83598e+07 4.45952e+07 6.847e+07 1.01935e+08 1.49944e+08 2.1902e+08 
0.141124 0.0320412 0.0578776 0.104657 0.189485 0.343472 0.623552 1.13418 2.06729 3.77593 6.91675 12.7139 23.4427 43.4064 80.7887 151.199 284.527 539.557 1032.61 1991.12 3880.58 7663.54 15335 31052.6 64011.5 134815 286807 622074 1.3678e+06 -1.73832e+07 4.94152e+06 7.93699e+06 1.29008e+07 2.10846e+07 3.42236e+07 5.49066e+07 8.56337e+07 1.28749e+08 1.90603e+08 2.79341e+08 
0.0848485 0.0192682 0.0348135 0.0629691 0.114043 0.2068 0.375597 0.683518 1.24658 2.27848 4.17705 7.68491 14.1856 26.2999 49.0217 91.9042 173.31 329.452 632.263 1223.4 2394.14 4750.59 9560.59 19498.8 40534.7 86211.6 185758 409087 925499 2.13348e+06 -2.3183e+07 8.1621e+06 1.36911e+07 2.31235e+07 3.87069e+07 6.38586e+07 1.01812e+08 1.55238e+08 2.31915e+08 3.41439e+08 
0.0455509 0.0103462 0.0186979 0.0338292 0.0612869 0.111176 0.20201 0.367804 0.671173 1.22761 2.25232 4.14752 7.66433 14.2277 26.5585 49.8763 94.2525 179.602 345.634 671.106 1318.73 2629.19 5321.74 10932.4 22921.5 49240.4 107498 240533 554506 1.30828e+06 3.11614e+06 -3.14858e+07 1.32268e+07 2.32577e+07 4.04689e+07 6.92051e+07 1.13561e+08 1.76418e+08 2.66775e+08 3.95123e+08 
0.0214754 0.00487877 0.00881913 0.0159604 0.0289235 0.0524874 0.0954119 0.173802 0.317335 0.580819 1.06647 1.96557 3.63615 6.75846 12.634 23.7663 45.0044 85.9617 165.88 323.186 637.641 1277.3 2600.14 5380 11376.9 24686.8 54618.3 124226 292049 706219 1.73593e+06 4.39272e+06 -4.39916e+07 2.12153e+07 3.87772e+07 6.93564e+07 1.1806e+08 1.87889e+08 2.88629e+08 4.30807e+08 
0.00883257 0.00200694 0.00362865 0.00656855 0.0119069 0.0216148 0.039307 0.0716337 0.130859 0.239662 0.440369 0.812288 1.50416 2.79898 5.23919 9.87092 18.7271 35.8484 69.3495 135.539 268.412 540.004 1105.03 2301.63 4905.8 10744.8 24071.4 55607.9 133233 330144 838617 2.20933e+06 6.06828e+06 -6.19826e+07 3.16563e+07 6.04793e+07 1.09121e+08 1.80824e+08 2.85427e+08 4.31977e+08 
0.0031194 0.00070891 0.00128201 0.00232121 0.0042088 0.00764268 0.0139035 0.0253484 0.0463282 0.0848969 0.156098 0.288147 0.534065 0.994863 1.86447 3.51777 6.68555 12.8235 24.8643 48.7355 96.8413 195.602 402.183 842.767 1809.27 3996.38 9055.34 21217.4 51723.6 131078 343373 940338 2.71307e+06 7.74334e+06 -8.84692e+07 4.60195e+07 8.98615e+07 1.58107e+08 2.60429e+08 4.03612e+08 
0.000932672 0.00021199 0.000383436 0.000694397 0.00125937 0.00228751 0.00416277 0.00759225 0.013882 0.0254522 0.046826 0.0864961 0.160447 0.299169 0.561282 1.06035 2.01834 3.87831 7.53534 14.8077 29.5135 59.8223 123.526 260.238 562.259 1251.3 2863.98 6795.35 16822.7 43496.4 117171 332601 1.00368e+06 3.05983e+06 9.51844e+06 -1.27656e+08 6.46149e+07 1.24824e+08 2.19129e+08 3.53219e+08 
0.00023029 5.23494e-05 9.47004e-05 0.000171529 0.000311144 0.000565285 0.00102896 0.00187721 0.00343354 0.00629783 0.0115919 0.0214236 0.0397656 0.0742021 0.139332 0.263483 0.502144 0.966246 1.88039 3.70258 7.39729 15.0355 31.1501 65.9018 143.098 320.34 738.99 1770.69 4436.59 11652.4 32088 93746.6 293461 948291 3.19255e+06 1.10987e+07 -1.82016e+08 8.31915e+07 1.62441e+08 2.82093e+08 
4.57878e-05 1.04092e-05 1.8832e-05 3.41136e-05 6.18873e-05 0.000112452 0.000204724 0.000373563 0.000683415 0.00125385 0.00230853 0.00426793 0.00792515 0.0147952 0.0277963 0.0525969 0.100315 0.1932 0.376357 0.741994 1.48459 3.02269 6.27522 13.3104 28.991 65.1348 150.991 363.996 918.877 2437.24 6806.52 20260.7 64973.3 218613 781449 2.98282e+06 1.15735e+07 -2.48743e+08 9.78555e+07 1.99292e+08 
7.15283e-06 1.62619e-06 2.94224e-06 5.33017e-06 9.67056e-06 1.75737e-05 3.19974e-05 5.83938e-05 0.000106845 0.000196063 0.00036106 0.000667674 0.00124017 0.00231601 0.00435285 0.00824026 0.0157248 0.0303036 0.0590739 0.116567 0.233471 0.475921 0.989435 2.10242 4.58879 10.3349 24.0352 58.1751 147.58 393.957 1110.25 3345.2 10897.8 37677.1 140542 571729 2.46743e+06 1.06844e+07 -3.29063e+08 1.19786e+08 
8.47644e-07 1.92719e-07 3.487e-07 6.3174e-07 1.14624e-06 2.08314e-06 3.79322e-06 6.92314e-06 1.26689e-05 2.32509e-05 4.28241e-05 7.92043e-05 0.000147148 0.000274865 0.00051674 0.000978537 0.00186804 0.00360151 0.00702424 0.0138689 0.027797 0.056708 0.118005 0.251028 0.548614 1.23744 2.88325 6.9944 17.791 47.651 134.903 408.91 1342.45 4706.1 17976.1 76059.5 353639 1.79586e+06 9.88611e+06 -4.18246e+08 
dt_FE: 1.14586e-09
dt_EA: 1.14586e-09
dt_PE: 1.14586e-09
tolC: 1e-06
dt_grow: 1.03
dt_max: 0.1
steps: 0
