t: 1.6321e-08
dt: 2.19925e-10
N: 0.0102438 0.0118207 0.0136326 0.0157141 0.0181031 0.0208369 0.0239624 0.027532 0.0315972 0.0362051 0.0414257 0.0473248 0.0539285 0.0613056 0.0695177 0.0785755 0.0884219 0.0991048 0.110593 0.122514 0.134794 0.147232 0.159256 0.169956 0.17908 0.185992 0.188162 0.185434 0.177201 0.161759 0.14559 0.308262 0.213887 0.0347826 0.0141303 0.00477839 0.00130076 0.000281334 4.7545e-05 6.06846e-06 
eC: 1 1.15749 1.33977 1.55077 1.795 2.07768 2.40489 2.78363 3.22201 3.72944 4.31677 4.99661 5.78351 6.69433 7.7486 8.9689 10.3814 12.0163 13.9087 16.0991 18.6345 21.5692 24.9661 28.8979 33.4489 38.7167 44.814 51.8717 60.0407 69.4963 80.4411 93.1095 107.773 124.746 144.391 167.131 193.452 223.918 259.182 300 
dV: 1.08333 0.211322 0.327712 0.508206 0.788112 1.22218 1.89532 2.93921 4.55805 7.06849 10.9616 16.999 26.3615 40.8807 63.3966 98.3136 152.462 236.434 366.655 568.597 881.764 1367.42 2120.55 3288.49 5099.69 7908.45 12264.2 19019 29494.1 45738.6 70930.1 109996 170579 264529 410225 636165 986546 1.52991e+06 2.37254e+06 3.67926e+06 
kVec: 855850 993768 1.1466e+06 1.32313e+06 1.52687e+06 1.76135e+06 2.03112e+06 2.34131e+06 2.69751e+06 3.10486e+06 3.57125e+06 4.10473e+06 4.7105e+06 5.39863e+06 6.17936e+06 7.06171e+06 8.04738e+06 9.15258e+06 1.03896e+07 1.17394e+07 1.32194e+07 1.48377e+07 1.65871e+07 1.84133e+07 2.03612e+07 2.24705e+07 2.45645e+07 2.6807e+07 2.93618e+07 3.24424e+07 3.62551e+07 4.18158e+07 5.11626e+07 6.62571e+07 9.05785e+07 1.28233e+08 1.81593e+08 2.47794e+08 3.2787e+08 4.16991e+08 
cMat: 
-185471 950.297 1116.65 1300.71 1516.29 1770.12 2069.17 2421.78 2839.2 3336.9 3929.6 4637.35 5493.71 6530.18 7787.61 9328.44 11243.9 13619.6 16583.3 20384.8 25249.9 31509.2 39719.3 50710 65371.2 85116.1 112719 151002 204497 280807 391042 549870 780597 1.12242e+06 1.62059e+06 2.34265e+06 3.36753e+06 4.81282e+06 6.88596e+06 9.88739e+06 
4825.47 -219437 1284.96 1496.76 1744.85 2036.97 2381.12 2786.92 3267.33 3840.13 4522.32 5336.93 6322.64 7515.72 8963.24 10737.1 12942.4 15677.8 19090.5 23468.4 29071.8 36281.8 45740.3 58404 75299.8 98057.8 129879 174022 235716 323739 450920 634195 900483 1.29504e+06 1.87013e+06 2.70379e+06 3.88713e+06 5.55583e+06 7.94945e+06 1.14149e+07 
3616.31 819.513 -252671 1720.43 2005.62 2341.41 2737.04 3203.55 3755.83 4414.37 5198.68 6135.29 7268.68 8640.6 10305.2 12345.2 14881.6 18028 21953.9 26990.8 33438.4 41735.9 52622.9 67201.9 86656.7 112867 149524 200387 271490 372962 519606 730977 1.03815e+06 1.49335e+06 2.15694e+06 3.11902e+06 4.48473e+06 6.41056e+06 9.17303e+06 1.31725e+07 
2681.92 607.77 1095.36 -291490 2303.11 2688.75 3143.1 3678.89 4313.21 5069.59 5970.47 7046.33 8348.32 9924.42 11836.9 14180.8 17095.5 20711.5 25223.8 31013.9 38426.9 47968.2 60489.4 77260.6 99645.6 129811 172009 230578 312475 429382 598376 842020 1.19618e+06 1.7211e+06 2.48647e+06 3.59627e+06 5.1718e+06 7.39342e+06 1.05802e+07 1.51941e+07 
1986.57 450.195 811.376 1463.42 -336750 3056.86 3605.59 4220.29 4948.07 5815.94 6849.65 8084.2 9578.35 11387.2 13582.2 16272.8 19618.9 23770.5 28951.9 35601.7 44116.8 55078.5 69467 88743.8 114479 149168 197711 265104 359369 493973 688604 969289 1.37739e+06 1.9824e+06 2.86471e+06 4.14431e+06 5.96102e+06 8.52264e+06 1.21972e+07 1.75173e+07 
1470.22 333.184 600.496 1083.08 1937.91 -389361 4129.1 4833.16 5666.77 6660.9 7845.07 9259.4 10971.3 13043.9 15559.3 18642.8 22478.2 27237.6 33178.3 40804.3 50571.3 63147.4 79659.1 101787 131338 171182 226958 304422 412813 567646 791604 1.11469e+06 1.5846e+06 2.28139e+06 3.29782e+06 4.77222e+06 6.86569e+06 9.81745e+06 1.40517e+07 2.01821e+07 
1086.63 246.256 443.832 800.53 1445.24 2610.73 -450482 5525.8 6479.07 7615.98 8970.32 10588 12546.2 14917.3 17795.3 21323.8 25713.2 31161.1 37962.4 46695.1 57882.2 72290.6 91213.4 116581 150470 196180 260196 349139 473645 651576 909049 1.28063e+06 1.82127e+06 2.62316e+06 3.79324e+06 5.49093e+06 7.90171e+06 1.13007e+07 1.61766e+07 2.32361e+07 
801.673 181.68 327.451 590.625 1066.31 1926.25 3483.15 -521445 7318.17 8693.49 10239.9 12087.2 14323.6 17031.8 20319.4 24350.6 29366.5 35593 43367.8 53353.2 66148.5 82632.9 104289 133333 172147 224523 297909 399918 542785 747055 1.04278e+06 1.46974e+06 2.09124e+06 3.01335e+06 4.35927e+06 6.31264e+06 9.08683e+06 1.2998e+07 1.86087e+07 2.67322e+07 
590.341 133.789 241.138 434.95 785.272 1418.61 2565.27 4596.7 -603979 9902.35 11664.4 13769.5 16318.4 19405.4 23153.3 27749.8 33470.3 40572.8 49443.6 60840.1 75448.2 94274 119016 152213 196598 256518 340522 457355 621074 855292 1.19455e+06 1.68463e+06 2.39834e+06 3.45764e+06 5.00441e+06 7.24998e+06 1.04396e+07 1.49362e+07 2.13869e+07 3.07266e+07 
434.041 98.368 177.3 319.811 577.411 1043.14 1886.37 3416.01 6194.69 -699568 13247.1 15638.9 18535.4 22044.1 26304.6 31530.9 38036.7 46116.5 56210.6 69183.5 85818.3 107265 135464 173320 223960 292365 388331 521887 709167 977277 1.36587e+06 1.92758e+06 2.74608e+06 3.96147e+06 5.73694e+06 8.31554e+06 1.19789e+07 1.71429e+07 2.45511e+07 3.52773e+07 
318.26 72.1297 130.011 234.517 423.428 764.981 1383.42 2505.34 4543.5 8248.32 -810680 17715.6 20998.8 24976.6 29807.8 35735.5 43116.5 52285.9 63744.8 78477.9 97377.9 121755 153826 196904 254567 332510 441939 594347 808227 1.11466e+06 1.55913e+06 2.20205e+06 3.13954e+06 4.53231e+06 6.56797e+06 9.52573e+06 1.37286e+07 1.96526e+07 2.81513e+07 4.04567e+07 
232.597 52.7163 95.0213 171.407 309.492 559.162 1011.26 1831.46 3321.59 6030.49 10971.3 -940004 23544.7 28219.9 33683.2 40388.4 48740.2 59119 72093.8 88784 110205 137847 174235 223147 288663 377286 501819 675412 919233 1.26888e+06 1.77645e+06 2.51123e+06 3.58351e+06 5.17742e+06 7.50844e+06 1.0897e+07 1.57132e+07 2.2501e+07 3.22393e+07 4.63395e+07 
169.597 38.4389 69.2884 124.993 225.695 407.785 737.53 1335.8 2422.83 4399.14 8004.13 14491.5 -1.09002e+06 31735.6 37886.2 45437.3 54846.5 66543.9 81173.2 100003 124183 155406 196536 251868 326048 426480 567759 764898 1.04209e+06 1.44002e+06 2.01827e+06 2.85621e+06 4.08019e+06 5.90085e+06 8.56541e+06 1.24412e+07 1.79513e+07 2.57164e+07 3.6857e+07 5.29879e+07 
123.199 27.9237 50.3359 90.8071 163.975 296.285 535.904 970.69 1760.75 3197.32 5818.12 10614.6 19394.4 -1.26471e+06 42428.4 50896.7 61453.7 74583.8 91013.1 112173 139364 174501 220824 283205 366914 480368 640162 863407 1.17769e+06 1.62946e+06 2.28673e+06 3.24026e+06 4.63463e+06 6.71043e+06 9.75094e+06 1.41767e+07 2.04708e+07 2.93395e+07 4.20638e+07 6.04881e+07 
89.0556 20.1856 36.3886 65.6488 118.551 214.223 387.503 701.947 1273.39 2312.6 4208.75 7679.55 14034.1 25717.7 -1.46835e+06 56130.2 68558.4 83236.3 101613 125298 155757 195148 247130 317208 411351 539097 719277 971348 1.32672e+06 1.83829e+06 2.58359e+06 3.66626e+06 5.25148e+06 7.6136e+06 1.10768e+07 1.61219e+07 2.32994e+07 3.34114e+07 4.79201e+07 6.89283e+07 
64.0585 14.5203 26.1769 47.2284 85.2921 154.135 278.834 505.145 916.478 1664.63 3029.94 5529.55 10107.1 18525.7 33706.1 -1.70727e+06 76051.1 92371.5 112817 139193 173142 217086 275142 353507 458921 602160 804525 1.08809e+06 1.48853e+06 2.06597e+06 2.90859e+06 4.13452e+06 5.93219e+06 8.61379e+06 1.25498e+07 1.82892e+07 2.6458e+07 3.79646e+07 5.44748e+07 7.83815e+07 
45.8748 10.399 18.7482 33.8277 61.0956 110.418 199.769 361.949 656.766 1193.09 2172.04 3964.71 7248.6 13290 24460.3 45185.1 -1.98538e+06 101711 124294 153456 191031 239725 304140 391226 508551 668246 894313 1.21172e+06 1.66085e+06 2.30987e+06 3.25882e+06 4.64209e+06 6.67417e+06 9.70953e+06 1.41708e+07 2.06837e+07 2.99587e+07 4.30204e+07 6.17629e+07 8.8902e+07 
32.6131 7.39321 13.3299 24.0532 43.4455 78.5266 142.087 257.472 467.258 848.978 1545.89 2822.41 5161.58 9466.52 17429.4 32210.5 59695.1 -2.31259e+06 136026 168071 209409 263047 334111 430354 560251 737397 988748 1.34245e+06 1.84412e+06 2.57082e+06 3.63579e+06 5.1916e+06 7.48201e+06 1.09085e+07 1.59527e+07 2.33264e+07 3.38339e+07 4.86278e+07 6.98568e+07 1.00596e+08 
22.9817 5.21013 9.39453 16.9533 30.6243 55.3587 100.18 181.559 329.546 598.884 1090.74 1991.94 3643.95 6685.5 12314.1 22767.7 42218.5 78724.1 -2.70031e+06 181731 227976 286691 364612 470355 613361 808813 1.08687e+06 1.47916e+06 2.03705e+06 2.84745e+06 4.03821e+06 5.78218e+06 8.35586e+06 1.22131e+07 1.79015e+07 2.62297e+07 3.81062e+07 5.4823e+07 7.88123e+07 1.13548e+08 
16.0952 3.64917 6.58048 11.8762 21.4555 38.7896 70.2061 127.259 231.033 419.957 765.075 1397.62 2557.69 4694.58 8651.2 16004.4 29697.2 55418.5 103540 -3.15523e+06 245183 308749 393283 508284 664199 877867 1.18283e+06 1.61448e+06 2.23038e+06 3.1282e+06 4.4518e+06 6.39653e+06 9.27531e+06 1.35995e+07 1.99911e+07 2.93666e+07 4.27495e+07 6.15801e+07 8.86041e+07 1.27732e+08 
11.1563 2.52961 4.56205 8.23437 14.878 26.9021 48.6992 88.2917 160.326 291.511 531.238 970.795 1777.34 3263.87 6018.02 11140.3 20687.6 38639.3 72684.2 137203 -3.69728e+06 329000 419839 543770 712279 943931 1.27583e+06 1.74738e+06 2.42288e+06 3.41166e+06 4.87517e+06 7.03364e+06 1.02406e+07 1.50707e+07 2.22292e+07 3.27537e+07 4.77938e+07 6.89478e+07 9.93073e+07 1.43261e+08 
7.63254 1.73077 3.12172 5.63531 10.1834 18.4165 33.3448 60.4675 109.829 199.757 364.155 665.727 1219.4 2240.51 4133.7 7657.66 14232.7 26609.6 50111 94721.1 180370 -4.34736e+06 438508 575875 756396 1.00545e+06 1.36386e+06 1.87529e+06 2.61125e+06 3.69375e+06 5.30345e+06 7.68808e+06 1.12463e+07 1.66225e+07 2.46154e+07 3.63976e+07 5.3258e+07 7.6962e+07 1.10982e+08 1.6023e+08 
5.15485 1.16905 2.10882 3.80738 6.8813 12.4471 22.5417 40.8875 74.2871 135.161 246.496 450.832 826.233 1519.07 2804.68 5199.99 9674.54 18108.3 34145.4 64644.2 123320 234941 -5.13946e+06 601461 792531 1.05725e+06 1.4402e+06 1.98949e+06 2.78425e+06 3.96007e+06 5.71844e+06 8.33741e+06 1.22658e+07 1.82245e+07 2.71168e+07 4.02671e+07 5.91167e+07 8.56039e+07 1.2362e+08 1.78642e+08 
3.4371 0.779582 1.40648 2.53975 4.59108 8.30638 15.0467 27.3007 49.6186 90.3148 164.786 301.547 552.994 1017.46 1880.12 3489.23 6499.33 12181.4 23004.5 43633 83416.5 161137 314118 -6.09418e+06 814914 1.0918e+06 1.4949e+06 2.07686e+06 2.92458e+06 4.18798e+06 6.09097e+06 8.94492e+06 1.32546e+07 1.98246e+07 2.96762e+07 4.43045e+07 6.5318e+07 9.48289e+07 1.37184e+08 1.98468e+08 
2.24692 0.509701 0.919721 1.66109 3.00336 5.43515 9.84841 17.8747 32.4993 59.1813 108.037 197.814 363.02 668.473 1236.39 2297.05 4284.29 8041.86 15212.7 28914.1 55410.2 107329 209896 413251 -7.27558e+06 1.11031e+06 1.52921e+06 2.13851e+06 3.03309e+06 4.37791e+06 6.42107e+06 9.51059e+06 1.42138e+07 2.14279e+07 3.23076e+07 4.85417e+07 7.19237e+07 1.04741e+08 1.5184e+08 2.19957e+08 
1.43472 0.325504 0.587454 1.0612 1.91915 3.47402 6.29685 11.4328 20.7953 37.8872 69.203 126.792 232.863 429.187 794.629 1478.08 2760.79 5190.72 9837.63 18741 36010.8 69965.4 137315 271517 544497 -8.77357e+06 1.53473e+06 2.17065e+06 3.10414e+06 4.52166e+06 6.69729e+06 1.00193e+07 1.51253e+07 2.30155e+07 3.49963e+07 5.29776e+07 7.89591e+07 1.15403e+08 1.67706e+08 2.43302e+08 
0.898812 0.203954 0.368159 0.665209 1.20332 2.17891 3.95083 7.17619 13.0591 23.8061 43.5113 79.7786 146.651 270.571 501.548 934.21 1747.85 3292.54 6253.71 11945.6 23025.3 44896.2 88487.2 175868 354764 726025 -1.06272e+07 2.13702e+06 3.08779e+06 4.55061e+06 6.82653e+06 1.03476e+07 1.58306e+07 2.43918e+07 3.75128e+07 5.73615e+07 8.61685e+07 1.26553e+08 1.84505e+08 2.68179e+08 
0.545993 0.123916 0.223731 0.404347 0.731641 1.32526 2.4039 4.3683 7.95338 14.5075 26.5345 48.6899 89.5891 165.477 307.13 572.93 1073.86 2027.1 3859.29 7393.44 14299.8 27992.4 55428.5 110793 224964 465628 969035 -1.3009e+07 2.99558e+06 4.47562e+06 6.81709e+06 1.04989e+07 1.63269e+07 2.55511e+07 3.98563e+07 6.17154e+07 9.36233e+07 1.38341e+08 2.02501e+08 2.95001e+08 
0.319169 0.0724506 0.13084 0.236527 0.428106 0.775722 1.40767 2.55916 4.66197 8.50929 15.5752 28.6038 52.6846 97.4277 181.073 338.316 635.339 1201.97 2294.15 4408.82 8558.58 16824.8 33483.2 67343.7 137726 287422 604376 1.29303e+06 -1.613e+07 4.24776e+06 6.65714e+06 1.04473e+07 1.65681e+07 2.6425e+07 4.19394e+07 6.59488e+07 1.01256e+08 1.50744e+08 2.21742e+08 3.23893e+08 
0.178828 0.0406016 0.0733407 0.132619 0.240109 0.435237 0.790146 1.4372 2.61961 4.78474 8.7647 16.1107 29.7059 55.0033 102.373 191.595 360.544 683.71 1308.49 2523.09 4917.35 9711 19432 39348.9 81113.4 170833 363433 788273 1.73323e+06 -2.03167e+07 6.26174e+06 1.00575e+07 1.63475e+07 2.67178e+07 4.33671e+07 6.95759e+07 1.08512e+08 1.63146e+08 2.41526e+08 3.53972e+08 
0.094318 0.0214186 0.0386989 0.0699968 0.126771 0.229879 0.417516 0.759801 1.3857 2.53276 4.64323 8.54259 15.7688 29.2351 54.4927 102.161 192.653 366.221 702.827 1359.93 2661.33 5280.78 10627.6 21675 45058.6 95833.2 206490 454743 1.02879e+06 2.37158e+06 -2.59259e+07 9.07304e+06 1.52191e+07 2.57042e+07 4.30267e+07 7.09855e+07 1.13175e+08 1.72563e+08 2.57798e+08 3.79545e+08 
0.0365806 0.00830871 0.0150157 0.0271673 0.0492178 0.0892824 0.162229 0.295372 0.538999 0.985859 1.80877 3.33076 6.155 11.4259 21.3284 40.0542 75.6914 144.233 277.569 538.946 1059.03 2111.43 4273.74 8779.46 18407.6 39543.5 86328.9 193165 445308 1.05064e+06 2.50249e+06 -3.53168e+07 1.06221e+07 1.86776e+07 3.24994e+07 5.55766e+07 9.11975e+07 1.41676e+08 2.1424e+08 3.17312e+08 
0.0181829 0.00413078 0.00746702 0.0135134 0.0244891 0.0444403 0.0807838 0.147156 0.268683 0.491771 0.902962 1.66422 3.07867 5.72228 10.697 20.1226 38.1045 72.7825 140.448 273.637 539.881 1081.47 2201.5 4555.16 9632.65 20902 46244.5 105181 247274 597945 1.46979e+06 3.71925e+06 -4.72266e+07 1.79627e+07 3.28321e+07 5.8723e+07 9.99594e+07 1.59082e+08 2.44378e+08 3.64758e+08 
0.00880484 0.00200064 0.00361725 0.00654793 0.0118696 0.0215469 0.0391836 0.0714088 0.130449 0.23891 0.438987 0.809738 1.49943 2.79019 5.22274 9.83993 18.6684 35.7358 69.1318 135.113 267.569 538.308 1101.56 2294.41 4890.39 10711 23995.8 55433.3 132815 329107 835985 2.20239e+06 6.04923e+06 -6.30123e+07 3.15569e+07 6.02894e+07 1.08779e+08 1.80257e+08 2.84531e+08 4.30621e+08 
0.00311281 0.000707411 0.00127929 0.00231631 0.0041999 0.00762652 0.0138741 0.0252948 0.0462303 0.0847174 0.155768 0.287538 0.532936 0.99276 1.86053 3.51033 6.67141 12.7964 24.8117 48.6324 96.6366 195.189 401.333 840.985 1805.44 3987.93 9036.19 21172.5 51614.2 130801 342647 938350 2.70733e+06 7.72697e+06 -8.89358e+07 4.59222e+07 8.96715e+07 1.57772e+08 2.59879e+08 4.02758e+08 
0.000931815 0.000211795 0.000383083 0.000693758 0.00125821 0.0022854 0.00415894 0.00758527 0.0138693 0.0254288 0.0467829 0.0864166 0.1603 0.298894 0.560766 1.05937 2.01648 3.87474 7.52841 14.794 29.4863 59.7673 123.413 259.999 561.742 1250.15 2861.34 6789.1 16807.3 43456.4 117063 332295 1.00275e+06 3.05702e+06 9.50969e+06 -1.27511e+08 6.45555e+07 1.2471e+08 2.18927e+08 3.52894e+08 
0.000230228 5.23352e-05 9.46747e-05 0.000171482 0.000311059 0.000565131 0.00102868 0.0018767 0.0034326 0.00629612 0.0115888 0.0214178 0.0397548 0.0741819 0.139294 0.263411 0.502008 0.965983 1.87988 3.70158 7.39527 15.0314 31.1416 65.8839 143.059 320.253 738.789 1770.21 4435.39 11649.2 32079.3 93721.1 293381 948033 3.19168e+06 1.10957e+07 -1.81329e+08 8.31688e+07 1.62397e+08 2.82016e+08 
4.5785e-05 1.04086e-05 1.88309e-05 3.41116e-05 6.18837e-05 0.000112446 0.000204712 0.000373541 0.000683375 0.00125377 0.0023084 0.00426768 0.00792468 0.0147943 0.0277947 0.0525938 0.100309 0.193188 0.376335 0.74195 1.48451 3.02251 6.27485 13.3096 28.9893 65.131 150.982 363.974 918.822 2437.1 6806.12 20259.5 64969.5 218600 781403 2.98264e+06 1.15728e+07 -2.47719e+08 9.78497e+07 1.99281e+08 
7.15276e-06 1.62617e-06 2.94221e-06 5.33011e-06 9.67047e-06 1.75735e-05 3.19971e-05 5.83933e-05 0.000106844 0.000196061 0.000361056 0.000667667 0.00124016 0.00231598 0.00435281 0.00824018 0.0157246 0.0303033 0.0590733 0.116566 0.233468 0.475916 0.989425 2.1024 4.58875 10.3348 24.035 58.1745 147.579 393.953 1110.24 3345.17 10897.7 37676.7 140540 571723 2.46741e+06 1.06843e+07 -3.27854e+08 1.19785e+08 
8.47643e-07 1.92718e-07 3.487e-07 6.31739e-07 1.14624e-06 2.08314e-06 3.79322e-06 6.92313e-06 1.26689e-05 2.32508e-05 4.28241e-05 7.92042e-05 0.000147148 0.000274865 0.00051674 0.000978536 0.00186804 0.0036015 0.00702423 0.0138689 0.027797 0.0567079 0.118005 0.251028 0.548613 1.23743 2.88325 6.99439 17.791 47.651 134.903 408.909 1342.45 4706.1 17976.1 76059.4 353639 1.79586e+06 9.88609e+06 -4.16988e+08 
dt_FE: 2.19925e-10
dt_EA: 2.19925e-10
dt_PE: 2.19925e-10
tolC: 1e-06
dt_grow: 1.03
dt_max: 0.1
steps: 0
