t
0.0001134549294070857179337
dt
0.0000044753185288714169435
DN
-0.0000000013133757795619711
TC
290.0000
N
9.92469358e-01
9.99846013e-01
9.99798727e-01
9.99728726e-01
9.99627342e-01
9.99478227e-01
9.99254799e-01
9.98913242e-01
9.98379888e-01
9.97528200e-01
9.96136000e-01
9.93804477e-01
9.89802558e-01
9.82765735e-01
9.70119521e-01
9.47030397e-01
9.04781929e-01
8.29529081e-01
7.06077227e-01
5.33909708e-01
3.44965577e-01
1.88047504e-01
8.80960928e-02
3.66515434e-02
1.39258483e-02
4.91513488e-03
1.62166403e-03
5.00188848e-04
1.43889287e-04
3.84704330e-05
9.52047097e-06
2.17114517e-06
4.54100500e-07
8.66670882e-08
1.50131412e-08
2.34716373e-09
3.29203659e-10
4.11602270e-11
4.55683829e-12
4.43539423e-13
eC
1.00638940e+00
3.07804198e+00
5.27088624e+00
7.59201189e+00
1.00489234e+01
1.26495642e+01
1.54023425e+01
1.83161584e+01
2.14004324e+01
2.46651365e+01
2.81208258e+01
3.17786729e+01
3.56505041e+01
3.97488374e+01
4.40869232e+01
4.86787870e+01
5.35392748e+01
5.86841012e+01
6.41298999e+01
6.98942779e+01
7.59958720e+01
8.24544093e+01
8.92907710e+01
9.65270599e+01
1.04186672e+02
1.12294371e+02
1.20876370e+02
1.29960417e+02
1.39575880e+02
1.49753848e+02
1.60527227e+02
1.71930848e+02
1.84001582e+02
1.96778453e+02
2.10302771e+02
2.24618262e+02
2.39771209e+02
2.55810604e+02
2.72788303e+02
2.90759198e+02
