t
0.0000000000746676215555978
dt
0.0000000000007402734807485
DN
0.0000000000000008711923178
TC
664.0000
N
3.91818970e-05
1.16782736e-04
1.94513241e-04
2.71949304e-04
3.48608703e-04
4.23947434e-04
4.97356543e-04
5.68159810e-04
6.35612680e-04
6.98902993e-04
7.57154217e-04
8.09432057e-04
8.54755574e-04
8.92114198e-04
9.20492255e-04
9.38902870e-04
9.46433454e-04
9.42331208e-04
9.27866252e-04
9.83669640e-04
3.20764044e-03
3.52180272e-02
2.38162559e-01
6.63018830e-01
6.27433262e-01
1.65093314e-01
9.83761111e-03
2.91371040e-04
1.32080299e-04
8.53110390e-05
5.30551897e-05
3.16311196e-05
1.80308993e-05
9.81121895e-06
5.09244504e-06
2.52123552e-06
1.19092434e-06
5.36730265e-07
2.30674284e-07
9.44178848e-08
eC
1.00638940e+00
3.07804198e+00
5.27088624e+00
7.59201189e+00
1.00489234e+01
1.26495642e+01
1.54023425e+01
1.83161584e+01
2.14004324e+01
2.46651365e+01
2.81208258e+01
3.17786729e+01
3.56505041e+01
3.97488374e+01
4.40869232e+01
4.86787870e+01
5.35392748e+01
5.86841012e+01
6.41298999e+01
6.98942779e+01
7.59958720e+01
8.24544093e+01
8.92907710e+01
9.65270599e+01
1.04186672e+02
1.12294371e+02
1.20876370e+02
1.29960417e+02
1.39575880e+02
1.49753848e+02
1.60527227e+02
1.71930848e+02
1.84001582e+02
1.96778453e+02
2.10302771e+02
2.24618262e+02
2.39771209e+02
2.55810604e+02
2.72788303e+02
2.90759198e+02
