t: 4.80532e-08
dt: 2.39416e-09
N: 0.032687 0.0376333 0.043288 0.0497474 0.0571128 0.0654763 0.0749542 0.0856697 0.0977312 0.111217 0.126261 0.14296 0.161266 0.181234 0.202865 0.22598 0.250187 0.275362 0.301129 0.326274 0.350353 0.372614 0.391546 0.405092 0.412611 0.412606 0.400758 0.376811 0.33983 0.288487 0.226183 0.195031 0.107417 0.0415653 0.0161255 0.00521919 0.00139461 0.000301295 5.1055e-05 6.53773e-06 
eC: 1 1.15749 1.33977 1.55077 1.795 2.07768 2.40489 2.78363 3.22201 3.72944 4.31677 4.99661 5.78351 6.69433 7.7486 8.9689 10.3814 12.0163 13.9087 16.0991 18.6345 21.5692 24.9661 28.8979 33.4489 38.7167 44.814 51.8717 60.0407 69.4963 80.4411 93.1095 107.773 124.746 144.391 167.131 193.452 223.918 259.182 300 
dV: 1.08333 0.211322 0.327712 0.508206 0.788112 1.22218 1.89532 2.93921 4.55805 7.06849 10.9616 16.999 26.3615 40.8807 63.3966 98.3136 152.462 236.434 366.655 568.597 881.764 1367.42 2120.55 3288.49 5099.69 7908.45 12264.2 19019 29494.1 45738.6 70930.1 109996 170579 264529 410225 636165 986546 1.52991e+06 2.37254e+06 3.67926e+06 
kVec: 928112 1.07673e+06 1.24169e+06 1.43196e+06 1.6512e+06 1.90304e+06 2.19214e+06 2.52376e+06 2.90348e+06 3.33614e+06 3.82958e+06 4.39144e+06 5.02565e+06 5.7413e+06 6.54707e+06 7.44921e+06 8.44501e+06 9.547e+06 1.07616e+07 1.20592e+07 1.34489e+07 1.49281e+07 1.64758e+07 1.80221e+07 1.96059e+07 2.12611e+07 2.28243e+07 2.44943e+07 2.64961e+07 2.91784e+07 3.29304e+07 3.89723e+07 4.92691e+07 6.5281e+07 9.02392e+07 1.28354e+08 1.8203e+08 2.48398e+08 3.28552e+08 4.17684e+08 
cMat: 
-151204 928.749 1091.33 1271.21 1481.91 1729.98 2022.25 2366.86 2774.82 3261.23 3840.5 4532.19 5369.14 6382.1 7611.03 9116.91 10988.9 13310.8 16207.3 19922.6 24677.3 30794.7 38818.7 49560.1 63888.9 83186.1 110163 147578 199860 274439 382175 537402 762897 1.09697e+06 1.58384e+06 2.28953e+06 3.29117e+06 4.70369e+06 6.72981e+06 9.66319e+06 
4699.42 -179514 1251.39 1457.66 1699.28 1983.76 2318.92 2714.12 3181.98 3739.83 4404.19 5197.52 6157.48 7319.4 8729.11 10456.6 12604.3 15268.3 18591.8 22855.4 28312.4 35334 44545.5 56878.4 73332.8 95496.4 126486 169476 229559 315283 439141 617629 876961 1.26121e+06 1.82128e+06 2.63316e+06 3.78559e+06 5.4107e+06 7.7418e+06 1.11167e+07 
3507.59 794.874 -206295 1668.7 1945.32 2271.02 2654.75 3107.23 3642.91 4281.65 5042.38 5950.83 7050.15 8380.82 9995.35 11974 14434.2 17486 21293.8 26179.3 32433.1 40481.1 51040.7 65181.5 84051.4 109474 145028 194362 263328 361749 503984 709000 1.00693e+06 1.44845e+06 2.09209e+06 3.02525e+06 4.3499e+06 6.21782e+06 8.89724e+06 1.27765e+07 
2589.19 586.755 1057.48 -237572 2223.48 2595.78 3034.43 3551.68 4164.07 4894.3 5764.03 6802.69 8059.67 9581.27 11427.6 13690.5 16504.4 19995.4 24351.6 29941.5 37098.2 46309.6 58397.9 74589.2 96200.2 125322 166062 222605 301670 414535 577686 812906 1.15482e+06 1.66159e+06 2.4005e+06 3.47193e+06 4.99297e+06 7.13778e+06 1.02144e+07 1.46687e+07 
1907.65 432.309 779.141 1405.28 -274006 2935.41 3462.35 4052.63 4751.49 5584.88 6577.52 7763.02 9197.82 10934.8 13042.6 15626.3 18839.4 22826.2 27801.6 34187.3 42364.1 52890.3 66707.1 85218.1 109931 143242 189856 254571 345091 474348 661246 930780 1.32267e+06 1.90364e+06 2.7509e+06 3.97966e+06 5.72419e+06 8.18405e+06 1.17126e+07 1.68213e+07 
1403.2 317.994 573.12 1033.71 1849.56 -316304 3940.85 4612.82 5408.42 6357.23 7487.42 8837.27 10471.1 12449.2 14849.9 17792.9 21453.4 25995.8 31665.7 38944 48265.8 60268.6 76027.5 97146.7 125350 163378 216612 290543 393993 541767 755516 1.06387e+06 1.51236e+06 2.17739e+06 3.14747e+06 4.55465e+06 6.55269e+06 9.36988e+06 1.34111e+07 1.9262e+07 
1029.86 233.391 420.645 758.707 1369.74 2474.33 -365353 5237.11 6140.58 7218.1 8501.68 10034.8 11890.8 14138 16865.6 20209.7 24369.9 29533.1 35979.1 44255.6 54858.3 68513.9 86448.1 110491 142609 185931 246603 330899 448901 617536 861557 1.21372e+06 1.72612e+06 2.48612e+06 3.59507e+06 5.20406e+06 7.4889e+06 1.07103e+07 1.53315e+07 2.20221e+07 
753.746 170.819 307.874 555.315 1002.56 1811.1 3274.91 -422158 6880.66 8173.76 9627.73 11364.6 13467.3 16013.6 19104.6 22894.9 27610.9 33465.1 40775.1 50163.5 62193.9 77692.8 98054.5 125362 161856 211100 280099 376010 510335 702393 980435 1.38188e+06 1.96622e+06 2.8332e+06 4.09866e+06 5.93524e+06 8.54359e+06 1.22209e+07 1.74962e+07 2.5134e+07 
550.025 124.652 224.67 405.246 731.644 1321.73 2390.08 4282.78 -488076 9226.1 10867.8 12829.2 15203.9 18080.2 21572.1 25854.7 31184.5 37802 46067 56685.2 70295.7 87835.9 110888 141818 183172 238999 317267 426122 578660 796883 1.11297e+06 1.56958e+06 2.23455e+06 3.22151e+06 4.66265e+06 6.75487e+06 9.72668e+06 1.39162e+07 1.99263e+07 2.86282e+07 
400.259 90.7121 163.501 294.92 532.472 961.949 1739.56 3150.14 5712.56 -564222 12216.1 14421.7 17092.8 20328.4 24257.3 29076.9 35076.4 42527.3 51835.8 63799 79139.2 98916.3 124921 159830 206529 269611 358107 481269 653973 901216 1.25957e+06 1.77756e+06 2.53236e+06 3.65315e+06 5.29044e+06 7.66834e+06 1.10465e+07 1.58086e+07 2.26403e+07 3.25317e+07 
290.094 65.7462 118.505 213.762 385.954 697.279 1260.99 2283.62 4141.4 7518.34 -652484 16147.8 19140.4 22766.2 27169.8 32572.8 39300.7 47658.6 58103.3 71532.6 88759.8 110980 140212 179478 232038 303082 402827 541747 736698 1.01601e+06 1.42115e+06 2.00717e+06 2.86169e+06 4.1312e+06 5.9867e+06 8.6827e+06 1.25136e+07 1.79133e+07 2.56599e+07 3.68762e+07 
209.247 47.4244 85.4826 154.201 278.423 503.03 909.743 1647.6 2988.15 5425.12 9869.91 -754924 21181.2 25387 30301.9 36333.9 43847.4 53184.3 64856.6 79871.3 99141.6 124009 156744 200746 259685 339412 451444 607610 826955 1.1415e+06 1.59812e+06 2.25914e+06 3.22377e+06 4.65768e+06 6.7547e+06 9.80313e+06 1.41358e+07 2.02422e+07 2.90029e+07 4.16877e+07 
150.355 34.0778 61.4273 110.812 200.089 361.519 653.853 1184.25 2147.95 3900.03 7096.02 12847.3 -873497 28135 33587.8 40282.2 48623.9 58994.1 71963.7 88656.7 110093 137774 174238 223293 289056 378094 503344 678116 923856 1.27664e+06 1.78929e+06 2.53216e+06 3.61727e+06 5.23137e+06 7.59361e+06 1.10297e+07 1.59147e+07 2.27988e+07 3.26754e+07 4.69761e+07 
107.459 24.3561 43.905 79.2055 143.025 258.432 467.436 846.674 1535.8 2788.83 5074.79 9258.45 16916.5 -1.01132e+06 37007.7 44394.1 53602.3 65054.9 79385.2 97841.8 121559 152206 192612 247022 320037 418996 558375 753098 1.02723e+06 1.42128e+06 1.99457e+06 2.82628e+06 4.0425e+06 5.8531e+06 8.50515e+06 1.23655e+07 1.78554e+07 2.5591e+07 3.66897e+07 5.27601e+07 
76.2931 17.2928 31.1737 56.2407 101.562 183.523 331.97 601.351 1090.9 1981.18 3605.59 6579 12022.9 22032.1 -1.17176e+06 48086.2 58733.3 71307.7 87050.4 107341 133436 167181 211714 271749 352400 461839 616197 832144 1.13659e+06 1.57484e+06 2.21334e+06 3.14085e+06 4.49889e+06 6.52249e+06 9.48936e+06 1.38115e+07 1.99604e+07 2.86232e+07 4.10526e+07 5.90502e+07 
53.8108 12.1974 21.9892 39.673 71.6475 129.477 234.227 424.334 769.865 1398.33 2545.23 4644.96 8490.24 15562.1 28313.9 -1.36003e+06 63884.9 77594.4 94769.3 116925 145443 182358 231126 296955 385505 505830 675821 914024 1.2504e+06 1.73546e+06 2.44329e+06 3.4731e+06 4.98319e+06 7.23581e+06 1.05421e+07 1.53634e+07 2.22254e+07 3.18912e+07 4.57602e+07 6.58425e+07 
37.7341 8.55365 15.4212 27.8248 50.2538 90.8236 164.319 297.719 540.219 981.369 1786.6 3261.15 5962.29 10931.6 20119.7 37166.8 -1.57957e+06 83661.9 102237 126224 157132 197185 250169 321800 418306 549662 735612 996691 1.36612e+06 1.89997e+06 2.68053e+06 3.81832e+06 5.4898e+06 7.98652e+06 1.16562e+07 1.70133e+07 2.46423e+07 3.53862e+07 5.08027e+07 7.31259e+07 
26.2325 5.94675 10.722 19.3472 34.9455 63.1631 114.288 207.098 375.84 682.878 1243.44 2270.22 4151.73 7614.42 14019.4 25908.6 48015.9 -1.83877e+06 109413 135188 168439 211583 268743 346157 450640 593127 795302 1.0798e+06 1.48332e+06 2.06785e+06 2.92446e+06 4.17588e+06 6.01817e+06 8.77431e+06 1.28316e+07 1.87627e+07 2.72144e+07 3.91139e+07 5.61895e+07 8.09147e+07 
18.0584 4.09397 7.38195 13.3214 24.0637 43.4993 78.7182 142.663 258.948 470.585 857.075 1565.21 2863.31 5253.27 9676.05 17890.2 33174.1 61859.1 -2.14777e+06 142799 179137 225273 286501 369591 481961 635542 854029 1.16228e+06 1.60065e+06 2.23744e+06 3.17311e+06 4.54347e+06 6.56579e+06 9.59666e+06 1.40665e+07 2.06105e+07 2.99428e+07 4.30783e+07 6.19284e+07 8.92227e+07 
12.3577 2.8018 5.05243 9.11847 16.4733 29.7823 53.9036 97.7081 177.385 322.439 587.417 1073.08 1963.77 3604.46 6642.31 12288 22801.3 42549.8 79496.8 -2.51376e+06 188250 237054 301959 390255 509966 674018 908168 1.23958e+06 1.71247e+06 2.4018e+06 3.41805e+06 4.91119e+06 7.12149e+06 1.04416e+07 1.5349e+07 2.25474e+07 3.28227e+07 4.72806e+07 6.80294e+07 9.80714e+07 
8.37682 1.89938 3.42545 6.18283 11.1712 20.1997 36.5661 66.2945 120.382 218.883 398.884 728.929 1334.53 2450.7 4518.67 8364.76 15533.4 29012.6 54575.5 103020 -2.95541e+06 247032 315240 408294 534820 708758 957968 1.31204e+06 1.81924e+06 2.56167e+06 3.66056e+06 5.28126e+06 7.68921e+06 1.13159e+07 1.6691e+07 2.45933e+07 3.58863e+07 5.177e+07 7.45656e+07 1.07569e+08 
5.6153 1.27334 2.29667 4.14593 7.49199 13.5492 24.532 44.4863 80.802 146.962 267.911 489.78 897.119 1648.36 3041.19 5633.79 10471.1 19576.8 36867 69686.9 132700 -3.49409e+06 322613 423675 556485 739716 1.0034e+06 1.37966e+06 1.92111e+06 2.71752e+06 3.90178e+06 5.65617e+06 8.27397e+06 1.22293e+07 1.81097e+07 2.6778e+07 3.91823e+07 5.66214e+07 8.16503e+07 1.17882e+08 
3.73061 0.846051 1.52618 2.75544 4.98006 9.00811 16.3136 29.5907 53.7623 97.817 178.391 326.272 597.953 1099.37 2029.77 3763.28 7001.56 13105.1 24711.4 46783.6 89248.2 170029 -4.16309e+06 435283 573563 765143 1.04228e+06 1.43982e+06 2.01499e+06 2.86594e+06 4.13849e+06 6.03386e+06 8.87689e+06 1.31893e+07 1.96247e+07 2.91417e+07 4.27833e+07 6.19524e+07 8.94648e+07 1.29285e+08 
2.46343 0.55874 1.00805 1.82028 3.29051 5.95333 10.7843 19.5669 35.5625 64.7302 118.105 216.124 396.34 729.232 1347.52 2500.79 4658.19 8730.63 16487.7 31272.6 59786.1 115490 225134 -4.98894e+06 584063 782509 1.07142e+06 1.48852e+06 2.0961e+06 3.0016e+06 4.36551e+06 6.41098e+06 9.49981e+06 1.42086e+07 2.12694e+07 3.17538e+07 4.68146e+07 6.79656e+07 9.83224e+07 1.42245e+08 
1.60773 0.364704 0.658084 1.18855 2.14898 3.88899 7.04679 12.7898 23.254 42.3457 77.3029 141.541 259.75 478.31 884.671 1643.6 3065.52 5754.15 10885.1 20688.8 39647.4 76797 150186 295692 -6.03842e+06 794452 1.09419e+06 1.53016e+06 2.17025e+06 3.1325e+06 4.59444e+06 6.80507e+06 1.01704e+07 1.53322e+07 2.31169e+07 3.47329e+07 5.14632e+07 7.49447e+07 1.08645e+08 1.57385e+08 
1.0353 0.234886 0.423911 0.765769 1.38487 2.50687 4.54385 8.24998 15.006 27.3397 49.9374 91.4937 168.036 309.704 573.41 1066.59 1992.21 3745.66 7098.9 13523.7 25985.6 50487.5 99087.7 195928 392913 -7.40692e+06 1.10747e+06 1.56636e+06 2.23997e+06 3.26286e+06 4.83281e+06 7.23002e+06 1.09146e+07 1.66081e+07 2.52536e+07 3.8229e+07 5.69774e+07 8.32758e+07 1.21018e+08 1.75568e+08 
0.663441 0.150544 0.27175 0.491011 0.88821 1.60832 2.91623 5.29697 9.6393 17.572 32.117 58.887 108.247 199.717 370.208 689.569 1290.15 2430.32 4616.06 8817.38 16995.6 33139.3 65315.1 129814 261862 535901 -9.14949e+06 1.5774e+06 2.27919e+06 3.35895e+06 5.03887e+06 7.63786e+06 1.1685e+07 1.80043e+07 2.76893e+07 4.23403e+07 6.36036e+07 9.34129e+07 1.36189e+08 1.97951e+08 
0.417715 0.0948026 0.171166 0.309348 0.559746 1.0139 1.83912 3.342 6.08478 11.0991 20.3004 37.2505 68.5406 126.599 234.972 438.323 821.563 1550.84 2952.57 5656.39 10940.2 21415.8 42405.9 84762.7 172110 356232 741366 -1.14521e+07 2.29179e+06 3.4241e+06 5.21545e+06 8.03222e+06 1.2491e+07 1.9548e+07 3.04923e+07 4.72158e+07 7.1627e+07 1.05839e+08 1.54925e+08 2.25692e+08 
0.256084 0.0581305 0.104979 0.189777 0.343489 0.622398 1.12944 2.05334 3.74052 6.82741 12.4967 22.9502 42.2714 78.1709 145.284 271.447 509.762 964.397 1840.71 3537.4 6866.96 13499.3 26865.2 54033 110504 230612 484919 1.03746e+06 -1.45557e+07 3.40818e+06 5.34134e+06 8.38234e+06 1.32934e+07 2.1202e+07 3.365e+07 5.29138e+07 8.12422e+07 1.20949e+08 1.77914e+08 2.59875e+08 
0.151792 0.0344633 0.0622528 0.112569 0.203809 0.369436 0.670689 1.21992 2.22357 4.06136 7.43962 13.675 25.2149 46.6877 86.8958 162.629 306.035 580.344 1110.67 2141.64 4173.93 8242.85 16494.2 33400 68850.4 145006 308488 669099 1.47119e+06 -1.88138e+07 5.31507e+06 8.53698e+06 1.38761e+07 2.26785e+07 3.68107e+07 5.90572e+07 9.21071e+07 1.38481e+08 2.05011e+08 3.00457e+08 
0.0854214 0.0193983 0.0350486 0.0633943 0.114813 0.208196 0.378133 0.688133 1.25499 2.29386 4.20526 7.7368 14.2814 26.4774 49.3527 92.5247 174.48 331.677 636.532 1231.66 2410.3 4782.67 9625.15 19630.5 40808.4 86793.7 187012 411849 931748 2.14788e+06 -2.4591e+07 8.21722e+06 1.37836e+07 2.32797e+07 3.89682e+07 6.42897e+07 1.025e+08 1.56286e+08 2.33481e+08 3.43744e+08 
0.0425685 0.00966876 0.0174736 0.0316143 0.0572742 0.103897 0.188784 0.343722 0.627228 1.14723 2.10485 3.87597 7.16251 13.2961 24.8196 46.6107 88.0813 167.842 323.004 627.166 1232.38 2457.05 4973.3 10216.6 21420.7 46016.4 100460 224785 518201 1.22262e+06 2.91212e+06 -3.30845e+07 1.23608e+07 2.17349e+07 3.78193e+07 6.4674e+07 1.06126e+08 1.64867e+08 2.49308e+08 3.69253e+08 
0.0206456 0.00469024 0.00847835 0.0153436 0.0278059 0.0504592 0.0917251 0.167086 0.305073 0.558375 1.02526 1.88962 3.49564 6.4973 12.1458 22.8479 43.2653 82.64 159.47 310.698 613.002 1227.94 2499.67 5172.11 10937.3 23732.9 52507.8 119426 280764 678930 1.66885e+06 4.22298e+06 -4.52324e+07 2.03955e+07 3.72788e+07 6.66764e+07 1.13498e+08 1.80628e+08 2.77476e+08 4.1416e+08 
0.00874296 0.00198658 0.00359184 0.00650192 0.0117861 0.0213955 0.0389083 0.070907 0.129532 0.237231 0.435902 0.804047 1.4889 2.77059 5.18604 9.77078 18.5372 35.4847 68.646 134.164 265.689 534.525 1093.82 2278.28 4856.03 10635.8 23827.2 55043.7 131882 326795 830110 2.18692e+06 6.00672e+06 -6.26971e+07 3.13352e+07 5.98657e+07 1.08014e+08 1.7899e+08 2.82531e+08 4.27595e+08 
0.00310651 0.000705979 0.00127671 0.00231162 0.0041914 0.00761109 0.013846 0.0252436 0.0461367 0.0845459 0.155452 0.286956 0.531857 0.99075 1.85676 3.50323 6.65791 12.7705 24.7615 48.534 96.441 194.794 400.521 839.283 1801.79 3979.86 9017.91 21129.6 51509.7 130537 341953 936451 2.70185e+06 7.71133e+06 -8.8849e+07 4.58293e+07 8.949e+07 1.57453e+08 2.59353e+08 4.01943e+08 
0.000931402 0.000211701 0.000382913 0.000693451 0.00125765 0.00228439 0.0041571 0.00758191 0.0138631 0.0254175 0.0467622 0.0863783 0.160229 0.298761 0.560518 1.0589 2.01559 3.87302 7.52508 14.7875 29.4733 59.7409 123.358 259.884 561.493 1249.59 2860.08 6786.1 16799.8 43437.1 117011 332148 1.00231e+06 3.05567e+06 9.50547e+06 -1.27707e+08 6.45269e+07 1.24654e+08 2.1883e+08 3.52738e+08 
0.000230206 5.23303e-05 9.46658e-05 0.000171466 0.00031103 0.000565078 0.00102858 0.00187652 0.00343228 0.00629552 0.0115877 0.0214158 0.039751 0.0741749 0.139281 0.263387 0.501961 0.965893 1.8797 3.70123 7.39458 15.0299 31.1387 65.8777 143.046 320.223 738.72 1770.04 4434.97 11648.1 32076.2 93712.2 293354 947944 3.19138e+06 1.10947e+07 -1.81783e+08 8.3161e+07 1.62381e+08 2.8199e+08 
4.57841e-05 1.04084e-05 1.88305e-05 3.41109e-05 6.18824e-05 0.000112443 0.000204708 0.000373533 0.000683361 0.00125375 0.00230835 0.0042676 0.00792452 0.014794 0.0277941 0.0525927 0.100307 0.193184 0.376327 0.741935 1.48448 3.02245 6.27473 13.3093 28.9887 65.1297 150.979 363.967 918.804 2437.05 6805.98 20259.1 64968.2 218595 781387 2.98258e+06 1.15726e+07 -2.48324e+08 9.78478e+07 1.99277e+08 
7.15273e-06 1.62617e-06 2.9422e-06 5.33009e-06 9.67043e-06 1.75734e-05 3.1997e-05 5.8393e-05 0.000106844 0.000196061 0.000361055 0.000667665 0.00124015 0.00231597 0.00435279 0.00824015 0.0157245 0.0303032 0.0590731 0.116566 0.233468 0.475914 0.989422 2.10239 4.58873 10.3348 24.0349 58.1743 147.578 393.952 1110.24 3345.16 10897.7 37676.6 140540 571721 2.4674e+06 1.06842e+07 -3.28535e+08 1.19785e+08 
8.47642e-07 1.92718e-07 3.487e-07 6.31739e-07 1.14624e-06 2.08314e-06 3.79322e-06 6.92312e-06 1.26689e-05 2.32508e-05 4.2824e-05 7.92042e-05 0.000147148 0.000274864 0.000516739 0.000978535 0.00186803 0.0036015 0.00702422 0.0138688 0.027797 0.0567079 0.118005 0.251027 0.548613 1.23743 2.88325 6.99439 17.791 47.6509 134.903 408.909 1342.45 4706.09 17976.1 76059.3 353638 1.79586e+06 9.88609e+06 -4.17681e+08 
dt_FE: 2.39416e-09
dt_EA: 2.39416e-09
dt_PE: 2.39416e-09
tolC: 1e-06
dt_grow: 1.03
dt_max: 0.1
steps: 0
