t: 1.65263e-07
dt: 2.39092e-09
N: 0.12483 0.142479 0.162272 0.184387 0.208969 0.236071 0.265764 0.298059 0.332829 0.369762 0.408634 0.449008 0.49 0.53099 0.571206 0.609542 0.644677 0.675989 0.702563 0.722738 0.736156 0.74212 0.739351 0.726204 0.7017 0.663687 0.608708 0.535392 0.443806 0.338546 0.231331 0.138547 0.0714903 0.0317204 0.0120328 0.00385953 0.00102815 0.000221845 3.75673e-05 4.80854e-06 
eC: 1 1.15749 1.33977 1.55077 1.795 2.07768 2.40489 2.78363 3.22201 3.72944 4.31677 4.99661 5.78351 6.69433 7.7486 8.9689 10.3814 12.0163 13.9087 16.0991 18.6345 21.5692 24.9661 28.8979 33.4489 38.7167 44.814 51.8717 60.0407 69.4963 80.4411 93.1095 107.773 124.746 144.391 167.131 193.452 223.918 259.182 300 
dV: 1.08333 0.211322 0.327712 0.508206 0.788112 1.22218 1.89532 2.93921 4.55805 7.06849 10.9616 16.999 26.3615 40.8807 63.3966 98.3136 152.462 236.434 366.655 568.597 881.764 1367.42 2120.55 3288.49 5099.69 7908.45 12264.2 19019 29494.1 45738.6 70930.1 109996 170579 264529 410225 636165 986546 1.52991e+06 2.37254e+06 3.67926e+06 
kVec: 1.0102e+06 1.17081e+06 1.34933e+06 1.55488e+06 1.79128e+06 2.06219e+06 2.37237e+06 2.7271e+06 3.13184e+06 3.59101e+06 4.11215e+06 4.70223e+06 5.36351e+06 6.10366e+06 6.92926e+06 7.84315e+06 8.8375e+06 9.92058e+06 1.10925e+07 1.23129e+07 1.35836e+07 1.48928e+07 1.62098e+07 1.74553e+07 1.86701e+07 1.98937e+07 2.09891e+07 2.21978e+07 2.38079e+07 2.62647e+07 3.00546e+07 3.64447e+07 4.73218e+07 6.39874e+07 8.95367e+07 1.28148e+08 1.82203e+08 2.48799e+08 3.29076e+08 4.18249e+08 
cMat: 
-96034.7 840.28 987.376 1150.12 1340.75 1565.19 1829.62 2141.41 2510.5 2950.58 3474.67 4100.47 4857.69 5774.17 6886.03 8248.47 9942.17 12042.8 14663.4 18024.8 22326.7 27861.3 35120.9 44839.2 57803.1 75262.1 99669 133520 180822 248297 345770 486211 690226 992476 1.43297e+06 2.07143e+06 2.97767e+06 4.25563e+06 6.08876e+06 8.74271e+06 
4187.44 -115045 1115.06 1298.85 1514.15 1767.64 2066.28 2418.43 2835.32 3332.39 3924.37 4631.27 5486.65 6521.98 7778.11 9317.41 11231.1 13604.9 16566.3 20365.4 25227.9 31484.5 39692.4 50681.7 65343.5 85092.4 112706 151012 204549 280934 391298 550341 781420 1.12381e+06 1.62286e+06 2.34629e+06 3.37317e+06 4.82123e+06 6.89836e+06 9.9056e+06 
3071.36 696.018 -131590 1461.17 1703.38 1988.58 2324.58 2720.79 3189.85 3749.15 4415.28 5210.74 6173.34 7338.52 8752.26 10484.8 12639.1 15311.3 18645.6 22923.4 28399.5 35446.6 44692.9 57075 73598.1 95858.7 126992 170190 230578 316759 441305 620823 881705 1.26831e+06 1.83191e+06 2.649e+06 3.80891e+06 5.44453e+06 7.79071e+06 1.11875e+07 
2222.33 503.619 907.652 -150929 1908.44 2227.99 2604.49 3048.45 3574.07 4200.84 4947.34 5838.83 6917.71 8223.72 9808.45 11750.7 14166 17162.3 20901.3 25699.2 31841.8 39748.1 50123.6 64020.8 82569.8 107565 142533 191065 258927 355801 495835 697727 991193 1.42616e+06 2.06038e+06 2.98e+06 4.28553e+06 6.12644e+06 8.76713e+06 1.25903e+07 
1600.41 362.684 653.657 1178.95 -173447 2462.65 2904.72 3399.93 3986.24 4685.4 5518.18 6512.75 7716.46 9173.69 10942.1 13109.6 15805.3 19149.9 23324.1 28681.3 35541.1 44372.1 55963.6 71493.3 92226.3 120172 159279 213572 289513 397952 554749 780873 1.10965e+06 1.59705e+06 2.30786e+06 3.33872e+06 4.80228e+06 6.86597e+06 9.82625e+06 1.41122e+07 
1147.05 259.945 468.498 845.007 1511.93 -199569 3221.46 3770.76 4421.13 5196.73 6120.61 7224.05 8559.64 10176.7 12139.1 14544.9 17537.2 21250.4 25885.2 31834.9 39455 49266.7 62148.9 79412.8 102468 133553 177070 237505 322071 442869 617598 869666 1.23628e+06 1.77991e+06 2.57291e+06 3.72321e+06 5.35651e+06 7.65943e+06 1.09629e+07 1.57458e+07 
817.431 185.249 333.878 602.209 1087.2 1963.95 -229819 4156.85 4873.96 5729.22 6748.04 7964.96 9438.05 11221.7 13386.7 16041.1 19343.1 23441.3 28557.7 35127 43542.6 54381.5 68616.4 87699.7 113193 147579 195736 262644 356306 490156 683843 963369 1.37007e+06 1.97331e+06 2.85351e+06 4.13062e+06 5.94416e+06 8.50111e+06 1.21691e+07 1.74796e+07 
578.659 131.139 236.358 426.321 769.677 1390.4 2514.19 -264793 5282.36 6275.09 7391.32 8724.7 10339 12293.8 14666.8 17576.6 21197.2 25691.5 31303.5 38511.1 47747 59645.6 75277.5 96241.7 124258 162064 215035 288667 391790 539235 752691 1.06088e+06 1.50949e+06 2.17508e+06 3.14658e+06 4.55655e+06 6.559e+06 9.38215e+06 1.3432e+07 1.92956e+07 
406.709 92.1723 166.129 299.654 541.005 977.334 1767.32 3166.85 -305364 6822.12 8036.09 9486.36 11242.4 13369.1 15951.2 19118 23059 27952.2 34063.7 41915.2 51979.2 64949.1 81995 104866 135444 176725 234599 315090 427883 589245 822972 1.16061e+06 1.65231e+06 2.38211e+06 3.44774e+06 4.9948e+06 7.19227e+06 1.02902e+07 1.47343e+07 2.11688e+07 
283.825 64.3242 115.939 209.129 377.577 682.12 1233.52 2233.78 4050.79 -352275 8662.43 10226.5 12120.5 14414.9 17200.9 20618.5 24872.7 30156.2 36756.9 45240 56117.8 70141.8 88581.7 113336 146451 191182 253935 341269 463734 639054 893164 1.26047e+06 1.7957e+06 2.59046e+06 3.75146e+06 5.43764e+06 7.83313e+06 1.12099e+07 1.60543e+07 2.30683e+07 
196.342 44.4985 80.2065 144.679 261.223 471.934 853.466 1545.6 2802.99 5088.58 -406772 10929.2 12954.7 15408.7 18389.1 22046 26599.6 32256.4 39325.6 48414.8 60074.6 75113.7 94898.6 121475 157048 205133 272642 366666 498614 687659 961863 1.35849e+06 1.93686e+06 2.79609e+06 4.05193e+06 5.87664e+06 8.46946e+06 1.21241e+07 1.73672e+07 2.49587e+07 
134.525 30.4892 54.9568 99.1357 178.999 323.398 584.875 1059.25 1921.09 3487.81 6345.37 -470327 13617.4 16321.3 19481.1 23359.1 28189.5 34192.2 41696.4 51349.4 63738.2 79725.8 100771 129060 166952 218208 290234 390633 531650 733871 1.02743e+06 1.4524e+06 2.07257e+06 2.99443e+06 4.3426e+06 6.30245e+06 9.08791e+06 1.30138e+07 1.8646e+07 2.68011e+07 
91.425 20.7213 37.3514 67.3801 121.666 219.825 397.582 720.092 1306.08 2371.45 4314.8 7811.94 -544506 17107.8 20423.4 24493.9 29566.2 35871.9 43758.2 53908.5 66943.3 83774.8 105947 135775 175763 229903 306063 412335 561760 776272 1.08799e+06 1.5397e+06 2.19951e+06 3.18098e+06 4.61737e+06 6.70671e+06 9.67706e+06 1.3863e+07 1.98686e+07 2.85643e+07 
61.5552 13.9518 25.1499 45.3709 81.9284 148.036 267.759 484.996 879.742 1597.51 2906.97 5303.47 9690.21 -631766 21199 25430 30704.7 37265.1 45473.8 56046.2 69632.1 87187.6 110333 141501 183325 240011 319851 431393 588423 814142 1.14254e+06 1.61896e+06 2.31565e+06 3.3528e+06 4.87196e+06 7.08327e+06 1.0228e+07 1.46592e+07 2.10168e+07 3.02223e+07 
41.0395 9.30214 16.7689 30.253 54.632 98.7206 178.573 323.478 586.819 1065.72 1939.52 3538.97 6467.35 11851.5 -735041 25866.5 31593.8 38357.8 46826.1 57741 71777.6 89930.1 113885 146179 189563 248432 331465 447627 611393 847140 1.1906e+06 1.68952e+06 2.42004e+06 3.50858e+06 5.10451e+06 7.42946e+06 1.07371e+07 1.5397e+07 2.2083e+07 3.17643e+07 
27.1451 6.15303 11.0926 20.0132 36.1429 65.3153 118.157 214.057 388.362 705.393 1283.95 2343.17 4282.94 7850.37 14283.1 -858685 32227 39142.9 47806.8 58983.6 73369.6 91991.3 116593 149800 194470 255168 340921 461084 630771 875463 1.23253e+06 1.75202e+06 2.51379e+06 3.65014e+06 5.31804e+06 7.75012e+06 1.12117e+07 1.60877e+07 2.30839e+07 3.32145e+07 
17.8815 4.05342 7.30785 13.1857 23.8144 43.0397 77.8678 141.084 256 465.053 846.638 1545.4 2825.42 5180.28 9534.35 17612.7 -1.00678e+06 39645.9 48448.3 59815.5 74462 93442.3 118551 152496 198228 260475 348594 472314 647381 900362 1.27025e+06 1.80944e+06 2.60152e+06 3.78467e+06 5.52364e+06 8.0623e+06 1.16776e+07 1.67689e+07 2.40745e+07 3.4653e+07 
11.7294 2.659 4.79417 8.65083 15.6254 28.2424 51.1022 92.6008 168.051 305.339 555.986 1015.09 1856.39 3404.67 6268.57 11584.7 21469.6 -1.18711e+06 48922.5 60447.4 75314.8 94606.1 120164 154779 201497 265208 355607 482818 663245 924606 1.30763e+06 1.86718e+06 2.69094e+06 3.9233e+06 5.73747e+06 8.38944e+06 1.21685e+07 1.74892e+07 2.51243e+07 3.61798e+07 
7.6856 1.74238 3.14174 5.66956 10.2415 18.5132 33.5023 60.7172 110.207 200.28 364.769 666.148 1218.62 2235.78 4118.1 7614.03 14118.8 26327.1 -1.40985e+06 60774.8 76240.3 95875.7 121934 157297 205122 270485 363473 494664 681234 952249 1.35047e+06 1.93369e+06 2.79438e+06 4.08431e+06 5.98666e+06 8.77178e+06 1.27436e+07 1.8334e+07 2.63566e+07 3.7973e+07 
5.08565 1.15304 2.07925 3.75257 6.77935 12.2565 22.1832 40.2103 73.0001 132.695 241.743 441.611 808.161 1483.36 2733.55 5056.95 9383.52 17510.7 32715.7 -1.68427e+06 77471.3 97556.1 124267 160604 209869 277382 373743 510131 704740 988425 1.40665e+06 2.02113e+06 2.93074e+06 4.29707e+06 6.31664e+06 9.27906e+06 1.35077e+07 1.94576e+07 2.79965e+07 4.03598e+07 
3.40212 0.771403 1.39119 2.51106 4.53703 8.20377 14.8508 26.9245 48.8914 88.896 162.001 296.043 541.998 995.313 1835.19 3397.22 6308.65 11783 22165 41839.9 -2.02945e+06 100328 128030 165822 217209 287851 389064 532863 738855 1.04038e+06 1.48668e+06 2.1449e+06 3.12285e+06 4.59579e+06 6.77878e+06 9.98821e+06 1.45747e+07 2.10256e+07 3.02837e+07 4.36874e+07 
2.3081 0.523391 0.944018 1.70414 3.07949 5.56922 10.0836 18.2856 33.2127 60.407 110.122 201.318 368.75 677.537 1250.04 2315.7 4304.02 8046.82 15153.7 28644 54544.5 -2.46992e+06 132606 174146 228737 304051 412434 567093 789650 1.117e+06 1.60378e+06 2.3249e+06 3.40092e+06 5.02671e+06 7.44377e+06 1.10068e+07 1.61054e+07 2.32735e+07 3.35613e+07 4.84541e+07 
1.59812 0.362431 0.653783 1.18037 2.13336 3.85889 6.98843 12.6761 23.0307 41.9028 76.4192 139.768 256.151 470.947 869.513 1612.11 2999.32 5613.97 10585.8 20041.1 38232.1 72837.1 -3.0389e+06 186466 245702 327772 446493 616788 863181 1.22771e+06 1.77284e+06 2.58478e+06 3.80268e+06 5.65001e+06 8.40682e+06 1.24837e+07 1.83275e+07 2.65391e+07 3.83249e+07 5.53829e+07 
1.13375 0.257151 0.463937 0.837753 1.5144 2.73992 4.96327 9.00534 16.3671 29.791 54.3559 99.4675 182.409 335.617 620.172 1150.95 2143.85 4018.13 7588.2 14392.7 27515.5 53152.2 103614 -3.77064e+06 268805 360137 493105 685066 964693 1.38143e+06 2.00915e+06 2.95055e+06 4.37213e+06 6.53928e+06 9.78889e+06 1.46142e+07 2.15456e+07 3.128e+07 4.52512e+07 6.5466e+07 
0.816471 0.185211 0.334202 0.603594 1.09134 1.97498 3.57864 6.49519 11.8093 21.5049 39.2576 71.8804 131.912 242.905 449.272 834.687 1556.79 2922.19 5527.88 10506.6 20134.6 39000.6 76270.5 150164 -4.73672e+06 403455 555674 777075 1.10214e+06 1.59081e+06 2.33324e+06 3.45589e+06 5.16492e+06 7.78632e+06 1.17397e+07 1.76388e+07 2.61351e+07 3.806e+07 5.51746e+07 7.99263e+07 
0.592763 0.134484 0.242711 0.438442 0.792911 1.43531 2.60159 4.72353 8.59172 15.6534 28.5917 52.3848 96.209 177.322 328.307 610.679 1140.64 2144.58 4064.48 7742.98 14878.1 28906.7 56732.8 112179 224963 -6.03616e+06 634085 896819 1.2825e+06 1.86816e+06 2.76703e+06 4.13956e+06 6.24914e+06 9.509e+06 1.4459e+07 2.18881e+07 3.26225e+07 4.76797e+07 6.92889e+07 1.00522e+08 
0.433212 0.0983022 0.177447 0.32062 0.579982 1.0502 1.90423 3.4588 6.29425 11.4741 20.9717 38.4519 70.6832 130.411 241.738 450.274 842.437 1586.95 3014.18 5757.56 11097.8 21639.2 42649.4 84765.5 170990 349932 -7.73187e+06 1.03001e+06 1.48826e+06 2.19332e+06 3.29027e+06 4.98736e+06 7.63007e+06 1.17564e+07 1.80805e+07 2.76473e+07 4.15318e+07 6.09966e+07 8.89283e+07 1.29258e+08 
0.311421 0.0706785 0.12761 0.230629 0.417309 0.755893 1.37112 2.49157 4.5364 8.27472 15.1346 27.7715 51.0993 94.3839 175.179 326.785 612.503 1156.21 2201.24 4217.03 8156.25 15966.2 31615 63193.4 128314 265583 552713 -1.00097e+07 1.7086e+06 2.55278e+06 3.88829e+06 5.98829e+06 9.31244e+06 1.45737e+07 2.2733e+07 3.52009e+07 5.34003e+07 7.89062e+07 1.15502e+08 1.68261e+08 
0.215751 0.048975 0.0884446 0.159887 0.28939 0.524371 0.951552 1.72994 3.15139 5.75209 10.5285 19.3355 35.6136 65.859 122.402 228.694 429.475 812.505 1550.79 2980.26 5785.41 11373.2 22633.9 45522.8 93099.7 194291 408545 874061 -1.31112e+07 2.87139e+06 4.50008e+06 7.06212e+06 1.11997e+07 1.78627e+07 2.83501e+07 4.45799e+07 6.84465e+07 1.019e+08 1.49893e+08 2.18945e+08 
0.141113 0.0320386 0.0578729 0.104649 0.18947 0.343444 0.623502 1.13409 2.06713 3.77562 6.9162 12.7129 23.4408 43.4029 80.7822 151.187 284.504 539.514 1032.53 1990.96 3880.27 7662.92 15333.7 31050.1 64006.4 134804 286784 622024 1.36769e+06 -1.73803e+07 4.94112e+06 7.93635e+06 1.28998e+07 2.10829e+07 3.42209e+07 5.49021e+07 8.56268e+07 1.28738e+08 1.90587e+08 2.79318e+08 
0.0848532 0.0192692 0.0348154 0.0629726 0.114049 0.206811 0.375618 0.683555 1.24665 2.2786 4.17728 7.68533 14.1864 26.3013 49.0244 91.9092 173.32 329.47 632.298 1223.46 2394.27 4750.85 9561.12 19499.9 40536.9 86216.3 185768 409110 925550 2.1336e+06 -2.31801e+07 8.16255e+06 1.36919e+07 2.31248e+07 3.8709e+07 6.38621e+07 1.01818e+08 1.55246e+08 2.31928e+08 3.41458e+08 
0.0455555 0.0103472 0.0186998 0.0338326 0.0612931 0.111187 0.202031 0.367841 0.671241 1.22774 2.25255 4.14794 7.66511 14.2291 26.5612 49.8813 94.262 179.62 345.669 671.174 1318.86 2629.46 5322.28 10933.5 22923.8 49245.3 107509 240558 554563 1.30841e+06 3.11646e+06 -3.1483e+07 1.32282e+07 2.326e+07 4.0473e+07 6.92121e+07 1.13572e+08 1.76436e+08 2.66802e+08 3.95163e+08 
0.0214766 0.00487903 0.0088196 0.0159612 0.0289251 0.0524902 0.095417 0.173812 0.317352 0.58085 1.06652 1.96568 3.63634 6.75882 12.6346 23.7676 45.0068 85.9663 165.889 323.204 637.675 1277.37 2600.28 5380.29 11377.5 24688.2 54621.2 124233 292065 706257 1.73602e+06 4.39295e+06 -4.39895e+07 2.12164e+07 3.87793e+07 6.93601e+07 1.18066e+08 1.87899e+08 2.88644e+08 4.3083e+08 
0.00883277 0.00200698 0.00362873 0.00656871 0.0119072 0.0216153 0.0393079 0.0716354 0.130862 0.239668 0.44038 0.812306 1.50419 2.79904 5.23931 9.87115 18.7276 35.8492 69.3511 135.542 268.418 540.016 1105.05 2301.69 4905.91 10745 24071.9 55609.1 133236 330152 838637 2.20938e+06 6.06842e+06 -6.19812e+07 3.16571e+07 6.04807e+07 1.09124e+08 1.80829e+08 2.85433e+08 4.31987e+08 
0.00311943 0.000708916 0.00128202 0.00232123 0.00420884 0.00764275 0.0139036 0.0253486 0.0463286 0.0848976 0.156099 0.28815 0.53407 0.994872 1.86449 3.5178 6.68561 12.8236 24.8645 48.7359 96.8422 195.604 402.187 842.774 1809.28 3996.41 9055.42 21217.5 51724 131080 343376 940346 2.71309e+06 7.74341e+06 -8.84684e+07 4.60199e+07 8.98622e+07 1.58108e+08 2.60432e+08 4.03615e+08 
0.000932675 0.00021199 0.000383437 0.000694399 0.00125937 0.00228751 0.00416278 0.00759227 0.0138821 0.0254522 0.0468261 0.0864964 0.160448 0.29917 0.561284 1.06035 2.01834 3.87832 7.53536 14.8077 29.5135 59.8225 123.526 260.239 562.26 1251.3 2863.98 6795.37 16822.8 43496.5 117171 332602 1.00368e+06 3.05984e+06 9.51847e+06 -1.27656e+08 6.46151e+07 1.24825e+08 2.19129e+08 3.5322e+08 
0.00023029 5.23495e-05 9.47005e-05 0.000171529 0.000311144 0.000565286 0.00102896 0.00187721 0.00343354 0.00629783 0.0115919 0.0214236 0.0397656 0.0742022 0.139332 0.263483 0.502145 0.966247 1.88039 3.70259 7.39729 15.0355 31.1501 65.9018 143.098 320.34 738.991 1770.69 4436.6 11652.4 32088 93746.6 293461 948291 3.19255e+06 1.10988e+07 -1.82016e+08 8.31915e+07 1.62441e+08 2.82093e+08 
4.57878e-05 1.04092e-05 1.8832e-05 3.41136e-05 6.18873e-05 0.000112452 0.000204724 0.000373563 0.000683416 0.00125385 0.00230853 0.00426793 0.00792515 0.0147952 0.0277963 0.0525969 0.100315 0.1932 0.376357 0.741994 1.48459 3.02269 6.27522 13.3104 28.991 65.1348 150.991 363.996 918.877 2437.24 6806.53 20260.8 64973.3 218613 781450 2.98282e+06 1.15735e+07 -2.48743e+08 9.78555e+07 1.99292e+08 
7.15283e-06 1.62619e-06 2.94224e-06 5.33017e-06 9.67056e-06 1.75737e-05 3.19974e-05 5.83938e-05 0.000106845 0.000196063 0.00036106 0.000667674 0.00124017 0.00231601 0.00435285 0.00824026 0.0157248 0.0303036 0.0590739 0.116567 0.233471 0.475921 0.989435 2.10242 4.58879 10.3349 24.0352 58.1751 147.58 393.957 1110.25 3345.2 10897.8 37677.1 140542 571729 2.46743e+06 1.06844e+07 -3.29064e+08 1.19786e+08 
8.47644e-07 1.92719e-07 3.487e-07 6.3174e-07 1.14624e-06 2.08314e-06 3.79322e-06 6.92314e-06 1.26689e-05 2.32509e-05 4.28241e-05 7.92043e-05 0.000147148 0.000274865 0.00051674 0.000978537 0.00186804 0.00360151 0.00702424 0.0138689 0.027797 0.056708 0.118005 0.251028 0.548614 1.23744 2.88325 6.9944 17.791 47.651 134.903 408.91 1342.45 4706.1 17976.1 76059.5 353639 1.79586e+06 9.88611e+06 -4.18247e+08 
dt_FE: 2.39092e-09
dt_EA: 2.39092e-09
dt_PE: 2.39092e-09
tolC: 1e-06
dt_grow: 1.03
dt_max: 0.1
steps: 0
