t: 1.10264e-07
dt: 2.3917e-09
N: 0.0811479 0.092998 0.106408 0.121549 0.138584 0.157627 0.178825 0.202306 0.22812 0.256207 0.286586 0.319137 0.353388 0.389056 0.425707 0.462559 0.498511 0.532994 0.565064 0.592768 0.615443 0.632075 0.640926 0.639866 0.62811 0.60371 0.56266 0.50417 0.427758 0.335695 0.236715 0.147641 0.076748 0.0340762 0.01295 0.00415639 0.00110763 0.000239068 4.04924e-05 5.18379e-06 
eC: 1 1.15749 1.33977 1.55077 1.795 2.07768 2.40489 2.78363 3.22201 3.72944 4.31677 4.99661 5.78351 6.69433 7.7486 8.9689 10.3814 12.0163 13.9087 16.0991 18.6345 21.5692 24.9661 28.8979 33.4489 38.7167 44.814 51.8717 60.0407 69.4963 80.4411 93.1095 107.773 124.746 144.391 167.131 193.452 223.918 259.182 300 
dV: 1.08333 0.211322 0.327712 0.508206 0.788112 1.22218 1.89532 2.93921 4.55805 7.06849 10.9616 16.999 26.3615 40.8807 63.3966 98.3136 152.462 236.434 366.655 568.597 881.764 1367.42 2120.55 3288.49 5099.69 7908.45 12264.2 19019 29494.1 45738.6 70930.1 109996 170579 264529 410225 636165 986546 1.52991e+06 2.37254e+06 3.67926e+06 
kVec: 989706 1.14736e+06 1.32255e+06 1.52436e+06 1.75658e+06 2.02288e+06 2.328e+06 2.67725e+06 3.07613e+06 3.5292e+06 4.04411e+06 4.62805e+06 5.28375e+06 6.01927e+06 6.84181e+06 7.75507e+06 8.75253e+06 9.8435e+06 1.10296e+07 1.22728e+07 1.35763e+07 1.49302e+07 1.63052e+07 1.76228e+07 1.89223e+07 2.02401e+07 2.14312e+07 2.2726e+07 2.43984e+07 2.68759e+07 3.06318e+07 3.69366e+07 4.76955e+07 6.42301e+07 8.96583e+07 1.28167e+08 1.82145e+08 2.48694e+08 3.28947e+08 4.18113e+08 
cMat: 
-113536 882.22 1036.66 1207.53 1407.67 1643.32 1920.94 2248.29 2635.81 3097.85 3648.1 4305.14 5100.15 6062.37 7229.73 8660.17 10438.4 12643.9 15395.3 18924.5 23441 29251.9 36873.9 47077.2 60688.2 79018.6 104644 140185 189847 260690 363028 510479 724677 1.04201e+06 1.50449e+06 2.17482e+06 3.12629e+06 4.46804e+06 6.39266e+06 9.17908e+06 
4429.07 -135548 1179.4 1373.8 1601.52 1869.63 2185.51 2557.98 2998.92 3524.67 4150.82 4898.51 5803.25 6898.32 8226.92 9855.05 11879.2 14389.9 17522.2 21540.5 26683.6 33301.3 41982.8 53606.2 69114 90002.5 119209 159726 216352 297145 413877 582097 826509 1.18865e+06 1.7165e+06 2.48167e+06 3.56781e+06 5.09943e+06 7.29642e+06 1.04772e+07 
3276.17 742.431 -155304 1558.61 1816.97 2121.18 2479.6 2902.23 3402.57 3999.16 4709.71 5558.21 6585.01 7827.88 9335.9 11184 13481.9 16332.4 19888.9 24452.1 30293.3 37810.3 47673.3 60881 78506 102251 135460 181539 245954 337882 470733 662223 940501 1.35289e+06 1.95407e+06 2.82565e+06 4.06291e+06 5.80759e+06 8.31023e+06 1.19335e+07 
2393.55 542.419 977.58 -178381 2055.47 2399.64 2805.14 3283.32 3849.43 4524.48 5328.5 6288.67 7450.67 8857.3 10564.1 12656.1 15257.3 18484.5 22511.6 27679.1 34295 42810.4 53985.3 68953.2 88931.2 115853 153514 205785 278876 383213 534035 751482 1.06756e+06 1.53604e+06 2.21911e+06 3.20958e+06 4.6157e+06 6.59844e+06 9.44258e+06 1.35603e+07 
1742.82 394.955 711.819 1283.86 -205244 2681.77 3163.18 3702.46 4340.93 5102.31 6009.18 7092.25 8403.07 9989.96 11915.7 14276.1 17211.6 20853.8 25399.4 31233.3 38703.6 48320.3 60943.2 77854.8 100433 130865 173452 232575 315273 433361 604111 850355 1.20839e+06 1.73915e+06 2.51321e+06 3.63579e+06 5.22959e+06 7.4769e+06 1.07006e+07 1.53679e+07 
1264.83 286.637 516.606 931.777 1667.18 -236397 3552.26 4157.96 4875.11 5730.36 6749.11 7965.85 9438.59 11221.7 13385.6 16038.4 19338 23432.5 28543.3 35103.9 43506.4 54325.7 68530.6 87567.3 112990 147267 195252 261894 355142 488345 681017 958968 1.36323e+06 1.96268e+06 2.83711e+06 4.10553e+06 5.90655e+06 8.44594e+06 1.20887e+07 1.73627e+07 
914.221 207.184 373.412 673.514 1215.93 2196.5 -272461 4649.05 5451.07 6407.6 7547.05 8908.06 10555.6 12550.5 14971.8 17940.4 21633.4 26216.9 31939.1 39286.2 48698.4 60820.7 76741.1 98084 126596 165053 218912 293743 398495 548194 764815 1.07744e+06 1.5323e+06 2.20696e+06 3.19139e+06 4.61971e+06 6.64799e+06 9.5077e+06 1.36099e+07 1.95493e+07 
657.595 149.028 268.601 484.477 874.67 1580.06 2857.15 -314139 6002.93 7131.08 8399.58 9914.85 11749.3 13970.8 16667.5 19974.3 24088.7 29196.1 35573.7 43764.5 54260.2 67781.9 85546.2 109370 141209 184171 244368 328044 445235 612793 855366 1.2056e+06 1.7154e+06 2.47178e+06 3.57581e+06 5.17812e+06 7.45373e+06 1.0662e+07 1.52643e+07 2.19278e+07 
470.54 106.638 192.202 346.683 625.913 1130.72 2044.69 3663.87 -362430 7892.81 9297.3 10975.2 13006.8 15467.3 18454.7 22118.4 26678 32339.2 39409.8 48493.5 60137.1 75142.5 94863.6 121324 156701 204461 271418 364542 495036 681723 952133 1.34276e+06 1.91163e+06 2.75597e+06 3.98884e+06 5.7787e+06 8.32106e+06 1.19052e+07 1.70467e+07 2.44911e+07 
334.964 75.914 136.828 246.809 445.608 805.023 1455.78 2636.25 4780.65 -418149 10223.2 12069.1 14304.4 17012.2 20300.1 24333.5 29354.2 35589.7 43379.6 53391.3 66228.9 82779.8 104542 133757 172838 225628 299688 402758 547288 754198 1.05409e+06 1.48758e+06 2.11925e+06 3.0572e+06 4.42739e+06 6.41738e+06 9.24449e+06 1.32297e+07 1.89469e+07 2.72247e+07 
236.864 53.6822 96.7598 174.538 315.135 569.333 1029.61 1864.59 3381.48 6138.78 -482687 13184.8 15628.3 18588.8 22184.3 26596 32089.3 38913.5 47441.8 58406.8 72473 90615.9 114484 146545 189461 247469 328911 442340 601519 829580 1.16038e+06 1.63887e+06 2.33659e+06 3.37315e+06 4.88818e+06 7.08948e+06 1.02174e+07 1.46264e+07 2.09515e+07 3.01097e+07 
166.234 37.6756 67.9104 122.502 221.189 399.625 722.732 1308.92 2373.89 4309.91 7841.01 -557622 16827.1 20168.3 24072.9 28865 34833.9 42251.5 51524.4 63452.6 78761.6 98517.6 124523 159480 206303 269641 358643 482707 656962 906848 1.2696e+06 1.79474e+06 2.56108e+06 3.70022e+06 5.36617e+06 7.78796e+06 1.123e+07 1.60812e+07 2.30409e+07 3.31182e+07 
115.915 26.2719 47.3566 85.4288 154.256 278.709 504.08 912.98 1655.93 3006.68 5470.59 9904.49 -644563 21690.3 25894.1 31055 37486 45480.8 55479.5 68348.8 84875.1 106215 134326 172145 222844 291487 388047 522785 712236 984209 1.37943e+06 1.95214e+06 2.78869e+06 4.03306e+06 5.8542e+06 8.50321e+06 1.22692e+07 1.75764e+07 2.51907e+07 3.62157e+07 
80.1833 18.174 32.7608 59.1013 106.722 192.835 348.79 631.768 1145.97 2080.96 3786.69 6908.43 12622.7 -746049 27614.3 33125.8 39996.8 48542.4 59235.3 73007.2 90704.5 113573 143722 184322 238804 312645 416646 561943 766494 1.06052e+06 1.4883e+06 2.1089e+06 3.01642e+06 4.36745e+06 6.34634e+06 9.22684e+06 1.33233e+07 1.90954e+07 2.73769e+07 3.93683e+07 
54.9651 12.4585 22.459 40.5184 73.1698 132.219 239.167 433.241 785.939 1427.34 2597.64 4739.82 8661.86 15872.9 -864979 34643.6 42314.2 51373.4 62715.2 77333.8 96133.2 120445 152529 195781 253885 332731 443937 599516 818851 1.13459e+06 1.59459e+06 2.26282e+06 3.24121e+06 4.69911e+06 6.83658e+06 9.95043e+06 1.43804e+07 2.06215e+07 2.95762e+07 4.25425e+07 
37.3635 8.46926 15.2682 27.547 49.7485 89.9025 162.636 294.637 534.556 970.93 1767.28 3225.23 5895.2 10805.5 19659.8 -1.00586e+06 44358.5 53877.7 65803.1 81187.3 100989 126620 160483 206191 267676 351223 469257 634653 868217 1.20502e+06 1.6965e+06 2.41155e+06 3.46008e+06 5.02419e+06 7.31995e+06 1.06676e+07 1.54322e+07 2.21437e+07 3.17736e+07 4.57178e+07 
25.2373 5.72084 10.314 18.6098 33.6107 60.7445 109.899 199.12 361.308 656.358 1194.91 2181.12 3987.69 7311.24 13456.4 24857.8 -1.17239e+06 55954.6 68378 84421.2 105093 131881 167318 215226 279771 367624 491991 666606 913688 1.27074e+06 1.79279e+06 2.55377e+06 3.67168e+06 5.34153e+06 7.79585e+06 1.13788e+07 1.64813e+07 2.3667e+07 3.39778e+07 4.89079e+07 
16.906 3.83249 6.90997 12.4687 22.5213 40.7066 73.655 133.468 242.217 440.093 801.358 1463.08 2675.66 4907.25 9035.07 16697.3 30944.7 -1.37231e+06 70513.3 87124.5 108553 136358 173196 223087 290423 382251 512547 695899 955953 1.33266e+06 1.88472e+06 2.69122e+06 3.87852e+06 5.65476e+06 8.26957e+06 1.20919e+07 1.75388e+07 2.52077e+07 3.62123e+07 5.21469e+07 
11.2385 2.54785 4.59409 8.29047 14.9758 27.0714 48.9896 88.7853 161.154 292.865 533.393 974.092 1781.95 3269.33 6021.8 11133.8 20645.6 38497.5 -1.61559e+06 88869.6 111484 140197 178301 230012 299944 395524 531497 723335 996152 1.39245e+06 1.97475e+06 2.82759e+06 4.08616e+06 5.9724e+06 8.75415e+06 1.28268e+07 1.86346e+07 2.68094e+07 3.85406e+07 5.5527e+07 
7.46962 1.69354 3.05393 5.51164 9.95728 18.0019 32.5819 59.0595 107.22 194.898 355.063 648.623 1187 2178.71 4014.93 7427.47 13782.2 25719.1 48051.7 -1.91083e+06 113787 143287 182519 235889 308248 407409 548940 749263 1.0351e+06 1.45176e+06 2.06604e+06 2.96856e+06 4.30457e+06 6.31139e+06 9.27766e+06 1.36288e+07 1.98396e+07 2.85787e+07 4.11202e+07 5.92791e+07 
4.95864 1.12433 2.02769 3.65992 6.61279 11.9571 21.6452 39.2429 71.26 129.567 236.118 431.488 789.971 1450.69 2674.82 4951.5 9194.97 17174 32305.8 60982.4 -2.2768e+06 146230 186605 241689 316585 419548 567067 776657 1.07689e+06 1.51637e+06 2.16686e+06 3.12623e+06 4.55161e+06 6.69844e+06 9.88019e+06 1.4558e+07 2.12428e+07 3.06451e+07 4.4139e+07 6.36751e+07 
3.29305 0.74674 1.34686 2.43135 4.39361 7.94579 14.3866 26.0886 47.3856 86.1847 157.114 287.227 526.108 966.665 1783.48 3303.89 6140.69 11480.7 21620.3 40867.3 77820.5 -2.73697e+06 189194 248461 326346 433800 588433 809090 1.12662e+06 1.59366e+06 2.28817e+06 3.31701e+06 4.8522e+06 7.17177e+06 1.06203e+07 1.57037e+07 2.29781e+07 3.32051e+07 4.78831e+07 6.91311e+07 
2.20159 0.49929 0.90066 1.6261 2.93894 5.31606 9.62736 17.4627 31.7274 57.7259 105.276 192.547 352.877 648.783 1197.85 2220.87 4131.91 7733.87 14583.2 27609 52669 100341 -3.32461e+06 256878 338483 451543 615094 849695 1.18913e+06 1.69131e+06 2.44229e+06 3.56083e+06 5.23862e+06 7.78353e+06 1.15814e+07 1.71977e+07 2.52482e+07 3.65607e+07 5.27969e+07 7.62962e+07 
1.49127 0.33824 0.610233 1.10193 1.99195 3.60392 6.52837 11.8451 21.5282 39.1852 71.4963 130.833 239.929 441.449 815.735 1513.88 2819.89 5285.19 9981.03 18931.2 36192.2 69913.1 136287 -4.07204e+06 353569 473701 648599 901093 1.2689e+06 1.81705e+06 2.64271e+06 3.88096e+06 5.75082e+06 8.60135e+06 1.28757e+07 1.92225e+07 2.83397e+07 4.11437e+07 5.95206e+07 8.61098e+07 
1.01789 0.230902 0.416648 0.752498 1.36057 2.4622 4.46148 8.09753 14.7227 26.8101 48.9422 89.613 164.454 302.829 560.105 1040.6 1940.85 3643.09 6891.58 13098.5 25101.7 48621.9 95086.1 187209 -5.04951e+06 502985 692756 968776 1.37404e+06 1.98326e+06 2.90884e+06 4.30844e+06 6.43908e+06 9.70718e+06 1.46359e+07 2.19902e+07 3.25825e+07 4.74492e+07 6.87859e+07 9.96437e+07 
0.698475 0.158468 0.285995 0.516632 0.934316 1.69128 3.06555 5.56591 10.1239 18.4449 33.6907 61.727 113.367 208.945 386.856 719.586 1344.06 2527.04 4789.33 9123.84 17531.4 34061.8 66850.3 132185 265082 -6.35555e+06 747166 1.05675e+06 1.51121e+06 2.20132e+06 3.26049e+06 4.87779e+06 7.36359e+06 1.12048e+07 1.70375e+07 2.57915e+07 3.84403e+07 5.61827e+07 8.16457e+07 1.18449e+08 
0.484194 0.109871 0.198329 0.358351 0.648235 1.17379 2.12833 3.86584 7.03497 12.8244 23.4397 42.977 79.0014 145.758 270.186 503.263 941.576 1773.7 3368.9 6435.12 12403.8 24185.8 47668.4 94740.9 191113 391112 -8.05228e+06 1.15122e+06 1.6634e+06 2.45143e+06 3.67748e+06 5.57428e+06 8.52799e+06 1.31399e+07 2.02083e+07 3.09009e+07 4.64193e+07 6.81748e+07 9.93936e+07 1.44469e+08 
0.332348 0.0754282 0.136186 0.246128 0.445353 0.80669 1.46326 2.65901 4.84126 8.83079 16.1517 29.6377 54.5333 100.727 186.951 348.745 653.664 1233.9 2349.17 4500.42 8704.36 17039.1 33739.5 67440.1 136937 283430 589856 -1.03271e+07 1.82342e+06 2.72433e+06 4.14959e+06 6.39071e+06 9.93824e+06 1.55531e+07 2.42607e+07 3.75665e+07 5.69889e+07 8.42088e+07 1.23263e+08 1.79568e+08 
0.221976 0.0503881 0.0909966 0.1645 0.29774 0.539501 0.979008 1.77985 3.24232 5.91807 10.8323 19.8935 36.6412 67.7593 125.933 235.293 441.867 835.949 1595.54 3066.26 5952.35 11701.3 23287 46836.4 95786.1 199897 420333 899281 -1.34237e+07 2.95425e+06 4.62992e+06 7.26589e+06 1.15229e+07 1.83781e+07 2.91681e+07 4.58662e+07 7.04215e+07 1.0484e+08 1.54218e+08 2.25262e+08 
0.141721 0.0321767 0.0581224 0.1051 0.190286 0.344925 0.626189 1.13898 2.07604 3.79189 6.94601 12.7677 23.5419 43.59 81.1304 151.838 285.73 541.839 1036.98 1999.54 3896.99 7695.95 15399.8 31184 64282.3 135385 288020 624705 1.37358e+06 -1.76888e+07 4.96242e+06 7.97056e+06 1.29554e+07 2.11738e+07 3.43684e+07 5.51388e+07 8.59959e+07 1.29293e+08 1.91409e+08 2.80522e+08 
0.0842588 0.0191342 0.0345715 0.0625315 0.11325 0.205362 0.372987 0.678767 1.23791 2.26264 4.14802 7.6315 14.087 26.1171 48.681 91.2654 172.106 327.163 627.869 1214.89 2377.5 4717.58 9494.14 19363.3 40253 85612.4 184467 406244 919067 2.11865e+06 -2.34808e+07 8.10538e+06 1.3596e+07 2.29628e+07 3.84379e+07 6.34147e+07 1.01105e+08 1.54159e+08 2.30304e+08 3.39066e+08 
0.0450746 0.010238 0.0185024 0.0334755 0.0606461 0.110014 0.199898 0.363957 0.664154 1.21477 2.22877 4.10415 7.58419 14.0789 26.2808 49.3547 93.2669 177.724 342.02 664.088 1304.94 2601.7 5266.09 10818 22681.8 48725.5 106374 238018 548708 1.29459e+06 3.08356e+06 -3.1766e+07 1.30885e+07 2.30145e+07 4.00458e+07 6.84814e+07 1.12373e+08 1.74573e+08 2.63986e+08 3.90991e+08 
0.021355 0.0048514 0.00876966 0.0158708 0.0287613 0.052193 0.0948767 0.172827 0.315555 0.577561 1.06049 1.95455 3.61575 6.72054 12.5631 23.633 44.7519 85.4795 164.949 321.374 634.064 1270.13 2585.56 5349.82 11313.1 24548.4 54311.9 123530 290411 702257 1.72619e+06 4.36808e+06 -4.41988e+07 2.10963e+07 3.85597e+07 6.89674e+07 1.17398e+08 1.86835e+08 2.8701e+08 4.28391e+08 
0.00881128 0.0020021 0.0036199 0.00655272 0.0118782 0.0215627 0.0392123 0.0714611 0.130544 0.239085 0.439308 0.81033 1.50053 2.79223 5.22656 9.84713 18.682 35.762 69.1824 135.212 267.765 538.702 1102.36 2296.09 4893.97 10718.9 24013.4 55473.8 132912 329348 836596 2.204e+06 6.05366e+06 -6.21113e+07 3.158e+07 6.03335e+07 1.08858e+08 1.80389e+08 2.84739e+08 4.30936e+08 
0.00311653 0.000708258 0.00128083 0.00231908 0.00420493 0.00763565 0.0138907 0.0253251 0.0462856 0.0848188 0.155954 0.287882 0.533574 0.993948 1.86275 3.51454 6.6794 12.8117 24.8414 48.6907 96.7523 195.422 401.813 841.992 1807.6 3992.7 9047.01 21197.8 51676 130958 343057 939473 2.71058e+06 7.73622e+06 -8.85247e+07 4.59772e+07 8.97788e+07 1.57961e+08 2.6019e+08 4.0324e+08 
0.000932397 0.000211927 0.000383322 0.000694192 0.001259 0.00228683 0.00416154 0.00759001 0.0138779 0.0254447 0.0468122 0.0864706 0.1604 0.299081 0.561117 1.06003 2.01774 3.87716 7.53312 14.8033 29.5047 59.8047 123.49 260.161 562.093 1250.93 2863.13 6793.35 16817.8 43483.5 117136 332503 1.00338e+06 3.05893e+06 9.51563e+06 -1.27643e+08 6.45958e+07 1.24788e+08 2.19064e+08 3.53115e+08 
0.000230272 5.23453e-05 9.4693e-05 0.000171515 0.00031112 0.000565241 0.00102888 0.00187706 0.00343327 0.00629733 0.011591 0.0214219 0.0397625 0.0741962 0.139321 0.263462 0.502105 0.96617 1.88024 3.70229 7.3967 15.0343 31.1476 65.8966 143.087 320.315 738.932 1770.55 4436.25 11651.5 32085.5 93739.2 293438 948216 3.1923e+06 1.10979e+07 -1.81945e+08 8.31849e+07 1.62428e+08 2.82071e+08 
4.5787e-05 1.0409e-05 1.88317e-05 3.4113e-05 6.18863e-05 0.00011245 0.000204721 0.000373557 0.000683404 0.00125383 0.00230849 0.00426786 0.00792502 0.0147949 0.0277959 0.052596 0.100313 0.193196 0.376351 0.741981 1.48457 3.02264 6.27512 13.3102 28.9905 65.1337 150.988 363.99 918.861 2437.2 6806.41 20260.4 64972.2 218609 781436 2.98277e+06 1.15733e+07 -2.48635e+08 9.78539e+07 1.99289e+08 
7.15281e-06 1.62618e-06 2.94223e-06 5.33015e-06 9.67053e-06 1.75736e-05 3.19973e-05 5.83937e-05 0.000106845 0.000196063 0.000361059 0.000667672 0.00124016 0.002316 0.00435284 0.00824024 0.0157247 0.0303035 0.0590737 0.116567 0.23347 0.475919 0.989432 2.10241 4.58878 10.3349 24.0352 58.1749 147.58 393.956 1110.25 3345.19 10897.8 37677 140541 571728 2.46743e+06 1.06843e+07 -3.28934e+08 1.19786e+08 
8.47644e-07 1.92718e-07 3.487e-07 6.3174e-07 1.14624e-06 2.08314e-06 3.79322e-06 6.92313e-06 1.26689e-05 2.32509e-05 4.28241e-05 7.92043e-05 0.000147148 0.000274865 0.00051674 0.000978537 0.00186804 0.00360151 0.00702423 0.0138689 0.027797 0.0567079 0.118005 0.251028 0.548614 1.23744 2.88325 6.9944 17.791 47.651 134.903 408.91 1342.45 4706.1 17976.1 76059.4 353639 1.79586e+06 9.8861e+06 -4.18111e+08 
dt_FE: 2.3917e-09
dt_EA: 2.3917e-09
dt_PE: 2.3917e-09
tolC: 1e-06
dt_grow: 1.03
dt_max: 0.1
steps: 0
