t: 1.15371e-08
dt: 4.9186e-10
N: 0.00712287 0.0082223 0.00948648 0.0109401 0.0126102 0.0145236 0.0167142 0.01922 0.022079 0.0253266 0.0290151 0.0331947 0.0378893 0.0431536 0.0490394 0.0555644 0.0627007 0.0704963 0.0789466 0.0878035 0.0970328 0.106514 0.115849 0.124384 0.13195 0.138096 0.140872 0.140152 0.135461 0.12537 0.118207 0.342508 0.252701 0.0291383 0.0118851 0.00408127 0.0011218 0.000242937 4.09845e-05 5.21735e-06 
eC: 1 1.15749 1.33977 1.55077 1.795 2.07768 2.40489 2.78363 3.22201 3.72944 4.31677 4.99661 5.78351 6.69433 7.7486 8.9689 10.3814 12.0163 13.9087 16.0991 18.6345 21.5692 24.9661 28.8979 33.4489 38.7167 44.814 51.8717 60.0407 69.4963 80.4411 93.1095 107.773 124.746 144.391 167.131 193.452 223.918 259.182 300 
dV: 1.08333 0.211322 0.327712 0.508206 0.788112 1.22218 1.89532 2.93921 4.55805 7.06849 10.9616 16.999 26.3615 40.8807 63.3966 98.3136 152.462 236.434 366.655 568.597 881.764 1367.42 2120.55 3288.49 5099.69 7908.45 12264.2 19019 29494.1 45738.6 70930.1 109996 170579 264529 410225 636165 986546 1.52991e+06 2.37254e+06 3.67926e+06 
kVec: 841128 976864 1.12722e+06 1.30095e+06 1.50152e+06 1.73245e+06 1.99827e+06 2.30406e+06 2.65545e+06 3.0576e+06 3.51842e+06 4.04606e+06 4.64594e+06 5.32836e+06 6.10384e+06 6.98201e+06 7.96545e+06 9.07115e+06 1.03126e+07 1.16731e+07 1.31719e+07 1.48194e+07 1.66117e+07 1.84979e+07 2.0525e+07 2.27347e+07 2.49475e+07 2.73202e+07 3.00024e+07 3.3173e+07 3.6987e+07 4.23946e+07 5.14499e+07 6.62949e+07 9.04841e+07 1.28066e+08 1.81389e+08 2.47583e+08 3.27662e+08 4.16793e+08 
cMat: 
-192083 953.294 1120.17 1304.81 1521.07 1775.71 2075.69 2429.42 2848.16 3347.42 3941.99 4651.97 5511.03 6550.77 7812.17 9357.85 11279.4 13662.5 16635.6 20449.1 25329.5 31608.5 39844.6 50869.9 65577.4 85384.5 113074 151478 205142 281692 392275 551604 783059 1.12596e+06 1.6257e+06 2.35003e+06 3.37815e+06 4.828e+06 6.90767e+06 9.91857e+06 
4843.04 -227137 1289.63 1502.21 1751.21 2044.38 2389.79 2797.07 3279.23 3854.12 4538.78 5356.36 6345.66 7543.09 8995.88 10776.2 12989.5 15734.9 19160 23553.9 29177.7 36413.9 45906.8 58616.7 75574 98414.9 130352 174655 236574 324918 452562 636505 903762 1.29975e+06 1.87694e+06 2.71363e+06 3.90128e+06 5.57606e+06 7.9784e+06 1.14565e+07 
3631.51 822.958 -261620 1727.66 2014.05 2351.25 2748.54 3217.01 3771.62 4432.93 5220.53 6161.08 7299.24 8676.92 10348.5 12397.1 14944.2 18103.8 22046.2 27104.2 33579 41911.4 52844.1 67484.4 87021 113341 150152 201229 272631 374530 521790 734049 1.04251e+06 1.49963e+06 2.16601e+06 3.13213e+06 4.50358e+06 6.4375e+06 9.21158e+06 1.32279e+07 
2694.93 610.717 1100.67 -301900 2314.28 2701.79 3158.35 3696.73 4334.13 5094.18 5999.43 7080.5 8388.82 9972.56 11894.3 14249.6 17178.4 20812 25346.1 31164.3 38613.3 48200.8 60782.8 77635.4 100129 130440 172844 231696 313990 431464 601278 846104 1.20198e+06 1.72945e+06 2.49853e+06 3.61372e+06 5.19688e+06 7.42928e+06 1.06315e+07 1.52678e+07 
1997.69 452.714 815.915 1471.61 -348871 3073.96 3625.76 4243.9 4975.75 5848.47 6887.97 8129.42 9631.94 11450.9 13658.2 16363.8 19728.6 23903.5 29113.8 35800.9 44363.6 55386.7 69855.6 89240.3 115120 150003 198817 266587 361379 496736 692456 974711 1.3851e+06 1.99349e+06 2.88074e+06 4.16749e+06 5.99436e+06 8.57032e+06 1.22654e+07 1.76153e+07 
1479.7 335.332 604.368 1090.07 1950.4 -403483 4155.72 4864.32 5703.3 6703.84 7895.65 9319.1 11042 13128 15659.6 18763.1 22623.1 27413.2 33392.2 41067.3 50897.3 63554.6 80172.7 102443 132185 172285 228422 306385 415474 571306 796708 1.12188e+06 1.59482e+06 2.2961e+06 3.31908e+06 4.80298e+06 6.90996e+06 9.88075e+06 1.41423e+07 2.03123e+07 
1094.7 248.085 447.128 806.475 1455.98 2630.12 -466951 5566.84 6527.19 7672.54 9036.94 10666.6 12639.4 15028.1 17927.4 21482.1 25904.2 31392.5 38244.3 47041.9 58312.1 72827.5 91890.8 117447 151588 197637 262128 351732 477163 656415 915799 1.29014e+06 1.83479e+06 2.64264e+06 3.82141e+06 5.53171e+06 7.96039e+06 1.13846e+07 1.62967e+07 2.34086e+07 
808.525 183.233 330.249 595.673 1075.42 1942.72 3512.92 -540671 7380.72 8767.8 10327.4 12190.5 14446 17177.4 20493 24558.8 29617.5 35897.2 43738.5 53809.2 66713.9 83339.2 105181 134473 173619 226442 300455 403337 547424 753440 1.05169e+06 1.48231e+06 2.10911e+06 3.0391e+06 4.39653e+06 6.36659e+06 9.1645e+06 1.31091e+07 1.87678e+07 2.69606e+07 
596.143 135.104 243.508 439.225 792.99 1432.55 2590.48 4641.88 -626449 9999.67 11779.1 13904.8 16478.7 19596.1 23380.8 28022.6 33799.2 40971.6 49929.6 61438.1 76189.7 95200.6 120186 153709 198530 259039 343869 461850 627179 863699 1.20629e+06 1.70119e+06 2.42191e+06 3.49163e+06 5.0536e+06 7.32124e+06 1.05422e+07 1.50831e+07 2.15971e+07 3.10286e+07 
438.94 99.4783 179.301 323.421 583.929 1054.91 1907.66 3454.57 6264.61 -725847 13396.6 15815.4 18744.6 22292.9 26601.5 31886.8 38466.1 46637 56845.1 69964.4 86787 108475 136993 175276 226488 295665 392714 527778 717171 988307 1.38129e+06 1.94933e+06 2.77708e+06 4.00618e+06 5.8017e+06 8.4094e+06 1.21141e+07 1.73364e+07 2.48282e+07 3.56755e+07 
322.381 73.0636 131.694 237.554 428.91 774.885 1401.34 2537.78 4602.33 8355.11 -841453 17945 21270.7 25300 30193.7 36198.1 43674.8 52962.9 64570.1 79494 98638.6 123332 155817 199454 257863 336815 447661 602042 818691 1.12909e+06 1.57932e+06 2.23056e+06 3.18019e+06 4.59099e+06 6.653e+06 9.64906e+06 1.39063e+07 1.9907e+07 2.85158e+07 4.09805e+07 
236.047 53.4982 96.4307 173.95 314.082 567.455 1026.26 1858.62 3370.86 6119.94 11134 -976091 23894 28638.4 34182.8 40987.4 49463.1 59995.9 73163.1 90100.8 111839 139892 176819 226456 292944 382882 509262 685429 932867 1.2877e+06 1.80279e+06 2.54847e+06 3.63666e+06 5.25421e+06 7.6198e+06 1.10587e+07 1.59462e+07 2.28348e+07 3.27174e+07 4.70268e+07 
172.472 39.0906 70.4631 127.112 229.521 414.698 750.034 1358.45 2463.91 4473.72 8139.83 14737.2 -1.13236e+06 32273.6 38528.5 46207.6 55776.4 67672 82549.4 101698 126288 158040 199868 256139 331576 433711 577385 777866 1.05975e+06 1.46443e+06 2.05249e+06 2.90463e+06 4.14936e+06 6.00089e+06 8.71062e+06 1.26521e+07 1.82557e+07 2.61524e+07 3.74819e+07 5.38863e+07 
125.581 28.4637 51.3093 92.5631 167.146 302.015 546.267 989.46 1794.8 3259.15 5930.63 10819.8 19769.4 -1.31443e+06 43248.9 51880.9 62642 76026 92773.1 114342 142059 177875 225095 288681 374009 489657 652541 880103 1.20047e+06 1.66097e+06 2.33095e+06 3.30292e+06 4.72425e+06 6.8402e+06 9.9395e+06 1.44509e+07 2.08667e+07 2.99068e+07 4.28772e+07 6.16578e+07 
91.0156 20.6299 37.1894 67.0936 121.16 218.938 396.031 717.396 1301.42 2363.5 4301.38 7848.57 14343 26283.7 -1.52681e+06 57365.6 70067.2 85068.2 103849 128055 159185 199443 252569 324189 420404 550962 735107 992726 1.35592e+06 1.87875e+06 2.64045e+06 3.74695e+06 5.36705e+06 7.78116e+06 1.13206e+07 1.64767e+07 2.38122e+07 3.41467e+07 4.89747e+07 7.04453e+07 
65.6583 14.8829 26.8306 48.4078 87.4221 157.984 285.797 517.76 939.365 1706.2 3105.61 5667.64 10359.5 18988.4 34547.8 -1.77607e+06 77950.4 94678.3 115635 142669 177466 222508 282013 362336 470382 617198 824616 1.11526e+06 1.5257e+06 2.11756e+06 2.98122e+06 4.23778e+06 6.08033e+06 8.82891e+06 1.28632e+07 1.87459e+07 2.71188e+07 3.89127e+07 5.58352e+07 8.0339e+07 
47.1692 10.6924 19.2772 34.7822 62.8195 113.533 205.406 372.162 675.297 1226.75 2233.33 4076.57 7453.12 13664.9 25150.4 46460.1 -2.06628e+06 104581 127801 157786 196422 246489 312722 402265 522901 687102 919548 1.24591e+06 1.70771e+06 2.37505e+06 3.35077e+06 4.77307e+06 6.86249e+06 9.9835e+06 1.45707e+07 2.12674e+07 3.0804e+07 4.42343e+07 6.35056e+07 9.14105e+07 
33.6488 7.62798 13.7532 24.817 44.8251 81.0202 146.599 265.648 482.096 875.938 1594.98 2912.04 5325.49 9767.13 17982.9 33233.4 61590.7 -2.40777e+06 140346 173408 216059 271401 344721 444021 578042 760813 1.02015e+06 1.38508e+06 1.90268e+06 2.65246e+06 3.75125e+06 5.35646e+06 7.7196e+06 1.12549e+07 1.64593e+07 2.40671e+07 3.49083e+07 5.0172e+07 7.20751e+07 1.0379e+08 
23.7994 5.39551 9.7288 17.5565 31.714 57.3285 103.744 188.019 341.271 620.193 1129.55 2062.81 3773.6 6923.38 12752.2 23577.8 43720.7 81525.1 -2.81228e+06 188197 236088 296891 377585 487090 635185 837591 1.12554e+06 1.53179e+06 2.10953e+06 2.94876e+06 4.18189e+06 5.98792e+06 8.65317e+06 1.26476e+07 1.85385e+07 2.71629e+07 3.94621e+07 5.67736e+07 8.16165e+07 1.17588e+08 
16.7319 3.79351 6.84078 12.346 22.3042 40.324 72.9833 132.293 240.172 436.569 795.339 1452.91 2658.87 4880.28 8993.42 16637.5 30872 57610.6 107635 -3.28654e+06 254882 320962 408840 528390 690472 912593 1.22962e+06 1.67834e+06 2.31861e+06 3.25194e+06 4.6279e+06 6.64955e+06 9.64221e+06 1.41374e+07 2.07819e+07 3.05283e+07 4.44406e+07 6.4016e+07 9.21089e+07 1.32785e+08 
11.6432 2.64001 4.76116 8.59374 15.5273 28.0762 50.8246 92.1451 167.324 304.234 554.423 1013.16 1854.91 3406.31 6280.66 11626.5 21590.4 40325.7 75856.4 143191 -3.8509e+06 343358 438163 567502 743365 985128 1.33151e+06 1.82365e+06 2.52862e+06 3.56055e+06 5.08794e+06 7.34061e+06 1.06875e+07 1.57284e+07 2.31994e+07 3.41832e+07 4.98797e+07 7.19569e+07 1.03641e+08 1.49514e+08 
7.99698 1.81342 3.27078 5.90439 10.6696 19.2959 34.9369 63.3548 115.073 209.295 381.543 697.515 1277.62 2347.49 4331.08 8023.31 14912.3 27880.2 52503.8 99243.9 188983 -4.52638e+06 459446 603373 792513 1.05346e+06 1.42898e+06 1.96483e+06 2.73593e+06 3.87012e+06 5.55668e+06 8.05517e+06 1.17833e+07 1.74162e+07 2.57907e+07 3.81356e+07 5.5801e+07 8.06368e+07 1.16281e+08 1.67881e+08 
5.42099 1.22941 2.2177 4.00395 7.23657 13.0898 23.7055 42.9985 78.1225 142.139 259.222 474.109 868.891 1597.5 2949.48 5468.46 10174 19043.2 35908.3 67981.7 129687 247071 -5.34725e+06 632514 833449 1.11184e+06 1.51455e+06 2.09221e+06 2.928e+06 4.16453e+06 6.01368e+06 8.76786e+06 1.28991e+07 1.91654e+07 2.85169e+07 4.23461e+07 6.21688e+07 9.00236e+07 1.30002e+08 1.87865e+08 
3.62581 0.822383 1.4837 2.67918 4.84315 8.76243 15.8728 28.7996 52.3428 95.2734 173.834 318.103 583.355 1073.32 1983.35 3680.8 6856.17 12850.2 24267.5 46028.6 87996.3 169984 331364 -6.33295e+06 859655 1.15174e+06 1.57698e+06 2.19088e+06 3.08515e+06 4.41791e+06 6.42538e+06 9.43602e+06 1.39823e+07 2.0913e+07 3.13055e+07 4.67369e+07 6.89042e+07 1.00035e+08 1.44716e+08 2.09364e+08 
2.37592 0.538963 0.972523 1.75645 3.17578 5.74718 10.4138 18.9009 34.3651 62.579 114.239 209.171 383.861 706.851 1307.38 2428.93 4530.26 8503.55 16086.1 30574.1 58591.3 113491 221946 436977 -7.5471e+06 1.17405e+06 1.61701e+06 2.26128e+06 3.20722e+06 4.62925e+06 6.78971e+06 1.00566e+07 1.50299e+07 2.26581e+07 3.41625e+07 5.13286e+07 7.60529e+07 1.10754e+08 1.60557e+08 2.32585e+08 
1.51914 0.344657 0.622019 1.12364 2.03207 3.67842 6.66735 12.1055 22.0189 40.1165 73.2749 134.252 246.565 454.44 841.385 1565.05 2923.23 5496.14 10416.5 19843.7 38129.6 74082.1 145395 287493 576535 -9.07821e+06 1.62504e+06 2.29837e+06 3.28679e+06 4.78771e+06 7.09135e+06 1.06089e+07 1.60153e+07 2.43697e+07 3.70555e+07 5.60948e+07 8.3605e+07 1.22194e+08 1.77574e+08 2.57618e+08 
0.951168 0.215834 0.389605 0.703958 1.27342 2.30583 4.18096 7.59421 13.8198 25.1928 46.0458 84.4257 155.193 286.332 530.763 988.628 1849.67 3484.33 6617.99 12641.4 24366.5 47511.4 93641.6 186113 375429 768316 -1.09607e+07 2.2615e+06 3.26765e+06 4.81569e+06 7.22418e+06 1.09503e+07 1.67527e+07 2.58126e+07 3.96979e+07 6.07028e+07 9.11878e+07 1.33925e+08 1.95253e+08 2.838e+08 
0.576345 0.130804 0.236168 0.426825 0.772314 1.39893 2.53753 4.61114 8.39551 15.314 28.0096 51.3966 94.5694 174.676 324.204 604.779 1133.56 2139.79 4073.83 7804.45 15094.7 29548.5 58509.8 116952 237470 491513 1.0229e+06 -1.33627e+07 3.16211e+06 4.72442e+06 7.19606e+06 1.10825e+07 1.72345e+07 2.69715e+07 4.20719e+07 6.51462e+07 9.88279e+07 1.46032e+08 2.13758e+08 3.114e+08 
0.33536 0.076126 0.137477 0.248526 0.449823 0.815074 1.47908 2.68899 4.89848 8.94097 16.3653 30.0549 55.3573 102.37 190.259 355.478 667.569 1262.95 2410.53 4632.47 8992.76 17678.3 35181.8 70760 144713 302003 635036 1.35863e+06 -1.6484e+07 4.46325e+06 6.99485e+06 1.09773e+07 1.74086e+07 2.77655e+07 4.4067e+07 6.92944e+07 1.06392e+08 1.58391e+08 2.32991e+08 3.40324e+08 
0.186591 0.0423642 0.0765244 0.138376 0.250533 0.454131 0.824446 1.49959 2.73333 4.99244 9.14517 16.81 30.9954 57.391 106.817 199.912 376.195 713.39 1365.3 2632.61 5130.81 10132.6 20275.5 41057.1 84634.6 178249 379210 822492 1.80847e+06 -2.06386e+07 6.53356e+06 1.04941e+07 1.70572e+07 2.78776e+07 4.52497e+07 7.25962e+07 1.13223e+08 1.70229e+08 2.5201e+08 3.69338e+08 
0.0973409 0.022105 0.0399391 0.0722402 0.130834 0.237247 0.430897 0.784153 1.43011 2.61394 4.79205 8.81637 16.2742 30.172 56.2392 105.435 198.827 377.958 725.353 1403.52 2746.63 5450.03 10968.2 22369.7 46502.7 98904.7 213108 469318 1.06176e+06 2.44759e+06 -2.61741e+07 9.36383e+06 1.57069e+07 2.6528e+07 4.44058e+07 7.32606e+07 1.16802e+08 1.78094e+08 2.66061e+08 3.91709e+08 
0.0347696 0.00789737 0.0142723 0.0258223 0.0467811 0.0848623 0.154197 0.280749 0.512315 0.937052 1.71923 3.16586 5.85029 10.8602 20.2725 38.0713 71.9442 137.092 263.827 512.264 1006.6 2006.9 4062.16 8344.82 17496.3 37585.8 82055 183602 423262 998624 2.3786e+06 -3.58522e+07 1.00962e+07 1.77529e+07 3.08905e+07 5.28252e+07 8.66825e+07 1.34662e+08 2.03633e+08 3.01603e+08 
0.0172851 0.00392682 0.00709834 0.0128462 0.0232799 0.042246 0.0767951 0.13989 0.255417 0.467489 0.858378 1.58205 2.92666 5.43974 10.1688 19.129 36.2231 69.1888 133.513 260.126 513.224 1028.07 2092.8 4330.25 9157.04 19869.9 43961.2 99987.3 235064 568421 1.39721e+06 3.53561e+06 -4.77627e+07 1.70758e+07 3.1211e+07 5.58236e+07 9.50239e+07 1.51228e+08 2.32312e+08 3.46748e+08 
0.00885633 0.00201234 0.00363841 0.00658622 0.011939 0.0216729 0.0394127 0.0718264 0.131211 0.240307 0.441554 0.814473 1.5082 2.80651 5.25328 9.89747 18.7775 35.9448 69.536 135.903 269.134 541.456 1108 2307.82 4918.99 10773.7 24136.1 55757.4 133592 331032 840873 2.21527e+06 6.0846e+06 -6.29219e+07 3.17415e+07 6.0642e+07 1.09415e+08 1.81311e+08 2.86195e+08 4.33139e+08 
0.00311989 0.000709022 0.00128221 0.00232158 0.00420947 0.00764389 0.0139057 0.0253524 0.0463355 0.0849103 0.156122 0.288193 0.534149 0.99502 1.86476 3.51833 6.68661 12.8255 24.8682 48.7432 96.8567 195.633 402.247 842.9 1809.55 3997.01 9056.77 21220.7 51731.7 131099 343427 940487 2.7135e+06 7.74456e+06 -8.88218e+07 4.60268e+07 8.98757e+07 1.58132e+08 2.60471e+08 4.03675e+08 
0.000932467 0.000211943 0.000383351 0.000694244 0.00125909 0.002287 0.00416185 0.00759058 0.013879 0.0254466 0.0468157 0.0864771 0.160412 0.299103 0.561159 1.06011 2.01789 3.87745 7.53369 14.8044 29.507 59.8092 123.499 260.181 562.135 1251.02 2863.35 6793.86 16819 43486.8 117145 332528 1.00346e+06 3.05916e+06 9.51635e+06 -1.27356e+08 6.46007e+07 1.24797e+08 2.1908e+08 3.53141e+08 
0.000230269 5.23446e-05 9.46916e-05 0.000171513 0.000311115 0.000565233 0.00102886 0.00187704 0.00343322 0.00629724 0.0115908 0.0214216 0.0397619 0.0741952 0.139319 0.263459 0.502098 0.966156 1.88021 3.70224 7.3966 15.0341 31.1472 65.8957 143.085 320.31 738.921 1770.53 4436.18 11651.3 32085 93737.8 293434 948202 3.19225e+06 1.10977e+07 -1.81137e+08 8.31837e+07 1.62426e+08 2.82067e+08 
4.57868e-05 1.0409e-05 1.88316e-05 3.41129e-05 6.1886e-05 0.00011245 0.00020472 0.000373555 0.000683401 0.00125382 0.00230848 0.00426784 0.00792498 0.0147949 0.0277957 0.0525958 0.100313 0.193196 0.376349 0.741978 1.48456 3.02263 6.27509 13.3101 28.9904 65.1335 150.988 363.988 918.858 2437.19 6806.38 20260.3 64971.9 218608 781433 2.98276e+06 1.15733e+07 -2.47513e+08 9.78535e+07 1.99288e+08 
7.15281e-06 1.62618e-06 2.94223e-06 5.33015e-06 9.67053e-06 1.75736e-05 3.19973e-05 5.83936e-05 0.000106845 0.000196063 0.000361058 0.000667672 0.00124016 0.002316 0.00435284 0.00824024 0.0157247 0.0303035 0.0590737 0.116567 0.23347 0.475919 0.989432 2.10241 4.58878 10.3349 24.0352 58.1749 147.58 393.956 1110.25 3345.19 10897.8 37677 140541 571727 2.46742e+06 1.06843e+07 -3.27647e+08 1.19786e+08 
8.47644e-07 1.92718e-07 3.487e-07 6.3174e-07 1.14624e-06 2.08314e-06 3.79322e-06 6.92313e-06 1.26689e-05 2.32509e-05 4.28241e-05 7.92043e-05 0.000147148 0.000274865 0.00051674 0.000978537 0.00186804 0.00360151 0.00702423 0.0138689 0.027797 0.0567079 0.118005 0.251028 0.548614 1.23744 2.88325 6.99439 17.791 47.651 134.903 408.91 1342.45 4706.1 17976.1 76059.4 353639 1.79586e+06 9.8861e+06 -4.1679e+08 
dt_FE: 4.9186e-10
dt_EA: 4.9186e-10
dt_PE: 4.9186e-10
tolC: 1e-06
dt_grow: 1.03
dt_max: 0.1
steps: 0
