t: 2.62982e-08
dt: 6.00202e-10
N: 0.0170105 0.0196149 0.0226024 0.0260282 0.029952 0.034431 0.0395374 0.0453502 0.0519455 0.0593882 0.0677787 0.0772054 0.0876867 0.0993055 0.112126 0.126122 0.141152 0.157235 0.174255 0.191567 0.208986 0.226131 0.242077 0.255447 0.265829 0.272245 0.27128 0.262741 0.245836 0.218665 0.185447 0.256397 0.16027 0.0407372 0.0162826 0.00538618 0.00145025 0.000313434 5.30642e-05 6.78791e-06 
eC: 1 1.15749 1.33977 1.55077 1.795 2.07768 2.40489 2.78363 3.22201 3.72944 4.31677 4.99661 5.78351 6.69433 7.7486 8.9689 10.3814 12.0163 13.9087 16.0991 18.6345 21.5692 24.9661 28.8979 33.4489 38.7167 44.814 51.8717 60.0407 69.4963 80.4411 93.1095 107.773 124.746 144.391 167.131 193.452 223.918 259.182 300 
dV: 1.08333 0.211322 0.327712 0.508206 0.788112 1.22218 1.89532 2.93921 4.55805 7.06849 10.9616 16.999 26.3615 40.8807 63.3966 98.3136 152.462 236.434 366.655 568.597 881.764 1367.42 2120.55 3288.49 5099.69 7908.45 12264.2 19019 29494.1 45738.6 70930.1 109996 170579 264529 410225 636165 986546 1.52991e+06 2.37254e+06 3.67926e+06 
kVec: 883026 1.02497e+06 1.18237e+06 1.36408e+06 1.57366e+06 1.81469e+06 2.09175e+06 2.41003e+06 2.77513e+06 3.19206e+06 3.6687e+06 4.21297e+06 4.82958e+06 5.52825e+06 6.31863e+06 7.20872e+06 8.19854e+06 9.30292e+06 1.05319e+07 1.18624e+07 1.33085e+07 1.48743e+07 1.65468e+07 1.82654e+07 2.00723e+07 2.2004e+07 2.38886e+07 2.5903e+07 2.82349e+07 3.1155e+07 3.49498e+07 4.0733e+07 5.05144e+07 6.60042e+07 9.05686e+07 1.28382e+08 1.81841e+08 2.48086e+08 3.28178e+08 4.17294e+08 
cMat: 
-173092 943.8 1109.02 1291.81 1505.93 1758.02 2055.02 2405.22 2819.79 3314.08 3902.74 4605.64 5456.15 6485.53 7734.37 9264.66 11167 13526.5 16469.9 20245.4 25077.3 31293.7 39447.8 50363.3 64924.3 84534.2 111948 149970 203099 278887 388368 546111 775260 1.11475e+06 1.60951e+06 2.32663e+06 3.34451e+06 4.77992e+06 6.83888e+06 9.8198e+06 
4787.41 -205020 1274.82 1484.95 1731.09 2020.9 2362.34 2764.94 3241.56 3809.85 4486.65 5294.83 6272.77 7456.44 8892.54 10652.4 12840.3 15554.1 18939.9 23283.3 28842.5 35995.6 45379.5 57943.4 74705.8 97284.4 128854 172649 233857 321186 447363 629193 893380 1.28482e+06 1.85538e+06 2.68246e+06 3.85647e+06 5.51201e+06 7.88675e+06 1.13249e+07 
3583.43 812.06 -235918 1704.78 1987.38 2320.12 2712.15 3174.41 3721.68 4374.23 5151.41 6079.49 7202.58 8562.02 10211.5 12232.9 14746.3 17864.1 21754.2 26745.3 33134.3 41356.4 52144.3 66590.8 85868.7 111841 148164 198564 269021 369570 514881 724329 1.02871e+06 1.47977e+06 2.13733e+06 3.09066e+06 4.44395e+06 6.35226e+06 9.08961e+06 1.30527e+07 
2653.82 601.401 1083.88 -272008 2278.98 2660.57 3110.17 3640.34 4268.01 5016.47 5907.91 6972.49 8260.84 9820.42 11712.8 14032.3 16916.4 20494.5 24959.5 30688.9 38024.2 47465.5 59855.6 76451 98601.4 128450 170207 228161 309200 424882 592105 833197 1.18364e+06 1.70306e+06 2.46042e+06 3.55859e+06 5.1176e+06 7.31594e+06 1.04693e+07 1.50349e+07 
1962.6 444.763 801.585 1445.76 -314072 3019.97 3562.08 4169.37 4888.36 5745.75 6766.99 7986.64 9462.77 11249.8 13418.3 16076.4 19382.1 23483.7 28602.5 35172.1 43584.4 54413.9 68628.7 87672.9 113098 147368 195325 261905 355032 488012 680294 957592 1.36077e+06 1.95848e+06 2.83014e+06 4.0943e+06 5.88908e+06 8.4198e+06 1.205e+07 1.73059e+07 
1449.81 328.558 592.159 1068.05 1911 -362945 4071.77 4766.06 5588.09 6568.42 7736.15 9130.85 10819 12862.8 15343.3 18384 22166.1 26859.4 32717.7 40237.8 49869.2 62270.7 78553.2 100374 129514 168805 223807 300195 407082 559765 780614 1.09922e+06 1.5626e+06 2.24972e+06 3.25203e+06 4.70596e+06 6.77037e+06 9.68115e+06 1.38566e+07 1.99019e+07 
1069.29 242.326 436.75 787.756 1422.18 2569.07 -419687 5437.63 6375.69 7494.45 8827.18 10419 12346 14679.3 17511.3 20983.5 25302.9 30663.9 37356.6 45950 56958.6 71137.1 89757.9 114721 148069 193050 256044 343568 466087 641179 894543 1.26019e+06 1.79221e+06 2.5813e+06 3.73271e+06 5.40331e+06 7.77562e+06 1.11204e+07 1.59185e+07 2.28653e+07 
786.984 178.351 321.451 579.803 1046.77 1890.96 3419.33 -485508 7184.08 8534.2 10052.3 11865.7 14061.1 16719.7 19947.1 23904.5 28828.4 34940.8 42573.2 52375.6 64936.5 81118.8 102378 130890 168993 220409 292450 392591 532840 733367 1.02367e+06 1.44281e+06 2.05292e+06 2.95813e+06 4.2794e+06 6.19697e+06 8.92034e+06 1.27599e+07 1.82677e+07 2.62423e+07 
577.936 130.977 236.071 425.811 768.772 1388.8 2511.37 4500.11 -561999 9694.28 11419.3 13480.2 15975.5 18997.6 22666.8 27166.7 32767 39720.3 48404.7 59561.7 73862.8 92293.1 116515 149015 192467 251128 333367 447745 608024 837321 1.16945e+06 1.64923e+06 2.34794e+06 3.38499e+06 4.89926e+06 7.09764e+06 1.02203e+07 1.46224e+07 2.09375e+07 3.00809e+07 
423.6 96.0019 173.035 312.118 563.522 1018.04 1841 3333.84 6045.68 -650504 12928.4 15262.7 18089.6 21513.8 25671.8 30772.5 37121.8 45007.2 54858.5 67519.4 83754.1 104685 132205 169151 218573 285333 378990 509334 692109 953769 1.33302e+06 1.88121e+06 2.68003e+06 3.86618e+06 5.59895e+06 8.11551e+06 1.16907e+07 1.67305e+07 2.39605e+07 3.44287e+07 
309.511 70.1468 126.436 228.07 411.788 743.95 1345.39 2436.47 4418.59 8021.56 -753270 17228.6 20421.5 24290 28988.3 34753 41931.2 50848.5 61992.3 76320.4 94700.8 118408 149597 191491 247569 323368 429789 578008 786008 1.08402e+06 1.51627e+06 2.14151e+06 3.05323e+06 4.40771e+06 6.3874e+06 9.26385e+06 1.33511e+07 1.91123e+07 2.73774e+07 3.93445e+07 
225.302 51.0629 92.041 166.031 299.785 541.624 979.541 1774.01 3217.41 5841.35 10627.2 -872747 22806.3 27334.7 32626.7 39121.6 47211.5 57264.7 69832.6 85999.3 106748 133524 168770 216148 279609 365452 486080 654227 890401 1.22908e+06 1.72073e+06 2.43246e+06 3.47111e+06 5.01503e+06 7.27293e+06 1.05553e+07 1.52203e+07 2.17953e+07 3.12281e+07 4.48861e+07 
163.546 37.0673 66.8161 120.533 217.642 393.234 711.213 1288.14 2336.38 4242.16 7718.52 13974.4 -1.01121e+06 30603.2 36534.3 43816 52889.5 64169.4 78276.8 96434.2 119751 149860 189523 242881 314414 411262 547500 737605 1.0049e+06 1.38863e+06 1.94626e+06 2.7543e+06 3.93459e+06 5.69029e+06 8.25977e+06 1.19973e+07 1.73108e+07 2.47988e+07 3.55418e+07 5.10972e+07 
118.212 26.7933 48.2982 87.1311 157.337 284.291 514.21 931.394 1689.47 3067.89 5582.59 10184.9 18609.3 -1.17229e+06 40710.8 48836.3 58965.9 71564.5 87328.8 107632 133723 167437 211885 271740 352061 460922 614247 828455 1.13002e+06 1.56349e+06 2.19416e+06 3.10909e+06 4.44701e+06 6.43878e+06 9.3562e+06 1.36028e+07 1.96421e+07 2.81518e+07 4.03609e+07 5.80394e+07 
84.9777 19.2613 34.7223 62.6426 113.123 204.414 369.759 669.804 1215.08 2206.7 4016.02 7327.9 13391.5 24540 -1.3599e+06 53560 65419 79424.8 96959.5 119560 148625 186212 235814 302682 392514 514411 686340 926869 1.26597e+06 1.75411e+06 2.46529e+06 3.49838e+06 5.011e+06 7.26496e+06 1.05696e+07 1.53836e+07 2.22325e+07 3.18815e+07 4.57257e+07 6.5772e+07 
60.7531 13.771 24.8261 44.7913 80.8909 146.181 264.446 479.079 869.187 1578.73 2873.59 5244.22 9585.58 17569.8 31966.8 -1.57992e+06 72126.9 87605.1 106996 132010 164207 205884 260944 335266 435240 571088 763011 1.03194e+06 1.41172e+06 1.95936e+06 2.7585e+06 3.92118e+06 5.62608e+06 8.16932e+06 1.19022e+07 1.73454e+07 2.50928e+07 3.60056e+07 5.16639e+07 7.4337e+07 
43.2212 9.79749 17.6637 31.871 57.5616 104.031 188.213 341.012 618.775 1124.08 2046.4 3735.37 6829.31 12521.2 23045.4 42571.4 -1.83603e+06 95827.7 117104 144579 179981 225858 286548 368595 479135 629592 842582 1.14163e+06 1.56478e+06 2.17626e+06 3.07032e+06 4.37357e+06 6.28811e+06 9.14789e+06 1.33511e+07 1.94873e+07 2.82257e+07 4.05319e+07 5.81903e+07 8.37595e+07 
30.5087 6.91616 12.4698 22.5011 40.6422 73.4596 132.919 240.858 437.108 794.198 1446.14 2640.3 4828.53 8855.69 16304.8 30132.1 55843.2 -2.13748e+06 127249 157226 195897 246074 312552 402586 524101 689816 924949 1.25583e+06 1.72513e+06 2.40494e+06 3.40119e+06 4.85661e+06 6.99923e+06 1.02047e+07 1.49234e+07 2.18213e+07 3.16508e+07 4.54901e+07 6.53492e+07 9.4105e+07 
21.3367 4.8372 8.72209 15.7398 28.4323 51.3962 93.0089 168.563 305.957 556.017 1012.67 1849.36 3383.12 6206.96 11432.7 21138 39196.6 73089.1 -2.49509e+06 168723 211658 266170 338513 436687 569458 750919 1.00907e+06 1.37328e+06 1.89124e+06 2.64363e+06 3.74916e+06 5.3683e+06 7.75776e+06 1.13389e+07 1.66201e+07 2.43522e+07 3.53786e+07 5.08988e+07 7.3171e+07 1.0542e+08 
14.8286 3.362 6.06263 10.9416 19.7671 35.7371 64.6813 117.244 212.852 386.909 704.868 1287.64 2356.42 4325.14 7970.4 14744.9 27360.2 51057.3 95391.7 -2.91565e+06 225889 284452 362334 468285 611930 808784 1.08975e+06 1.48743e+06 2.05486e+06 2.88202e+06 4.10147e+06 5.89316e+06 8.54539e+06 1.25293e+07 1.84179e+07 2.70556e+07 3.93854e+07 5.67341e+07 8.16314e+07 1.1768e+08 
10.1997 2.31269 4.17085 7.52825 13.6022 24.5952 44.5231 80.7205 146.578 266.513 485.683 887.548 1624.93 2983.98 5501.96 10185 18913.6 35325.9 66451.4 125438 -3.41844e+06 300787 383838 497141 651200 862988 1.16643e+06 1.59754e+06 2.21511e+06 3.1191e+06 4.45712e+06 6.43049e+06 9.36242e+06 1.37783e+07 2.0323e+07 2.9945e+07 4.36954e+07 6.30354e+07 9.07915e+07 1.30976e+08 
6.92637 1.57064 2.8329 5.11393 9.24122 16.7126 30.2597 54.873 99.6677 181.275 330.463 604.134 1106.58 2033.22 3751.25 6949.17 12915.9 24147.6 45474.7 85957.4 163682 -4.02433e+06 397937 522595 686414 912425 1.23767e+06 1.70178e+06 2.36965e+06 3.352e+06 4.81277e+06 6.97677e+06 1.02058e+07 1.50846e+07 2.2338e+07 3.30301e+07 4.83305e+07 6.98414e+07 1.00714e+08 1.45406e+08 
4.64705 1.05389 1.90109 3.43232 6.20343 11.221 20.3211 36.8597 66.9692 121.846 222.214 406.421 744.841 1369.43 2528.39 4687.74 8721.51 16324.4 30781.8 58276.1 111172 211797 -4.76693e+06 542211 714460 953103 1.29832e+06 1.79351e+06 2.50998e+06 3.56997e+06 5.15512e+06 7.51609e+06 1.10575e+07 1.64292e+07 2.44456e+07 3.63004e+07 5.32931e+07 7.71711e+07 1.11442e+08 1.61044e+08 
3.0831 0.699288 1.26162 2.27816 4.11822 7.45086 13.497 24.4889 44.5081 81.0128 147.814 270.489 496.037 912.667 1686.48 3129.85 5829.93 10926.8 20635.1 39139 74824.9 144541 281765 -5.669e+06 730981 979345 1.34093e+06 1.86295e+06 2.62336e+06 3.75663e+06 5.46363e+06 8.02363e+06 1.18894e+07 1.77827e+07 2.66196e+07 3.97413e+07 5.85905e+07 8.50619e+07 1.23055e+08 1.78026e+08 
2.00948 0.455839 0.822531 1.48555 2.68598 4.8608 8.80769 15.9858 29.0649 52.9274 96.62 176.911 324.658 597.833 1105.74 2054.32 3831.55 7192.05 13605.1 25858.6 49554.8 95987.6 187716 369582 -6.7955e+06 992976 1.36761e+06 1.91252e+06 2.71257e+06 3.91528e+06 5.74253e+06 8.50557e+06 1.27118e+07 1.91636e+07 2.88936e+07 4.34122e+07 6.43232e+07 9.36725e+07 1.35795e+08 1.96713e+08 
1.28269 0.291013 0.525207 0.948753 1.7158 3.1059 5.62963 10.2214 18.5918 33.8727 61.8702 113.357 208.189 383.71 710.43 1321.46 2468.25 4640.71 8795.22 16755.2 32195 62551.8 122765 242747 486801 -8.23864e+06 1.37211e+06 1.94064e+06 2.77522e+06 4.04254e+06 5.98763e+06 8.95768e+06 1.35226e+07 2.05767e+07 3.12881e+07 4.7364e+07 7.05925e+07 1.03175e+08 1.49936e+08 2.17521e+08 
0.80679 0.183072 0.330466 0.597104 1.08012 1.95583 3.54633 6.44148 11.7221 21.3687 39.0565 71.6107 131.636 242.869 450.198 838.564 1568.91 2955.44 5613.44 10722.5 20667.9 40299.6 79427.7 157862 318442 651693 -1.00446e+07 1.91823e+06 2.77165e+06 4.08471e+06 6.12761e+06 9.28817e+06 1.42098e+07 2.18945e+07 3.36721e+07 5.14887e+07 7.73464e+07 1.13597e+08 1.65615e+08 2.40722e+08 
0.494175 0.112156 0.202497 0.365972 0.662204 1.19948 2.17576 3.95373 7.19855 13.1307 24.0162 44.0689 81.0865 149.772 277.981 518.555 971.945 1834.71 3493.02 6691.76 12942.7 25335.8 50168 100278 203614 421437 877068 -1.23925e+07 2.71128e+06 4.05085e+06 6.17011e+06 9.50247e+06 1.47774e+07 2.31261e+07 3.60737e+07 5.58583e+07 8.47379e+07 1.25212e+08 1.83283e+08 2.67003e+08 
0.292545 0.066407 0.119925 0.216796 0.392395 0.711014 1.29024 2.34569 4.27309 7.79948 14.2759 26.2178 48.2899 89.3007 165.969 310.095 582.341 1101.71 2102.78 4041.05 7844.66 15421.3 30690.2 61726.1 126237 263446 553961 1.18517e+06 -1.55087e+07 3.89343e+06 6.10183e+06 9.57579e+06 1.51861e+07 2.42207e+07 3.8441e+07 6.04476e+07 9.28093e+07 1.3817e+08 2.03245e+08 2.96875e+08 
0.166688 0.0378453 0.0683617 0.123615 0.223809 0.40569 0.736505 1.33963 2.44177 4.45991 8.16968 15.0169 27.6892 51.2692 95.423 178.588 336.067 637.294 1219.66 2351.8 4583.52 9051.74 18112.8 36677.6 75606.8 159235 338761 734759 1.61556e+06 -1.97361e+07 5.83664e+06 9.37473e+06 1.52377e+07 2.4904e+07 4.0423e+07 6.48525e+07 1.01146e+08 1.52071e+08 2.25129e+08 3.29941e+08 
0.0899183 0.0204195 0.0368936 0.0667316 0.120857 0.219156 0.398039 0.724358 1.32106 2.41462 4.42664 8.14409 15.0332 27.8713 51.9508 97.3955 183.666 349.138 670.042 1296.5 2537.19 5034.45 10131.8 20663.9 42956.7 91362.8 196857 433531 980799 2.26096e+06 -2.54399e+07 8.6498e+06 1.45092e+07 2.45052e+07 4.10196e+07 6.76742e+07 1.07896e+08 1.64513e+08 2.45773e+08 3.6184e+08 
0.0393233 0.00893168 0.0161416 0.0292042 0.052908 0.0959766 0.174392 0.317519 0.579412 1.05978 1.94439 3.58049 6.61649 12.2825 22.9275 43.0574 81.3666 155.047 298.38 579.355 1138.43 2269.74 4594.17 9437.73 19787.7 42508.4 92801.7 207648 478696 1.12941e+06 2.69012e+06 -3.44022e+07 1.14185e+07 2.0078e+07 3.49362e+07 5.97436e+07 9.80352e+07 1.52299e+08 2.30303e+08 3.41103e+08 
0.0194231 0.00441252 0.00797631 0.0144351 0.0261594 0.0474713 0.0862937 0.157193 0.287009 0.525312 0.964549 1.77773 3.28866 6.11257 11.4266 21.495 40.7034 77.7466 150.027 292.3 576.704 1155.23 2351.66 4865.85 10289.7 22327.6 49398.6 112354 264139 638728 1.57003e+06 3.97292e+06 -4.63659e+07 1.91878e+07 3.50714e+07 6.27283e+07 1.06777e+08 1.69933e+08 2.61046e+08 3.89636e+08 
0.00875052 0.00198829 0.00359494 0.00650754 0.0117963 0.021414 0.0389419 0.0709683 0.129644 0.237436 0.436279 0.804742 1.49018 2.77298 5.19052 9.77923 18.5532 35.5154 68.7053 134.28 265.918 534.987 1094.76 2280.25 4860.22 10644.9 23847.8 55091.3 131996 327077 830827 2.18881e+06 6.01191e+06 -6.3009e+07 3.13623e+07 5.99175e+07 1.08108e+08 1.79145e+08 2.82775e+08 4.27964e+08 
0.00310601 0.000705866 0.0012765 0.00231125 0.00419073 0.00760987 0.0138438 0.0252395 0.0461293 0.0845324 0.155428 0.28691 0.531772 0.990592 1.85647 3.50267 6.65685 12.7684 24.7576 48.5263 96.4256 194.762 400.457 839.149 1801.5 3979.22 9016.46 21126.3 51501.5 130516 341899 936301 2.70142e+06 7.7101e+06 -8.8999e+07 4.5822e+07 8.94757e+07 1.57428e+08 2.59311e+08 4.01879e+08 
0.000931246 0.000211665 0.000382849 0.000693334 0.00125744 0.00228401 0.0041564 0.00758063 0.0138608 0.0254132 0.0467544 0.0863638 0.160202 0.298711 0.560424 1.05872 2.01525 3.87237 7.52382 14.785 29.4683 59.7308 123.337 259.84 561.398 1249.38 2859.6 6784.96 16797 43429.8 116992 332092 1.00214e+06 3.05515e+06 9.50388e+06 -1.27668e+08 6.45161e+07 1.24634e+08 2.18793e+08 3.52679e+08 
0.000230193 5.23274e-05 9.46605e-05 0.000171457 0.000311013 0.000565047 0.00102853 0.00187642 0.00343209 0.00629517 0.011587 0.0214146 0.0397488 0.0741708 0.139273 0.263372 0.501933 0.965839 1.87959 3.70102 7.39417 15.0291 31.137 65.874 143.038 320.205 738.678 1769.95 4434.72 11647.5 32074.5 93707 293337 947891 3.19121e+06 1.10941e+07 -1.81572e+08 8.31564e+07 1.62372e+08 2.81974e+08 
4.57836e-05 1.04083e-05 1.88303e-05 3.41105e-05 6.18817e-05 0.000112442 0.000204706 0.000373529 0.000683353 0.00125373 0.00230832 0.00426754 0.00792443 0.0147938 0.0277938 0.0525921 0.100306 0.193182 0.376323 0.741926 1.48446 3.02241 6.27465 13.3092 28.9884 65.1289 150.977 363.962 918.793 2437.02 6805.9 20258.9 64967.4 218593 781378 2.98255e+06 1.15724e+07 -2.48008e+08 9.78466e+07 1.99274e+08 
7.15272e-06 1.62616e-06 2.9422e-06 5.33008e-06 9.67041e-06 1.75734e-05 3.19969e-05 5.83929e-05 0.000106844 0.00019606 0.000361054 0.000667664 0.00124015 0.00231597 0.00435278 0.00824014 0.0157245 0.0303031 0.059073 0.116566 0.233467 0.475913 0.98942 2.10238 4.58872 10.3348 24.0349 58.1742 147.578 393.951 1110.24 3345.15 10897.6 37676.5 140539 571720 2.46739e+06 1.06842e+07 -3.28161e+08 1.19784e+08 
8.47642e-07 1.92718e-07 3.48699e-07 6.31739e-07 1.14624e-06 2.08314e-06 3.79322e-06 6.92312e-06 1.26689e-05 2.32508e-05 4.2824e-05 7.92041e-05 0.000147148 0.000274864 0.000516739 0.000978535 0.00186803 0.0036015 0.00702422 0.0138688 0.027797 0.0567078 0.118005 0.251027 0.548613 1.23743 2.88325 6.99438 17.791 47.6509 134.903 408.909 1342.45 4706.09 17976.1 76059.3 353638 1.79586e+06 9.88609e+06 -4.17292e+08 
dt_FE: 6.00202e-10
dt_EA: 6.00202e-10
dt_PE: 6.00202e-10
tolC: 1e-06
dt_grow: 1.03
dt_max: 0.1
steps: 0
