t: 8.34378e-08
dt: 1.92009e-09
N: 0.0599163 0.0687999 0.0788966 0.0903532 0.103316 0.117904 0.134267 0.15255 0.172852 0.195197 0.219685 0.246319 0.274832 0.305112 0.336929 0.369753 0.402747 0.435501 0.46724 0.496159 0.521586 0.542488 0.557045 0.562965 0.559505 0.544841 0.51467 0.468502 0.4056 0.326671 0.238034 0.159076 0.0834932 0.0366335 0.0139713 0.00448948 0.00119699 0.000258439 4.37828e-05 5.6059e-06 
eC: 1 1.15749 1.33977 1.55077 1.795 2.07768 2.40489 2.78363 3.22201 3.72944 4.31677 4.99661 5.78351 6.69433 7.7486 8.9689 10.3814 12.0163 13.9087 16.0991 18.6345 21.5692 24.9661 28.8979 33.4489 38.7167 44.814 51.8717 60.0407 69.4963 80.4411 93.1095 107.773 124.746 144.391 167.131 193.452 223.918 259.182 300 
dV: 1.08333 0.211322 0.327712 0.508206 0.788112 1.22218 1.89532 2.93921 4.55805 7.06849 10.9616 16.999 26.3615 40.8807 63.3966 98.3136 152.462 236.434 366.655 568.597 881.764 1367.42 2120.55 3288.49 5099.69 7908.45 12264.2 19019 29494.1 45738.6 70930.1 109996 170579 264529 410225 636165 986546 1.52991e+06 2.37254e+06 3.67926e+06 
kVec: 970622 1.12549e+06 1.29753e+06 1.49579e+06 1.72404e+06 1.98591e+06 2.28616e+06 2.63006e+06 3.02315e+06 3.47011e+06 3.97865e+06 4.55612e+06 5.20565e+06 5.93564e+06 6.75379e+06 7.6646e+06 8.66276e+06 9.75858e+06 1.09551e+07 1.22169e+07 1.35488e+07 1.49428e+07 1.63718e+07 1.77595e+07 1.91441e+07 2.05606e+07 2.18572e+07 2.32542e+07 2.50108e+07 2.7533e+07 3.12745e+07 3.75001e+07 4.81333e+07 6.45242e+07 8.98193e+07 1.28215e+08 1.82106e+08 2.48603e+08 3.28828e+08 4.17984e+08 
cMat: 
-126693 902.605 1060.61 1235.43 1440.19 1681.29 1965.32 2300.24 2696.71 3169.43 3732.39 4404.62 5218 6202.45 7396.78 8860.27 10679.6 12936.1 15751 19361.8 23982.7 29927.8 37725.9 48165 62090.5 80844.4 107062 143424 194234 266714 371417 522274 741422 1.06609e+06 1.53925e+06 2.22508e+06 3.19853e+06 4.57128e+06 6.54037e+06 9.39118e+06 
4547.23 -150919 1210.86 1410.45 1644.24 1919.51 2243.82 2626.23 3078.93 3618.71 4261.56 5029.19 5958.07 7082.36 8446.41 10118 12196.1 14773.8 17989.7 22115.2 27395.5 34189.7 43102.8 55036.4 70957.9 92403.7 122390 163987 222125 305072 424919 597627 848560 1.22037e+06 1.7623e+06 2.54788e+06 3.66299e+06 5.23548e+06 7.49108e+06 1.07567e+07 
3377.04 765.289 -173118 1606.6 1872.91 2186.49 2555.94 2991.58 3507.33 4122.29 4854.71 5729.34 6787.74 8068.88 9623.33 11528.4 13897 16835.2 20501.3 25204.9 31225.9 38974.4 49141 62755.4 80923 105399 139631 187128 253527 348285 485226 682611 969457 1.39454e+06 2.01423e+06 2.91265e+06 4.18799e+06 5.9864e+06 8.56608e+06 1.23009e+07 
2478.55 561.682 1012.3 -199043 2128.46 2484.86 2904.76 3399.91 3986.13 4685.16 5517.73 6512 7715.26 9171.84 10939.3 13105.5 15799.2 19141 23311 28662.1 35512.9 44330.7 55902.5 71401.9 92089.4 119967 158966 213093 288779 396822 553000 778169 1.10547e+06 1.59059e+06 2.29792e+06 3.32357e+06 4.77961e+06 6.83277e+06 9.77791e+06 1.40419e+07 
1814.17 411.125 740.962 1336.42 -229228 2791.57 3292.68 3854.04 4518.66 5311.2 6255.21 7382.62 8747.1 10399 12403.5 14860.6 17916.3 21707.6 26439.3 32512 40288.1 50298.6 63438.3 81042.2 104544 136223 180553 242097 328181 451104 628844 885170 1.25786e+06 1.81036e+06 2.6161e+06 3.78465e+06 5.44369e+06 7.78301e+06 1.11387e+07 1.5997e+07 
1324.48 300.154 540.967 975.715 1745.8 -264241 3719.77 4354.03 5105 6000.58 7067.36 8341.49 9883.67 11750.8 14016.8 16794.7 20249.9 24537.4 29889.2 36759.2 45558 56887.4 71762.2 91696.6 118318 154212 204459 274244 371889 511373 713130 1.00419e+06 1.42751e+06 2.05523e+06 2.9709e+06 4.29913e+06 6.18507e+06 8.84421e+06 1.26587e+07 1.81814e+07 
963.827 218.426 393.673 710.06 1281.91 2315.68 -304793 4901.32 5746.86 6755.28 7956.56 9391.42 11128.3 13231.5 15784.2 18913.9 22807.3 27639.5 33672.1 41417.9 51340.8 64120.9 80905.1 103406 133465 174009 230791 309682 420117 577940 806314 1.1359e+06 1.61544e+06 2.32671e+06 3.36456e+06 4.87038e+06 7.00872e+06 1.00236e+07 1.43484e+07 2.06101e+07 
698.612 158.324 285.354 514.696 929.228 1678.62 3035.36 -351683 6377.36 7575.88 8923.5 10533.3 12482.2 14842.3 17707.2 21220.2 25591.2 31017.2 37792.5 46494.2 57644.6 72009.8 90882.1 116192 150017 195659 259610 348506 473006 651016 908719 1.2808e+06 1.82239e+06 2.62596e+06 3.79885e+06 5.5011e+06 7.91865e+06 1.1327e+07 1.62164e+07 2.32955e+07 
504.231 114.274 205.964 371.506 670.729 1211.68 2191.09 3926.21 -406026 8457.95 9963.01 11761 13938.1 16574.8 19776 23702.1 28588.2 34654.7 42231.6 51965.8 64443 80522.9 101656 130011 167921 219101 290852 390644 530482 730536 1.02031e+06 1.4389e+06 2.04851e+06 2.9533e+06 4.27445e+06 6.19247e+06 8.91686e+06 1.27576e+07 1.82673e+07 2.62447e+07 
362.439 82.1408 148.052 267.053 482.159 871.055 1575.19 2852.49 5172.78 -468726 11061.8 13059 15477.7 18407.6 21965.2 26329.4 31762 38508.9 46937.8 57770.7 71661.3 89569.8 113117 144728 187015 244135 324270 435794 592179 816061 1.14055e+06 1.6096e+06 2.29308e+06 3.30797e+06 4.79055e+06 6.94377e+06 1.00028e+07 1.43149e+07 2.0501e+07 2.94578e+07 
259.076 58.7163 105.834 190.906 344.687 622.723 1126.16 2039.44 3698.58 6714.44 -541326 14421.2 17093.8 20331.9 24264.6 29090 35098.5 42562.7 51890.7 63884 79269.2 99113.5 125220 160288 207227 270675 359755 483821 657927 907375 1.26919e+06 1.79255e+06 2.55571e+06 3.68947e+06 5.34657e+06 7.7543e+06 1.11756e+07 1.5998e+07 2.29162e+07 3.29333e+07 
184.012 41.705 75.1734 135.604 244.846 442.365 800.028 1448.9 2627.78 4770.85 8679.6 -625544 18626.7 22325.3 26647.5 31952.1 38559.4 46770.3 57034.9 70238.9 87185.2 109054 137841 176536 228367 298479 397000 534332 727224 1.00383e+06 1.40538e+06 1.98669e+06 2.83499e+06 4.09596e+06 5.94008e+06 8.62088e+06 1.2431e+07 1.7801e+07 2.55052e+07 3.66602e+07 
129.997 29.4636 53.1099 95.8075 172.996 312.569 565.32 1023.9 1857.11 3371.96 6135.2 11107.8 -723077 24325.5 29039.9 34827.9 42040.1 51006.1 62219.6 76652.4 95186.5 119119 150645 193058 249917 326899 435190 586298 798764 1.10378e+06 1.54702e+06 2.1893e+06 3.12748e+06 4.52303e+06 6.56542e+06 9.53625e+06 1.37598e+07 1.97118e+07 2.8251e+07 4.06155e+07 
91.2005 20.6711 37.2622 67.2218 121.386 219.331 396.714 718.573 1303.43 2366.88 4306.98 7857.65 14357.1 -836616 31408.5 37677.3 45492.3 55212.1 67374.3 83038.4 103167 129178 163470 209648 271616 355602 473893 639154 871810 1.20624e+06 1.6928e+06 2.39867e+06 3.43088e+06 4.96753e+06 7.21833e+06 1.04946e+07 1.51539e+07 2.17191e+07 3.11385e+07 4.47775e+07 
63.4619 14.3845 25.9308 46.782 84.4809 152.658 276.139 500.215 907.434 1647.98 2999.2 5472.53 10000.9 18326.7 -969149 39999 48855.4 59315 72410.1 89288.5 110994 139064 176107 226046 293133 384166 512564 692193 945434 1.30998e+06 1.84109e+06 2.61262e+06 3.74226e+06 5.42552e+06 7.89342e+06 1.14886e+07 1.66034e+07 2.38093e+07 3.41483e+07 4.9119e+07 
43.8155 9.93174 17.9048 32.3038 58.3391 105.427 190.72 345.515 626.864 1138.59 2072.45 3782.17 6913.19 12671.5 23054.7 -1.12537e+06 52018.4 63181.4 77166.1 95206.8 118427 148485 188195 241796 313898 411873 550289 744246 1.01814e+06 1.4131e+06 1.98945e+06 2.82798e+06 4.05757e+06 5.89177e+06 8.58396e+06 1.25096e+07 1.80971e+07 2.59675e+07 3.72603e+07 5.36123e+07 
30.0565 6.81328 12.2836 22.1634 40.029 72.3442 130.886 237.144 430.303 781.695 1423.09 2597.62 4749.18 8707.39 16026 29604.6 -1.30882e+06 66639.6 81435.3 100542 125161 157064 199268 256325 333196 437825 585941 793900 1.08816e+06 1.51339e+06 2.13513e+06 3.04143e+06 4.37282e+06 6.36154e+06 9.28454e+06 1.35517e+07 1.96285e+07 2.81864e+07 4.04662e+07 5.82473e+07 
20.4353 4.63257 8.35252 15.0717 27.2229 49.2046 89.0315 161.331 292.783 531.968 968.653 1768.52 3234.24 5931.7 10921.3 20183.1 37404.8 -1.52733e+06 85233.9 105313 131215 164825 209353 269659 351052 462052 619548 841177 1.15552e+06 1.61087e+06 2.27818e+06 3.25305e+06 4.68821e+06 6.83527e+06 9.99596e+06 1.46163e+07 2.12003e+07 3.04701e+07 4.37721e+07 6.30333e+07 
13.7662 3.1209 5.62738 10.1551 18.3441 33.1602 60.0081 108.755 197.4 358.735 653.362 1193.18 2182.74 4004.65 7376.2 13638 25289.1 47156.1 -1.79082e+06 108858 136559 171729 218404 281745 367407 484483 651040 886025 1.2202e+06 1.70564e+06 2.41891e+06 3.46356e+06 5.0052e+06 7.31568e+06 1.07231e+07 1.57117e+07 2.28258e+07 3.28393e+07 4.7209e+07 6.80159e+07 
9.24166 2.0953 3.77842 6.81918 12.3195 22.2725 40.3114 73.0703 132.656 241.134 439.296 802.497 1468.59 2695.57 4967.41 9189.51 17051.8 31820.6 59451.2 -2.10736e+06 140781 177279 225818 291850 381374 504060 679167 927012 1.28066e+06 1.79617e+06 2.55617e+06 3.6728e+06 5.32576e+06 7.80865e+06 1.14786e+07 1.68619e+07 2.45462e+07 3.53585e+07 5.08753e+07 7.3342e+07 
6.16888 1.39874 2.52258 4.55318 8.22675 14.8755 26.9281 48.8207 88.6521 161.19 293.747 536.799 982.776 1804.75 3327.65 6159.99 11439.1 21365.5 40190.6 75866.1 -2.49556e+06 181920 232149 300676 393853 521945 705469 966212 1.33973e+06 1.88647e+06 2.69572e+06 3.88924e+06 5.6625e+06 8.3333e+06 1.22916e+07 1.81111e+07 2.64275e+07 3.81246e+07 5.49118e+07 7.92161e+07 
4.09487 0.928564 1.67481 3.02336 5.46341 9.88051 17.8895 32.441 58.9236 107.17 195.37 357.164 654.21 1202.04 2217.74 4108.35 7635.89 14276.1 26884.7 50818.1 96769.1 -2.97808e+06 235260 308958 405808 539426 731711 1.0061e+06 1.40094e+06 1.98171e+06 2.84531e+06 4.12467e+06 6.03366e+06 8.91803e+06 1.32062e+07 1.95274e+07 2.8573e+07 4.12902e+07 5.95422e+07 8.59639e+07 
2.71589 0.615926 1.11106 2.00596 3.62549 6.55792 11.8764 21.5421 39.139 71.2109 129.869 237.526 435.31 800.342 1477.68 2739.67 5097.14 9540.54 17989.9 34058.5 64972.8 123782 -3.58815e+06 316886 417554 557025 758783 1.04819e+06 1.46692e+06 2.08641e+06 3.01283e+06 4.39266e+06 6.46239e+06 9.6018e+06 1.42868e+07 2.12152e+07 3.11463e+07 4.51014e+07 6.51305e+07 9.41194e+07 
1.8097 0.410466 0.740539 1.33723 2.4173 4.37348 7.92241 14.3744 26.1252 47.5526 86.7633 158.771 291.162 535.714 989.923 1837.15 3422.03 6413.76 12112.3 22973.7 43920.5 84842 165389 -4.35627e+06 429069 574853 787097 1.09351e+06 1.53985e+06 2.20505e+06 3.20702e+06 4.70968e+06 6.97882e+06 1.0438e+07 1.56251e+07 2.33272e+07 3.43913e+07 4.99294e+07 7.22303e+07 1.04497e+08 
1.20567 0.273498 0.49351 0.891317 1.61156 2.91643 5.28452 9.59134 17.4387 31.7559 57.971 106.145 194.791 358.694 663.432 1232.57 2298.89 4315.15 8162.93 15514.9 29732.3 57591.6 112627 221745 -5.35146e+06 595775 820554 1.14749e+06 1.62751e+06 2.34913e+06 3.44546e+06 5.10325e+06 7.62695e+06 1.14979e+07 1.73358e+07 2.60468e+07 3.85933e+07 5.62025e+07 8.14754e+07 1.18026e+08 
0.802234 0.182008 0.32848 0.593378 1.07311 1.94252 3.52094 6.39274 11.6279 21.185 38.6954 70.8966 130.207 239.983 444.324 826.481 1543.72 2902.44 5500.79 10479.2 20135.7 39121.7 76781 151821 304460 -6.67146e+06 858158 1.21374e+06 1.73571e+06 2.52832e+06 3.74484e+06 5.60239e+06 8.45746e+06 1.28693e+07 1.95685e+07 2.96229e+07 4.41506e+07 6.45287e+07 9.37742e+07 1.36044e+08 
0.537325 0.121927 0.220092 0.397673 0.719367 1.30259 2.36187 4.29005 7.80693 14.2317 26.0118 47.693 87.6703 161.752 299.834 558.486 1044.9 1968.33 3738.57 7141.25 13764.9 26839.7 52899.1 105137 212084 434030 -8.37678e+06 1.27755e+06 1.84593e+06 2.72043e+06 4.08101e+06 6.18595e+06 9.46378e+06 1.45818e+07 2.24258e+07 3.42916e+07 5.1513e+07 7.56557e+07 1.103e+08 1.60322e+08 
0.356257 0.0808542 0.145983 0.263833 0.47739 0.864721 1.56853 2.85029 5.18952 9.46605 17.3136 31.7698 58.4562 107.973 200.4 373.833 700.686 1322.67 2518.16 4824.16 9330.52 18264.8 36166.7 72291.5 146787 303819 632288 -1.06552e+07 1.95459e+06 2.92031e+06 4.4481e+06 6.85044e+06 1.06532e+07 1.66719e+07 2.60059e+07 4.02689e+07 6.10885e+07 9.02665e+07 1.32131e+08 1.92486e+08 
0.230572 0.0523392 0.0945202 0.17087 0.309269 0.560392 1.01692 1.84877 3.36787 6.14722 11.2517 20.6638 38.0601 70.3831 130.81 244.404 458.977 868.319 1657.32 3184.99 6182.83 12154.4 24188.7 48649.9 99495.1 207637 436609 934103 -1.37514e+07 3.06864e+06 4.8092e+06 7.54724e+06 1.1969e+07 1.90897e+07 3.02976e+07 4.76423e+07 7.31484e+07 1.089e+08 1.60189e+08 2.33985e+08 
0.143646 0.0326138 0.0589119 0.106528 0.192871 0.34961 0.634695 1.15445 2.10424 3.8434 7.04036 12.9411 23.8617 44.1821 82.2324 153.901 289.612 549.199 1051.06 2026.7 3949.93 7800.49 15609 31607.6 65155.5 137224 291933 633191 1.39224e+06 -1.80155e+07 5.02983e+06 8.07883e+06 1.31314e+07 2.14614e+07 3.48352e+07 5.58878e+07 8.7164e+07 1.31049e+08 1.94009e+08 2.84333e+08 
0.0841132 0.0191012 0.0345118 0.0624234 0.113055 0.205007 0.372342 0.677594 1.23577 2.25873 4.14085 7.61831 14.0627 26.0719 48.5968 91.1077 171.808 326.597 626.784 1212.79 2373.39 4709.42 9477.74 19329.8 40183.4 85464.4 184148 405542 917479 2.11499e+06 -2.38058e+07 8.09137e+06 1.35725e+07 2.29231e+07 3.83714e+07 6.33051e+07 1.0093e+08 1.53892e+08 2.29906e+08 3.3848e+08 
0.0444699 0.0101006 0.0182541 0.0330264 0.0598325 0.108538 0.197216 0.359075 0.655245 1.19848 2.19887 4.04909 7.48244 13.89 25.9282 48.6927 92.0157 175.339 337.432 655.179 1287.43 2566.8 5195.45 10672.9 22377.5 48071.8 104947 234825 541347 1.27723e+06 3.04219e+06 -3.21116e+07 1.29129e+07 2.27057e+07 3.95085e+07 6.75628e+07 1.10866e+08 1.72231e+08 2.60444e+08 3.85746e+08 
0.0211989 0.00481596 0.00870559 0.0157549 0.0285511 0.0518116 0.0941836 0.171565 0.31325 0.573341 1.05274 1.94027 3.58934 6.67145 12.4713 23.4603 44.425 84.855 163.744 319.026 629.432 1260.85 2566.67 5310.74 11230.4 24369 53915.1 122627 288289 697127 1.71358e+06 4.33616e+06 -4.44623e+07 2.09422e+07 3.8278e+07 6.84635e+07 1.1654e+08 1.8547e+08 2.84913e+08 4.25261e+08 
0.00878795 0.0019968 0.00361032 0.00653538 0.0118468 0.0215056 0.0391085 0.0712719 0.130198 0.238452 0.438145 0.808185 1.49656 2.78484 5.21272 9.82106 18.6326 35.6673 68.9992 134.854 267.056 537.276 1099.45 2290.01 4881.02 10690.5 23949.8 55327 132560 328476 834382 2.19817e+06 6.03763e+06 -6.22777e+07 3.14964e+07 6.01738e+07 1.0857e+08 1.79911e+08 2.83985e+08 4.29795e+08 
0.00311331 0.000707525 0.0012795 0.00231668 0.00420058 0.00762775 0.0138763 0.0252989 0.0462377 0.0847311 0.155793 0.287584 0.533022 0.99292 1.86083 3.5109 6.67249 12.7984 24.8157 48.6403 96.6522 195.22 401.397 841.12 1805.73 3988.57 9037.65 21175.9 51622.5 130822 342702 938501 2.70777e+06 7.72821e+06 -8.86121e+07 4.59297e+07 8.96859e+07 1.57798e+08 2.59921e+08 4.02823e+08 
0.000932085 0.000211856 0.000383194 0.000693959 0.00125857 0.00228607 0.00416015 0.00758747 0.0138733 0.0254362 0.0467965 0.0864417 0.160346 0.298981 0.560929 1.05968 2.01707 3.87587 7.5306 14.7983 29.4949 59.7847 123.448 260.074 561.905 1250.51 2862.17 6791.07 16812.1 43469 117097 332392 1.00305e+06 3.05791e+06 9.51245e+06 -1.27655e+08 6.45742e+07 1.24746e+08 2.18991e+08 3.52997e+08 
0.000230251 5.23406e-05 9.46845e-05 0.0001715 0.000311092 0.00056519 0.00102879 0.0018769 0.00343296 0.00629677 0.01159 0.02142 0.0397589 0.0741896 0.139309 0.263439 0.50206 0.966084 1.88007 3.70196 7.39604 15.0329 31.1449 65.8907 143.074 320.286 738.866 1770.39 4435.85 11650.4 32082.6 93730.8 293412 948131 3.19201e+06 1.10969e+07 -1.81892e+08 8.31775e+07 1.62413e+08 2.82045e+08 
4.57861e-05 1.04088e-05 1.88314e-05 3.41123e-05 6.18851e-05 0.000112448 0.000204717 0.000373549 0.000683391 0.0012538 0.00230845 0.00426778 0.00792486 0.0147946 0.0277953 0.052595 0.100312 0.193193 0.376344 0.741967 1.48454 3.02258 6.27499 13.3099 28.99 65.1325 150.985 363.983 918.843 2437.15 6806.28 20260 64970.9 218605 781421 2.98271e+06 1.15731e+07 -2.4854e+08 9.7852e+07 1.99285e+08 
7.15279e-06 1.62618e-06 2.94222e-06 5.33013e-06 9.6705e-06 1.75736e-05 3.19972e-05 5.83935e-05 0.000106845 0.000196062 0.000361057 0.00066767 0.00124016 0.00231599 0.00435282 0.00824021 0.0157247 0.0303034 0.0590735 0.116567 0.233469 0.475918 0.989429 2.1024 4.58876 10.3349 24.0351 58.1747 147.579 393.955 1110.25 3345.18 10897.7 37676.8 140541 571726 2.46742e+06 1.06843e+07 -3.28814e+08 1.19786e+08 
8.47643e-07 1.92718e-07 3.487e-07 6.31739e-07 1.14624e-06 2.08314e-06 3.79322e-06 6.92313e-06 1.26689e-05 2.32508e-05 4.28241e-05 7.92042e-05 0.000147148 0.000274865 0.00051674 0.000978536 0.00186804 0.00360151 0.00702423 0.0138689 0.027797 0.0567079 0.118005 0.251028 0.548614 1.23743 2.88325 6.99439 17.791 47.651 134.903 408.909 1342.45 4706.1 17976.1 76059.4 353639 1.79586e+06 9.8861e+06 -4.17982e+08 
dt_FE: 1.92009e-09
dt_EA: 1.92009e-09
dt_PE: 1.92009e-09
tolC: 1e-06
dt_grow: 1.03
dt_max: 0.1
steps: 0
