t: 6.55261e-08
dt: 2.19965e-09
N: 0.0459732 0.0528591 0.0607081 0.069644 0.0797937 0.0912669 0.104202 0.118739 0.134991 0.153019 0.17295 0.194848 0.218568 0.244093 0.271323 0.299907 0.329227 0.359013 0.388673 0.416642 0.442328 0.46479 0.482286 0.492555 0.494883 0.487575 0.466224 0.43049 0.379511 0.312922 0.235376 0.172848 0.0921336 0.0390304 0.0149733 0.00482208 0.0012866 0.000277869 4.7082e-05 6.02894e-06 
eC: 1 1.15749 1.33977 1.55077 1.795 2.07768 2.40489 2.78363 3.22201 3.72944 4.31677 4.99661 5.78351 6.69433 7.7486 8.9689 10.3814 12.0163 13.9087 16.0991 18.6345 21.5692 24.9661 28.8979 33.4489 38.7167 44.814 51.8717 60.0407 69.4963 80.4411 93.1095 107.773 124.746 144.391 167.131 193.452 223.918 259.182 300 
dV: 1.08333 0.211322 0.327712 0.508206 0.788112 1.22218 1.89532 2.93921 4.55805 7.06849 10.9616 16.999 26.3615 40.8807 63.3966 98.3136 152.462 236.434 366.655 568.597 881.764 1367.42 2120.55 3288.49 5099.69 7908.45 12264.2 19019 29494.1 45738.6 70930.1 109996 170579 264529 410225 636165 986546 1.52991e+06 2.37254e+06 3.67926e+06 
kVec: 952213 1.10438e+06 1.27336e+06 1.46817e+06 1.69254e+06 1.95009e+06 2.24554e+06 2.58417e+06 2.97153e+06 3.41239e+06 3.9145e+06 4.48536e+06 5.12845e+06 5.85248e+06 6.6656e+06 7.57307e+06 8.5707e+06 9.66979e+06 1.08749e+07 1.21529e+07 1.35105e+07 1.4942e+07 1.64227e+07 1.78787e+07 1.93484e+07 2.08657e+07 2.22734e+07 2.37824e+07 2.5637e+07 2.82201e+07 3.19605e+07 3.81089e+07 4.86067e+07 6.4843e+07 8.99975e+07 1.28275e+08 1.82075e+08 2.48517e+08 3.28712e+08 4.17857e+08 
cMat: 
-137900 915.992 1076.34 1253.75 1461.55 1706.22 1994.47 2334.35 2736.71 3216.44 3787.75 4469.94 5295.39 6294.44 7506.49 8991.69 10838 13127.9 15984.6 19648.9 24338.4 30371.7 38285.5 48879.4 63011.4 82043.5 108650 145551 197115 270670 376925 530020 752418 1.0819e+06 1.56208e+06 2.25808e+06 3.24597e+06 4.63908e+06 6.63738e+06 9.53047e+06 
4625.07 -163998 1231.59 1434.6 1672.39 1952.37 2282.23 2671.18 3131.64 3680.66 4334.51 5115.29 6060.07 7203.6 8591 10291.2 12404.9 15026.7 18297.7 22493.8 27864.5 34775 43840.7 55978.5 72172.6 93985.5 124485 166795 225927 310295 432193 607858 863086 1.24126e+06 1.79247e+06 2.5915e+06 3.7257e+06 5.3251e+06 7.61932e+06 1.09408e+07 
3443.72 780.401 -188288 1638.32 1909.9 2229.67 2606.41 3050.65 3576.58 4203.69 4950.57 5842.47 6921.78 8228.22 9813.36 11756 14171.4 17167.6 20906.1 25702.6 31842.5 39744 50111.4 63994.6 82520.9 107480 142388 190823 258533 355162 494807 696090 988600 1.42208e+06 2.054e+06 2.97016e+06 4.27069e+06 6.10461e+06 8.73523e+06 1.25438e+07 
2534.98 574.469 1035.34 -216655 2176.92 2541.43 2970.89 3477.32 4076.88 4791.82 5643.34 6660.25 7890.91 9380.65 11188.3 13403.9 16158.9 19576.7 23841.7 29314.6 36321.4 45340 57175.1 73027.5 94185.9 122698 162585 217944 295354 405856 565590 795885 1.13064e+06 1.6268e+06 2.35024e+06 3.39923e+06 4.88843e+06 6.98833e+06 1.00005e+07 1.43616e+07 
1861.76 421.91 760.399 1371.48 -249689 2864.8 3379.06 3955.14 4637.19 5450.53 6419.3 7576.29 8976.56 10671.8 12728.9 15250.4 18386.3 22277.1 27132.9 33364.9 41345 51618.1 65102.5 83168.2 107287 139796 185289 248448 336790 462938 645340 908390 1.29086e+06 1.85785e+06 2.68473e+06 3.88393e+06 5.5865e+06 7.98718e+06 1.14309e+07 1.64167e+07 
1364.47 309.218 557.303 1005.18 1798.52 -288021 3832.1 4485.51 5259.16 6181.79 7280.78 8593.38 10182.1 12105.7 14440.1 17301.9 20861.4 25278.4 30791.8 37869.3 46933.7 58605.3 73929.3 94465.7 121891 158869 210634 282525 383120 526816 734665 1.03451e+06 1.47062e+06 2.11729e+06 3.06061e+06 4.42896e+06 6.37185e+06 9.11129e+06 1.3041e+07 1.87305e+07 
997.299 226.011 407.345 734.719 1326.43 2396.1 -332441 5071.53 5946.44 6989.88 8232.88 9717.57 11514.8 13691 16332.3 19570.7 23599.4 28599.4 34841.5 42856.3 53123.8 66347.7 83714.8 106997 138100 180052 238806 320437 434707 598011 834316 1.17535e+06 1.67154e+06 2.40751e+06 3.4814e+06 5.03952e+06 7.25212e+06 1.03717e+07 1.48467e+07 2.13259e+07 
726.484 164.64 296.739 535.231 966.301 1745.59 3156.47 -383838 6631.8 7878.14 9279.52 10953.5 12980.2 15434.4 18413.6 22066.8 26612.2 32254.7 39300.4 48349.2 59944.5 74882.8 94508 120828 156002 203465 269968 362410 491878 676989 944975 1.3319e+06 1.8951e+06 2.73073e+06 3.95042e+06 5.72058e+06 8.23458e+06 1.17789e+07 1.68634e+07 2.4225e+07 
527.312 119.504 215.392 388.511 701.431 1267.15 2291.38 4105.92 -443435 8845.1 10419 12299.4 14576.1 17333.5 20681.3 24787 29896.7 36241 44164.6 54344.4 67392.8 84208.6 106309 135962 175607 229130 304165 408525 554764 763975 1.06701e+06 1.50476e+06 2.14227e+06 3.08848e+06 4.4701e+06 6.47592e+06 9.32501e+06 1.33415e+07 1.91035e+07 2.7446e+07 
381.434 86.4457 155.811 281.049 507.428 916.705 1657.74 3001.99 5443.88 -512226 11641.5 13743.4 16288.9 19372.3 23116.4 27709.3 33426.6 40527.1 49397.8 60798.3 75417 94264 119045 152313 196816 256930 341265 458634 623215 858829 1.20033e+06 1.69395e+06 2.41325e+06 3.48133e+06 5.04162e+06 7.30768e+06 1.0527e+07 1.50651e+07 2.15754e+07 3.10016e+07 
274.592 62.233 112.172 202.34 365.331 660.02 1193.61 2161.59 3920.1 7116.59 -591904 15284.9 18117.6 21549.7 25717.9 30832.3 37200.6 45111.9 54998.5 67710.1 84016.9 105050 132720 169888 219639 286887 381301 512798 697332 961720 1.34521e+06 1.89991e+06 2.70877e+06 3.91044e+06 5.66679e+06 8.21873e+06 1.18449e+07 1.69561e+07 2.42888e+07 3.49057e+07 
196.579 44.5531 80.3072 144.865 261.567 472.575 854.664 1547.85 2807.24 5096.66 9272.35 -684333 19898.8 23850 28467.3 34134.2 41192.7 49964.3 60930 75035.6 93139.2 116502 147254 188592 243963 318862 424112 570823 776888 1.07239e+06 1.50136e+06 2.12236e+06 3.0286e+06 4.37569e+06 6.34574e+06 9.20962e+06 1.328e+07 1.90167e+07 2.7247e+07 3.91638e+07 
140.083 31.7496 57.2306 103.241 186.419 336.82 609.182 1103.34 2001.2 3633.58 6611.22 11969.6 -791313 26212.8 31293.1 37530.1 45301.9 54963.6 67047.1 82599.7 102572 128361 162334 208037 269308 352263 468956 631788 860739 1.18942e+06 1.66705e+06 2.35916e+06 3.37014e+06 4.87396e+06 7.07482e+06 1.02762e+07 1.48274e+07 2.12412e+07 3.0443e+07 4.37668e+07 
99.209 22.4862 40.5342 73.1246 132.045 238.591 431.55 781.671 1417.89 2574.72 4685.18 8547.64 15617.8 -915713 34166.5 40985.8 49487.1 60060.4 73290.5 90330.2 112227 140521 177824 228058 295467 386828 515506 695279 948365 1.31216e+06 1.84144e+06 2.6093e+06 3.73215e+06 5.40374e+06 7.85218e+06 1.14162e+07 1.64846e+07 2.36263e+07 3.38729e+07 4.87095e+07 
69.7411 15.8077 28.4965 51.4107 92.8397 167.762 303.461 549.707 997.218 1811.04 3295.95 6014 10990.4 20140 -1.06066e+06 43956.6 53689.3 65183.8 79574.6 98123 121976 152824 193532 248411 322136 422177 563279 760680 1.03898e+06 1.4396e+06 2.02326e+06 2.87112e+06 4.11253e+06 5.96234e+06 8.67442e+06 1.26253e+07 1.82462e+07 2.61651e+07 3.75271e+07 5.3979e+07 
48.6713 11.0324 19.889 35.8838 64.8044 117.111 211.856 383.806 696.335 1264.77 2302.13 4201.32 7679.33 14075.8 25609.7 -1.23107e+06 57783.2 70183.4 85717.9 105758 131552 164941 209051 268593 348685 457518 611273 826726 1.13098e+06 1.56971e+06 2.20993e+06 3.14139e+06 4.50724e+06 6.54471e+06 9.53527e+06 1.3896e+07 2.01027e+07 2.88453e+07 4.13897e+07 5.95539e+07 
33.7564 7.65198 13.7956 24.8917 44.9564 81.2496 146.997 266.336 483.273 877.92 1598.27 2917.38 5333.79 9779.25 17998.8 33248.9 -1.43038e+06 74842.8 91459.8 112919 140568 176399 223798 287878 374211 491720 658069 891627 1.22211e+06 1.69969e+06 2.39796e+06 3.41582e+06 4.9111e+06 7.14463e+06 1.04274e+07 1.52199e+07 2.20447e+07 3.1656e+07 4.54475e+07 6.54174e+07 
23.2042 5.26027 9.48426 17.1138 30.9115 55.8717 101.095 183.191 332.454 604.048 1099.9 2008.15 3672.47 6735.43 12401.1 22917.8 42473.1 -1.66665e+06 96782.9 119582 148994 187158 237720 306197 398619 524658 703494 955154 1.31209e+06 1.82914e+06 2.58687e+06 3.69383e+06 5.32345e+06 7.76142e+06 1.13504e+07 1.65967e+07 2.40728e+07 3.45987e+07 4.97031e+07 7.15741e+07 
15.7963 3.58114 6.45726 11.6527 21.0494 38.0504 68.8576 124.793 226.511 411.638 749.715 1369.14 2504.64 4595.23 8463.99 15649.2 29018.6 54110.4 -1.94983e+06 124911 156698 197054 250613 323294 421589 555931 747050 1.01669e+06 1.40015e+06 1.95717e+06 2.77563e+06 3.97434e+06 5.74333e+06 8.39454e+06 1.23045e+07 1.80288e+07 2.6192e+07 3.76821e+07 5.4171e+07 7.80463e+07 
10.7002 2.42599 4.37474 7.8954 14.2637 25.7876 46.6735 84.6024 153.592 279.19 508.626 929.149 1700.37 3120.99 5751.37 10639.8 19742.9 36842.5 68833.8 -2.28755e+06 162999 205258 261457 337910 441563 583611 786354 1.07331e+06 1.48277e+06 2.07964e+06 2.95959e+06 4.25245e+06 6.16628e+06 9.04103e+06 1.32902e+07 1.95231e+07 2.84202e+07 4.09388e+07 5.89045e+07 8.4917e+07 
7.19086 1.63047 2.94049 5.30749 9.58966 17.3399 31.3892 56.9087 103.339 187.894 342.411 625.73 1145.59 2103.74 3878.93 7180.5 13334.2 24905.1 46848.9 88434.6 -2.69841e+06 212058 270609 350489 459102 608414 822342 1.12628e+06 1.56167e+06 2.199e+06 3.14231e+06 4.53356e+06 6.60059e+06 9.71386e+06 1.43279e+07 2.11115e+07 3.08057e+07 4.44406e+07 6.40089e+07 9.23396e+07 
4.79029 1.08626 1.95924 3.53681 6.39125 11.5585 20.9277 37.9503 68.9305 125.37 228.549 417.82 765.313 1406.18 2594.37 4806.06 8932.67 16700.6 31450.4 59448.4 113203 -3.20441e+06 275214 361428 474726 631036 855976 1.17696e+06 1.63886e+06 2.31825e+06 3.32853e+06 4.82516e+06 7.05835e+06 1.04326e+07 1.5449e+07 2.28437e+07 3.34255e+07 4.83025e+07 6.96541e+07 1.00563e+08 
3.17425 0.719877 1.29857 2.34451 4.23737 7.66471 13.8807 25.1778 45.7446 83.2292 151.787 277.614 508.778 935.416 1727.07 3202.05 5957.39 11150.7 21026.1 39806.6 75938.3 144672 -3.8388e+06 370368 488025 651035 886844 1.22509e+06 1.71449e+06 2.43854e+06 3.5213e+06 5.13401e+06 7.55305e+06 1.12223e+07 1.6698e+07 2.47957e+07 3.64029e+07 5.27132e+07 7.61226e+07 1.10004e+08 
2.10126 0.476595 0.859846 1.55267 2.80675 5.07808 9.19877 16.6902 30.3342 55.2137 100.742 184.35 338.071 622.022 1149.41 2133.13 3973.35 7447.07 14063.7 26674.9 50996.4 98510.7 192035 -4.63031e+06 498195 667466 913905 1.26968e+06 1.78793e+06 2.56031e+06 3.7237e+06 5.46845e+06 8.10316e+06 1.21197e+07 1.81424e+07 2.70854e+07 3.9932e+07 5.79734e+07 8.38672e+07 1.21333e+08 
1.38254 0.313621 0.565909 1.02208 1.84798 3.34427 6.05978 10.9984 19.997 36.4146 66.4755 121.716 223.368 411.315 760.76 1413.39 2636.15 4948.2 9360.45 17791 34094.2 66040.4 129150 254276 -5.64692e+06 683177 940932 1.31583e+06 1.86628e+06 2.69375e+06 3.95092e+06 5.85192e+06 8.74584e+06 1.31847e+07 1.98791e+07 2.9868e+07 4.4255e+07 6.44476e+07 9.3428e+07 1.3534e+08 
0.903166 0.204907 0.369807 0.668033 1.20812 2.18692 3.96392 7.19703 13.0908 23.8503 43.5638 79.8163 146.589 270.177 500.225 930.464 1737.94 3267.6 6192.87 11797.6 22669.1 44043.7 86441.1 170922 342765 -6.98543e+06 966126 1.36644e+06 1.95408e+06 2.84642e+06 4.21599e+06 6.30725e+06 9.52152e+06 1.44884e+07 2.20304e+07 3.33498e+07 4.97054e+07 7.26473e+07 1.05572e+08 1.5316e+08 
0.590961 0.134098 0.242062 0.437369 0.791174 1.43262 2.59763 4.71828 8.58622 15.6523 28.6083 52.4537 96.4216 177.898 329.763 614.235 1149.2 2164.81 4111.76 7854.1 15138.9 29518.8 58179.6 115632 233254 477355 -8.70428e+06 1.40507e+06 2.03019e+06 2.99199e+06 4.48838e+06 6.80344e+06 1.04085e+07 1.60374e+07 2.46643e+07 3.77147e+07 5.6655e+07 8.32077e+07 1.2131e+08 1.76325e+08 
0.381735 0.0866367 0.156423 0.282702 0.511532 0.926563 1.6807 3.05413 5.56066 10.143 18.5518 34.0419 62.6368 115.694 214.732 400.568 750.797 1417.26 2698.25 5169.17 9997.81 19571.1 38753.2 77461.6 157285 325547 677508 -1.09909e+07 2.09438e+06 3.12916e+06 4.76621e+06 7.34036e+06 1.14151e+07 1.78642e+07 2.78658e+07 4.31488e+07 6.54574e+07 9.67221e+07 1.4158e+08 2.06252e+08 
0.240691 0.0546364 0.0986686 0.178369 0.322843 0.584987 1.06155 1.92991 3.51569 6.41702 11.7455 21.5707 39.7305 73.4721 136.551 255.13 479.121 906.429 1730.06 3324.77 6454.2 12687.9 25250.4 50785.2 103862 216750 455772 975101 -1.40892e+07 3.20332e+06 5.02028e+06 7.87849e+06 1.24944e+07 1.99276e+07 3.16273e+07 4.97333e+07 7.63588e+07 1.13679e+08 1.6722e+08 2.44254e+08 
0.146579 0.0332798 0.0601149 0.108703 0.19681 0.356749 0.647656 1.17803 2.1472 3.92188 7.18412 13.2054 24.3489 45.0843 83.9116 157.044 295.525 560.414 1072.53 2068.09 4030.58 7959.77 15927.7 32253 66485.9 140026 297894 646121 1.42067e+06 -1.83518e+07 5.13254e+06 8.2438e+06 1.33995e+07 2.18997e+07 3.55466e+07 5.7029e+07 8.89439e+07 1.33725e+08 1.9797e+08 2.90139e+08 
0.0844066 0.0191678 0.0346322 0.0626412 0.113449 0.205723 0.373641 0.679958 1.24008 2.26661 4.1553 7.64489 14.1117 26.1629 48.7664 91.4255 172.408 327.737 628.97 1217.02 2381.67 4725.85 9510.8 19397.3 40323.6 85762.6 184791 406957 920679 2.12237e+06 -2.41394e+07 8.11959e+06 1.36198e+07 2.30031e+07 3.85053e+07 6.3526e+07 1.01282e+08 1.54429e+08 2.30708e+08 3.39661e+08 
0.0437416 0.00993522 0.0179552 0.0324855 0.0588526 0.10676 0.193986 0.353194 0.644514 1.17885 2.16286 3.98278 7.3599 13.6626 25.5036 47.8952 90.5087 172.468 331.905 644.449 1266.35 2524.76 5110.36 10498.1 22011 47284.5 103229 230979 532481 1.25631e+06 2.99237e+06 -3.2503e+07 1.27014e+07 2.23339e+07 3.88615e+07 6.64563e+07 1.0905e+08 1.69411e+08 2.56179e+08 3.79429e+08 
0.0209991 0.00477055 0.00862352 0.0156064 0.028282 0.0513232 0.0932956 0.169947 0.310297 0.567936 1.04281 1.92197 3.5555 6.60855 12.3537 23.2391 44.0061 84.055 162.201 316.018 623.498 1248.97 2542.47 5260.67 11124.6 24139.3 53406.8 121471 285571 690555 1.69743e+06 4.29528e+06 -4.47673e+07 2.07447e+07 3.79171e+07 6.78181e+07 1.15441e+08 1.83721e+08 2.82227e+08 4.21252e+08 
0.00876609 0.00199183 0.00360134 0.00651912 0.0118173 0.0214521 0.0390112 0.0710946 0.129874 0.237858 0.437055 0.806174 1.49284 2.77791 5.19975 9.79663 18.5862 35.5786 68.8275 134.519 266.392 535.939 1096.71 2284.31 4868.87 10663.9 23890.2 55189.3 132230 327659 832306 2.1927e+06 6.02261e+06 -6.24578e+07 3.14181e+07 6.00241e+07 1.083e+08 1.79463e+08 2.83279e+08 4.28726e+08 
0.00311014 0.000706806 0.0012782 0.00231432 0.00419631 0.00762 0.0138622 0.0252731 0.0461907 0.0846449 0.155634 0.287292 0.53248 0.991911 1.85894 3.50733 6.66571 12.7854 24.7905 48.5909 96.5539 195.022 400.99 840.266 1803.9 3984.52 9028.47 21154.4 51570.1 130689 342354 937547 2.70502e+06 7.72036e+06 -8.87127e+07 4.5883e+07 8.95948e+07 1.57637e+08 2.59657e+08 4.02414e+08 
0.000931774 0.000211785 0.000383066 0.000693728 0.00125815 0.0022853 0.00415876 0.00758493 0.0138686 0.0254277 0.0467809 0.0864128 0.160293 0.298881 0.560742 1.05933 2.01639 3.87457 7.52808 14.7934 29.485 59.7647 123.407 259.987 561.717 1250.09 2861.22 6788.8 16806.5 43454.5 117058 332281 1.00271e+06 3.05689e+06 9.50927e+06 -1.27678e+08 6.45526e+07 1.24704e+08 2.18918e+08 3.52879e+08 
0.000230231 5.23359e-05 9.4676e-05 0.000171485 0.000311064 0.000565139 0.00102869 0.00187673 0.00343265 0.0062962 0.0115889 0.0214181 0.0397553 0.074183 0.139296 0.263415 0.502015 0.965997 1.8799 3.70163 7.39538 15.0316 31.1421 65.8848 143.061 320.257 738.8 1770.24 4435.45 11649.4 32079.7 93722.4 293385 948046 3.19173e+06 1.10959e+07 -1.81846e+08 8.317e+07 1.62399e+08 2.8202e+08 
4.57852e-05 1.04086e-05 1.8831e-05 3.41117e-05 6.18839e-05 0.000112446 0.000204713 0.000373542 0.000683377 0.00125378 0.0023084 0.0042677 0.00792471 0.0147943 0.0277948 0.0525939 0.10031 0.193189 0.376336 0.741952 1.48451 3.02252 6.27487 13.3097 28.9894 65.1312 150.982 363.975 918.826 2437.11 6806.14 20259.6 64969.7 218600 781406 2.98265e+06 1.15729e+07 -2.48449e+08 9.78501e+07 1.99281e+08 
7.15276e-06 1.62617e-06 2.94221e-06 5.33012e-06 9.67047e-06 1.75735e-05 3.19971e-05 5.83933e-05 0.000106844 0.000196061 0.000361056 0.000667668 0.00124016 0.00231598 0.00435281 0.00824019 0.0157246 0.0303033 0.0590733 0.116566 0.233469 0.475916 0.989426 2.1024 4.58875 10.3348 24.035 58.1745 147.579 393.953 1110.24 3345.17 10897.7 37676.7 140540 571724 2.46741e+06 1.06843e+07 -3.28696e+08 1.19785e+08 
8.47643e-07 1.92718e-07 3.487e-07 6.31739e-07 1.14624e-06 2.08314e-06 3.79322e-06 6.92313e-06 1.26689e-05 2.32508e-05 4.28241e-05 7.92042e-05 0.000147148 0.000274865 0.00051674 0.000978536 0.00186804 0.0036015 0.00702423 0.0138689 0.027797 0.0567079 0.118005 0.251028 0.548613 1.23743 2.88325 6.99439 17.791 47.651 134.903 408.909 1342.45 4706.1 17976.1 76059.4 353639 1.79586e+06 9.88609e+06 -4.17855e+08 
dt_FE: 2.19965e-09
dt_EA: 2.19965e-09
dt_PE: 2.19965e-09
tolC: 1e-06
dt_grow: 1.03
dt_max: 0.1
steps: 0
