t: 1.58453e-09
dt: 2.6749e-10
N: 0.000941857 0.00108803 0.00125637 0.00145029 0.00167356 0.00193 0.00222442 0.0025623 0.00294928 0.00339084 0.00389487 0.00446935 0.00511913 0.00585357 0.00668222 0.00761072 0.0086392 0.00977899 0.0110354 0.0123802 0.013816 0.0153347 0.0168873 0.0183837 0.0198077 0.0211017 0.0219462 0.0223189 0.0221413 0.021184 0.0341545 0.445022 0.381159 0.00696761 0.00237719 0.00085436 0.000244412 5.35295e-05 8.95896e-06 1.11343e-06 
eC: 1 1.15749 1.33977 1.55077 1.795 2.07768 2.40489 2.78363 3.22201 3.72944 4.31677 4.99661 5.78351 6.69433 7.7486 8.9689 10.3814 12.0163 13.9087 16.0991 18.6345 21.5692 24.9661 28.8979 33.4489 38.7167 44.814 51.8717 60.0407 69.4963 80.4411 93.1095 107.773 124.746 144.391 167.131 193.452 223.918 259.182 300 
dV: 1.08333 0.211322 0.327712 0.508206 0.788112 1.22218 1.89532 2.93921 4.55805 7.06849 10.9616 16.999 26.3615 40.8807 63.3966 98.3136 152.462 236.434 366.655 568.597 881.764 1367.42 2120.55 3288.49 5099.69 7908.45 12264.2 19019 29494.1 45738.6 70930.1 109996 170579 264529 410225 636165 986546 1.52991e+06 2.37254e+06 3.67926e+06 
kVec: 806948 937621 1.08224e+06 1.24946e+06 1.44269e+06 1.66541e+06 1.92206e+06 2.2177e+06 2.55794e+06 2.94808e+06 3.39607e+06 3.91024e+06 4.49664e+06 5.16602e+06 5.92966e+06 6.79857e+06 7.77747e+06 8.88525e+06 1.01384e+07 1.15256e+07 1.30707e+07 1.479e+07 1.66875e+07 1.87212e+07 2.09436e+07 2.34017e+07 2.5909e+07 2.86043e+07 3.1601e+07 3.49814e+07 3.87547e+07 4.36722e+07 5.18264e+07 6.59515e+07 8.98336e+07 1.27305e+08 1.80621e+08 2.46868e+08 3.27003e+08 4.16189e+08 
cMat: 
-207610 959.228 1127.15 1312.93 1530.54 1786.76 2088.61 2444.54 2865.89 3368.26 3966.54 4680.93 5545.34 6591.55 7860.8 9416.11 11349.6 13747.6 16739.1 20576.4 25487.2 31805.3 40092.6 51186.6 65985.6 85916 113778 152421 206419 283446 394717 555038 787933 1.13297e+06 1.63582e+06 2.36466e+06 3.39918e+06 4.85805e+06 6.95067e+06 9.98032e+06 
4877.88 -245215 1298.91 1513.01 1763.8 2059.09 2406.98 2817.19 3302.82 3881.84 4571.43 5394.89 6391.31 7597.35 9060.59 10853.7 13083 15848.1 19297.8 23723.3 29387.5 36675.8 46237 59038.3 76117.6 99122.8 131289 175912 238276 327256 455817 641083 910263 1.3091e+06 1.89044e+06 2.73315e+06 3.92935e+06 5.61617e+06 8.03579e+06 1.15389e+07 
3661.69 829.795 -282634 1742.02 2030.78 2370.79 2771.38 3243.74 3802.96 4469.76 5263.91 6212.27 7359.89 8749.01 10434.5 12500.1 15068.3 18254.2 22229.3 27329.4 33858 42259.6 53283.1 68045.1 87744 114283 151400 202901 274897 377642 526126 740148 1.05117e+06 1.51209e+06 2.18401e+06 3.15815e+06 4.541e+06 6.49099e+06 9.28812e+06 1.33378e+07 
2720.79 616.577 1111.23 -326349 2336.49 2727.71 3188.65 3732.2 4375.71 5143.05 6056.99 7148.44 8469.3 10068.2 12008.4 14386.4 17343.3 21011.7 25589.3 31463.3 38983.7 48663.3 61366 78380.3 101090 131692 174502 233919 317003 435604 607047 854223 1.21351e+06 1.74604e+06 2.5225e+06 3.64839e+06 5.24674e+06 7.50056e+06 1.07335e+07 1.54143e+07 
2019.81 457.728 824.953 1487.91 -377344 3108.01 3665.92 4290.91 5030.86 5913.25 6964.26 8219.47 9738.62 11577.7 13809.5 16545.1 19947.2 24168.3 29436.3 36197.4 44854.9 56000.1 70629.3 90228.7 116395 151664 201019 269540 365382 502238 700126 985507 1.40044e+06 2.01557e+06 2.91265e+06 4.21365e+06 6.06076e+06 8.66525e+06 1.24013e+07 1.78104e+07 
1498.61 339.617 612.091 1104 1975.33 -436667 4208.83 4926.48 5776.19 6789.51 7996.55 9438.19 11183.1 13295.8 15859.7 19002.8 22912.2 27763.5 33818.9 41592.2 51547.8 64366.8 81197.3 103753 133874 174487 231341 310300 420784 578607 806890 1.13622e+06 1.6152e+06 2.32544e+06 3.3615e+06 4.86436e+06 6.99826e+06 1.0007e+07 1.4323e+07 2.05718e+07 
1110.83 251.741 453.717 818.359 1477.43 2668.87 -505661 5648.87 6623.37 7785.61 9170.1 10823.8 12825.7 15249.6 18191.6 21798.7 26285.9 31855.1 38807.9 47735.1 59171.4 73900.7 93244.9 119178 153821 200549 265991 356915 484194 666088 929295 1.30915e+06 1.86183e+06 2.68158e+06 3.87772e+06 5.61322e+06 8.0777e+06 1.15524e+07 1.65369e+07 2.37536e+07 
822.257 186.345 335.858 605.79 1093.69 1975.71 3572.58 -585881 7506.07 8916.71 10502.8 12397.5 14691.4 17469.1 20841.1 24975.9 30120.5 36506.9 44481.3 54723.1 67847 84754.6 106967 136757 176568 230288 305558 410187 556722 766237 1.06955e+06 1.50748e+06 2.14493e+06 3.09072e+06 4.4712e+06 6.47472e+06 9.32015e+06 1.33318e+07 1.90865e+07 2.74185e+07 
607.805 137.746 248.271 447.817 808.503 1460.57 2641.16 4732.68 -679315 10195.3 12009.5 14176.8 16801.1 19979.4 23838.2 28570.7 34460.4 41773.1 50906.3 62639.9 77680.1 97062.9 122537 156716 202413 264106 350596 470885 639447 880594 1.22989e+06 1.73446e+06 2.46928e+06 3.55993e+06 5.15246e+06 7.46445e+06 1.07485e+07 1.53781e+07 2.20196e+07 3.16355e+07 
448.818 101.717 183.336 330.699 597.07 1078.65 1950.6 3532.32 6405.6 -787714 13698.1 16171.4 19166.5 22794.6 27200.2 32604.4 39331.8 47686.6 58124.4 71539 88740.2 110917 140076 179221 231585 302320 401552 539656 733312 1.01055e+06 1.41238e+06 1.99321e+06 2.83958e+06 4.09634e+06 5.93227e+06 8.59866e+06 1.23867e+07 1.77265e+07 2.53869e+07 3.64784e+07 
330.721 74.9538 135.101 243.699 440.007 794.932 1437.59 2603.43 4721.39 8571.27 -913960 18409.2 21821 25954.6 30974.8 37134.6 44804.7 54333.1 66240.6 81550.6 101191 126523 159848 204614 264534 345528 459242 617618 839871 1.1583e+06 1.62017e+06 2.28827e+06 3.26247e+06 4.70976e+06 6.82512e+06 9.89869e+06 1.42661e+07 2.04221e+07 2.92535e+07 4.20407e+07 
243.06 55.0877 99.2958 179.118 323.414 584.315 1056.75 1913.84 3471.01 6301.77 11464.8 -1.06121e+06 24603.9 29489.3 35198.4 42205.2 50932.8 61778.4 75336.9 92777.8 115162 144048 182073 233185 301648 394258 524393 705795 960584 1.32596e+06 1.85636e+06 2.62419e+06 3.74471e+06 5.41032e+06 7.8462e+06 1.13872e+07 1.642e+07 2.35132e+07 3.36895e+07 4.84241e+07 
178.347 40.4221 72.8631 131.441 237.339 428.823 775.581 1404.72 2547.83 4626.09 8417.08 15239.1 -1.23235e+06 33372.9 39840.8 47781.5 57676.2 69977 85361.1 105162 130589 163423 206675 264863 342869 448483 597051 804361 1.09585e+06 1.51431e+06 2.1224e+06 3.00357e+06 4.29069e+06 6.20529e+06 9.00731e+06 1.30831e+07 1.88775e+07 2.70432e+07 3.87585e+07 5.57217e+07 
130.477 29.5732 53.3094 96.1714 173.661 313.788 567.562 1028.03 1864.76 3386.2 6161.81 11241.6 20540.1 -1.43205e+06 44934.8 53903.3 65084 78989.7 96389.6 118800 147597 184809 233869 299935 388589 508745 677979 914411 1.24726e+06 1.72571e+06 2.42181e+06 3.43167e+06 4.90841e+06 7.10684e+06 1.0327e+07 1.50142e+07 2.16801e+07 3.10727e+07 4.45486e+07 6.40613e+07 
95.0696 21.5487 38.8459 70.0821 126.557 228.69 413.671 749.35 1359.39 2468.77 4492.97 8198.15 14981.9 27454.4 -1.66537e+06 59920.7 73188.1 88857.2 108474 133759 166275 208326 263819 338629 439129 575503 767850 1.03694e+06 1.41631e+06 1.96243e+06 2.75806e+06 3.91385e+06 5.60611e+06 8.12774e+06 1.18248e+07 1.72106e+07 2.48728e+07 3.56677e+07 5.11561e+07 7.35831e+07 
68.9921 15.6386 28.1929 50.8657 91.861 166.006 300.309 544.049 987.062 1792.83 3263.29 5955.42 10885.5 19952.5 36302 -1.93952e+06 81908.3 99485.6 121506 149913 186476 233805 296332 380733 494265 648536 866486 1.17189e+06 1.60317e+06 2.22508e+06 3.1326e+06 4.45295e+06 6.38906e+06 9.2772e+06 1.35163e+07 1.96977e+07 2.84957e+07 4.08885e+07 5.86702e+07 8.44182e+07 
49.8899 11.3092 20.3891 36.7884 66.4428 120.082 217.253 393.627 714.247 1297.51 2362.14 4311.7 7883 14453.1 26601.1 49139.8 -2.25906e+06 110613 135172 166887 207751 260706 330759 425466 553061 726732 972585 1.31777e+06 1.80621e+06 2.51203e+06 3.54404e+06 5.04837e+06 7.25831e+06 1.05593e+07 1.54111e+07 2.2494e+07 3.25807e+07 4.67857e+07 6.71685e+07 9.66829e+07 
35.8468 8.12626 14.6516 26.4381 47.7532 86.3127 156.175 283.001 513.588 933.157 1699.17 3102.26 5673.37 10405.1 19157.6 35404.3 65614 -2.63534e+06 149514 184735 230172 289129 367239 473025 615801 810511 1.08678e+06 1.47556e+06 2.02697e+06 2.82572e+06 3.99629e+06 5.70636e+06 8.22386e+06 1.19901e+07 1.75345e+07 2.56393e+07 3.71886e+07 5.34494e+07 7.67832e+07 1.1057e+08 
25.5542 5.79334 10.4461 18.851 34.0523 61.5554 111.393 201.882 366.434 665.921 1212.84 2214.91 4051.84 7433.85 13692.5 25316.3 46944.3 87536.2 -3.08115e+06 202073 253495 318782 405425 523004 682019 899348 1.20853e+06 1.64473e+06 2.26507e+06 3.16618e+06 4.49023e+06 6.42942e+06 9.29118e+06 1.35801e+07 1.99053e+07 2.91657e+07 4.23717e+07 6.09597e+07 8.76343e+07 1.26258e+08 
18.1153 4.10717 7.4064 13.3668 24.1484 43.6581 79.0177 143.231 260.03 472.666 861.1 1573.04 2878.71 5283.8 9737.02 18013.1 33424.6 62374.1 116535 -3.60339e+06 275956 347500 442644 572079 747563 988049 1.33129e+06 1.81711e+06 2.51032e+06 3.52082e+06 5.01055e+06 7.19936e+06 1.04395e+07 1.53064e+07 2.25002e+07 3.30525e+07 4.81151e+07 6.93091e+07 9.97248e+07 1.43764e+08 
12.7163 2.88332 5.19994 9.38574 16.9583 30.6637 55.5085 100.637 182.744 332.271 605.518 1106.54 2025.86 3720.24 6859.48 12698 23580.2 44042.1 82847.3 156387 -4.22367e+06 375002 478544 619803 811873 1.07592e+06 1.45423e+06 1.99171e+06 2.76166e+06 3.88869e+06 5.55684e+06 8.01711e+06 1.16725e+07 1.71779e+07 2.53374e+07 3.73335e+07 5.44765e+07 7.85884e+07 1.13193e+08 1.63293e+08 
8.81306 1.99847 3.60456 6.50692 11.7585 21.265 38.5022 69.82 126.816 230.653 420.479 768.695 1408 2587.05 4773.06 8842.07 16434.1 30725.3 57861.7 109372 208268 -4.96364e+06 506332 664946 873388 1.16096e+06 1.5748e+06 2.16534e+06 3.01513e+06 4.26507e+06 6.12374e+06 8.8772e+06 1.29858e+07 1.91936e+07 2.84227e+07 4.20273e+07 6.14955e+07 8.88657e+07 1.28148e+08 1.85013e+08 
6.02775 1.36701 2.46593 4.45211 8.04656 14.5549 26.3588 47.8113 86.8667 158.048 288.237 527.175 966.145 1776.31 3279.61 6080.54 11312.8 21174.7 39927.5 75590.8 144203 274726 -5.8584e+06 703310 926736 1.23628e+06 1.68407e+06 2.32639e+06 3.25573e+06 4.63066e+06 6.68678e+06 9.74924e+06 1.43429e+07 2.13106e+07 3.17087e+07 4.70858e+07 6.91273e+07 1.001e+08 1.44553e+08 2.08892e+08 
4.06474 0.921939 1.66331 3.00352 5.42945 9.82319 17.7944 32.286 58.6793 106.807 194.877 356.612 653.974 1203.26 2223.45 4126.39 7686.16 14405.8 27205.3 51600.7 98648.9 190562 371478 -6.92473e+06 963723 1.29117e+06 1.76788e+06 2.45611e+06 3.45863e+06 4.95273e+06 7.20322e+06 1.05783e+07 1.5675e+07 2.34447e+07 3.50952e+07 5.23948e+07 7.72455e+07 1.12145e+08 1.62235e+08 2.34709e+08 
2.68286 0.608591 1.09816 1.98337 3.58606 6.48965 11.7592 21.3427 38.8046 70.6635 128.997 236.194 433.451 798.168 1476.27 2742.72 5115.51 9602.11 18164.2 34523.9 66160.6 128153 250619 493429 -8.22532e+06 1.32572e+06 1.8259e+06 2.55341e+06 3.62156e+06 5.22729e+06 7.66686e+06 1.13558e+07 1.69715e+07 2.55853e+07 3.85758e+07 5.79596e+07 8.5878e+07 1.25062e+08 1.813e+08 2.62632e+08 
1.72534 0.39144 0.706452 1.27616 2.30791 4.17773 7.57238 13.7487 25.0077 45.5619 83.2212 152.475 280.033 516.125 955.594 1777.49 3320.03 6242.19 11830.4 22537.3 43305.3 84137.9 165131 326517 654793 -9.8447e+06 1.84562e+06 2.61035e+06 3.73293e+06 5.43759e+06 8.05393e+06 1.20489e+07 1.81892e+07 2.76776e+07 4.20853e+07 6.37091e+07 9.49535e+07 1.3878e+08 2.01678e+08 2.92587e+08 
1.08284 0.245711 0.443537 0.801405 1.44969 2.62502 4.75972 8.64545 15.7328 28.6801 52.4198 96.1125 176.676 325.968 604.235 1125.48 2105.71 3966.66 7534.1 14391.3 27739.5 54088.3 106604 211876 427398 874672 -1.18042e+07 2.57456e+06 3.71999e+06 5.48231e+06 8.2242e+06 1.24661e+07 1.90717e+07 2.93858e+07 4.51931e+07 6.91057e+07 1.03811e+08 1.52464e+08 2.22281e+08 3.23086e+08 
0.655327 0.14873 0.268532 0.485316 0.87815 1.59064 2.88527 5.24305 9.54602 17.4126 31.848 58.4399 107.529 198.613 368.632 687.658 1288.9 2433.02 4632.1 8873.96 17163.3 33597.8 66527.9 132979 270013 558869 1.16308e+06 -1.42572e+07 3.59544e+06 5.37185e+06 8.18219e+06 1.26012e+07 1.95963e+07 3.06676e+07 4.78374e+07 7.40738e+07 1.12371e+08 1.66043e+08 2.43052e+08 3.54074e+08 
0.379317 0.0861042 0.155497 0.281101 0.508784 0.92191 1.67295 3.04145 5.54054 10.1129 18.5104 33.9943 62.6133 115.788 215.198 402.073 755.071 1428.49 2726.49 5239.68 10171.5 19995.5 39793.3 80034.9 163681 341588 718273 1.53671e+06 -1.73688e+07 5.04827e+06 7.9117e+06 1.24161e+07 1.96905e+07 3.14049e+07 4.98431e+07 7.83771e+07 1.20338e+08 1.79153e+08 2.6353e+08 3.84932e+08 
0.208818 0.0474106 0.08564 0.154859 0.280376 0.508227 0.922655 1.67822 3.05892 5.58714 10.2346 18.8124 34.6876 64.2274 119.541 223.725 421.008 798.37 1527.93 2946.21 5742 11339.6 22690.8 45947.8 94716.3 199482 424382 920468 2.02389e+06 -2.14081e+07 7.31185e+06 1.17442e+07 1.90891e+07 3.11984e+07 5.06399e+07 8.12439e+07 1.2671e+08 1.90506e+08 2.8203e+08 4.13334e+08 
0.106619 0.0242121 0.0437461 0.0791261 0.143305 0.259861 0.47197 0.858898 1.56643 2.8631 5.24882 9.65675 17.8254 33.048 61.5999 115.485 217.779 413.985 794.493 1537.3 3008.44 5969.52 12013.7 24501.9 50935.3 108332 233421 514053 1.16297e+06 2.6809e+06 -2.6686e+07 1.02564e+07 1.7204e+07 2.90567e+07 4.86385e+07 8.02437e+07 1.27936e+08 1.95069e+08 2.91421e+08 4.29047e+08 
0.0293484 0.00666604 0.012047 0.0217962 0.0394871 0.0716308 0.130155 0.236976 0.432436 0.79095 1.45117 2.67225 4.93813 9.1669 17.1116 32.1353 60.7268 115.717 222.692 432.393 849.654 1693.99 3428.8 7043.72 14768.3 31725.5 69261.2 154976 357268 842921 2.00773e+06 -3.72232e+07 8.52203e+06 1.49849e+07 2.60741e+07 4.45888e+07 7.31672e+07 1.13666e+08 1.71883e+08 2.54578e+08 
0.0143139 0.00325182 0.00587816 0.010638 0.0192782 0.0349841 0.0635943 0.115843 0.211512 0.38713 0.710827 1.3101 2.42358 4.50467 8.42084 15.8408 29.9965 57.2955 110.563 215.412 425.003 851.35 1733.06 3585.9 7582.98 16454.4 36404.4 82799.9 194658 470712 1.15704e+06 2.92785e+06 -4.92612e+07 1.41405e+07 2.5846e+07 4.62277e+07 7.86897e+07 1.25232e+08 1.92378e+08 2.87143e+08 
0.00905857 0.00205829 0.00372149 0.00673663 0.0122116 0.0221679 0.0403128 0.0734666 0.134208 0.245795 0.451637 0.833072 1.54264 2.8706 5.37324 10.1235 19.2063 36.7657 71.124 139.007 275.28 553.821 1133.3 2360.52 5031.32 11019.7 24687.3 57030.7 136642 338591 860075 2.26586e+06 6.22355e+06 -6.23334e+07 3.24663e+07 6.20268e+07 1.11913e+08 1.85451e+08 2.9273e+08 4.4303e+08 
0.00314991 0.000715844 0.00129455 0.00234392 0.00424997 0.00771744 0.0140395 0.0255963 0.0467814 0.0857273 0.157625 0.290966 0.539289 1.00459 1.88271 3.55218 6.75095 12.9489 25.1075 49.2122 97.7886 197.516 406.117 851.011 1826.96 4035.47 9143.92 21424.9 52229.5 132361 346732 949536 2.73961e+06 7.81908e+06 -8.82186e+07 4.64697e+07 9.07405e+07 1.59653e+08 2.62977e+08 4.0756e+08 
0.000935489 0.00021263 0.000384594 0.000696493 0.00126317 0.00229441 0.00417534 0.00761517 0.0139239 0.025529 0.0469674 0.0867573 0.160932 0.300072 0.562977 1.06355 2.02443 3.89002 7.5581 14.8524 29.6026 60.003 123.899 261.024 563.956 1255.08 2872.62 6815.87 16873.5 43627.7 117525 333605 1.00671e+06 3.06907e+06 9.54718e+06 -1.26698e+08 6.481e+07 1.25201e+08 2.1979e+08 3.54286e+08 
0.000230471 5.23905e-05 9.47748e-05 0.000171664 0.000311388 0.000565729 0.00102977 0.00187869 0.00343623 0.00630277 0.011601 0.0214404 0.0397968 0.0742604 0.139442 0.26369 0.502539 0.967005 1.88186 3.70549 7.4031 15.0473 31.1746 65.9535 143.21 320.592 739.57 1772.08 4440.08 11661.5 32113.2 93820.2 293692 949035 3.19506e+06 1.11075e+07 -1.80436e+08 8.32568e+07 1.62568e+08 2.82314e+08 
4.57955e-05 1.0411e-05 1.88352e-05 3.41193e-05 6.18978e-05 0.000112471 0.000204759 0.000373626 0.000683531 0.00125406 0.00230892 0.00426865 0.00792649 0.0147977 0.027801 0.0526058 0.100332 0.193232 0.376421 0.742119 1.48484 3.0232 6.27628 13.3126 28.9959 65.1458 151.016 364.057 919.032 2437.65 6807.67 20264.2 64984.3 218650 781581 2.98332e+06 1.15755e+07 -2.46824e+08 9.7872e+07 1.99326e+08 
7.15303e-06 1.62623e-06 2.94233e-06 5.33032e-06 9.67084e-06 1.75742e-05 3.19983e-05 5.83955e-05 0.000106848 0.000196069 0.00036107 0.000667693 0.0012402 0.00231607 0.00435298 0.0082405 0.0157252 0.0303045 0.0590756 0.116571 0.233477 0.475934 0.989463 2.10248 4.58892 10.3352 24.0359 58.1767 147.585 393.968 1110.28 3345.3 10898.1 37678.2 140546 571746 2.4675e+06 1.06847e+07 -3.26995e+08 1.1979e+08 
8.47647e-07 1.92719e-07 3.48701e-07 6.31742e-07 1.14625e-06 2.08315e-06 3.79324e-06 6.92316e-06 1.2669e-05 2.32509e-05 4.28243e-05 7.92046e-05 0.000147149 0.000274866 0.000516742 0.000978541 0.00186804 0.00360152 0.00702426 0.0138689 0.0277971 0.0567082 0.118005 0.251029 0.548616 1.23744 2.88326 6.99442 17.7911 47.6512 134.904 408.911 1342.46 4706.12 17976.2 76059.7 353640 1.79587e+06 9.88614e+06 -4.16188e+08 
dt_FE: 2.6749e-10
dt_EA: 2.6749e-10
dt_PE: 2.6749e-10
tolC: 1e-06
dt_grow: 1.03
dt_max: 0.1
steps: 0
