t: 5.42573e-09
dt: 1.48975e-10
N: 0.00327524 0.00378246 0.00436626 0.00503829 0.00581137 0.00669846 0.00771582 0.00888186 0.0102154 0.0117343 0.0134647 0.0154325 0.0176521 0.0201531 0.022965 0.0261025 0.0295605 0.0333711 0.0375441 0.0419739 0.0466586 0.0515575 0.0564932 0.0611551 0.0654762 0.0692502 0.0714549 0.0720202 0.0706961 0.0666688 0.0716957 0.399517 0.322217 0.017569 0.00701819 0.00247205 0.000693362 0.000150838 2.53466e-05 3.19842e-06 
eC: 1 1.15749 1.33977 1.55077 1.795 2.07768 2.40489 2.78363 3.22201 3.72944 4.31677 4.99661 5.78351 6.69433 7.7486 8.9689 10.3814 12.0163 13.9087 16.0991 18.6345 21.5692 24.9661 28.8979 33.4489 38.7167 44.814 51.8717 60.0407 69.4963 80.4411 93.1095 107.773 124.746 144.391 167.131 193.452 223.918 259.182 300 
dV: 1.08333 0.211322 0.327712 0.508206 0.788112 1.22218 1.89532 2.93921 4.55805 7.06849 10.9616 16.999 26.3615 40.8807 63.3966 98.3136 152.462 236.434 366.655 568.597 881.764 1367.42 2120.55 3288.49 5099.69 7908.45 12264.2 19019 29494.1 45738.6 70930.1 109996 170579 264529 410225 636165 986546 1.52991e+06 2.37254e+06 3.67926e+06 
kVec: 820661 953365 1.10028e+06 1.27011e+06 1.46628e+06 1.69229e+06 1.95261e+06 2.25232e+06 2.59702e+06 2.99196e+06 3.44508e+06 3.96462e+06 4.55638e+06 5.23093e+06 5.99924e+06 6.87175e+06 7.85231e+06 8.95903e+06 1.02072e+07 1.15833e+07 1.31091e+07 1.47988e+07 1.66528e+07 1.86258e+07 2.07676e+07 2.31231e+07 2.55088e+07 2.8071e+07 3.09385e+07 3.42351e+07 3.80338e+07 4.31745e+07 5.17339e+07 6.61754e+07 9.0181e+07 1.27685e+08 1.80989e+08 2.472e+08 3.27302e+08 4.1646e+08 
cMat: 
-201314 956.988 1124.51 1309.86 1526.97 1782.59 2083.74 2438.83 2859.19 3360.39 3957.27 4670 5532.39 6576.15 7842.44 9394.12 11323.1 13715.5 16700 20528.3 25427.7 31731 39999 51067 65831.5 85715.4 113512 152065 205937 282784 393795 553742 786093 1.13032e+06 1.632e+06 2.35914e+06 3.39124e+06 4.84671e+06 6.93444e+06 9.95701e+06 
4864.72 -237884 1295.41 1508.93 1759.05 2053.54 2400.49 2809.59 3293.91 3871.37 4559.1 5380.34 6374.07 7576.86 9036.15 10824.4 13047.7 15805.3 19245.8 23659.3 29308.3 36576.9 46112.3 58879.1 75912.3 98855.4 130935 175437 237634 326373 454587 639354 907808 1.30557e+06 1.88534e+06 2.72578e+06 3.91875e+06 5.60102e+06 8.01412e+06 1.15078e+07 
3650.29 827.212 -274112 1736.59 2024.46 2363.41 2762.75 3233.64 3791.12 4455.84 5247.52 6192.92 7336.97 8721.77 10402 12461.2 15021.4 18197.4 22160.1 27244.3 33752.6 42128 53117.2 67833.2 87470.8 113927 150929 202269 274041 376466 524488 737844 1.0479e+06 1.50738e+06 2.17721e+06 3.14832e+06 4.52686e+06 6.47078e+06 9.2592e+06 1.32963e+07 
2711.01 614.362 1107.24 -316433 2328.09 2717.91 3177.19 3718.79 4359.99 5124.57 6035.23 7122.75 8438.87 10032.1 11965.3 14334.7 17281 20936.2 25497.4 31350.3 38843.7 48488.4 61145.5 78098.6 100726 131218 173875 233078 315864 434039 604866 851153 1.20915e+06 1.73977e+06 2.51344e+06 3.63528e+06 5.22789e+06 7.47361e+06 1.0695e+07 1.53589e+07 
2011.44 455.831 821.533 1481.74 -365796 3095.12 3650.73 4273.12 5010.01 5888.74 6935.39 8185.4 9698.26 11529.7 13752.3 16476.5 19864.5 24068.1 29314.3 36047.4 44669 55768 70336.6 89854.7 115912 151036 200186 268422 363867 500157 697224 981422 1.39464e+06 2.00721e+06 2.90058e+06 4.19619e+06 6.03564e+06 8.62933e+06 1.23499e+07 1.77366e+07 
1491.45 337.994 609.166 1098.72 1965.89 -423206 4188.72 4902.94 5748.59 6757.08 7958.35 9393.1 11129.7 13232.3 15783.9 18912 22802.8 27630.9 33657.4 41393.4 51301.5 64059.2 80809.3 103257 133234 173653 230236 308817 418774 575842 803035 1.13079e+06 1.60748e+06 2.31433e+06 3.34544e+06 4.84112e+06 6.96482e+06 9.95921e+06 1.42546e+07 2.04736e+07 
1104.72 250.355 451.22 813.855 1469.3 2654.18 -489956 5617.78 6586.92 7742.76 9119.64 10764.2 12755.1 15165.6 18091.5 21678.7 26141.2 31679.8 38594.3 47472.4 58845.7 73493.9 92731.7 118522 152975 199446 264527 354951 481530 662422 924180 1.30194e+06 1.85158e+06 2.66683e+06 3.85638e+06 5.58233e+06 8.03324e+06 1.14888e+07 1.64459e+07 2.36229e+07 
817.047 185.164 333.73 601.952 1086.76 1963.2 3549.95 -567536 7458.52 8860.22 10436.3 12319 14598.3 17358.5 20709 24817.6 29929.7 36275.6 44199.5 54376.4 67417.1 84217.6 106289 135890 175449 228829 303622 407588 553195 761382 1.06277e+06 1.49793e+06 2.13134e+06 3.07114e+06 4.44287e+06 6.4337e+06 9.2611e+06 1.32473e+07 1.89656e+07 2.72448e+07 
603.375 136.743 246.462 444.553 802.611 1449.93 2621.91 4698.19 -657860 10121 11922 14073.5 16678.7 19833.8 23664.5 28362.5 34209.3 41468.6 50535.3 62183.5 77114 96355.6 121644 155574 200938 262181 348041 467453 634787 874177 1.22092e+06 1.72182e+06 2.45129e+06 3.53399e+06 5.11491e+06 7.41006e+06 1.06701e+07 1.5266e+07 2.18591e+07 3.1405e+07 
445.061 100.866 181.802 327.931 592.072 1069.62 1934.27 3502.74 6351.97 -762600 13583.4 16036 19006 22603.8 26972.4 32331.5 39002.5 47287.4 57637.8 70940.1 87997.3 109988 138903 177720 229647 299789 398191 535138 727173 1.00209e+06 1.40055e+06 1.97652e+06 2.81581e+06 4.06205e+06 5.8826e+06 8.52667e+06 1.2283e+07 1.75781e+07 2.51744e+07 3.6173e+07 
327.544 74.2337 133.803 241.358 435.78 787.295 1423.78 2578.42 4676.03 8488.92 -884517 18232.4 21611.3 25705.2 30677.3 36777.9 44374.2 53811.1 65604.2 80767.1 100218 125307 158313 202648 261993 342209 454830 611684 831803 1.14717e+06 1.60461e+06 2.26628e+06 3.23112e+06 4.66452e+06 6.75955e+06 9.80359e+06 1.4129e+07 2.02259e+07 2.89725e+07 4.16368e+07 
240.383 54.4811 98.2023 177.146 319.853 577.88 1045.11 1892.77 3432.79 6232.37 11338.5 -1.02663e+06 24332.9 29164.6 34810.8 41740.4 50371.9 61098.1 74507.3 91756.1 113894 142462 180068 230617 298326 389916 518618 698022 950005 1.31135e+06 1.83591e+06 2.5953e+06 3.70347e+06 5.35074e+06 7.75979e+06 1.12618e+07 1.62392e+07 2.32543e+07 3.33185e+07 4.78908e+07 
176.1 39.9128 71.9453 129.786 234.349 423.421 765.81 1387.02 2515.73 4567.82 8311.04 15047.1 -1.19171e+06 32952.5 39338.9 47179.5 56949.6 69095.4 84285.8 103837 128944 161365 204072 261526 338550 442833 589530 794228 1.08205e+06 1.49523e+06 2.09566e+06 2.96573e+06 4.23664e+06 6.12712e+06 8.89384e+06 1.29183e+07 1.86397e+07 2.67025e+07 3.82703e+07 5.50197e+07 
128.6 29.1479 52.5426 94.7881 171.163 309.274 559.398 1013.24 1837.94 3337.49 6073.18 11079.9 20244.6 -1.38422e+06 44288.5 53128 64147.8 77853.5 95003.1 117091 145474 182151 230505 295621 383000 501427 668227 901259 1.22932e+06 1.70089e+06 2.38698e+06 3.38231e+06 4.83781e+06 7.00462e+06 1.01784e+07 1.47982e+07 2.13682e+07 3.06257e+07 4.39078e+07 6.31399e+07 
93.5112 21.1955 38.2091 68.9333 124.483 224.941 406.89 737.066 1337.1 2428.3 4419.32 8063.77 14736.3 27004.4 -1.60898e+06 58938.5 71988.4 87400.7 106696 131567 163550 204911 259494 333078 431931 566069 755263 1.01995e+06 1.3931e+06 1.93026e+06 2.71285e+06 3.84969e+06 5.51421e+06 7.99451e+06 1.1631e+07 1.69285e+07 2.44651e+07 3.5083e+07 5.03175e+07 7.23769e+07 
67.7065 15.3471 27.6676 49.9179 90.1493 162.912 294.713 533.912 968.669 1759.42 3202.49 5844.45 10682.7 19580.7 35625.5 -1.87294e+06 80382.1 97631.9 119242 147120 183002 229449 290810 373639 485055 636452 850341 1.15006e+06 1.5733e+06 2.18362e+06 3.07422e+06 4.36998e+06 6.27001e+06 9.10433e+06 1.32645e+07 1.93307e+07 2.79647e+07 4.01266e+07 5.7577e+07 8.28452e+07 
48.837 11.0705 19.9588 36.012 65.0406 117.548 212.668 385.32 699.174 1270.13 2312.29 4220.71 7716.65 14148.1 26039.7 48102.8 -2.18045e+06 108279 132319 163365 203366 255204 323779 416487 541389 711396 952060 1.28996e+06 1.76809e+06 2.45902e+06 3.46925e+06 4.94183e+06 7.10513e+06 1.03365e+07 1.50859e+07 2.20193e+07 3.18932e+07 4.57983e+07 6.5751e+07 9.46425e+07 
34.9927 7.93265 14.3026 25.8082 46.6155 84.2563 152.454 276.258 501.351 910.924 1658.69 3028.35 5538.2 10157.2 18701.2 34560.8 64050.7 -2.54241e+06 145952 180334 224688 282241 358489 461755 601130 791201 1.06089e+06 1.4404e+06 1.97867e+06 2.7584e+06 3.90108e+06 5.57041e+06 8.02793e+06 1.17045e+07 1.71167e+07 2.50284e+07 3.63026e+07 5.21759e+07 7.49538e+07 1.07936e+08 
24.8692 5.63805 10.1661 18.3457 33.1396 59.9054 108.407 196.47 356.612 648.071 1180.33 2155.54 3943.23 7234.59 13325.5 24637.7 45686 85189.8 -2.97119e+06 196657 246700 310237 394558 508986 663738 875242 1.17613e+06 1.60065e+06 2.20435e+06 3.08131e+06 4.36987e+06 6.25708e+06 9.04214e+06 1.32161e+07 1.93718e+07 2.83839e+07 4.12359e+07 5.93257e+07 8.52853e+07 1.22874e+08 
17.5725 3.9841 7.18447 12.9663 23.4248 42.3499 76.65 138.939 252.238 458.503 835.297 1525.9 2792.45 5125.47 9445.26 17473.3 32423 60505 113043 -3.47356e+06 267688 337087 429381 554937 725162 958442 1.2914e+06 1.76266e+06 2.4351e+06 3.41532e+06 4.86041e+06 6.98363e+06 1.01266e+07 1.48477e+07 2.1826e+07 3.20621e+07 4.66733e+07 6.72323e+07 9.67366e+07 1.39456e+08 
12.2928 2.78729 5.02677 9.07317 16.3935 29.6425 53.6599 97.2856 176.658 321.206 585.353 1069.69 1958.39 3596.34 6631.05 12275.1 22794.9 42575.4 80088.2 151179 -4.07059e+06 362513 462607 599161 784836 1.04009e+06 1.4058e+06 1.92538e+06 2.66969e+06 3.75919e+06 5.37178e+06 7.75012e+06 1.12837e+07 1.66059e+07 2.44936e+07 3.60902e+07 5.26623e+07 7.59712e+07 1.09423e+08 1.57855e+08 
8.48885 1.92496 3.47196 6.26756 11.3259 20.4828 37.0858 67.2516 122.151 222.168 405.011 740.417 1356.21 2491.88 4597.48 8516.8 15829.5 29595 55733.2 105348 200607 -4.78363e+06 487706 640485 841259 1.11826e+06 1.51687e+06 2.08568e+06 2.90421e+06 4.10817e+06 5.89846e+06 8.55063e+06 1.25081e+07 1.84875e+07 2.73771e+07 4.04812e+07 5.92332e+07 8.55966e+07 1.23434e+08 1.78207e+08 
5.78492 1.31194 2.36658 4.27275 7.72239 13.9685 25.2969 45.8852 83.3672 151.681 276.625 505.937 927.223 1704.75 3147.49 5835.58 10857.1 20321.6 38319 72545.6 138394 263658 -5.64739e+06 674977 889402 1.18648e+06 1.61623e+06 2.23267e+06 3.12457e+06 4.44411e+06 6.4174e+06 9.35648e+06 1.37651e+07 2.04521e+07 3.04313e+07 4.51889e+07 6.63424e+07 9.60672e+07 1.3873e+08 2.00477e+08 
3.88763 0.881768 1.59084 2.87265 5.19287 9.39517 17.019 30.8792 56.1225 102.153 186.386 341.073 625.479 1150.83 2126.57 3946.59 7351.25 13778.1 26019.9 49352.4 94350.6 182259 355292 -6.67974e+06 921731 1.23491e+06 1.69085e+06 2.34909e+06 3.30793e+06 4.73693e+06 6.88936e+06 1.01174e+07 1.4992e+07 2.24231e+07 3.3566e+07 5.01118e+07 7.38798e+07 1.07259e+08 1.55166e+08 2.24482e+08 
2.55786 0.580236 1.047 1.89096 3.41898 6.18729 11.2113 20.3483 36.9967 67.3712 122.987 225.189 413.256 760.98 1407.49 2614.93 4877.17 9154.73 17317.9 32915.4 63078.1 122182 238942 470439 -7.94372e+06 1.26396e+06 1.74083e+06 2.43444e+06 3.45282e+06 4.98374e+06 7.30965e+06 1.08267e+07 1.61808e+07 2.43932e+07 3.67785e+07 5.52592e+07 8.18768e+07 1.19235e+08 1.72853e+08 2.50395e+08 
1.64048 0.372186 0.671704 1.21339 2.19439 3.97224 7.19992 13.0724 23.7777 43.3209 79.1278 144.976 266.259 490.739 908.592 1690.06 3156.73 5935.16 11248.5 21428.8 41175.3 79999.5 157009 310457 622586 -9.5256e+06 1.75484e+06 2.48195e+06 3.54932e+06 5.17014e+06 7.65778e+06 1.14563e+07 1.72945e+07 2.63163e+07 4.00153e+07 6.05754e+07 9.02831e+07 1.31954e+08 1.91758e+08 2.78195e+08 
1.02802 0.233273 0.421085 0.760838 1.37631 2.49215 4.51879 8.20782 14.9364 27.2284 49.7663 91.2473 167.733 309.468 573.649 1068.51 1999.12 3765.87 7152.73 13662.8 26335.3 51350.4 101208 201150 405763 830396 -1.14525e+07 2.44423e+06 3.53168e+06 5.20479e+06 7.80789e+06 1.18351e+07 1.81063e+07 2.78983e+07 4.29055e+07 6.56076e+07 9.85558e+07 1.44746e+08 2.11029e+08 3.06732e+08 
0.622013 0.141169 0.254881 0.460645 0.833509 1.50978 2.7386 4.97651 9.06074 16.5274 30.2289 55.469 102.063 188.517 349.892 652.7 1223.38 2309.33 4396.63 8422.84 16290.8 31889.8 63145.9 126219 256286 530459 1.10396e+06 -1.38843e+07 3.41266e+06 5.09876e+06 7.76624e+06 1.19607e+07 1.86001e+07 2.91086e+07 4.54055e+07 7.03082e+07 1.06659e+08 1.57603e+08 2.30696e+08 3.36074e+08 
0.360483 0.0818288 0.147776 0.267143 0.483521 0.876133 1.58988 2.89043 5.26543 9.61076 17.5912 32.3064 59.5042 110.039 204.512 382.108 717.579 1357.56 2591.11 4979.5 9666.43 19002.6 37817.4 76060.8 155554 324626 682608 1.46041e+06 -1.7002e+07 4.79761e+06 7.51886e+06 1.17996e+07 1.87128e+07 2.98455e+07 4.73681e+07 7.44854e+07 1.14362e+08 1.70257e+08 2.50445e+08 3.65819e+08 
0.199114 0.0452075 0.0816604 0.147663 0.267347 0.48461 0.87978 1.60024 2.91678 5.32751 9.75896 17.9382 33.0757 61.2429 113.986 213.329 401.444 761.27 1456.93 2809.3 5475.17 10812.6 21636.4 43812.7 90314.9 190212 404661 877695 1.92985e+06 -2.10953e+07 6.97207e+06 1.11984e+07 1.8202e+07 2.97486e+07 4.82867e+07 7.74686e+07 1.20822e+08 1.81654e+08 2.68924e+08 3.94126e+08 
0.102475 0.023271 0.0420458 0.0760506 0.137735 0.249761 0.453625 0.825514 1.50555 2.75181 5.04481 9.2814 17.1326 31.7635 59.2056 110.997 209.314 397.894 763.612 1477.55 2891.5 5737.5 11546.7 23549.6 48955.5 104121 224348 494072 1.11777e+06 2.57669e+06 -2.64933e+07 9.85773e+06 1.65353e+07 2.79273e+07 4.6748e+07 7.71248e+07 1.22963e+08 1.87487e+08 2.80094e+08 4.12371e+08 
0.0317548 0.00721261 0.0130348 0.0235833 0.0427249 0.0775041 0.140827 0.256406 0.467894 0.855803 1.57016 2.89136 5.34302 9.91853 18.5147 34.7702 65.7061 125.205 240.951 467.847 919.321 1832.89 3709.94 7621.26 15979.2 34326.9 74940.2 167683 386562 912036 2.17235e+06 -3.66501e+07 9.22079e+06 1.62136e+07 2.82121e+07 4.82449e+07 7.91665e+07 1.22986e+08 1.85977e+08 2.75452e+08 
0.0156772 0.00356154 0.00643804 0.0116512 0.0211144 0.0383162 0.0696515 0.126877 0.231657 0.424003 0.77853 1.43488 2.65442 4.93373 9.22289 17.3496 32.8535 62.7527 121.094 235.929 465.483 932.439 1898.13 3927.44 8305.24 18021.6 39871.8 90686.3 213198 515546 1.26724e+06 3.20672e+06 -4.86123e+07 1.54873e+07 2.83077e+07 5.06308e+07 8.61846e+07 1.3716e+08 2.10702e+08 3.14493e+08 
0.00896186 0.00203632 0.00368176 0.00666471 0.0120812 0.0219312 0.0398824 0.0726823 0.132775 0.24317 0.446816 0.824178 1.52617 2.83995 5.31588 10.0154 19.0013 36.3732 70.3647 137.523 272.341 547.908 1121.2 2335.32 4977.61 10902 24423.8 56421.9 135184 334977 850893 2.24167e+06 6.15711e+06 -6.26435e+07 3.21197e+07 6.13646e+07 1.10719e+08 1.83471e+08 2.89605e+08 4.38301e+08 
0.00313526 0.000712514 0.00128852 0.00233302 0.0042302 0.00768154 0.0139742 0.0254773 0.0465638 0.0853285 0.156891 0.289612 0.53678 0.999921 1.87395 3.53566 6.71954 12.8887 24.9907 48.9833 97.3337 196.597 404.228 847.052 1818.47 4016.7 9101.38 21325.2 51986.5 131745 345119 945119 2.72686e+06 7.78271e+06 -8.85277e+07 4.62535e+07 9.03184e+07 1.58911e+08 2.61754e+08 4.05664e+08 
0.000933974 0.000212285 0.000383971 0.000695366 0.00126112 0.0022907 0.00416858 0.00760284 0.0139014 0.0254877 0.0468914 0.0866168 0.160671 0.299586 0.562066 1.06183 2.02115 3.88372 7.54586 14.8283 29.5546 59.9058 123.699 260.601 563.043 1253.04 2867.97 6804.84 16846.2 43557.1 117335 333065 1.00508e+06 3.0641e+06 9.53172e+06 -1.27022e+08 6.47051e+07 1.24999e+08 2.19434e+08 3.53712e+08 
0.000230368 5.2367e-05 9.47322e-05 0.000171587 0.000311249 0.000565475 0.00102931 0.00187784 0.00343469 0.00629994 0.0115958 0.0214308 0.039779 0.074227 0.139379 0.263572 0.502313 0.966571 1.88102 3.70383 7.39977 15.0405 31.1606 65.9239 143.146 320.448 739.238 1771.29 4438.08 11656.3 32098.8 93778.1 293560 948609 3.19362e+06 1.11025e+07 -1.80769e+08 8.32194e+07 1.62495e+08 2.82188e+08 
4.5791e-05 1.041e-05 1.88334e-05 3.4116e-05 6.18917e-05 0.00011246 0.000204739 0.00037359 0.000683464 0.00125394 0.0023087 0.00426824 0.00792571 0.0147962 0.0277983 0.0526006 0.100322 0.193213 0.376384 0.742046 1.4847 3.0229 6.27567 13.3114 28.9931 65.1395 151.001 364.022 918.942 2437.42 6807.01 20262.2 64977.9 218628 781505 2.98303e+06 1.15743e+07 -2.47143e+08 9.78625e+07 1.99307e+08 
7.15292e-06 1.62621e-06 2.94228e-06 5.33023e-06 9.67068e-06 1.75739e-05 3.19978e-05 5.83945e-05 0.000106846 0.000196066 0.000361064 0.000667682 0.00124018 0.00231603 0.00435291 0.00824037 0.0157249 0.030304 0.0590746 0.116569 0.233474 0.475927 0.989447 2.10244 4.58885 10.3351 24.0355 58.1758 147.582 393.962 1110.27 3345.24 10897.9 37677.5 140543 571736 2.46746e+06 1.06845e+07 -3.27291e+08 1.19788e+08 
8.47645e-07 1.92719e-07 3.48701e-07 6.31741e-07 1.14624e-06 2.08315e-06 3.79323e-06 6.92315e-06 1.26689e-05 2.32509e-05 4.28242e-05 7.92044e-05 0.000147149 0.000274865 0.000516741 0.000978539 0.00186804 0.00360151 0.00702425 0.0138689 0.0277971 0.056708 0.118005 0.251028 0.548615 1.23744 2.88326 6.99441 17.791 47.6511 134.904 408.91 1342.46 4706.11 17976.2 76059.6 353640 1.79586e+06 9.88612e+06 -4.16458e+08 
dt_FE: 1.48975e-10
dt_EA: 1.48975e-10
dt_PE: 1.48975e-10
tolC: 1e-06
dt_grow: 1.03
dt_max: 0.1
steps: 0
