t: 1.84052e-08
dt: 2.25193e-10
N: 0.0116302 0.0134185 0.0154725 0.0178313 0.0205374 0.0236324 0.0271688 0.0312048 0.0357976 0.0409987 0.046885 0.0535284 0.0609546 0.0692369 0.0784395 0.0885675 0.0995488 0.111428 0.124159 0.137314 0.150797 0.164372 0.17739 0.188834 0.19842 0.205433 0.207126 0.203332 0.193396 0.175536 0.15561 0.295517 0.200091 0.0365696 0.0148111 0.00498075 0.00135165 0.00029226 4.94176e-05 6.31187e-06 
eC: 1 1.15749 1.33977 1.55077 1.795 2.07768 2.40489 2.78363 3.22201 3.72944 4.31677 4.99661 5.78351 6.69433 7.7486 8.9689 10.3814 12.0163 13.9087 16.0991 18.6345 21.5692 24.9661 28.8979 33.4489 38.7167 44.814 51.8717 60.0407 69.4963 80.4411 93.1095 107.773 124.746 144.391 167.131 193.452 223.918 259.182 300 
dV: 1.08333 0.211322 0.327712 0.508206 0.788112 1.22218 1.89532 2.93921 4.55805 7.06849 10.9616 16.999 26.3615 40.8807 63.3966 98.3136 152.462 236.434 366.655 568.597 881.764 1367.42 2120.55 3288.49 5099.69 7908.45 12264.2 19019 29494.1 45738.6 70930.1 109996 170579 264529 410225 636165 986546 1.52991e+06 2.37254e+06 3.67926e+06 
kVec: 861912 1.00073e+06 1.15458e+06 1.33227e+06 1.53731e+06 1.77325e+06 2.04465e+06 2.35664e+06 2.71483e+06 3.12432e+06 3.593e+06 4.12889e+06 4.73709e+06 5.42757e+06 6.21046e+06 7.09455e+06 8.08114e+06 9.18616e+06 1.04214e+07 1.17668e+07 1.32392e+07 1.48457e+07 1.65778e+07 1.83796e+07 2.02955e+07 2.23644e+07 2.44106e+07 2.66009e+07 2.91046e+07 3.21486e+07 3.59588e+07 4.15751e+07 5.10294e+07 6.62187e+07 9.05944e+07 1.28282e+08 1.81661e+08 2.47869e+08 3.27946e+08 4.17065e+08 
cMat: 
-182736 948.966 1115.09 1298.88 1514.17 1767.64 2066.27 2418.39 2835.23 3332.22 3924.1 4630.85 5486.01 6521.03 7776.71 9315.37 11228.1 13600.5 16560.1 20356.2 25214.5 31465 39663.7 50639 65279.7 84996.9 112561 150791 204211 280413 390494 549100 779504 1.12085e+06 1.61832e+06 2.33937e+06 3.36282e+06 4.80608e+06 6.87631e+06 9.87354e+06 
4817.67 -216253 1282.88 1494.34 1742.03 2033.67 2377.27 2782.42 3262.05 3833.93 4515 5328.3 6312.42 7503.57 8948.75 10719.7 12921.5 15652.4 19059.6 23430.5 29024.8 36223.1 45666.3 58309.6 75178 97899.2 129669 173740 235335 323216 450190 633170 899027 1.29295e+06 1.86711e+06 2.69941e+06 3.88084e+06 5.54685e+06 7.9366e+06 1.13964e+07 
3609.57 817.984 -248970 1717.22 2001.88 2337.05 2731.93 3197.57 3748.83 4406.14 5188.99 6123.84 7255.13 8624.48 10286 12322.2 14853.9 17994.4 21912.9 26940.4 33376 41658.1 52524.7 67076.6 86495.1 112657 149245 200013 270984 372266 518637 729613 1.03621e+06 1.49056e+06 2.15292e+06 3.1132e+06 4.47637e+06 6.3986e+06 9.15592e+06 1.31479e+07 
2676.15 606.462 1093 -287186 2298.16 2682.96 3136.34 3670.97 4303.93 5058.68 5957.63 7031.17 8330.37 9903.07 11811.4 14150.3 17058.8 20667 25169.5 30947.2 38344.2 47865 60359.3 77094.5 99431.3 129531 171639 230082 311802 428458 597088 840209 1.1936e+06 1.7174e+06 2.48112e+06 3.58854e+06 5.16067e+06 7.37751e+06 1.05575e+07 1.51614e+07 
1981.65 449.079 809.365 1459.79 -331740 3049.28 3596.65 4209.83 4935.8 5801.52 6832.67 8064.16 9554.61 11359 13548.6 16232.5 19570.2 23711.6 28880.1 35513.4 44007.4 54942 69294.7 88523.8 114196 148799 197221 264446 358478 492748 686897 966886 1.37398e+06 1.97748e+06 2.85761e+06 4.13403e+06 5.94624e+06 8.50151e+06 1.2167e+07 1.74738e+07 
1466.03 332.232 598.781 1079.99 1932.37 -383524 4117.31 4819.36 5650.59 6641.88 7822.67 9232.97 10940 13006.7 15514.9 18589.6 22414 27159.8 33083.6 40687.8 50426.9 62967.2 79431.7 101496 130963 170693 226310 303553 411634 566025 789344 1.11151e+06 1.58008e+06 2.27488e+06 3.2884e+06 4.75859e+06 6.84609e+06 9.78942e+06 1.40116e+07 2.01245e+07 
1083.06 245.447 442.374 797.9 1440.5 2602.15 -443676 5507.65 6457.79 7590.97 8940.85 10553.2 12505 14868.3 17736.8 21253.7 25628.7 31058.7 37837.7 46541.7 57692.1 72053.1 90913.8 116198 149976 195536 259341 347992 472090 649436 906062 1.27642e+06 1.81529e+06 2.61454e+06 3.78078e+06 5.47289e+06 7.87576e+06 1.12636e+07 1.61235e+07 2.31598e+07 
798.645 180.994 326.214 588.394 1062.28 1918.98 3469.99 -513501 7290.53 8660.66 10201.2 12041.5 14269.5 16967.5 20242.6 24258.7 29255.6 35458.6 43204 53151.7 65898.7 82320.8 103895 132829 171497 223675 296784 398408 540735 744234 1.03884e+06 1.46419e+06 2.08334e+06 3.00197e+06 4.34281e+06 6.28879e+06 9.05251e+06 1.29489e+07 1.85384e+07 2.66312e+07 
587.78 133.208 240.092 433.063 781.866 1412.45 2554.14 4576.76 -594697 9859.4 11613.8 13709.8 16247.6 19321.2 23052.8 27629.5 33325.1 40396.8 49229.2 60576.2 75120.9 93865.1 118500 151553 195745 255405 339045 455371 618380 851583 1.18937e+06 1.67732e+06 2.38793e+06 3.44265e+06 4.9827e+06 7.21853e+06 1.03943e+07 1.48715e+07 2.12941e+07 3.05933e+07 
431.882 97.8788 176.418 318.22 574.54 1037.95 1876.99 3399.02 6163.88 -688716 13181.2 15561.1 18443.2 21934.4 26173.7 31374.1 37847.6 45887.2 55931 68839.4 85391.5 106731 134790 172458 222846 290911 386400 519292 705640 972416 1.35908e+06 1.91799e+06 2.73243e+06 3.94177e+06 5.70841e+06 8.27418e+06 1.19193e+07 1.70576e+07 2.4429e+07 3.51018e+07 
316.448 71.719 129.27 233.182 421.017 760.624 1375.55 2491.07 4517.63 8201.35 -797976 17614.7 20879.2 24834.4 29638 35531.9 42871 51988.1 63381.8 78031 96823.3 121062 152950 195783 253118 330616 439422 590962 803624 1.10831e+06 1.55025e+06 2.18951e+06 3.12166e+06 4.5065e+06 6.53056e+06 9.47148e+06 1.36504e+07 1.95407e+07 2.7991e+07 4.02263e+07 
231.082 52.3731 94.4026 170.291 307.477 555.52 1004.67 1819.53 3299.96 5991.22 10899.8 -925114 23391.4 28036.1 33463.9 40125.4 48422.8 58734 71624.4 88205.8 109487 136950 173100 221694 286783 374829 498551 671014 913247 1.26061e+06 1.76488e+06 2.49488e+06 3.56017e+06 5.1437e+06 7.45954e+06 1.08261e+07 1.56108e+07 2.23545e+07 3.20293e+07 4.60378e+07 
168.338 38.1535 68.7739 124.064 224.019 404.756 732.053 1325.88 2404.84 4366.46 7944.69 14383.9 -1.07256e+06 31499.9 37604.9 45099.8 54439.2 66049.7 80570.4 99259.9 123260 154251 195076 249998 323627 423313 563543 759218 1.03435e+06 1.42932e+06 2.00328e+06 2.835e+06 4.04988e+06 5.85703e+06 8.5018e+06 1.23488e+07 1.7818e+07 2.55255e+07 3.65833e+07 5.25944e+07 
122.158 27.6877 49.9106 90.0398 162.589 293.782 531.376 962.488 1745.87 3170.3 5768.96 10524.9 19230.5 -1.24422e+06 42069.9 50466.6 60934.4 73953.6 90244.1 111225 138187 173026 218959 280812 363814 476309 634753 856112 1.16774e+06 1.61569e+06 2.2674e+06 3.21288e+06 4.59547e+06 6.65374e+06 9.66855e+06 1.40569e+07 2.02978e+07 2.90916e+07 4.17083e+07 5.9977e+07 
88.2018 19.9921 36.0396 65.0193 117.415 212.169 383.788 695.217 1261.18 2290.43 4168.39 7605.92 13899.6 25471.1 -1.44429e+06 55592.1 67901 82438.2 100638 124096 154264 193277 244761 314166 407407 533928 712380 962035 1.314e+06 1.82066e+06 2.55882e+06 3.63111e+06 5.20113e+06 7.54059e+06 1.09706e+07 1.59673e+07 2.3076e+07 3.30911e+07 4.74606e+07 6.82674e+07 
63.3639 14.3628 25.893 46.7162 84.3672 152.463 275.81 499.667 906.54 1646.57 2997.08 5469.59 9997.52 18324.8 33340.5 -1.67898e+06 75226.4 91369.8 111594 137683 171264 214732 272158 349674 453944 595630 795800 1.07629e+06 1.47239e+06 2.04356e+06 2.87705e+06 4.08969e+06 5.86786e+06 8.52039e+06 1.24137e+07 1.80908e+07 2.61711e+07 3.75529e+07 5.38841e+07 7.75315e+07 
45.3149 10.2721 18.5194 33.4148 60.3499 109.07 197.33 357.531 648.749 1178.53 2145.53 3916.31 7160.12 13127.7 24161.7 44633.6 -1.95215e+06 100470 122776 151583 188700 236799 300428 386450 502344 660090 883397 1.19693e+06 1.64058e+06 2.28168e+06 3.21904e+06 4.58543e+06 6.59271e+06 9.59101e+06 1.39979e+07 2.04313e+07 2.9593e+07 4.24953e+07 6.1009e+07 8.78169e+07 
32.167 7.29208 13.1476 23.7242 42.8512 77.4524 140.143 253.95 460.866 837.365 1524.75 2783.81 5090.98 9337.03 17191 31769.9 58878.5 -2.27356e+06 134166 165772 206544 259449 329541 424468 552587 727310 975223 1.32409e+06 1.81889e+06 2.53565e+06 3.58606e+06 5.12059e+06 7.37966e+06 1.07593e+07 1.57345e+07 2.30073e+07 3.33711e+07 4.79626e+07 6.89012e+07 9.922e+07 
22.6312 5.13066 9.25124 16.6947 30.1572 54.5144 98.6515 178.789 324.519 589.749 1074.11 1961.55 3588.37 6583.53 12126.3 22420.4 41574.5 77523.3 -2.65448e+06 178959 224499 282318 359050 463180 604006 796476 1.07029e+06 1.4566e+06 2.00598e+06 2.80401e+06 3.97661e+06 5.69399e+06 8.22841e+06 1.20268e+07 1.76284e+07 2.58296e+07 3.7525e+07 5.39868e+07 7.76102e+07 1.11816e+08 
15.8237 3.58762 6.46949 11.6759 21.0936 38.1354 69.022 125.112 227.136 412.874 752.171 1374.05 2514.55 4615.4 8505.29 15734.4 29196.4 54483.8 101793 -3.1016e+06 241048 303541 386650 499711 652996 863061 1.16288e+06 1.58725e+06 2.19276e+06 3.07544e+06 4.37672e+06 6.28864e+06 9.11887e+06 1.33701e+07 1.96539e+07 2.88713e+07 4.20285e+07 6.05415e+07 8.71097e+07 1.25578e+08 
10.95 2.48282 4.47767 8.08206 14.6028 26.4045 47.7984 86.6586 157.361 286.119 521.412 952.839 1744.46 3203.5 5906.7 10934.2 20304.9 37924.6 71339.8 134665 -3.6347e+06 322914 412074 533712 699104 926472 1.25223e+06 1.71506e+06 2.37806e+06 3.34855e+06 4.785e+06 6.90354e+06 1.00512e+07 1.47919e+07 2.18181e+07 3.21479e+07 4.69098e+07 6.76725e+07 9.74705e+07 1.40612e+08 
7.47913 1.69599 3.05898 5.52205 9.97872 18.0464 32.6746 59.2522 107.622 195.742 356.836 652.347 1194.89 2195.48 4050.62 7503.75 13946.7 26074.8 49103.9 92817.4 176745 -4.27464e+06 429694 564301 741194 985242 1.33644e+06 1.8376e+06 2.55877e+06 3.61951e+06 5.19686e+06 7.53356e+06 1.10203e+07 1.62885e+07 2.41207e+07 3.56661e+07 5.21876e+07 7.54151e+07 1.08752e+08 1.5701e+08 
5.04367 1.14383 2.06334 3.72526 6.73288 12.1787 22.0555 40.0057 72.6849 132.245 241.179 441.109 808.413 1486.31 2744.19 5087.84 9465.88 17717.7 33409 63249.9 120661 229874 -5.05533e+06 588488 775438 1.03445e+06 1.40913e+06 1.94658e+06 2.7242e+06 3.87466e+06 5.5951e+06 8.15758e+06 1.20013e+07 1.78315e+07 2.6532e+07 3.93986e+07 5.78416e+07 8.37576e+07 1.20953e+08 1.74789e+08 
3.35893 0.761851 1.37449 2.48198 4.48666 8.11746 14.7045 26.6798 48.4901 88.2607 161.038 294.689 540.416 994.32 1837.36 3409.87 6351.51 11904.4 22481.3 42640.6 81519.3 157472 306973 -5.99782e+06 796380 1.06696e+06 1.4609e+06 2.02962e+06 2.85806e+06 4.09272e+06 5.95244e+06 8.74147e+06 1.29531e+07 1.93737e+07 2.90012e+07 4.32968e+07 6.38324e+07 9.26721e+07 1.34064e+08 1.93954e+08 
2.19399 0.497692 0.898053 1.62195 2.9326 5.3071 9.61638 17.4536 31.7336 57.787 105.491 193.154 354.467 652.724 1207.26 2242.94 4183.35 7852.4 14854.3 28232.9 54104.7 104801 204951 403515 -7.16638e+06 1.08415e+06 1.49318e+06 2.08812e+06 2.96163e+06 4.27476e+06 6.26979e+06 9.28652e+06 1.3879e+07 2.09231e+07 3.15465e+07 4.73981e+07 7.02292e+07 1.02273e+08 1.48263e+08 2.14774e+08 
1.40045 0.31773 0.573423 1.03585 1.87331 3.39104 6.14646 11.1597 20.2986 36.9823 67.5502 123.763 227.301 418.936 775.651 1442.78 2694.85 5066.75 9602.67 18293.4 35150.7 68294.3 134036 265032 531492 -8.65146e+06 1.49808e+06 2.11881e+06 3.03e+06 4.41367e+06 6.53733e+06 9.78003e+06 1.47641e+07 2.24658e+07 3.41605e+07 5.17123e+07 7.70732e+07 1.12647e+08 1.63701e+08 2.37491e+08 
0.877816 0.199189 0.359559 0.64967 1.17521 2.12801 3.85854 7.00856 12.754 23.25 42.4949 77.915 143.225 264.251 489.832 912.388 1707.03 3215.63 6107.63 11666.5 22487.4 43847.5 86420.2 171760 346477 709065 -1.04938e+07 2.0871e+06 3.01566e+06 4.44431e+06 6.66706e+06 1.01059e+07 1.54608e+07 2.3822e+07 3.66365e+07 5.60216e+07 8.41556e+07 1.23597e+08 1.80195e+08 2.61914e+08 
0.533997 0.121193 0.218815 0.395462 0.715565 1.29614 2.35108 4.27232 7.77862 14.1888 25.9515 47.62 87.6206 161.841 300.382 560.341 1050.27 1982.56 3774.49 7230.99 13985.6 27377.4 54210.6 108358 220021 455397 947744 -1.28677e+07 2.92976e+06 4.37728e+06 6.6673e+06 1.02682e+07 1.59681e+07 2.49897e+07 3.89805e+07 6.03594e+07 9.15662e+07 1.35301e+08 1.98052e+08 2.88519e+08 
0.312886 0.0710246 0.128264 0.231871 0.419679 0.760454 1.37996 2.50879 4.57021 8.34181 15.2686 28.0408 51.6476 95.5101 177.509 331.657 622.833 1178.31 2249 4322.04 8390.13 16493.6 32824.2 66018.2 135015 281765 592480 1.26758e+06 -1.5988e+07 4.16416e+06 6.52611e+06 1.02416e+07 1.6242e+07 2.59048e+07 4.11139e+07 6.46507e+07 9.92626e+07 1.47777e+08 2.17377e+08 3.17518e+08 
0.175889 0.0399343 0.0721352 0.130439 0.236163 0.428083 0.777159 1.41358 2.57655 4.70609 8.62064 15.8458 29.2176 54.0992 100.69 188.445 354.618 672.472 1286.99 2481.62 4836.53 9551.38 19112.6 38702.2 79780.2 168025 357460 775317 1.70474e+06 -2.01857e+07 6.15882e+06 9.8922e+06 1.60789e+07 2.62786e+07 4.26543e+07 6.84323e+07 1.06729e+08 1.60465e+08 2.37556e+08 3.48154e+08 
0.093212 0.0211674 0.038245 0.069176 0.125284 0.227184 0.412619 0.750891 1.36945 2.50306 4.58878 8.44241 15.5839 28.8922 53.8537 100.963 190.393 361.926 694.585 1343.99 2630.12 5218.86 10503 21420.8 44530.2 94709.4 204068 449411 1.01673e+06 2.34377e+06 -2.58202e+07 8.96664e+06 1.50406e+07 2.54028e+07 4.25222e+07 7.01531e+07 1.11848e+08 1.70539e+08 2.54775e+08 3.75094e+08 
0.0372546 0.0084618 0.0152924 0.0276678 0.0501246 0.0909274 0.165218 0.300815 0.54893 1.00402 1.8421 3.39212 6.26841 11.6364 21.7213 40.7922 77.086 146.89 282.683 548.876 1078.54 2150.33 4352.48 8941.22 18746.7 40272.1 87919.5 196724 453513 1.07e+06 2.54859e+06 -3.51048e+07 1.08178e+07 1.90217e+07 3.30982e+07 5.66006e+07 9.28777e+07 1.44286e+08 2.18187e+08 3.23159e+08 
0.018502 0.00420327 0.00759807 0.0137506 0.0249189 0.0452202 0.0822016 0.149738 0.273398 0.500401 0.918809 1.69343 3.1327 5.82271 10.8847 20.4757 38.7732 74.0598 142.913 278.439 549.356 1100.45 2240.14 4635.11 9801.71 21268.8 47056.1 107026 251613 608439 1.49558e+06 3.78452e+06 -4.70211e+07 1.82779e+07 3.34083e+07 5.97536e+07 1.01714e+08 1.61874e+08 2.48667e+08 3.71159e+08 
0.00878854 0.00199693 0.00361056 0.00653581 0.0118476 0.0215071 0.0391111 0.0712766 0.130207 0.238467 0.438174 0.808238 1.49666 2.78503 5.21307 9.82171 18.6338 35.6697 69.0038 134.863 267.074 537.312 1099.52 2290.16 4881.34 10691.2 23951.4 55330.6 132569 328498 834437 2.19832e+06 6.03803e+06 -6.30286e+07 3.14985e+07 6.01778e+07 1.08577e+08 1.79923e+08 2.84004e+08 4.29824e+08 
0.00311066 0.000706922 0.00127841 0.00231471 0.004197 0.00762126 0.0138645 0.0252773 0.0461983 0.0846589 0.15566 0.287339 0.532568 0.992074 1.85924 3.50791 6.66681 12.7875 24.7946 48.5989 96.5698 195.054 401.056 840.404 1804.19 3985.17 9029.95 21157.9 51578.5 130711 342410 937702 2.70546e+06 7.72163e+06 -8.89644e+07 4.58905e+07 8.96095e+07 1.57663e+08 2.59699e+08 4.0248e+08 
0.000931625 0.000211752 0.000383005 0.000693617 0.00125795 0.00228494 0.00415809 0.00758372 0.0138664 0.0254236 0.0467734 0.086399 0.160267 0.298833 0.560652 1.05916 2.01607 3.87395 7.52688 14.791 29.4803 59.7552 123.387 259.946 561.627 1249.89 2860.76 6787.72 16803.8 43447.5 117039 332228 1.00255e+06 3.0564e+06 9.50775e+06 -1.27558e+08 6.45424e+07 1.24684e+08 2.18883e+08 3.52822e+08 
0.000230216 5.23325e-05 9.46698e-05 0.000171474 0.000311044 0.000565103 0.00102863 0.0018766 0.00343243 0.00629579 0.0115882 0.0214167 0.0397528 0.0741781 0.139287 0.263398 0.501982 0.965934 1.87978 3.70139 7.3949 15.0306 31.14 65.8805 143.052 320.236 738.751 1770.12 4435.16 11648.6 32077.6 93716.3 293366 947984 3.19152e+06 1.10952e+07 -1.81394e+08 8.31646e+07 1.62388e+08 2.82002e+08 
4.57845e-05 1.04085e-05 1.88307e-05 3.41112e-05 6.1883e-05 0.000112444 0.00020471 0.000373537 0.000683367 0.00125376 0.00230837 0.00426763 0.00792459 0.0147941 0.0277944 0.0525932 0.100308 0.193186 0.376331 0.741941 1.48449 3.02248 6.27478 13.3095 28.989 65.1303 150.98 363.97 918.812 2437.07 6806.05 20259.3 64968.7 218597 781395 2.98261e+06 1.15727e+07 -2.47792e+08 9.78486e+07 1.99278e+08 
7.15275e-06 1.62617e-06 2.94221e-06 5.3301e-06 9.67045e-06 1.75735e-05 3.1997e-05 5.83931e-05 0.000106844 0.000196061 0.000361055 0.000667666 0.00124015 0.00231598 0.0043528 0.00824017 0.0157246 0.0303032 0.0590732 0.116566 0.233468 0.475915 0.989423 2.10239 4.58874 10.3348 24.035 58.1744 147.579 393.952 1110.24 3345.16 10897.7 37676.6 140540 571722 2.4674e+06 1.06843e+07 -3.27929e+08 1.19785e+08 
8.47643e-07 1.92718e-07 3.487e-07 6.31739e-07 1.14624e-06 2.08314e-06 3.79322e-06 6.92313e-06 1.26689e-05 2.32508e-05 4.2824e-05 7.92042e-05 0.000147148 0.000274865 0.000516739 0.000978536 0.00186803 0.0036015 0.00702423 0.0138689 0.027797 0.0567079 0.118005 0.251027 0.548613 1.23743 2.88325 6.99439 17.791 47.651 134.903 408.909 1342.45 4706.09 17976.1 76059.3 353639 1.79586e+06 9.88609e+06 -4.17062e+08 
dt_FE: 2.25193e-10
dt_EA: 2.25193e-10
dt_PE: 2.25193e-10
tolC: 1e-06
dt_grow: 1.03
dt_max: 0.1
steps: 0
