t: 3.00554e-09
dt: 2.73794e-10
N: 0.00179702 0.00207569 0.00239655 0.00276607 0.00319138 0.00367969 0.00424011 0.00488294 0.00561877 0.00645783 0.00741491 0.00850482 0.00973634 0.0111267 0.0126933 0.0144459 0.0163836 0.0185265 0.0208829 0.0233971 0.026072 0.0288892 0.0317536 0.0344937 0.0370762 0.0393895 0.0408428 0.0413951 0.0409012 0.0388948 0.0489078 0.427174 0.357719 0.0112437 0.00426528 0.00152086 0.000431544 9.4227e-05 1.57964e-05 1.97758e-06 
eC: 1 1.15749 1.33977 1.55077 1.795 2.07768 2.40489 2.78363 3.22201 3.72944 4.31677 4.99661 5.78351 6.69433 7.7486 8.9689 10.3814 12.0163 13.9087 16.0991 18.6345 21.5692 24.9661 28.8979 33.4489 38.7167 44.814 51.8717 60.0407 69.4963 80.4411 93.1095 107.773 124.746 144.391 167.131 193.452 223.918 259.182 300 
dV: 1.08333 0.211322 0.327712 0.508206 0.788112 1.22218 1.89532 2.93921 4.55805 7.06849 10.9616 16.999 26.3615 40.8807 63.3966 98.3136 152.462 236.434 366.655 568.597 881.764 1367.42 2120.55 3288.49 5099.69 7908.45 12264.2 19019 29494.1 45738.6 70930.1 109996 170579 264529 410225 636165 986546 1.52991e+06 2.37254e+06 3.67926e+06 
kVec: 812091 943526 1.08901e+06 1.25721e+06 1.45153e+06 1.67549e+06 1.93351e+06 2.23068e+06 2.57259e+06 2.96452e+06 3.41444e+06 3.93061e+06 4.51901e+06 5.19032e+06 5.95569e+06 6.82593e+06 7.80542e+06 8.91275e+06 1.01639e+07 1.15469e+07 1.30846e+07 1.47927e+07 1.66737e+07 1.86843e+07 2.0876e+07 2.32952e+07 2.57562e+07 2.8401e+07 3.13487e+07 3.46978e+07 3.84824e+07 4.34885e+07 5.18026e+07 6.60513e+07 8.99799e+07 1.27461e+08 1.8077e+08 2.47001e+08 3.27122e+08 4.16296e+08 
cMat: 
-205233 958.407 1126.18 1311.81 1529.23 1785.23 2086.83 2442.45 2863.43 3365.37 3963.14 4676.92 5540.59 6585.91 7854.08 9408.05 11339.9 13735.8 16724.8 20558.8 25465.4 31778.1 40058.3 51142.8 65929.1 85842.5 113681 152291 206242 283203 394379 554563 787259 1.132e+06 1.63442e+06 2.36264e+06 3.39627e+06 4.85389e+06 6.94472e+06 9.97178e+06 
4873.06 -242447 1297.63 1511.52 1762.06 2057.05 2404.6 2814.41 3299.55 3878 4566.91 5389.56 6384.99 7589.84 9051.63 10843 13070 15832.4 19278.7 23699.8 29358.5 36639.6 46191.3 58980 76042.3 99024.8 131160 175738 238041 326932 455366 640450 909363 1.30781e+06 1.88857e+06 2.73045e+06 3.92546e+06 5.61062e+06 8.02785e+06 1.15275e+07 
3657.51 828.848 -279416 1740.03 2028.46 2368.08 2768.21 3240.04 3798.62 4464.66 5257.9 6205.18 7351.48 8739.03 10422.6 12485.8 15051.1 18233.4 22204 27298.2 33819.3 42211.3 53222.3 67967.4 87643.9 114153 151227 202669 274583 377211 525525 739303 1.04997e+06 1.51036e+06 2.18151e+06 3.15455e+06 4.53582e+06 6.48358e+06 9.27752e+06 1.33226e+07 
2717.2 615.765 1109.77 -322604 2333.41 2724.12 3184.45 3727.28 4369.95 5136.28 6049.01 7139.02 8458.14 10055 11992.6 14367.4 17320.4 20984 25555.6 31421.9 38932.4 48599.2 61285.1 78277 100956 131518 174272 233611 316585 435030 606247 853097 1.21191e+06 1.74374e+06 2.51918e+06 3.64358e+06 5.23983e+06 7.49068e+06 1.07194e+07 1.53939e+07 
2016.74 457.032 823.698 1485.65 -372983 3103.28 3660.35 4284.39 5023.21 5904.26 6953.67 8206.97 9723.82 11560.1 13788.5 16519.9 19916.8 24131.5 29391.6 36142.4 44786.7 55915 70521.9 90091.5 116218 151434 200714 269130 364826 501475 699061 984009 1.39831e+06 2.0125e+06 2.90822e+06 4.20725e+06 6.05154e+06 8.65207e+06 1.23824e+07 1.77833e+07 
1495.99 339.022 611.018 1102.06 1971.86 -431583 4201.45 4917.84 5766.06 6777.61 7982.53 9421.65 11163.5 13272.5 15831.9 18969.5 22872.1 27714.9 33759.7 41519.2 51457.4 64253.9 81054.9 103571 133639 174181 230935 309756 420046 577592 805475 1.13422e+06 1.61237e+06 2.32137e+06 3.3556e+06 4.85584e+06 6.98599e+06 9.98947e+06 1.42979e+07 2.05358e+07 
1108.59 251.232 452.8 816.706 1474.45 2663.48 -499730 5637.46 6609.99 7769.88 9151.58 10802 12799.7 15218.8 18154.8 21754.6 26232.8 31790.8 38729.5 47638.6 59051.8 73751.4 93056.5 118937 153511 200144 265454 356194 483216 664743 927417 1.30651e+06 1.85807e+06 2.67617e+06 3.86989e+06 5.60188e+06 8.06138e+06 1.15291e+07 1.65035e+07 2.37056e+07 
820.344 185.911 335.077 604.381 1091.14 1971.12 3564.27 -578952 7488.61 8895.97 10478.4 12368.7 14657.2 17428.5 20792.6 24917.8 30050.5 36422 44377.8 54595.8 67689.1 84557.4 106718 136438 176157 229752 304847 409232 555427 764454 1.06706e+06 1.50398e+06 2.13994e+06 3.08353e+06 4.4608e+06 6.45966e+06 9.29847e+06 1.33007e+07 1.90421e+07 2.73548e+07 
606.177 137.378 247.606 446.618 806.338 1456.66 2634.09 4720.01 -671211 10168 11977.3 14138.9 16756.1 19926 23774.4 28494.2 34368.1 41661.2 50770 62472.2 77472.2 96803 122209 156296 201871 263399 349657 469624 637735 878237 1.22659e+06 1.72982e+06 2.46267e+06 3.5504e+06 5.13866e+06 7.44447e+06 1.07197e+07 1.53369e+07 2.19606e+07 3.15508e+07 
447.437 101.404 182.772 329.682 595.233 1075.33 1944.6 3521.45 6385.89 -778227 13655.9 16121.6 19107.5 22724.5 27116.5 32504.1 39210.7 47539.9 57945.5 71318.8 88467.1 110575 139645 178669 230873 301389 400317 537995 731055 1.00744e+06 1.40803e+06 1.98707e+06 2.83084e+06 4.08374e+06 5.91401e+06 8.57219e+06 1.23486e+07 1.7672e+07 2.53088e+07 3.63661e+07 
329.552 74.689 134.624 242.838 438.452 792.123 1432.51 2594.23 4704.71 8540.98 -902837 18344.2 21743.9 25862.8 30865.4 37003.4 44646.3 54141.1 66006.5 81262.4 100833 126075 159284 203891 263600 344307 457619 615435 836904 1.15421e+06 1.61445e+06 2.28018e+06 3.25094e+06 4.69312e+06 6.801e+06 9.86371e+06 1.42157e+07 2.03499e+07 2.91502e+07 4.18921e+07 
242.075 54.8644 98.8933 178.392 322.103 581.947 1052.47 1906.09 3456.94 6276.22 11418.3 -1.04814e+06 24504.2 29369.8 35055.7 42034.1 50726.3 61528 75031.5 92401.8 114695 143464 181335 232240 300425 392659 522268 702934 956690 1.32058e+06 1.84883e+06 2.61356e+06 3.72953e+06 5.38839e+06 7.81439e+06 1.13411e+07 1.63534e+07 2.34179e+07 3.3553e+07 4.82278e+07 
177.519 40.2345 72.525 130.831 236.237 426.833 771.981 1398.2 2536 4604.62 8378.01 15168.4 -1.21699e+06 33218 39655.9 47559.7 57408.5 69652.2 84964.9 104674 129983 162665 205716 263634 341278 446402 594280 800628 1.09076e+06 1.50728e+06 2.11255e+06 2.98963e+06 4.27078e+06 6.17649e+06 8.96551e+06 1.30224e+07 1.87899e+07 2.69177e+07 3.85786e+07 5.54631e+07 
129.785 29.4164 53.0267 95.6613 172.74 312.123 564.551 1022.58 1854.87 3368.24 6129.13 11182 20431.1 -1.41397e+06 44696.5 53617.4 64738.8 78570.7 95878.3 118169 146814 183829 232629 298344 386528 506047 674383 909561 1.24065e+06 1.71656e+06 2.40897e+06 3.41347e+06 4.88237e+06 7.06915e+06 1.02722e+07 1.49346e+07 2.15651e+07 3.09078e+07 4.43123e+07 6.37215e+07 
94.4943 21.4183 38.6108 69.658 125.791 227.306 411.168 744.815 1351.16 2453.83 4465.78 8148.54 14891.2 27288.3 -1.64405e+06 59558.1 72745.2 88319.5 107818 132950 165269 207066 262222 336580 436472 572020 763203 1.03067e+06 1.40774e+06 1.95055e+06 2.74137e+06 3.89016e+06 5.57218e+06 8.07856e+06 1.17532e+07 1.71065e+07 2.47223e+07 3.54518e+07 5.08465e+07 7.31378e+07 
68.5169 15.5308 27.9987 50.5154 91.2283 164.862 298.24 540.302 980.263 1780.48 3240.82 5914.4 10810.6 19815.1 36051.9 -1.91434e+06 81344.2 98800.4 120669 148880 185192 232195 294291 378111 490861 644069 860518 1.16382e+06 1.59213e+06 2.20975e+06 3.11102e+06 4.42228e+06 6.34506e+06 9.2133e+06 1.34232e+07 1.95621e+07 2.82994e+07 4.06068e+07 5.82661e+07 8.38367e+07 
49.5001 11.2208 20.2298 36.501 65.9237 119.144 215.556 390.552 708.667 1287.37 2343.69 4278.02 7821.42 14340.2 26393.3 48755.9 -2.22931e+06 109749 134116 165583 206128 258670 328175 422143 548740 721055 964987 1.30747e+06 1.7921e+06 2.49241e+06 3.51635e+06 5.00894e+06 7.2016e+06 1.04768e+07 1.52907e+07 2.23183e+07 3.23262e+07 4.64202e+07 6.66438e+07 9.59276e+07 
35.5301 8.05447 14.5222 26.2046 47.3314 85.5502 154.796 280.501 509.051 924.913 1684.16 3074.86 5623.25 10313.2 18988.4 35091.5 65034.3 -2.60015e+06 148193 183103 228139 286575 363994 468846 610361 803351 1.07718e+06 1.46252e+06 2.00906e+06 2.80076e+06 3.96099e+06 5.65595e+06 8.15121e+06 1.18842e+07 1.73796e+07 2.54128e+07 3.68601e+07 5.29772e+07 7.61049e+07 1.09594e+08 
25.2998 5.73565 10.3421 18.6633 33.7132 60.9425 110.284 199.871 362.785 659.29 1200.76 2192.85 4011.49 7359.83 13556.1 25064.2 46476.8 86664.5 -3.03949e+06 200061 250971 315607 401388 517797 675228 890393 1.19649e+06 1.62836e+06 2.24251e+06 3.13465e+06 4.44552e+06 6.3654e+06 9.19867e+06 1.34449e+07 1.97071e+07 2.88753e+07 4.19498e+07 6.03527e+07 8.67617e+07 1.25001e+08 
17.9132 4.06136 7.32378 13.2177 23.879 43.1711 78.1363 141.633 257.129 467.393 851.494 1555.49 2846.6 5224.86 9628.4 17812.2 33051.7 61678.3 115235 -3.55416e+06 272878 343623 437707 565697 739224 977027 1.31644e+06 1.79684e+06 2.48232e+06 3.48154e+06 4.95466e+06 7.11905e+06 1.0323e+07 1.51356e+07 2.22492e+07 3.26838e+07 4.75783e+07 6.85359e+07 9.86124e+07 1.4216e+08 
12.5582 2.84748 5.13532 9.26909 16.7475 30.2826 54.8187 99.3864 180.473 328.142 597.993 1092.79 2000.68 3674 6774.24 12540.2 23287.2 43494.7 81817.7 154444 -4.16558e+06 370342 472596 612100 801784 1.06255e+06 1.43615e+06 1.96696e+06 2.72734e+06 3.84037e+06 5.48778e+06 7.91748e+06 1.15274e+07 1.69645e+07 2.50225e+07 3.68695e+07 5.37995e+07 7.76118e+07 1.11786e+08 1.61264e+08 
8.69174 1.97096 3.55494 6.41735 11.5966 20.9723 37.9722 68.8589 125.071 227.478 414.691 758.114 1388.62 2551.44 4707.36 8720.36 16207.9 30302.3 57065.2 107866 205401 -4.89525e+06 499362 655793 861366 1.14498e+06 1.55313e+06 2.13553e+06 2.97363e+06 4.20635e+06 6.03944e+06 8.755e+06 1.2807e+07 1.89293e+07 2.80314e+07 4.14487e+07 6.06489e+07 8.76424e+07 1.26384e+08 1.82466e+08 
5.9366 1.34634 2.42864 4.38479 7.92488 14.3348 25.9603 47.0883 85.5531 155.658 283.878 519.203 951.535 1749.45 3230.02 5988.59 11141.7 20854.5 39323.7 74447.8 142023 270571 -5.77814e+06 692675 912723 1.21759e+06 1.65861e+06 2.29121e+06 3.2065e+06 4.56064e+06 6.58567e+06 9.60181e+06 1.4126e+07 2.09884e+07 3.12292e+07 4.63738e+07 6.8082e+07 9.85862e+07 1.42367e+08 2.05734e+08 
3.99803 0.906808 1.63601 2.95423 5.34034 9.66197 17.5023 31.7562 57.7163 105.054 191.679 350.759 643.241 1183.51 2186.96 4058.67 7560.01 14169.4 26758.8 50753.9 97029.9 187434 365381 -6.83144e+06 947907 1.26997e+06 1.73887e+06 2.4158e+06 3.40186e+06 4.87145e+06 7.08501e+06 1.04047e+07 1.54177e+07 2.30599e+07 3.45193e+07 5.15349e+07 7.59778e+07 1.10305e+08 1.59572e+08 2.30857e+08 
2.6356 0.597869 1.07881 1.94842 3.52288 6.37532 11.552 20.9667 38.121 69.4186 126.725 232.033 425.815 784.106 1450.27 2694.4 5025.39 9432.95 17844.2 33915.7 64995.1 125895 246204 484736 -8.11796e+06 1.30237e+06 1.79374e+06 2.50843e+06 3.55775e+06 5.1352e+06 7.53179e+06 1.11557e+07 1.66725e+07 2.51345e+07 3.78962e+07 5.69385e+07 8.43651e+07 1.22859e+08 1.78106e+08 2.58005e+08 
1.69311 0.384127 0.693254 1.25232 2.26479 4.09968 7.43091 13.4918 24.5405 44.7107 81.6664 149.627 274.802 506.483 937.742 1744.28 3258.01 6125.57 11609.4 22116.3 42496.3 82566.1 162046 320417 642560 -9.72291e+06 1.81114e+06 2.56158e+06 3.66319e+06 5.33601e+06 7.90346e+06 1.18238e+07 1.78494e+07 2.71605e+07 4.12991e+07 6.25188e+07 9.31796e+07 1.36187e+08 1.9791e+08 2.8712e+08 
1.06191 0.240964 0.434967 0.785921 1.42168 2.57431 4.66776 8.47841 15.4288 28.126 51.407 94.2555 173.263 319.67 592.561 1103.74 2065.03 3890.02 7388.54 14113.3 27203.5 53043.3 104545 207782 419141 857772 -1.16699e+07 2.52481e+06 3.64811e+06 5.37639e+06 8.0653e+06 1.22253e+07 1.87033e+07 2.8818e+07 4.432e+07 6.77705e+07 1.01805e+08 1.49518e+08 2.17986e+08 3.16844e+08 
0.64254 0.145828 0.263293 0.475847 0.861016 1.5596 2.82898 5.14075 9.35976 17.0729 31.2266 57.2996 105.431 194.738 361.439 674.24 1263.75 2385.55 4541.72 8700.81 16828.4 32942.3 65229.8 130384 264744 547965 1.14039e+06 -1.41148e+07 3.52528e+06 5.26703e+06 8.02255e+06 1.23554e+07 1.92139e+07 3.00692e+07 4.6904e+07 7.26285e+07 1.10179e+08 1.62804e+08 2.38309e+08 3.47165e+08 
0.37204 0.0844523 0.152514 0.275708 0.499023 0.904224 1.64085 2.9831 5.43425 9.91889 18.1553 33.3421 61.412 113.567 211.069 394.359 740.585 1401.08 2674.19 5139.16 9976.35 19611.9 39029.9 78499.4 160541 335034 704493 1.50723e+06 -1.72291e+07 4.95143e+06 7.75992e+06 1.21779e+07 1.93127e+07 3.08024e+07 4.88868e+07 7.68735e+07 1.18029e+08 1.75716e+08 2.58474e+08 3.77548e+08 
0.205039 0.0465528 0.0840905 0.152057 0.275303 0.499031 0.90596 1.64786 3.00357 5.48605 10.0494 18.472 34.06 63.0653 117.378 219.677 413.39 783.924 1500.28 2892.9 5638.1 11134.4 22280.2 45116.5 93002.5 195873 416703 903813 1.98727e+06 -2.12901e+07 7.17955e+06 1.15317e+07 1.87437e+07 3.06339e+07 4.97236e+07 7.97739e+07 1.24417e+08 1.87059e+08 2.76927e+08 4.05855e+08 
0.104991 0.0238422 0.0430779 0.0779174 0.141116 0.255892 0.46476 0.845778 1.5425 2.81937 5.16865 9.50924 17.5532 32.5432 60.659 113.721 214.453 407.661 782.357 1513.82 2962.48 5878.34 11830.2 24127.7 50157.3 106677 229855 506201 1.1452e+06 2.63995e+06 -2.6616e+07 1.00997e+07 1.69413e+07 2.86128e+07 4.78955e+07 7.9018e+07 1.25982e+08 1.9209e+08 2.8697e+08 4.22493e+08 
0.0302923 0.00688041 0.0124345 0.0224971 0.040757 0.0739344 0.134341 0.244597 0.446343 0.816386 1.49784 2.75819 5.09693 9.4617 17.6619 33.1687 62.6798 119.439 229.854 446.299 876.979 1748.47 3539.06 7270.24 15243.2 32745.8 71488.6 159959 368758 870030 2.0723e+06 -3.70043e+07 8.7961e+06 1.54668e+07 2.69127e+07 4.60228e+07 7.55203e+07 1.17321e+08 1.77411e+08 2.62765e+08 
0.0148561 0.00337498 0.00610081 0.0110409 0.0200084 0.0363092 0.0660031 0.120231 0.219523 0.401793 0.737751 1.35972 2.51538 4.6753 8.73979 16.4408 31.1327 59.4657 114.751 223.571 441.101 883.597 1798.7 3721.72 7870.2 17077.6 37783.3 85936.1 202031 488541 1.20086e+06 3.03875e+06 -4.90094e+07 1.46761e+07 2.68249e+07 4.79787e+07 8.16703e+07 1.29976e+08 1.99665e+08 2.98019e+08 
0.00901956 0.00204943 0.00370547 0.00670762 0.012159 0.0220724 0.0401392 0.0731503 0.13363 0.244736 0.449692 0.829485 1.536 2.85824 5.35011 10.0799 19.1236 36.6073 70.8177 138.408 274.094 551.436 1128.42 2350.36 5009.66 10972.2 24581 56785.1 136054 337133 856372 2.2561e+06 6.19675e+06 -6.24631e+07 3.23265e+07 6.17597e+07 1.11431e+08 1.84653e+08 2.9147e+08 4.41123e+08 
0.00314395 0.00071449 0.0012921 0.00233948 0.00424193 0.00770284 0.0140129 0.0255479 0.0466929 0.0855651 0.157326 0.290415 0.538269 1.00269 1.87914 3.54546 6.73817 12.9244 25.06 49.1191 97.6036 197.142 405.349 849.4 1823.51 4027.83 9126.61 21384.4 52130.7 132110 346075 947739 2.73442e+06 7.80429e+06 -8.83468e+07 4.63818e+07 9.05687e+07 1.59351e+08 2.62479e+08 4.06788e+08 
0.000934865 0.000212488 0.000384337 0.000696029 0.00126233 0.00229288 0.00417255 0.00761009 0.0139147 0.025512 0.0469361 0.0866994 0.160825 0.299872 0.562602 1.06284 2.02308 3.88742 7.55306 14.8425 29.5828 59.963 123.816 260.85 563.58 1254.24 2870.71 6811.32 16862.3 43598.6 117446 333383 1.00604e+06 3.06703e+06 9.54081e+06 -1.26831e+08 6.47668e+07 1.25118e+08 2.19644e+08 3.54049e+08 
0.000230428 5.23807e-05 9.47571e-05 0.000171632 0.00031133 0.000565623 0.00102958 0.00187833 0.00343559 0.00630159 0.0115988 0.0214364 0.0397894 0.0742465 0.139416 0.263641 0.502445 0.966824 1.88151 3.7048 7.40171 15.0444 31.1687 65.9412 143.184 320.532 739.432 1771.75 4439.25 11659.3 32107.2 93802.6 293637 948858 3.19446e+06 1.11054e+07 -1.8057e+08 8.32412e+07 1.62538e+08 2.82262e+08 
4.57936e-05 1.04106e-05 1.88344e-05 3.41179e-05 6.18952e-05 0.000112467 0.000204751 0.000373611 0.000683503 0.00125401 0.00230883 0.00426848 0.00792616 0.0147971 0.0277999 0.0526036 0.100328 0.193224 0.376405 0.742088 1.48478 3.02308 6.27603 13.3121 28.9947 65.1432 151.01 364.042 918.994 2437.55 6807.39 20263.3 64981.6 218641 781549 2.9832e+06 1.1575e+07 -2.46951e+08 9.7868e+07 1.99318e+08 
7.15299e-06 1.62622e-06 2.94231e-06 5.33028e-06 9.67077e-06 1.75741e-05 3.19981e-05 5.83951e-05 0.000106847 0.000196067 0.000361067 0.000667688 0.0012402 0.00231606 0.00435295 0.00824044 0.0157251 0.0303043 0.0590752 0.11657 0.233476 0.475931 0.989457 2.10246 4.58889 10.3352 24.0358 58.1763 147.584 393.966 1110.28 3345.28 10898 37677.9 140545 571742 2.46749e+06 1.06846e+07 -3.27112e+08 1.19789e+08 
8.47646e-07 1.92719e-07 3.48701e-07 6.31742e-07 1.14624e-06 2.08315e-06 3.79323e-06 6.92316e-06 1.26689e-05 2.32509e-05 4.28242e-05 7.92045e-05 0.000147149 0.000274866 0.000516742 0.00097854 0.00186804 0.00360152 0.00702426 0.0138689 0.0277971 0.0567081 0.118005 0.251029 0.548616 1.23744 2.88326 6.99442 17.7911 47.6512 134.904 408.911 1342.46 4706.11 17976.2 76059.7 353640 1.79587e+06 9.88613e+06 -4.16295e+08 
dt_FE: 2.73794e-10
dt_EA: 2.73794e-10
dt_PE: 2.73794e-10
tolC: 1e-06
dt_grow: 1.03
dt_max: 0.1
steps: 0
