t: 1.05138e-06
dt: 8.94172e-09
N: 0.608354 0.657036 0.704061 0.748299 0.788625 0.824 0.853787 0.877687 0.895742 0.908354 0.916305 0.92045 0.92162 0.920576 0.917842 0.913698 0.908207 0.901241 0.892491 0.881469 0.867482 0.84956 0.82637 0.796103 0.756377 0.704248 0.636572 0.551084 0.448584 0.335672 0.225501 0.133316 0.0684651 0.0303137 0.0114883 0.00368352 0.000981057 0.000211647 3.58361e-05 4.58654e-06 
eC: 1 1.15749 1.33977 1.55077 1.795 2.07768 2.40489 2.78363 3.22201 3.72944 4.31677 4.99661 5.78351 6.69433 7.7486 8.9689 10.3814 12.0163 13.9087 16.0991 18.6345 21.5692 24.9661 28.8979 33.4489 38.7167 44.814 51.8717 60.0407 69.4963 80.4411 93.1095 107.773 124.746 144.391 167.131 193.452 223.918 259.182 300 
dV: 1.08333 0.211322 0.327712 0.508206 0.788112 1.22218 1.89532 2.93921 4.55805 7.06849 10.9616 16.999 26.3615 40.8807 63.3966 98.3136 152.462 236.434 366.655 568.597 881.764 1367.42 2120.55 3288.49 5099.69 7908.45 12264.2 19019 29494.1 45738.6 70930.1 109996 170579 264529 410225 636165 986546 1.52991e+06 2.37254e+06 3.67926e+06 
kVec: 1.02999e+06 1.19329e+06 1.37479e+06 1.58363e+06 1.82361e+06 2.09836e+06 2.4126e+06 2.77154e+06 3.18053e+06 3.64379e+06 4.16868e+06 4.76191e+06 5.42527e+06 6.16599e+06 6.99014e+06 7.89988e+06 8.88637e+06 9.95727e+06 1.11118e+07 1.23083e+07 1.35479e+07 1.48184e+07 1.60892e+07 1.7281e+07 1.84373e+07 1.96008e+07 2.06413e+07 2.18078e+07 2.33972e+07 2.58635e+07 2.96965e+07 3.61557e+07 4.71158e+07 6.38683e+07 8.9496e+07 1.28173e+08 1.82276e+08 2.48899e+08 3.2919e+08 4.18366e+08 
cMat: 
-62671.3 376.032 441.859 514.688 599.995 700.437 818.768 958.296 1123.47 1320.41 1554.94 1835 2173.86 2583.99 3081.55 3691.26 4449.2 5389.27 6561.99 8066.25 9991.36 12468.1 15716.9 20065.9 25867.3 33680.4 44602.7 59751.4 80919.4 111115 154735 217583 308882 444141 641265 926984 1.33253e+06 1.90443e+06 2.72477e+06 3.91243e+06 
1674.76 -74463.3 445.965 519.474 605.58 706.962 826.405 967.246 1133.98 1332.78 1569.54 1852.27 2194.37 2608.45 3110.84 3726.48 4491.87 5441.23 6625.66 8145.09 10089.8 12592.2 15874.9 20270.1 26134 34032.5 45076.5 60397 81809.1 112359 156499 220108 312527 449464 649060 938393 1.34909e+06 1.92824e+06 2.75899e+06 3.96173e+06 
1085 245.877 -85754.2 516.178 601.743 702.491 821.189 961.156 1126.86 1324.44 1559.75 1840.76 2180.81 2592.43 3091.85 3703.91 4464.91 5408.93 6586.79 8098 10032.5 12522 15788.4 20162.5 25999.5 33863.4 44861.5 60121.8 81454.8 111899 155897 219314 311474 448048 647145 935795 1.34555e+06 1.92335e+06 2.75217e+06 3.95213e+06 
685.819 155.418 280.104 -99042.3 588.949 687.564 803.752 940.762 1102.97 1296.39 1526.76 1801.88 2134.83 2537.87 3026.92 3626.32 4371.66 5296.34 6450.2 7930.85 9826.49 12266.4 15468.3 19757 25481.3 33195 43986.1 58963.1 79905.7 109801 153016 215321 305885 440118 635839 919636 1.32253e+06 1.89064e+06 2.70556e+06 3.88542e+06 
427.653 96.9143 174.666 315.033 -114686 658.055 776.183 908.51 1065.18 1252.01 1474.54 1740.3 2061.95 2451.34 2923.87 3503.08 4223.39 5117.13 6232.52 7664.04 9497.09 11856.9 14954.3 19104 24644.2 32111.7 42561.6 57069.3 77361.9 106338 148237 208660 296514 426754 616692 892153 1.28324e+06 1.83468e+06 2.62571e+06 3.77097e+06 
264.266 59.8882 107.936 194.679 348.33 -133085 742.186 868.737 1018.57 1197.26 1410.11 1664.33 1972.04 2344.58 2796.71 3350.96 4040.35 4895.83 5963.64 7334.37 9089.94 11350.5 14318.3 18295.7 23607.3 30769.1 40794.7 54718.4 74201.1 102032 142287 200361 284825 410069 592767 857783 1.23407e+06 1.76464e+06 2.52573e+06 3.62764e+06 
162.78 36.8898 66.4873 119.922 216.501 391.094 -154766 827.781 970.583 1140.9 1343.78 1586.11 1879.46 2234.66 2665.78 3194.36 3851.91 4668.02 5686.87 6995.05 8670.92 10829.3 13664 17464.2 22540.9 29388.3 38978.1 52302 70953.4 97608 136178 191842 272831 392957 568238 822557 1.1837e+06 1.69288e+06 2.4233e+06 3.48083e+06 
100.831 22.851 41.1855 74.2865 134.116 242.277 438.097 -180382 920.451 1093.43 1287.94 1520.28 1801.56 2142.2 2555.69 3062.73 3693.61 4476.75 5454.64 6710.56 8319.91 10393.2 13117.1 16770.1 21652 28239.6 37469.8 50300.2 68269.4 93961.7 131156 184859 263028 379007 548292 793979 1.14291e+06 1.63484e+06 2.34053e+06 3.36227e+06 
63.5558 14.4036 25.9608 46.8265 84.5421 152.727 276.176 494.879 -210735 1066.08 1255.79 1482.42 1756.83 2089.18 2492.67 2987.54 3603.39 4368.05 5323.08 6550.02 8122.72 10149.5 12813.2 16387.2 21165.6 27616.6 36660.5 49238.7 66864.6 92080.4 128605 181366 258204 372249 538773 780530 1.12393e+06 1.60803e+06 2.3025e+06 3.30801e+06 
41.2722 9.35366 16.8592 30.4103 54.9051 99.19 179.372 324.823 589.043 -246710 1259.64 1487.08 1762.5 2096.13 2501.26 2998.22 3616.85 4385.14 5344.97 6578.55 8160.33 10199.6 12881 16480.7 21296 27800.6 36925.8 49625.4 67433.5 92927.6 129879 183290 261121 376689 545517 790711 1.13905e+06 1.63009e+06 2.33452e+06 3.35446e+06 
27.788 6.2978 11.3515 20.4762 36.9704 66.7921 120.79 218.747 396.703 720.178 -289623 1546.79 1833.45 2180.76 2602.58 3120.14 3764.59 4565.19 5565.69 6852.07 8502.27 10630.7 13430.8 17192.1 22226.8 29032.1 38586.6 51893.7 70568 97323.3 136131 192266 274120 395725 573463 831712 1.19867e+06 1.71591e+06 2.45795e+06 3.53236e+06 
19.4223 4.40192 7.93446 14.3129 25.8432 46.6911 84.442 152.93 277.359 503.558 916.122 -341067 1966.03 2356.41 2812.61 3372.5 4069.9 4936.55 6019.97 7413.63 9202.29 11510.5 14549 18633.2 24103.9 31504.1 41902.9 56398.2 76757.7 105954 148337 209692 299230 432324 626969 909924 1.31208e+06 1.87888e+06 2.69204e+06 3.86944e+06 
14.0507 3.18458 5.74039 10.3554 18.6983 33.784 61.1027 110.668 200.726 364.458 663.124 1200.58 -402703 2629.22 3138.79 3764.37 4543.91 5513 6725.01 8284.98 10288.2 12875 16282.5 20866.7 27012.3 35332.9 47037.5 63370 86334.5 119302 167209 236631 338034 488872 709624 1.03073e+06 1.48723e+06 2.13055e+06 3.05352e+06 4.38993e+06 
10.4239 2.36264 4.25896 7.68325 13.874 25.0689 45.3432 82.1307 148.978 270.527 492.275 898.106 1640.97 -477137 3589.9 4306.4 5199.64 6310.58 7700.68 9491.05 11791.7 14764.6 18684.1 23962.2 31044.9 40644.3 54164.6 73053.5 99645.3 137869 193481 274161 392139 567774 825033 1.1995e+06 1.73205e+06 2.48243e+06 3.55904e+06 5.11794e+06 
7.86325 1.78231 3.21296 5.79652 10.4676 18.915 34.2149 61.979 112.436 204.193 371.615 678.073 1239.16 2270.77 -567691 4956.07 6053.42 7349.42 8971.97 11063.3 13752.7 17230.8 21820.6 28008.2 36320.6 47600.1 63509.2 85766.1 117144 162313 228121 323716 463684 672249 978034 1.4235e+06 2.05724e+06 2.95009e+06 4.23114e+06 6.08609e+06 
5.99979 1.35998 2.45175 4.42346 7.98855 14.4364 26.1159 47.3124 85.8383 155.911 283.787 517.904 946.643 1735.14 3156.94 -678475 7123.03 8651.61 10566.6 13036.9 16216.6 20332.5 25770.1 33109.9 42983 56398.9 75352.6 101912 139417 193501 272421 387244 555615 806777 1.17543e+06 1.71298e+06 2.47809e+06 3.5558e+06 5.10217e+06 7.3413e+06 
4.61943 1.04714 1.88788 3.40633 6.1521 11.1187 20.116 36.4469 66.1339 120.14 218.716 399.231 729.907 1338.25 2463.06 4549.98 -814088 10241.9 12515.9 15452.5 19236.2 24139.4 30625.8 39395 51209.3 67289.9 90054.1 122015 167241 232595 328151 467441 672065 977714 1.42695e+06 2.08278e+06 3.01673e+06 4.332e+06 6.2193e+06 8.95211e+06 
3.57515 0.810465 1.46127 2.63678 4.76262 8.60831 15.576 28.2248 51.2222 93.0675 169.465 309.401 565.828 1037.75 1910.67 3531.01 6543.95 -982570 14911.6 18424.4 22956 28836 36626.2 47176.7 61416.4 80835.6 108389 147163 202158 281821 398566 569119 820199 1.19583e+06 1.74879e+06 2.55711e+06 3.70897e+06 5.33072e+06 7.6579e+06 1.10276e+07 
2.77797 0.629787 1.13559 2.04927 3.70179 6.69162 12.1094 21.9463 39.8346 72.3915 131.846 240.78 440.471 808.126 1488.49 2752.1 5103.26 9515.96 -1.1942e+06 21967.2 27557.2 34654.4 44073.3 56855.2 74141.5 97767.2 131378 178797 246233 344192 488128 698935 1.01003e+06 1.47628e+06 2.16389e+06 3.17057e+06 4.60618e+06 6.62686e+06 9.52663e+06 1.37254e+07 
2.17414 0.492928 0.888889 1.60424 2.8982 5.23969 9.48343 17.1901 31.2079 56.7277 103.346 188.791 345.492 634.143 1168.6 2161.87 4011.5 7485.91 13986.1 -1.45868e+06 33119.3 41705.7 53124.6 68658.8 89719.8 118582 159777 218083 301279 422556 601349 864041 1.25291e+06 1.83702e+06 2.70039e+06 3.96684e+06 5.7746e+06 8.31823e+06 1.19686e+07 1.7254e+07 
1.70874 0.387444 0.69874 1.2612 2.27876 4.12042 7.45893 13.5231 24.5561 44.6488 81.3662 148.69 272.223 499.905 921.74 1706.28 3168.58 5918.13 11132.6 21014.5 -1.7952e+06 50390.7 64304.1 83285.7 109095 144576 195411 267635 371096 522541 746698 1.0773e+06 1.56848e+06 2.30828e+06 3.4047e+06 5.01667e+06 7.32026e+06 1.05603e+07 1.52103e+07 2.19424e+07 
1.34649 0.305333 0.550715 0.994147 1.79649 3.24893 5.88248 10.6673 19.3754 35.2398 64.2421 117.444 215.119 395.257 729.242 1350.92 2510.85 4694.3 8840.28 16710.1 31819.8 -2.2292e+06 77358.9 101592 133439 177375 240603 330827 460661 651629 935602 1.35628e+06 1.984e+06 2.93245e+06 4.3425e+06 6.42105e+06 9.39546e+06 1.35772e+07 1.95788e+07 2.82668e+07 
1.06458 0.241431 0.435513 0.786297 1.42112 2.57058 4.6553 8.44407 15.3417 27.9133 50.9061 93.1056 170.633 313.718 579.22 1073.9 1997.98 3739.71 7051.69 13350.3 25468 48519.9 -2.79351e+06 124213 163673 218343 297428 410869 575002 817832 1.18097e+06 1.72184e+06 2.53313e+06 3.76372e+06 5.60015e+06 8.31594e+06 1.22087e+07 1.76789e+07 2.55299e+07 3.6893e+07 
0.844308 0.191501 0.345495 0.623876 1.12778 2.04042 3.69616 6.70629 12.1886 22.1854 40.479 74.0737 135.84 249.934 461.843 857.113 1596.53 2992.31 5650.94 10718.2 20490.9 39582.6 77161.5 -3.5235e+06 200180 268194 367216 510170 718409 1.02876e+06 1.49622e+06 2.19728e+06 3.25593e+06 4.86981e+06 7.28981e+06 1.08832e+07 1.60451e+07 2.32943e+07 3.36987e+07 4.87526e+07 
0.666816 0.151263 0.272944 0.492958 0.891301 1.61298 2.9227 5.30465 9.64475 17.5631 32.0618 58.7051 107.733 198.382 366.923 681.693 1271.44 2386.57 4514.64 8580.79 16444 31852 62290.5 122640 -4.49174e+06 329504 453822 634641 900124 1.29922e+06 1.90557e+06 2.82244e+06 4.21821e+06 6.35913e+06 9.58788e+06 1.44057e+07 2.13447e+07 3.10838e+07 4.50613e+07 6.52761e+07 
0.521272 0.118265 0.213438 0.385563 0.697281 1.26221 2.28782 4.15385 7.55551 13.7655 25.1434 46.0669 84.6056 155.935 288.711 537.028 1003.07 1885.93 3574.28 6809.13 13083.7 25420.3 49890.4 98649.5 197831 -5.79697e+06 557611 788657 1.12782e+06 1.64284e+06 2.43331e+06 3.6403e+06 5.49545e+06 8.36216e+06 1.27151e+07 1.92482e+07 2.8688e+07 4.19292e+07 6.09322e+07 8.83983e+07 
0.402363 0.0913021 0.164811 0.297788 0.538681 0.975414 1.76863 3.2125 5.84604 10.657 19.4783 35.7138 65.6499 121.124 224.523 418.21 782.447 1473.94 2799.54 5347.56 10307.5 20098.3 39612.3 78729.3 158814 325013 -7.50163e+06 956661 1.38228e+06 2.03713e+06 3.05597e+06 4.63221e+06 7.08673e+06 1.09192e+07 1.6793e+07 2.56785e+07 3.85743e+07 5.6653e+07 8.25957e+07 1.20053e+08 
0.300902 0.0682913 0.1233 0.22284 0.403215 0.730363 1.32481 2.40742 4.38319 7.99524 14.6234 26.8335 49.3734 91.1961 169.262 315.748 591.815 1117.15 2126.89 4074.6 7880.77 15426.9 30547.2 61059.1 123980 256613 534045 -9.78987e+06 1.65089e+06 2.46656e+06 3.75697e+06 5.78604e+06 8.99791e+06 1.40815e+07 2.19652e+07 3.4012e+07 5.15967e+07 7.62412e+07 1.116e+08 1.62578e+08 
0.213898 0.0485543 0.0876849 0.158513 0.286904 0.519867 0.943378 1.71508 3.12432 5.70268 10.438 19.1695 35.3077 65.2933 121.35 226.729 425.786 805.526 1537.47 2954.66 5735.72 11275.5 22439.5 45131.8 92300.1 192622 405035 866553 -1.29016e+07 2.84673e+06 4.46142e+06 7.00146e+06 1.11035e+07 1.77093e+07 2.81066e+07 4.4197e+07 6.78586e+07 1.01024e+08 1.48605e+08 2.17064e+08 
0.141726 0.0321778 0.0581244 0.105104 0.190293 0.344936 0.626211 1.13902 2.07611 3.79203 6.94625 12.7681 23.5427 43.5915 81.1332 151.844 285.74 541.858 1037.01 1999.61 3897.13 7696.21 15400.4 31185.1 64284.5 135389 288030 624727 1.37363e+06 -1.71818e+07 4.96259e+06 7.97084e+06 1.29559e+07 2.11745e+07 3.43696e+07 5.51407e+07 8.59989e+07 1.29298e+08 1.91415e+08 2.80532e+08 
0.0854967 0.0194154 0.0350794 0.0634502 0.114914 0.208379 0.378466 0.688739 1.2561 2.29588 4.20896 7.74362 14.294 26.5008 49.3962 92.6063 174.634 331.969 637.093 1232.74 2412.43 4786.88 9633.63 19647.8 40844.4 86870.2 187177 412212 932569 2.14978e+06 -2.29999e+07 8.22446e+06 1.37957e+07 2.33002e+07 3.90026e+07 6.43464e+07 1.0259e+08 1.56424e+08 2.33687e+08 3.44047e+08 
0.0458321 0.0104101 0.0188133 0.0340381 0.0616653 0.111863 0.203258 0.370075 0.675317 1.23519 2.26623 4.17313 7.71165 14.3155 26.7225 50.1843 94.8344 180.711 347.768 675.25 1326.87 2645.43 5354.6 10999.9 23063 49544.4 108162 242018 557930 1.31635e+06 3.13539e+06 -3.13356e+07 1.33085e+07 2.34013e+07 4.07188e+07 6.96324e+07 1.14262e+08 1.77507e+08 2.68423e+08 3.97563e+08 
0.0215465 0.00489492 0.00884834 0.0160132 0.0290193 0.0526612 0.0957279 0.174378 0.318386 0.582742 1.07 1.97208 3.64819 6.78084 12.6758 23.845 45.1534 86.2464 166.429 324.257 639.753 1281.53 2608.75 5397.82 11414.6 24768.6 54799.2 124638 293016 708558 1.74168e+06 4.40726e+06 -4.389e+07 2.12856e+07 3.89057e+07 6.95861e+07 1.18451e+08 1.88511e+08 2.89585e+08 4.32234e+08 
0.0088456 0.0020099 0.003634 0.00657825 0.0119245 0.0216467 0.039365 0.0717394 0.131053 0.240016 0.441019 0.813487 1.50638 2.80311 5.24692 9.88549 18.7548 35.9013 69.4519 135.739 268.808 540.801 1106.66 2305.03 4913.04 10760.6 24106.9 55689.9 133430 330631 839855 2.21259e+06 6.07724e+06 -6.19322e+07 3.1703e+07 6.05685e+07 1.09282e+08 1.81091e+08 2.85848e+08 4.32615e+08 
0.00312115 0.000709307 0.00128272 0.00232251 0.00421116 0.00764696 0.0139112 0.0253626 0.0463542 0.0849444 0.156185 0.288308 0.534364 0.99542 1.86551 3.51974 6.68929 12.8307 24.8782 48.7628 96.8956 195.712 402.408 843.239 1810.28 3998.62 9060.41 21229.2 51752.5 131152 343565 940865 2.71459e+06 7.74767e+06 -8.84679e+07 4.60453e+07 8.99118e+07 1.58195e+08 2.60575e+08 4.03838e+08 
0.00093284 0.000212028 0.000383505 0.000694521 0.00125959 0.00228792 0.00416351 0.00759361 0.0138845 0.0254567 0.0468344 0.0865117 0.160476 0.299223 0.561383 1.06054 2.0187 3.879 7.5367 14.8103 29.5188 59.8331 123.548 260.285 562.359 1251.52 2864.49 6796.57 16825.7 43504.2 117192 332661 1.00386e+06 3.06038e+06 9.52015e+06 -1.27701e+08 6.46265e+07 1.24847e+08 2.19168e+08 3.53282e+08 
0.000230301 5.23519e-05 9.4705e-05 0.000171537 0.000311159 0.000565312 0.00102901 0.0018773 0.0034337 0.00629813 0.0115925 0.0214246 0.0397675 0.0742057 0.139339 0.263496 0.502168 0.966293 1.88048 3.70276 7.39764 15.0362 31.1516 65.9049 143.105 320.355 739.026 1770.78 4436.81 11652.9 32089.5 93751.1 293475 948336 3.1927e+06 1.10993e+07 -1.82097e+08 8.31955e+07 1.62449e+08 2.82106e+08 
4.57882e-05 1.04093e-05 1.88322e-05 3.41139e-05 6.1888e-05 0.000112453 0.000204726 0.000373567 0.000683423 0.00125386 0.00230856 0.00426798 0.00792523 0.0147953 0.0277966 0.0525974 0.100316 0.193202 0.376361 0.742001 1.48461 3.02272 6.27529 13.3105 28.9913 65.1355 150.992 364 918.886 2437.27 6806.6 20261 64974 218615 781458 2.98285e+06 1.15736e+07 -2.48846e+08 9.78565e+07 1.99294e+08 
7.15284e-06 1.62619e-06 2.94225e-06 5.33018e-06 9.67058e-06 1.75737e-05 3.19975e-05 5.83939e-05 0.000106845 0.000196064 0.00036106 0.000667675 0.00124017 0.00231601 0.00435286 0.00824028 0.0157248 0.0303036 0.059074 0.116568 0.233471 0.475922 0.989437 2.10242 4.5888 10.335 24.0353 58.1752 147.581 393.958 1110.25 3345.21 10897.8 37677.1 140542 571730 2.46744e+06 1.06844e+07 -3.29178e+08 1.19787e+08 
8.47644e-07 1.92719e-07 3.487e-07 6.3174e-07 1.14624e-06 2.08314e-06 3.79322e-06 6.92314e-06 1.26689e-05 2.32509e-05 4.28241e-05 7.92043e-05 0.000147148 0.000274865 0.00051674 0.000978537 0.00186804 0.00360151 0.00702424 0.0138689 0.027797 0.056708 0.118005 0.251028 0.548614 1.23744 2.88325 6.9944 17.791 47.651 134.904 408.91 1342.45 4706.1 17976.1 76059.5 353639 1.79586e+06 9.88611e+06 -4.18364e+08 
dt_FE: 8.94172e-09
dt_EA: 8.94172e-09
dt_PE: 8.94172e-09
tolC: 1e-06
dt_grow: 1.03
dt_max: 0.1
steps: 0
