t: 7.41021e-09
dt: 3.15665e-10
N: 0.00450731 0.00520458 0.00600687 0.00693005 0.00799163 0.00920913 0.0106046 0.012203 0.0140296 0.0161083 0.018474 0.0211611 0.0241879 0.027593 0.0314143 0.0356691 0.0403466 0.0454862 0.0510957 0.0570254 0.0632659 0.0697538 0.0762414 0.0823049 0.0878463 0.0925798 0.0951581 0.0954901 0.0932468 0.0873777 0.088377 0.379176 0.296813 0.0219465 0.00888931 0.00310279 0.000863499 0.000187467 3.1551e-05 3.99739e-06 
eC: 1 1.15749 1.33977 1.55077 1.795 2.07768 2.40489 2.78363 3.22201 3.72944 4.31677 4.99661 5.78351 6.69433 7.7486 8.9689 10.3814 12.0163 13.9087 16.0991 18.6345 21.5692 24.9661 28.8979 33.4489 38.7167 44.814 51.8717 60.0407 69.4963 80.4411 93.1095 107.773 124.746 144.391 167.131 193.452 223.918 259.182 300 
dV: 1.08333 0.211322 0.327712 0.508206 0.788112 1.22218 1.89532 2.93921 4.55805 7.06849 10.9616 16.999 26.3615 40.8807 63.3966 98.3136 152.462 236.434 366.655 568.597 881.764 1367.42 2120.55 3288.49 5099.69 7908.45 12264.2 19019 29494.1 45738.6 70930.1 109996 170579 264529 410225 636165 986546 1.52991e+06 2.37254e+06 3.67926e+06 
kVec: 827495 961211 1.10928e+06 1.28041e+06 1.47804e+06 1.7057e+06 1.96785e+06 2.26959e+06 2.61652e+06 3.01386e+06 3.46955e+06 3.99178e+06 4.58625e+06 5.26341e+06 6.03409e+06 6.90846e+06 7.88994e+06 8.99626e+06 1.02421e+07 1.16128e+07 1.31295e+07 1.48049e+07 1.66379e+07 1.85814e+07 2.06843e+07 2.29903e+07 2.53173e+07 2.7815e+07 3.06196e+07 3.38741e+07 3.76806e+07 4.29182e+07 5.1656e+07 6.62403e+07 9.03072e+07 1.27834e+08 1.8114e+08 2.47341e+08 3.27433e+08 4.16579e+08 
cMat: 
-198217 955.805 1123.12 1308.24 1525.08 1780.38 2081.16 2435.81 2855.66 3356.24 3952.38 4664.23 5525.55 6568.03 7832.75 9382.5 11309.1 13698.5 16679.4 20502.9 25396.2 31691.8 39949.5 51003.9 65750.1 85609.4 113372 151877 205682 282434 393308 553057 785121 1.12893e+06 1.62998e+06 2.35622e+06 3.38705e+06 4.84072e+06 6.92587e+06 9.9447e+06 
4857.78 -234280 1293.56 1506.78 1756.54 2050.6 2397.06 2805.58 3289.2 3865.85 4552.59 5372.66 6364.97 7566.04 9023.25 10809 13029 15782.8 19218.3 23625.5 29266.4 36524.7 46046.5 58795 75803.9 98714.3 130748 175187 237294 325907 453939 638442 906512 1.30371e+06 1.88265e+06 2.72189e+06 3.91315e+06 5.59303e+06 8.00268e+06 1.14913e+07 
3644.27 825.849 -269921 1733.73 2021.12 2359.51 2758.2 3228.31 3784.87 4448.5 5238.87 6182.72 7324.88 8707.4 10384.9 12440.6 14996.7 18167.4 22123.6 27199.4 33696.9 42058.6 53029.7 67721.5 87326.7 113740 150680 201936 273589 375846 523623 736628 1.04617e+06 1.50489e+06 2.17362e+06 3.14313e+06 4.5194e+06 6.46012e+06 9.24394e+06 1.32743e+07 
2705.86 613.193 1105.13 -311558 2323.66 2712.74 3171.15 3711.72 4351.7 5114.83 6023.75 7109.21 8422.83 10013 11942.5 14307.4 17248.1 20896.4 25448.9 31290.7 38769.8 48396.3 61029.2 77950.1 100535 130969 173545 232635 315263 433214 603716 849535 1.20685e+06 1.73646e+06 2.50866e+06 3.62837e+06 5.21795e+06 7.4594e+06 1.06746e+07 1.53297e+07 
2007.03 454.831 819.732 1478.49 -360118 3088.34 3642.72 4263.75 4999.02 5875.83 6920.19 8167.45 9676.99 11504.5 13722.1 16440.4 19820.9 24015.3 29250 35968.3 44571.1 55645.7 70182.3 89657.7 115658 150705 199747 267834 363069 499060 695695 979270 1.39158e+06 2.00281e+06 2.89421e+06 4.18699e+06 6.0224e+06 8.61041e+06 1.23228e+07 1.76977e+07 
1487.68 337.14 607.627 1095.95 1960.92 -416589 4178.13 4890.55 5734.06 6740 7938.23 9369.36 11101.6 13198.8 15744 18864.2 22745.1 27561 33572.3 41288.8 51171.8 63897.3 80605.1 102996 132897 173214 229654 308037 417715 574387 801005 1.12793e+06 1.60342e+06 2.30848e+06 3.33698e+06 4.82889e+06 6.94722e+06 9.93403e+06 1.42186e+07 2.04218e+07 
1101.5 249.626 449.906 811.486 1465.02 2646.46 -482237 5601.43 6567.75 7720.22 9093.09 10732.9 12717.9 15121.5 18038.8 21615.6 26065.1 31587.6 38481.9 47334.1 58674.4 73280 92461.8 118177 152530 198865 263757 353917 480128 660494 921490 1.29815e+06 1.84619e+06 2.65906e+06 3.84515e+06 5.56608e+06 8.00985e+06 1.14554e+07 1.6398e+07 2.35541e+07 
814.309 184.544 332.612 599.935 1083.12 1956.62 3538.05 -558521 7433.52 8830.53 10401.3 12277.7 14549.4 17300.3 20639.7 24734.5 29829.4 36154 44051.4 54194.2 67191.2 83935.4 105933 135435 174861 228062 302605 406222 551341 758831 1.05921e+06 1.49291e+06 2.1242e+06 3.06084e+06 4.42798e+06 6.41214e+06 9.23007e+06 1.32029e+07 1.8902e+07 2.71535e+07 
601.05 136.216 245.512 442.84 799.518 1444.34 2611.81 4680.09 -647317 10082 11876 14019.3 16614.4 19757.4 23573.3 28253.2 34077.4 41308.8 50340.6 61943.8 76816.9 95984.2 121175 154974 200164 261171 346699 465652 632341 870808 1.21622e+06 1.71519e+06 2.44184e+06 3.52037e+06 5.0952e+06 7.3815e+06 1.0629e+07 1.52072e+07 2.17749e+07 3.1284e+07 
443.091 100.419 180.997 326.479 589.451 1064.89 1925.71 3487.24 6323.86 -750263 13523.3 15965 18921.9 22503.7 26853.1 32188.4 38829.9 47078.1 57382.7 70626.1 87607.8 109501 138289 176934 228630 298462 396428 532769 723954 997655 1.39436e+06 1.96777e+06 2.80334e+06 4.04407e+06 5.85657e+06 8.48893e+06 1.22286e+07 1.75003e+07 2.5063e+07 3.60129e+07 
325.881 73.8568 133.124 240.132 433.567 783.297 1416.55 2565.33 4652.29 8445.82 -870058 18139.8 21501.6 25574.7 30521.5 36591.1 44148.9 53537.8 65271.1 80357 99709.5 124671 157509 201619 260663 340471 452521 608578 827579 1.14135e+06 1.59646e+06 2.25477e+06 3.21472e+06 4.64083e+06 6.72523e+06 9.75381e+06 1.40573e+07 2.01232e+07 2.88254e+07 4.14254e+07 
238.985 54.1641 97.631 176.115 317.992 574.518 1039.03 1881.76 3412.81 6196.11 11272.6 -1.00966e+06 24191.4 28994.9 34608.2 41497.5 50078.8 60742.6 74073.8 91222.3 113231 141633 179020 229275 296590 387647 515601 693961 944478 1.30372e+06 1.82523e+06 2.5802e+06 3.68192e+06 5.3196e+06 7.71464e+06 1.11963e+07 1.61447e+07 2.3119e+07 3.31247e+07 4.76121e+07 
174.929 39.6473 71.4666 128.922 232.79 420.604 760.715 1377.79 2498.99 4537.43 8255.75 14947 -1.17177e+06 32733.2 39077.2 46865.6 56570.7 68635.7 83725 103146 128086 160291 202714 259786 336298 439887 585607 788943 1.07485e+06 1.48529e+06 2.08172e+06 2.946e+06 4.20845e+06 6.08635e+06 8.83467e+06 1.28323e+07 1.85157e+07 2.65249e+07 3.80156e+07 5.46536e+07 
127.624 28.9265 52.1437 94.0684 169.864 306.926 555.15 1005.55 1823.99 3312.15 6027.07 10995.8 20090.9 -1.36076e+06 43952.2 52724.6 63660.7 77262.4 94281.8 116202 144370 180768 228755 293376 380092 497620 663153 894416 1.21999e+06 1.68798e+06 2.36885e+06 3.35663e+06 4.80108e+06 6.95143e+06 1.01011e+07 1.46859e+07 2.1206e+07 3.03932e+07 4.35744e+07 6.26605e+07 
92.7025 21.0122 37.8787 68.3371 123.406 222.996 403.371 730.692 1325.54 2407.3 4381.1 7994.03 14608.8 26770.8 -1.58135e+06 58428.8 71365.9 86644.8 105774 130429 162135 203139 257250 330198 428196 561173 748731 1.01113e+06 1.38105e+06 1.91357e+06 2.68939e+06 3.8164e+06 5.46653e+06 7.92537e+06 1.15304e+07 1.67821e+07 2.42535e+07 3.47796e+07 4.98824e+07 7.17509e+07 
67.0414 15.1964 27.3958 49.4276 89.2637 161.312 291.818 528.667 959.154 1742.14 3171.03 5787.04 10577.8 19388.4 35275.6 -1.84035e+06 79592.5 96672.8 118071 145674 181204 227195 287954 369969 480291 630200 841988 1.13876e+06 1.55784e+06 2.16217e+06 3.04403e+06 4.32705e+06 6.20842e+06 9.0149e+06 1.31342e+07 1.91408e+07 2.769e+07 3.97324e+07 5.70114e+07 8.20314e+07 
48.2942 10.9474 19.737 35.6118 64.3177 116.241 210.304 381.038 691.402 1256.01 2286.59 4173.8 7630.88 13990.9 25750.3 47568.1 -2.142e+06 107075 130849 161549 201106 252368 320180 411858 535372 703489 941478 1.27562e+06 1.74844e+06 2.43169e+06 3.43069e+06 4.88691e+06 7.02616e+06 1.02216e+07 1.49182e+07 2.17746e+07 3.15387e+07 4.52893e+07 6.50202e+07 9.35906e+07 
34.5541 7.83323 14.1233 25.4848 46.0313 83.2003 150.544 272.796 495.068 899.507 1637.9 2990.4 5468.78 10029.9 18466.8 34127.6 63247.9 -2.49703e+06 144122 178074 221872 278703 353996 455968 593595 781284 1.0476e+06 1.42235e+06 1.95387e+06 2.72383e+06 3.85219e+06 5.50059e+06 7.92731e+06 1.15578e+07 1.69022e+07 2.47147e+07 3.58476e+07 5.1522e+07 7.40144e+07 1.06583e+08 
24.5191 5.55866 10.023 18.0874 32.6729 59.062 106.881 193.704 351.591 638.946 1163.71 2125.19 3887.71 7132.73 13137.8 24290.8 45042.7 83990.3 -2.91757e+06 193888 243227 305869 389002 501819 654392 862918 1.15957e+06 1.57811e+06 2.17332e+06 3.03793e+06 4.30834e+06 6.16898e+06 8.91482e+06 1.303e+07 1.9099e+07 2.79843e+07 4.06553e+07 5.84904e+07 8.40845e+07 1.21144e+08 
17.2964 3.92151 7.07159 12.7626 23.0568 41.6846 75.4458 136.756 248.275 451.299 822.174 1501.93 2748.58 5044.95 9296.86 17198.8 31913.6 59554.4 111267 -3.41038e+06 263482 331791 422635 546218 713769 943384 1.27111e+06 1.73497e+06 2.39684e+06 3.36166e+06 4.78405e+06 6.87391e+06 9.96754e+06 1.46145e+07 2.14831e+07 3.15583e+07 4.594e+07 6.6176e+07 9.52168e+07 1.37265e+08 
12.0786 2.73874 4.9392 8.91511 16.108 29.1261 52.7252 95.5909 173.581 315.61 575.156 1051.05 1924.27 3533.69 6515.53 12061.3 22397.8 41833.7 78693.1 148546 -3.99627e+06 356198 454548 588724 771164 1.02197e+06 1.38131e+06 1.89184e+06 2.62318e+06 3.6937e+06 5.27821e+06 7.61512e+06 1.10872e+07 1.63166e+07 2.40669e+07 3.54615e+07 5.17449e+07 7.46478e+07 1.07517e+08 1.55105e+08 
8.32599 1.88802 3.40535 6.14731 11.1086 20.0898 36.3743 65.9613 119.808 217.906 397.241 726.212 1330.19 2444.07 4509.27 8353.4 15525.8 29027.2 54663.9 103327 196758 -4.69645e+06 478349 628197 825119 1.0968e+06 1.48777e+06 2.04567e+06 2.8485e+06 4.02935e+06 5.7853e+06 8.38658e+06 1.22681e+07 1.81328e+07 2.68518e+07 3.97046e+07 5.80968e+07 8.39544e+07 1.21065e+08 1.74788e+08 
5.66384 1.28448 2.31705 4.18332 7.56076 13.6762 24.7675 44.9248 81.6223 148.506 270.835 495.348 907.815 1669.07 3081.61 5713.44 10629.8 19896.3 37516.9 71027.1 135497 258139 -5.54549e+06 660849 870786 1.16165e+06 1.5824e+06 2.18594e+06 3.05917e+06 4.35109e+06 6.28308e+06 9.16064e+06 1.34769e+07 2.0024e+07 2.97943e+07 4.42431e+07 6.49539e+07 9.40564e+07 1.35826e+08 1.96281e+08 
3.80005 0.861904 1.555 2.80794 5.07589 9.18352 16.6356 30.1836 54.8582 99.8518 182.187 333.39 611.388 1124.9 2078.66 3857.69 7185.65 13467.7 25433.7 48240.6 92225.1 178153 347288 -6.56177e+06 900967 1.20709e+06 1.65276e+06 2.29617e+06 3.23341e+06 4.63022e+06 6.73416e+06 9.88948e+06 1.46543e+07 2.1918e+07 3.28099e+07 4.89829e+07 7.22154e+07 1.04843e+08 1.51671e+08 2.19425e+08 
2.49664 0.566346 1.02193 1.84569 3.33714 6.03918 10.9429 19.8612 36.1111 65.7585 120.043 219.799 403.364 742.764 1373.8 2552.34 4760.43 8935.59 16903.4 32127.5 61568.2 119258 233223 459178 -7.80853e+06 1.2337e+06 1.69916e+06 2.37617e+06 3.37017e+06 4.86445e+06 7.13468e+06 1.05676e+07 1.57935e+07 2.38093e+07 3.58982e+07 5.39365e+07 7.99169e+07 1.16381e+08 1.68715e+08 2.44402e+08 
1.59936 0.362857 0.654867 1.18298 2.13939 3.87268 7.01945 12.7448 23.1817 42.235 77.1444 141.342 259.585 478.439 885.818 1647.7 3077.61 5786.39 10966.6 20891.7 40143.2 77994.3 153073 302675 606981 -9.37282e+06 1.71085e+06 2.41974e+06 3.46036e+06 5.04055e+06 7.46584e+06 1.11691e+07 1.68611e+07 2.56566e+07 3.90123e+07 5.90571e+07 8.80201e+07 1.28646e+08 1.86951e+08 2.71222e+08 
1.00178 0.227319 0.410336 0.741416 1.34118 2.42853 4.40343 7.9983 14.5551 26.5333 48.4959 88.918 163.451 301.568 559.005 1041.23 1948.09 3669.73 6970.14 13314 25663 50039.5 98624.3 196016 395405 809198 -1.12843e+07 2.38184e+06 3.44153e+06 5.07193e+06 7.60858e+06 1.1533e+07 1.76441e+07 2.71861e+07 4.18102e+07 6.39328e+07 9.604e+07 1.41051e+08 2.05642e+08 2.98901e+08 
0.606281 0.137599 0.248435 0.448994 0.812428 1.47159 2.66934 4.85065 8.83158 16.1094 29.4644 54.0662 99.4814 183.749 341.043 636.192 1192.44 2250.93 4285.43 8209.82 15878.8 31083.3 61548.8 123026 249804 517043 1.07604e+06 -1.3706e+07 3.32635e+06 4.96981e+06 7.56983e+06 1.16581e+07 1.81297e+07 2.83724e+07 4.42572e+07 6.853e+07 1.03961e+08 1.53617e+08 2.24861e+08 3.27574e+08 
0.351735 0.0798431 0.14419 0.260661 0.471788 0.854873 1.5513 2.82029 5.13766 9.37754 17.1644 31.5224 58.0603 107.369 199.549 372.836 700.166 1324.61 2528.23 4858.67 9431.86 18541.5 36899.7 74215.1 151779 316749 666044 1.42497e+06 -1.68255e+07 4.68119e+06 7.3364e+06 1.15133e+07 1.82587e+07 2.91212e+07 4.62187e+07 7.26779e+07 1.11587e+08 1.66125e+08 2.44367e+08 3.56942e+08 
0.194696 0.0442044 0.0798485 0.144386 0.261415 0.473858 0.860259 1.56473 2.85206 5.20931 9.54243 17.5402 32.3418 59.884 111.457 208.596 392.536 744.379 1424.6 2746.97 5353.69 10572.7 21156.3 42840.6 88311 185992 395682 858220 1.88703e+06 -2.09416e+07 6.81737e+06 1.095e+07 1.77981e+07 2.90886e+07 4.72153e+07 7.57497e+07 1.18141e+08 1.77623e+08 2.62957e+08 3.85381e+08 
0.100634 0.0228528 0.0412902 0.074684 0.13526 0.245273 0.445473 0.81068 1.47849 2.70236 4.95415 9.11462 16.8247 31.1927 58.1417 109.002 205.553 390.744 749.89 1451 2839.54 5634.4 11339.3 23126.4 48075.8 102250 220317 485194 1.09768e+06 2.53039e+06 -2.63904e+07 9.68059e+06 1.62382e+07 2.74254e+07 4.59079e+07 7.57389e+07 1.20754e+08 1.84118e+08 2.75061e+08 4.0496e+08 
0.0328305 0.00745693 0.0134764 0.0243822 0.0441721 0.0801295 0.145598 0.265092 0.483743 0.884792 1.62334 2.9893 5.52401 10.2545 19.1418 35.948 67.9318 129.447 249.113 483.695 950.462 1894.97 3835.61 7879.42 16520.5 35489.7 77478.8 173363 399657 942931 2.24594e+06 -3.63766e+07 9.53313e+06 1.67628e+07 2.91677e+07 4.98791e+07 8.18482e+07 1.27152e+08 1.92277e+08 2.84782e+08 
0.0162648 0.00369503 0.00667934 0.0120879 0.0219058 0.0397523 0.072262 0.131633 0.24034 0.439894 0.80771 1.48866 2.75391 5.11864 9.56856 17.9999 34.0849 65.1047 125.632 244.771 482.93 967.386 1969.27 4074.65 8616.52 18697 41366.2 94085.2 221189 534868 1.31474e+06 3.32691e+06 -4.83143e+07 1.60678e+07 2.93687e+07 5.25284e+07 8.94148e+07 1.42301e+08 2.18599e+08 3.2628e+08 
0.00892193 0.00202724 0.00366536 0.00663501 0.0120274 0.0218335 0.0397047 0.0723585 0.132183 0.242087 0.444825 0.820506 1.51937 2.8273 5.29219 9.97079 18.9166 36.2111 70.0511 136.91 271.127 545.467 1116.21 2324.92 4955.43 10853.5 24314.9 56170.5 134581 333484 847102 2.23168e+06 6.12968e+06 -6.27582e+07 3.19766e+07 6.10912e+07 1.10225e+08 1.82654e+08 2.88315e+08 4.36348e+08 
0.00312935 0.000711172 0.0012861 0.00232862 0.00422223 0.00766707 0.0139478 0.0254292 0.046476 0.0851678 0.156596 0.289066 0.535769 0.998037 1.87042 3.52899 6.70688 12.8644 24.9436 48.891 97.1503 196.226 403.466 845.456 1815.04 4009.13 9084.23 21285 51888.6 131497 344468 943338 2.72173e+06 7.76804e+06 -8.86454e+07 4.61664e+07 9.01482e+07 1.58611e+08 2.6126e+08 4.04899e+08 
0.000933384 0.000212151 0.000383728 0.000694926 0.00126033 0.00228925 0.00416594 0.00759804 0.0138926 0.0254716 0.0468617 0.0865621 0.16057 0.299397 0.56171 1.06116 2.01988 3.88126 7.54109 14.819 29.536 59.868 123.62 260.437 562.687 1252.25 2866.16 6800.53 16835.6 43529.5 117260 332855 1.00444e+06 3.06217e+06 9.5257e+06 -1.27151e+08 6.46642e+07 1.2492e+08 2.19296e+08 3.53488e+08 
0.000230328 5.23581e-05 9.47161e-05 0.000171557 0.000311196 0.000565379 0.00102913 0.00187752 0.00343411 0.00629887 0.0115938 0.0214272 0.0397722 0.0742144 0.139355 0.263527 0.502228 0.966406 1.8807 3.7032 7.39851 15.0379 31.1553 65.9127 143.122 320.393 739.113 1770.99 4437.33 11654.3 32093.3 93762.1 293510 948448 3.19308e+06 1.11006e+07 -1.80907e+08 8.32052e+07 1.62468e+08 2.8214e+08 
4.57893e-05 1.04096e-05 1.88327e-05 3.41148e-05 6.18895e-05 0.000112456 0.000204731 0.000373576 0.000683439 0.00125389 0.00230861 0.00426808 0.00792542 0.0147957 0.0277973 0.0525987 0.100319 0.193206 0.37637 0.742019 1.48465 3.02279 6.27544 13.3109 28.992 65.1371 150.996 364.008 918.909 2437.33 6806.76 20261.4 64975.6 218620 781476 2.98292e+06 1.15739e+07 -2.47278e+08 9.78589e+07 1.99299e+08 
7.15287e-06 1.6262e-06 2.94226e-06 5.3302e-06 9.67062e-06 1.75738e-05 3.19976e-05 5.83942e-05 0.000106846 0.000196064 0.000361062 0.000667678 0.00124018 0.00231602 0.00435288 0.00824031 0.0157248 0.0303038 0.0590743 0.116568 0.233472 0.475924 0.989441 2.10243 4.58882 10.335 24.0354 58.1754 147.581 393.959 1110.26 3345.22 10897.9 37677.3 140542 571733 2.46745e+06 1.06844e+07 -3.27419e+08 1.19787e+08 
8.47645e-07 1.92719e-07 3.487e-07 6.3174e-07 1.14624e-06 2.08314e-06 3.79323e-06 6.92314e-06 1.26689e-05 2.32509e-05 4.28241e-05 7.92044e-05 0.000147149 0.000274865 0.000516741 0.000978538 0.00186804 0.00360151 0.00702424 0.0138689 0.027797 0.056708 0.118005 0.251028 0.548614 1.23744 2.88326 6.9944 17.791 47.6511 134.904 408.91 1342.46 4706.11 17976.1 76059.5 353639 1.79586e+06 9.88611e+06 -4.16577e+08 
dt_FE: 3.15665e-10
dt_EA: 3.15665e-10
dt_PE: 3.15665e-10
tolC: 1e-06
dt_grow: 1.03
dt_max: 0.1
steps: 0
