t: 5.97323e-06
dt: 1.42154e-07
N: 0.938639 0.939527 0.939594 0.939214 0.938584 0.93778 0.936818 0.935681 0.93434 0.932755 0.930876 0.92864 0.925968 0.922762 0.918891 0.914191 0.908443 0.90136 0.892555 0.881508 0.867506 0.849575 0.82638 0.796109 0.756379 0.704248 0.63657 0.55108 0.448579 0.335667 0.225497 0.133313 0.0684634 0.0303129 0.011488 0.00368342 0.000981031 0.000211641 3.58351e-05 4.58642e-06 
eC: 1 1.15749 1.33977 1.55077 1.795 2.07768 2.40489 2.78363 3.22201 3.72944 4.31677 4.99661 5.78351 6.69433 7.7486 8.9689 10.3814 12.0163 13.9087 16.0991 18.6345 21.5692 24.9661 28.8979 33.4489 38.7167 44.814 51.8717 60.0407 69.4963 80.4411 93.1095 107.773 124.746 144.391 167.131 193.452 223.918 259.182 300 
dV: 1.08333 0.211322 0.327712 0.508206 0.788112 1.22218 1.89532 2.93921 4.55805 7.06849 10.9616 16.999 26.3615 40.8807 63.3966 98.3136 152.462 236.434 366.655 568.597 881.764 1367.42 2120.55 3288.49 5099.69 7908.45 12264.2 19019 29494.1 45738.6 70930.1 109996 170579 264529 410225 636165 986546 1.52991e+06 2.37254e+06 3.67926e+06 
kVec: 1.03009e+06 1.19338e+06 1.37487e+06 1.58369e+06 1.82366e+06 2.09839e+06 2.4126e+06 2.77152e+06 3.18049e+06 3.64372e+06 4.16859e+06 4.76179e+06 5.42513e+06 6.16583e+06 6.98997e+06 7.89969e+06 8.88618e+06 9.95706e+06 1.11115e+07 1.23081e+07 1.35477e+07 1.48182e+07 1.6089e+07 1.72808e+07 1.84371e+07 1.96006e+07 2.06411e+07 2.18075e+07 2.3397e+07 2.58633e+07 2.96964e+07 3.61556e+07 4.71158e+07 6.38684e+07 8.94961e+07 1.28173e+08 1.82276e+08 2.48899e+08 3.2919e+08 4.18366e+08 
cMat: 
-60898.4 58.9145 69.2278 80.6383 94.0037 109.74 128.28 150.14 176.019 206.874 243.619 287.496 340.587 404.844 482.8 578.324 697.075 844.358 1028.09 1263.77 1565.39 1953.44 2462.43 3143.81 4052.74 5276.84 6988.08 9361.5 12678 17408.8 24242.9 34089.6 48393.8 69585.4 100470 145234 208773 298375 426901 612977 
295.304 -71090.4 78.6352 91.5969 106.78 124.656 145.717 170.551 199.95 235.004 276.751 326.603 386.926 459.939 548.522 657.076 792.034 959.432 1168.28 1436.19 1779.1 2220.33 2799.16 3574.14 4608.11 6000.83 7948.17 10649.6 14425.1 19811.8 27594.8 38810.8 55106.7 79252.3 114446 165463 237880 339999 486481 698556 
221.468 50.188 -82607.6 105.361 122.827 143.391 167.62 196.189 230.012 270.342 318.374 375.733 445.144 529.162 631.103 756.035 911.37 1104.06 1344.48 1652.95 2047.81 2555.96 3222.69 4115.53 5306.97 6912.13 9157.04 12271.9 16626.4 22840.7 31821.4 44766 63577.5 91454.7 132094 191013 274651 392591 561768 806702 
165.625 37.5334 67.645 -96105.8 142.231 166.046 194.106 227.193 266.366 313.078 368.712 435.153 515.559 612.893 730.998 875.753 1055.75 1279.06 1557.72 1915.3 2373.09 2962.32 3735.59 4771.31 6153.72 8016.58 10622.6 14239.6 19297.2 26516.9 36953.3 51999.8 73871.1 106288 153555 222091 319390 456588 653392 938325 
124.257 28.159 50.7503 91.5346 -111951 191.201 225.524 263.972 309.494 363.777 428.434 505.653 599.11 712.25 849.547 1017.84 1227.13 1486.81 1810.89 2226.83 2759.43 3445.07 4345.04 5550.78 7160.5 9330.24 12366.5 16581.8 22477.9 30897.2 43071 60627.4 86153.7 123996 179183 259220 372852 533077 762915 1.09568e+06 
93.4238 21.1718 38.1578 68.8234 123.142 -130546 262.379 307.118 360.089 423.259 498.506 588.379 697.159 828.861 988.697 1184.64 1428.35 1730.78 2108.28 2592.86 3213.5 4012.64 5061.85 6467.95 8345.71 10877.5 14421.8 19344.2 26231.7 36070.4 50301.6 70831.9 100692 144969 209556 303245 436273 623839 892900 1.28245e+06 
70.3415 15.941 28.7308 51.8212 93.5557 169.002 -152429 357.705 419.414 493.01 580.681 685.399 812.162 965.652 1151.95 1380.36 1664.51 2017.17 2457.44 3022.74 3746.92 4679.63 5904.57 7546.72 9740.47 12699.4 16843.4 22601 30660.8 42178.9 58845.9 82899.6 117897 169807 245550 355447 511506 731536 1.04717e+06 1.50415e+06 
53.0227 12.0163 21.6576 39.064 70.5258 127.403 230.376 -178260 484.024 574.988 677.269 799.447 947.363 1126.49 1343.92 1610.55 1942.3 2354.12 2868.35 3528.78 4375.07 5465.34 6897.7 8818.66 11385.8 14849.9 19703.7 26450.6 35899.8 49410.3 68969.3 97209 138315 199303 288322 417518 601004 859690 1.23078e+06 1.76807e+06 
40.0265 9.07119 16.3497 29.4907 53.2433 96.1849 173.932 311.667 -208830 671.403 790.876 933.606 1106.42 1315.73 1569.85 1881.51 2269.36 2750.94 3352.4 4125.11 5115.57 6392.01 8069.58 10320.4 13329.8 17392.5 23088.2 31009.8 42110.3 57990.9 80993.3 114222 162613 234437 339311 491566 707832 1.01271e+06 1.45008e+06 2.08334e+06 
30.2835 6.86325 12.3704 22.3136 40.2867 72.7807 131.614 238.339 432.211 -245021 924.263 1091.14 1293.24 1538.04 1835.3 2199.95 2653.87 3217.6 3921.88 4827.01 5987.64 7483.98 9451.47 12092.7 15626 20398.7 27094.3 36412.7 49479.4 68185.7 95298.6 134489 191597 276396 400273 580185 835778 1.19608e+06 1.71296e+06 2.46134e+06 
22.9502 5.20139 9.37527 16.9114 30.5341 55.1639 99.7609 180.664 327.639 594.799 -288150 1277.5 1514.26 1801.1 2149.48 2576.94 3109.2 3770.42 4596.73 5659.16 7022.07 8779.97 11092.6 14199.1 18357.2 23977.8 31868.9 42859.3 58282.5 80379.8 112431 158793 226397 326832 473626 686915 989988 1.41718e+06 2.03004e+06 2.91739e+06 
17.4227 3.94872 7.11758 12.8393 23.1825 41.884 75.7484 137.185 248.804 451.714 821.803 -339802 1763.62 2113.81 2523.04 3025.29 3650.89 4428.31 5400.19 6650.36 8254.88 10325.5 13051.1 16714.8 21622.3 28260.6 37588.8 50591.7 68855.1 95045.2 133065 188104 268423 387814 562420 816243 1.17699e+06 1.68544e+06 2.41488e+06 3.47106e+06 
13.2712 3.0079 5.42193 9.78087 17.661 31.9098 57.7129 104.528 189.59 344.239 626.336 1133.98 -401630 2483.36 2964.65 3555.54 4291.82 5207.16 6351.93 7825.35 9717.48 12160.7 15379.2 19709.1 25513.7 33372.7 44428 59854.5 81544.9 112684 157933 223503 319281 461751 670256 973545 1.40472e+06 2.01235e+06 2.88412e+06 4.14639e+06 
10.1372 2.29764 4.14178 7.47186 13.4923 24.3792 44.0957 79.871 144.879 263.084 478.731 873.396 1595.82 -476238 3491.13 4187.92 5056.58 6136.96 7488.81 9229.92 11467.3 14358.4 18170 23302.9 30190.7 39526 52674.3 71043.5 96903.8 134076 188158 266617 381350 552153 802334 1.1665e+06 1.68439e+06 2.41413e+06 3.46112e+06 4.97713e+06 
7.76286 1.75955 3.17194 5.72252 10.334 18.6736 33.7781 61.1878 111 201.586 366.871 669.416 1223.34 2241.78 -566949 4892.8 5976.14 7255.6 8857.43 10922 13577.1 17010.8 21542 27650.6 35856.9 46992.4 62698.4 84671.1 115648 160241 225208 319583 457764 663667 965548 1.40532e+06 2.03098e+06 2.91243e+06 4.17713e+06 6.00839e+06 
5.96556 1.35222 2.43777 4.39822 7.94297 14.3541 25.9669 47.0425 85.3486 155.021 282.168 514.949 941.243 1725.24 3138.93 -677866 7082.39 8602.26 10506.3 12962.6 16124.1 20216.5 25623 32921 42737.8 56077.2 74922.7 101330 138622 192397 270867 385035 552445 802174 1.16872e+06 1.70321e+06 2.46395e+06 3.53552e+06 5.07306e+06 7.29941e+06 
4.60757 1.04445 1.88303 3.39759 6.13631 11.0901 20.0644 36.3534 65.9641 119.831 218.155 398.207 728.034 1334.82 2456.74 4538.3 -813592 10215.6 12483.8 15412.8 19186.8 24077.5 30547.2 39293.9 51077.8 67117.2 89823 121702 166812 231998 327309 466242 670340 975205 1.42329e+06 2.07743e+06 3.00899e+06 4.32088e+06 6.20334e+06 8.92913e+06 
3.57086 0.809492 1.45951 2.63362 4.75691 8.59799 15.5573 28.1909 51.1607 92.9558 169.262 309.03 565.149 1036.5 1908.37 3526.78 6536.1 -982167 14893.7 18402.3 22928.5 28801.4 36582.3 47120.1 61342.7 80738.6 108259 146987 201915 281483 398088 568436 819215 1.19439e+06 1.74669e+06 2.55404e+06 3.70452e+06 5.32433e+06 7.64871e+06 1.10144e+07 
2.77631 0.62941 1.13491 2.04805 3.69957 6.68761 12.1022 21.9332 39.8108 72.3481 131.767 240.636 440.207 807.642 1487.6 2750.45 5100.21 9510.26 -1.19388e+06 21954 27540.7 34633.7 44046.9 56821.2 74097.1 97708.6 131299 178690 246086 343986 487836 698516 1.00943e+06 1.4754e+06 2.16259e+06 3.16867e+06 4.60342e+06 6.62289e+06 9.52092e+06 1.37172e+07 
2.17343 0.492769 0.888602 1.60372 2.89727 5.238 9.48037 17.1845 31.1978 56.7094 103.313 188.73 345.381 633.938 1168.23 2161.17 4010.2 7483.5 13981.6 -1.45841e+06 33108.6 41692.2 53107.5 68636.7 89690.9 118544 159725 218013 301182 422420 601155 863763 1.2525e+06 1.83642e+06 2.69952e+06 3.96556e+06 5.77273e+06 8.31554e+06 1.19648e+07 1.72484e+07 
1.70843 0.387374 0.698613 1.26098 2.27835 4.11967 7.45758 13.5206 24.5517 44.6407 81.3515 148.663 272.174 499.814 921.573 1705.97 3168 5917.06 11130.5 21010.7 -1.79498e+06 50381.6 64292.4 83270.6 109075 144550 195375 267587 371029 522446 746563 1.0771e+06 1.5682e+06 2.30786e+06 3.40409e+06 5.01576e+06 7.31893e+06 1.05584e+07 1.52075e+07 2.19384e+07 
1.34635 0.305301 0.550659 0.994045 1.79631 3.2486 5.88188 10.6662 19.3734 35.2362 64.2355 117.432 215.097 395.217 729.168 1350.78 2510.59 4693.82 8839.38 16708.4 31816.6 -2.22902e+06 77351 101582 133425 177357 240578 330793 460613 651563 935507 1.35615e+06 1.9838e+06 2.93215e+06 4.34205e+06 6.42039e+06 9.39449e+06 1.35758e+07 1.95768e+07 2.82639e+07 
1.06452 0.241418 0.435489 0.786253 1.42104 2.57043 4.65504 8.44359 15.3409 27.9117 50.9033 93.1004 170.624 313.701 579.188 1073.84 1997.87 3739.5 7051.3 13349.5 25466.6 48517.2 -2.79337e+06 124206 163664 218331 297412 410846 574970 817786 1.1809e+06 1.72174e+06 2.53299e+06 3.76351e+06 5.59984e+06 8.31547e+06 1.22081e+07 1.76779e+07 2.55284e+07 3.68909e+07 
0.844285 0.191495 0.345485 0.623859 1.12775 2.04037 3.69605 6.70611 12.1882 22.1848 40.4778 74.0716 135.836 249.928 461.83 857.089 1596.49 2992.22 5650.79 10717.9 20490.3 39581.5 77159.4 -3.52339e+06 200174 268187 367206 510156 718389 1.02873e+06 1.49618e+06 2.19722e+06 3.25584e+06 4.86968e+06 7.2896e+06 1.08829e+07 1.60446e+07 2.32936e+07 3.36977e+07 4.87513e+07 
0.666809 0.151261 0.272941 0.492953 0.891292 1.61296 2.92267 5.3046 9.64465 17.563 32.0615 58.7045 107.732 198.38 366.919 681.686 1271.43 2386.54 4514.6 8580.7 16443.8 31851.7 62289.8 122639 -4.49165e+06 329500 453817 634634 900115 1.29921e+06 1.90555e+06 2.82241e+06 4.21817e+06 6.35906e+06 9.58778e+06 1.44055e+07 2.13444e+07 3.10834e+07 4.50609e+07 6.52755e+07 
0.521272 0.118265 0.213438 0.385563 0.697281 1.26221 2.28782 4.15385 7.55551 13.7655 25.1434 46.0669 84.6056 155.936 288.711 537.028 1003.07 1885.93 3574.28 6809.13 13083.7 25420.4 49890.5 98649.6 197831 -5.7969e+06 557611 788657 1.12782e+06 1.64284e+06 2.43331e+06 3.6403e+06 5.49545e+06 8.36216e+06 1.27151e+07 1.92482e+07 2.8688e+07 4.19292e+07 6.09323e+07 8.83983e+07 
0.402366 0.0913027 0.164812 0.29779 0.538685 0.97542 1.76864 3.21252 5.84607 10.6571 19.4784 35.714 65.6503 121.125 224.525 418.212 782.452 1473.95 2799.56 5347.6 10307.6 20098.4 39612.5 78729.8 158815 325015 -7.50159e+06 956667 1.38229e+06 2.03714e+06 3.05599e+06 4.63224e+06 7.08678e+06 1.09193e+07 1.67931e+07 2.56787e+07 3.85745e+07 5.66534e+07 8.25963e+07 1.20054e+08 
0.300905 0.0682919 0.123301 0.222842 0.403218 0.730369 1.32483 2.40744 4.38323 7.99531 14.6236 26.8337 49.3739 91.1969 169.264 315.75 591.821 1117.16 2126.91 4074.64 7880.84 15427 30547.5 61059.6 123981 256615 534050 -9.78984e+06 1.65091e+06 2.46658e+06 3.757e+06 5.78609e+06 8.99799e+06 1.40816e+07 2.19654e+07 3.40123e+07 5.15972e+07 7.62418e+07 1.11601e+08 1.62579e+08 
0.2139 0.0485548 0.0876857 0.158515 0.286907 0.519871 0.943387 1.71509 3.12435 5.70274 10.4381 19.1696 35.308 65.2939 121.351 226.732 425.79 805.533 1537.49 2954.69 5735.77 11275.6 22439.7 45132.2 92300.9 192624 405039 866561 -1.29016e+07 2.84676e+06 4.46146e+06 7.00152e+06 1.11036e+07 1.77094e+07 2.81068e+07 4.41974e+07 6.78592e+07 1.01025e+08 1.48606e+08 2.17066e+08 
0.141727 0.0321781 0.0581248 0.105104 0.190294 0.344939 0.626216 1.13903 2.07612 3.79206 6.9463 12.7682 23.5429 43.5919 81.1338 151.845 285.742 541.862 1037.02 1999.63 3897.16 7696.27 15400.5 31185.3 64285 135391 288032 624731 1.37364e+06 -1.71818e+07 4.96263e+06 7.9709e+06 1.2956e+07 2.11747e+07 3.43698e+07 5.51411e+07 8.59995e+07 1.29299e+08 1.91417e+08 2.80534e+08 
0.0854972 0.0194155 0.0350796 0.0634505 0.114915 0.208381 0.378468 0.688743 1.25611 2.29589 4.20899 7.74366 14.2941 26.5009 49.3965 92.6068 174.635 331.971 637.097 1232.75 2412.44 4786.91 9633.68 19647.9 40844.6 86870.7 187178 412215 932575 2.14979e+06 -2.29999e+07 8.2245e+06 1.37958e+07 2.33003e+07 3.90028e+07 6.43468e+07 1.02591e+08 1.56424e+08 2.33688e+08 3.44049e+08 
0.0458323 0.0104101 0.0188134 0.0340382 0.0616656 0.111863 0.203258 0.370076 0.675319 1.2352 2.26624 4.17315 7.71168 14.3156 26.7226 50.1844 94.8347 180.711 347.769 675.252 1326.87 2645.44 5354.62 10999.9 23063.1 49544.6 108163 242019 557932 1.31636e+06 3.1354e+06 -3.13356e+07 1.33085e+07 2.34013e+07 4.0719e+07 6.96327e+07 1.14262e+08 1.77508e+08 2.68423e+08 3.97564e+08 
0.0215466 0.00489493 0.00884835 0.0160132 0.0290194 0.0526613 0.0957281 0.174378 0.318387 0.582743 1.07 1.97208 3.6482 6.78085 12.6758 23.845 45.1535 86.2465 166.43 324.257 639.754 1281.53 2608.76 5397.83 11414.6 24768.6 54799.3 124638 293017 708559 1.74168e+06 4.40727e+06 -4.38901e+07 2.12856e+07 3.89057e+07 6.95863e+07 1.18451e+08 1.88511e+08 2.89585e+08 4.32235e+08 
0.00884561 0.0020099 0.00363401 0.00657825 0.0119245 0.0216467 0.0393651 0.0717395 0.131053 0.240016 0.44102 0.813487 1.50638 2.80311 5.24692 9.8855 18.7548 35.9013 69.4519 135.739 268.808 540.801 1106.66 2305.03 4913.04 10760.6 24106.9 55690 133430 330631 839856 2.21259e+06 6.07724e+06 -6.19323e+07 3.17031e+07 6.05686e+07 1.09282e+08 1.81091e+08 2.85848e+08 4.32615e+08 
0.00312115 0.000709307 0.00128272 0.00232251 0.00421116 0.00764696 0.0139113 0.0253626 0.0463542 0.0849444 0.156185 0.288308 0.534364 0.99542 1.86551 3.51974 6.68929 12.8307 24.8782 48.7628 96.8956 195.712 402.408 843.239 1810.28 3998.62 9060.41 21229.2 51752.5 131152 343565 940865 2.71459e+06 7.74768e+06 -8.8468e+07 4.60453e+07 8.99118e+07 1.58195e+08 2.60575e+08 4.03838e+08 
0.00093284 0.000212028 0.000383505 0.000694521 0.00125959 0.00228792 0.00416351 0.00759361 0.0138845 0.0254567 0.0468344 0.0865117 0.160476 0.299223 0.561383 1.06054 2.0187 3.879 7.5367 14.8103 29.5188 59.8331 123.548 260.285 562.36 1251.52 2864.49 6796.57 16825.7 43504.2 117192 332661 1.00386e+06 3.06038e+06 9.52015e+06 -1.27701e+08 6.46265e+07 1.24847e+08 2.19168e+08 3.53282e+08 
0.000230301 5.23519e-05 9.4705e-05 0.000171537 0.000311159 0.000565312 0.00102901 0.0018773 0.0034337 0.00629813 0.0115925 0.0214246 0.0397675 0.0742057 0.139339 0.263496 0.502168 0.966293 1.88048 3.70276 7.39764 15.0362 31.1516 65.905 143.105 320.355 739.026 1770.78 4436.81 11652.9 32089.5 93751.1 293475 948336 3.1927e+06 1.10993e+07 -1.82098e+08 8.31955e+07 1.62449e+08 2.82106e+08 
4.57882e-05 1.04093e-05 1.88322e-05 3.41139e-05 6.1888e-05 0.000112453 0.000204726 0.000373567 0.000683423 0.00125386 0.00230856 0.00426798 0.00792523 0.0147953 0.0277966 0.0525974 0.100316 0.193202 0.376361 0.742001 1.48461 3.02272 6.27529 13.3105 28.9913 65.1355 150.992 364 918.886 2437.27 6806.6 20261 64974 218615 781458 2.98285e+06 1.15736e+07 -2.48847e+08 9.78565e+07 1.99294e+08 
7.15284e-06 1.62619e-06 2.94225e-06 5.33018e-06 9.67058e-06 1.75737e-05 3.19975e-05 5.83939e-05 0.000106845 0.000196064 0.00036106 0.000667675 0.00124017 0.00231601 0.00435286 0.00824028 0.0157248 0.0303036 0.059074 0.116568 0.233471 0.475922 0.989437 2.10242 4.5888 10.335 24.0353 58.1752 147.581 393.958 1110.25 3345.21 10897.8 37677.1 140542 571730 2.46744e+06 1.06844e+07 -3.29178e+08 1.19787e+08 
8.47644e-07 1.92719e-07 3.487e-07 6.3174e-07 1.14624e-06 2.08314e-06 3.79322e-06 6.92314e-06 1.26689e-05 2.32509e-05 4.28241e-05 7.92043e-05 0.000147148 0.000274865 0.00051674 0.000978537 0.00186804 0.00360151 0.00702424 0.0138689 0.027797 0.056708 0.118005 0.251028 0.548614 1.23744 2.88325 6.9944 17.791 47.651 134.904 408.91 1342.45 4706.1 17976.1 76059.5 353639 1.79586e+06 9.88611e+06 -4.18364e+08 
dt_FE: 1.42154e-07
dt_EA: 1.42154e-07
dt_PE: 1.42154e-07
tolC: 1e-06
dt_grow: 1.03
dt_max: 0.1
steps: 0
