t: 9.30395e-08
dt: 6.59995e-10
N: 0.0674894 0.0774393 0.0887299 0.101517 0.115956 0.132164 0.150293 0.170484 0.192822 0.217303 0.244001 0.272879 0.303599 0.335988 0.369742 0.404239 0.438538 0.472166 0.504274 0.532983 0.557611 0.577119 0.589698 0.593102 0.586576 0.568249 0.533922 0.483008 0.414856 0.330745 0.237879 0.154297 0.0806438 0.0356113 0.0135595 0.00435478 0.00116083 0.000250599 4.24511e-05 5.43507e-06 
eC: 1 1.15749 1.33977 1.55077 1.795 2.07768 2.40489 2.78363 3.22201 3.72944 4.31677 4.99661 5.78351 6.69433 7.7486 8.9689 10.3814 12.0163 13.9087 16.0991 18.6345 21.5692 24.9661 28.8979 33.4489 38.7167 44.814 51.8717 60.0407 69.4963 80.4411 93.1095 107.773 124.746 144.391 167.131 193.452 223.918 259.182 300 
dV: 1.08333 0.211322 0.327712 0.508206 0.788112 1.22218 1.89532 2.93921 4.55805 7.06849 10.9616 16.999 26.3615 40.8807 63.3966 98.3136 152.462 236.434 366.655 568.597 881.764 1367.42 2120.55 3288.49 5099.69 7908.45 12264.2 19019 29494.1 45738.6 70930.1 109996 170579 264529 410225 636165 986546 1.52991e+06 2.37254e+06 3.67926e+06 
kVec: 978186 1.13416e+06 1.30745e+06 1.50712e+06 1.73695e+06 2.00058e+06 2.30277e+06 2.64881e+06 3.04421e+06 3.49361e+06 4.00471e+06 4.58479e+06 5.23681e+06 5.96907e+06 6.78904e+06 7.70094e+06 8.69895e+06 9.793e+06 1.09856e+07 1.22402e+07 1.3561e+07 1.49392e+07 1.63468e+07 1.77066e+07 1.90572e+07 2.0434e+07 2.16877e+07 2.30429e+07 2.47643e+07 2.7267e+07 3.10128e+07 3.72698e+07 4.7954e+07 6.44034e+07 8.97526e+07 1.28195e+08 1.8212e+08 2.48639e+08 3.28875e+08 4.18035e+08 
cMat: 
-121648 895.334 1052.07 1225.47 1428.59 1667.74 1949.49 2281.71 2674.99 3143.9 3702.32 4369.13 5175.96 6152.49 7337.19 8788.9 10593.6 12831.9 15624.1 19205.8 23789.5 29686.7 37422 47777 61590.3 80193.2 106199 142268 192669 264565 368425 518067 735449 1.0575e+06 1.52686e+06 2.20715e+06 3.17276e+06 4.53446e+06 6.48769e+06 9.31553e+06 
4505.04 -145027 1199.63 1397.37 1628.99 1901.7 2223 2601.86 3050.37 3585.14 4222.02 4982.53 5902.79 7016.65 8368.05 10024.1 12083 14636.7 17822.8 21910 27141.3 33872.5 42702.9 54525.8 70299.6 91546.4 121254 162466 220064 302242 420977 592083 840687 1.20904e+06 1.74595e+06 2.52424e+06 3.62901e+06 5.1869e+06 7.42158e+06 1.06569e+07 
3340.98 757.119 -166287 1589.44 1852.92 2163.15 2528.65 2959.64 3469.88 4078.28 4802.88 5668.18 6715.28 7982.74 9520.6 11405.3 13748.6 16655.5 20282.4 24935.8 30892.6 38558.3 48616.4 62085.5 80059.1 104274 138140 185130 250820 344567 480046 675324 959108 1.37965e+06 1.99272e+06 2.88155e+06 4.14329e+06 5.92249e+06 8.47464e+06 1.21696e+07 
2448.13 554.788 999.873 -191119 2102.34 2454.36 2869.11 3358.19 3937.21 4627.66 5450.01 6432.08 7620.57 9059.28 10805 12944.7 15605.3 18906 23024.9 28310.3 35077.1 43786.6 55216.4 70525.6 90959.2 118495 157015 210477 285235 391951 546213 768619 1.0919e+06 1.57107e+06 2.26972e+06 3.28277e+06 4.72095e+06 6.74891e+06 9.6579e+06 1.38696e+07 
1788.6 405.33 730.517 1317.58 -220027 2752.22 3246.27 3799.71 4454.96 5236.34 6167.03 7278.55 8623.8 10252.4 12228.7 14651.1 17663.7 21401.6 26066.6 32053.7 39720.2 49589.6 62544.1 79899.9 103071 134303 178008 238684 323555 444745 619980 872692 1.24013e+06 1.78484e+06 2.57923e+06 3.7313e+06 5.36696e+06 7.6733e+06 1.09817e+07 1.57716e+07 
1303.06 295.302 532.222 959.942 1717.57 -253556 3659.63 4283.64 5022.48 5903.58 6953.11 8206.64 9723.89 11560.9 13790.2 16523.2 19922.5 24140.8 29406 36165 44821.5 55967.8 70602.2 90214.3 116405 151719 201154 269810 365877 503107 701602 987956 1.40444e+06 2.02201e+06 2.92287e+06 4.22963e+06 6.08508e+06 8.70124e+06 1.24541e+07 1.78875e+07 
945.986 214.383 386.386 696.916 1258.18 2272.82 -292381 4810.59 5640.47 6630.23 7809.27 9217.58 10922.3 12986.5 15492 18563.8 22385.1 27127.9 33048.8 40651.2 50390.4 62933.9 79407.5 101492 130995 170788 226518 303949 412341 567242 791389 1.11487e+06 1.58554e+06 2.28364e+06 3.30227e+06 4.78023e+06 6.87898e+06 9.83805e+06 1.40828e+07 2.02286e+07 
683.828 154.973 279.316 503.804 909.563 1643.1 2971.13 -337263 6242.41 7415.56 8734.66 10310.4 12218 14528.2 17332.4 20771.1 25049.7 30360.9 36992.8 45510.3 56424.8 70485.9 88958.8 113733 146842 191518 254117 341131 462996 637239 889489 1.25369e+06 1.78383e+06 2.57039e+06 3.71846e+06 5.38468e+06 7.75108e+06 1.10873e+07 1.58732e+07 2.28026e+07 
492.058 111.515 200.992 362.537 654.536 1182.43 2138.19 3831.42 -389273 8253.75 9722.47 11477.1 13601.6 16174.7 19298.6 23129.9 27898 33818.1 41212 50711.2 62887.2 78578.8 99201.8 126872 163867 213811 283830 381212 517675 712899 995675 1.40416e+06 1.99905e+06 2.882e+06 4.17125e+06 6.04297e+06 8.70158e+06 1.24496e+07 1.78263e+07 2.56111e+07 
352.484 79.8846 143.985 259.718 468.916 847.13 1531.92 2774.14 5030.7 -449277 10757.9 12700.3 15052.6 17902 21361.9 25606.2 30889.6 37451.2 45648.6 56183.9 69693 87109.6 110010 140753 181878 237430 315363 423824 575914 793646 1.10923e+06 1.56538e+06 2.23009e+06 3.21711e+06 4.65897e+06 6.75304e+06 9.72802e+06 1.39217e+07 1.99379e+07 2.86487e+07 
251.002 56.8866 102.536 184.957 333.945 603.318 1091.07 1975.89 3583.33 6505.21 -518758 13971.8 16561.2 19698.3 23508.5 28183.5 34004.7 41236.4 50273.6 61893.2 76799.1 96024.9 121318 155293 200770 262240 348544 468744 637425 879099 1.22964e+06 1.73669e+06 2.47607e+06 3.5745e+06 5.17996e+06 7.51266e+06 1.08273e+07 1.54994e+07 2.22021e+07 3.1907e+07 
177.527 40.2353 72.5242 130.825 236.217 426.775 771.834 1397.84 2535.18 4602.72 8373.72 -599377 17970.3 21538.5 25708.4 30826 37200.5 45122 55024.9 67763.5 84112.6 105211 132983 170315 220319 287960 383009 515502 701596 968458 1.35586e+06 1.91667e+06 2.73508e+06 3.95162e+06 5.73075e+06 8.31707e+06 1.19929e+07 1.71737e+07 2.46063e+07 3.53682e+07 
124.84 28.2948 51.003 92.0068 166.133 300.169 542.894 983.28 1783.44 3238.19 5891.82 10667.1 -692794 23360.5 27887.9 33446.3 40372.4 48982.8 59751.4 73611.6 91410.5 114394 144669 185400 240003 313931 417926 563040 767077 1.05999e+06 1.48565e+06 2.10245e+06 3.00341e+06 4.3436e+06 6.30497e+06 9.15795e+06 1.32139e+07 1.89298e+07 2.71303e+07 3.90043e+07 
87.1482 19.7526 35.6065 64.235 115.992 209.586 379.087 686.645 1245.52 2261.71 4115.61 7508.52 13719.2 -801635 30012.9 36003.2 43471 52758.9 64380.7 79348.8 98583.3 123438 156206 200333 259547 339802 452837 610755 833074 1.15264e+06 1.61758e+06 2.29209e+06 3.27843e+06 4.74681e+06 6.8976e+06 1.00283e+07 1.44806e+07 2.07541e+07 2.9755e+07 4.27879e+07 
60.3214 13.6726 24.6476 44.4669 80.3002 145.103 262.473 475.461 862.528 1566.43 2850.78 5201.71 9505.95 17419.8 -928848 38019.6 46437.7 56379.7 68826.8 84869.9 105501 132183 167393 214859 278626 365155 487199 657938 898647 1.24516e+06 1.74998e+06 2.48333e+06 3.55706e+06 5.15703e+06 7.5028e+06 1.09201e+07 1.57818e+07 2.26311e+07 3.24584e+07 4.66883e+07 
41.418 9.38829 16.9251 30.5362 55.1469 99.6582 180.284 326.609 592.563 1076.29 1959.05 3575.22 6534.91 11978.1 21793.2 -1.07905e+06 49172 59724.2 72943.7 89997.3 111947 140360 177897 228566 296722 389336 520178 703522 962431 1.33578e+06 1.88059e+06 2.67324e+06 3.83555e+06 5.56938e+06 8.11426e+06 1.18251e+07 1.71068e+07 2.45466e+07 3.52215e+07 5.06788e+07 
28.2554 6.40499 11.5475 20.8353 37.6302 68.0089 123.042 222.933 404.517 734.851 1337.81 2441.95 4464.58 8185.59 15065.6 27830.5 -1.25583e+06 62646.2 76555.2 94517 117661 147652 187327 240965 313228 411588 550828 746324 1.02295e+06 1.4227e+06 2.00718e+06 2.85917e+06 4.11078e+06 5.98032e+06 8.72815e+06 1.27396e+07 1.84522e+07 2.64973e+07 3.80412e+07 5.47568e+07 
19.108 4.33168 7.81001 14.0928 25.4547 46.0087 83.2488 150.853 273.766 497.416 905.738 1653.65 3024.17 5546.43 10211.9 18872.2 34975.3 -1.46698e+06 79697.9 98472.7 122693 154119 195756 252145 328251 432041 579307 786542 1.08047e+06 1.50624e+06 2.13021e+06 3.04176e+06 4.38371e+06 6.39131e+06 9.34671e+06 1.36669e+07 1.98233e+07 2.8491e+07 4.09291e+07 5.89392e+07 
12.8092 2.90395 5.2362 9.44921 17.069 30.8551 55.8367 101.195 183.678 333.798 607.945 1110.24 2031.01 3726.27 6863.46 12690 23531.2 43878.2 -1.72243e+06 101291 127066 159792 203222 262160 341867 450805 605784 824434 1.13538e+06 1.58707e+06 2.25076e+06 3.22279e+06 4.65728e+06 6.80715e+06 9.9777e+06 1.46195e+07 2.12391e+07 3.05565e+07 4.39273e+07 6.32879e+07 
8.56622 1.94217 3.50227 6.3208 11.4191 20.6447 37.3652 67.7299 122.961 223.51 407.19 743.846 1361.26 2498.56 4604.36 8517.88 15805.5 29494.9 55106.1 -2.03044e+06 130492 164323 209314 270520 353501 467220 629529 859261 1.18706e+06 1.66489e+06 2.36935e+06 3.40437e+06 4.93652e+06 7.23795e+06 1.06397e+07 1.56296e+07 2.27522e+07 3.27743e+07 4.7157e+07 6.79818e+07 
5.70435 1.29342 2.33262 4.21032 7.60727 13.7553 24.9004 45.1445 81.9765 149.053 271.627 496.378 908.772 1668.85 3077.07 5696.14 10577.8 19756.7 37164.2 70153.3 -2.40969e+06 168221 214668 278035 364196 482642 652346 893455 1.23884e+06 1.74442e+06 2.49273e+06 3.59637e+06 5.23611e+06 7.70579e+06 1.1366e+07 1.67473e+07 2.44375e+07 3.52537e+07 5.07769e+07 7.3251e+07 
3.78492 0.858278 1.54804 2.79451 5.04987 9.13262 16.5354 29.9854 54.4635 99.0578 180.582 330.129 604.691 1111.05 2049.87 3797.38 7057.9 13195.5 24849.7 46971.5 89444.3 -2.88314e+06 217453 285572 375091 498595 676326 929942 1.2949e+06 1.8317e+06 2.62994e+06 3.81246e+06 5.57696e+06 8.243e+06 1.22066e+07 1.80493e+07 2.64103e+07 3.81649e+07 5.50352e+07 7.9457e+07 
2.51568 0.570522 1.02915 1.85809 3.35823 6.07449 11.0009 19.954 36.2538 65.9614 120.296 220.016 403.22 741.343 1368.75 2537.71 4721.4 8837.24 16663.7 31547.8 60183.2 114657 -3.48404e+06 293526 386773 515963 702848 970918 1.35878e+06 1.93261e+06 2.79073e+06 4.06884e+06 5.986e+06 8.89398e+06 1.32336e+07 1.96513e+07 2.88503e+07 4.17767e+07 6.03292e+07 8.71812e+07 
1.68491 0.382161 0.689473 1.24501 2.25061 4.07189 7.37609 13.3832 24.3237 44.2735 80.7803 147.822 271.084 498.772 921.66 1710.47 3186.05 5971.48 11277.1 21389.5 40891.8 78991.4 153984 -4.2436e+06 399481 535212 732820 1.0181e+06 1.43366e+06 2.053e+06 2.98587e+06 4.38491e+06 6.49757e+06 9.71826e+06 1.45476e+07 2.17186e+07 3.20197e+07 4.64863e+07 6.72494e+07 9.72913e+07 
1.13157 0.256691 0.463181 0.836542 1.51252 2.7372 4.95976 9.00191 16.367 29.8044 54.4084 99.6215 182.821 336.65 622.661 1156.82 2157.61 4049.97 7661.28 14561.5 27905.2 54052.3 105706 208118 -5.23132e+06 559162 770127 1.07697e+06 1.5275e+06 2.20476e+06 3.23372e+06 4.78964e+06 7.15824e+06 1.07913e+07 1.62705e+07 2.44461e+07 3.62215e+07 5.27486e+07 7.64683e+07 1.10773e+08 
0.760977 0.172648 0.311587 0.562862 1.01792 1.84262 3.33986 6.06397 11.0299 20.0955 36.7054 67.2505 123.511 227.642 421.473 783.977 1464.33 2753.17 5217.9 9940.27 19100.2 37109.8 72832.3 144013 288802 -6.54527e+06 814025 1.15132e+06 1.64644e+06 2.3983e+06 3.55225e+06 5.31427e+06 8.02251e+06 1.22075e+07 1.85621e+07 2.80994e+07 4.18801e+07 6.12101e+07 8.89516e+07 1.29048e+08 
0.51601 0.11709 0.211361 0.381898 0.690831 1.25092 2.26818 4.11987 7.49724 13.6671 24.9799 45.801 84.1925 155.335 287.94 536.332 1003.45 1890.25 3590.27 6857.97 13218.8 25775 50800.7 100966 203671 416812 -8.24664e+06 1.22687e+06 1.77271e+06 2.61252e+06 3.91912e+06 5.94057e+06 9.08836e+06 1.40034e+07 2.15362e+07 3.29313e+07 4.94695e+07 7.26546e+07 1.05925e+08 1.53962e+08 
0.346533 0.0786475 0.141998 0.256633 0.464361 0.84112 1.52572 2.77249 5.04788 9.2077 16.841 30.9027 56.8608 105.026 194.931 363.63 681.563 1286.57 2449.43 4692.5 9075.87 17766.3 35179.6 70318.5 142781 295527 615032 -1.05232e+07 1.90125e+06 2.8406e+06 4.3267e+06 6.66347e+06 1.03624e+07 1.62169e+07 2.52961e+07 3.91698e+07 5.94212e+07 8.78029e+07 1.28524e+08 1.87232e+08 
0.226981 0.0515242 0.0930482 0.168209 0.304453 0.551665 1.00108 1.81998 3.31542 6.05149 11.0765 20.342 37.4673 69.287 128.773 240.597 451.829 854.796 1631.51 3135.39 6086.55 11965.1 23812 47892.3 97945.6 204404 429810 919556 -1.36193e+07 3.02085e+06 4.73431e+06 7.42971e+06 1.17827e+07 1.87924e+07 2.98257e+07 4.69003e+07 7.20092e+07 1.07204e+08 1.57695e+08 2.30341e+08 
0.142777 0.0324165 0.0585554 0.105883 0.191704 0.347495 0.630855 1.14747 2.0915 3.82015 6.99776 12.8628 23.7173 43.9148 81.7349 152.97 287.859 545.876 1044.71 2014.44 3926.03 7753.29 15514.6 31416.3 64761.3 136394 290166 629360 1.38382e+06 -1.78837e+07 4.9994e+06 8.02995e+06 1.30519e+07 2.13316e+07 3.46245e+07 5.55496e+07 8.66367e+07 1.30257e+08 1.92835e+08 2.82612e+08 
0.0841304 0.0191051 0.0345188 0.0624362 0.113078 0.205049 0.372418 0.677732 1.23603 2.25919 4.1417 7.61987 14.0656 26.0773 48.6068 91.1263 171.843 326.664 626.912 1213.04 2373.87 4710.38 9479.67 19333.8 40191.6 85481.9 184186 405625 917666 2.11542e+06 -2.36746e+07 8.09302e+06 1.35752e+07 2.29278e+07 3.83793e+07 6.33181e+07 1.00951e+08 1.53924e+08 2.29952e+08 3.38549e+08 
0.0447226 0.010158 0.0183579 0.0332141 0.0601725 0.109155 0.198337 0.361116 0.658968 1.20529 2.21137 4.0721 7.52497 13.969 26.0756 48.9694 92.5386 176.336 339.349 658.903 1294.75 2581.39 5224.97 10733.6 22504.7 48345 105544 236160 544423 1.28449e+06 3.05948e+06 -3.19688e+07 1.29863e+07 2.28348e+07 3.97331e+07 6.79467e+07 1.11496e+08 1.7321e+08 2.61924e+08 3.87939e+08 
0.0212649 0.00483093 0.00873266 0.0158039 0.0286399 0.0519727 0.0944764 0.172098 0.314224 0.575124 1.05601 1.9463 3.6005 6.69219 12.5101 23.5333 44.5631 85.1188 164.253 320.017 631.389 1264.77 2574.65 5327.25 11265.4 24444.8 54082.7 123008 289186 699294 1.71891e+06 4.34964e+06 -4.43529e+07 2.10073e+07 3.8397e+07 6.86764e+07 1.16902e+08 1.86046e+08 2.85799e+08 4.26583e+08 
0.00879728 0.00199892 0.00361415 0.00654231 0.0118594 0.0215284 0.03915 0.0713475 0.130337 0.238705 0.43861 0.809042 1.49815 2.7878 5.21825 9.83148 18.6523 35.7052 69.0724 134.997 267.339 537.846 1100.61 2292.44 4886.2 10701.8 23975.2 55385.7 132701 328825 835267 2.2005e+06 6.04403e+06 -6.22092e+07 3.15298e+07 6.02376e+07 1.08685e+08 1.80102e+08 2.84286e+08 4.30251e+08 
0.00311461 0.00070782 0.00128004 0.00231765 0.00420233 0.00763094 0.0138821 0.0253094 0.046257 0.0847664 0.155858 0.287704 0.533244 0.993334 1.8616 3.51237 6.67528 12.8038 24.8261 48.6606 96.6925 195.302 401.565 841.472 1806.49 3990.24 9041.42 21184.7 51644.1 130877 342845 938893 2.7089e+06 7.73144e+06 -8.85754e+07 4.59488e+07 8.97234e+07 1.57864e+08 2.60029e+08 4.02991e+08 
0.000932211 0.000211885 0.000383246 0.000694053 0.00125874 0.00228638 0.00416071 0.00758849 0.0138752 0.0254396 0.0468029 0.0864534 0.160368 0.299021 0.561005 1.05982 2.01734 3.87639 7.53162 14.8003 29.4989 59.7928 123.465 260.109 561.981 1250.68 2862.56 6791.99 16814.4 43474.9 117113 332437 1.00318e+06 3.05832e+06 9.51373e+06 -1.27649e+08 6.4583e+07 1.24763e+08 2.1902e+08 3.53044e+08 
0.00023026 5.23425e-05 9.46879e-05 0.000171506 0.000311103 0.000565211 0.00102882 0.00187696 0.00343308 0.006297 0.0115904 0.0214208 0.0397603 0.0741923 0.139314 0.263448 0.502078 0.966119 1.88014 3.70209 7.39631 15.0335 31.146 65.8931 143.079 320.298 738.893 1770.46 4436.01 11650.8 32083.8 93734.2 293422 948165 3.19213e+06 1.10973e+07 -1.81912e+08 8.31805e+07 1.62419e+08 2.82056e+08 
4.57864e-05 1.04089e-05 1.88315e-05 3.41126e-05 6.18856e-05 0.000112449 0.000204719 0.000373552 0.000683396 0.00125381 0.00230847 0.00426781 0.00792492 0.0147947 0.0277955 0.0525954 0.100312 0.193194 0.376346 0.741972 1.48455 3.0226 6.27504 13.31 28.9902 65.133 150.986 363.985 918.851 2437.17 6806.33 20260.2 64971.4 218606 781427 2.98273e+06 1.15732e+07 -2.48577e+08 9.78527e+07 1.99287e+08 
7.15279e-06 1.62618e-06 2.94223e-06 5.33014e-06 9.67051e-06 1.75736e-05 3.19972e-05 5.83936e-05 0.000106845 0.000196062 0.000361058 0.000667671 0.00124016 0.00231599 0.00435283 0.00824022 0.0157247 0.0303034 0.0590736 0.116567 0.23347 0.475918 0.98943 2.10241 4.58877 10.3349 24.0351 58.1748 147.58 393.955 1110.25 3345.19 10897.7 37676.9 140541 571726 2.46742e+06 1.06843e+07 -3.28861e+08 1.19786e+08 
8.47643e-07 1.92718e-07 3.487e-07 6.31739e-07 1.14624e-06 2.08314e-06 3.79322e-06 6.92313e-06 1.26689e-05 2.32508e-05 4.28241e-05 7.92042e-05 0.000147148 0.000274865 0.00051674 0.000978536 0.00186804 0.00360151 0.00702423 0.0138689 0.027797 0.0567079 0.118005 0.251028 0.548614 1.23743 2.88325 6.99439 17.791 47.651 134.903 408.909 1342.45 4706.1 17976.1 76059.4 353639 1.79586e+06 9.8861e+06 -4.18033e+08 
dt_FE: 6.59995e-10
dt_EA: 6.59995e-10
dt_PE: 6.59995e-10
tolC: 1e-06
dt_grow: 1.03
dt_max: 0.1
steps: 0
