t
0.0016514020317395920224579
dt
0.0000536153486487967167193
DN
-0.0000000000000006533942383
TC
295.0000
N
9.99992363e-01
9.99999552e-01
9.99999132e-01
9.99998184e-01
9.99995950e-01
9.99990356e-01
9.99975237e-01
9.99928452e-01
9.99709157e-01
9.98375061e-01
9.92486307e-01
9.75415717e-01
9.39948927e-01
8.82132496e-01
8.03113037e-01
7.08375195e-01
6.05631384e-01
5.02667201e-01
4.05847867e-01
3.19464332e-01
2.46153215e-01
1.91950948e-01
1.80796071e-01
2.10178142e-01
1.49860677e-01
3.42737931e-02
2.11366478e-03
6.88100999e-05
2.86816837e-06
1.12204888e-07
3.64307312e-09
9.68524134e-11
2.08347306e-12
3.58149450e-14
4.85513253e-16
5.11841429e-18
4.13483454e-20
2.51994530e-22
1.13963074e-24
3.75829387e-27
eC
1.00638940e+00
3.07804198e+00
5.27088624e+00
7.59201189e+00
1.00489234e+01
1.26495642e+01
1.54023425e+01
1.83161584e+01
2.14004324e+01
2.46651365e+01
2.81208258e+01
3.17786729e+01
3.56505041e+01
3.97488374e+01
4.40869232e+01
4.86787870e+01
5.35392748e+01
5.86841012e+01
6.41298999e+01
6.98942779e+01
7.59958720e+01
8.24544093e+01
8.92907710e+01
9.65270599e+01
1.04186672e+02
1.12294371e+02
1.20876370e+02
1.29960417e+02
1.39575880e+02
1.49753848e+02
1.60527227e+02
1.71930848e+02
1.84001582e+02
1.96778453e+02
2.10302771e+02
2.24618262e+02
2.39771209e+02
2.55810604e+02
2.72788303e+02
2.90759198e+02
