t
0.0000000817670573043394560
dt
0.0000000074333697549399572
DN
0.0000000000000002177980794
TC
166.0000
N
2.75262165e-03
7.72888588e-03
1.20416170e-02
1.56241064e-02
1.84194991e-02
2.03887471e-02
2.15201936e-02
2.18398451e-02
2.14193524e-02
2.03771991e-02
1.88691894e-02
1.70683939e-02
1.51404309e-02
1.32227232e-02
1.14136616e-02
9.77212090e-03
8.32383246e-03
7.07033658e-03
5.99908694e-03
5.16590422e-03
6.61259481e-03
3.75848279e-02
2.37508887e-01
6.56935357e-01
6.21359690e-01
1.63547715e-01
9.68136723e-03
1.67984293e-04
2.17008975e-05
5.72592088e-06
1.40189268e-06
3.16260174e-07
6.54816206e-08
1.23824903e-08
2.12700968e-09
3.29997159e-10
4.59612806e-11
5.70988934e-12
6.28450919e-13
6.08429041e-14
eC
1.00638940e+00
3.07804198e+00
5.27088624e+00
7.59201189e+00
1.00489234e+01
1.26495642e+01
1.54023425e+01
1.83161584e+01
2.14004324e+01
2.46651365e+01
2.81208258e+01
3.17786729e+01
3.56505041e+01
3.97488374e+01
4.40869232e+01
4.86787870e+01
5.35392748e+01
5.86841012e+01
6.41298999e+01
6.98942779e+01
7.59958720e+01
8.24544093e+01
8.92907710e+01
9.65270599e+01
1.04186672e+02
1.12294371e+02
1.20876370e+02
1.29960417e+02
1.39575880e+02
1.49753848e+02
1.60527227e+02
1.71930848e+02
1.84001582e+02
1.96778453e+02
2.10302771e+02
2.24618262e+02
2.39771209e+02
2.55810604e+02
2.72788303e+02
2.90759198e+02
