t
0.0000007321670396659217687
dt
0.0000000665606408787201990
DN
0.0000000000000000000000000
TC
189.0000
N
2.47323937e-02
6.80433502e-02
1.04131429e-01
1.33073505e-01
1.54961186e-01
1.69934277e-01
1.78229470e-01
1.80244266e-01
1.76601743e-01
1.68187288e-01
1.56123608e-01
1.41669394e-01
1.26066194e-01
1.10388385e-01
9.54462801e-02
8.17597673e-02
6.95880872e-02
5.89880321e-02
4.98773067e-02
4.21525049e-02
3.74237300e-02
5.96425442e-02
2.32230831e-01
5.99890229e-01
5.62561151e-01
1.49701690e-01
1.02318599e-02
6.90065801e-04
1.75776752e-04
4.66336850e-05
1.14262642e-05
2.57979943e-06
5.34584821e-07
1.01171710e-07
1.73928348e-08
2.70057291e-09
3.76423862e-10
4.68000504e-11
5.15487334e-12
4.99436156e-13
eC
1.00638940e+00
3.07804198e+00
5.27088624e+00
7.59201189e+00
1.00489234e+01
1.26495642e+01
1.54023425e+01
1.83161584e+01
2.14004324e+01
2.46651365e+01
2.81208258e+01
3.17786729e+01
3.56505041e+01
3.97488374e+01
4.40869232e+01
4.86787870e+01
5.35392748e+01
5.86841012e+01
6.41298999e+01
6.98942779e+01
7.59958720e+01
8.24544093e+01
8.92907710e+01
9.65270599e+01
1.04186672e+02
1.12294371e+02
1.20876370e+02
1.29960417e+02
1.39575880e+02
1.49753848e+02
1.60527227e+02
1.71930848e+02
1.84001582e+02
1.96778453e+02
2.10302771e+02
2.24618262e+02
2.39771209e+02
2.55810604e+02
2.72788303e+02
2.90759198e+02
