t
0.0000000042599466680826580
dt
0.0000000003872687880075147
DN
-0.0000000000000004355961589
TC
135.0000
N
2.44111493e-05
5.55372791e-05
6.72519608e-05
6.55270300e-05
5.67972569e-05
4.60066739e-05
3.59207807e-05
2.75968707e-05
2.11466486e-05
1.62971797e-05
1.26891553e-05
1.00000750e-05
7.97809736e-06
6.43890283e-06
5.25145581e-06
4.32337562e-06
3.58956424e-06
3.03120058e-06
4.46543662e-06
8.90005327e-05
2.36046272e-03
3.45232594e-02
2.38220147e-01
6.64778632e-01
6.29411109e-01
1.65430508e-01
9.60072517e-03
9.47805573e-05
1.18326714e-07
1.50538789e-11
5.61177132e-14
1.47866579e-15
3.15963355e-17
5.39814628e-19
7.27685164e-21
7.63229957e-23
6.13697416e-25
3.72429950e-27
1.67779392e-29
5.51356838e-32
eC
1.00638940e+00
3.07804198e+00
5.27088624e+00
7.59201189e+00
1.00489234e+01
1.26495642e+01
1.54023425e+01
1.83161584e+01
2.14004324e+01
2.46651365e+01
2.81208258e+01
3.17786729e+01
3.56505041e+01
3.97488374e+01
4.40869232e+01
4.86787870e+01
5.35392748e+01
5.86841012e+01
6.41298999e+01
6.98942779e+01
7.59958720e+01
8.24544093e+01
8.92907710e+01
9.65270599e+01
1.04186672e+02
1.12294371e+02
1.20876370e+02
1.29960417e+02
1.39575880e+02
1.49753848e+02
1.60527227e+02
1.71930848e+02
1.84001582e+02
1.96778453e+02
2.10302771e+02
2.24618262e+02
2.39771209e+02
2.55810604e+02
2.72788303e+02
2.90759198e+02
