t
0.0001843692018211172552709
dt
0.0000022820799237323322415
DN
-0.0000000000000002177980794
TC
296.0000
N
9.99633256e-01
9.99851158e-01
9.99802316e-01
9.99732958e-01
9.99632850e-01
9.99485736e-01
9.99265375e-01
9.98928574e-01
9.98402745e-01
9.97563258e-01
9.96191395e-01
9.93894788e-01
9.89954717e-01
9.83031032e-01
9.70598384e-01
9.47923459e-01
9.06481511e-01
8.32629711e-01
7.10613676e-01
5.37761248e-01
3.45481638e-01
1.86111012e-01
8.61699385e-02
3.55965864e-02
1.34909096e-02
4.75798778e-03
1.56913891e-03
4.83855675e-04
1.39164739e-04
3.72021643e-05
9.20563455e-06
2.09917174e-06
4.39017691e-07
8.37839081e-08
1.45130463e-08
2.26889474e-09
3.18216173e-10
3.97854395e-11
4.40454042e-12
4.28707706e-13
eC
1.00638940e+00
3.07804198e+00
5.27088624e+00
7.59201189e+00
1.00489234e+01
1.26495642e+01
1.54023425e+01
1.83161584e+01
2.14004324e+01
2.46651365e+01
2.81208258e+01
3.17786729e+01
3.56505041e+01
3.97488374e+01
4.40869232e+01
4.86787870e+01
5.35392748e+01
5.86841012e+01
6.41298999e+01
6.98942779e+01
7.59958720e+01
8.24544093e+01
8.92907710e+01
9.65270599e+01
1.04186672e+02
1.12294371e+02
1.20876370e+02
1.29960417e+02
1.39575880e+02
1.49753848e+02
1.60527227e+02
1.71930848e+02
1.84001582e+02
1.96778453e+02
2.10302771e+02
2.24618262e+02
2.39771209e+02
2.55810604e+02
2.72788303e+02
2.90759198e+02
