t
0.0000802397918827963308082
dt
0.0000021155171198486629150
DN
-0.0000000000000008711923178
TC
731.0000
N
9.68916262e-01
9.99792588e-01
9.99786078e-01
9.99714030e-01
9.99608285e-01
9.99452296e-01
9.99218308e-01
9.98860361e-01
9.98301046e-01
9.97407197e-01
9.95944580e-01
9.93491802e-01
9.89274090e-01
9.81839188e-01
9.68428530e-01
9.43819263e-01
8.98643182e-01
8.18923900e-01
6.92189113e-01
5.23014463e-01
3.42855406e-01
1.92791542e-01
9.39347860e-02
4.04628394e-02
1.56148384e-02
5.52054465e-03
1.82348261e-03
5.63033316e-04
1.62083046e-04
4.33570599e-05
1.07340066e-05
2.44864845e-06
5.12267651e-07
9.77881452e-08
1.69423969e-08
2.64914369e-09
3.71600000e-10
4.64654047e-11
5.14458013e-12
5.00780496e-13
eC
1.00638940e+00
3.07804198e+00
5.27088624e+00
7.59201189e+00
1.00489234e+01
1.26495642e+01
1.54023425e+01
1.83161584e+01
2.14004324e+01
2.46651365e+01
2.81208258e+01
3.17786729e+01
3.56505041e+01
3.97488374e+01
4.40869232e+01
4.86787870e+01
5.35392748e+01
5.86841012e+01
6.41298999e+01
6.98942779e+01
7.59958720e+01
8.24544093e+01
8.92907710e+01
9.65270599e+01
1.04186672e+02
1.12294371e+02
1.20876370e+02
1.29960417e+02
1.39575880e+02
1.49753848e+02
1.60527227e+02
1.71930848e+02
1.84001582e+02
1.96778453e+02
2.10302771e+02
2.24618262e+02
2.39771209e+02
2.55810604e+02
2.72788303e+02
2.90759198e+02
