t
0.0000000301543886771291738
dt
0.0000000008782841362270642
DN
-0.0000000000000004355961589
TC
463.0000
N
1.01477629e-03
2.85382773e-03
4.45250319e-03
5.78410527e-03
6.82567959e-03
7.56112157e-03
7.98488749e-03
8.10592367e-03
7.95066227e-03
7.56337834e-03
7.00246609e-03
6.33275854e-03
5.61616701e-03
4.90390683e-03
4.23250425e-03
3.62369677e-03
3.08687800e-03
2.62249005e-03
2.22692567e-03
1.97184262e-03
3.93800481e-03
3.56595442e-02
2.37956830e-01
6.61870002e-01
6.26426161e-01
1.64732918e-01
9.63081551e-03
1.21984470e-04
8.13827206e-06
2.12761679e-06
5.20875954e-07
1.17499424e-07
2.43266285e-08
4.59983013e-09
7.90086689e-10
1.22570857e-10
1.70703007e-11
2.12055274e-12
2.33380935e-13
2.25931482e-14
eC
1.00638940e+00
3.07804198e+00
5.27088624e+00
7.59201189e+00
1.00489234e+01
1.26495642e+01
1.54023425e+01
1.83161584e+01
2.14004324e+01
2.46651365e+01
2.81208258e+01
3.17786729e+01
3.56505041e+01
3.97488374e+01
4.40869232e+01
4.86787870e+01
5.35392748e+01
5.86841012e+01
6.41298999e+01
6.98942779e+01
7.59958720e+01
8.24544093e+01
8.92907710e+01
9.65270599e+01
1.04186672e+02
1.12294371e+02
1.20876370e+02
1.29960417e+02
1.39575880e+02
1.49753848e+02
1.60527227e+02
1.71930848e+02
1.84001582e+02
1.96778453e+02
2.10302771e+02
2.24618262e+02
2.39771209e+02
2.55810604e+02
2.72788303e+02
2.90759198e+02
