t
0.0002625135963239456525151
dt
0.0000072000276690257438599
DN
-0.0000000061465079136701289
TC
777.0000
N
9.99864473e-01
9.99851314e-01
9.99802446e-01
9.99733113e-01
9.99633052e-01
9.99486012e-01
9.99265765e-01
9.98929140e-01
9.98403587e-01
9.97564551e-01
9.96193436e-01
9.93898112e-01
9.89960312e-01
9.83040770e-01
9.70615901e-01
9.47955903e-01
9.06542536e-01
8.32741769e-01
7.10790129e-01
5.37925148e-01
3.45493723e-01
1.86021084e-01
8.60964549e-02
3.55606975e-02
1.34765139e-02
4.75278577e-03
1.56740171e-03
4.83315950e-04
1.39008712e-04
3.71602982e-05
9.19524498e-06
2.09679720e-06
4.38520175e-07
8.36888185e-08
1.44965547e-08
2.26631391e-09
3.17853903e-10
3.97401140e-11
4.39951955e-12
4.28218764e-13
eC
1.00638940e+00
3.07804198e+00
5.27088624e+00
7.59201189e+00
1.00489234e+01
1.26495642e+01
1.54023425e+01
1.83161584e+01
2.14004324e+01
2.46651365e+01
2.81208258e+01
3.17786729e+01
3.56505041e+01
3.97488374e+01
4.40869232e+01
4.86787870e+01
5.35392748e+01
5.86841012e+01
6.41298999e+01
6.98942779e+01
7.59958720e+01
8.24544093e+01
8.92907710e+01
9.65270599e+01
1.04186672e+02
1.12294371e+02
1.20876370e+02
1.29960417e+02
1.39575880e+02
1.49753848e+02
1.60527227e+02
1.71930848e+02
1.84001582e+02
1.96778453e+02
2.10302771e+02
2.24618262e+02
2.39771209e+02
2.55810604e+02
2.72788303e+02
2.90759198e+02
