t
0.0000001770159971268100874
dt
0.0000000173995527908364899
DN
-0.0000000000000002177980794
TC
31.0000
N
5.96263502e-03
1.66938922e-02
2.59429415e-02
3.35879185e-02
3.95268503e-02
4.36931253e-02
4.60744747e-02
4.67338189e-02
4.58260574e-02
4.36015193e-02
4.03876314e-02
3.65484679e-02
3.24337970e-02
2.83354771e-02
2.44639724e-02
2.09464776e-02
1.78397178e-02
1.51485205e-02
1.28451478e-02
1.09574276e-02
1.14571168e-02
4.10682932e-02
2.36693766e-01
6.47990244e-01
6.12167843e-01
1.61394481e-01
9.77194290e-03
2.51073892e-04
4.62038452e-05
1.22277872e-05
2.99410037e-06
6.75534111e-07
1.39885955e-07
2.64554116e-08
4.54493243e-09
7.05211014e-10
9.82316290e-11
1.22049681e-11
1.34347466e-12
1.30081879e-13
eC
1.00638940e+00
3.07804198e+00
5.27088624e+00
7.59201189e+00
1.00489234e+01
1.26495642e+01
1.54023425e+01
1.83161584e+01
2.14004324e+01
2.46651365e+01
2.81208258e+01
3.17786729e+01
3.56505041e+01
3.97488374e+01
4.40869232e+01
4.86787870e+01
5.35392748e+01
5.86841012e+01
6.41298999e+01
6.98942779e+01
7.59958720e+01
8.24544093e+01
8.92907710e+01
9.65270599e+01
1.04186672e+02
1.12294371e+02
1.20876370e+02
1.29960417e+02
1.39575880e+02
1.49753848e+02
1.60527227e+02
1.71930848e+02
1.84001582e+02
1.96778453e+02
2.10302771e+02
2.24618262e+02
2.39771209e+02
2.55810604e+02
2.72788303e+02
2.90759198e+02
