t
0.0000040903913336982165110
dt
0.0000000690436173363672850
DN
-0.0000000000000004355961589
TC
140.0000
N
1.37458733e-01
3.38902725e-01
4.73676411e-01
5.62946287e-01
6.20224184e-01
6.54036534e-01
6.69646757e-01
6.70212487e-01
6.57627897e-01
6.33203374e-01
5.98233776e-01
5.54410184e-01
5.03986645e-01
4.49663239e-01
3.94257400e-01
3.40316703e-01
2.89820136e-01
2.44040977e-01
2.03562752e-01
1.68429818e-01
1.39314909e-01
1.29947279e-01
2.12332970e-01
4.09341738e-01
3.63310601e-01
1.01240551e-01
1.13208683e-02
2.19036771e-03
6.21005832e-04
1.65314785e-04
4.06436586e-05
9.20880119e-06
1.91487950e-06
3.63616122e-07
6.27127001e-08
9.76743617e-09
1.36545906e-09
1.70240150e-10
1.88012189e-11
1.82616849e-12
eC
1.00638940e+00
3.07804198e+00
5.27088624e+00
7.59201189e+00
1.00489234e+01
1.26495642e+01
1.54023425e+01
1.83161584e+01
2.14004324e+01
2.46651365e+01
2.81208258e+01
3.17786729e+01
3.56505041e+01
3.97488374e+01
4.40869232e+01
4.86787870e+01
5.35392748e+01
5.86841012e+01
6.41298999e+01
6.98942779e+01
7.59958720e+01
8.24544093e+01
8.92907710e+01
9.65270599e+01
1.04186672e+02
1.12294371e+02
1.20876370e+02
1.29960417e+02
1.39575880e+02
1.49753848e+02
1.60527227e+02
1.71930848e+02
1.84001582e+02
1.96778453e+02
2.10302771e+02
2.24618262e+02
2.39771209e+02
2.55810604e+02
2.72788303e+02
2.90759198e+02
