t: 6.45614e-10
dt: 2.54449e-10
N: 0.000382328 0.000441692 0.000510073 0.000588854 0.000679575 0.000783799 0.000903493 0.00104089 0.00119831 0.00137801 0.00158323 0.00181725 0.00208213 0.00238172 0.00272004 0.00309949 0.0035203 0.00398727 0.00450284 0.00505574 0.00564739 0.00627488 0.00691854 0.00754181 0.00813849 0.00868547 0.00905046 0.00922423 0.00917434 0.00884334 0.0237773 0.457555 0.397854 0.00388275 0.00100304 0.000362378 0.00010426 2.2888e-05 3.8263e-06 4.72623e-07 
eC: 1 1.15749 1.33977 1.55077 1.795 2.07768 2.40489 2.78363 3.22201 3.72944 4.31677 4.99661 5.78351 6.69433 7.7486 8.9689 10.3814 12.0163 13.9087 16.0991 18.6345 21.5692 24.9661 28.8979 33.4489 38.7167 44.814 51.8717 60.0407 69.4963 80.4411 93.1095 107.773 124.746 144.391 167.131 193.452 223.918 259.182 300 
dV: 1.08333 0.211322 0.327712 0.508206 0.788112 1.22218 1.89532 2.93921 4.55805 7.06849 10.9616 16.999 26.3615 40.8807 63.3966 98.3136 152.462 236.434 366.655 568.597 881.764 1367.42 2120.55 3288.49 5099.69 7908.45 12264.2 19019 29494.1 45738.6 70930.1 109996 170579 264529 410225 636165 986546 1.52991e+06 2.37254e+06 3.67926e+06 
kVec: 803506 933671 1.07771e+06 1.24428e+06 1.43677e+06 1.65866e+06 1.91439e+06 2.20902e+06 2.54815e+06 2.93708e+06 3.3838e+06 3.89663e+06 4.4817e+06 5.14979e+06 5.9123e+06 6.78033e+06 7.75887e+06 8.86699e+06 1.01215e+07 1.15117e+07 1.30617e+07 1.47887e+07 1.66974e+07 1.87468e+07 2.099e+07 2.34747e+07 2.60132e+07 2.87428e+07 3.17728e+07 3.51739e+07 3.89383e+07 4.37928e+07 5.1834e+07 6.58725e+07 8.97234e+07 1.2719e+08 1.80513e+08 2.46773e+08 3.26918e+08 4.16114e+08 
cMat: 
-209215 959.766 1127.78 1313.66 1531.4 1787.76 2089.78 2445.91 2867.49 3370.14 3968.76 4683.55 5548.45 6595.24 7865.21 9421.38 11355.9 13755.3 16748.5 20587.9 25501.5 31823.1 40115.1 51215.2 66022.6 85964.2 113842 152507 206535 283604 394938 555349 788375 1.1336e+06 1.63673e+06 2.36599e+06 3.40109e+06 4.86077e+06 6.95457e+06 9.98591e+06 
4881.04 -247083 1299.75 1513.99 1764.95 2060.42 2408.54 2819.01 3304.95 3884.35 4574.39 5398.38 6395.45 7602.27 9066.45 10860.7 13091.4 15858.3 19310.3 23738.7 29406.6 36699.6 46267 59076.5 76166.9 99186.9 131374 176025 238430 327467 456112 641498 910852 1.30995e+06 1.89167e+06 2.73492e+06 3.93189e+06 5.61981e+06 8.04099e+06 1.15463e+07 
3664.42 830.415 -284805 1743.32 2032.3 2372.56 2773.45 3246.17 3805.8 4473.1 5267.85 6216.91 7365.39 8755.55 10442.3 12509.4 15079.6 18267.9 22245.9 27349.9 33883.3 42291.2 53322.9 68096 87809.6 114369 151513 203053 275102 377924 526519 740701 1.05196e+06 1.51322e+06 2.18564e+06 3.16051e+06 4.5444e+06 6.49584e+06 9.29506e+06 1.33478e+07 
2723.13 617.109 1112.19 -328876 2338.5 2730.06 3191.4 3735.42 4379.49 5147.49 6062.22 7154.61 8476.61 10076.9 12018.8 14398.8 17358.2 21029.8 25611.4 31490.5 39017.4 48705.3 61418.9 78447.9 101177 131805 174653 234121 317276 435980 607571 854959 1.21456e+06 1.74755e+06 2.52468e+06 3.65154e+06 5.25127e+06 7.50703e+06 1.07428e+07 1.54275e+07 
2021.83 458.184 825.774 1489.39 -380288 3111.1 3669.57 4295.18 5035.87 5919.14 6971.19 8227.65 9748.32 11589.3 13823.3 16561.6 19967 24192.3 29465.6 36233.4 44899.6 56055.9 70699.6 90318.5 116511 151815 201220 269808 365746 502738 700823 986488 1.40184e+06 2.01758e+06 2.91555e+06 4.21785e+06 6.06679e+06 8.67387e+06 1.24136e+07 1.78281e+07 
1500.33 340.007 612.794 1105.27 1977.6 -440098 4213.66 4932.14 5782.82 6797.31 8005.73 9449.03 11196 13311 15877.9 19024.7 22938.5 27795.4 33857.8 41639.9 51607 64440.7 81290.5 103872 134027 174687 231607 310656 421267 579271 807816 1.13752e+06 1.61705e+06 2.32811e+06 3.36536e+06 4.86995e+06 7.0063e+06 1.00185e+07 1.43395e+07 2.05955e+07 
1112.3 252.074 454.318 819.443 1479.39 2672.41 -509664 5656.35 6632.14 7795.91 9182.24 10838.1 12842.6 15269.8 18215.7 21827.5 26320.7 31897.3 38859.2 47798.3 59249.7 73998.5 93368.4 119336 154025 200815 266343 357387 484835 666970 930525 1.31088e+06 1.8643e+06 2.68513e+06 3.88286e+06 5.62065e+06 8.08839e+06 1.15677e+07 1.65588e+07 2.3785e+07 
823.511 186.629 336.371 606.714 1095.36 1978.73 3578.03 -590558 7517.52 8930.31 10518.9 12416.5 14713.8 17495.8 20872.9 25014 30166.5 36562.6 44549.2 54806.6 67950.5 84883.9 107130 136965 176837 230639 306024 410812 557571 767406 1.07118e+06 1.50978e+06 2.14821e+06 3.09543e+06 4.47802e+06 6.4846e+06 9.33437e+06 1.33521e+07 1.91156e+07 2.74604e+07 
608.872 137.988 248.707 448.603 809.922 1463.14 2645.8 4740.99 -684786 10213.2 12030.6 14201.7 16830.6 20014.5 23880.1 28620.9 34520.9 41846.4 50995.7 62750 77816.6 97233.4 122752 156991 202769 264570 351211 471712 640570 882141 1.23205e+06 1.73751e+06 2.47362e+06 3.56618e+06 5.1615e+06 7.47756e+06 1.07673e+07 1.54051e+07 2.20582e+07 3.16911e+07 
449.725 101.923 183.707 331.367 598.276 1080.83 1954.54 3539.45 6418.54 -794120 13725.8 16204 19205.2 22840.6 27255.1 32670.3 39411.2 47783 58241.8 71683.5 88919.4 111141 140359 179583 232053 302930 402363 540746 734793 1.01259e+06 1.41523e+06 1.99723e+06 2.84531e+06 4.10462e+06 5.94425e+06 8.61602e+06 1.24117e+07 1.77623e+07 2.54382e+07 3.6552e+07 
331.489 75.1278 135.414 244.265 441.028 796.777 1440.93 2609.48 4732.35 8591.16 -921471 18451.9 21871.6 26014.8 31046.7 37220.8 44908.6 54459.1 66394.3 81739.8 101425 126816 160219 205089 265148 346330 460308 619051 841821 1.16099e+06 1.62393e+06 2.29358e+06 3.27004e+06 4.72069e+06 6.84096e+06 9.92166e+06 1.42992e+07 2.04695e+07 2.93214e+07 4.21383e+07 
243.708 55.2345 99.5603 179.595 324.276 585.872 1059.56 1918.94 3480.26 6318.56 11495.3 -1.07003e+06 24669.4 29567.9 35292.2 42317.6 51068.5 61943 75537.6 93025 115469 144432 182558 233806 302452 395308 525790 707675 963143 1.32949e+06 1.8613e+06 2.63119e+06 3.75468e+06 5.42473e+06 7.8671e+06 1.14176e+07 1.64638e+07 2.35759e+07 3.37793e+07 4.85531e+07 
178.891 40.5454 73.0856 131.843 238.063 430.132 777.948 1409.01 2555.61 4640.22 8442.77 15285.6 -1.24272e+06 33474.8 39962.5 47927.3 57852.2 70190.6 85621.7 105483 130988 163922 207306 265671 343916 449852 598873 806816 1.0992e+06 1.51893e+06 2.12888e+06 3.01274e+06 4.30379e+06 6.22423e+06 9.03481e+06 1.3123e+07 1.89351e+07 2.71257e+07 3.88768e+07 5.58918e+07 
130.932 29.6765 53.4956 96.5073 174.268 314.884 569.544 1031.62 1871.28 3398.02 6183.33 11280.9 20611.8 -1.44427e+06 45091.7 54091.6 65311.3 79265.6 96726.2 119215 148113 185454 234686 300982 389946 510522 680347 917605 1.25162e+06 1.73174e+06 2.43027e+06 3.44366e+06 4.92555e+06 7.13166e+06 1.0363e+07 1.50666e+07 2.17558e+07 3.11812e+07 4.47042e+07 6.4285e+07 
95.4488 21.6347 39.0008 70.3616 127.062 229.602 415.321 752.339 1364.81 2478.62 4510.89 8230.86 15041.6 27563.9 -1.67978e+06 60159.7 73480.1 89211.7 108907 134293 166939 209157 264871 339980 440881 577798 770912 1.04108e+06 1.42196e+06 1.97026e+06 2.76906e+06 3.92946e+06 5.62847e+06 8.16016e+06 1.1872e+07 1.72793e+07 2.49721e+07 3.581e+07 5.13602e+07 7.38766e+07 
69.3057 15.7096 28.3211 51.0969 92.2785 166.76 301.674 546.522 991.549 1800.98 3278.13 5982.49 10935 20043.2 36467 -1.95655e+06 82280.7 99937.9 122058 150594 187324 234868 297679 382464 496512 651484 870425 1.17722e+06 1.61046e+06 2.23519e+06 3.14684e+06 4.47319e+06 6.4181e+06 9.31937e+06 1.35778e+07 1.97873e+07 2.86253e+07 4.10743e+07 5.89369e+07 8.48019e+07 
50.1475 11.3675 20.4944 36.9783 66.7859 120.702 218.375 395.66 717.935 1304.21 2374.34 4333.97 7923.71 14527.7 26738.4 49393.5 -2.27918e+06 111184 135870 167748 208823 262052 332467 427663 555916 730485 977607 1.32457e+06 1.81554e+06 2.525e+06 3.56234e+06 5.07444e+06 7.29578e+06 1.06138e+07 1.54907e+07 2.26102e+07 3.2749e+07 4.70272e+07 6.75153e+07 9.71821e+07 
36.0564 8.17379 14.7373 26.5927 48.0325 86.8175 157.089 284.656 516.592 938.615 1709.11 3120.41 5706.55 10466 19269.7 35611.4 65997.7 -2.65916e+06 150388 185816 231518 290820 369387 475792 619403 815252 1.09314e+06 1.48419e+06 2.03882e+06 2.84225e+06 4.01967e+06 5.73974e+06 8.27196e+06 1.20603e+07 1.7637e+07 2.57892e+07 3.74061e+07 5.3762e+07 7.72323e+07 1.11217e+08 
25.723 5.8316 10.5151 18.9755 34.2772 61.962 112.129 203.215 368.855 670.319 1220.85 2229.54 4078.6 7482.96 13782.9 25483.5 47254.4 88114.4 -3.10938e+06 203408 255170 320887 408103 526459 686524 905289 1.21651e+06 1.6556e+06 2.28003e+06 3.18709e+06 4.51989e+06 6.47189e+06 9.35256e+06 1.36698e+07 2.00368e+07 2.93584e+07 4.26516e+07 6.13623e+07 8.82132e+07 1.27092e+08 
18.2497 4.13763 7.46132 13.466 24.3275 43.9819 79.6038 144.293 261.958 476.171 867.486 1584.71 2900.06 5322.99 9809.23 18146.7 33672.4 62836.6 117399 -3.63676e+06 278003 350077 445927 576321 753107 995376 1.34116e+06 1.83059e+06 2.52894e+06 3.54693e+06 5.04771e+06 7.25275e+06 1.05169e+07 1.54199e+07 2.2667e+07 3.32976e+07 4.84719e+07 6.98231e+07 1.00464e+08 1.4483e+08 
12.8216 2.9072 5.24301 9.46348 17.0988 30.9177 55.9683 101.471 184.258 335.024 610.534 1115.7 2042.64 3751.05 6916.3 12803.1 23775.5 44406.9 83533.5 157683 -4.26309e+06 378108 482507 624936 818598 1.08483e+06 1.46627e+06 2.00821e+06 2.78453e+06 3.9209e+06 5.60287e+06 8.08352e+06 1.17691e+07 1.73202e+07 2.55473e+07 3.76427e+07 5.49278e+07 7.92394e+07 1.14131e+08 1.64645e+08 
8.89415 2.01686 3.63772 6.56679 11.8666 21.4607 38.8565 70.4625 127.983 232.775 424.348 775.768 1420.96 2610.85 4816.98 8923.43 16585.3 31008 58394.1 110378 210184 -5.01009e+06 510991 671064 881424 1.17165e+06 1.58929e+06 2.18526e+06 3.04287e+06 4.30431e+06 6.18008e+06 8.95887e+06 1.31052e+07 1.93702e+07 2.86842e+07 4.2414e+07 6.20613e+07 8.96833e+07 1.29327e+08 1.86715e+08 
6.08887 1.38087 2.49093 4.49725 8.12815 14.7025 26.6261 48.2961 87.7475 159.651 291.159 532.521 975.942 1794.32 3312.87 6142.2 11427.5 21389.4 40332.4 76357.3 145665 277511 -5.91297e+06 710442 936133 1.24882e+06 1.70115e+06 2.34998e+06 3.28874e+06 4.67762e+06 6.75459e+06 9.84809e+06 1.44883e+07 2.15267e+07 3.20302e+07 4.75633e+07 6.98283e+07 1.01115e+08 1.46019e+08 2.1101e+08 
4.10964 0.932122 1.68168 3.03669 5.48942 9.93168 17.9909 32.6426 59.3274 107.987 197.03 360.551 661.197 1216.55 2248 4171.97 7771.05 14564.9 27505.7 52170.6 99738.5 192667 375581 -6.98824e+06 974367 1.30543e+06 1.78741e+06 2.48323e+06 3.49683e+06 5.00743e+06 7.28278e+06 1.06952e+07 1.58481e+07 2.37036e+07 3.54828e+07 5.29735e+07 7.80987e+07 1.13384e+08 1.64027e+08 2.37301e+08 
2.7148 0.615836 1.11124 2.00698 3.62875 6.56691 11.8992 21.5968 39.2666 71.5047 130.533 239.006 438.612 807.67 1493.85 2775.37 5176.41 9716.42 18380.4 34934.9 66948.3 129679 253603 499303 -8.2985e+06 1.34151e+06 1.84764e+06 2.58381e+06 3.66467e+06 5.28952e+06 7.75814e+06 1.1491e+07 1.71736e+07 2.58899e+07 3.90351e+07 5.86496e+07 8.69004e+07 1.26551e+08 1.83458e+08 2.65758e+08 
1.74723 0.396405 0.715412 1.29235 2.33718 4.23072 7.66842 13.9231 25.3249 46.1398 84.2767 154.409 283.585 522.672 967.715 1800.04 3362.14 6321.36 11980.5 22823.2 43854.6 85205.1 167225 330658 663098 -9.92782e+06 1.86903e+06 2.64346e+06 3.78028e+06 5.50656e+06 8.15608e+06 1.22017e+07 1.84199e+07 2.80287e+07 4.26192e+07 6.45171e+07 9.61579e+07 1.4054e+08 2.04236e+08 2.96298e+08 
1.09711 0.248951 0.449385 0.811971 1.46881 2.65964 4.82248 8.75944 15.9402 29.0583 53.111 97.3797 179.006 330.266 612.202 1140.32 2133.48 4018.96 7633.44 14581.1 28105.2 54801.4 108010 214669 433033 886204 -1.1896e+07 2.6085e+06 3.76903e+06 5.55459e+06 8.33263e+06 1.26305e+07 1.93232e+07 2.97732e+07 4.5789e+07 7.00169e+07 1.05179e+08 1.54474e+08 2.25212e+08 3.27346e+08 
0.664104 0.150722 0.272129 0.491816 0.889912 1.61194 2.92392 5.31327 9.67388 17.6458 32.2745 59.2226 108.969 201.274 373.569 696.868 1306.16 2465.61 4694.14 8992.81 17393.2 34047.8 67418.9 134760 273629 566355 1.17866e+06 -1.43545e+07 3.64359e+06 5.4438e+06 8.29178e+06 1.277e+07 1.98588e+07 3.10784e+07 4.84781e+07 7.50659e+07 1.13876e+08 1.68267e+08 2.46307e+08 3.58816e+08 
0.384347 0.087246 0.157559 0.284829 0.515531 0.934135 1.69513 3.08178 5.61401 10.247 18.7558 34.4451 63.4435 117.324 218.051 407.404 765.084 1447.43 2762.65 5309.16 10306.4 20260.6 40321 81096.2 165852 346117 727798 1.55709e+06 -1.74639e+07 5.11522e+06 8.01662e+06 1.25807e+07 1.99516e+07 3.18213e+07 5.0504e+07 7.94165e+07 1.21933e+08 1.81528e+08 2.67025e+08 3.90037e+08 
0.21145 0.0480083 0.0867198 0.156811 0.283911 0.514635 0.934287 1.69938 3.09749 5.65759 10.3636 19.0496 35.125 65.0372 121.048 226.546 426.315 808.435 1547.19 2983.36 5814.39 11482.5 22976.9 46527.1 95910.5 201997 429732 932073 2.04941e+06 -2.14876e+07 7.40403e+06 1.18922e+07 1.93297e+07 3.15917e+07 5.12783e+07 8.22682e+07 1.28308e+08 1.92908e+08 2.85586e+08 4.18545e+08 
0.107765 0.0244722 0.0442161 0.0799762 0.144844 0.262653 0.477041 0.868126 1.58326 2.89386 5.30522 9.7605 18.017 33.4031 62.2618 116.726 220.119 418.433 803.029 1553.82 3040.76 6033.66 12142.8 24765.2 51482.6 109496 235929 519576 1.17546e+06 2.7097e+06 -2.67311e+07 1.03666e+07 1.73889e+07 2.93689e+07 4.91611e+07 8.11059e+07 1.2931e+08 1.97165e+08 2.94553e+08 4.33657e+08 
0.0286857 0.00651551 0.011775 0.021304 0.0385955 0.0700132 0.127216 0.231624 0.422671 0.773089 1.4184 2.6119 4.82661 8.95989 16.7252 31.4096 59.3555 113.104 217.663 422.629 830.467 1655.74 3351.37 6884.66 14434.8 31009.1 67697.2 151476 349201 823887 1.96239e+06 -3.73726e+07 8.32959e+06 1.46465e+07 2.54853e+07 4.35819e+07 7.1515e+07 1.11099e+08 1.68002e+08 2.48829e+08 
0.0139277 0.00316409 0.00571958 0.010351 0.0187581 0.0340403 0.0618787 0.112718 0.205805 0.376686 0.69165 1.27476 2.3582 4.38315 8.19366 15.4135 29.1872 55.7498 107.58 209.6 413.537 828.382 1686.3 3489.16 7378.41 16010.5 35422.3 80566.1 189406 458013 1.12582e+06 2.84886e+06 -4.9436e+07 1.3759e+07 2.51487e+07 4.49806e+07 7.65668e+07 1.21854e+08 1.87188e+08 2.79397e+08 
0.00908671 0.00206468 0.00373306 0.00675755 0.0122495 0.0222367 0.040438 0.0736949 0.134625 0.246558 0.45304 0.83566 1.54744 2.87952 5.38994 10.1549 19.266 36.8799 71.3449 139.439 276.135 555.541 1136.82 2367.86 5046.95 11053.9 24764 57207.9 137067 339643 862747 2.2729e+06 6.24288e+06 -6.22364e+07 3.25672e+07 6.22195e+07 1.12261e+08 1.86027e+08 2.9364e+08 4.44407e+08 
0.00315425 0.00071683 0.00129633 0.00234715 0.00425582 0.00772807 0.0140588 0.0256316 0.0468458 0.0858454 0.157842 0.291366 0.540032 1.00598 1.8853 3.55708 6.76025 12.9668 25.1421 49.28 97.9233 197.788 406.677 852.183 1829.48 4041.03 9156.51 21454.4 52301.5 132543 347209 950844 2.74338e+06 7.82985e+06 -8.81234e+07 4.65337e+07 9.08655e+07 1.59873e+08 2.63339e+08 4.08121e+08 
0.000935949 0.000212734 0.000384783 0.000696836 0.00126379 0.00229554 0.00417739 0.00761892 0.0139308 0.0255416 0.0469905 0.0868 0.161011 0.30022 0.563254 1.06407 2.02543 3.89193 7.56182 14.8597 29.6172 60.0325 123.96 261.152 564.234 1255.69 2874.04 6819.23 16881.8 43649.2 117583 333770 1.0072e+06 3.07058e+06 9.55188e+06 -1.266e+08 6.48419e+07 1.25263e+08 2.19899e+08 3.5446e+08 
0.000230503 5.23979e-05 9.47881e-05 0.000171688 0.000311432 0.000565809 0.00102991 0.00187895 0.00343672 0.00630366 0.0116026 0.0214434 0.0398024 0.0742708 0.139461 0.263727 0.502609 0.967141 1.88213 3.70601 7.40413 15.0494 31.1789 65.9628 143.23 320.636 739.674 1772.33 4440.7 11663.2 32117.7 93833.3 293733 949168 3.19551e+06 1.1109e+07 -1.80338e+08 8.32685e+07 1.62591e+08 2.82354e+08 
4.57969e-05 1.04113e-05 1.88358e-05 3.41204e-05 6.18997e-05 0.000112475 0.000204765 0.000373637 0.000683552 0.0012541 0.00230899 0.00426878 0.00792673 0.0147981 0.0278019 0.0526074 0.100335 0.193238 0.376432 0.742141 1.48489 3.02329 6.27647 13.3131 28.9968 65.1478 151.021 364.068 919.06 2437.73 6807.88 20264.8 64986.2 218656 781605 2.98341e+06 1.15758e+07 -2.46733e+08 9.7875e+07 1.99332e+08 
7.15307e-06 1.62624e-06 2.94234e-06 5.33035e-06 9.67089e-06 1.75743e-05 3.19985e-05 5.83958e-05 0.000106849 0.00019607 0.000361072 0.000667696 0.00124021 0.00231608 0.004353 0.00824054 0.0157253 0.0303046 0.0590759 0.116571 0.233479 0.475937 0.989468 2.10249 4.58895 10.3353 24.0361 58.177 147.585 393.97 1110.29 3345.32 10898.2 37678.4 140546 571748 2.46752e+06 1.06847e+07 -3.26911e+08 1.1979e+08 
8.47648e-07 1.92719e-07 3.48702e-07 6.31743e-07 1.14625e-06 2.08315e-06 3.79324e-06 6.92317e-06 1.2669e-05 2.3251e-05 4.28243e-05 7.92046e-05 0.000147149 0.000274866 0.000516742 0.000978541 0.00186805 0.00360152 0.00702427 0.0138689 0.0277971 0.0567082 0.118005 0.251029 0.548616 1.23744 2.88327 6.99443 17.7911 47.6512 134.904 408.912 1342.46 4706.12 17976.2 76059.8 353641 1.79587e+06 9.88615e+06 -4.16113e+08 
dt_FE: 2.54449e-10
dt_EA: 2.54449e-10
dt_PE: 2.54449e-10
tolC: 1e-06
dt_grow: 1.03
dt_max: 0.1
steps: 0
