t: 1.91923e-09
dt: 2.89462e-10
N: 0.00114245 0.00131972 0.00152387 0.00175902 0.00202973 0.00234064 0.00269756 0.00310712 0.00357612 0.00411119 0.00472186 0.00541773 0.00620463 0.00709378 0.00809667 0.00921997 0.0104637 0.0118412 0.0133589 0.014982 0.0167135 0.018543 0.0204108 0.0222078 0.0239138 0.0254588 0.026458 0.0268848 0.0266446 0.0254498 0.0377222 0.440709 0.375461 0.00801296 0.00284048 0.00101886 0.000290864 6.36517e-05 1.06575e-05 1.32719e-06 
eC: 1 1.15749 1.33977 1.55077 1.795 2.07768 2.40489 2.78363 3.22201 3.72944 4.31677 4.99661 5.78351 6.69433 7.7486 8.9689 10.3814 12.0163 13.9087 16.0991 18.6345 21.5692 24.9661 28.8979 33.4489 38.7167 44.814 51.8717 60.0407 69.4963 80.4411 93.1095 107.773 124.746 144.391 167.131 193.452 223.918 259.182 300 
dV: 1.08333 0.211322 0.327712 0.508206 0.788112 1.22218 1.89532 2.93921 4.55805 7.06849 10.9616 16.999 26.3615 40.8807 63.3966 98.3136 152.462 236.434 366.655 568.597 881.764 1367.42 2120.55 3288.49 5099.69 7908.45 12264.2 19019 29494.1 45738.6 70930.1 109996 170579 264529 410225 636165 986546 1.52991e+06 2.37254e+06 3.67926e+06 
kVec: 808166 939020 1.08384e+06 1.2513e+06 1.44478e+06 1.66779e+06 1.92477e+06 2.22077e+06 2.56141e+06 2.95197e+06 3.40042e+06 3.91506e+06 4.50193e+06 5.17177e+06 5.93582e+06 6.80504e+06 7.78407e+06 8.89174e+06 1.01444e+07 1.15306e+07 1.30739e+07 1.47906e+07 1.66841e+07 1.87123e+07 2.09274e+07 2.33763e+07 2.58725e+07 2.85558e+07 3.15409e+07 3.49138e+07 3.869e+07 4.3629e+07 5.1822e+07 6.59769e+07 8.987e+07 1.27344e+08 1.80658e+08 2.469e+08 3.27032e+08 4.16215e+08 
cMat: 
-207045 959.036 1126.92 1312.67 1530.23 1786.4 2088.19 2444.05 2865.31 3367.58 3965.74 4679.99 5544.23 6590.23 7859.23 9414.22 11347.3 13744.8 16735.8 20572.2 25482.1 31798.9 40084.6 51176.3 65972.4 85898.8 113755 152391 206378 283389 394637 554926 787775 1.13274e+06 1.63549e+06 2.36419e+06 3.3985e+06 4.85708e+06 6.94928e+06 9.97831e+06 
4876.75 -244557 1298.61 1512.66 1763.4 2058.61 2406.42 2816.54 3302.05 3880.94 4570.37 5393.64 6389.83 7595.59 9058.49 10851.2 13079.9 15844.4 19293.4 23717.8 29380.7 36667.3 46226.3 59024.6 76099.9 99099.8 131259 175871 238221 327180 455711 640935 910052 1.3088e+06 1.89e+06 2.73252e+06 3.92843e+06 5.61487e+06 8.03393e+06 1.15362e+07 
3660.71 829.573 -281869 1741.55 2030.24 2370.16 2770.64 3242.87 3801.94 4468.56 5262.5 6210.6 7357.91 8746.67 10431.7 12496.7 15064.3 18249.3 22223.4 27322.1 33848.9 42248.3 53268.9 68026.9 87720.5 114253 151359 202847 274823 377541 525985 739950 1.05089e+06 1.51168e+06 2.18342e+06 3.15731e+06 4.53979e+06 6.48925e+06 9.28564e+06 1.33342e+07 
2719.95 616.386 1110.89 -325459 2335.76 2726.87 3187.67 3731.05 4374.36 5141.46 6055.12 7146.23 8466.69 10065.1 12004.7 14381.9 17337.9 21005.2 25581.4 31453.6 38971.7 48648.3 61347 78356 101058 131651 174448 233847 316905 435470 606859 853958 1.21314e+06 1.7455e+06 2.52172e+06 3.64726e+06 5.24512e+06 7.49824e+06 1.07302e+07 1.54095e+07 
2019.09 457.565 824.658 1487.38 -376308 3106.9 3664.62 4289.38 5029.07 5911.14 6961.77 8216.54 9735.15 11573.6 13804.6 16539.2 19940 24159.7 29425.8 36184.5 44838.9 55980.2 70604.1 90196.5 116353 151610 200948 269443 365251 502059 699876 985156 1.39994e+06 2.01485e+06 2.91161e+06 4.21215e+06 6.0586e+06 8.66215e+06 1.23969e+07 1.7804e+07 
1498 339.477 611.839 1103.54 1974.51 -435458 4207.1 4924.45 5773.81 6786.72 7993.26 9434.31 11178.5 13290.3 15853.2 18995 22902.8 27752.1 33805 41575 51526.5 64340.3 81163.9 103710 133819 174415 231246 310172 420611 578369 806558 1.13575e+06 1.61453e+06 2.32449e+06 3.36011e+06 4.86236e+06 6.99538e+06 1.00029e+07 1.43171e+07 2.05634e+07 
1110.3 251.621 453.502 817.971 1476.73 2667.61 -504251 5646.19 6620.23 7781.91 9165.76 10818.7 12819.6 15242.3 18183 21788.3 26273.4 31840 38789.5 47712.4 59143.3 73865.6 93200.7 119121 153749 200454 265865 356746 483965 665772 928854 1.30853e+06 1.86095e+06 2.68031e+06 3.87588e+06 5.61056e+06 8.07387e+06 1.15469e+07 1.6529e+07 2.37423e+07 
821.808 186.243 335.675 605.459 1093.09 1974.63 3570.63 -584234 7501.97 8911.84 10497.1 12390.8 14683.3 17459.6 20829.7 24962.2 30104.1 36487 44457 54693.2 67809.9 84708.3 106909 136682 176471 230162 305391 409963 556418 765818 1.06897e+06 1.50666e+06 2.14376e+06 3.08903e+06 4.46876e+06 6.47119e+06 9.31506e+06 1.33245e+07 1.90761e+07 2.74036e+07 
607.422 137.66 248.115 447.535 807.994 1459.65 2639.5 4729.71 -677389 10188.9 12001.9 14167.9 16790.5 19966.9 23823.2 28552.8 34438.7 41746.8 50874.3 62600.6 77631.3 97001.9 122460 156617 202286 263940 350375 470589 639045 880041 1.22911e+06 1.73337e+06 2.46773e+06 3.55769e+06 5.14922e+06 7.45976e+06 1.07417e+07 1.53684e+07 2.20057e+07 3.16157e+07 
448.494 101.644 183.204 330.46 596.639 1077.87 1949.19 3529.76 6400.97 -785459 13688.2 16159.7 19152.6 22778.1 27180.5 32580.9 39303.3 47652.2 58082.4 71487.3 88676.1 110837 139975 179091 231418 302101 401262 539266 732782 1.00982e+06 1.41136e+06 1.99176e+06 2.83753e+06 4.09338e+06 5.92798e+06 8.59244e+06 1.23777e+07 1.77137e+07 2.53686e+07 3.6452e+07 
330.446 74.8916 134.989 243.497 439.641 794.272 1436.4 2601.27 4717.47 8564.15 -911316 18393.9 21802.9 25933 30949.1 37103.8 44767.5 54287.9 66185.6 81482.9 101106 126417 159716 204444 264315 345241 458861 617105 839174 1.15734e+06 1.61883e+06 2.28637e+06 3.25976e+06 4.70585e+06 6.81946e+06 9.89048e+06 1.42542e+07 2.04051e+07 2.92293e+07 4.20058e+07 
242.829 55.0353 99.2012 178.948 323.106 583.758 1055.74 1912.02 3467.71 6295.77 11453.9 -1.0581e+06 24580.4 29461.2 35164.9 42165 50884.3 61719.6 75265.1 92689.5 115052 143911 181899 232963 301361 393882 523894 705122 959668 1.32469e+06 1.85459e+06 2.62169e+06 3.74114e+06 5.40516e+06 7.83872e+06 1.13764e+07 1.64044e+07 2.34908e+07 3.36574e+07 4.83779e+07 
178.152 40.3779 72.7836 131.298 237.08 428.355 774.734 1403.18 2545.05 4621.05 8407.89 15222.5 -1.2287e+06 33336.5 39797.4 47729.3 57613.2 69900.6 85268 105047 130447 163245 206450 264574 342495 447994 596399 803483 1.09465e+06 1.51266e+06 2.12008e+06 3.00029e+06 4.28601e+06 6.19852e+06 8.99748e+06 1.30688e+07 1.88569e+07 2.70137e+07 3.87162e+07 5.56609e+07 
130.314 29.5363 53.2429 96.0514 173.445 313.396 566.854 1026.75 1862.44 3381.97 6154.13 11227.6 20514.4 -1.42775e+06 44878.8 53836.1 65002.8 78891.2 96269.3 118651 147413 184578 233577 299561 388104 508110 677133 913271 1.24571e+06 1.72356e+06 2.41879e+06 3.42739e+06 4.90229e+06 7.09798e+06 1.03141e+07 1.49955e+07 2.1653e+07 3.10339e+07 4.4493e+07 6.39814e+07 
94.9342 21.5181 38.7906 69.9823 126.377 228.364 413.082 748.283 1357.45 2465.25 4486.57 8186.48 14960.5 27415.3 -1.6603e+06 59835.4 73083.9 88730.7 108320 133569 166039 208030 263443 338147 438504 574683 766756 1.03547e+06 1.4143e+06 1.95964e+06 2.75414e+06 3.90827e+06 5.59813e+06 8.11617e+06 1.1808e+07 1.71861e+07 2.48374e+07 3.56169e+07 5.10833e+07 7.34783e+07 
68.8802 15.6132 28.1472 50.7832 91.712 165.736 299.822 543.167 985.461 1789.92 3258 5945.76 10867.9 19920.2 36243.1 -1.93353e+06 81775.5 99324.3 121309 149670 186174 233426 295852 380116 493464 647484 865081 1.16999e+06 1.60057e+06 2.22147e+06 3.12752e+06 4.44573e+06 6.3787e+06 9.26215e+06 1.34944e+07 1.96658e+07 2.84495e+07 4.08222e+07 5.85751e+07 8.42813e+07 
49.7981 11.2883 20.3516 36.7207 66.3205 119.861 216.853 392.903 712.932 1295.12 2357.79 4303.77 7868.5 14426.5 26552.1 49049.4 -2.25198e+06 110409 134923 166580 207368 260227 330150 424683 552043 725395 970795 1.31534e+06 1.80289e+06 2.50741e+06 3.53752e+06 5.03908e+06 7.24495e+06 1.05399e+07 1.53827e+07 2.24526e+07 3.25208e+07 4.66996e+07 6.70449e+07 9.65049e+07 
35.7721 8.10934 14.6211 26.383 47.6538 86.1329 155.85 282.411 512.518 931.213 1695.63 3095.8 5661.55 10383.5 19117.7 35330.5 65477.3 -2.62697e+06 149202 184351 229693 288527 366474 472040 614519 808823 1.08452e+06 1.47248e+06 2.02274e+06 2.81984e+06 3.98797e+06 5.69448e+06 8.20674e+06 1.19652e+07 1.7498e+07 2.55859e+07 3.71112e+07 5.33381e+07 7.66233e+07 1.1034e+08 
25.4942 5.77973 10.4216 18.8067 33.9723 61.4108 111.132 201.407 365.573 664.356 1209.99 2209.7 4042.32 7416.39 13660.3 25256.8 46834 87330.5 -3.07124e+06 201599 252900 318033 404473 521776 680416 897236 1.20569e+06 1.64087e+06 2.25975e+06 3.15874e+06 4.47968e+06 6.41431e+06 9.26936e+06 1.35482e+07 1.98586e+07 2.90972e+07 4.22721e+07 6.08165e+07 8.74284e+07 1.25962e+08 
18.0676 4.09635 7.38688 13.3316 24.0848 43.5431 78.8096 142.854 259.345 471.421 858.831 1568.9 2871.13 5269.88 9711.37 17965.6 33336.5 62209.7 116228 -3.59167e+06 275230 346584 441478 570572 745593 985446 1.32778e+06 1.81233e+06 2.50371e+06 3.51154e+06 4.99735e+06 7.18039e+06 1.0412e+07 1.52661e+07 2.24409e+07 3.29654e+07 4.79883e+07 6.91265e+07 9.94621e+07 1.43385e+08 
12.6789 2.87484 5.18466 9.35816 16.9085 30.5736 55.3454 100.341 182.207 331.295 603.739 1103.29 2019.9 3709.31 6839.33 12660.7 23510.9 43912.7 82603.9 155928 -4.20984e+06 373900 477138 617982 809488 1.07276e+06 1.44995e+06 1.98586e+06 2.75354e+06 3.87727e+06 5.54052e+06 7.99356e+06 1.16382e+07 1.71275e+07 2.5263e+07 3.72238e+07 5.43165e+07 7.83575e+07 1.1286e+08 1.62813e+08 
8.78434 1.99196 3.59281 6.48572 11.7201 21.1957 38.3768 69.5926 126.403 229.901 419.109 766.191 1403.42 2578.62 4757.51 8813.27 16380.6 30625.2 57673.2 109015 207590 -4.94734e+06 504682 662780 870543 1.15718e+06 1.56967e+06 2.15828e+06 3.00531e+06 4.25117e+06 6.10378e+06 8.84827e+06 1.29435e+07 1.9131e+07 2.833e+07 4.18903e+07 6.12951e+07 8.85761e+07 1.2773e+08 1.8441e+08 
6.00615 1.36211 2.45709 4.43615 8.01772 14.5027 26.2644 47.64 86.5554 157.482 287.204 525.286 962.682 1769.94 3267.86 6058.75 11272.3 21098.8 39784.4 75319.9 143686 273741 -5.83927e+06 700790 923415 1.23185e+06 1.67804e+06 2.31805e+06 3.24406e+06 4.61406e+06 6.66282e+06 9.7143e+06 1.42915e+07 2.12342e+07 3.15951e+07 4.69171e+07 6.88796e+07 9.97411e+07 1.44035e+08 2.08144e+08 
4.04891 0.918347 1.65683 2.99182 5.4083 9.78492 17.725 32.1603 58.4507 106.391 194.118 355.223 651.426 1198.57 2214.78 4110.31 7656.21 14349.7 27099.3 51399.7 98264.6 189820 370031 -6.90248e+06 959969 1.28614e+06 1.761e+06 2.44654e+06 3.44515e+06 4.93344e+06 7.17516e+06 1.05371e+07 1.56139e+07 2.33533e+07 3.49585e+07 5.21907e+07 7.69446e+07 1.11708e+08 1.61603e+08 2.33795e+08 
2.67162 0.606041 1.09356 1.97506 3.57103 6.46247 11.7099 21.2533 38.6421 70.3675 128.457 235.204 431.636 794.824 1470.09 2731.23 5094.08 9561.89 18088.1 34379.3 65883.5 127616 249569 491362 -8.1997e+06 1.32017e+06 1.81825e+06 2.54271e+06 3.60639e+06 5.20539e+06 7.63474e+06 1.13082e+07 1.69004e+07 2.54781e+07 3.84142e+07 5.77168e+07 8.55183e+07 1.24538e+08 1.8054e+08 2.61532e+08 
1.71766 0.389698 0.703307 1.27048 2.29763 4.15914 7.53867 13.6875 24.8964 45.3591 82.8508 151.797 278.787 513.828 951.341 1769.58 3305.25 6214.4 11777.7 22437 43112.6 83763.4 164396 325063 651879 -9.81563e+06 1.8374e+06 2.59873e+06 3.71632e+06 5.41339e+06 8.01808e+06 1.19953e+07 1.81083e+07 2.75544e+07 4.1898e+07 6.34255e+07 9.45309e+07 1.38162e+08 2.0078e+08 2.91284e+08 
1.07784 0.244578 0.441491 0.797708 1.44301 2.61291 4.73776 8.60557 15.6602 28.5478 52.178 95.6691 175.861 324.464 601.448 1120.29 2096 3948.36 7499.35 14324.9 27611.5 53838.8 106112 210898 425427 870637 -1.17721e+07 2.56268e+06 3.70282e+06 5.45702e+06 8.18626e+06 1.24086e+07 1.89838e+07 2.92502e+07 4.49847e+07 6.87869e+07 1.03332e+08 1.51761e+08 2.21255e+08 3.21596e+08 
0.652267 0.148035 0.267278 0.48305 0.874049 1.58321 2.8718 5.21856 9.50144 17.3313 31.6992 58.167 107.027 197.686 366.91 684.446 1282.88 2421.66 4610.47 8832.51 17083.2 33440.9 66217.2 132358 268752 556259 1.15765e+06 -1.42232e+07 3.57865e+06 5.34676e+06 8.14398e+06 1.25424e+07 1.95048e+07 3.05244e+07 4.7614e+07 7.37279e+07 1.11846e+08 1.65268e+08 2.41916e+08 3.5242e+08 
0.37757 0.0857077 0.154781 0.279807 0.506441 0.917664 1.66524 3.02744 5.51503 10.0663 18.4251 33.8378 62.3249 115.255 214.207 400.221 751.594 1421.91 2713.94 5215.55 10124.6 19903.4 39610.1 79666.3 162927 340015 714965 1.52963e+06 -1.73355e+07 5.02503e+06 7.87527e+06 1.23589e+07 1.95998e+07 3.12602e+07 4.96135e+07 7.80162e+07 1.19783e+08 1.78328e+08 2.62317e+08 3.8316e+08 
0.207908 0.047204 0.0852668 0.154184 0.279154 0.506012 0.918634 1.67091 3.04559 5.5628 10.1899 18.7305 34.5365 63.9475 119.02 222.75 419.173 794.89 1521.27 2933.37 5716.97 11290.1 22591.9 45747.6 94303.5 198613 422532 916456 2.01507e+06 -2.13801e+07 7.27998e+06 1.1693e+07 1.90059e+07 3.10624e+07 5.04192e+07 8.08898e+07 1.26158e+08 1.89676e+08 2.80801e+08 4.11532e+08 
0.106226 0.0241226 0.0435845 0.0788338 0.142775 0.258901 0.470226 0.855725 1.56064 2.85252 5.22944 9.62108 17.7596 32.9259 61.3724 115.059 216.975 412.456 791.558 1531.62 2997.32 5947.47 11969.3 24411.4 50747.2 107932 232559 512154 1.15867e+06 2.67099e+06 -2.66697e+07 1.02185e+07 1.71405e+07 2.89494e+07 4.84588e+07 7.99473e+07 1.27463e+08 1.94349e+08 2.90345e+08 4.27462e+08 
0.0295765 0.00671784 0.0121407 0.0219655 0.039794 0.0721874 0.131167 0.238817 0.435797 0.797096 1.46245 2.69301 4.9765 9.23813 17.2446 32.385 61.1987 116.617 224.422 435.753 856.257 1707.15 3455.44 7098.45 14883.1 31972.1 69799.5 156180 360045 849472 2.02333e+06 -3.71709e+07 8.58825e+06 1.51013e+07 2.62767e+07 4.49353e+07 7.37358e+07 1.14549e+08 1.73219e+08 2.56556e+08 
0.0144457 0.00328176 0.00593229 0.0107359 0.0194557 0.0353062 0.0641799 0.11691 0.213459 0.390694 0.717372 1.32216 2.4459 4.54615 8.49837 15.9867 30.2727 57.8231 111.581 217.395 428.917 859.189 1749.02 3618.92 7652.8 16605.9 36739.6 83562.3 196450 475046 1.16769e+06 2.95481e+06 -4.92007e+07 1.42707e+07 2.6084e+07 4.66534e+07 7.94143e+07 1.26385e+08 1.9415e+08 2.89787e+08 
0.00904903 0.00205612 0.00371758 0.00672953 0.0121987 0.0221445 0.0402703 0.0733893 0.134066 0.245536 0.451162 0.832195 1.54102 2.86758 5.36759 10.1128 19.1861 36.727 71.0491 138.861 274.99 553.238 1132.11 2358.04 5026.03 11008.1 24661.3 56970.7 136499 338235 859170 2.26347e+06 6.217e+06 -6.23656e+07 3.24321e+07 6.19615e+07 1.11796e+08 1.85256e+08 2.92422e+08 4.42564e+08 
0.00314845 0.000715512 0.00129394 0.00234283 0.004248 0.00771386 0.0140329 0.0255844 0.0467597 0.0856875 0.157551 0.290831 0.539039 1.00413 1.88183 3.55053 6.74781 12.9429 25.0959 49.1894 97.7432 197.424 405.929 850.615 1826.12 4033.6 9139.67 21414.9 52205.3 132299 346571 949096 2.73834e+06 7.81545e+06 -8.82503e+07 4.64481e+07 9.06983e+07 1.59579e+08 2.62855e+08 4.0737e+08 
0.000935335 0.000212595 0.00038453 0.000696379 0.00126296 0.00229404 0.00417465 0.00761392 0.0139217 0.0255248 0.0469597 0.086743 0.160905 0.300023 0.562884 1.06337 2.0241 3.88938 7.55685 14.8499 29.5977 59.9931 123.879 260.981 563.864 1254.87 2872.15 6814.75 16870.7 43620.5 117505 333551 1.00654e+06 3.06857e+06 9.54561e+06 -1.2673e+08 6.47993e+07 1.25181e+08 2.19754e+08 3.54227e+08 
0.00023046 5.23881e-05 9.47704e-05 0.000171656 0.000311374 0.000565703 0.00102972 0.0018786 0.00343607 0.00630248 0.0116005 0.0214394 0.039795 0.0742569 0.139435 0.263678 0.502515 0.96696 1.88178 3.70532 7.40275 15.0466 31.1731 65.9505 143.204 320.577 739.536 1772 4439.87 11661 32111.7 93815.8 293678 948991 3.19491e+06 1.11069e+07 -1.80469e+08 8.32529e+07 1.62561e+08 2.82301e+08 
4.5795e-05 1.04109e-05 1.8835e-05 3.4119e-05 6.18971e-05 0.00011247 0.000204757 0.000373622 0.000683524 0.00125405 0.0023089 0.00426861 0.00792641 0.0147975 0.0278007 0.0526052 0.100331 0.19323 0.376417 0.742111 1.48483 3.02317 6.27622 13.3125 28.9956 65.1452 151.015 364.053 919.023 2437.63 6807.6 20264 64983.6 218647 781573 2.98329e+06 1.15753e+07 -2.46855e+08 9.7871e+07 1.99324e+08 
7.15302e-06 1.62623e-06 2.94232e-06 5.33031e-06 9.67082e-06 1.75741e-05 3.19983e-05 5.83954e-05 0.000106848 0.000196068 0.000361069 0.000667692 0.0012402 0.00231607 0.00435297 0.00824049 0.0157252 0.0303044 0.0590755 0.116571 0.233477 0.475934 0.989462 2.10247 4.58892 10.3352 24.0359 58.1766 147.584 393.968 1110.28 3345.29 10898.1 37678.1 140545 571745 2.4675e+06 1.06847e+07 -3.27023e+08 1.1979e+08 
8.47647e-07 1.92719e-07 3.48701e-07 6.31742e-07 1.14625e-06 2.08315e-06 3.79324e-06 6.92316e-06 1.2669e-05 2.32509e-05 4.28243e-05 7.92046e-05 0.000147149 0.000274866 0.000516742 0.00097854 0.00186804 0.00360152 0.00702426 0.0138689 0.0277971 0.0567082 0.118005 0.251029 0.548616 1.23744 2.88326 6.99442 17.7911 47.6512 134.904 408.911 1342.46 4706.12 17976.2 76059.7 353640 1.79587e+06 9.88614e+06 -4.16214e+08 
dt_FE: 2.89462e-10
dt_EA: 2.89462e-10
dt_PE: 2.89462e-10
tolC: 1e-06
dt_grow: 1.03
dt_max: 0.1
steps: 0
