t: 9.13489e-09
dt: 4.68323e-10
N: 0.00559156 0.00645575 0.00744984 0.00859336 0.00990784 0.0114148 0.0131412 0.0151174 0.0173744 0.0199409 0.0228593 0.0261708 0.0298966 0.0340823 0.0387724 0.0439851 0.0497032 0.0559711 0.0627923 0.0699773 0.0775077 0.0852977 0.0930376 0.100206 0.106676 0.112093 0.114845 0.114825 0.111641 0.104066 0.101615 0.36296 0.277015 0.0252512 0.0102802 0.00356257 0.000985791 0.000213744 3.60138e-05 4.5739e-06 
eC: 1 1.15749 1.33977 1.55077 1.795 2.07768 2.40489 2.78363 3.22201 3.72944 4.31677 4.99661 5.78351 6.69433 7.7486 8.9689 10.3814 12.0163 13.9087 16.0991 18.6345 21.5692 24.9661 28.8979 33.4489 38.7167 44.814 51.8717 60.0407 69.4963 80.4411 93.1095 107.773 124.746 144.391 167.131 193.452 223.918 259.182 300 
dV: 1.08333 0.211322 0.327712 0.508206 0.788112 1.22218 1.89532 2.93921 4.55805 7.06849 10.9616 16.999 26.3615 40.8807 63.3966 98.3136 152.462 236.434 366.655 568.597 881.764 1367.42 2120.55 3288.49 5099.69 7908.45 12264.2 19019 29494.1 45738.6 70930.1 109996 170579 264529 410225 636165 986546 1.52991e+06 2.37254e+06 3.67926e+06 
kVec: 833292 967867 1.11691e+06 1.28914e+06 1.48802e+06 1.71708e+06 1.98078e+06 2.28425e+06 2.63307e+06 3.03245e+06 3.49032e+06 4.01485e+06 4.61162e+06 5.291e+06 6.06372e+06 6.93969e+06 7.92198e+06 9.02802e+06 1.02719e+07 1.16383e+07 1.31472e+07 1.48107e+07 1.66262e+07 1.85452e+07 2.06155e+07 2.28801e+07 2.51581e+07 2.76021e+07 3.03542e+07 3.3573e+07 3.73838e+07 4.26974e+07 5.15763e+07 6.62752e+07 9.03942e+07 1.27943e+08 1.81254e+08 2.4745e+08 3.27535e+08 4.16674e+08 
cMat: 
-195604 954.764 1121.9 1306.82 1523.42 1778.44 2078.89 2433.16 2852.55 3352.58 3948.07 4659.15 5519.53 6560.87 7824.22 9372.28 11296.7 13683.6 16661.2 20480.6 25368.6 31657.3 39906 50948.3 65678.5 85516.2 113248 151712 205458 282127 392880 552455 784266 1.1277e+06 1.6282e+06 2.35366e+06 3.38336e+06 4.83544e+06 6.91832e+06 9.93387e+06 
4851.67 -231237 1291.93 1504.88 1754.33 2048.03 2394.04 2802.05 3285.07 3860.98 4546.87 5365.9 6356.97 7556.53 9011.9 10795.4 13012.7 15762.9 19194.1 23595.8 29229.6 36478.8 45988.6 58721.1 75708.6 98590.2 130584 174966 236996 325497 453368 637639 905371 1.30207e+06 1.88028e+06 2.71847e+06 3.90823e+06 5.58599e+06 7.99261e+06 1.14769e+07 
3638.98 824.65 -266384 1731.21 2018.19 2356.09 2754.19 3223.63 3779.38 4442.04 5231.27 6173.74 7314.25 8694.76 10369.8 12422.6 14974.9 18141 22091.5 27160 33648 41997.5 52952.7 67623.2 87199.9 113575 150461 201643 273192 375300 522863 735559 1.04465e+06 1.50271e+06 2.17046e+06 3.13857e+06 4.51284e+06 6.45074e+06 9.23053e+06 1.32551e+07 
2701.32 612.166 1103.28 -307443 2319.77 2708.2 3165.84 3705.5 4344.41 5106.26 6013.66 7097.3 8408.72 9996.22 11922.5 14283.4 17219.2 20861.4 25406.3 31238.3 38704.9 48315.2 60927 77819.6 100366 130750 173254 232246 314735 432488 602704 848112 1.20483e+06 1.73355e+06 2.50446e+06 3.62229e+06 5.20921e+06 7.4469e+06 1.06568e+07 1.5304e+07 
2003.15 453.953 818.148 1475.63 -355326 3082.37 3635.69 4255.52 4989.37 5864.48 6906.82 8151.67 9658.3 11482.2 13695.6 16408.6 19782.6 23968.9 29193.5 35898.8 44485 55538.2 70046.7 89484.5 115435 150413 199361 267316 362368 498096 694351 977379 1.38889e+06 1.99894e+06 2.88862e+06 4.1789e+06 6.01077e+06 8.59377e+06 1.2299e+07 1.76635e+07 
1484.37 336.39 606.274 1093.51 1956.56 -411004 4168.83 4879.66 5721.3 6724.99 7920.56 9348.5 11076.9 13169.4 15709 18822.2 22694.5 27499.7 33497.6 41196.9 51057.9 63755.1 80425.6 102767 132602 172829 229142 307351 416785 573108 799222 1.12542e+06 1.59985e+06 2.30335e+06 3.32955e+06 4.81814e+06 6.93175e+06 9.91192e+06 1.41869e+07 2.03763e+07 
1098.68 248.986 448.753 809.405 1461.27 2639.67 -475723 5587.07 6550.91 7700.42 9069.77 10705.4 12685.3 15082.7 17992.6 21560.2 25998.3 31506.6 38383.3 47212.8 58524 73092.1 92224.7 117874 152138 198355 263081 353010 478897 658800 919127 1.29483e+06 1.84146e+06 2.65225e+06 3.8353e+06 5.55181e+06 7.98932e+06 1.1426e+07 1.6356e+07 2.34937e+07 
811.907 183.999 331.631 598.165 1079.92 1950.84 3527.61 -550914 7411.59 8804.47 10370.6 12241.5 14506.4 17249.2 20578.8 24661.5 29741.4 36047.4 43921.4 54034.3 66993 83687.8 105621 135035 174345 227389 301712 405024 549714 756592 1.05609e+06 1.48851e+06 2.11794e+06 3.05181e+06 4.41492e+06 6.39322e+06 9.20283e+06 1.31639e+07 1.88463e+07 2.70734e+07 
599.011 135.754 244.679 441.338 796.805 1439.44 2602.95 4664.21 -638423 10047.8 11835.7 13971.7 16558 19690.4 23493.3 28157.4 33961.8 41168.7 50169.8 61733.7 76556.3 95658.6 120764 154449 199485 260285 345523 464072 630196 867854 1.21209e+06 1.70937e+06 2.43356e+06 3.50843e+06 5.07791e+06 7.35646e+06 1.05929e+07 1.51556e+07 2.1701e+07 3.11779e+07 
441.365 100.028 180.292 325.208 587.155 1060.74 1918.21 3473.66 6299.23 -739856 13470.6 15902.8 18848.2 22416.1 26748.5 32063 38678.6 46894.7 57159.2 70351 87266.6 109075 137750 176244 227740 297299 394884 530694 721134 993768 1.38892e+06 1.96011e+06 2.79242e+06 4.02832e+06 5.83376e+06 8.45586e+06 1.2181e+07 1.74322e+07 2.49654e+07 3.58726e+07 
324.425 73.5268 132.529 239.06 431.63 779.798 1410.22 2553.87 4631.5 8408.08 -857864 18058.7 21405.5 25460.4 30385.1 36427.6 43951.6 53298.6 64979.5 79998 99264 124114 156805 200718 259498 338950 450499 605859 823882 1.13625e+06 1.58933e+06 2.2447e+06 3.20035e+06 4.6201e+06 6.69518e+06 9.71024e+06 1.39945e+07 2.00333e+07 2.86966e+07 4.12403e+07 
237.762 53.8869 97.1313 175.214 316.364 571.578 1033.71 1872.12 3395.35 6164.4 11214.9 -995346 24067.5 28846.5 34431.1 41285.2 49822.5 60431.7 73694.6 90755.4 112652 140908 178104 228102 295072 385663 512962 690409 939644 1.29705e+06 1.81589e+06 2.56699e+06 3.66308e+06 5.29238e+06 7.67516e+06 1.1139e+07 1.60621e+07 2.30007e+07 3.29551e+07 4.73685e+07 
173.905 39.4153 71.0485 128.168 231.428 418.143 756.265 1369.73 2484.37 4510.88 8207.45 14859.6 -1.15496e+06 32541.7 38848.6 46591.5 56239.7 68234.2 83235.2 102543 127337 159353 201528 258266 334330 437314 582181 784328 1.06856e+06 1.4766e+06 2.06954e+06 2.92877e+06 4.18383e+06 6.05074e+06 8.78299e+06 1.27573e+07 1.84073e+07 2.63697e+07 3.77932e+07 5.43339e+07 
126.772 28.7335 51.7957 93.4406 168.73 304.878 551.446 998.841 1811.81 3290.05 5986.85 10922.4 19956.8 -1.341e+06 43658.9 52372.7 63235.9 76746.8 93652.6 115426 143406 179561 227229 291418 377555 494299 658728 888447 1.21185e+06 1.67671e+06 2.35304e+06 3.33423e+06 4.76904e+06 6.90504e+06 1.00337e+07 1.45879e+07 2.10645e+07 3.01904e+07 4.32837e+07 6.22423e+07 
91.9983 20.8526 37.5909 67.818 122.469 221.302 400.307 725.141 1315.47 2389.01 4347.82 7933.3 14497.8 26567.5 -1.55808e+06 57984.9 70823.7 85986.6 104970 129438 160904 201596 255296 327689 424943 556910 743043 1.00344e+06 1.37056e+06 1.89903e+06 2.66896e+06 3.7874e+06 5.425e+06 7.86517e+06 1.14428e+07 1.66546e+07 2.40693e+07 3.45154e+07 4.95034e+07 7.12059e+07 
66.4633 15.0653 27.1595 49.0013 88.4939 159.921 289.301 524.108 950.883 1727.12 3143.68 5737.13 10486.5 19221.2 34971.4 -1.81291e+06 78906.1 95839.2 117052 144418 179641 225236 285471 366778 476149 624765 834727 1.12894e+06 1.54441e+06 2.14352e+06 3.01777e+06 4.28973e+06 6.15488e+06 8.93716e+06 1.30209e+07 1.89757e+07 2.74513e+07 3.93898e+07 5.65198e+07 8.1324e+07 
47.8233 10.8407 19.5445 35.2645 63.6906 115.108 208.254 377.323 684.661 1243.77 2264.3 4133.1 7556.48 13854.4 25499.2 47104.3 -2.10967e+06 106031 129573 159974 199145 249907 317059 407843 530152 696630 932299 1.26318e+06 1.73139e+06 2.40798e+06 3.39724e+06 4.83926e+06 6.95765e+06 1.01219e+07 1.47727e+07 2.15623e+07 3.12312e+07 4.48477e+07 6.43863e+07 9.26781e+07 
34.1746 7.74718 13.9682 25.2048 45.5256 82.2863 148.89 269.799 489.63 889.626 1619.91 2957.55 5408.71 9919.76 18263.9 33752.7 62553.2 -2.45889e+06 142539 176118 219435 275642 350108 450959 587075 772702 1.03609e+06 1.40673e+06 1.93241e+06 2.69391e+06 3.80987e+06 5.44017e+06 7.84023e+06 1.14308e+07 1.67165e+07 2.44432e+07 3.54538e+07 5.09561e+07 7.32014e+07 1.05412e+08 
24.2169 5.49015 9.89943 17.8645 32.2702 58.3339 105.564 191.316 347.257 631.07 1149.37 2098.99 3839.79 7044.81 12975.9 23991.3 44487.5 82955 -2.87256e+06 191498 240229 302098 384207 495633 646326 852282 1.14528e+06 1.55866e+06 2.14653e+06 3.00048e+06 4.25524e+06 6.09294e+06 8.80493e+06 1.28694e+07 1.88636e+07 2.76393e+07 4.01542e+07 5.77694e+07 8.3048e+07 1.19651e+08 
17.0589 3.86765 6.97446 12.5873 22.7401 41.112 74.4095 134.878 244.865 445.101 810.881 1481.3 2710.83 4975.66 9169.17 16962.6 31475.3 58736.5 109739 -3.35739e+06 259863 327234 416830 538716 703965 930427 1.25365e+06 1.71114e+06 2.36392e+06 3.31549e+06 4.71834e+06 6.7795e+06 9.83064e+06 1.44137e+07 2.1188e+07 3.11249e+07 4.5309e+07 6.5267e+07 9.39089e+07 1.3538e+08 
11.895 2.6971 4.86411 8.77957 15.8631 28.6833 51.9236 94.1375 170.942 310.812 566.411 1035.07 1895.02 3479.97 6416.47 11877.9 22057.3 41197.7 77496.7 146287 -3.93401e+06 350783 447637 579773 759439 1.00643e+06 1.36031e+06 1.86308e+06 2.5833e+06 3.63755e+06 5.19796e+06 7.49934e+06 1.09186e+07 1.60685e+07 2.3701e+07 3.49223e+07 5.09582e+07 7.35129e+07 1.05883e+08 1.52747e+08 
8.18687 1.85648 3.34844 6.04459 10.923 19.7541 35.7665 64.8591 117.806 214.264 390.603 714.078 1307.96 2403.23 4433.92 8213.82 15266.4 28542.2 53750.5 101601 193470 -4.62354e+06 470356 617700 811332 1.07847e+06 1.46291e+06 2.01149e+06 2.8009e+06 3.96202e+06 5.68863e+06 8.24645e+06 1.20631e+07 1.78298e+07 2.64032e+07 3.90411e+07 5.7126e+07 8.25515e+07 1.19043e+08 1.71867e+08 
5.56085 1.26113 2.27492 4.10726 7.42328 13.4275 24.3171 44.1079 80.1382 145.806 265.91 486.341 891.309 1638.72 3025.58 5609.55 10436.5 19534.5 36834.8 69735.7 133033 253446 -5.46041e+06 648833 854953 1.14052e+06 1.55363e+06 2.14619e+06 3.00355e+06 4.27198e+06 6.16884e+06 8.99408e+06 1.32319e+07 1.96599e+07 2.92526e+07 4.34386e+07 6.37728e+07 9.23463e+07 1.33356e+08 1.92712e+08 
3.72593 0.845091 1.52467 2.75316 4.97688 9.00438 16.3111 29.5948 53.7881 97.9041 178.634 326.887 599.462 1102.96 2038.11 3782.44 7045.48 13205 24937.6 47299.6 90426.1 174678 340513 -6.46345e+06 883393 1.18354e+06 1.62052e+06 2.25138e+06 3.17034e+06 4.5399e+06 6.6028e+06 9.69657e+06 1.43684e+07 2.14905e+07 3.21699e+07 4.80275e+07 7.08068e+07 1.02798e+08 1.48712e+08 2.15145e+08 
2.4451 0.554655 1.00084 1.80759 3.26825 5.91452 10.717 19.4513 35.3656 64.401 117.565 215.261 395.037 727.432 1345.44 2499.65 4662.16 8751.14 16554.4 31464.3 60297.3 116796 228408 449700 -7.69607e+06 1.20823e+06 1.66409e+06 2.32712e+06 3.3006e+06 4.76403e+06 6.9874e+06 1.03494e+07 1.54675e+07 2.33178e+07 3.51571e+07 5.28231e+07 7.82672e+07 1.13979e+08 1.65232e+08 2.39356e+08 
1.56497 0.355055 0.640786 1.15754 2.09338 3.7894 6.86851 12.4707 22.6832 41.3268 75.4856 138.302 254.003 468.15 866.769 1612.27 3011.43 5661.96 10730.7 20442.4 39280 76317.1 149781 296166 593929 -9.24594e+06 1.67406e+06 2.36771e+06 3.38595e+06 4.93216e+06 7.3053e+06 1.09289e+07 1.64985e+07 2.51049e+07 3.81734e+07 5.77872e+07 8.61274e+07 1.2588e+08 1.82931e+08 2.6539e+08 
0.979984 0.222373 0.401408 0.725285 1.312 2.37569 4.30763 7.82428 14.2384 25.956 47.4408 86.9834 159.895 295.006 546.843 1018.58 1905.7 3589.89 6818.49 13024.4 25104.7 48950.8 96478.6 191751 386803 791592 -1.11449e+07 2.33002e+06 3.36665e+06 4.96158e+06 7.44303e+06 1.12821e+07 1.72602e+07 2.65946e+07 4.09006e+07 6.25418e+07 9.39504e+07 1.37983e+08 2.01168e+08 2.92398e+08 
0.593321 0.134657 0.243124 0.439397 0.795062 1.44013 2.61228 4.74696 8.6428 15.7651 28.8346 52.9104 97.3549 179.821 333.753 622.593 1166.95 2202.81 4193.82 8034.32 15539.4 30418.9 60233.1 120397 244464 505990 1.05303e+06 -1.3558e+07 3.25524e+06 4.86357e+06 7.40801e+06 1.14089e+07 1.77421e+07 2.77659e+07 4.33111e+07 6.70651e+07 1.01739e+08 1.50333e+08 2.20054e+08 3.20572e+08 
0.3446 0.0782234 0.141265 0.255373 0.462217 0.837531 1.51983 2.76308 5.03344 9.18731 16.8162 30.8829 56.8825 105.191 195.501 365.272 685.962 1297.74 2476.95 4760.11 9240.53 18165.4 36151.2 72709.6 148700 310323 652532 1.39606e+06 -1.66786e+07 4.58622e+06 7.18758e+06 1.12797e+07 1.78883e+07 2.85305e+07 4.52811e+07 7.12036e+07 1.09324e+08 1.62755e+08 2.3941e+08 3.49701e+08 
0.191136 0.0433961 0.0783884 0.141746 0.256635 0.465193 0.844528 1.53612 2.79991 5.11405 9.36794 17.2195 31.7504 58.7889 109.419 204.781 385.358 730.767 1398.55 2696.74 5255.79 10379.4 20769.4 42057.2 86696.2 182591 388447 842527 1.85252e+06 -2.08122e+07 6.69271e+06 1.07497e+07 1.74727e+07 2.85567e+07 4.63519e+07 7.43645e+07 1.15981e+08 1.74375e+08 2.58149e+08 3.78334e+08 
0.0991725 0.022521 0.0406906 0.0735994 0.133295 0.241711 0.439004 0.798907 1.45702 2.66312 4.88221 8.98226 16.5804 30.7397 57.2974 107.419 202.568 385.07 739.001 1429.93 2798.31 5552.58 11174.6 22790.6 47377.7 100766 217117 478148 1.08174e+06 2.49365e+06 -2.63002e+07 9.54001e+06 1.60024e+07 2.70272e+07 4.52413e+07 7.4639e+07 1.19e+08 1.81445e+08 2.71067e+08 3.9908e+08 
0.033688 0.00765171 0.0138284 0.025019 0.0453259 0.0822225 0.149401 0.272016 0.496378 0.907903 1.66575 3.06738 5.6683 10.5224 19.6418 36.887 69.7062 132.828 255.62 496.329 975.288 1944.47 3935.79 8085.23 16952 36416.6 79502.5 177891 410096 967560 2.3046e+06 -3.61501e+07 9.78214e+06 1.72006e+07 2.99296e+07 5.11819e+07 8.39861e+07 1.30473e+08 1.97299e+08 2.92221e+08 
0.0167228 0.00379906 0.00686739 0.0124282 0.0225225 0.0408716 0.0742966 0.135339 0.247107 0.45228 0.830451 1.53058 2.83144 5.26276 9.83797 18.5066 35.0446 66.9378 129.17 251.663 496.527 994.623 2024.71 4189.37 8859.12 19223.5 42530.9 96734.2 227417 549928 1.35176e+06 3.42058e+06 -4.80729e+07 1.65202e+07 3.01956e+07 5.40074e+07 9.19323e+07 1.46307e+08 2.24753e+08 3.35466e+08 
0.00889178 0.00202039 0.00365297 0.00661259 0.0119868 0.0217597 0.0395705 0.072114 0.131737 0.241269 0.443322 0.817734 1.51424 2.81774 5.27431 9.9371 18.8527 36.0887 69.8144 136.448 270.211 543.624 1112.44 2317.06 4938.69 10816.8 24232.8 55980.7 134127 332357 844240 2.22414e+06 6.10896e+06 -6.28381e+07 3.18686e+07 6.08848e+07 1.09853e+08 1.82037e+08 2.8734e+08 4.34873e+08 
0.00312496 0.000710174 0.00128429 0.00232535 0.0042163 0.00765631 0.0139282 0.0253936 0.0464108 0.0850482 0.156376 0.288661 0.535017 0.996637 1.86779 3.52404 6.69747 12.8464 24.9086 48.8224 97.014 195.951 402.9 844.269 1812.49 4003.5 9071.48 21255.2 51815.8 131312 343985 942014 2.71791e+06 7.75714e+06 -8.87296e+07 4.61016e+07 9.00217e+07 1.58389e+08 2.60894e+08 4.04331e+08 
0.000932953 0.000212053 0.000383551 0.000694606 0.00125975 0.0022882 0.00416402 0.00759453 0.0138862 0.0254598 0.0468401 0.0865222 0.160496 0.299259 0.561451 1.06067 2.01895 3.87947 7.53761 14.8121 29.5223 59.8404 123.563 260.316 562.428 1251.67 2864.84 6797.4 16827.8 43509.5 117206 332701 1.00398e+06 3.06075e+06 9.5213e+06 -1.27247e+08 6.46343e+07 1.24862e+08 2.19195e+08 3.53325e+08 
0.0002303 5.23517e-05 9.47045e-05 0.000171536 0.000311158 0.00056531 0.001029 0.00187729 0.00343369 0.0062981 0.0115924 0.0214245 0.0397673 0.0742053 0.139338 0.263494 0.502166 0.966288 1.88047 3.70274 7.39761 15.0361 31.1514 65.9046 143.104 320.354 739.022 1770.77 4436.79 11652.9 32089.4 93750.6 293474 948332 3.19269e+06 1.10992e+07 -1.81012e+08 8.31951e+07 1.62448e+08 2.82105e+08 
4.57881e-05 1.04093e-05 1.88322e-05 3.41139e-05 6.18879e-05 0.000112453 0.000204726 0.000373566 0.000683421 0.00125386 0.00230855 0.00426797 0.00792522 0.0147953 0.0277966 0.0525973 0.100316 0.193201 0.37636 0.742 1.48461 3.02271 6.27527 13.3105 28.9913 65.1354 150.992 363.999 918.885 2437.26 6806.58 20260.9 64973.8 218614 781456 2.98284e+06 1.15736e+07 -2.47384e+08 9.78563e+07 1.99294e+08 
7.15284e-06 1.62619e-06 2.94225e-06 5.33017e-06 9.67058e-06 1.75737e-05 3.19975e-05 5.83939e-05 0.000106845 0.000196064 0.00036106 0.000667675 0.00124017 0.00231601 0.00435286 0.00824028 0.0157248 0.0303036 0.059074 0.116568 0.233471 0.475922 0.989437 2.10242 4.5888 10.335 24.0353 58.1752 147.581 393.958 1110.25 3345.21 10897.8 37677.1 140542 571730 2.46744e+06 1.06844e+07 -3.27521e+08 1.19787e+08 
8.47644e-07 1.92719e-07 3.487e-07 6.3174e-07 1.14624e-06 2.08314e-06 3.79322e-06 6.92314e-06 1.26689e-05 2.32509e-05 4.28241e-05 7.92043e-05 0.000147148 0.000274865 0.00051674 0.000978537 0.00186804 0.00360151 0.00702424 0.0138689 0.027797 0.056708 0.118005 0.251028 0.548614 1.23744 2.88325 6.9944 17.791 47.651 134.904 408.91 1342.45 4706.1 17976.1 76059.5 353639 1.79586e+06 9.88611e+06 -4.16672e+08 
dt_FE: 4.68323e-10
dt_EA: 4.68323e-10
dt_PE: 4.68323e-10
tolC: 1e-06
dt_grow: 1.03
dt_max: 0.1
steps: 0
