t
0.0000419550438400763655374
dt
0.0000005750000000000000004
DN
-0.0000000000000006533942383
TC
721.0000
N
8.25872482e-01
9.92599986e-01
9.99220399e-01
9.99529373e-01
9.99426751e-01
9.99219076e-01
9.98896074e-01
9.98396481e-01
9.97609631e-01
9.96340300e-01
9.94235218e-01
9.90632922e-01
9.84255290e-01
9.72617134e-01
9.51129555e-01
9.12411001e-01
8.47262233e-01
7.48820924e-01
6.18819113e-01
4.70984570e-01
3.26924631e-01
2.06734192e-01
1.21770858e-01
6.83223471e-02
3.16368955e-02
1.09253096e-02
3.48265862e-03
1.07798065e-03
3.11381249e-04
8.34620252e-05
2.06926449e-05
4.72575486e-06
9.89553518e-07
1.89040535e-07
3.27727973e-08
5.12706439e-09
7.19493434e-10
8.99992197e-11
9.96763420e-12
9.70513972e-13
eC
1.00638940e+00
3.07804198e+00
5.27088624e+00
7.59201189e+00
1.00489234e+01
1.26495642e+01
1.54023425e+01
1.83161584e+01
2.14004324e+01
2.46651365e+01
2.81208258e+01
3.17786729e+01
3.56505041e+01
3.97488374e+01
4.40869232e+01
4.86787870e+01
5.35392748e+01
5.86841012e+01
6.41298999e+01
6.98942779e+01
7.59958720e+01
8.24544093e+01
8.92907710e+01
9.65270599e+01
1.04186672e+02
1.12294371e+02
1.20876370e+02
1.29960417e+02
1.39575880e+02
1.49753848e+02
1.60527227e+02
1.71930848e+02
1.84001582e+02
1.96778453e+02
2.10302771e+02
2.24618262e+02
2.39771209e+02
2.55810604e+02
2.72788303e+02
2.90759198e+02
