t
0.0000000107163476196928392
dt
0.0000000003121276005735781
DN
0.0000000000000002177980794
TC
428.0000
N
5.80895156e-03
1.71628471e-02
2.83287753e-02
3.92378698e-02
4.98155673e-02
5.99816438e-02
6.96503103e-02
7.87304245e-02
8.71258599e-02
9.47360887e-02
1.01457051e-01
1.07182410e-01
1.11805318e-01
1.15220861e-01
1.17329372e-01
1.18040847e-01
1.17280690e-01
1.14997018e-01
1.11170834e-01
1.05879529e-01
1.00598038e-01
1.13207903e-01
2.29636967e-01
4.65450166e-01
4.10542824e-01
1.28852568e-01
3.44737796e-02
2.04686032e-02
1.34901572e-02
8.58223615e-03
5.24862644e-03
3.08133621e-03
1.73535264e-03
9.37403910e-04
4.85702924e-04
2.41355386e-04
1.14953486e-04
5.24122970e-05
2.28338364e-05
9.48215820e-06
eC
1.00638940e+00
3.07804198e+00
5.27088624e+00
7.59201189e+00
1.00489234e+01
1.26495642e+01
1.54023425e+01
1.83161584e+01
2.14004324e+01
2.46651365e+01
2.81208258e+01
3.17786729e+01
3.56505041e+01
3.97488374e+01
4.40869232e+01
4.86787870e+01
5.35392748e+01
5.86841012e+01
6.41298999e+01
6.98942779e+01
7.59958720e+01
8.24544093e+01
8.92907710e+01
9.65270599e+01
1.04186672e+02
1.12294371e+02
1.20876370e+02
1.29960417e+02
1.39575880e+02
1.49753848e+02
1.60527227e+02
1.71930848e+02
1.84001582e+02
1.96778453e+02
2.10302771e+02
2.24618262e+02
2.39771209e+02
2.55810604e+02
2.72788303e+02
2.90759198e+02
