t
0.0000020690973198789977815
dt
0.0000000306068514985614813
DN
-0.0000000022043313128547507
TC
857.0000
N
7.78664207e-01
9.21455644e-01
9.18684077e-01
9.10070354e-01
8.99811411e-01
8.87811293e-01
8.73755454e-01
8.57261653e-01
8.37885163e-01
8.15121039e-01
7.88414500e-01
7.57185652e-01
7.20875675e-01
6.79021740e-01
6.31365053e-01
5.77988035e-01
5.19461007e-01
4.56957783e-01
3.92282333e-01
3.27751706e-01
2.65918164e-01
2.09180795e-01
1.59399395e-01
1.17636198e-01
8.40983984e-02
5.82689346e-02
3.91479818e-02
2.55127040e-02
1.61290811e-02
9.88901435e-03
5.87648675e-03
3.38134047e-03
1.88156429e-03
1.01098394e-03
5.23598829e-04
2.60871649e-04
1.24765051e-04
5.71460570e-05
2.50048769e-05
1.04245059e-05
eC
1.00638940e+00
3.07804198e+00
5.27088624e+00
7.59201189e+00
1.00489234e+01
1.26495642e+01
1.54023425e+01
1.83161584e+01
2.14004324e+01
2.46651365e+01
2.81208258e+01
3.17786729e+01
3.56505041e+01
3.97488374e+01
4.40869232e+01
4.86787870e+01
5.35392748e+01
5.86841012e+01
6.41298999e+01
6.98942779e+01
7.59958720e+01
8.24544093e+01
8.92907710e+01
9.65270599e+01
1.04186672e+02
1.12294371e+02
1.20876370e+02
1.29960417e+02
1.39575880e+02
1.49753848e+02
1.60527227e+02
1.71930848e+02
1.84001582e+02
1.96778453e+02
2.10302771e+02
2.24618262e+02
2.39771209e+02
2.55810604e+02
2.72788303e+02
2.90759198e+02
