t
0.0000000004953903621085890
dt
0.0000000000144298163720948
DN
0.0000000000000000000000000
TC
324.0000
N
2.60312605e-04
7.75599633e-04
1.29137166e-03
1.80479157e-03
2.31264051e-03
2.81129475e-03
3.29670610e-03
3.76438784e-03
4.20940922e-03
4.62640181e-03
5.00958244e-03
5.35279840e-03
5.64960245e-03
5.89336639e-03
6.07744414e-03
6.19539617e-03
6.24128823e-03
6.21010175e-03
6.09997454e-03
5.98885934e-03
7.94155158e-03
3.90950258e-02
2.37834510e-01
6.53195495e-01
6.16407514e-01
1.63213970e-01
1.11526040e-02
1.38219032e-03
8.63803083e-04
5.57955456e-04
3.46715798e-04
2.06545652e-04
1.17658982e-04
6.39928541e-05
3.32096915e-05
1.64448541e-05
7.77190600e-06
3.50556757e-06
1.50821850e-06
6.18090350e-07
eC
1.00638940e+00
3.07804198e+00
5.27088624e+00
7.59201189e+00
1.00489234e+01
1.26495642e+01
1.54023425e+01
1.83161584e+01
2.14004324e+01
2.46651365e+01
2.81208258e+01
3.17786729e+01
3.56505041e+01
3.97488374e+01
4.40869232e+01
4.86787870e+01
5.35392748e+01
5.86841012e+01
6.41298999e+01
6.98942779e+01
7.59958720e+01
8.24544093e+01
8.92907710e+01
9.65270599e+01
1.04186672e+02
1.12294371e+02
1.20876370e+02
1.29960417e+02
1.39575880e+02
1.49753848e+02
1.60527227e+02
1.71930848e+02
1.84001582e+02
1.96778453e+02
2.10302771e+02
2.24618262e+02
2.39771209e+02
2.55810604e+02
2.72788303e+02
2.90759198e+02
