t: 4.65547e-08
dt: 2.39426e-09
N: 0.0315699 0.0363512 0.0418188 0.0480662 0.0551921 0.0632869 0.0724643 0.0828453 0.0945372 0.107618 0.122222 0.138447 0.156252 0.175695 0.196787 0.21936 0.243041 0.26772 0.29304 0.317822 0.341638 0.363757 0.382699 0.396437 0.404336 0.404927 0.393913 0.371044 0.335381 0.285527 0.224815 0.197636 0.109337 0.041755 0.0162216 0.00525402 0.0014042 0.000303377 5.14074e-05 6.58277e-06 
eC: 1 1.15749 1.33977 1.55077 1.795 2.07768 2.40489 2.78363 3.22201 3.72944 4.31677 4.99661 5.78351 6.69433 7.7486 8.9689 10.3814 12.0163 13.9087 16.0991 18.6345 21.5692 24.9661 28.8979 33.4489 38.7167 44.814 51.8717 60.0407 69.4963 80.4411 93.1095 107.773 124.746 144.391 167.131 193.452 223.918 259.182 300 
dV: 1.08333 0.211322 0.327712 0.508206 0.788112 1.22218 1.89532 2.93921 4.55805 7.06849 10.9616 16.999 26.3615 40.8807 63.3966 98.3136 152.462 236.434 366.655 568.597 881.764 1367.42 2120.55 3288.49 5099.69 7908.45 12264.2 19019 29494.1 45738.6 70930.1 109996 170579 264529 410225 636165 986546 1.52991e+06 2.37254e+06 3.67926e+06 
kVec: 925641 1.07389e+06 1.23844e+06 1.42824e+06 1.64695e+06 1.8982e+06 2.18665e+06 2.51755e+06 2.89647e+06 3.32828e+06 3.82082e+06 4.38174e+06 5.01501e+06 5.72976e+06 6.53474e+06 7.43628e+06 8.43182e+06 9.53404e+06 1.07496e+07 1.2049e+07 1.34419e+07 1.49259e+07 1.64804e+07 1.80361e+07 1.96318e+07 2.13014e+07 2.28813e+07 2.45687e+07 2.65868e+07 2.92805e+07 3.30343e+07 3.90647e+07 4.93388e+07 6.5326e+07 9.02634e+07 1.28361e+08 1.82025e+08 2.48385e+08 3.28535e+08 4.17665e+08 
cMat: 
-152492 929.821 1092.59 1272.68 1483.62 1731.98 2024.58 2369.6 2778.03 3265 3844.93 4537.43 5375.34 6389.47 7619.82 9127.44 11001.6 13326.1 16226 19945.6 24705.8 30830.2 38863.5 49617.3 63962.7 83282.1 110290 147748 200091 274756 382616 538022 763778 1.09824e+06 1.58567e+06 2.29217e+06 3.29497e+06 4.70912e+06 6.73759e+06 9.67435e+06 
4705.68 -181015 1253.06 1459.6 1701.54 1986.4 2322.01 2717.74 3186.22 3744.81 4410.05 5204.44 6165.69 7329.15 8740.74 10470.5 12621.1 15288.6 18616.6 22885.8 28350.1 35381.1 44604.8 56954.2 73430.5 95623.6 126655 169702 229865 315703 439726 618452 878129 1.26289e+06 1.82371e+06 2.63667e+06 3.79063e+06 5.41791e+06 7.75211e+06 1.11315e+07 
3512.97 796.095 -208038 1671.27 1948.31 2274.51 2658.82 3112 3648.51 4288.23 5050.13 5959.97 7060.98 8393.69 10010.7 11992.4 14456.4 17512.9 21326.5 26219.5 32482.9 40543.3 51119.1 65281.6 84180.5 109642 145251 194661 263732 362304 504758 710088 1.00848e+06 1.45068e+06 2.09531e+06 3.02989e+06 4.35658e+06 6.22737e+06 8.9109e+06 1.27961e+07 
2593.77 587.793 1059.36 -239598 2227.41 2600.37 3039.79 3557.97 4171.44 4902.96 5774.23 6814.73 8073.93 9598.22 11447.8 13714.7 16533.6 20030.8 24394.7 29994.5 37163.8 46391.5 58501.2 74721.2 96370.4 125544 166356 222999 302204 415269 578708 814344 1.15686e+06 1.66453e+06 2.40474e+06 3.47807e+06 5.00181e+06 7.15041e+06 1.02325e+07 1.46947e+07 
1911.54 433.19 780.728 1408.14 -276362 2941.39 3469.4 4060.88 4761.17 5596.25 6590.92 7778.84 9216.55 10957.1 13069.2 15658.1 18877.8 22872.7 27858.3 34256.9 42450.3 52998.1 66843 85391.7 110155 143534 190243 255090 345794 475314 662593 932676 1.32537e+06 1.90752e+06 2.75651e+06 3.98777e+06 5.73585e+06 8.20072e+06 1.17365e+07 1.68556e+07 
1406.48 318.739 574.462 1036.13 1853.89 -319045 3950.09 4623.62 5421.09 6372.12 7504.96 8857.97 10495.6 12478.4 14884.7 17834.6 21503.7 26056.8 31739.9 39035.3 48378.8 60409.8 76205.6 97374.3 125644 163760 217119 291224 394916 543037 757286 1.06637e+06 1.5159e+06 2.18249e+06 3.15485e+06 4.56532e+06 6.56804e+06 9.39183e+06 1.34425e+07 1.93072e+07 
1032.63 234.019 421.777 760.749 1373.43 2480.99 -368544 5251.21 6157.11 7237.53 8524.56 10061.9 11922.8 14176 16911 20264.1 24435.5 29612.6 36075.9 44374.7 55005.9 68698.3 86680.8 110788 142993 186431 247266 331789 450109 619198 863876 1.21699e+06 1.73076e+06 2.49281e+06 3.60474e+06 5.21807e+06 7.50906e+06 1.07392e+07 1.53727e+07 2.20814e+07 
756.074 171.346 308.825 557.031 1005.66 1816.69 3285.03 -425877 6901.92 8199.01 9657.47 11399.7 13508.9 16063.1 19163.6 22965.6 27696.2 33568.5 40901.1 50318.5 62386 77932.8 98357.4 125749 162356 211752 280964 377171 511912 704563 983464 1.38615e+06 1.97229e+06 2.84195e+06 4.11132e+06 5.95358e+06 8.56998e+06 1.22587e+07 1.75503e+07 2.52116e+07 
551.972 125.093 225.465 406.681 734.234 1326.41 2398.54 4297.94 -492411 9258.76 10906.3 12874.6 15257.8 18144.2 21648.5 25946.3 31294.9 37935.8 46230.1 56885.9 70544.5 88146.8 111281 142320 183820 239846 318390 427630 580708 799704 1.11691e+06 1.57514e+06 2.24246e+06 3.23292e+06 4.67916e+06 6.77878e+06 9.76111e+06 1.39655e+07 1.99969e+07 2.87295e+07 
401.88 91.0794 164.163 296.114 534.628 965.843 1746.6 3162.9 5735.69 -569276 12265.5 14480.1 17162 20410.7 24355.5 29194.6 35218.4 42699.5 52045.6 64057.3 79459.6 99316.8 125427 160477 207366 270702 359557 483218 656621 904865 1.26467e+06 1.78475e+06 2.54261e+06 3.66794e+06 5.31186e+06 7.69939e+06 1.10913e+07 1.58726e+07 2.27319e+07 3.26634e+07 
291.435 66.0501 119.052 214.75 387.738 700.502 1266.82 2294.17 4160.54 7553.09 -658378 16222.4 19228.9 22871.4 27295.3 32723.4 39482.3 47878.8 58371.9 71863.2 89170.1 111493 140860 180308 233110 304483 404689 544251 740103 1.02071e+06 1.42771e+06 2.01644e+06 2.87492e+06 4.15029e+06 6.01437e+06 8.72283e+06 1.25714e+07 1.79961e+07 2.57785e+07 3.70467e+07 
210.349 47.6741 85.9326 155.013 279.889 505.678 914.533 1656.28 3003.89 5453.68 9921.87 -761803 21292.7 25520.6 30461.4 36525.2 44078.3 53464.3 65198.1 80291.9 99663.6 124662 157570 201803 261052 341199 453821 610809 831309 1.14751e+06 1.60653e+06 2.27103e+06 3.24075e+06 4.6822e+06 6.79026e+06 9.85475e+06 1.42102e+07 2.03488e+07 2.91556e+07 4.19072e+07 
151.254 34.2815 61.7945 111.474 201.285 363.68 657.762 1191.33 2160.79 3923.34 7138.44 12924.1 -881519 28303.2 33788.6 40523 48914.6 59346.8 72393.9 89186.7 110752 138598 175279 224627 290784 380354 506353 682170 929379 1.28427e+06 1.79999e+06 2.5473e+06 3.63889e+06 5.26264e+06 7.63901e+06 1.10956e+07 1.60098e+07 2.29351e+07 3.28707e+07 4.7257e+07 
108.186 24.5209 44.2019 79.7413 143.993 260.18 470.598 852.401 1546.18 2807.69 5109.12 9321.07 17031 -1.02067e+06 37258.1 44694.4 53964.9 65495 79922.2 98503.7 122381 153236 193915 248693 322202 421830 562152 758192 1.03418e+06 1.43089e+06 2.00806e+06 2.8454e+06 4.06985e+06 5.8927e+06 8.56268e+06 1.24491e+07 1.79762e+07 2.57641e+07 3.69378e+07 5.3117e+07 
76.8748 17.4247 31.4114 56.6695 102.336 184.922 334.501 605.936 1099.22 1996.29 3633.09 6629.16 12114.6 22200.1 -1.18265e+06 48452.9 59181.1 71851.4 87714.2 108160 134453 168456 213328 273821 355087 465361 620896 838490 1.14525e+06 1.58685e+06 2.23021e+06 3.1648e+06 4.53319e+06 6.57223e+06 9.56172e+06 1.39168e+07 2.01126e+07 2.88415e+07 4.13657e+07 5.95005e+07 
54.271 12.3017 22.1773 40.0124 72.2603 130.585 236.231 427.964 776.45 1410.29 2567 4684.69 8562.86 15695.2 28556.1 -1.37271e+06 64431.3 78258.1 95579.9 117926 146687 183918 233103 299495 388802 510156 681602 921842 1.2611e+06 1.75031e+06 2.46418e+06 3.50281e+06 5.02581e+06 7.2977e+06 1.06323e+07 1.54948e+07 2.24155e+07 3.2164e+07 4.61516e+07 6.64056e+07 
38.0937 8.63517 15.5682 28.09 50.7328 91.6891 165.885 300.556 545.367 990.722 1803.63 3292.22 6019.11 11035.8 20311.4 37521 -1.5943e+06 84459.2 103211 127427 158629 199064 252553 324867 422293 554900 742623 1.00619e+06 1.37914e+06 1.91808e+06 2.70607e+06 3.85471e+06 5.54212e+06 8.06263e+06 1.17672e+07 1.71754e+07 2.48772e+07 3.57234e+07 5.12869e+07 7.38227e+07 
26.5091 6.00946 10.835 19.5513 35.314 63.8292 115.493 209.282 379.804 690.08 1256.56 2294.16 4195.52 7694.72 14167.3 26181.9 48522.3 -1.85583e+06 110567 136614 170215 213814 271577 349807 455392 599382 803689 1.09119e+06 1.49896e+06 2.08965e+06 2.9553e+06 4.21992e+06 6.08164e+06 8.86684e+06 1.29669e+07 1.89605e+07 2.75014e+07 3.95264e+07 5.6782e+07 8.1768e+07 
18.2674 4.14136 7.46739 13.4756 24.3422 44.0028 79.6293 144.315 261.945 476.032 866.996 1583.32 2896.45 5314.08 9788.05 18097.3 33558 62575.1 -2.16747e+06 144452 181211 227881 289817 373869 487540 642898 863914 1.17573e+06 1.61918e+06 2.26334e+06 3.20983e+06 4.59606e+06 6.64179e+06 9.70774e+06 1.42293e+07 2.08491e+07 3.02893e+07 4.35769e+07 6.26452e+07 9.02554e+07 
12.5128 2.83695 5.11581 9.23287 16.68 30.156 54.5799 98.9339 179.61 326.484 594.787 1086.54 1988.41 3649.68 6725.65 12442.2 23087.3 43083.6 80494.2 -2.53639e+06 190611 240028 305748 395152 516363 682474 919561 1.25513e+06 1.73395e+06 2.43193e+06 3.46094e+06 4.97281e+06 7.21084e+06 1.05726e+07 1.55415e+07 2.28303e+07 3.32345e+07 4.78738e+07 6.88828e+07 9.93018e+07 
8.4892 1.92486 3.4714 6.26578 11.3211 20.4706 37.0567 67.1839 121.997 221.82 404.235 738.708 1352.43 2483.57 4579.29 8476.97 15741.8 29401.8 55307.6 104402 -2.98127e+06 250346 319469 413771 541995 718266 970820 1.32964e+06 1.84364e+06 2.59603e+06 3.70967e+06 5.35211e+06 7.79236e+06 1.14677e+07 1.69149e+07 2.49233e+07 3.63677e+07 5.24645e+07 7.5566e+07 1.09012e+08 
5.69457 1.29132 2.32909 4.20446 7.59775 13.7404 24.8783 45.1143 81.9427 149.037 271.693 496.694 909.783 1671.63 3084.12 5713.32 10618.9 19853.2 37387.4 70670.7 134573 -3.52343e+06 327167 429656 564341 750158 1.01756e+06 1.39914e+06 1.94823e+06 2.75588e+06 3.95686e+06 5.73601e+06 8.39077e+06 1.24019e+07 1.83653e+07 2.7156e+07 3.97354e+07 5.74207e+07 8.28029e+07 1.19546e+08 
3.78485 0.858353 1.54837 2.7955 5.05247 9.13909 16.5508 30.0209 54.544 99.2392 180.985 331.016 606.647 1115.35 2059.28 3818 7103.36 13295.7 25070.7 47463.8 90545.8 172501 -4.19615e+06 441612 581902 776268 1.05744e+06 1.46075e+06 2.04429e+06 2.90761e+06 4.19866e+06 6.12159e+06 9.00595e+06 1.3381e+07 1.991e+07 2.95654e+07 4.34053e+07 6.28531e+07 9.07655e+07 1.31164e+08 
2.49928 0.56687 1.02271 1.84677 3.33839 6.03995 10.9412 19.8516 36.08 65.672 119.824 219.269 402.107 739.842 1367.12 2537.18 4725.96 8857.66 16727.6 31727.6 60656 117170 228409 -5.02577e+06 592561 793895 1.08701e+06 1.51018e+06 2.12659e+06 3.04527e+06 4.42902e+06 6.50426e+06 9.63803e+06 1.44154e+07 2.15789e+07 3.22158e+07 4.74957e+07 6.89545e+07 9.9753e+07 1.44315e+08 
1.63038 0.369841 0.667354 1.20529 2.17925 3.94377 7.14605 12.97 23.5816 42.9423 78.3919 143.535 263.409 485.048 897.134 1666.75 3108.7 5835.21 11038.4 20980.2 40205.9 77878.8 152302 299857 -6.07893e+06 805643 1.1096e+06 1.55171e+06 2.20082e+06 3.17663e+06 4.65916e+06 6.90093e+06 1.03136e+07 1.55482e+07 2.34426e+07 3.52221e+07 5.21882e+07 7.60005e+07 1.10176e+08 1.59602e+08 
1.04884 0.237957 0.429453 0.77578 1.40298 2.53965 4.60326 8.35783 15.2022 27.6971 50.5902 92.6898 170.232 313.753 580.907 1080.54 2018.25 3794.63 7191.71 13700.5 26325.3 51147.5 100383 198490 398049 -7.45088e+06 1.12195e+06 1.58683e+06 2.26925e+06 3.30552e+06 4.89599e+06 7.32454e+06 1.10572e+07 1.68253e+07 2.55837e+07 3.87288e+07 5.77223e+07 8.43645e+07 1.226e+08 1.77864e+08 
0.671019 0.152264 0.274854 0.49662 0.898355 1.62669 2.94954 5.35747 9.7494 17.7727 32.4839 59.5596 109.484 201.998 374.436 697.446 1304.88 2458.08 4668.78 8918.1 17189.8 33517.8 66061.2 131296 264853 542022 -9.19628e+06 1.59542e+06 2.30522e+06 3.39731e+06 5.09642e+06 7.72511e+06 1.18185e+07 1.821e+07 2.80056e+07 4.28239e+07 6.43301e+07 9.44799e+07 1.37744e+08 2.00212e+08 
0.421581 0.0956799 0.17275 0.312211 0.564926 1.02328 1.85614 3.37292 6.14109 11.2018 20.4882 37.5952 69.1749 127.771 237.146 442.38 829.166 1565.2 2979.9 5708.74 11041.4 21613.9 42798.3 85547.1 173703 359528 748227 -1.15008e+07 2.31299e+06 3.45578e+06 5.26372e+06 8.10656e+06 1.26066e+07 1.97289e+07 3.07744e+07 4.76527e+07 7.22899e+07 1.06818e+08 1.56358e+08 2.27781e+08 
0.25781 0.0585222 0.105686 0.191055 0.345804 0.626592 1.13705 2.06717 3.76573 6.87341 12.5809 23.1048 42.5562 78.6976 146.263 273.276 513.197 970.896 1853.11 3561.24 6913.23 13590.3 27046.2 54397.1 111249 232166 488187 1.04445e+06 -1.46051e+07 3.43115e+06 5.37733e+06 8.43882e+06 1.3383e+07 2.13449e+07 3.38767e+07 5.32704e+07 8.17896e+07 1.21764e+08 1.79113e+08 2.61626e+08 
0.152424 0.0346067 0.0625118 0.113037 0.204657 0.370973 0.673479 1.225 2.23282 4.07826 7.47057 13.7319 25.3198 46.8819 87.2573 163.305 307.309 582.759 1115.29 2150.55 4191.29 8277.15 16562.8 33539 69136.9 145609 309772 671883 1.47731e+06 -1.88625e+07 5.33718e+06 8.5725e+06 1.39338e+07 2.27728e+07 3.69639e+07 5.93029e+07 9.24903e+07 1.39057e+08 2.05864e+08 3.01707e+08 
0.0855725 0.0194326 0.0351105 0.0635064 0.115016 0.208564 0.378802 0.68935 1.25721 2.29792 4.21269 7.75048 14.3067 26.5243 49.44 92.6883 174.789 332.263 637.658 1233.84 2414.56 4791.13 9642.17 19665.2 40880.6 86947.2 187343 412578 933396 2.15168e+06 -2.46379e+07 8.23175e+06 1.38079e+07 2.33208e+07 3.90371e+07 6.44034e+07 1.02681e+08 1.56562e+08 2.33894e+08 3.44352e+08 
0.0424308 0.00963748 0.0174171 0.031512 0.0570889 0.103561 0.188173 0.34261 0.625199 1.14352 2.09804 3.86343 7.13934 13.2531 24.7393 46.4599 87.7964 167.299 321.959 625.137 1228.4 2449.1 4957.21 10183.5 21351.4 45867.5 100135 224057 516524 1.21866e+06 2.9027e+06 -3.31488e+07 1.23208e+07 2.16646e+07 3.76969e+07 6.44647e+07 1.05782e+08 1.64334e+08 2.48502e+08 3.68058e+08 
0.0206012 0.00468015 0.00846011 0.0153106 0.027746 0.0503506 0.0915277 0.166727 0.304417 0.557174 1.02305 1.88555 3.48812 6.48332 12.1196 22.7988 43.1722 82.4622 159.127 310.03 611.683 1225.3 2494.29 5160.98 10913.8 23681.8 52394.8 119169 280160 677469 1.66526e+06 4.21389e+06 -4.52849e+07 2.03516e+07 3.71986e+07 6.6533e+07 1.13254e+08 1.8024e+08 2.76879e+08 4.13269e+08 
0.00874123 0.00198618 0.00359112 0.00650063 0.0117838 0.0213913 0.0389006 0.070893 0.129506 0.237184 0.435816 0.803888 1.4886 2.77004 5.18501 9.76885 18.5335 35.4777 68.6324 134.137 265.636 534.42 1093.6 2277.83 4855.07 10633.7 23822.5 55032.8 131856 326730 829946 2.18648e+06 6.00553e+06 -6.27207e+07 3.1329e+07 5.98539e+07 1.07993e+08 1.78955e+08 2.82475e+08 4.2751e+08 
0.0031062 0.00070591 0.00127658 0.00231139 0.00419099 0.00761035 0.0138446 0.0252411 0.0461322 0.0845377 0.155437 0.286928 0.531805 0.990654 1.85658 3.50289 6.65726 12.7692 24.7591 48.5293 96.4316 194.775 400.481 839.201 1801.61 3979.47 9017.02 21127.6 51504.7 130524 341920 936359 2.70159e+06 7.71058e+06 -8.88624e+07 4.58248e+07 8.94812e+07 1.57438e+08 2.59328e+08 4.01904e+08 
0.000931369 0.000211693 0.0003829 0.000693427 0.00125761 0.00228431 0.00415695 0.00758164 0.0138626 0.0254166 0.0467606 0.0863753 0.160223 0.298751 0.560498 1.05887 2.01552 3.87289 7.52482 14.787 29.4722 59.7388 123.354 259.875 561.473 1249.55 2859.98 6785.86 16799.2 43435.6 117007 332136 1.00228e+06 3.05556e+06 9.50514e+06 -1.2771e+08 6.45246e+07 1.2465e+08 2.18822e+08 3.52725e+08 
0.000230204 5.23298e-05 9.46649e-05 0.000171465 0.000311027 0.000565073 0.00102857 0.00187651 0.00343225 0.00629546 0.0115875 0.0214156 0.0397507 0.0741742 0.13928 0.263384 0.501956 0.965883 1.87968 3.70119 7.39451 15.0298 31.1384 65.877 143.044 320.22 738.713 1770.03 4434.93 11648 32075.9 93711.3 293351 947934 3.19135e+06 1.10946e+07 -1.81776e+08 8.31602e+07 1.6238e+08 2.81987e+08 
4.5784e-05 1.04084e-05 1.88305e-05 3.41108e-05 6.18823e-05 0.000112443 0.000204708 0.000373533 0.00068336 0.00125375 0.00230835 0.00426759 0.00792451 0.014794 0.0277941 0.0525926 0.100307 0.193184 0.376327 0.741933 1.48447 3.02244 6.27471 13.3093 28.9887 65.1295 150.978 363.966 918.802 2437.04 6805.97 20259.1 64968 218595 781386 2.98258e+06 1.15726e+07 -2.48311e+08 9.78476e+07 1.99276e+08 
7.15273e-06 1.62616e-06 2.9422e-06 5.33009e-06 9.67043e-06 1.75734e-05 3.1997e-05 5.8393e-05 0.000106844 0.00019606 0.000361055 0.000667665 0.00124015 0.00231597 0.00435279 0.00824015 0.0157245 0.0303032 0.0590731 0.116566 0.233467 0.475914 0.989421 2.10239 4.58873 10.3348 24.0349 58.1743 147.578 393.952 1110.24 3345.16 10897.6 37676.6 140540 571721 2.4674e+06 1.06842e+07 -3.28518e+08 1.19785e+08 
8.47642e-07 1.92718e-07 3.48699e-07 6.31739e-07 1.14624e-06 2.08314e-06 3.79322e-06 6.92312e-06 1.26689e-05 2.32508e-05 4.2824e-05 7.92042e-05 0.000147148 0.000274864 0.000516739 0.000978535 0.00186803 0.0036015 0.00702422 0.0138688 0.027797 0.0567079 0.118005 0.251027 0.548613 1.23743 2.88325 6.99439 17.791 47.6509 134.903 408.909 1342.45 4706.09 17976.1 76059.3 353638 1.79586e+06 9.88609e+06 -4.17662e+08 
dt_FE: 2.39426e-09
dt_EA: 2.39426e-09
dt_PE: 2.39426e-09
tolC: 1e-06
dt_grow: 1.03
dt_max: 0.1
steps: 0
