t: 3.45804e-08
dt: 2.39532e-09
N: 0.0228233 0.0263032 0.0302902 0.034856 0.0400771 0.0460258 0.0527933 0.0604783 0.069173 0.0789524 0.0899356 0.102222 0.115814 0.130793 0.147212 0.164997 0.183923 0.203967 0.224921 0.245914 0.266661 0.286627 0.304627 0.318958 0.329098 0.333825 0.329214 0.315046 0.290423 0.253513 0.207636 0.225562 0.131739 0.04244 0.0167328 0.00546879 0.00146567 0.000316717 5.36549e-05 6.86852e-06 
eC: 1 1.15749 1.33977 1.55077 1.795 2.07768 2.40489 2.78363 3.22201 3.72944 4.31677 4.99661 5.78351 6.69433 7.7486 8.9689 10.3814 12.0163 13.9087 16.0991 18.6345 21.5692 24.9661 28.8979 33.4489 38.7167 44.814 51.8717 60.0407 69.4963 80.4411 93.1095 107.773 124.746 144.391 167.131 193.452 223.918 259.182 300 
dV: 1.08333 0.211322 0.327712 0.508206 0.788112 1.22218 1.89532 2.93921 4.55805 7.06849 10.9616 16.999 26.3615 40.8807 63.3966 98.3136 152.462 236.434 366.655 568.597 881.764 1367.42 2120.55 3288.49 5099.69 7908.45 12264.2 19019 29494.1 45738.6 70930.1 109996 170579 264529 410225 636165 986546 1.52991e+06 2.37254e+06 3.67926e+06 
kVec: 902743 1.04761e+06 1.20832e+06 1.39378e+06 1.60759e+06 1.85336e+06 2.13571e+06 2.45985e+06 2.83137e+06 3.25523e+06 3.73929e+06 4.29133e+06 4.91576e+06 5.62199e+06 6.41929e+06 7.31489e+06 8.3076e+06 9.41128e+06 1.06344e+07 1.19508e+07 1.33726e+07 1.49007e+07 1.65184e+07 1.81609e+07 1.98684e+07 2.1676e+07 2.34153e+07 2.52723e+07 2.74517e+07 3.02608e+07 3.40364e+07 3.9948e+07 4.99857e+07 6.57247e+07 9.04642e+07 1.28405e+08 1.81953e+08 2.48246e+08 3.28361e+08 4.17481e+08 
cMat: 
-163874 938.219 1102.46 1284.17 1497.02 1747.63 2042.87 2391 2803.12 3294.48 3879.66 4578.41 5423.89 6447.18 7688.64 9209.88 11101 13446.5 16372.5 20125.7 24929 31108.7 39214.5 50065.5 64540.4 84034.3 111286 149083 201898 277238 386072 542881 770676 1.10816e+06 1.59999e+06 2.31287e+06 3.32473e+06 4.75165e+06 6.79844e+06 9.76173e+06 
4754.75 -194280 1266.12 1474.82 1719.28 2007.11 2346.22 2746.08 3219.44 3783.85 4456.04 5258.71 6229.98 7405.58 8831.88 10579.7 12752.7 15448 18810.7 23124.5 28645.7 35750 45069.9 57548.1 74196.2 96620.7 127975 171471 232262 318995 444311 624901 887285 1.27606e+06 1.84272e+06 2.66416e+06 3.83016e+06 5.4744e+06 7.83295e+06 1.12476e+07 
3555.24 805.673 -223443 1691.38 1971.75 2301.87 2690.81 3149.44 3692.41 4339.82 5110.89 6031.67 7145.93 8494.68 10131.2 12136.7 14630.3 17723.6 21583.1 26535 32873.7 41031.1 51734.2 66067 85193.3 110961 146999 197003 266905 366664 510831 718632 1.02062e+06 1.46813e+06 2.12052e+06 3.06635e+06 4.40899e+06 6.3023e+06 9.01811e+06 1.29501e+07 
2629.77 595.95 1074.06 -257502 2258.32 2636.46 3081.98 3607.34 4229.33 4971 5854.36 6909.3 8185.97 9731.42 11606.7 13905.1 16763.1 20308.7 24733.2 30410.8 37679.6 47035.3 59313 75758.1 97707.8 127286 168664 226093 306398 421031 586739 825645 1.17291e+06 1.68763e+06 2.43812e+06 3.52633e+06 5.07122e+06 7.24963e+06 1.03745e+07 1.48986e+07 
1942.12 440.12 793.218 1430.67 -297191 2988.45 3524.9 4125.85 4837.34 5685.78 6696.36 7903.28 9364 11132.4 13278.3 15908.6 19179.8 23238.6 28304 34805 43129.5 53845.9 67912.3 86757.8 111917 145830 193287 259171 351326 482918 673193 947597 1.34657e+06 1.93803e+06 2.8006e+06 4.05156e+06 5.82761e+06 8.33191e+06 1.19242e+07 1.71252e+07 
1432.4 324.612 585.048 1055.22 1888.05 -343288 4022.88 4708.82 5520.99 6489.55 7643.26 9021.2 10689.1 12708.4 15159 18163.3 21899.9 26536.9 32324.8 39754.6 49270.3 61523 77609.9 99168.6 127959 166778 221120 296591 402193 553043 771241 1.08602e+06 1.54384e+06 2.2227e+06 3.21298e+06 4.64945e+06 6.68907e+06 9.5649e+06 1.36902e+07 1.9663e+07 
1054.53 238.982 430.722 776.883 1402.55 2533.61 -396780 5362.58 6287.69 7391.02 8705.35 10275.2 12175.6 14476.7 17269.6 20693.9 24953.7 30240.6 36841 45315.8 56172.5 70155.3 88519.1 113138 146026 190385 252510 338826 459655 632330 882197 1.2428e+06 1.76747e+06 2.54568e+06 3.68119e+06 5.32873e+06 7.66831e+06 1.09669e+07 1.56988e+07 2.25497e+07 
774.513 175.525 316.357 570.615 1030.18 1860.99 3365.14 -458788 7070.24 8398.96 9892.99 11677.7 13838.3 16454.8 19631 23525.7 28371.6 34387.1 41898.5 51545.6 63907.5 79833.3 100756 128816 166315 216916 287816 386369 524396 721745 1.00745e+06 1.41995e+06 2.02039e+06 2.91126e+06 4.21158e+06 6.09877e+06 8.77898e+06 1.25577e+07 1.79783e+07 2.58265e+07 
567.434 128.597 231.781 418.073 754.802 1363.56 2465.73 4418.34 -530803 9518.12 11211.8 13235.2 15685.2 18652.4 22254.9 26673.1 32171.5 38998.5 47525.1 58479.4 72520.7 90616 114398 146307 188969 246564 327309 439609 596975 822106 1.1482e+06 1.61926e+06 2.30528e+06 3.32348e+06 4.81023e+06 6.96867e+06 1.00345e+07 1.43567e+07 2.0557e+07 2.95343e+07 
414.79 94.0051 169.436 305.626 551.801 996.869 1802.71 3264.5 5919.94 -614068 12659.5 14945.3 17713.3 21066.3 25137.9 30132.4 36349.7 44071.1 53717.5 66115 82012 102507 129456 165632 214027 279398 371107 498740 677713 933932 1.30529e+06 1.84208e+06 2.62429e+06 3.78576e+06 5.48249e+06 7.94672e+06 1.14476e+07 1.63825e+07 2.34621e+07 3.37126e+07 
302.154 68.4795 123.431 222.649 402 726.268 1313.41 2378.56 4313.57 7830.91 -710673 16819.1 19936.2 23712.7 28299.3 33927 40934.6 49639.9 60518.9 74506.5 92450 115594 146041 186940 241685 315683 419574 564270 767326 1.05825e+06 1.48023e+06 2.09061e+06 2.98066e+06 4.30295e+06 6.23559e+06 9.04367e+06 1.30338e+07 1.86581e+07 2.67267e+07 3.84093e+07 
219.194 49.6786 89.5458 161.53 291.658 526.94 952.985 1725.92 3130.19 5682.99 10339.1 -822898 22188 26593.7 31742.2 38061 45931.6 55712.3 67939.5 83667.8 103854 129904 164195 210288 272029 355545 472902 636491 866262 1.19576e+06 1.67408e+06 2.36652e+06 3.37701e+06 4.87907e+06 7.07577e+06 1.02691e+07 1.48077e+07 2.12044e+07 3.03815e+07 4.36692e+07 
158.503 35.9245 64.7561 116.817 210.932 381.11 689.286 1248.42 2264.35 4111.38 7480.56 13543.5 -952869 29659.7 35408 42465.1 51258.9 62191 75863.5 93461.1 116059 145240 183680 235393 304720 398583 530621 714864 973921 1.34582e+06 1.88625e+06 2.66938e+06 3.81329e+06 5.51486e+06 8.00512e+06 1.16274e+07 1.67771e+07 2.40343e+07 3.44461e+07 4.95218e+07 
114.079 25.8566 46.6098 84.0851 151.836 274.353 496.233 898.834 1630.41 2960.64 5387.43 9828.82 17958.7 -1.10399e+06 39287.6 47129 56904.6 69062.7 84275.8 103870 129048 161583 204478 262240 339753 444809 592774 799493 1.09051e+06 1.50883e+06 2.11745e+06 3.0004e+06 4.29155e+06 6.21369e+06 9.02912e+06 1.31273e+07 1.89554e+07 2.71676e+07 3.895e+07 5.60104e+07 
81.6196 18.5001 33.3502 60.1672 108.652 196.336 355.147 643.336 1167.07 2119.5 3857.32 7038.32 12862.3 23570.3 -1.27992e+06 51443.5 62833.9 76286.2 93128 114836 142752 178853 226495 290722 377004 494084 659218 890242 1.21594e+06 1.6848e+06 2.36787e+06 3.36014e+06 4.81299e+06 6.97787e+06 1.01519e+07 1.47757e+07 2.1354e+07 3.06216e+07 4.39188e+07 6.31729e+07 
58.0504 13.1584 23.7217 42.7987 77.2924 139.678 252.682 457.766 830.52 1508.5 2745.76 5010.93 9159.16 16788.2 30544.7 -1.48623e+06 68918.2 83707.9 102236 126138 156902 196725 249336 320352 415878 545682 729067 986037 1.34892e+06 1.8722e+06 2.63579e+06 3.74674e+06 5.3758e+06 7.80589e+06 1.13727e+07 1.65738e+07 2.39765e+07 3.44038e+07 4.93655e+07 7.103e+07 
41.0688 9.30956 16.7841 30.2838 54.6949 98.85 178.84 324.029 587.96 1068.1 1944.49 3549.34 6489.2 11897.6 21897.7 40451.3 -1.72647e+06 91055.3 111272 137379 171018 214610 272277 350239 455273 598238 800621 1.08477e+06 1.48685e+06 2.06788e+06 2.91741e+06 4.15576e+06 5.97495e+06 8.69231e+06 1.26862e+07 1.85168e+07 2.68201e+07 3.85134e+07 5.52923e+07 7.95882e+07 
28.817 6.53265 11.7784 21.2534 38.3886 69.3863 125.548 227.503 412.87 750.159 1365.95 2493.89 4560.79 8364.64 15400.7 28461.3 52746.7 -2.00946e+06 120193 148508 185034 232429 295221 380262 495039 651566 873660 1.18619e+06 1.62947e+06 2.27158e+06 3.2126e+06 4.58731e+06 6.61112e+06 9.63881e+06 1.40959e+07 2.06113e+07 2.98957e+07 4.29677e+07 6.17256e+07 8.88869e+07 
20.0276 4.5404 8.18692 14.7741 26.6878 48.2427 87.3021 158.22 287.185 521.901 950.536 1735.89 3175.54 5826.12 10731.2 19841.1 36791.6 68604.6 -2.34568e+06 158371 198671 249838 317743 409893 534517 704845 947157 1.28902e+06 1.7752e+06 2.48142e+06 3.51912e+06 5.03892e+06 7.28176e+06 1.06431e+07 1.56004e+07 2.2858e+07 3.32079e+07 4.77758e+07 6.86815e+07 9.89521e+07 
13.8317 3.13599 5.65507 10.2061 18.4382 33.3347 60.3331 109.363 198.543 360.899 657.483 1201.08 2198.01 4034.39 7434.59 13753.7 25520.9 47625 88979 -2.74203e+06 210703 265329 337976 436804 570793 754413 1.01649e+06 1.38744e+06 1.91673e+06 2.68828e+06 3.82575e+06 5.49699e+06 7.97093e+06 1.1687e+07 1.71798e+07 2.52368e+07 3.67377e+07 5.29202e+07 7.61437e+07 1.09769e+08 
9.45599 2.14407 3.86674 6.97935 12.6104 22.8019 41.2769 74.835 135.891 247.081 450.271 822.835 1506.45 2766.42 5100.8 9442.37 17534.5 32750.3 61606.3 116292 -3.21745e+06 278856 355851 460893 603720 800065 1.08138e+06 1.48106e+06 2.0536e+06 2.89168e+06 4.13214e+06 5.96163e+06 8.67979e+06 1.27737e+07 1.88412e+07 2.77616e+07 4.05095e+07 5.84394e+07 8.41717e+07 1.21427e+08 
6.38491 1.44786 2.61144 4.71415 8.5188 15.4061 27.8942 50.5834 91.8763 167.104 304.63 556.906 1020.07 1874.27 3458 6405.93 11906.2 22259.9 41919.8 79237.9 150887 -3.7929e+06 366829 481742 632755 841098 1.14092e+06 1.56875e+06 2.18441e+06 3.08997e+06 4.43654e+06 6.43137e+06 9.40796e+06 1.39054e+07 2.05917e+07 3.0448e+07 4.45524e+07 6.43816e+07 9.28408e+07 1.34039e+08 
4.26354 0.966911 1.74419 3.14906 5.69147 10.2949 18.6441 33.8178 61.4424 111.79 203.875 372.88 683.371 1256.42 2319.73 4300.87 8001.74 14977.2 28241.4 53466.7 101997 194318 -4.50182e+06 497464 655497 874446 1.19118e+06 1.6455e+06 2.30284e+06 3.27535e+06 4.72968e+06 6.89581e+06 1.0145e+07 1.50734e+07 2.24281e+07 3.33046e+07 4.8895e+07 7.08024e+07 1.02245e+08 1.47753e+08 
2.8201 0.639638 1.154 2.08383 3.76693 6.81529 12.3457 22.3999 40.7115 74.1022 135.205 247.416 453.725 834.815 1542.62 2862.87 5332.63 9994.7 18874.9 35800.4 68442.2 132211 257730 -5.36857e+06 668627 895805 1.22655e+06 1.70404e+06 2.39958e+06 3.43618e+06 4.99757e+06 7.3392e+06 1.08752e+07 1.62658e+07 2.43489e+07 3.63513e+07 5.35927e+07 7.7806e+07 1.12558e+08 1.6284e+08 
1.83631 0.416556 0.751647 1.35753 2.45451 4.44191 8.04867 14.6082 26.5602 48.3663 88.2935 161.665 296.68 546.314 1010.45 1877.28 3501.36 6572.26 12432.7 23630.2 45284.3 87715.6 171539 337732 -6.4588e+06 907404 1.24976e+06 1.74771e+06 2.47881e+06 3.57787e+06 5.24766e+06 7.77258e+06 1.16163e+07 1.75121e+07 2.64036e+07 3.9671e+07 5.878e+07 8.56e+07 1.24092e+08 1.79761e+08 
1.17416 0.266389 0.480766 0.868474 1.57061 2.8431 5.15327 9.35647 17.0186 31.0065 56.635 103.765 190.573 351.242 650.316 1209.65 2259.4 4248.03 8051.01 15337.4 29470.8 57258.9 112377 222206 445610 -7.86626e+06 1.25601e+06 1.77644e+06 2.54039e+06 3.70048e+06 5.48098e+06 8.19971e+06 1.23784e+07 1.88356e+07 2.86406e+07 4.33563e+07 6.46193e+07 9.44448e+07 1.37249e+08 1.99116e+08 
0.742649 0.168518 0.304194 0.549633 0.994254 1.80034 3.26439 5.92937 10.7901 19.6699 35.9515 65.9175 121.171 223.561 414.407 771.897 1444.18 2720.48 5167.17 9870.09 19024.8 37095.8 73113.1 145312 293126 599882 -9.64144e+06 1.76573e+06 2.5513e+06 3.75997e+06 5.64046e+06 8.54975e+06 1.30801e+07 2.01538e+07 3.09952e+07 4.73953e+07 7.11973e+07 1.04566e+08 1.52448e+08 2.21584e+08 
0.459116 0.104199 0.188131 0.340008 0.615224 1.11438 2.0214 3.67323 6.68785 12.1991 22.3124 40.9424 75.3338 139.147 258.26 481.766 902.99 1704.55 3245.21 6217.01 12024.5 23538.3 46608.8 93163.7 189168 391538 814844 -1.19673e+07 2.51893e+06 3.76346e+06 5.73237e+06 8.82831e+06 1.3729e+07 2.14854e+07 3.35144e+07 5.18954e+07 7.87261e+07 1.16328e+08 1.7028e+08 2.48061e+08 
0.275249 0.062481 0.112835 0.203979 0.369196 0.668978 1.21396 2.20701 4.02046 7.33837 13.4319 24.6678 45.4349 84.0211 156.157 291.761 547.912 1036.57 1978.46 3802.14 7380.87 14509.6 28875.8 58076.8 118774 247871 521210 1.1151e+06 -1.50782e+07 3.66325e+06 5.74108e+06 9.00966e+06 1.42883e+07 2.27887e+07 3.61683e+07 5.68739e+07 8.73223e+07 1.30001e+08 1.91229e+08 2.79324e+08 
0.159253 0.0361574 0.0653128 0.118102 0.213827 0.387596 0.703656 1.27989 2.33287 4.261 7.80531 14.3472 26.4543 48.9826 91.1671 170.623 321.078 608.871 1165.27 2246.91 4379.09 8648.03 17305 35041.8 72234.7 152133 323652 701988 1.54351e+06 -1.93244e+07 5.57633e+06 8.95661e+06 1.45581e+07 2.37932e+07 3.86201e+07 6.19601e+07 9.66346e+07 1.45288e+08 2.15088e+08 3.15226e+08 
0.0874688 0.0198632 0.0358886 0.0649137 0.117565 0.213186 0.387196 0.704626 1.28507 2.34884 4.30605 7.92223 14.6237 27.112 50.5356 94.7423 178.662 339.626 651.789 1261.18 2468.07 4897.3 9855.84 20101 41786.5 88873.9 191495 421721 954080 2.19936e+06 -2.50728e+07 8.41416e+06 1.41139e+07 2.38376e+07 3.99022e+07 6.58306e+07 1.04956e+08 1.60032e+08 2.39077e+08 3.51983e+08 
0.040954 0.00930205 0.0168109 0.0304152 0.055102 0.0999565 0.181624 0.330685 0.603439 1.10372 2.02502 3.72896 6.89086 12.7919 23.8782 44.8429 84.7407 161.477 310.753 603.379 1185.64 2363.86 4784.68 9829.08 20608.3 44271.1 96649.9 216259 498547 1.17625e+06 2.80167e+06 -3.37881e+07 1.1892e+07 2.09105e+07 3.63849e+07 6.2221e+07 1.02101e+08 1.58614e+08 2.39853e+08 3.55248e+08 
0.020083 0.00456244 0.00824732 0.0149255 0.0270482 0.0490843 0.0892257 0.162534 0.29676 0.54316 0.997321 1.83813 3.40039 6.32026 11.8148 22.2254 42.0864 80.3882 155.125 302.232 596.298 1194.48 2431.56 5031.18 10639.3 23086.2 51077 116172 273114 660430 1.62338e+06 4.10791e+06 -4.58208e+07 1.98398e+07 3.6263e+07 6.48596e+07 1.10405e+08 1.75706e+08 2.69915e+08 4.02875e+08 
0.00873499 0.00198476 0.00358856 0.00649599 0.0117754 0.021376 0.0388728 0.0708423 0.129414 0.237014 0.435504 0.803314 1.48754 2.76806 5.1813 9.76187 18.5203 35.4523 68.5833 134.041 265.446 534.038 1092.82 2276.2 4851.6 10626.1 23805.4 54993.5 131761 326497 829352 2.18492e+06 6.00124e+06 -6.29132e+07 3.13066e+07 5.98111e+07 1.07916e+08 1.78827e+08 2.82273e+08 4.27205e+08 
0.00310459 0.000705543 0.00127592 0.00231019 0.00418881 0.00760639 0.0138374 0.025228 0.0461082 0.0844937 0.155356 0.286779 0.531529 0.990139 1.85562 3.50107 6.6538 12.7626 24.7462 48.5041 96.3815 194.673 400.273 838.765 1800.67 3977.4 9012.34 21116.6 51477.9 130456 341742 935873 2.70019e+06 7.70657e+06 -8.89662e+07 4.5801e+07 8.94347e+07 1.57356e+08 2.59193e+08 4.01695e+08 
0.000931168 0.000211648 0.000382817 0.000693277 0.00125734 0.00228382 0.00415605 0.00758 0.0138596 0.0254111 0.0467505 0.0863566 0.160189 0.298686 0.560377 1.05864 2.01508 3.87205 7.52319 14.7838 29.4659 59.7259 123.327 259.818 561.352 1249.28 2859.36 6784.39 16795.6 43426.2 116982 332065 1.00206e+06 3.0549e+06 9.50309e+06 -1.27714e+08 6.45107e+07 1.24623e+08 2.18775e+08 3.52649e+08 
0.000230189 5.23265e-05 9.4659e-05 0.000171454 0.000311008 0.000565038 0.00102851 0.00187639 0.00343204 0.00629508 0.0115868 0.0214142 0.0397482 0.0741697 0.139271 0.263368 0.501925 0.965824 1.87956 3.70096 7.39405 15.0289 31.1365 65.873 143.035 320.2 738.667 1769.92 4434.65 11647.3 32074 93705.6 293333 947876 3.19116e+06 1.10939e+07 -1.8169e+08 8.31551e+07 1.6237e+08 2.8197e+08 
4.57834e-05 1.04082e-05 1.88303e-05 3.41104e-05 6.18815e-05 0.000112442 0.000204705 0.000373528 0.000683351 0.00125373 0.00230831 0.00426753 0.0079244 0.0147938 0.0277937 0.0525919 0.100306 0.193181 0.376322 0.741923 1.48445 3.0224 6.27463 13.3091 28.9883 65.1287 150.976 363.961 918.79 2437.01 6805.88 20258.8 64967.2 218592 781375 2.98254e+06 1.15724e+07 -2.48168e+08 9.78463e+07 1.99274e+08 
7.15271e-06 1.62616e-06 2.94219e-06 5.33008e-06 9.67041e-06 1.75734e-05 3.19969e-05 5.83929e-05 0.000106843 0.00019606 0.000361054 0.000667663 0.00124015 0.00231597 0.00435278 0.00824013 0.0157245 0.0303031 0.059073 0.116566 0.233467 0.475913 0.989419 2.10238 4.58872 10.3348 24.0349 58.1741 147.578 393.951 1110.23 3345.15 10897.6 37676.5 140539 571720 2.46739e+06 1.06842e+07 -3.28343e+08 1.19784e+08 
8.47642e-07 1.92718e-07 3.48699e-07 6.31739e-07 1.14624e-06 2.08314e-06 3.79322e-06 6.92312e-06 1.26689e-05 2.32508e-05 4.2824e-05 7.92041e-05 0.000147148 0.000274864 0.000516739 0.000978535 0.00186803 0.0036015 0.00702422 0.0138688 0.027797 0.0567078 0.118005 0.251027 0.548613 1.23743 2.88325 6.99438 17.791 47.6509 134.903 408.909 1342.45 4706.09 17976.1 76059.3 353638 1.79586e+06 9.88609e+06 -4.17478e+08 
dt_FE: 2.39532e-09
dt_EA: 2.39532e-09
dt_PE: 2.39532e-09
tolC: 1e-06
dt_grow: 1.03
dt_max: 0.1
steps: 0
