t: 4.41603e-08
dt: 2.39445e-09
N: 0.0297967 0.0343155 0.0394849 0.0453943 0.0521381 0.0598033 0.0684997 0.0783443 0.0894421 0.101872 0.115765 0.131221 0.148209 0.166796 0.186999 0.208673 0.231475 0.255315 0.279865 0.304005 0.327334 0.349157 0.368046 0.382025 0.39048 0.391982 0.382287 0.361152 0.32764 0.280249 0.222236 0.202252 0.112829 0.0420195 0.0163649 0.00530752 0.00141906 0.000306599 5.19524e-05 6.65236e-06 
eC: 1 1.15749 1.33977 1.55077 1.795 2.07768 2.40489 2.78363 3.22201 3.72944 4.31677 4.99661 5.78351 6.69433 7.7486 8.9689 10.3814 12.0163 13.9087 16.0991 18.6345 21.5692 24.9661 28.8979 33.4489 38.7167 44.814 51.8717 60.0407 69.4963 80.4411 93.1095 107.773 124.746 144.391 167.131 193.452 223.918 259.182 300 
dV: 1.08333 0.211322 0.327712 0.508206 0.788112 1.22218 1.89532 2.93921 4.55805 7.06849 10.9616 16.999 26.3615 40.8807 63.3966 98.3136 152.462 236.434 366.655 568.597 881.764 1367.42 2120.55 3288.49 5099.69 7908.45 12264.2 19019 29494.1 45738.6 70930.1 109996 170579 264529 410225 636165 986546 1.52991e+06 2.37254e+06 3.67926e+06 
kVec: 921472 1.0691e+06 1.23296e+06 1.42197e+06 1.63979e+06 1.89005e+06 2.17739e+06 2.50706e+06 2.88464e+06 3.31501e+06 3.80602e+06 4.36533e+06 4.99702e+06 5.71024e+06 6.51385e+06 7.41436e+06 8.40944e+06 9.51198e+06 1.07289e+07 1.20316e+07 1.34298e+07 1.49219e+07 1.64879e+07 1.80593e+07 1.96751e+07 2.13695e+07 2.29777e+07 2.46951e+07 2.67414e+07 2.94549e+07 3.32123e+07 3.92225e+07 4.9457e+07 6.54014e+07 9.03033e+07 1.28372e+08 1.82014e+08 2.48362e+08 3.28505e+08 4.17633e+08 
cMat: 
-154626 931.524 1094.59 1275.01 1486.34 1735.15 2028.29 2373.94 2783.11 3270.97 3851.97 4545.74 5385.18 6401.17 7633.77 9144.15 11021.8 13350.5 16255.7 19982.1 24751.1 30886.7 38934.6 49708.2 64079.8 83434.6 110492 148019 200457 275259 383317 539007 765176 1.10025e+06 1.58857e+06 2.29637e+06 3.30101e+06 4.71774e+06 6.74992e+06 9.69207e+06 
4715.62 -183503 1255.7 1462.69 1705.13 1990.6 2326.91 2723.48 3192.95 3752.72 4419.37 5215.44 6178.71 7344.64 8759.2 10492.7 12647.8 15320.9 18655.9 22934.2 28410 35455.9 44699 57074.5 73585.6 95825.6 126922 170060 230350 316370 440655 619759 879984 1.26556e+06 1.82756e+06 2.64224e+06 3.79864e+06 5.42936e+06 7.76849e+06 1.1155e+07 
3521.53 798.034 -210927 1675.34 1953.05 2280.05 2665.3 3119.58 3657.4 4298.67 5062.43 5974.48 7078.17 8414.13 10035.1 12021.6 14491.6 17555.5 21378.5 26283.3 32562 40642 51243.6 65440.6 84385.5 109909 145605 195135 264375 363187 505987 711818 1.01094e+06 1.45421e+06 2.10041e+06 3.03727e+06 4.36719e+06 6.24254e+06 8.9326e+06 1.28273e+07 
2601.05 589.443 1062.33 -242954 2233.66 2607.67 3048.33 3567.95 4183.15 4916.72 5790.44 6833.85 8096.59 9625.16 11479.9 13753.2 16580 20087 24463.2 30078.7 37268.2 46521.7 58665.4 74930.9 96640.9 125896 166823 223625 303052 416434 580332 816630 1.16011e+06 1.6692e+06 2.41149e+06 3.48783e+06 5.01585e+06 7.17048e+06 1.02612e+07 1.47359e+07 
1917.71 434.59 783.252 1412.69 -280266 2950.9 3480.61 4074.01 4776.56 5614.34 6612.22 7803.98 9246.34 10992.5 13111.4 15708.8 18938.8 22946.6 27948.3 34367.7 42587.6 53169.4 67059.1 85667.7 110511 143998 190858 255915 346912 476851 664735 935691 1.32965e+06 1.91368e+06 2.76542e+06 4.00066e+06 5.75439e+06 8.22723e+06 1.17744e+07 1.69101e+07 
1411.72 319.924 576.599 1039.98 1860.79 -323588 3964.78 4640.82 5441.25 6395.82 7532.87 8890.92 10534.7 12524.8 14940.1 17900.9 21583.7 26153.7 31857.9 39180.4 48558.7 60634.4 76489 97736.4 126111 164369 217926 292307 396385 545056 760102 1.07033e+06 1.52154e+06 2.1906e+06 3.16658e+06 4.5823e+06 6.59246e+06 9.42676e+06 1.34925e+07 1.9379e+07 
1037.05 235.019 423.58 764.001 1379.3 2491.6 -373834 5273.66 6183.43 7268.46 8561 10104.9 11973.7 14236.6 16983.3 20350.7 24539.9 29739.2 36230.1 44564.4 55241 68992 87051.3 111262 143604 187228 248323 333207 452033 621845 867568 1.22219e+06 1.73816e+06 2.50347e+06 3.62015e+06 5.24037e+06 7.54115e+06 1.07851e+07 1.54385e+07 2.21758e+07 
759.785 172.187 310.341 559.764 1010.59 1825.61 3301.15 -432040 6935.79 8239.25 9704.87 11455.6 13575.2 16141.9 19257.7 23078.3 27832.1 33733.2 41101.8 50565.4 62692.2 78315.2 98840.1 126366 163153 212791 282343 379022 514424 708021 988290 1.39295e+06 1.98197e+06 2.8559e+06 4.13149e+06 5.98279e+06 8.61204e+06 1.23189e+07 1.76364e+07 2.53354e+07 
555.078 125.797 226.734 408.969 738.366 1333.87 2412.04 4322.13 -499598 9310.86 10967.7 12947 15343.6 18246.3 21770.3 26092.3 31471 38149.3 46490.2 57206 70941.5 88642.8 111907 143121 184854 241195 320182 430036 583976 804204 1.1232e+06 1.584e+06 2.25508e+06 3.25111e+06 4.70549e+06 6.81692e+06 9.81604e+06 1.40441e+07 2.01094e+07 2.88912e+07 
404.468 91.6659 165.22 298.021 538.07 972.063 1757.85 3183.27 5772.62 -577657 12344.5 14573.4 17272.5 20542.1 24512.4 29382.6 35445.2 42974.5 52380.8 64469.8 79971.3 99956.4 126234 161511 208701 272446 361873 486329 660849 910692 1.27281e+06 1.79625e+06 2.55898e+06 3.69156e+06 5.34607e+06 7.74897e+06 1.11627e+07 1.59749e+07 2.28783e+07 3.28737e+07 
293.579 66.536 119.928 216.33 390.591 705.656 1276.14 2311.05 4191.15 7608.65 -668158 16341.7 19370.3 23039.7 27496.1 32964.1 39772.8 48231.1 58801.3 72391.9 89826.1 112313 141896 181634 234825 306723 407666 548255 745548 1.02822e+06 1.43822e+06 2.03128e+06 2.89607e+06 4.18082e+06 6.05861e+06 8.787e+06 1.26639e+07 1.81285e+07 2.59682e+07 3.73192e+07 
212.114 48.0739 86.6534 156.313 282.237 509.92 922.203 1670.17 3029.08 5499.42 10005.1 -773220 21471.3 25734.7 30716.9 36831.6 44448 53912.8 65744.9 80965.3 100500 125708 158891 203495 263242 344060 457627 615932 838281 1.15713e+06 1.62e+06 2.29008e+06 3.26793e+06 4.72147e+06 6.84721e+06 9.9374e+06 1.43294e+07 2.05195e+07 2.94001e+07 4.22587e+07 
152.696 34.6083 62.3835 112.537 203.203 367.147 664.032 1202.68 2181.38 3960.74 7206.48 13047.3 -894840 28573 34110.7 40909.2 49380.8 59912.4 73083.9 90036.8 111807 139919 176950 226769 293556 383979 511179 688672 938238 1.29651e+06 1.81714e+06 2.57158e+06 3.67357e+06 5.3128e+06 7.71182e+06 1.12014e+07 1.61624e+07 2.31537e+07 3.3184e+07 4.77074e+07 
109.354 24.7856 44.6792 80.6022 145.547 262.989 475.679 861.604 1562.88 2838.01 5164.28 9421.71 17214.8 -1.03621e+06 37660.3 45176.9 54547.5 66202.1 80785.1 99567.2 123703 154890 196008 251378 325680 426384 568221 766378 1.04534e+06 1.44634e+06 2.02974e+06 2.87612e+06 4.11379e+06 5.95632e+06 8.65513e+06 1.25836e+07 1.81703e+07 2.60423e+07 3.73367e+07 5.36905e+07 
77.8116 17.637 31.7942 57.3601 103.583 187.176 338.578 613.32 1112.62 2020.62 3677.36 6709.95 12262.2 22470.6 -1.20077e+06 49043.3 59902.3 72727 88783.1 109478 136092 170509 215928 277158 359414 471032 628462 848708 1.15921e+06 1.60619e+06 2.25739e+06 3.20337e+06 4.58844e+06 6.65232e+06 9.67824e+06 1.40864e+07 2.03577e+07 2.91929e+07 4.18698e+07 6.02256e+07 
55.014 12.4701 22.4809 40.5601 73.2496 132.372 239.465 433.823 787.079 1429.59 2602.14 4748.83 8680.08 15910.1 28947 -1.39382e+06 65313.4 79329.5 96888.4 119540 148695 186435 236294 303595 394125 517140 690933 934462 1.27836e+06 1.77427e+06 2.49792e+06 3.55076e+06 5.09461e+06 7.3976e+06 1.07779e+07 1.57069e+07 2.27224e+07 3.26043e+07 4.67834e+07 6.73147e+07 
38.6757 8.7671 15.8061 28.5192 51.5079 93.09 168.419 305.149 553.7 1005.86 1831.18 3342.53 6111.08 11204.4 20621.7 38094.2 -1.61883e+06 85749.6 104788 129374 161053 202105 256412 329831 428745 563379 753969 1.02156e+06 1.40021e+06 1.94738e+06 2.74742e+06 3.91361e+06 5.6268e+06 8.18582e+06 1.1947e+07 1.74379e+07 2.52573e+07 3.62693e+07 5.20705e+07 7.49507e+07 
26.9582 6.11126 11.0186 19.8825 35.9123 64.9105 117.45 212.828 386.238 701.77 1277.84 2333.02 4266.59 7825.07 14407.3 26625.4 49344.3 -1.88428e+06 112440 138928 173098 217436 276178 355733 463106 609536 817304 1.10968e+06 1.52436e+06 2.12505e+06 3.00537e+06 4.29141e+06 6.18467e+06 9.01705e+06 1.31866e+07 1.92817e+07 2.79673e+07 4.0196e+07 5.7744e+07 8.31532e+07 
18.6078 4.21854 7.60656 13.7268 24.7959 44.8228 81.1133 147.004 266.827 484.904 883.154 1612.83 2950.43 5413.11 9970.46 18434.6 34183.5 63741.3 -2.20039e+06 147144 184588 232127 295219 380836 496626 654879 880015 1.19765e+06 1.64936e+06 2.30552e+06 3.26965e+06 4.68171e+06 6.76557e+06 9.88866e+06 1.44945e+07 2.12376e+07 3.08538e+07 4.4389e+07 6.38127e+07 9.19375e+07 
12.7662 2.89441 5.21943 9.41987 17.0178 30.7667 55.6854 100.938 183.248 333.097 606.834 1108.55 2028.68 3723.6 6861.87 12694.2 23554.9 43956.2 82124.5 -2.57427e+06 194472 244890 311940 403155 526822 696297 938187 1.28055e+06 1.76907e+06 2.48119e+06 3.53103e+06 5.07353e+06 7.35689e+06 1.07867e+07 1.58563e+07 2.32927e+07 3.39076e+07 4.88435e+07 7.0278e+07 1.01313e+08 
8.67364 1.96668 3.54683 6.40191 11.5671 20.9154 37.8618 68.6435 124.648 226.639 413.018 754.758 1381.82 2537.53 4678.78 8661.15 16083.8 30040.7 56509.3 106670 -3.02463e+06 255785 326410 422761 553771 733872 991913 1.35853e+06 1.8837e+06 2.65244e+06 3.79027e+06 5.46839e+06 7.96166e+06 1.17169e+07 1.72824e+07 2.54648e+07 3.71579e+07 5.36044e+07 7.72078e+07 1.1138e+08 
5.82524 1.32095 2.38254 4.30094 7.77209 14.0557 25.4491 46.1496 83.823 152.457 277.928 508.091 930.66 1709.99 3154.89 5844.42 10862.6 20308.8 38245.4 72292.3 137661 -3.57272e+06 334675 439515 577291 767372 1.04091e+06 1.43124e+06 1.99294e+06 2.81912e+06 4.04766e+06 5.86764e+06 8.58332e+06 1.26865e+07 1.87868e+07 2.77791e+07 4.06472e+07 5.87383e+07 8.4703e+07 1.2229e+08 
3.8747 0.878728 1.58512 2.86186 5.1724 9.35603 16.9437 30.7336 55.8388 101.595 185.281 338.873 621.047 1141.83 2108.17 3908.63 7271.98 13611.3 25665.8 48590.5 92695.2 176596 -4.25183e+06 452095 595715 794695 1.08254e+06 1.49542e+06 2.09282e+06 2.97663e+06 4.29833e+06 6.2669e+06 9.21974e+06 1.36987e+07 2.03827e+07 3.02672e+07 4.44357e+07 6.43451e+07 9.29201e+07 1.34278e+08 
2.55895 0.580405 1.04713 1.89086 3.4181 6.18417 11.2024 20.3256 36.9415 67.2401 122.685 224.504 411.708 757.508 1399.77 2597.76 4838.81 9069.16 17127 32485.1 62104.3 119968 233863 -5.08795e+06 606710 812851 1.11297e+06 1.54624e+06 2.17737e+06 3.11798e+06 4.53478e+06 6.65956e+06 9.86816e+06 1.47596e+07 2.20941e+07 3.29851e+07 4.86298e+07 7.06009e+07 1.02135e+08 1.47761e+08 
1.6683 0.378444 0.682878 1.23333 2.22994 4.03551 7.31228 13.2717 24.1302 43.9412 80.2154 146.874 269.536 496.331 918.003 1705.53 3181.02 5970.95 11295.2 21468.3 41141.2 79690.4 155844 306833 -6.14752e+06 824384 1.13541e+06 1.58781e+06 2.25202e+06 3.25052e+06 4.76754e+06 7.06146e+06 1.05535e+07 1.59099e+07 2.39879e+07 3.60415e+07 5.34022e+07 7.77684e+07 1.12739e+08 1.63314e+08 
1.07165 0.243133 0.438795 0.792656 1.4335 2.59489 4.70339 8.53964 15.5329 28.2996 51.6907 94.7061 173.935 320.578 593.543 1104.04 2062.15 3877.18 7348.15 13998.5 26898 52260.2 102567 202808 406708 -7.52552e+06 1.14636e+06 1.62135e+06 2.31862e+06 3.37742e+06 5.00249e+06 7.48387e+06 1.12978e+07 1.71913e+07 2.61402e+07 3.95713e+07 5.8978e+07 8.61997e+07 1.25267e+08 1.81733e+08 
0.68389 0.155185 0.280126 0.506146 0.915587 1.6579 3.00611 5.46023 9.93641 18.1136 33.1069 60.7021 111.584 205.873 381.619 710.824 1329.91 2505.23 4758.34 9089.16 17519.5 34160.7 67328.3 133815 269933 552419 -9.27592e+06 1.62602e+06 2.34944e+06 3.46248e+06 5.19418e+06 7.87329e+06 1.20452e+07 1.85593e+07 2.85428e+07 4.36453e+07 6.55641e+07 9.62922e+07 1.40387e+08 2.04052e+08 
0.428211 0.0971847 0.175467 0.317121 0.573811 1.03937 1.88533 3.42597 6.23767 11.378 20.8105 38.1865 70.2629 129.78 240.876 449.337 842.207 1589.81 3026.76 5798.52 11215 21953.9 43471.4 86892.6 176435 365183 759995 -1.1584e+07 2.34937e+06 3.51013e+06 5.3465e+06 8.23405e+06 1.28048e+07 2.00392e+07 3.12585e+07 4.84022e+07 7.34268e+07 1.08498e+08 1.58818e+08 2.31363e+08 
0.260812 0.0592039 0.106917 0.193281 0.349832 0.63389 1.15029 2.09125 3.80959 6.95347 12.7274 23.3739 43.0519 79.6142 147.966 276.459 519.175 982.204 1874.69 3602.72 6993.75 13748.6 27361.2 55030.7 112544 234870 493873 1.05662e+06 -1.46894e+07 3.47111e+06 5.43996e+06 8.53711e+06 1.35389e+07 2.15935e+07 3.42713e+07 5.38908e+07 8.27422e+07 1.23182e+08 1.81199e+08 2.64673e+08 
0.15355 0.0348624 0.0629736 0.113872 0.206169 0.373714 0.678455 1.23405 2.24931 4.10839 7.52576 13.8333 25.5068 47.2283 87.902 164.512 309.579 587.064 1123.53 2166.43 4222.26 8338.3 16685.2 33786.8 69647.6 146685 312060 676846 1.48823e+06 -1.89454e+07 5.37661e+06 8.63583e+06 1.40367e+07 2.29411e+07 3.7237e+07 5.9741e+07 9.31736e+07 1.40085e+08 2.07385e+08 3.03936e+08 
0.0858572 0.0194972 0.0352273 0.0637177 0.115399 0.209258 0.380062 0.691643 1.2614 2.30556 4.22671 7.77627 14.3543 26.6125 49.6044 92.9967 175.371 333.369 639.779 1237.94 2422.6 4807.07 9674.25 19730.6 41016.6 87236.5 187966 413950 936501 2.15884e+06 -2.47172e+07 8.25913e+06 1.38539e+07 2.33984e+07 3.9167e+07 6.46177e+07 1.03023e+08 1.57083e+08 2.34672e+08 3.45498e+08 
0.0421867 0.00958204 0.0173169 0.0313307 0.0567605 0.102965 0.187091 0.340639 0.621602 1.13694 2.08597 3.8412 7.09827 13.1769 24.597 46.1926 87.2913 166.337 320.107 621.54 1221.33 2435.01 4928.69 10124.9 21228.6 45603.6 99559 222768 513552 1.21165e+06 2.886e+06 -3.326e+07 1.22499e+07 2.15399e+07 3.748e+07 6.40938e+07 1.05174e+08 1.63388e+08 2.47072e+08 3.65941e+08 
0.0205204 0.0046618 0.00842693 0.0152506 0.0276373 0.0501532 0.0911688 0.166073 0.303223 0.554989 1.01904 1.87816 3.47445 6.4579 12.0721 22.7094 43.003 82.1389 158.503 308.814 609.285 1220.5 2484.51 5140.75 10871 23589 52189.4 118702 279061 674813 1.65873e+06 4.19737e+06 -4.53763e+07 2.02718e+07 3.70528e+07 6.62721e+07 1.1281e+08 1.79533e+08 2.75793e+08 4.11649e+08 
0.00873882 0.00198564 0.00359013 0.00649884 0.0117806 0.0213854 0.0388898 0.0708734 0.129471 0.237119 0.435695 0.803666 1.48819 2.76927 5.18358 9.76615 18.5284 35.4679 68.6134 134.1 265.563 534.272 1093.3 2277.2 4853.73 10630.7 23815.9 55017.7 131819 326640 829717 2.18588e+06 6.00387e+06 -6.27593e+07 3.13203e+07 5.98374e+07 1.07963e+08 1.78905e+08 2.82397e+08 4.27392e+08 
0.00310575 0.000705807 0.0012764 0.00231106 0.00419038 0.00760924 0.0138426 0.0252374 0.0461255 0.0845254 0.155415 0.286886 0.531728 0.990509 1.85631 3.50238 6.65629 12.7674 24.7555 48.5222 96.4175 194.746 400.423 839.079 1801.35 3978.89 9015.71 21124.5 51497.2 130505 341870 936223 2.7012e+06 7.70945e+06 -8.88841e+07 4.58182e+07 8.94682e+07 1.57415e+08 2.5929e+08 4.01845e+08 
0.000931319 0.000211682 0.000382879 0.000693389 0.00125754 0.00228419 0.00415673 0.00758123 0.0138619 0.0254152 0.0467581 0.0863706 0.160215 0.298735 0.560468 1.05881 2.01541 3.87268 7.52441 14.7862 29.4706 59.7356 123.347 259.861 561.443 1249.48 2859.82 6785.49 16798.3 43433.3 117001 332119 1.00222e+06 3.05539e+06 9.50463e+06 -1.27713e+08 6.45212e+07 1.24643e+08 2.18811e+08 3.52706e+08 
0.0002302 5.2329e-05 9.46634e-05 0.000171462 0.000311023 0.000565065 0.00102856 0.00187648 0.0034322 0.00629537 0.0115874 0.0214152 0.0397501 0.0741731 0.139278 0.26338 0.501948 0.965869 1.87965 3.70114 7.3944 15.0296 31.1379 65.8761 143.042 320.215 738.702 1770 4434.86 11647.8 32075.5 93710 293347 947920 3.1913e+06 1.10944e+07 -1.81762e+08 8.3159e+07 1.62377e+08 2.81983e+08 
4.57839e-05 1.04083e-05 1.88304e-05 3.41107e-05 6.18821e-05 0.000112443 0.000204707 0.000373531 0.000683358 0.00125374 0.00230834 0.00426757 0.00792448 0.0147939 0.027794 0.0525924 0.100307 0.193183 0.376325 0.741931 1.48447 3.02243 6.27469 13.3093 28.9886 65.1293 150.978 363.965 918.799 2437.04 6805.95 20259 64967.8 218594 781383 2.98257e+06 1.15725e+07 -2.48287e+08 9.78472e+07 1.99276e+08 
7.15273e-06 1.62616e-06 2.9422e-06 5.33009e-06 9.67042e-06 1.75734e-05 3.19969e-05 5.8393e-05 0.000106844 0.00019606 0.000361054 0.000667664 0.00124015 0.00231597 0.00435279 0.00824015 0.0157245 0.0303032 0.0590731 0.116566 0.233467 0.475914 0.989421 2.10239 4.58873 10.3348 24.0349 58.1742 147.578 393.951 1110.24 3345.16 10897.6 37676.5 140540 571721 2.4674e+06 1.06842e+07 -3.28488e+08 1.19785e+08 
8.47642e-07 1.92718e-07 3.48699e-07 6.31739e-07 1.14624e-06 2.08314e-06 3.79322e-06 6.92312e-06 1.26689e-05 2.32508e-05 4.2824e-05 7.92041e-05 0.000147148 0.000274864 0.000516739 0.000978535 0.00186803 0.0036015 0.00702422 0.0138688 0.027797 0.0567079 0.118005 0.251027 0.548613 1.23743 2.88325 6.99438 17.791 47.6509 134.903 408.909 1342.45 4706.09 17976.1 76059.3 353638 1.79586e+06 9.88609e+06 -4.1763e+08 
dt_FE: 2.39445e-09
dt_EA: 2.39445e-09
dt_PE: 2.39445e-09
tolC: 1e-06
dt_grow: 1.03
dt_max: 0.1
steps: 0
