t: 6.49358e-10
dt: 1.33151e-10
N: 0.000384588 0.000444302 0.000513085 0.000592331 0.000683585 0.000788421 0.000908817 0.00104702 0.00120536 0.00138611 0.00159252 0.00182791 0.00209431 0.00239564 0.00273589 0.00311751 0.00354071 0.00401031 0.00452876 0.00508473 0.00567961 0.00631048 0.00695755 0.00758403 0.00818368 0.00873324 0.00909972 0.00927385 0.009223 0.00888913 0.0238153 0.457509 0.397794 0.00389365 0.00100783 0.000364055 0.000104725 2.29884e-05 3.84322e-06 4.748e-07 
eC: 1 1.15749 1.33977 1.55077 1.795 2.07768 2.40489 2.78363 3.22201 3.72944 4.31677 4.99661 5.78351 6.69433 7.7486 8.9689 10.3814 12.0163 13.9087 16.0991 18.6345 21.5692 24.9661 28.8979 33.4489 38.7167 44.814 51.8717 60.0407 69.4963 80.4411 93.1095 107.773 124.746 144.391 167.131 193.452 223.918 259.182 300 
dV: 1.08333 0.211322 0.327712 0.508206 0.788112 1.22218 1.89532 2.93921 4.55805 7.06849 10.9616 16.999 26.3615 40.8807 63.3966 98.3136 152.462 236.434 366.655 568.597 881.764 1367.42 2120.55 3288.49 5099.69 7908.45 12264.2 19019 29494.1 45738.6 70930.1 109996 170579 264529 410225 636165 986546 1.52991e+06 2.37254e+06 3.67926e+06 
kVec: 803520 933686 1.07773e+06 1.2443e+06 1.43679e+06 1.65869e+06 1.91442e+06 2.20905e+06 2.54818e+06 2.93713e+06 3.38385e+06 3.89669e+06 4.48175e+06 5.14986e+06 5.91236e+06 6.78041e+06 7.75895e+06 8.86706e+06 1.01215e+07 1.15117e+07 1.30617e+07 1.47887e+07 1.66974e+07 1.87467e+07 2.09898e+07 2.34744e+07 2.60128e+07 2.87423e+07 3.17721e+07 3.51732e+07 3.89376e+07 4.37923e+07 5.1834e+07 6.58727e+07 8.97238e+07 1.2719e+08 1.80513e+08 2.46773e+08 3.26919e+08 4.16114e+08 
cMat: 
-209209 959.763 1127.78 1313.66 1531.4 1787.76 2089.78 2445.9 2867.48 3370.14 3968.75 4683.54 5548.43 6595.23 7865.19 9421.36 11355.9 13755.3 16748.5 20587.9 25501.4 31823 40115 51215.1 66022.4 85964 113841 152506 206534 283604 394937 555348 788373 1.1336e+06 1.63673e+06 2.36598e+06 3.40108e+06 4.86076e+06 6.95455e+06 9.98589e+06 
4881.02 -247076 1299.75 1513.99 1764.94 2060.42 2408.53 2819.01 3304.94 3884.34 4574.38 5398.37 6395.43 7602.25 9066.43 10860.7 13091.4 15858.3 19310.3 23738.6 29406.5 36699.5 46266.8 59076.4 76166.7 99186.7 131374 176025 238430 327466 456111 641497 910849 1.30995e+06 1.89166e+06 2.73491e+06 3.93188e+06 5.61979e+06 8.04097e+06 1.15463e+07 
3664.41 830.413 -284797 1743.31 2032.29 2372.56 2773.44 3246.16 3805.79 4473.09 5267.83 6216.89 7365.36 8755.53 10442.2 12509.4 15079.6 18267.8 22245.9 27349.8 33883.2 42291 53322.8 68095.8 87809.3 114368 151513 203052 275101 377923 526517 740699 1.05196e+06 1.51321e+06 2.18563e+06 3.16051e+06 4.54438e+06 6.49582e+06 9.29504e+06 1.33477e+07 
2723.13 617.107 1112.19 -328866 2338.49 2730.05 3191.39 3735.41 4379.47 5147.47 6062.2 7154.58 8476.58 10076.9 12018.7 14398.7 17358.2 21029.7 25611.3 31490.4 39017.2 48705.1 61418.7 78447.6 101176 131805 174652 234120 317275 435979 607569 854957 1.21455e+06 1.74754e+06 2.52467e+06 3.65152e+06 5.25125e+06 7.507e+06 1.07428e+07 1.54275e+07 
2021.82 458.182 825.771 1489.38 -380276 3111.09 3669.56 4295.16 5035.85 5919.11 6971.17 8227.62 9748.28 11589.2 13823.2 16561.5 19966.9 24192.2 29465.5 36233.3 44899.4 56055.7 70699.3 90318.2 116510 151815 201219 269807 365744 502736 700820 986484 1.40183e+06 2.01757e+06 2.91554e+06 4.21783e+06 6.06677e+06 8.67384e+06 1.24136e+07 1.7828e+07 
1500.33 340.006 612.791 1105.26 1977.59 -440084 4213.64 4932.12 5782.79 6797.28 8005.7 9448.99 11195.9 13311 15877.9 19024.6 22938.4 27795.3 33857.6 41639.7 51606.7 64440.4 81290.1 103871 134027 174687 231605 310655 421265 579269 807813 1.13752e+06 1.61705e+06 2.3281e+06 3.36534e+06 4.86993e+06 7.00626e+06 1.00185e+07 1.43394e+07 2.05954e+07 
1112.3 252.072 454.315 819.438 1479.38 2672.39 -509649 5656.32 6632.11 7795.87 9182.2 10838.1 12842.6 15269.7 18215.6 21827.4 26320.6 31897.1 38859 47798 59249.4 73998.1 93367.9 119335 154024 200814 266342 357385 484833 666966 930520 1.31088e+06 1.86429e+06 2.68512e+06 3.88283e+06 5.62062e+06 8.08835e+06 1.15676e+07 1.65587e+07 2.37849e+07 
823.506 186.628 336.369 606.71 1095.35 1978.72 3578.01 -590540 7517.48 8930.26 10518.8 12416.4 14713.7 17495.7 20872.8 25013.8 30166.3 36562.4 44548.9 54806.3 67950.1 84883.4 107130 136964 176836 230638 306022 410810 557568 767401 1.07118e+06 1.50977e+06 2.14819e+06 3.09541e+06 4.47799e+06 6.48456e+06 9.33431e+06 1.3352e+07 1.91155e+07 2.74602e+07 
608.868 137.987 248.705 448.6 809.917 1463.13 2645.78 4740.96 -684765 10213.1 12030.5 14201.6 16830.5 20014.4 23879.9 28620.7 34520.7 41846.1 50995.3 62749.5 77816 97232.7 122751 156990 202767 264568 351209 471709 640566 882134 1.23204e+06 1.7375e+06 2.4736e+06 3.56616e+06 5.16147e+06 7.47751e+06 1.07673e+07 1.5405e+07 2.20581e+07 3.16909e+07 
449.721 101.922 183.705 331.365 598.272 1080.82 1954.52 3539.42 6418.48 -794095 13725.6 16203.9 19205 22840.5 27254.9 32670 39410.9 47782.6 58241.3 71682.9 88918.7 111140 140358 179581 232051 302928 402360 540741 734787 1.01258e+06 1.41522e+06 1.99721e+06 2.84529e+06 4.10458e+06 5.9442e+06 8.61595e+06 1.24116e+07 1.77622e+07 2.5438e+07 3.65518e+07 
331.485 75.1271 135.413 244.263 441.024 796.769 1440.91 2609.45 4732.31 8591.08 -921442 18451.8 21871.4 26014.5 31046.4 37220.4 44908.2 54458.6 66393.7 81739.1 101424 126815 160218 205087 265146 346327 460304 619045 841813 1.16098e+06 1.62392e+06 2.29356e+06 3.27001e+06 4.72065e+06 6.8409e+06 9.92157e+06 1.4299e+07 2.04693e+07 2.93212e+07 4.21379e+07 
243.705 55.2339 99.5593 179.593 324.272 585.865 1059.55 1918.92 3480.22 6318.49 11495.2 -1.07e+06 24669.2 29567.5 35291.8 42317.2 51067.9 61942.4 75536.8 93024 115468 144431 182556 233803 302448 395304 525785 707667 963132 1.32947e+06 1.86128e+06 2.63116e+06 3.75464e+06 5.42467e+06 7.86702e+06 1.14175e+07 1.64636e+07 2.35756e+07 3.37789e+07 4.85525e+07 
178.889 40.545 73.0847 131.841 238.06 430.127 777.939 1408.99 2555.57 4640.16 8442.67 15285.4 -1.24268e+06 33474.3 39962 47926.7 57851.5 70189.7 85620.6 105482 130986 163920 207304 265668 343912 449847 598866 806806 1.09918e+06 1.51891e+06 2.12885e+06 3.0127e+06 4.30374e+06 6.22415e+06 9.0347e+06 1.31229e+07 1.89349e+07 2.71254e+07 3.88764e+07 5.58911e+07 
130.931 29.6761 53.4949 96.5059 174.265 314.879 569.536 1031.61 1871.25 3397.97 6183.25 11280.7 20611.5 -1.44422e+06 45091.1 54090.8 65310.4 79264.5 96724.9 119213 148111 185452 234683 300978 389941 510515 680337 917592 1.2516e+06 1.73172e+06 2.43023e+06 3.44361e+06 4.92548e+06 7.13156e+06 1.03629e+07 1.50664e+07 2.17555e+07 3.11807e+07 4.47036e+07 6.42841e+07 
95.4473 21.6344 39.0002 70.3605 127.06 229.598 415.315 752.327 1364.79 2478.58 4510.82 8230.72 15041.4 27563.5 -1.67972e+06 60158.8 73478.9 89210.2 108905 134291 166936 209154 264867 339974 440874 577789 770900 1.04106e+06 1.42194e+06 1.97023e+06 2.76902e+06 3.92939e+06 5.62838e+06 8.16003e+06 1.18718e+07 1.7279e+07 2.49717e+07 3.58094e+07 5.13593e+07 7.38754e+07 
69.3044 15.7094 28.3206 51.096 92.2769 166.757 301.668 546.512 991.531 1800.95 3278.07 5982.38 10934.8 20042.9 36466.3 -1.95649e+06 82279.2 99936.1 122056 150592 187321 234864 297674 382457 496503 651472 870409 1.1772e+06 1.61043e+06 2.23515e+06 3.14678e+06 4.47311e+06 6.41799e+06 9.3192e+06 1.35775e+07 1.97869e+07 2.86247e+07 4.10736e+07 5.89359e+07 8.48004e+07 
50.1465 11.3673 20.494 36.9776 66.7845 120.699 218.37 395.652 717.92 1304.18 2374.29 4333.88 7923.55 14527.4 26737.9 49392.5 -2.27911e+06 111182 135867 167745 208819 262047 332460 427654 555905 730470 977587 1.32455e+06 1.8155e+06 2.52495e+06 3.56227e+06 5.07434e+06 7.29564e+06 1.06136e+07 1.54904e+07 2.26097e+07 3.27483e+07 4.70263e+07 6.7514e+07 9.71801e+07 
36.0556 8.1736 14.737 26.5921 48.0314 86.8155 157.085 284.649 516.58 938.593 1709.07 3120.34 5706.42 10465.8 19269.2 35610.5 65996.2 -2.65906e+06 150385 185812 231513 290813 369378 475781 619389 815233 1.09312e+06 1.48415e+06 2.03877e+06 2.84218e+06 4.01957e+06 5.7396e+06 8.27177e+06 1.206e+07 1.76366e+07 2.57886e+07 3.74053e+07 5.37608e+07 7.72305e+07 1.11214e+08 
25.7223 5.83145 10.5149 18.975 34.2763 61.9604 112.126 203.21 368.845 670.302 1220.82 2229.48 4078.49 7482.76 13782.6 25482.8 47253.1 88112.1 -3.10927e+06 203403 255163 320879 408092 526445 686506 905265 1.21648e+06 1.65555e+06 2.27997e+06 3.18701e+06 4.51977e+06 6.47172e+06 9.35231e+06 1.36695e+07 2.00363e+07 2.93576e+07 4.26505e+07 6.13607e+07 8.82109e+07 1.27089e+08 
18.2491 4.13751 7.46111 13.4656 24.3268 43.9806 79.6014 144.289 261.951 476.158 867.461 1584.66 2899.97 5322.83 9808.95 18146.2 33671.5 62834.8 117396 -3.63663e+06 277995 350067 445914 576305 753085 995347 1.34112e+06 1.83054e+06 2.52886e+06 3.54683e+06 5.04756e+06 7.25254e+06 1.05166e+07 1.54194e+07 2.26664e+07 3.32966e+07 4.84705e+07 6.98211e+07 1.00461e+08 1.44826e+08 
12.8212 2.9071 5.24284 9.46317 17.0982 30.9167 55.9665 101.467 184.252 335.013 610.514 1115.67 2042.57 3750.93 6916.08 12802.7 23774.8 44405.4 83530.8 157678 -4.26294e+06 378096 482492 624916 818572 1.08479e+06 1.46622e+06 2.00814e+06 2.78444e+06 3.92078e+06 5.60269e+06 8.08326e+06 1.17688e+07 1.73197e+07 2.55465e+07 3.76415e+07 5.4926e+07 7.92368e+07 1.14127e+08 1.6464e+08 
8.89383 2.01679 3.63759 6.56656 11.8662 21.4599 38.8551 70.4599 127.979 232.767 424.333 775.74 1420.91 2610.76 4816.81 8923.11 16584.7 31006.9 58392 110374 210177 -5.00991e+06 510972 671040 881393 1.1716e+06 1.58924e+06 2.18518e+06 3.04276e+06 4.30415e+06 6.17986e+06 8.95855e+06 1.31048e+07 1.93695e+07 2.86831e+07 4.24124e+07 6.2059e+07 8.96801e+07 1.29322e+08 1.86709e+08 
6.08864 1.38082 2.49083 4.49708 8.12783 14.7019 26.6251 48.2942 87.7441 159.645 291.148 532.5 975.903 1794.25 3312.74 6141.96 11427.1 21388.5 40330.8 76354.3 145660 277500 -5.91276e+06 710414 936097 1.24877e+06 1.70108e+06 2.34989e+06 3.28862e+06 4.67743e+06 6.75432e+06 9.84771e+06 1.44877e+07 2.15259e+07 3.2029e+07 4.75614e+07 6.98255e+07 1.01111e+08 1.46013e+08 2.11002e+08 
4.10946 0.932082 1.68161 3.03656 5.48918 9.93126 17.9901 32.6412 59.3249 107.982 197.021 360.535 661.169 1216.49 2247.91 4171.79 7770.72 14564.3 27504.6 52168.4 99734.3 192658 375565 -6.98799e+06 974326 1.30537e+06 1.78733e+06 2.48313e+06 3.49668e+06 5.00722e+06 7.28247e+06 1.06947e+07 1.58474e+07 2.37026e+07 3.54813e+07 5.29712e+07 7.80954e+07 1.13379e+08 1.6402e+08 2.37291e+08 
2.71468 0.615808 1.11118 2.00689 3.62858 6.56661 11.8986 21.5958 39.2648 71.5015 130.527 238.995 438.592 807.633 1493.78 2775.25 5176.18 9715.98 18379.6 34933.3 66945.2 129673 253591 499280 -8.29822e+06 1.34144e+06 1.84756e+06 2.58369e+06 3.6645e+06 5.28928e+06 7.75778e+06 1.14905e+07 1.71728e+07 2.58887e+07 3.90333e+07 5.8647e+07 8.68964e+07 1.26545e+08 1.8345e+08 2.65746e+08 
1.74714 0.396386 0.715378 1.29229 2.33707 4.23052 7.66805 13.9224 25.3237 46.1376 84.2727 154.402 283.571 522.647 967.668 1799.95 3361.98 6321.06 11979.9 22822.1 43852.5 85201 167217 330642 663066 -9.9275e+06 1.86894e+06 2.64333e+06 3.7801e+06 5.5063e+06 8.15569e+06 1.22011e+07 1.8419e+07 2.80273e+07 4.26171e+07 6.4514e+07 9.61532e+07 1.40534e+08 2.04226e+08 2.96283e+08 
1.09706 0.248939 0.449362 0.811931 1.46873 2.6595 4.82224 8.759 15.9394 29.0568 53.1083 97.3749 178.997 330.249 612.171 1140.26 2133.37 4018.76 7633.06 14580.3 28103.8 54798.7 108004 214658 433012 886160 -1.18956e+07 2.60837e+06 3.76885e+06 5.55432e+06 8.33222e+06 1.26299e+07 1.93222e+07 2.97717e+07 4.57867e+07 7.00134e+07 1.05174e+08 1.54467e+08 2.252e+08 3.2733e+08 
0.664071 0.150714 0.272115 0.491792 0.889868 1.61186 2.92377 5.313 9.67339 17.645 32.2729 59.2196 108.964 201.263 373.551 696.833 1306.1 2465.48 4693.91 8992.36 17392.3 34046.1 67415.5 134753 273615 566326 1.1786e+06 -1.43541e+07 3.64341e+06 5.44352e+06 8.29137e+06 1.27694e+07 1.98578e+07 3.10768e+07 4.84757e+07 7.50622e+07 1.1387e+08 1.68259e+08 2.46295e+08 3.58798e+08 
0.384328 0.0872417 0.157551 0.284815 0.515505 0.934089 1.69505 3.08163 5.61374 10.2465 18.7549 34.4434 63.4404 117.318 218.041 407.384 765.046 1447.36 2762.51 5308.9 10305.9 20259.6 40319 81092.2 165843 346100 727762 1.55701e+06 -1.74636e+07 5.11497e+06 8.01623e+06 1.25801e+07 1.99506e+07 3.18197e+07 5.05015e+07 7.94126e+07 1.21927e+08 1.81519e+08 2.67012e+08 3.90018e+08 
0.211441 0.0480061 0.0867158 0.156804 0.283898 0.514611 0.934244 1.6993 3.09734 5.65732 10.3631 19.0487 35.1234 65.0342 121.043 226.536 426.296 808.398 1547.12 2983.22 5814.12 11482 22975.8 46525 95906.1 201988 429712 932030 2.04932e+06 -2.14873e+07 7.40369e+06 1.18917e+07 1.93288e+07 3.15903e+07 5.1276e+07 8.22644e+07 1.28302e+08 1.92899e+08 2.85573e+08 4.18526e+08 
0.107761 0.0244713 0.0442144 0.0799731 0.144839 0.262643 0.477022 0.868092 1.5832 2.89375 5.30501 9.76012 18.0163 33.4018 62.2593 116.722 220.11 418.417 802.998 1553.76 3040.64 6033.43 12142.3 24764.2 51480.6 109492 235920 519556 1.17542e+06 2.7096e+06 -2.67309e+07 1.03662e+07 1.73882e+07 2.93677e+07 4.91592e+07 8.11027e+07 1.29305e+08 1.97158e+08 2.94541e+08 4.3364e+08 
0.0286881 0.00651606 0.011776 0.0213058 0.0385987 0.0700192 0.127227 0.231644 0.422707 0.773154 1.41852 2.61212 4.82702 8.96065 16.7266 31.4123 59.3605 113.114 217.682 422.665 830.538 1655.88 3351.65 6885.24 14436 31011.8 67702.9 151489 349230 823957 1.96256e+06 -3.7372e+07 8.33029e+06 1.46478e+07 2.54875e+07 4.35856e+07 7.15211e+07 1.11109e+08 1.68016e+08 2.4885e+08 
0.0139291 0.0031644 0.00572015 0.010352 0.01876 0.0340437 0.0618848 0.112729 0.205826 0.376723 0.691719 1.27488 2.35843 4.38358 8.19447 15.415 29.1901 55.7554 107.591 209.621 413.579 828.465 1686.47 3489.51 7379.14 16012.1 35425.8 80574.1 189425 458059 1.12594e+06 2.84915e+06 -4.94354e+07 1.37604e+07 2.51512e+07 4.49851e+07 7.65744e+07 1.21866e+08 1.87207e+08 2.79425e+08 
0.00908661 0.00206466 0.00373301 0.00675748 0.0122494 0.0222365 0.0404376 0.073694 0.134623 0.246555 0.453035 0.835651 1.54742 2.87948 5.38988 10.1548 19.2658 36.8795 71.3441 139.437 276.132 555.535 1136.81 2367.83 5046.9 11053.8 24763.7 57207.3 137065 339640 862738 2.27287e+06 6.24282e+06 -6.22367e+07 3.25668e+07 6.22188e+07 1.1226e+08 1.86025e+08 2.93636e+08 4.44402e+08 
0.00315424 0.000716827 0.00129632 0.00234714 0.0042558 0.00772804 0.0140587 0.0256315 0.0468456 0.085845 0.157841 0.291365 0.540029 1.00597 1.88529 3.55706 6.76021 12.9667 25.142 49.2798 97.9229 197.787 406.675 852.179 1829.47 4041.01 9156.47 21454.3 52301.2 132542 347207 950840 2.74337e+06 7.82982e+06 -8.81238e+07 4.65335e+07 9.0865e+07 1.59872e+08 2.63338e+08 4.08119e+08 
0.000935948 0.000212734 0.000384782 0.000696835 0.00126379 0.00229554 0.00417739 0.00761891 0.0139308 0.0255416 0.0469905 0.0867999 0.161011 0.30022 0.563253 1.06407 2.02543 3.89193 7.56181 14.8597 29.6171 60.0324 123.96 261.152 564.233 1255.69 2874.03 6819.22 16881.8 43649.1 117583 333769 1.0072e+06 3.07058e+06 9.55187e+06 -1.26601e+08 6.48418e+07 1.25263e+08 2.19898e+08 3.54459e+08 
0.000230503 5.23979e-05 9.4788e-05 0.000171688 0.000311432 0.000565808 0.00102991 0.00187895 0.00343671 0.00630366 0.0116026 0.0214434 0.0398024 0.0742707 0.139461 0.263727 0.502609 0.96714 1.88213 3.70601 7.40413 15.0494 31.1789 65.9628 143.23 320.636 739.674 1772.33 4440.7 11663.2 32117.7 93833.3 293733 949168 3.19551e+06 1.1109e+07 -1.80339e+08 8.32684e+07 1.62591e+08 2.82354e+08 
4.57969e-05 1.04113e-05 1.88358e-05 3.41204e-05 6.18997e-05 0.000112475 0.000204765 0.000373637 0.000683552 0.0012541 0.00230899 0.00426878 0.00792673 0.0147981 0.0278019 0.0526074 0.100335 0.193238 0.376432 0.742141 1.48489 3.02329 6.27647 13.3131 28.9968 65.1478 151.021 364.068 919.06 2437.73 6807.88 20264.8 64986.2 218656 781605 2.98341e+06 1.15758e+07 -2.46733e+08 9.7875e+07 1.99332e+08 
7.15307e-06 1.62624e-06 2.94234e-06 5.33035e-06 9.67089e-06 1.75743e-05 3.19985e-05 5.83958e-05 0.000106849 0.00019607 0.000361072 0.000667696 0.00124021 0.00231608 0.004353 0.00824054 0.0157253 0.0303046 0.0590759 0.116571 0.233479 0.475937 0.989468 2.10249 4.58895 10.3353 24.0361 58.177 147.585 393.97 1110.29 3345.32 10898.2 37678.4 140546 571748 2.46752e+06 1.06847e+07 -3.26912e+08 1.1979e+08 
8.47648e-07 1.92719e-07 3.48702e-07 6.31743e-07 1.14625e-06 2.08315e-06 3.79324e-06 6.92317e-06 1.2669e-05 2.3251e-05 4.28243e-05 7.92046e-05 0.000147149 0.000274866 0.000516742 0.000978541 0.00186805 0.00360152 0.00702427 0.0138689 0.0277971 0.0567082 0.118005 0.251029 0.548616 1.23744 2.88327 6.99443 17.7911 47.6512 134.904 408.912 1342.46 4706.12 17976.2 76059.8 353641 1.79587e+06 9.88615e+06 -4.16113e+08 
dt_FE: 1.33151e-10
dt_EA: 1.33151e-10
dt_PE: 1.33151e-10
tolC: 1e-06
dt_grow: 1.03
dt_max: 0.1
steps: 0
