t: 2.52935e-09
dt: 1.41061e-10
N: 0.00150962 0.00174377 0.0020134 0.00232394 0.0026814 0.00309186 0.00356299 0.00410348 0.00472227 0.00542801 0.00623319 0.00715037 0.00818703 0.00935781 0.0106775 0.0121547 0.0137888 0.015597 0.0175869 0.0197122 0.0219757 0.0243628 0.0267938 0.0291248 0.0313282 0.0333108 0.0345714 0.0350752 0.034699 0.0330538 0.0440563 0.433047 0.365397 0.00984891 0.00365112 0.001305 0.000371194 8.11207e-05 1.35925e-05 1.69819e-06 
eC: 1 1.15749 1.33977 1.55077 1.795 2.07768 2.40489 2.78363 3.22201 3.72944 4.31677 4.99661 5.78351 6.69433 7.7486 8.9689 10.3814 12.0163 13.9087 16.0991 18.6345 21.5692 24.9661 28.8979 33.4489 38.7167 44.814 51.8717 60.0407 69.4963 80.4411 93.1095 107.773 124.746 144.391 167.131 193.452 223.918 259.182 300 
dV: 1.08333 0.211322 0.327712 0.508206 0.788112 1.22218 1.89532 2.93921 4.55805 7.06849 10.9616 16.999 26.3615 40.8807 63.3966 98.3136 152.462 236.434 366.655 568.597 881.764 1367.42 2120.55 3288.49 5099.69 7908.45 12264.2 19019 29494.1 45738.6 70930.1 109996 170579 264529 410225 636165 986546 1.52991e+06 2.37254e+06 3.67926e+06 
kVec: 810374 941555 1.08675e+06 1.25462e+06 1.44858e+06 1.67212e+06 1.92969e+06 2.22634e+06 2.5677e+06 2.95903e+06 3.40831e+06 3.92381e+06 4.51154e+06 5.1822e+06 5.947e+06 6.81678e+06 7.79607e+06 8.90355e+06 1.01554e+07 1.15398e+07 1.30799e+07 1.47917e+07 1.66782e+07 1.86965e+07 2.08984e+07 2.33305e+07 2.58069e+07 2.84685e+07 3.14325e+07 3.47921e+07 3.85731e+07 4.35501e+07 5.18118e+07 6.60198e+07 8.99328e+07 1.27411e+08 1.80721e+08 2.46958e+08 3.27083e+08 4.16261e+08 
cMat: 
-206025 958.683 1126.51 1312.18 1529.67 1785.74 2087.43 2443.15 2864.26 3366.34 3964.28 4678.27 5542.19 6587.8 7856.34 9410.76 11343.1 13739.8 16729.6 20564.7 25472.7 31787.2 40069.8 51157.5 65948.1 85867.2 113713 152335 206302 283285 394492 554722 787486 1.13233e+06 1.63489e+06 2.36332e+06 3.39725e+06 4.85529e+06 6.94672e+06 9.97465e+06 
4874.68 -243369 1298.06 1512.02 1762.65 2057.74 2405.4 2815.34 3300.65 3879.29 4568.43 5391.35 6387.11 7592.37 9054.64 10846.6 13074.4 15837.7 19285.2 23707.7 29368.3 36651.8 46206.7 58999.6 76067.6 99057.7 131203 175796 238120 327041 455518 640663 909665 1.30825e+06 1.8892e+06 2.73136e+06 3.92677e+06 5.61248e+06 8.03052e+06 1.15313e+07 
3658.91 829.166 -280487 1740.7 2029.24 2368.99 2769.28 3241.28 3800.08 4466.37 5259.92 6207.56 7354.31 8742.38 10426.6 12490.6 15056.9 18240.4 22212.5 27308.7 33832.3 42227.6 53242.7 67993.5 87677.5 114197 151285 202747 274688 377356 525727 739587 1.05038e+06 1.51094e+06 2.18235e+06 3.15576e+06 4.53756e+06 6.48607e+06 9.28108e+06 1.33277e+07 
2718.41 616.038 1110.26 -323851 2334.44 2725.32 3185.86 3728.93 4371.88 5138.55 6051.69 7142.19 8461.89 10059.4 11997.9 14373.8 17328.1 20993.3 25566.9 31435.8 38949.6 48620.7 61312.3 78311.7 101001 131576 174349 233714 316725 435223 606516 853475 1.21245e+06 1.74451e+06 2.5203e+06 3.6452e+06 5.24215e+06 7.494e+06 1.07241e+07 1.54008e+07 
2017.78 457.266 824.12 1486.41 -374436 3104.87 3662.22 4286.58 5025.78 5907.28 6957.23 8211.17 9728.79 11566 13795.6 16528.4 19927 24143.9 29406.6 36160.9 44809.7 55943.6 70558 90137.6 116277 151511 200816 269267 365013 501731 699419 984512 1.39903e+06 2.01353e+06 2.90971e+06 4.2094e+06 6.05464e+06 8.6565e+06 1.23888e+07 1.77924e+07 
1496.87 339.222 611.378 1102.71 1973.03 -433276 4203.93 4920.75 5769.46 6781.61 7987.24 9427.21 11170.1 13280.3 15841.3 18980.7 22885.6 27731.2 33779.6 41543.7 51487.7 64291.8 81102.7 103632 133718 174284 231072 309939 420294 577933 805950 1.13489e+06 1.61332e+06 2.32274e+06 3.35758e+06 4.8587e+06 6.99011e+06 9.99537e+06 1.43063e+07 2.05479e+07 
1109.34 251.403 453.108 817.261 1475.45 2665.29 -501705 5641.29 6614.49 7775.16 9157.8 10809.3 12808.4 15229.1 18167.2 21769.4 26250.6 31812.4 38755.8 47671 59092 73801.5 93119.8 119018 153615 200280 265634 356436 483545 665195 928048 1.30739e+06 1.85933e+06 2.67799e+06 3.87252e+06 5.60569e+06 8.06686e+06 1.15369e+07 1.65147e+07 2.37217e+07 
820.986 186.057 335.339 604.854 1092 1972.66 3567.06 -581259 7494.48 8902.93 10486.6 12378.4 14668.7 17442.1 20808.9 24937.3 30074 36450.5 44412.6 54638.6 67742.2 84623.6 106802 136545 176295 229932 305086 409553 555862 765053 1.0679e+06 1.50515e+06 2.14162e+06 3.08594e+06 4.46429e+06 6.46472e+06 9.30575e+06 1.33112e+07 1.9057e+07 2.73762e+07 
606.724 137.501 247.83 447.021 807.065 1457.98 2636.46 4724.27 -673909 10177.2 11988.1 14151.6 16771.2 19943.9 23795.8 28519.9 34399.1 41698.8 50815.8 62528.6 77542 96890.3 122319 156437 202053 263636 349972 470048 638310 879028 1.2277e+06 1.73138e+06 2.46489e+06 3.5536e+06 5.14329e+06 7.45118e+06 1.07293e+07 1.53508e+07 2.19804e+07 3.15793e+07 
447.901 101.509 182.962 330.023 595.85 1076.45 1946.61 3525.1 6392.51 -781386 13670.1 16138.3 19127.3 22748 27144.6 32537.8 39251.4 47589.2 58005.6 71392.8 88558.8 110690 139790 178854 231112 301702 400732 538553 731813 1.00848e+06 1.40949e+06 1.98913e+06 2.83377e+06 4.08797e+06 5.92014e+06 8.58108e+06 1.23614e+07 1.76903e+07 2.53351e+07 3.64038e+07 
329.945 74.7779 134.784 243.127 438.974 793.066 1434.21 2597.32 4710.31 8551.15 -906540 18366 21769.8 25893.6 30902.1 37047.4 44699.5 54205.5 66085.1 81359.1 100953 126226 159473 204133 263913 344717 458164 616168 837900 1.15558e+06 1.61637e+06 2.28289e+06 3.25481e+06 4.69871e+06 6.8091e+06 9.87546e+06 1.42326e+07 2.03741e+07 2.91849e+07 4.1942e+07 
242.406 54.9394 99.0284 178.636 322.543 582.741 1053.9 1908.69 3461.66 6284.8 11433.9 -1.05249e+06 24537.6 29409.9 35103.6 42091.5 50795.6 61612.1 75134 92528 114852 143660 181583 232557 300836 393196 522981 703894 957997 1.32238e+06 1.85136e+06 2.61713e+06 3.73462e+06 5.39575e+06 7.82507e+06 1.13566e+07 1.63758e+07 2.34499e+07 3.35988e+07 4.82936e+07 
177.797 40.2974 72.6385 131.036 236.607 427.5 773.189 1400.39 2539.97 4611.83 8391.12 15192.1 -1.2221e+06 33270 39718 47634.1 57498.3 69761.2 85097.9 104838 130187 162919 206038 264046 341812 447100 595210 801880 1.09247e+06 1.50964e+06 2.11585e+06 2.99431e+06 4.27746e+06 6.18615e+06 8.97954e+06 1.30427e+07 1.88193e+07 2.69598e+07 3.8639e+07 5.55498e+07 
130.017 29.469 53.1215 95.8324 173.049 312.682 565.561 1024.41 1858.19 3374.26 6140.09 11202 20467.7 -1.41999e+06 44776.4 53713.3 64854.6 78711.3 96049.8 118381 147077 184158 233045 298877 387219 506952 675589 911188 1.24287e+06 1.71963e+06 2.41327e+06 3.41958e+06 4.89111e+06 7.08179e+06 1.02906e+07 1.49613e+07 2.16037e+07 3.09631e+07 4.43916e+07 6.38355e+07 
94.6872 21.4621 38.6896 69.8002 126.048 227.77 412.007 746.336 1353.92 2458.84 4474.89 8165.18 14921.6 27344 -1.65114e+06 59679.7 72893.8 88499.8 108038 133221 165607 207488 262758 337267 437363 573188 764761 1.03277e+06 1.41062e+06 1.95454e+06 2.74697e+06 3.8981e+06 5.58356e+06 8.09505e+06 1.17772e+07 1.71414e+07 2.47728e+07 3.55242e+07 5.09503e+07 7.32871e+07 
68.6762 15.5669 28.0638 50.6328 91.4403 165.245 298.934 541.558 982.542 1784.62 3248.35 5928.15 10835.7 19861.2 36135.8 -1.92272e+06 81533.3 99030.1 120950 149227 185622 232735 294975 378990 492002 645567 862519 1.16653e+06 1.59583e+06 2.21489e+06 3.11825e+06 4.43256e+06 6.35981e+06 9.23472e+06 1.34544e+07 1.96075e+07 2.83652e+07 4.07012e+07 5.84016e+07 8.40316e+07 
49.6307 11.2504 20.2832 36.5973 66.0977 119.458 216.124 391.583 710.537 1290.77 2349.87 4289.31 7842.06 14378 26462.9 48884.5 -2.23921e+06 110038 134470 166020 206672 259352 329041 423256 550188 722957 967533 1.31092e+06 1.79683e+06 2.49898e+06 3.52563e+06 5.02215e+06 7.2206e+06 1.05045e+07 1.53311e+07 2.23772e+07 3.24115e+07 4.65426e+07 6.68196e+07 9.61807e+07 
35.6362 8.07851 14.5656 26.2828 47.4727 85.8055 155.258 281.338 510.57 927.674 1689.19 3084.04 5640.03 10344 19045.1 35196.3 65228.5 -2.61186e+06 148635 183650 228820 287430 365081 470246 612183 805749 1.0804e+06 1.46689e+06 2.01506e+06 2.80912e+06 3.97281e+06 5.67283e+06 8.17554e+06 1.19197e+07 1.74315e+07 2.54886e+07 3.69701e+07 5.31353e+07 7.63321e+07 1.09921e+08 
25.3849 5.75496 10.3769 18.7261 33.8267 61.1476 110.655 200.544 364.007 661.509 1204.8 2200.24 4024.99 7384.61 13601.8 25148.5 46633.3 86956.3 -3.05335e+06 200735 251816 316670 402739 519540 677501 893391 1.20052e+06 1.63384e+06 2.25006e+06 3.1452e+06 4.46048e+06 6.38683e+06 9.22963e+06 1.34902e+07 1.97735e+07 2.89725e+07 4.2091e+07 6.05558e+07 8.70537e+07 1.25422e+08 
17.9808 4.07668 7.35141 13.2676 23.9691 43.334 78.4311 142.168 258.1 469.157 854.707 1561.36 2857.34 5244.58 9664.73 17879.4 33176.4 61911 115670 -3.57053e+06 273908 344920 439358 567832 742013 980714 1.32141e+06 1.80362e+06 2.49168e+06 3.49468e+06 4.97335e+06 7.14591e+06 1.0362e+07 1.51927e+07 2.23331e+07 3.28071e+07 4.77579e+07 6.87945e+07 9.89845e+07 1.42696e+08 
12.6111 2.85946 5.15692 9.30808 16.818 30.41 55.0492 99.8044 181.232 329.522 600.508 1097.38 2009.09 3689.45 6802.73 12592.9 23385.1 43677.7 82161.8 155093 -4.18489e+06 371899 474584 614674 805156 1.06701e+06 1.44219e+06 1.97523e+06 2.73881e+06 3.85652e+06 5.51087e+06 7.95078e+06 1.15759e+07 1.70358e+07 2.51278e+07 3.70246e+07 5.40258e+07 7.79382e+07 1.12256e+08 1.61942e+08 
8.73226 1.98015 3.57151 6.44727 11.6507 21.0701 38.1492 69.1799 125.654 228.538 416.624 761.647 1395.09 2563.33 4729.3 8761.01 16283.4 30443.6 57331.2 108369 206359 -4.91798e+06 501690 658849 865380 1.15032e+06 1.56036e+06 2.14549e+06 2.98749e+06 4.22596e+06 6.06759e+06 8.7958e+06 1.28667e+07 1.90176e+07 2.81621e+07 4.16419e+07 6.09316e+07 8.80509e+07 1.26973e+08 1.83317e+08 
5.96701 1.35324 2.44108 4.40725 7.96547 14.4082 26.0932 47.3295 85.9914 156.456 285.332 521.863 956.409 1758.41 3246.57 6019.27 11198.8 20961.3 39525.2 74829.1 142750 271957 -5.80481e+06 696223 917398 1.22383e+06 1.6671e+06 2.30295e+06 3.22292e+06 4.584e+06 6.6194e+06 9.651e+06 1.41983e+07 2.10959e+07 3.13892e+07 4.66114e+07 6.84307e+07 9.90912e+07 1.43097e+08 2.06787e+08 
4.02027 0.911851 1.64511 2.97065 5.37004 9.7157 17.5997 31.9327 58.0372 105.638 192.745 352.71 646.818 1190.09 2199.12 4081.24 7602.05 14248.2 26907.6 51036.1 97569.5 188477 367413 -6.86242e+06 953178 1.27704e+06 1.74854e+06 2.42923e+06 3.42078e+06 4.89854e+06 7.1244e+06 1.04626e+07 1.55035e+07 2.31881e+07 3.47112e+07 5.18215e+07 7.64003e+07 1.10918e+08 1.6046e+08 2.32141e+08 
2.65133 0.601438 1.08525 1.96005 3.54391 6.41338 11.621 21.0919 38.3486 69.8329 127.481 233.418 428.357 788.787 1458.92 2710.48 5055.39 9489.25 17950.7 34118.1 65383 126647 247674 487629 -8.1536e+06 1.31014e+06 1.80444e+06 2.5234e+06 3.57899e+06 5.16585e+06 7.57675e+06 1.12223e+07 1.67721e+07 2.52846e+07 3.81225e+07 5.72784e+07 8.48687e+07 1.23592e+08 1.79169e+08 2.59545e+08 
1.70382 0.386558 0.697641 1.26025 2.27912 4.12563 7.47793 13.5772 24.6958 44.9936 82.1832 150.574 276.54 509.688 943.676 1755.32 3278.62 6164.33 11682.8 22256.2 42765.2 83088.6 163071 322444 646626 -9.76333e+06 1.8226e+06 2.57779e+06 3.68638e+06 5.36977e+06 7.95348e+06 1.18986e+07 1.79623e+07 2.73324e+07 4.15604e+07 6.29145e+07 9.37692e+07 1.37049e+08 1.99162e+08 2.88937e+08 
1.06886 0.242539 0.437811 0.79106 1.43098 2.59114 4.69828 8.53385 15.5297 28.3099 51.7431 94.8718 174.396 321.76 596.435 1110.95 2078.53 3915.45 7436.85 14205.5 27381.4 53390.1 105228 209141 421881 863381 -1.17145e+07 2.54132e+06 3.67197e+06 5.41154e+06 8.11803e+06 1.23052e+07 1.88255e+07 2.90064e+07 4.46098e+07 6.82137e+07 1.02471e+08 1.50496e+08 2.19411e+08 3.18915e+08 
0.646777 0.146789 0.265028 0.478984 0.866693 1.56988 2.84763 5.17464 9.42147 17.1854 31.4324 57.6774 106.126 196.022 363.822 678.686 1272.08 2401.28 4571.67 8758.17 16939.4 33159.5 65659.8 131244 266490 551577 1.14791e+06 -1.41621e+07 3.54853e+06 5.30176e+06 8.07544e+06 1.24368e+07 1.93406e+07 3.02675e+07 4.72132e+07 7.31073e+07 1.10905e+08 1.63877e+08 2.3988e+08 3.49454e+08 
0.374446 0.0849985 0.1535 0.277491 0.50225 0.910071 1.65146 3.00239 5.46939 9.98303 18.2727 33.5578 61.8092 114.301 212.434 396.909 745.374 1410.14 2691.48 5172.39 10040.9 19738.7 39282.3 79007.1 161579 337201 709049 1.51697e+06 -1.72755e+07 4.98344e+06 7.8101e+06 1.22566e+07 1.94376e+07 3.10016e+07 4.9203e+07 7.73706e+07 1.18792e+08 1.76852e+08 2.60146e+08 3.79989e+08 
0.206286 0.0468357 0.0846015 0.152981 0.276976 0.502064 0.911466 1.65787 3.02183 5.51939 10.1104 18.5843 34.267 63.4486 118.091 221.012 415.902 788.688 1509.4 2910.48 5672.37 11202 22415.6 45390.7 93567.7 197063 419235 909306 1.99935e+06 -2.13294e+07 7.22318e+06 1.16018e+07 1.88576e+07 3.08201e+07 5.00258e+07 8.02587e+07 1.25174e+08 1.88196e+08 2.7861e+08 4.08321e+08 
0.105526 0.0239639 0.0432976 0.0783149 0.141836 0.257197 0.467131 0.850093 1.55037 2.83375 5.19501 9.55775 17.6427 32.7092 60.9684 114.301 215.546 409.741 786.348 1521.54 2977.59 5908.32 11890.5 24250.8 50413.1 107222 231028 508783 1.15105e+06 2.65341e+06 -2.66396e+07 1.01512e+07 1.70277e+07 2.87588e+07 4.81398e+07 7.94211e+07 1.26624e+08 1.9307e+08 2.88434e+08 4.24648e+08 
0.0299817 0.00680988 0.012307 0.0222665 0.0403392 0.0731765 0.132964 0.242089 0.441768 0.808017 1.48248 2.72991 5.04468 9.36471 17.4809 32.8287 62.0372 118.214 227.497 441.724 867.988 1730.54 3502.78 7195.71 15087 32410.1 70755.8 158320 364978 861110 2.05105e+06 -3.70769e+07 8.70592e+06 1.53083e+07 2.66368e+07 4.5551e+07 7.47461e+07 1.16119e+08 1.75592e+08 2.60071e+08 
0.0146785 0.00333464 0.00602788 0.0109089 0.0197692 0.0358752 0.0652141 0.118794 0.216899 0.39699 0.728931 1.34347 2.48531 4.61941 8.63531 16.2443 30.7605 58.7549 113.379 220.898 435.828 873.034 1777.2 3677.23 7776.12 16873.5 37331.6 84908.8 199616 482701 1.18651e+06 3.00242e+06 -4.90925e+07 1.45007e+07 2.65043e+07 4.74052e+07 8.06939e+07 1.28422e+08 1.97278e+08 2.94457e+08 
0.00903229 0.00205232 0.0037107 0.00671708 0.0121762 0.0221035 0.0401958 0.0732535 0.133818 0.245081 0.450327 0.830655 1.53817 2.86227 5.35765 10.0941 19.1506 36.659 70.9176 138.604 274.481 552.214 1130.01 2353.68 5016.72 10987.7 24615.7 56865.2 136246 337609 857580 2.25929e+06 6.20549e+06 -6.24213e+07 3.23721e+07 6.18468e+07 1.11589e+08 1.84913e+08 2.91881e+08 4.41745e+08 
0.00314589 0.00071493 0.00129289 0.00234093 0.00424454 0.00770759 0.0140215 0.0255636 0.0467217 0.0856179 0.157423 0.290594 0.538601 1.00331 1.8803 3.54765 6.74233 12.9324 25.0755 49.1494 97.6638 197.263 405.599 849.924 1824.63 4030.32 9132.24 21397.5 52162.8 132192 346289 948324 2.73611e+06 7.8091e+06 -8.83054e+07 4.64104e+07 9.06246e+07 1.59449e+08 2.62641e+08 4.07039e+08 
0.000935067 0.000212534 0.00038442 0.000696179 0.0012626 0.00229338 0.00417345 0.00761174 0.0139177 0.0255175 0.0469462 0.0867182 0.160859 0.299937 0.562723 1.06307 2.02352 3.88826 7.55469 14.8457 29.5892 59.9759 123.843 260.906 563.702 1254.51 2871.33 6812.8 16865.9 43608 117472 333455 1.00625e+06 3.06769e+06 9.54288e+06 -1.26787e+08 6.47808e+07 1.25145e+08 2.19691e+08 3.54126e+08 
0.000230442 5.23839e-05 9.47628e-05 0.000171642 0.000311349 0.000565657 0.00102964 0.00187845 0.0034358 0.00630198 0.0115995 0.0214377 0.0397918 0.074251 0.139424 0.263657 0.502475 0.966882 1.88162 3.70502 7.40216 15.0454 31.1706 65.9452 143.192 320.551 739.477 1771.86 4439.52 11660.1 32109.1 93808.3 293654 948915 3.19465e+06 1.1106e+07 -1.80526e+08 8.32462e+07 1.62548e+08 2.82279e+08 
4.57942e-05 1.04107e-05 1.88347e-05 3.41184e-05 6.18961e-05 0.000112468 0.000204753 0.000373616 0.000683512 0.00125403 0.00230886 0.00426854 0.00792627 0.0147973 0.0278002 0.0526043 0.100329 0.193227 0.37641 0.742098 1.4848 3.02312 6.27611 13.3123 28.9951 65.144 151.012 364.047 919.006 2437.59 6807.48 20263.6 64982.5 218643 781560 2.98324e+06 1.15751e+07 -2.4691e+08 9.78693e+07 1.9932e+08 
7.153e-06 1.62623e-06 2.94231e-06 5.33029e-06 9.67079e-06 1.75741e-05 3.19982e-05 5.83952e-05 0.000106848 0.000196068 0.000361068 0.00066769 0.0012402 0.00231606 0.00435296 0.00824046 0.0157251 0.0303043 0.0590753 0.11657 0.233476 0.475932 0.989459 2.10247 4.5889 10.3352 24.0358 58.1765 147.584 393.966 1110.28 3345.28 10898.1 37678 140545 571743 2.46749e+06 1.06846e+07 -3.27074e+08 1.19789e+08 
8.47647e-07 1.92719e-07 3.48701e-07 6.31742e-07 1.14624e-06 2.08315e-06 3.79324e-06 6.92316e-06 1.2669e-05 2.32509e-05 4.28242e-05 7.92045e-05 0.000147149 0.000274866 0.000516742 0.00097854 0.00186804 0.00360152 0.00702426 0.0138689 0.0277971 0.0567081 0.118005 0.251029 0.548616 1.23744 2.88326 6.99442 17.7911 47.6512 134.904 408.911 1342.46 4706.12 17976.2 76059.7 353640 1.79587e+06 9.88614e+06 -4.1626e+08 
dt_FE: 1.41061e-10
dt_EA: 1.41061e-10
dt_PE: 1.41061e-10
tolC: 1e-06
dt_grow: 1.03
dt_max: 0.1
steps: 0
