t: 2.61956e-07
dt: 1.31039e-09
N: 0.198827 0.225345 0.254605 0.286695 0.321609 0.359162 0.399157 0.441274 0.484968 0.529453 0.574069 0.617924 0.659727 0.698621 0.733733 0.764081 0.788752 0.807597 0.820318 0.826274 0.825603 0.818028 0.802726 0.778374 0.74342 0.695349 0.631037 0.548532 0.448439 0.336938 0.227072 0.134523 0.0691605 0.0306375 0.0116137 0.00372406 0.000991904 0.000213995 3.62344e-05 4.63761e-06 
eC: 1 1.15749 1.33977 1.55077 1.795 2.07768 2.40489 2.78363 3.22201 3.72944 4.31677 4.99661 5.78351 6.69433 7.7486 8.9689 10.3814 12.0163 13.9087 16.0991 18.6345 21.5692 24.9661 28.8979 33.4489 38.7167 44.814 51.8717 60.0407 69.4963 80.4411 93.1095 107.773 124.746 144.391 167.131 193.452 223.918 259.182 300 
dV: 1.08333 0.211322 0.327712 0.508206 0.788112 1.22218 1.89532 2.93921 4.55805 7.06849 10.9616 16.999 26.3615 40.8807 63.3966 98.3136 152.462 236.434 366.655 568.597 881.764 1367.42 2120.55 3288.49 5099.69 7908.45 12264.2 19019 29494.1 45738.6 70930.1 109996 170579 264529 410225 636165 986546 1.52991e+06 2.37254e+06 3.67926e+06 
kVec: 1.02314e+06 1.18558e+06 1.36615e+06 1.57397e+06 1.81289e+06 2.08654e+06 2.39967e+06 2.75755e+06 3.16556e+06 3.62802e+06 4.15236e+06 4.74537e+06 5.409e+06 6.15061e+06 6.9764e+06 7.88867e+06 8.87883e+06 9.95459e+06 1.11153e+07 1.23196e+07 1.35685e+07 1.48499e+07 1.61328e+07 1.73379e+07 1.85078e+07 1.96844e+07 2.07356e+07 2.19089e+07 2.34994e+07 2.59594e+07 2.97788e+07 3.62193e+07 4.71582e+07 6.38892e+07 8.94979e+07 1.28159e+08 1.82251e+08 2.48868e+08 3.29156e+08 4.18331e+08 
cMat: 
-80600.4 769.233 903.891 1052.88 1227.39 1432.85 1674.92 1960.35 2298.24 2701.1 3180.88 3753.77 4446.97 5285.95 6303.8 7551.04 9101.54 11024.6 13423.6 16500.8 20438.9 25505.6 32151.4 41048 52915.7 68898.5 91241.8 122231 165533 227303 316535 445101 631866 908561 1.31181e+06 1.89629e+06 2.7259e+06 3.89581e+06 5.57394e+06 8.0035e+06 
3782.79 -96834.3 1007.3 1173.34 1367.83 1596.82 1866.61 2184.73 2561.33 3010.36 3545.14 4183.73 4956.45 5891.74 7026.48 8417.03 10145.8 12290.2 14965.4 18397.4 22790 28442.1 35856.8 45784.2 59029.1 76869.6 101815 136419 184783 253786 353485 497159 705908 1.01521e+06 1.46604e+06 2.11956e+06 3.0472e+06 4.35533e+06 6.23175e+06 8.94838e+06 
2732.84 619.303 -110633 1300.12 1515.64 1769.4 2068.37 2420.91 2838.27 3335.93 3928.63 4636.42 5492.92 6529.68 7787.6 9329.22 11246 13623.7 16590.5 20396.8 25269.3 31539.7 39766.9 50784.3 65486.2 85293.3 112995 151432 205164 281846 392665 552397 784525 1.12852e+06 1.63e+06 2.35703e+06 3.3891e+06 4.84444e+06 6.93203e+06 9.95442e+06 
1943.57 440.446 793.799 -126785 1669.05 1948.52 2277.79 2666.06 3125.75 3673.9 4326.76 5106.43 6049.97 7192.16 8578.1 10276.8 12389 15009.5 18279.5 22475.6 27847.7 34762.2 43836.3 55990.3 72212.5 94072.8 124654 167098 226448 311170 433639 610206 866861 1.24727e+06 1.80193e+06 2.60619e+06 3.74797e+06 5.35796e+06 7.66741e+06 1.1011e+07 
1372.52 311.039 560.579 1011.08 -145625 2111.98 2491.1 2915.8 3418.62 4018.22 4732.41 5585.36 6617.67 7867.4 9383.95 11242.9 13554.7 16423 20002.8 24597.2 30480.2 38053.7 47994.6 61313 79093.6 103060 136598 183160 248287 341285 475755 669680 951640 1.36964e+06 1.97923e+06 2.8633e+06 4.11846e+06 5.88828e+06 8.42703e+06 1.21027e+07 
962.225 218.06 393.01 708.852 1268.31 -167529 2702.39 3163.18 3708.76 4359.39 5134.4 6060.05 7180.44 8536.91 10183.2 12201.3 14711.4 17826.3 21714.4 26705.4 33097.6 41328.4 52134.9 66617.1 85957.3 112034 148539 199237 270176 371510 518086 729538 1.03708e+06 1.49312e+06 2.15834e+06 3.1233e+06 4.49342e+06 6.42528e+06 9.19649e+06 1.32087e+07 
668.923 151.594 273.22 492.801 889.683 1607.15 -192964 3401.65 3988.48 4688.35 5522.07 6517.91 7723.38 9183.01 10954.7 13126.8 15828.9 19182.6 23369.4 28745.2 35631.9 44501.6 56150.4 71766.7 92628.5 120767 160175 214928 291573 401106 559605 788347 1.12116e+06 1.6148e+06 2.33509e+06 3.38018e+06 4.86424e+06 6.95665e+06 9.95821e+06 1.4304e+07 
460.597 104.383 188.135 339.34 612.643 1106.72 2001.22 -222483 4204.62 4994.8 5883.29 6944.63 8229.54 9785.54 11674.4 13990.5 16872.4 20449.8 24916.7 30653.8 38005.3 47476.3 59918.8 76605.8 98906.4 128998 171162 229771 311854 429217 599121 844434 1.20151e+06 1.7313e+06 2.5046e+06 3.62689e+06 5.22079e+06 7.46794e+06 1.06915e+07 1.53588e+07 
313.965 71.1536 128.246 231.322 417.636 754.466 1364.3 2444.69 -256890 5266.43 6203.57 7323.13 8678.7 10320.5 12313.8 14758.4 17800.7 21578.1 26295.9 32357 40126.1 50138.4 63297.1 80952.4 104558 136425 181102 243238 330310 454876 635305 895946 1.27552e+06 1.8389e+06 2.66153e+06 3.8558e+06 5.55217e+06 7.94364e+06 1.13743e+07 1.63415e+07 
211.909 48.0256 86.562 156.139 281.906 509.283 920.971 1667.78 3024.39 -296933 6467.53 7635.27 9049.42 10762.4 12842.5 15394.1 18570.4 22515.2 27443.3 33777 41898.5 52369.1 66136.6 84618.6 109343 142740 189592 254797 346232 477129 666852 941088 1.3407e+06 1.93408e+06 2.80091e+06 4.05984e+06 5.84835e+06 8.36954e+06 1.19864e+07 1.72232e+07 
141.415 32.05 57.7687 104.205 188.145 339.91 614.708 1113.22 2018.85 3665.05 -343824 7871.72 9330.58 11098.1 13244.7 15878.6 19158.3 23232.6 28324.2 34870.7 43268.7 54100.6 68350.7 87492.2 113114 147747 196370 264091 359126 495286 692781 978455 1.39502e+06 2.01388e+06 2.9184e+06 4.23265e+06 6.10012e+06 8.7324e+06 1.25087e+07 1.79765e+07 
93.2842 21.1422 38.1088 68.7439 124.123 224.255 405.571 734.516 1332.14 2418.56 4400.08 -399048 9442.75 11317.7 13508.8 16198 19547.5 23710 28913.6 35607.3 44198.1 55284.4 69877.9 89494.2 115770 151312 201257 270877 368663 508890 712453 1.00714e+06 1.43718e+06 2.07643e+06 3.0113e+06 4.37032e+06 6.30185e+06 9.02416e+06 1.29297e+07 1.85847e+07 
60.999 13.8253 24.921 44.9561 81.1756 146.668 265.267 480.447 871.419 1582.24 2878.84 5212.15 -464223 11414.3 13626.5 16342.4 19726.6 23933.8 29195.6 35967.9 44664.7 55894.7 70687.9 90589.5 117270 153392 204206 275111 374807 517931 725912 1.02729e+06 1.46752e+06 2.12236e+06 3.08072e+06 4.47473e+06 6.45656e+06 9.24943e+06 1.32563e+07 1.90582e+07 
39.5545 8.96524 16.161 29.1547 52.6461 95.1259 172.058 311.652 565.31 1026.54 1867.98 3407.94 6226.8 -541864 13622.2 16341 19730.5 23946 29220.9 36014.6 44744.6 56025.5 70898.3 90926.3 117802 154228 205532 277207 378112 523157 734181 1.04032e+06 1.488e+06 2.15447e+06 3.13066e+06 4.55161e+06 6.5724e+06 9.41979e+06 1.35051e+07 1.94204e+07 
25.4842 5.77632 10.413 18.7861 33.9247 61.3022 110.888 200.869 364.395 661.774 1204.38 2197.58 4016.01 7359.38 -635097 16062.2 19618.7 23818.9 29077.5 35855.3 44571.5 55843.6 70718.8 90772.3 117712 154268 205828 277961 379654 526045 739321 1.04914e+06 1.50276e+06 2.17871e+06 3.16973e+06 4.61344e+06 6.66737e+06 9.56102e+06 1.37128e+07 1.97245e+07 
16.4013 3.71772 6.70225 12.0922 21.8379 39.4642 71.3918 129.336 234.652 426.206 775.776 1415.77 2587.8 4743.27 8630 -748205 19471.9 23650.5 28885.4 35638.5 44330.6 55582.1 70446.5 90511 117501 154175 205988 278592 381118 528964 744706 1.05859e+06 1.51886e+06 2.20545e+06 3.21321e+06 4.6827e+06 6.77423e+06 9.72033e+06 1.39476e+07 2.00686e+07 
10.631 2.40986 4.34469 7.8392 14.1582 25.5881 46.2942 83.8776 152.198 276.485 503.346 918.776 1679.78 3079.8 5668.39 10471.1 -885653 23570.4 28803.6 35561.7 44269.4 55553.6 70481.1 90662.2 117851 154859 207247 280802 384883 535286 755196 1.07575e+06 1.54666e+06 2.25008e+06 3.28394e+06 4.79323e+06 6.94259e+06 9.96951e+06 1.43129e+07 2.06021e+07 
6.96516 1.57896 2.84686 5.13702 9.27862 16.7709 30.3454 54.988 99.7919 181.316 330.155 602.781 1102.35 2021.76 3722.39 6879.18 12749 -1.05539e+06 29051.1 35894.7 44723.3 56178.8 71355.8 91910.4 119652 157485 211166 286706 393847 549048 776493 1.10877e+06 1.59793e+06 2.32973e+06 3.40701e+06 4.9818e+06 7.22588e+06 1.03854e+07 1.49192e+07 2.14842e+07 
4.64288 1.05258 1.89793 3.42499 6.18688 11.1838 20.2388 36.6793 66.5765 120.989 220.358 402.421 736.168 1350.64 2487.75 4599.65 8529.19 15904.2 -1.26776e+06 36714.2 46056.9 57918.6 73660.6 95023.3 123914 163400 219574 298827 411534 575255 815819 1.16814e+06 1.68809e+06 2.46734e+06 3.61655e+06 5.29905e+06 7.6984e+06 1.10756e+07 1.59221e+07 2.29395e+07 
3.18656 0.722469 1.30282 2.35128 4.2478 7.67965 13.8996 25.195 45.7404 83.1439 151.471 276.704 506.377 929.443 1712.78 3168.58 5879.52 10971.9 20499 -1.53244e+06 48541.9 61126.7 77863 100631 131499 173802 234180 319638 441576 619327 881377 1.2664e+06 1.83634e+06 2.69246e+06 3.95788e+06 5.81407e+06 8.46364e+06 1.21918e+07 1.7542e+07 2.52886e+07 
2.24875 0.509886 0.919559 1.65978 2.99891 5.42257 9.81614 17.7967 32.3165 58.7589 107.08 195.68 358.253 657.887 1213.03 2245.51 4169.93 7788.41 14650.7 27655.6 -1.86867e+06 66315.4 84625.7 109606 143572 190265 257166 352215 488372 687677 982673 1.41775e+06 2.06416e+06 3.03775e+06 4.48067e+06 6.60206e+06 9.63364e+06 1.38976e+07 2.00171e+07 2.88767e+07 
1.6287 0.36933 0.666143 1.20252 2.17303 3.9299 7.11543 12.9032 23.4364 42.626 77.707 142.059 260.207 478.102 882.09 1634.07 3037.12 5678.21 10693.2 20212.5 38489.2 -2.30167e+06 93573.1 122886 161407 214553 291033 400167 557214 788209 1.1317e+06 1.64056e+06 2.39985e+06 3.54708e+06 5.25267e+06 7.76688e+06 1.13647e+07 1.64229e+07 2.36825e+07 3.41915e+07 
1.20954 0.274308 0.494819 0.893371 1.61464 2.92062 5.28923 9.59394 17.4309 31.7143 57.8383 105.784 193.869 356.439 658.095 1220.14 2270.05 4248.96 8011.95 15168.2 28936.2 55127.1 -2.8645e+06 141128 185961 248076 337930 466819 653303 929200 1.34179e+06 1.95631e+06 2.87808e+06 4.27624e+06 6.36275e+06 9.44836e+06 1.38713e+07 2.00863e+07 2.90064e+07 4.19168e+07 
0.917723 0.208152 0.375536 0.678124 1.22584 2.21784 4.01754 7.28942 13.2484 24.1145 43.9987 80.5145 147.652 271.667 502.001 931.641 1735.35 3252.49 6142.3 11650.2 22272.6 43024.4 83870.9 -3.59234e+06 217586 291514 399146 554530 780876 1.11821e+06 1.62632e+06 2.38833e+06 3.53904e+06 5.29325e+06 7.92367e+06 1.18295e+07 1.74402e+07 2.53198e+07 3.66288e+07 5.29918e+07 
0.702278 0.159307 0.28746 0.519175 0.938702 1.69876 3.07813 5.58677 10.1577 18.4972 33.7669 61.8271 113.462 208.932 386.436 717.947 1339.06 2513.49 4754.74 9037.13 17318.5 33545.9 65603.2 129162 -4.55752e+06 347027 477957 668392 947995 1.36832e+06 2.00691e+06 2.97254e+06 4.44255e+06 6.69732e+06 1.00978e+07 1.51718e+07 2.24798e+07 3.27369e+07 4.74578e+07 6.87477e+07 
0.536957 0.121823 0.21986 0.397164 0.718261 1.30018 2.35666 4.27883 7.78285 14.1797 25.8999 47.453 87.1513 160.627 297.398 553.186 1033.25 1942.68 3681.83 7014.01 13477.4 26185.2 51391.6 101618 203783 -5.85897e+06 574389 812387 1.16176e+06 1.69228e+06 2.50653e+06 3.74984e+06 5.66081e+06 8.61377e+06 1.30977e+07 1.98274e+07 2.95512e+07 4.31908e+07 6.27656e+07 9.10581e+07 
0.408491 0.0926927 0.167321 0.302324 0.546886 0.99027 1.79557 3.26143 5.93508 10.8194 19.775 36.2577 66.6498 122.969 227.943 424.579 794.364 1496.39 2842.18 5429.01 10464.5 20404.4 40215.6 79928.4 161233 329963 -7.55943e+06 971231 1.40334e+06 2.06816e+06 3.10251e+06 4.70276e+06 7.19466e+06 1.10856e+07 1.70488e+07 2.60696e+07 3.91618e+07 5.75159e+07 8.38537e+07 1.21882e+08 
0.302613 0.0686795 0.124001 0.224106 0.405507 0.734514 1.33234 2.4211 4.4081 8.04069 14.7066 26.986 49.6541 91.7145 170.225 317.542 595.18 1123.5 2138.98 4097.76 7925.57 15514.6 30720.8 61406.2 124685 258071 537081 -9.8434e+06 1.66028e+06 2.48058e+06 3.77832e+06 5.81893e+06 9.04906e+06 1.41615e+07 2.209e+07 3.42054e+07 5.189e+07 7.66745e+07 1.12235e+08 1.63502e+08 
0.213954 0.0485671 0.0877079 0.158555 0.28698 0.520003 0.943626 1.71553 3.12514 5.70418 10.4408 19.1745 35.317 65.3104 121.382 226.789 425.898 805.737 1537.88 2955.44 5737.23 11278.4 22445.4 45143.7 92324.3 192672 405142 866781 -1.2951e+07 2.84748e+06 4.4626e+06 7.0033e+06 1.11064e+07 1.77139e+07 2.8114e+07 4.42086e+07 6.78764e+07 1.01051e+08 1.48644e+08 2.17121e+08 
0.141456 0.0321165 0.0580136 0.104903 0.18993 0.344279 0.625018 1.13685 2.07215 3.7848 6.93301 12.7438 23.4978 43.5084 80.9786 151.554 285.196 540.825 1035.04 1995.8 3889.7 7681.55 15371 31125.6 64162 135131 287481 623536 1.37101e+06 -1.72265e+07 4.95313e+06 7.95565e+06 1.29312e+07 2.11342e+07 3.43041e+07 5.50356e+07 8.5835e+07 1.29051e+08 1.91051e+08 2.79997e+08 
0.0853233 0.019376 0.0350083 0.0633215 0.114681 0.207957 0.377699 0.687342 1.25355 2.29123 4.20043 7.72791 14.265 26.447 49.296 92.4185 174.28 331.296 635.801 1230.24 2407.53 4777.18 9614.09 19607.9 40761.5 86694 186798 411376 930678 2.14542e+06 -2.30379e+07 8.20778e+06 1.37677e+07 2.32529e+07 3.89235e+07 6.42159e+07 1.02382e+08 1.56106e+08 2.33213e+08 3.43349e+08 
0.0457683 0.0103955 0.0187871 0.0339907 0.0615794 0.111707 0.202974 0.369559 0.674376 1.23347 2.26307 4.16731 7.70091 14.2956 26.6852 50.1143 94.7022 180.459 347.283 674.309 1325.02 2641.74 5347.14 10984.5 23030.9 49475.3 108011 241681 557153 1.31452e+06 3.13102e+06 -3.13639e+07 1.32899e+07 2.33686e+07 4.06621e+07 6.95354e+07 1.14103e+08 1.7726e+08 2.68048e+08 3.97009e+08 
0.0215305 0.00489127 0.00884173 0.0160013 0.0289976 0.0526219 0.0956564 0.174248 0.318149 0.582307 1.0692 1.97061 3.64547 6.77578 12.6663 23.8272 45.1197 86.182 166.305 324.015 639.275 1280.57 2606.81 5393.79 11406.1 24750.1 54758.3 124545 292798 708029 1.74038e+06 4.40397e+06 -4.39066e+07 2.12697e+07 3.88766e+07 6.95342e+07 1.18362e+08 1.8837e+08 2.89369e+08 4.31911e+08 
0.00884265 0.00200923 0.00363279 0.00657605 0.0119205 0.0216395 0.0393519 0.0717155 0.131009 0.239936 0.440872 0.813215 1.50587 2.80217 5.24517 9.88219 18.7485 35.8893 69.4287 135.694 268.718 540.62 1106.29 2304.26 4911.4 10757 24098.9 55671.3 133385 330521 839575 2.21185e+06 6.07521e+06 -6.19364e+07 3.16925e+07 6.05483e+07 1.09246e+08 1.81031e+08 2.85753e+08 4.3247e+08 
0.00312075 0.000709217 0.00128256 0.00232222 0.00421062 0.00764599 0.0139095 0.0253593 0.0463483 0.0849336 0.156165 0.288272 0.534296 0.995294 1.86528 3.51929 6.68844 12.829 24.8751 48.7566 96.8833 195.687 402.357 843.132 1810.05 3998.11 9059.26 21226.5 51745.9 131135 343521 940745 2.71424e+06 7.74669e+06 -8.84603e+07 4.60395e+07 8.99004e+07 1.58175e+08 2.60542e+08 4.03786e+08 
0.000932802 0.000212019 0.000383489 0.000694493 0.00125954 0.00228783 0.00416334 0.0075933 0.013884 0.0254557 0.0468325 0.0865081 0.16047 0.29921 0.56136 1.06049 2.01862 3.87885 7.53639 14.8097 29.5176 59.8307 123.543 260.274 562.337 1251.47 2864.37 6796.29 16825.1 43502.4 117187 332647 1.00382e+06 3.06026e+06 9.51976e+06 -1.27682e+08 6.46239e+07 1.24842e+08 2.19159e+08 3.53268e+08 
0.000230299 5.23514e-05 9.47039e-05 0.000171535 0.000311156 0.000565306 0.001029 0.00187728 0.00343367 0.00629806 0.0115923 0.0214244 0.0397671 0.0742048 0.139337 0.263493 0.502163 0.966282 1.88046 3.70272 7.39756 15.036 31.1512 65.9042 143.103 320.352 739.018 1770.76 4436.76 11652.8 32089.2 93750 293472 948326 3.19267e+06 1.10992e+07 -1.8207e+08 8.31946e+07 1.62447e+08 2.82103e+08 
4.57881e-05 1.04093e-05 1.88322e-05 3.41139e-05 6.18878e-05 0.000112453 0.000204726 0.000373566 0.000683421 0.00125386 0.00230855 0.00426797 0.00792521 0.0147953 0.0277965 0.0525973 0.100316 0.193201 0.37636 0.742 1.48461 3.02271 6.27527 13.3105 28.9913 65.1354 150.992 363.999 918.884 2437.26 6806.58 20260.9 64973.8 218614 781456 2.98284e+06 1.15736e+07 -2.48814e+08 9.78563e+07 1.99294e+08 
7.15284e-06 1.62619e-06 2.94225e-06 5.33017e-06 9.67057e-06 1.75737e-05 3.19974e-05 5.83939e-05 0.000106845 0.000196063 0.00036106 0.000667675 0.00124017 0.00231601 0.00435286 0.00824028 0.0157248 0.0303036 0.059074 0.116568 0.233471 0.475921 0.989436 2.10242 4.5888 10.3349 24.0353 58.1751 147.581 393.958 1110.25 3345.21 10897.8 37677.1 140542 571730 2.46744e+06 1.06844e+07 -3.29144e+08 1.19786e+08 
8.47644e-07 1.92719e-07 3.487e-07 6.3174e-07 1.14624e-06 2.08314e-06 3.79322e-06 6.92314e-06 1.26689e-05 2.32509e-05 4.28241e-05 7.92043e-05 0.000147148 0.000274865 0.00051674 0.000978537 0.00186804 0.00360151 0.00702424 0.0138689 0.027797 0.056708 0.118005 0.251028 0.548614 1.23744 2.88325 6.9944 17.791 47.651 134.904 408.91 1342.45 4706.1 17976.1 76059.5 353639 1.79586e+06 9.88611e+06 -4.18329e+08 
dt_FE: 1.31039e-09
dt_EA: 1.31039e-09
dt_PE: 1.31039e-09
tolC: 1e-06
dt_grow: 1.03
dt_max: 0.1
steps: 0
