t: 3.74049e-06
dt: 3.1502e-08
N: 0.919664 0.928498 0.933742 0.936406 0.937374 0.937312 0.936653 0.935626 0.93432 0.932746 0.930871 0.928636 0.925966 0.92276 0.918889 0.914189 0.908442 0.901358 0.892554 0.881506 0.867505 0.849574 0.826378 0.796107 0.756377 0.704246 0.636567 0.551077 0.448576 0.335664 0.225495 0.133311 0.0684627 0.0303125 0.0114879 0.00368337 0.000981019 0.000211639 3.58346e-05 4.58636e-06 
eC: 1 1.15749 1.33977 1.55077 1.795 2.07768 2.40489 2.78363 3.22201 3.72944 4.31677 4.99661 5.78351 6.69433 7.7486 8.9689 10.3814 12.0163 13.9087 16.0991 18.6345 21.5692 24.9661 28.8979 33.4489 38.7167 44.814 51.8717 60.0407 69.4963 80.4411 93.1095 107.773 124.746 144.391 167.131 193.452 223.918 259.182 300 
dV: 1.08333 0.211322 0.327712 0.508206 0.788112 1.22218 1.89532 2.93921 4.55805 7.06849 10.9616 16.999 26.3615 40.8807 63.3966 98.3136 152.462 236.434 366.655 568.597 881.764 1367.42 2120.55 3288.49 5099.69 7908.45 12264.2 19019 29494.1 45738.6 70930.1 109996 170579 264529 410225 636165 986546 1.52991e+06 2.37254e+06 3.67926e+06 
kVec: 1.03008e+06 1.19337e+06 1.37486e+06 1.58368e+06 1.82365e+06 2.09838e+06 2.41259e+06 2.77151e+06 3.18047e+06 3.6437e+06 4.16857e+06 4.76176e+06 5.4251e+06 6.1658e+06 6.98993e+06 7.89965e+06 8.88613e+06 9.95701e+06 1.11115e+07 1.2308e+07 1.35476e+07 1.48181e+07 1.60889e+07 1.72807e+07 1.8437e+07 1.96005e+07 2.0641e+07 2.18075e+07 2.3397e+07 2.58633e+07 2.96964e+07 3.61556e+07 4.71158e+07 6.38684e+07 8.94962e+07 1.28173e+08 1.82277e+08 2.48899e+08 3.2919e+08 4.18366e+08 
cMat: 
-60922.4 77.1328 90.6354 105.574 123.073 143.676 167.948 196.569 230.45 270.846 318.954 376.4 445.908 530.035 632.098 757.162 912.634 1105.46 1346.02 1654.57 2049.46 2557.51 3223.9 4115.98 5305.99 6908.62 9149.04 12256.4 16598.4 22792.2 31739.7 44631.3 63358.8 91103.6 131538 190146 273333 390643 558913 802531 
349.159 -71199.6 92.9762 108.302 126.253 147.39 172.292 201.655 236.416 277.863 327.224 386.167 457.491 543.819 648.558 776.909 936.48 1134.41 1381.34 1698.12 2103.56 2625.26 3309.65 4225.97 5448.51 7095.22 9397.71 12591.8 17055.8 23425 32627.4 45888.8 65156.7 93705.9 135318 195639 281263 402006 575203 825954 
242.923 55.0501 -82697.2 115.568 134.726 157.282 183.858 215.196 252.295 296.532 349.217 412.133 488.268 580.425 692.242 829.278 999.661 1211.02 1474.73 1813.08 2246.2 2803.58 3534.9 4514.23 5821.09 7581.75 10044.1 13460.8 18237.1 25053.4 34904.1 49102.7 69736.7 100315 144891 209518 301258 430624 616190 884852 
173.276 39.2674 70.77 -96178 148.802 173.717 203.073 237.689 278.672 327.541 385.746 455.256 539.377 641.206 764.768 916.21 1104.52 1338.15 1629.68 2003.78 2482.72 3099.17 3908.16 4991.73 6438 8386.92 11113.4 14897.4 20188.7 27741.9 38660.4 54402.1 77283.7 111198 160648 232351 334144 477681 683577 981673 
126.704 28.7136 51.7499 93.3376 -112008 194.968 229.966 269.172 315.59 370.943 436.873 515.614 610.911 726.28 866.281 1037.89 1251.3 1516.09 1846.56 2270.69 2813.79 3512.93 4430.63 5660.12 7301.54 9514.02 12610.1 16908.4 22920.7 31505.8 43919.4 61821.6 87850.8 126438 182713 264326 380196 543578 777942 1.11726e+06 
94.1263 21.331 38.4448 69.341 124.068 -130591 264.352 309.427 362.796 426.442 502.255 592.803 702.401 835.094 996.132 1193.55 1439.09 1743.8 2124.13 2612.36 3237.66 4042.81 5099.92 6516.59 8408.47 10959.3 14530.3 19489.6 26429 36341.7 50679.9 71364.5 101449 146059 211132 305526 439553 628530 899614 1.2921e+06 
70.5247 15.9825 28.8057 51.9561 93.7994 169.442 -152464 358.637 420.506 494.294 582.193 687.185 814.277 968.167 1154.95 1383.96 1668.84 2022.42 2463.84 3030.61 3756.68 4691.82 5919.95 7566.38 9765.84 12732.5 16887.3 22659.9 30740.6 42288.7 58999.2 83115.6 118204 170249 246189 356373 512838 733441 1.0499e+06 1.50807e+06 
53.0683 12.0267 21.6762 39.0976 70.5865 127.512 230.574 -178287 484.441 575.483 677.851 800.135 948.178 1127.46 1345.08 1611.94 1943.97 2356.15 2870.82 3531.82 4378.83 5470.05 6903.64 8826.24 11395.6 14862.7 19720.7 26473.4 35930.7 49452.8 69028.6 97292.7 138434 199474 288571 417877 601521 860429 1.23184e+06 1.76959e+06 
40.0387 9.07396 16.3547 29.4997 53.2596 96.2143 173.985 311.762 -208851 671.608 791.118 933.891 1106.76 1316.13 1570.33 1882.08 2270.06 2751.78 3353.42 4126.37 5117.13 6393.96 8072.05 10323.6 13333.9 17397.8 23095.3 31019.3 42123.2 58008.6 81018.1 114257 162663 234508 339415 491716 708048 1.01302e+06 1.45053e+06 2.08397e+06 
30.2876 6.86418 12.3721 22.3166 40.2921 72.7905 131.632 238.371 432.269 -245038 924.388 1091.29 1293.41 1538.25 1835.55 2200.24 2654.22 3218.04 3922.41 4827.66 5988.45 7484.99 9452.75 12094.3 15628.1 20401.4 27097.9 36417.6 49486 68194.9 95311.5 134507 191623 276433 400327 580263 835891 1.19624e+06 1.71319e+06 2.46167e+06 
22.952 5.20178 9.37597 16.9127 30.5364 55.1681 99.7684 180.678 327.663 594.844 -288164 1277.6 1514.37 1801.24 2149.65 2577.13 3109.43 3770.7 4597.08 5659.59 7022.6 8780.63 11093.4 14200.1 18358.6 23979.6 31871.3 42862.5 58286.9 80385.9 112440 158805 226414 326856 473662 686967 990062 1.41729e+06 2.03019e+06 2.91761e+06 
17.4235 3.94891 7.11792 12.8399 23.1836 41.886 75.752 137.192 248.816 451.736 821.843 -339813 1763.71 2113.91 2523.16 3025.44 3651.07 4428.53 5400.45 6650.69 8255.28 10326 13051.7 16715.6 21623.3 28262 37590.6 50594.2 68858.5 95049.8 133071 188113 268436 387833 562447 816283 1.17705e+06 1.68552e+06 2.415e+06 3.47123e+06 
13.2717 3.00801 5.42211 9.78121 17.6616 31.9108 57.7148 104.532 189.597 344.251 626.357 1134.02 -401640 2483.44 2964.76 3555.66 4291.97 5207.34 6352.15 7825.62 9717.81 12161.1 15379.7 19709.8 25514.6 33373.9 44429.5 59856.5 81547.7 112687 157938 223511 319292 461766 670279 973578 1.40477e+06 2.01242e+06 2.88422e+06 4.14653e+06 
10.1374 2.2977 4.14188 7.47205 13.4926 24.3798 44.0968 79.8731 144.883 263.091 478.743 873.419 1595.86 -476247 3491.22 4188.03 5056.71 6137.12 7489 9230.15 11467.6 14358.8 18170.5 23303.5 30191.5 39527 52675.7 71045.3 96906.2 134080 188163 266624 381360 552167 802355 1.16653e+06 1.68444e+06 2.41419e+06 3.46121e+06 4.97725e+06 
7.76302 1.75959 3.17201 5.72263 10.3342 18.6739 33.7788 61.189 111.002 201.59 366.878 669.43 1223.36 2241.82 -566956 4892.9 5976.26 7255.74 8857.61 10922.3 13577.4 17011.1 21542.4 27651.1 35857.6 46993.3 62699.7 84672.8 115651 160245 225213 319590 457774 663680 965567 1.40535e+06 2.03102e+06 2.91249e+06 4.17721e+06 6.00851e+06 
5.96566 1.35225 2.43781 4.3983 7.9431 14.3543 25.9673 47.0433 85.35 155.024 282.173 514.958 941.259 1725.27 3138.99 -677874 7082.51 8602.4 10506.5 12962.8 16124.4 20216.9 25623.5 32921.5 42738.5 56078.1 74924 101332 138624 192400 270872 385041 552454 802188 1.16874e+06 1.70324e+06 2.46399e+06 3.53557e+06 5.07314e+06 7.29954e+06 
4.60764 1.04447 1.88306 3.39764 6.1364 11.0903 20.0647 36.3539 65.9651 119.833 218.158 398.213 728.044 1334.83 2456.77 4538.36 -813599 10215.8 12484 15413 19187.1 24077.8 30547.7 39294.5 51078.6 67118.2 89824.3 121704 166815 232002 327314 466249 670350 975219 1.42331e+06 2.07746e+06 3.00903e+06 4.32095e+06 6.20343e+06 8.92926e+06 
3.5709 0.809503 1.45953 2.63365 4.75697 8.5981 15.5575 28.1913 51.1614 92.9571 169.264 309.034 565.156 1036.52 1908.4 3526.82 6536.18 -982175 14893.9 18402.5 22928.8 28801.8 36582.7 47120.7 61343.5 80739.7 108261 146989 201918 281486 398093 568443 819226 1.19441e+06 1.74671e+06 2.55407e+06 3.70457e+06 5.3244e+06 7.64882e+06 1.10145e+07 
2.77634 0.629418 1.13492 2.04807 3.69962 6.68769 12.1023 21.9335 39.8113 72.349 131.769 240.639 440.212 807.652 1487.62 2750.49 5100.27 9510.38 -1.19389e+06 21954.3 27541 34634.1 44047.5 56821.9 74098 97709.8 131301 178692 246089 343990 487842 698525 1.00944e+06 1.47542e+06 2.16262e+06 3.16871e+06 4.60348e+06 6.62297e+06 9.52104e+06 1.37173e+07 
2.17346 0.492775 0.888613 1.60374 2.8973 5.23806 9.48048 17.1847 31.1982 56.71 103.314 188.732 345.385 633.946 1168.24 2161.2 4010.25 7483.58 13981.8 -1.45842e+06 33109 41692.7 53108.1 68637.5 89691.9 118545 159727 218016 301186 422425 601162 863773 1.25252e+06 1.83645e+06 2.69955e+06 3.9656e+06 5.7728e+06 8.31564e+06 1.19649e+07 1.72486e+07 
1.70845 0.387378 0.698621 1.26099 2.27838 4.11972 7.45766 13.5208 24.552 44.6412 81.3524 148.665 272.177 499.82 921.583 1705.99 3168.04 5917.13 11130.7 21010.9 -1.79499e+06 50382.1 64293.1 83271.5 109077 144551 195378 267590 371033 522452 746571 1.07711e+06 1.56821e+06 2.30788e+06 3.40412e+06 5.01581e+06 7.31901e+06 1.05585e+07 1.52077e+07 2.19387e+07 
1.34636 0.305305 0.550664 0.994056 1.79633 3.24864 5.88194 10.6663 19.3736 35.2366 64.2362 117.433 215.099 395.221 729.175 1350.79 2510.62 4693.87 8839.47 16708.6 31816.9 -2.22903e+06 77351.8 101583 133427 177359 240581 330797 460618 651569 935517 1.35616e+06 1.98382e+06 2.93218e+06 4.3421e+06 6.42046e+06 9.39459e+06 1.35759e+07 1.9577e+07 2.82642e+07 
1.06453 0.24142 0.435493 0.786261 1.42106 2.57046 4.65508 8.44368 15.341 27.912 50.9038 93.1014 170.625 313.704 579.194 1073.85 1997.89 3739.53 7051.37 13349.7 25466.9 48517.7 -2.79338e+06 124208 163666 218333 297415 410850 574976 817794 1.18091e+06 1.72176e+06 2.53301e+06 3.76354e+06 5.59989e+06 8.31556e+06 1.22082e+07 1.76781e+07 2.55287e+07 3.68913e+07 
0.844293 0.191497 0.345488 0.623865 1.12776 2.04039 3.69609 6.70617 12.1884 22.185 40.4782 74.0723 135.838 249.93 461.835 857.098 1596.5 2992.25 5650.84 10718.1 20490.5 39581.9 77160.1 -3.52341e+06 200176 268190 367209 510161 718396 1.02874e+06 1.49619e+06 2.19724e+06 3.25587e+06 4.86973e+06 7.28968e+06 1.0883e+07 1.60448e+07 2.32939e+07 3.36981e+07 4.87517e+07 
0.666815 0.151263 0.272944 0.492958 0.8913 1.61298 2.92269 5.30465 9.64474 17.5631 32.0618 58.705 107.733 198.381 366.922 681.692 1271.44 2386.57 4514.64 8580.78 16444 31852 62290.4 122640 -4.49167e+06 329503 453821 634640 900123 1.29922e+06 1.90557e+06 2.82244e+06 4.21821e+06 6.35912e+06 9.58787e+06 1.44056e+07 2.13446e+07 3.10837e+07 4.50613e+07 6.52761e+07 
0.521277 0.118266 0.21344 0.385566 0.697287 1.26222 2.28784 4.15388 7.55557 13.7656 25.1436 46.0673 84.6063 155.937 288.713 537.033 1003.08 1885.95 3574.31 6809.19 13083.8 25420.6 49890.9 98650.4 197832 -5.79693e+06 557616 788664 1.12783e+06 1.64286e+06 2.43333e+06 3.64033e+06 5.4955e+06 8.36223e+06 1.27152e+07 1.92484e+07 2.86883e+07 4.19296e+07 6.09328e+07 8.83991e+07 
0.402369 0.0913034 0.164813 0.297793 0.538689 0.975428 1.76866 3.21255 5.84612 10.6572 19.4786 35.7143 65.6508 121.126 224.527 418.215 782.458 1473.96 2799.58 5347.64 10307.7 20098.6 39612.8 78730.4 158816 325018 -7.50161e+06 956674 1.3823e+06 2.03716e+06 3.05601e+06 4.63227e+06 7.08683e+06 1.09194e+07 1.67932e+07 2.56789e+07 3.85748e+07 5.66538e+07 8.25969e+07 1.20055e+08 
0.300907 0.0682924 0.123302 0.222843 0.403221 0.730374 1.32483 2.40745 4.38326 7.99537 14.6237 26.8339 49.3742 91.1975 169.265 315.752 591.825 1117.17 2126.93 4074.66 7880.89 15427.1 30547.7 61060 123982 256617 534054 -9.78987e+06 1.65092e+06 2.4666e+06 3.75703e+06 5.78613e+06 8.99805e+06 1.40817e+07 2.19655e+07 3.40125e+07 5.15976e+07 7.62423e+07 1.11602e+08 1.6258e+08 
0.213901 0.048555 0.0876862 0.158516 0.286908 0.519874 0.943392 1.7151 3.12437 5.70277 10.4382 19.1697 35.3082 65.2942 121.352 226.733 425.792 805.538 1537.5 2954.71 5735.8 11275.6 22439.8 45132.5 92301.4 192625 405041 866566 -1.29017e+07 2.84677e+06 4.46149e+06 7.00156e+06 1.11037e+07 1.77095e+07 2.8107e+07 4.41976e+07 6.78596e+07 1.01026e+08 1.48607e+08 2.17067e+08 
0.141727 0.0321782 0.0581251 0.105105 0.190295 0.344941 0.626218 1.13903 2.07613 3.79207 6.94633 12.7683 23.543 43.592 81.1341 151.845 285.744 541.864 1037.03 1999.63 3897.17 7696.31 15400.5 31185.4 64285.3 135391 288034 624734 1.37364e+06 -1.71819e+07 4.96265e+06 7.97093e+06 1.2956e+07 2.11748e+07 3.437e+07 5.51413e+07 8.59999e+07 1.29299e+08 1.91418e+08 2.80535e+08 
0.0854974 0.0194155 0.0350797 0.0634507 0.114915 0.208381 0.37847 0.688745 1.25611 2.2959 4.209 7.74368 14.2941 26.501 49.3966 92.607 174.636 331.972 637.099 1232.75 2412.45 4786.92 9633.71 19648 40844.7 86870.9 187179 412216 932577 2.14979e+06 -2.3e+07 8.22453e+06 1.37958e+07 2.33004e+07 3.90029e+07 6.43469e+07 1.02591e+08 1.56425e+08 2.33689e+08 3.4405e+08 
0.0458324 0.0104101 0.0188134 0.0340383 0.0616657 0.111863 0.203259 0.370076 0.67532 1.2352 2.26624 4.17315 7.71169 14.3156 26.7226 50.1845 94.8349 180.712 347.77 675.253 1326.87 2645.44 5354.63 10999.9 23063.1 49544.6 108163 242020 557933 1.31636e+06 3.1354e+06 -3.13357e+07 1.33085e+07 2.34014e+07 4.0719e+07 6.96328e+07 1.14263e+08 1.77508e+08 2.68424e+08 3.97565e+08 
0.0215466 0.00489494 0.00884836 0.0160133 0.0290194 0.0526613 0.0957281 0.174378 0.318387 0.582744 1.07 1.97209 3.6482 6.78086 12.6758 23.8451 45.1535 86.2466 166.43 324.258 639.755 1281.53 2608.76 5397.83 11414.6 24768.7 54799.3 124638 293017 708560 1.74168e+06 4.40728e+06 -4.38902e+07 2.12856e+07 3.89058e+07 6.95863e+07 1.18451e+08 1.88511e+08 2.89586e+08 4.32235e+08 
0.00884561 0.0020099 0.00363401 0.00657826 0.0119245 0.0216467 0.0393651 0.0717395 0.131053 0.240016 0.44102 0.813488 1.50638 2.80311 5.24693 9.8855 18.7548 35.9013 69.4519 135.739 268.808 540.801 1106.66 2305.03 4913.04 10760.6 24106.9 55690 133430 330632 839856 2.21259e+06 6.07724e+06 -6.19324e+07 3.17031e+07 6.05686e+07 1.09282e+08 1.81091e+08 2.85848e+08 4.32615e+08 
0.00312115 0.000709307 0.00128272 0.00232251 0.00421116 0.00764697 0.0139113 0.0253626 0.0463542 0.0849445 0.156185 0.288308 0.534364 0.99542 1.86551 3.51974 6.6893 12.8307 24.8782 48.7628 96.8956 195.712 402.408 843.239 1810.28 3998.62 9060.41 21229.2 51752.5 131152 343565 940865 2.71459e+06 7.74768e+06 -8.84681e+07 4.60453e+07 8.99118e+07 1.58195e+08 2.60575e+08 4.03838e+08 
0.00093284 0.000212028 0.000383505 0.000694521 0.00125959 0.00228792 0.00416351 0.00759361 0.0138845 0.0254567 0.0468344 0.0865117 0.160476 0.299223 0.561383 1.06054 2.0187 3.879 7.5367 14.8103 29.5188 59.8331 123.548 260.285 562.36 1251.52 2864.49 6796.57 16825.7 43504.2 117192 332661 1.00386e+06 3.06038e+06 9.52015e+06 -1.27701e+08 6.46265e+07 1.24847e+08 2.19168e+08 3.53282e+08 
0.000230301 5.23519e-05 9.4705e-05 0.000171537 0.000311159 0.000565312 0.00102901 0.0018773 0.0034337 0.00629813 0.0115925 0.0214246 0.0397675 0.0742057 0.139339 0.263496 0.502168 0.966293 1.88048 3.70276 7.39764 15.0362 31.1516 65.905 143.105 320.355 739.026 1770.78 4436.81 11652.9 32089.5 93751.1 293475 948336 3.1927e+06 1.10993e+07 -1.82098e+08 8.31955e+07 1.62449e+08 2.82106e+08 
4.57882e-05 1.04093e-05 1.88322e-05 3.41139e-05 6.1888e-05 0.000112453 0.000204726 0.000373567 0.000683423 0.00125386 0.00230856 0.00426798 0.00792523 0.0147953 0.0277966 0.0525974 0.100316 0.193202 0.376361 0.742001 1.48461 3.02272 6.27529 13.3105 28.9913 65.1355 150.992 364 918.886 2437.27 6806.6 20261 64974 218615 781458 2.98285e+06 1.15736e+07 -2.48847e+08 9.78565e+07 1.99294e+08 
7.15284e-06 1.62619e-06 2.94225e-06 5.33018e-06 9.67058e-06 1.75737e-05 3.19975e-05 5.83939e-05 0.000106845 0.000196064 0.00036106 0.000667675 0.00124017 0.00231601 0.00435286 0.00824028 0.0157248 0.0303036 0.059074 0.116568 0.233471 0.475922 0.989437 2.10242 4.5888 10.335 24.0353 58.1752 147.581 393.958 1110.25 3345.21 10897.8 37677.1 140542 571730 2.46744e+06 1.06844e+07 -3.29178e+08 1.19787e+08 
8.47644e-07 1.92719e-07 3.487e-07 6.3174e-07 1.14624e-06 2.08314e-06 3.79322e-06 6.92314e-06 1.26689e-05 2.32509e-05 4.28241e-05 7.92043e-05 0.000147148 0.000274865 0.00051674 0.000978537 0.00186804 0.00360151 0.00702424 0.0138689 0.027797 0.056708 0.118005 0.251028 0.548614 1.23744 2.88325 6.9944 17.791 47.651 134.904 408.91 1342.45 4706.1 17976.1 76059.5 353639 1.79586e+06 9.88611e+06 -4.18364e+08 
dt_FE: 3.1502e-08
dt_EA: 3.1502e-08
dt_PE: 3.1502e-08
tolC: 1e-06
dt_grow: 1.03
dt_max: 0.1
steps: 0
