t: 8.31813e-07
dt: 5.07665e-09
N: 0.524762 0.57345 0.622258 0.670184 0.716089 0.758729 0.797098 0.830372 0.857957 0.879587 0.895532 0.906284 0.912498 0.915041 0.914675 0.911976 0.907299 0.90077 0.892243 0.881332 0.867401 0.84951 0.826338 0.796082 0.756363 0.704241 0.636569 0.551086 0.448588 0.335677 0.225506 0.133319 0.068467 0.0303145 0.0114887 0.00368363 0.000981088 0.000211654 3.58372e-05 4.58669e-06 
eC: 1 1.15749 1.33977 1.55077 1.795 2.07768 2.40489 2.78363 3.22201 3.72944 4.31677 4.99661 5.78351 6.69433 7.7486 8.9689 10.3814 12.0163 13.9087 16.0991 18.6345 21.5692 24.9661 28.8979 33.4489 38.7167 44.814 51.8717 60.0407 69.4963 80.4411 93.1095 107.773 124.746 144.391 167.131 193.452 223.918 259.182 300 
dV: 1.08333 0.211322 0.327712 0.508206 0.788112 1.22218 1.89532 2.93921 4.55805 7.06849 10.9616 16.999 26.3615 40.8807 63.3966 98.3136 152.462 236.434 366.655 568.597 881.764 1367.42 2120.55 3288.49 5099.69 7908.45 12264.2 19019 29494.1 45738.6 70930.1 109996 170579 264529 410225 636165 986546 1.52991e+06 2.37254e+06 3.67926e+06 
kVec: 1.02987e+06 1.19317e+06 1.37466e+06 1.5835e+06 1.82348e+06 2.09823e+06 2.41248e+06 2.77144e+06 3.18045e+06 3.64374e+06 4.16866e+06 4.76192e+06 5.42532e+06 6.16607e+06 6.99026e+06 7.90003e+06 8.88656e+06 9.95747e+06 1.1112e+07 1.23085e+07 1.35482e+07 1.48187e+07 1.60895e+07 1.72813e+07 1.84377e+07 1.96012e+07 2.06416e+07 2.18081e+07 2.33975e+07 2.58637e+07 2.96967e+07 3.61558e+07 4.71158e+07 6.38683e+07 8.94959e+07 1.28173e+08 1.82276e+08 2.48899e+08 3.2919e+08 4.18366e+08 
cMat: 
-63792.3 456.292 536.169 624.543 728.058 849.937 993.525 1162.83 1363.26 1602.23 1886.83 2226.66 2637.84 3135.51 3739.28 4479.11 5398.84 6539.55 7962.58 9787.91 12123.9 15129.3 19071.5 24348.8 31388.5 40869.1 54122.6 72504.7 98190.8 134831 187761 264024 374809 538938 778136 1.12484e+06 1.61695e+06 2.31091e+06 3.30634e+06 4.7475e+06 
2082.93 -76084.5 554.654 646.08 753.171 879.262 1027.82 1202.98 1410.35 1657.6 1952.07 2303.7 2729.18 3244.18 3869.01 4634.69 5586.62 6767.36 8240.46 10130.2 12548.9 15661.1 19743.9 25210.2 32503.3 42326.9 56062.5 75116.9 101747 139743 194641 273752 388696 559007 807247 1.1671e+06 1.67789e+06 2.39819e+06 3.4314e+06 4.92727e+06 
1384.91 313.843 -87419.7 658.86 768.076 896.673 1048.18 1226.84 1438.34 1690.54 1990.9 2349.58 2783.63 3309.02 3946.5 4727.74 5699.1 6904.06 8407.51 10336.5 12805.7 15983.3 20152.6 25735.8 33186.3 43223.8 57262 76740.6 103971 142830 198990 279937 397571 571897 826028 1.19447e+06 1.71748e+06 2.455e+06 3.51292e+06 5.04458e+06 
898.663 203.652 367.035 -100757 771.73 900.949 1053.2 1232.73 1445.28 1698.73 2000.59 2361.09 2797.37 3325.49 3966.32 4751.74 5728.4 6940.05 8452.02 10392.2 12876.1 16073.3 20268.9 25888.6 33389.4 43497.1 57637.2 77262.3 104704 143878 200505 282146 400817 576709 833171 1.20504e+06 1.73297e+06 2.4774e+06 3.54524e+06 5.09125e+06 
574.409 130.172 234.606 423.141 -116448 883.876 1042.54 1220.28 1430.71 1681.65 1980.54 2337.51 2769.54 3292.55 3927.24 4705.21 5672.71 6873.14 8371.3 10294.1 12756.2 15925.7 20086 25659.9 33101.2 43131.3 57167.3 76653.5 103910 142830 199107 280265 398267 573201 828319 1.19831e+06 1.7236e+06 2.46428e+06 3.52676e+06 5.06504e+06 
362.27 82.0981 147.965 266.877 477.51 -134883 1017.43 1190.91 1396.32 1641.28 1933.06 2281.56 2703.38 3214.08 3833.88 4593.69 5538.74 6711.48 8175.3 10054.4 12461 15559.8 19628.4 25080.8 32362.3 42180 55923.7 75011 101719 139871 195055 274666 390454 562146 812599 1.1759e+06 1.69174e+06 2.41907e+06 3.46241e+06 4.97298e+06 
225.893 51.1926 92.2654 166.417 300.442 542.727 -156582 1148.72 1346.89 1583.24 1864.78 2201.07 2608.15 3101.07 3699.34 4432.86 5345.36 6477.88 7891.75 9707.14 12032.8 15028 18961.8 24235.3 31280.3 40782.6 54090.5 72580.3 98463.1 135452 188976 266222 378612 545312 788552 1.14147e+06 1.64264e+06 2.34923e+06 3.36285e+06 4.8304e+06 
139.836 31.6905 57.1172 103.023 185.997 335.997 607.566 -182187 1276.51 1516.41 1786.15 2108.37 2498.46 2970.86 3544.31 4247.49 5122.41 6208.49 7564.65 9306.41 11538.3 14413.7 18191.2 23257.3 30027.7 39163.5 51964.3 69757.8 94678.1 130309 181892 256368 364775 525618 760388 1.10111e+06 1.58502e+06 2.26725e+06 3.24592e+06 4.66289e+06 
86.59 19.6238 35.3696 63.7976 115.182 208.078 376.269 674.234 -212503 1452.46 1710.91 2019.68 2393.54 2846.34 3396.07 4070.29 4909.35 5951.14 7252.29 8923.91 11066.6 13827.9 17457 22326.3 28836.5 37625.5 49947.1 67083.9 91097.9 125453 175214 247098 351783 507160 734037 1.06341e+06 1.53126e+06 2.19082e+06 3.13699e+06 4.50691e+06 
54.2276 12.2898 22.1513 39.9561 72.1398 130.326 235.677 426.785 773.944 -248415 1655.04 1953.87 2315.75 2754.11 3286.4 3939.36 4752.18 5761.64 7022.76 8643.55 10721.9 13401.3 16924.4 21654 27980.8 36527.2 48516.8 65202.8 88600.9 122098 170648 240825 343086 494933 716754 1.03892e+06 1.4966e+06 2.14177e+06 3.06733e+06 4.40743e+06 
34.685 7.86093 14.169 25.5584 46.1466 83.37 150.77 273.04 495.165 898.929 -291235 1930.7 2288.52 2722.03 3248.55 3894.56 4698.98 5698.28 6947.11 8552.77 10612.6 13269.3 16764.4 21459.3 27743.6 36238 48163.9 64773.9 88083.2 121479 169919 239986 342157 493946 715798 1.03814e+06 1.49618e+06 2.1418e+06 3.06802e+06 4.4091e+06 
22.881 5.1858 9.34742 16.8617 30.4453 55.0057 99.4793 180.164 326.751 593.23 1079.26 -342565 2316.14 2776.04 3313.48 3973.07 4794.66 5815.64 7092 8733.84 10841 13560.3 17139.8 21951.3 28396.3 37114.3 49364.9 66441.5 90426.6 124822 174752 247034 352516 509312 738618 1.07196e+06 1.54573e+06 2.21347e+06 3.17143e+06 4.5585e+06 
15.6861 3.55522 6.40849 11.5606 20.8745 37.716 68.2142 123.548 224.088 406.876 740.303 1340.32 -404071 2935.23 3504.1 4202.5 5072.76 6154.65 7507.72 9249.25 11485.7 14373.5 18177.6 23295.3 30156.2 39445.2 52512.1 70745.5 96382.7 133187 186670 264171 377377 545770 792215 1.15069e+06 1.66032e+06 2.37852e+06 3.40891e+06 4.90086e+06 
11.1505 2.52732 4.55581 8.21877 14.841 26.8162 48.5036 87.8552 159.362 289.383 526.587 960.704 1755.35 -478369 3840.11 4606.56 5562.05 6750.43 8237.42 10152.6 12613.6 15793.7 19986.4 25632.3 33208.7 43477.2 57939.8 78145.3 106591 147479 206967 293270 419471 607348 882538 1.28311e+06 1.85277e+06 2.65546e+06 3.80711e+06 5.47466e+06 
8.16641 1.85102 3.33683 6.02 10.8712 19.6443 35.5341 64.3686 116.77 212.065 385.942 704.215 1286.93 2358.31 -568781 5147.15 6286.81 7632.77 9317.87 11489.8 14282.9 17895.1 22661.9 29088 37720.9 49435.2 65957.7 89072.7 121660 168571 236916 336196 481561 698167 1.01574e+06 1.47838e+06 2.13656e+06 3.06383e+06 4.39427e+06 6.32073e+06 
6.11956 1.38713 2.5007 4.51176 8.14802 14.7246 26.6372 48.2569 87.5518 159.023 289.452 528.242 965.541 1769.78 3219.97 -679426 7265.23 8824.32 10777.5 13297.2 16540.3 20738.4 26284.5 33770.8 43841.1 57524.8 76856.9 103946 142200 197363 277859 394974 566706 822882 1.19889e+06 1.74718e+06 2.52755e+06 3.62678e+06 5.20402e+06 7.48785e+06 
4.66515 1.05751 1.90656 3.44004 6.21299 11.2287 20.3151 36.8077 66.7884 121.329 220.881 403.183 737.131 1351.49 2487.44 4595.01 -814909 10343.3 12639.8 15605.4 19426.5 24378.4 30928.9 39784.9 51716.1 67955.9 90945.4 123223 168897 234897 331399 472068 678716 987391 1.44108e+06 2.10339e+06 3.04659e+06 4.37488e+06 6.28085e+06 9.04071e+06 
3.59221 0.814334 1.46824 2.64937 4.78536 8.64941 15.6504 28.3596 51.4667 93.5118 170.274 310.878 568.529 1042.7 1919.79 3547.87 6575.19 -983271 14982.8 18512.4 23065.6 28973.7 36801.1 47402 61709.6 81221.5 108907 147866 203123 283166 400469 571836 824115 1.20153e+06 1.75713e+06 2.56932e+06 3.72668e+06 5.35617e+06 7.69446e+06 1.10803e+07 
2.78436 0.631237 1.1382 2.05399 3.71031 6.70702 12.1373 21.9968 39.9263 72.5581 132.15 241.334 441.484 809.986 1491.92 2758.44 5115.01 9537.86 -1.1948e+06 22017.7 27620.6 34734.2 44174.7 56986.1 74312.1 97992.2 131680 179209 246800 344984 489251 700544 1.01236e+06 1.47968e+06 2.16887e+06 3.17787e+06 4.61678e+06 6.64211e+06 9.54855e+06 1.3757e+07 
2.17665 0.493499 0.889917 1.6061 2.90156 5.24575 9.4944 17.21 31.244 56.7933 103.466 189.009 345.892 634.876 1169.95 2164.37 4016.14 7494.57 14002.3 -1.45918e+06 33157.6 41753.9 53186 68738.3 89823.6 118719 159962 218336 301628 423045 602044 865041 1.25436e+06 1.83914e+06 2.70351e+06 3.97143e+06 5.78128e+06 8.32785e+06 1.19825e+07 1.7274e+07 
1.70978 0.38768 0.699165 1.26197 2.28015 4.12293 7.46348 13.5313 24.5711 44.676 81.4158 148.781 272.389 500.21 922.302 1707.32 3170.51 5921.74 11139.3 21027.3 -1.79563e+06 50421.4 64343.2 83336.4 109162 144664 195530 267798 371322 522860 747153 1.07795e+06 1.56944e+06 2.30968e+06 3.40678e+06 5.01972e+06 7.32472e+06 1.05667e+07 1.52195e+07 2.19558e+07 
1.34693 0.305435 0.550899 0.994479 1.79709 3.25002 5.88445 10.6709 19.3819 35.2516 64.2635 117.483 215.191 395.389 729.486 1351.37 2511.69 4695.87 8843.24 16715.7 31830.5 -2.22956e+06 77384.7 101626 133483 177435 240683 330937 460814 651847 935915 1.35674e+06 1.98467e+06 2.93343e+06 4.34395e+06 6.42319e+06 9.39859e+06 1.35817e+07 1.95853e+07 2.82763e+07 
1.06477 0.241476 0.435595 0.786444 1.42139 2.57106 4.65617 8.44565 15.3446 27.9185 50.9157 93.123 170.665 313.777 579.328 1074.1 1998.35 3740.41 7053.01 13352.8 25472.8 48529 -2.79381e+06 124236 163704 218384 297484 410946 575110 817985 1.18119e+06 1.72216e+06 2.5336e+06 3.76442e+06 5.6012e+06 8.31749e+06 1.2211e+07 1.76822e+07 2.55346e+07 3.68999e+07 
0.844397 0.191521 0.345531 0.623942 1.1279 2.04064 3.69655 6.707 12.1899 22.1877 40.4832 74.0814 135.855 249.961 461.892 857.203 1596.7 2992.62 5651.54 10719.4 20493 39586.7 77169.6 -3.52376e+06 200201 268223 367255 510224 718484 1.02886e+06 1.49638e+06 2.19751e+06 3.25627e+06 4.87033e+06 7.29057e+06 1.08843e+07 1.60467e+07 2.32967e+07 3.37022e+07 4.87577e+07 
0.666853 0.151271 0.272959 0.492985 0.89135 1.61307 2.92286 5.30495 9.64528 17.5641 32.0636 58.7083 107.739 198.393 366.943 681.731 1271.51 2386.7 4514.9 8581.26 16444.9 31853.8 62293.9 122647 -4.49196e+06 329522 453847 634676 900174 1.2993e+06 1.90568e+06 2.8226e+06 4.21845e+06 6.35948e+06 9.58842e+06 1.44065e+07 2.13458e+07 3.10855e+07 4.50638e+07 6.52798e+07 
0.521285 0.118268 0.213444 0.385573 0.697298 1.26224 2.28788 4.15395 7.55569 13.7658 25.144 46.068 84.6077 155.939 288.718 537.041 1003.1 1885.98 3574.37 6809.3 13084 25421 49891.7 98652 197836 -5.79715e+06 557624 788676 1.12785e+06 1.64289e+06 2.43337e+06 3.64039e+06 5.49559e+06 8.36237e+06 1.27154e+07 1.92487e+07 2.86887e+07 4.19302e+07 6.09337e+07 8.84005e+07 
0.402366 0.0913027 0.164812 0.29779 0.538685 0.975421 1.76864 3.21252 5.84608 10.6571 19.4784 35.714 65.6503 121.125 224.525 418.213 782.452 1473.95 2799.56 5347.6 10307.6 20098.4 39612.6 78729.9 158815 325015 -7.50179e+06 956668 1.38229e+06 2.03715e+06 3.05599e+06 4.63224e+06 7.08678e+06 1.09193e+07 1.67931e+07 2.56787e+07 3.85746e+07 5.66534e+07 8.25963e+07 1.20054e+08 
0.300902 0.0682911 0.1233 0.222839 0.403214 0.730361 1.32481 2.40741 4.38317 7.99522 14.6234 26.8334 49.3733 91.1958 169.262 315.747 591.814 1117.15 2126.89 4074.59 7880.75 15426.9 30547.1 61058.9 123980 256612 534044 -9.78999e+06 1.65089e+06 2.46655e+06 3.75696e+06 5.78602e+06 8.99789e+06 1.40814e+07 2.19651e+07 3.40119e+07 5.15966e+07 7.62409e+07 1.116e+08 1.62577e+08 
0.213896 0.048554 0.0876843 0.158512 0.286902 0.519863 0.943371 1.71507 3.1243 5.70264 10.438 19.1693 35.3075 65.2928 121.349 226.728 425.783 805.52 1537.46 2954.64 5735.68 11275.4 22439.4 45131.5 92299.4 192620 405033 866547 -1.29017e+07 2.84671e+06 4.46139e+06 7.00141e+06 1.11034e+07 1.77091e+07 2.81064e+07 4.41967e+07 6.78581e+07 1.01024e+08 1.48604e+08 2.17062e+08 
0.141725 0.0321776 0.0581239 0.105103 0.190291 0.344934 0.626206 1.13901 2.07609 3.792 6.94619 12.768 23.5425 43.5912 81.1325 151.842 285.738 541.854 1037.01 1999.6 3897.1 7696.16 15400.2 31184.8 64284 135388 288028 624722 1.37362e+06 -1.71819e+07 4.96255e+06 7.97077e+06 1.29558e+07 2.11744e+07 3.43693e+07 5.51403e+07 8.59982e+07 1.29297e+08 1.91414e+08 2.8053e+08 
0.0854962 0.0194152 0.0350792 0.0634498 0.114914 0.208378 0.378464 0.688735 1.25609 2.29587 4.20894 7.74357 14.2939 26.5006 49.3959 92.6057 174.633 331.967 637.089 1232.73 2412.41 4786.85 9633.57 19647.7 40844.1 86869.7 187176 412210 932564 2.14976e+06 -2.3e+07 8.22441e+06 1.37956e+07 2.33e+07 3.90023e+07 6.4346e+07 1.02589e+08 1.56423e+08 2.33686e+08 3.44045e+08 
0.045832 0.01041 0.0188133 0.034038 0.0616651 0.111862 0.203257 0.370073 0.675314 1.23519 2.26622 4.17311 7.71162 14.3155 26.7224 50.1841 94.834 180.71 347.767 675.247 1326.86 2645.42 5354.58 10999.8 23062.9 49544.2 108162 242018 557928 1.31635e+06 3.13537e+06 -3.13356e+07 1.33084e+07 2.34012e+07 4.07187e+07 6.96321e+07 1.14262e+08 1.77507e+08 2.68422e+08 3.97561e+08 
0.0215465 0.00489491 0.00884832 0.0160132 0.0290192 0.0526611 0.0957277 0.174378 0.318386 0.582741 1.07 1.97208 3.64819 6.78082 12.6758 23.845 45.1533 86.2462 166.429 324.256 639.752 1281.53 2608.75 5397.81 11414.6 24768.5 54799.1 124638 293016 708556 1.74168e+06 4.40726e+06 -4.389e+07 2.12855e+07 3.89056e+07 6.9586e+07 1.18451e+08 1.8851e+08 2.89584e+08 4.32233e+08 
0.0088456 0.0020099 0.003634 0.00657824 0.0119245 0.0216467 0.039365 0.0717394 0.131052 0.240016 0.441019 0.813486 1.50637 2.80311 5.24692 9.88548 18.7548 35.9013 69.4518 135.739 268.808 540.8 1106.66 2305.03 4913.03 10760.6 24106.9 55689.9 133430 330631 839854 2.21259e+06 6.07723e+06 -6.19322e+07 3.1703e+07 6.05685e+07 1.09282e+08 1.81091e+08 2.85848e+08 4.32614e+08 
0.00312115 0.000709306 0.00128272 0.00232251 0.00421115 0.00764696 0.0139112 0.0253626 0.0463541 0.0849444 0.156185 0.288308 0.534364 0.99542 1.86551 3.51974 6.68929 12.8307 24.8782 48.7627 96.8955 195.712 402.408 843.238 1810.28 3998.61 9060.4 21229.2 51752.5 131152 343565 940864 2.71459e+06 7.74767e+06 -8.84678e+07 4.60453e+07 8.99117e+07 1.58195e+08 2.60575e+08 4.03837e+08 
0.00093284 0.000212028 0.000383504 0.000694521 0.00125959 0.00228792 0.00416351 0.00759361 0.0138845 0.0254567 0.0468344 0.0865116 0.160476 0.299223 0.561383 1.06054 2.0187 3.879 7.5367 14.8103 29.5188 59.8331 123.548 260.285 562.359 1251.52 2864.49 6796.57 16825.7 43504.2 117192 332661 1.00386e+06 3.06038e+06 9.52015e+06 -1.277e+08 6.46265e+07 1.24847e+08 2.19168e+08 3.53282e+08 
0.000230301 5.23519e-05 9.4705e-05 0.000171537 0.000311159 0.000565312 0.00102901 0.0018773 0.0034337 0.00629813 0.0115925 0.0214246 0.0397675 0.0742056 0.139339 0.263496 0.502168 0.966293 1.88048 3.70276 7.39764 15.0362 31.1516 65.9049 143.105 320.355 739.026 1770.78 4436.81 11652.9 32089.5 93751.1 293475 948336 3.1927e+06 1.10993e+07 -1.82097e+08 8.31955e+07 1.62449e+08 2.82106e+08 
4.57882e-05 1.04093e-05 1.88322e-05 3.41139e-05 6.1888e-05 0.000112453 0.000204726 0.000373567 0.000683423 0.00125386 0.00230856 0.00426798 0.00792523 0.0147953 0.0277966 0.0525974 0.100316 0.193202 0.376361 0.742001 1.48461 3.02272 6.27529 13.3105 28.9913 65.1355 150.992 364 918.886 2437.27 6806.59 20261 64974 218615 781458 2.98285e+06 1.15736e+07 -2.48846e+08 9.78565e+07 1.99294e+08 
7.15284e-06 1.62619e-06 2.94225e-06 5.33017e-06 9.67058e-06 1.75737e-05 3.19975e-05 5.83939e-05 0.000106845 0.000196064 0.00036106 0.000667675 0.00124017 0.00231601 0.00435286 0.00824028 0.0157248 0.0303036 0.059074 0.116568 0.233471 0.475922 0.989437 2.10242 4.5888 10.335 24.0353 58.1752 147.581 393.958 1110.25 3345.21 10897.8 37677.1 140542 571730 2.46744e+06 1.06844e+07 -3.29178e+08 1.19787e+08 
8.47644e-07 1.92719e-07 3.487e-07 6.3174e-07 1.14624e-06 2.08314e-06 3.79322e-06 6.92314e-06 1.26689e-05 2.32509e-05 4.28241e-05 7.92043e-05 0.000147148 0.000274865 0.00051674 0.000978537 0.00186804 0.00360151 0.00702424 0.0138689 0.027797 0.056708 0.118005 0.251028 0.548614 1.23744 2.88325 6.9944 17.791 47.651 134.904 408.91 1342.45 4706.1 17976.1 76059.5 353639 1.79586e+06 9.88611e+06 -4.18364e+08 
dt_FE: 5.07665e-09
dt_EA: 5.07665e-09
dt_PE: 5.07665e-09
tolC: 1e-06
dt_grow: 1.03
dt_max: 0.1
steps: 0
