t: 1.02926e-08
dt: 1.80345e-10
N: 0.00632849 0.00730591 0.00843002 0.00972282 0.0112085 0.0129112 0.0148611 0.0170925 0.0196394 0.0225342 0.0258237 0.0295537 0.0337467 0.0384527 0.0437199 0.0495663 0.0559695 0.0629759 0.0705853 0.0785799 0.0869339 0.095545 0.104061 0.111895 0.118903 0.124681 0.127455 0.127106 0.123204 0.114423 0.109698 0.353003 0.265139 0.0271598 0.01107 0.00381847 0.00105299 0.000228169 3.84693e-05 4.8917e-06 
eC: 1 1.15749 1.33977 1.55077 1.795 2.07768 2.40489 2.78363 3.22201 3.72944 4.31677 4.99661 5.78351 6.69433 7.7486 8.9689 10.3814 12.0163 13.9087 16.0991 18.6345 21.5692 24.9661 28.8979 33.4489 38.7167 44.814 51.8717 60.0407 69.4963 80.4411 93.1095 107.773 124.746 144.391 167.131 193.452 223.918 259.182 300 
dV: 1.08333 0.211322 0.327712 0.508206 0.788112 1.22218 1.89532 2.93921 4.55805 7.06849 10.9616 16.999 26.3615 40.8807 63.3966 98.3136 152.462 236.434 366.655 568.597 881.764 1367.42 2120.55 3288.49 5099.69 7908.45 12264.2 19019 29494.1 45738.6 70930.1 109996 170579 264529 410225 636165 986546 1.52991e+06 2.37254e+06 3.67926e+06 
kVec: 837079 972215 1.12189e+06 1.29485e+06 1.49454e+06 1.72451e+06 1.98923e+06 2.29382e+06 2.64389e+06 3.0446e+06 3.5039e+06 4.02993e+06 4.62821e+06 5.30906e+06 6.08311e+06 6.96014e+06 7.94298e+06 9.04885e+06 1.02916e+07 1.16551e+07 1.31591e+07 1.48149e+07 1.66191e+07 1.85222e+07 2.05716e+07 2.28097e+07 2.50561e+07 2.74656e+07 3.01838e+07 3.33793e+07 3.71918e+07 4.25513e+07 5.15161e+07 6.62861e+07 9.04391e+07 1.28003e+08 1.8132e+08 2.47515e+08 3.27597e+08 4.16732e+08 
cMat: 
-193901 954.057 1121.07 1305.85 1522.29 1777.13 2077.35 2431.36 2850.43 3350.1 3945.15 4655.69 5515.44 6556.01 7818.42 9365.34 11288.4 13673.5 16648.9 20465.4 25349.8 31633.8 39876.4 50910.6 65629.8 85452.8 113165 151599 205306 281917 392589 552045 783685 1.12686e+06 1.627e+06 2.35191e+06 3.38086e+06 4.83186e+06 6.9132e+06 9.92651e+06 
4847.52 -229254 1290.83 1503.6 1752.83 2046.27 2392 2799.65 3282.26 3857.68 4542.98 5361.31 6351.53 7550.06 9004.19 10786.1 13001.5 15749.4 19177.7 23575.6 29204.6 36447.5 45949.2 58670.8 75643.8 98505.8 130472 174817 236793 325219 452980 637093 904597 1.30096e+06 1.87868e+06 2.71614e+06 3.90489e+06 5.58121e+06 7.98577e+06 1.14671e+07 
3635.39 823.835 -264080 1729.5 2016.2 2353.76 2751.47 3220.44 3775.64 4437.65 5226.1 6167.65 7307.02 8686.17 10359.5 12410.3 14960.1 18123.1 22069.7 27133.1 33614.8 41956.1 52900.4 67556.4 87113.8 113462 150313 201444 272922 374929 522347 734832 1.04362e+06 1.50123e+06 2.16832e+06 3.13547e+06 4.50839e+06 6.44437e+06 9.22141e+06 1.3242e+07 
2698.25 611.469 1102.03 -304762 2317.13 2705.11 3162.24 3701.28 4339.46 5100.45 6006.81 7089.22 8399.14 9984.83 11908.9 14267.2 17199.6 20837.6 25377.3 31202.7 38660.8 48260.2 60857.6 77730.9 100252 130601 173056 231981 314377 431995 602018 847146 1.20346e+06 1.73158e+06 2.50161e+06 3.61816e+06 5.20328e+06 7.43842e+06 1.06446e+07 1.52866e+07 
2000.52 453.356 817.074 1473.7 -352204 3078.32 3630.91 4249.93 4982.81 5856.77 6897.74 8140.96 9645.61 11467.2 13677.6 16387.1 19756.6 23937.4 29155.2 35851.7 44426.5 55465.3 69954.7 89366.9 115283 150216 199099 266965 361892 497441 693439 976095 1.38707e+06 1.99632e+06 2.88483e+06 4.17341e+06 6.00287e+06 8.58249e+06 1.22828e+07 1.76403e+07 
1482.12 335.88 605.356 1091.85 1953.59 -407367 4162.52 4872.28 5712.64 6714.81 7908.57 9334.35 11060.1 13149.5 15685.2 18793.8 22660.1 27458.1 33446.8 41134.5 50980.6 63658.6 80303.9 102611 132401 172567 228796 306886 416154 572241 798012 1.12371e+06 1.59743e+06 2.29986e+06 3.32451e+06 4.81084e+06 6.92126e+06 9.89692e+06 1.41654e+07 2.03455e+07 
1096.76 248.552 447.971 807.995 1458.72 2635.07 -471481 5577.33 6539.49 7687 9053.97 10686.7 12663.2 15056.4 17961.2 21522.6 25953 31451.7 38316.4 47130.5 58422 72964.7 92064 117668 151873 198010 262622 352395 478062 657652 917525 1.29257e+06 1.83825e+06 2.64762e+06 3.82861e+06 5.54213e+06 7.9754e+06 1.14061e+07 1.63274e+07 2.34528e+07 
810.279 183.63 330.966 596.965 1077.76 1946.93 3520.54 -545960 7396.73 8786.82 10349.8 12216.9 14477.3 17214.7 20537.5 24612 29681.8 35975.1 43833.4 53926 66858.6 83519.9 105409 134764 173995 226933 301107 404211 548612 755075 1.05397e+06 1.48552e+06 2.11369e+06 3.04569e+06 4.40607e+06 6.3804e+06 9.18438e+06 1.31375e+07 1.88085e+07 2.70191e+07 
597.63 135.441 244.115 440.321 794.969 1436.12 2596.95 4653.46 -632632 10024.6 11808.5 13939.5 16519.9 19645 23439.2 28092.5 33883.5 41073.8 50054.1 61591.4 76379.8 95438.1 120486 154093 199025 259685 344727 463003 628743 865854 1.2093e+06 1.70543e+06 2.42795e+06 3.50034e+06 5.06621e+06 7.3395e+06 1.05685e+07 1.51207e+07 2.1651e+07 3.1106e+07 
440.197 99.7633 179.815 324.347 585.602 1057.93 1913.13 3464.47 6282.56 -733081 13435 15860.7 18798.3 22356.8 26677.7 31978.1 38576.3 46770.7 57007.9 70164.8 87035.6 108786 137385 175778 227137 296513 393839 529290 719226 991139 1.38525e+06 1.95492e+06 2.78504e+06 4.01766e+06 5.81832e+06 8.43349e+06 1.21488e+07 1.7386e+07 2.48993e+07 3.57777e+07 
323.44 73.3038 132.127 238.334 430.32 777.432 1405.94 2546.12 4617.45 8382.58 -849927 18004 21340.6 25383.2 30292.9 36317.1 43818.3 53136.9 64782.3 79755.3 98962.8 123737 156329 200109 258711 337922 449132 604021 821382 1.1328e+06 1.58451e+06 2.23789e+06 3.19064e+06 4.60608e+06 6.67487e+06 9.68078e+06 1.3952e+07 1.99725e+07 2.86095e+07 4.11152e+07 
236.936 53.6997 96.7939 174.605 315.265 569.592 1030.12 1865.62 3383.55 6142.98 11175.9 -986034 23983.9 28746.3 34311.5 41141.7 49649.4 60221.8 73438.6 90440.1 112260 140419 177485 227309 294047 384323 511180 688011 936380 1.29255e+06 1.80958e+06 2.55807e+06 3.65035e+06 5.27399e+06 7.6485e+06 1.11003e+07 1.60063e+07 2.29208e+07 3.28407e+07 4.72039e+07 
173.215 39.2589 70.7665 127.659 230.509 416.483 753.263 1364.3 2474.51 4492.98 8174.88 14800.6 -1.14403e+06 32412.6 38694.4 46406.6 56016.5 67963.4 82904.9 102136 126832 158721 200728 257241 333003 435578 579871 781215 1.06432e+06 1.47074e+06 2.06133e+06 2.91714e+06 4.16723e+06 6.02673e+06 8.74813e+06 1.27066e+07 1.83343e+07 2.6265e+07 3.76432e+07 5.41183e+07 
126.198 28.6035 51.5614 93.0178 167.967 303.498 548.951 994.321 1803.62 3275.16 5959.76 10873 19866.5 -1.32815e+06 43461.4 52135.8 62949.8 76399.5 93228.9 114904 142757 178749 226200 290100 375847 492063 655747 884427 1.20636e+06 1.66913e+06 2.3424e+06 3.31914e+06 4.74746e+06 6.8738e+06 9.98833e+06 1.45219e+07 2.09692e+07 3.00538e+07 4.30878e+07 6.19607e+07 
91.5247 20.7453 37.3974 67.4689 121.838 220.163 398.247 721.409 1308.7 2376.72 4325.44 7892.47 14423.2 26430.7 -1.54296e+06 57686.5 70459.2 85544 104430 128772 160076 200559 253982 326003 422755 554044 739219 998279 1.3635e+06 1.88926e+06 2.65522e+06 3.76791e+06 5.39708e+06 7.82468e+06 1.13839e+07 1.65689e+07 2.39454e+07 3.43378e+07 4.92487e+07 7.08394e+07 
66.0753 14.9774 27.001 48.7153 87.9773 158.987 287.612 521.048 945.331 1717.03 3125.33 5703.64 10425.3 19109 34767.2 -1.79509e+06 78445.5 95279.7 116369 143575 178593 223921 283804 364637 473369 621118 829854 1.12235e+06 1.53539e+06 2.13101e+06 3.00016e+06 4.26469e+06 6.11895e+06 8.88498e+06 1.29449e+07 1.8865e+07 2.7291e+07 3.91598e+07 5.61898e+07 8.08492e+07 
47.508 10.7692 19.4157 35.032 63.2706 114.349 206.881 374.834 680.147 1235.56 2249.37 4105.85 7506.65 13763.1 25331.1 46793.7 -2.08868e+06 105332 128718 158919 197832 248259 314968 405153 526656 692036 926151 1.25485e+06 1.71998e+06 2.3921e+06 3.37484e+06 4.80735e+06 6.91177e+06 1.00552e+07 1.46753e+07 2.14201e+07 3.10252e+07 4.4552e+07 6.39617e+07 9.2067e+07 
33.921 7.6897 13.8645 25.0178 45.1878 81.6758 147.785 267.797 485.997 883.025 1607.89 2935.6 5368.58 9846.16 18128.4 33502.3 62089 -2.43416e+06 141482 174811 217807 273596 347510 447613 582719 766969 1.0284e+06 1.39629e+06 1.91807e+06 2.67392e+06 3.7816e+06 5.3998e+06 7.78206e+06 1.1346e+07 1.65925e+07 2.42619e+07 3.51908e+07 5.0578e+07 7.26582e+07 1.0463e+08 
24.0155 5.44449 9.81712 17.7159 32.0019 57.8489 104.686 189.725 344.37 625.823 1139.81 2081.54 3807.86 6986.23 12868 23791.8 44117.6 82265.2 -2.84339e+06 189906 238231 299586 381013 491512 640951 845195 1.13576e+06 1.5457e+06 2.12868e+06 2.97553e+06 4.21985e+06 6.04228e+06 8.73172e+06 1.27624e+07 1.87067e+07 2.74095e+07 3.98203e+07 5.7289e+07 8.23574e+07 1.18656e+08 
16.9011 3.83187 6.90995 12.4709 22.5297 40.7318 73.7212 133.63 242.6 440.983 803.381 1467.6 2685.75 4929.63 9084.35 16805.7 31184.1 58193.1 108724 -3.3231e+06 257459 324207 412974 533733 697454 921820 1.24205e+06 1.69531e+06 2.34205e+06 3.28482e+06 4.6747e+06 6.71679e+06 9.7397e+06 1.42804e+07 2.0992e+07 3.0837e+07 4.48899e+07 6.46633e+07 9.30403e+07 1.34127e+08 
11.7735 2.66954 4.81441 8.68986 15.701 28.3902 51.393 93.1756 169.195 307.636 560.624 1024.5 1875.65 3444.41 6350.91 11756.5 21831.9 40776.7 76704.8 144792 -3.89379e+06 347199 443063 573849 751679 996146 1.34641e+06 1.84404e+06 2.5569e+06 3.60038e+06 5.14485e+06 7.42271e+06 1.0807e+07 1.59043e+07 2.34588e+07 3.45655e+07 5.04375e+07 7.27617e+07 1.04801e+08 1.51186e+08 
8.09515 1.83568 3.31093 5.97687 10.8006 19.5328 35.3659 64.1325 116.486 211.864 386.227 706.078 1293.31 2376.31 4384.25 8121.8 15095.4 28222.4 53148.3 100462 191303 -4.57651e+06 465086 610780 802243 1.06639e+06 1.44652e+06 1.98895e+06 2.76952e+06 3.91764e+06 5.6249e+06 8.15407e+06 1.1928e+07 1.76301e+07 2.61074e+07 3.86037e+07 5.64861e+07 8.16267e+07 1.17709e+08 1.69942e+08 
5.49327 1.2458 2.24727 4.05734 7.33306 13.2643 24.0216 43.5718 79.1642 144.034 262.678 480.43 880.476 1618.8 2988.81 5541.37 10309.7 19297.1 36387.1 68888.1 131416 250365 -5.40562e+06 640947 844562 1.12666e+06 1.53475e+06 2.12011e+06 2.96704e+06 4.22006e+06 6.09386e+06 8.88476e+06 1.30711e+07 1.9421e+07 2.88971e+07 4.29107e+07 6.29977e+07 9.12239e+07 1.31735e+08 1.9037e+08 
3.67752 0.834112 1.50486 2.7174 4.91222 8.8874 16.0992 29.2104 53.0893 96.6322 176.313 322.64 591.674 1088.63 2011.63 3733.3 6953.95 13033.5 24613.6 46685.1 89251.3 172408 336090 -6.40026e+06 871916 1.16816e+06 1.59947e+06 2.22213e+06 3.12915e+06 4.48092e+06 6.51702e+06 9.5706e+06 1.41817e+07 2.12113e+07 3.17519e+07 4.74035e+07 6.98869e+07 1.01462e+08 1.4678e+08 2.1235e+08 
2.41163 0.547064 0.98714 1.78285 3.22352 5.83357 10.5703 19.185 34.8816 63.5196 115.956 212.315 389.631 717.475 1327.03 2465.44 4598.35 8631.36 16327.8 31033.6 59472 115197 225282 443544 -7.62391e+06 1.1917e+06 1.64131e+06 2.29527e+06 3.25543e+06 4.69882e+06 6.89176e+06 1.02078e+07 1.52558e+07 2.29987e+07 3.46759e+07 5.21001e+07 7.7196e+07 1.12419e+08 1.62971e+08 2.3608e+08 
1.54278 0.350021 0.631701 1.14113 2.0637 3.73568 6.77113 12.2939 22.3616 40.7409 74.4154 136.341 250.402 461.513 854.481 1589.41 2968.73 5581.69 10578.6 20152.6 38723.1 75235.1 147658 291967 585508 -9.16468e+06 1.65033e+06 2.33414e+06 3.33794e+06 4.86223e+06 7.20172e+06 1.0774e+07 1.62646e+07 2.4749e+07 3.76322e+07 5.69679e+07 8.49063e+07 1.24095e+08 1.80338e+08 2.61627e+08 
0.966024 0.219205 0.39569 0.714953 1.29331 2.34185 4.24626 7.71281 14.0356 25.5862 46.765 85.7443 157.617 290.804 539.053 1004.07 1878.56 3538.75 6721.36 12838.8 24747 48253.5 95104.2 189019 381292 780316 -1.10556e+07 2.29682e+06 3.31869e+06 4.8909e+06 7.337e+06 1.11214e+07 1.70144e+07 2.62157e+07 4.03179e+07 6.16509e+07 9.2612e+07 1.36017e+08 1.98302e+08 2.88233e+08 
0.58509 0.132789 0.239751 0.4333 0.784031 1.42015 2.57603 4.6811 8.52289 15.5463 28.4345 52.1763 96.0042 177.326 329.122 613.955 1150.76 2172.25 4135.64 7922.85 15323.8 29996.8 59397.5 118726 241073 498970 1.03842e+06 -1.34634e+07 3.21008e+06 4.7961e+06 7.30523e+06 1.12507e+07 1.7496e+07 2.73807e+07 4.27102e+07 6.61346e+07 1.00327e+08 1.48247e+08 2.17001e+08 3.16125e+08 
0.340114 0.0772052 0.139426 0.252049 0.4562 0.826629 1.50005 2.72711 4.96792 9.06772 16.5973 30.481 56.1421 103.822 192.957 360.518 677.033 1280.85 2444.71 4698.15 9120.25 17928.9 35680.6 71763.2 146764 306284 644039 1.37789e+06 -1.65844e+07 4.52653e+06 7.09402e+06 1.11329e+07 1.76554e+07 2.81591e+07 4.46917e+07 7.02767e+07 1.07901e+08 1.60637e+08 2.36294e+08 3.45149e+08 
0.188926 0.0428944 0.0774822 0.140108 0.253668 0.459815 0.834765 1.51836 2.76754 5.05493 9.25964 17.0204 31.3834 58.1093 108.154 202.414 380.904 722.319 1382.38 2665.56 5195.03 10259.4 20529.3 41571 85693.9 180480 383956 832787 1.8311e+06 -2.07282e+07 6.61534e+06 1.06255e+07 1.72707e+07 2.82265e+07 4.58161e+07 7.35048e+07 1.1464e+08 1.72359e+08 2.55165e+08 3.73961e+08 
0.0982802 0.0223183 0.0403245 0.0729373 0.132096 0.239536 0.435055 0.79172 1.44391 2.63916 4.83829 8.90145 16.4312 30.4632 56.7819 106.453 200.746 381.605 732.352 1417.06 2773.13 5502.62 11074.1 22585.5 46951.4 99859.1 215164 473847 1.07201e+06 2.47121e+06 -2.62395e+07 9.45418e+06 1.58584e+07 2.6784e+07 4.48342e+07 7.39675e+07 1.17929e+08 1.79812e+08 2.68628e+08 3.95489e+08 
0.0342146 0.00777132 0.0140445 0.0254101 0.0460344 0.0835077 0.151736 0.276268 0.504138 0.922095 1.69178 3.11533 5.75691 10.6868 19.9489 37.4636 70.7958 134.904 259.616 504.087 990.533 1974.87 3997.32 8211.62 17217 36985.9 80745.3 180672 416506 982684 2.34063e+06 -3.60057e+07 9.93505e+06 1.74695e+07 3.03974e+07 5.1982e+07 8.52989e+07 1.32513e+08 2.00383e+08 2.96789e+08 
0.0169974 0.00386146 0.00698019 0.0126324 0.0228925 0.0415429 0.0755169 0.137562 0.251166 0.459709 0.844091 1.55572 2.87795 5.34921 9.99956 18.8106 35.6202 68.0373 131.291 255.797 504.682 1010.96 2057.97 4258.18 9004.63 19539.2 43229.5 98323.1 231152 558961 1.37396e+06 3.47676e+06 -4.79222e+07 1.67916e+07 3.06915e+07 5.48945e+07 9.34424e+07 1.48711e+08 2.28445e+08 3.40977e+08 
0.00887437 0.00201644 0.00364582 0.00659964 0.0119633 0.0217171 0.0394931 0.0719728 0.131479 0.240797 0.442454 0.816132 1.51128 2.81223 5.26398 9.91764 18.8158 36.0181 69.6777 136.18 269.682 542.559 1110.26 2312.53 4929.02 10795.6 24185.3 55871.1 133864 331707 842587 2.21979e+06 6.097e+06 -6.28798e+07 3.18062e+07 6.07655e+07 1.09638e+08 1.8168e+08 2.86778e+08 4.34022e+08 
0.00312247 0.000709607 0.00128327 0.0023235 0.00421294 0.0076502 0.0139171 0.0253733 0.0463738 0.0849804 0.156251 0.28843 0.53459 0.995841 1.8663 3.52123 6.69212 12.8361 24.8888 48.7834 96.9366 195.794 402.579 843.595 1811.05 4000.31 9064.24 21238.2 51774.4 131207 343710 941263 2.71574e+06 7.75095e+06 -8.87753e+07 4.60648e+07 8.99498e+07 1.58262e+08 2.60686e+08 4.04008e+08 
0.000932714 0.000211999 0.000383453 0.000694427 0.00125942 0.00228761 0.00416295 0.00759258 0.0138826 0.0254533 0.0468281 0.0864999 0.160454 0.299182 0.561307 1.06039 2.01843 3.87848 7.53568 14.8083 29.5148 59.825 123.532 260.25 562.283 1251.35 2864.1 6795.65 16823.5 43498.3 117176 332616 1.00372e+06 3.05997e+06 9.51886e+06 -1.27301e+08 6.46177e+07 1.2483e+08 2.19138e+08 3.53234e+08 
0.000230285 5.23482e-05 9.46981e-05 0.000171525 0.000311137 0.000565272 0.00102894 0.00187717 0.00343346 0.00629768 0.0115916 0.0214231 0.0397646 0.0742003 0.139329 0.263477 0.502132 0.966223 1.88034 3.70249 7.39711 15.0351 31.1493 65.9002 143.095 320.332 738.972 1770.65 4436.49 11652.1 32087.2 93744.3 293454 948268 3.19247e+06 1.10985e+07 -1.81073e+08 8.31895e+07 1.62437e+08 2.82086e+08 
4.57875e-05 1.04092e-05 1.88319e-05 3.41134e-05 6.1887e-05 0.000112452 0.000204723 0.000373561 0.000683411 0.00125384 0.00230852 0.00426791 0.0079251 0.0147951 0.0277962 0.0525966 0.100315 0.193199 0.376355 0.741989 1.48458 3.02267 6.27518 13.3103 28.9909 65.1344 150.99 363.994 918.871 2437.23 6806.48 20260.6 64972.9 218611 781445 2.9828e+06 1.15734e+07 -2.47447e+08 9.78549e+07 1.99291e+08 
7.15282e-06 1.62619e-06 2.94224e-06 5.33016e-06 9.67055e-06 1.75737e-05 3.19974e-05 5.83938e-05 0.000106845 0.000196063 0.000361059 0.000667673 0.00124017 0.002316 0.00435285 0.00824026 0.0157247 0.0303036 0.0590738 0.116567 0.233471 0.47592 0.989434 2.10241 4.58879 10.3349 24.0352 58.175 147.58 393.957 1110.25 3345.2 10897.8 37677.1 140541 571729 2.46743e+06 1.06844e+07 -3.27582e+08 1.19786e+08 
8.47644e-07 1.92719e-07 3.487e-07 6.3174e-07 1.14624e-06 2.08314e-06 3.79322e-06 6.92314e-06 1.26689e-05 2.32509e-05 4.28241e-05 7.92043e-05 0.000147148 0.000274865 0.00051674 0.000978537 0.00186804 0.00360151 0.00702424 0.0138689 0.027797 0.056708 0.118005 0.251028 0.548614 1.23744 2.88325 6.9944 17.791 47.651 134.903 408.91 1342.45 4706.1 17976.1 76059.4 353639 1.79586e+06 9.8861e+06 -4.16729e+08 
dt_FE: 1.80345e-10
dt_EA: 1.80345e-10
dt_PE: 1.80345e-10
tolC: 1e-06
dt_grow: 1.03
dt_max: 0.1
steps: 0
