t
0.0000484943338165749006146
dt
0.0000018255090610013275930
DN
0.0000000000000002177980794
TC
59.0000
N
2.44356501e-01
4.72026731e-01
5.38555337e-01
5.28780867e-01
4.78317448e-01
4.08844745e-01
3.35873460e-01
2.69135038e-01
2.12997353e-01
1.68079126e-01
1.33083039e-01
1.06103974e-01
8.53098588e-02
6.91906504e-02
5.65876329e-02
4.66397261e-02
3.87135915e-02
3.23426008e-02
2.71818014e-02
2.30452221e-02
2.16721020e-02
4.83972054e-02
2.33178201e-01
6.23344511e-01
5.87368546e-01
1.54200637e-01
8.97477613e-03
9.63476592e-05
5.78171728e-07
1.83597795e-08
5.91293539e-10
1.56113523e-11
3.33702820e-13
5.70320160e-15
7.69070722e-17
8.06908493e-19
6.49032647e-21
3.94001069e-23
1.77553484e-25
5.83658121e-28
eC
1.00638940e+00
3.07804198e+00
5.27088624e+00
7.59201189e+00
1.00489234e+01
1.26495642e+01
1.54023425e+01
1.83161584e+01
2.14004324e+01
2.46651365e+01
2.81208258e+01
3.17786729e+01
3.56505041e+01
3.97488374e+01
4.40869232e+01
4.86787870e+01
5.35392748e+01
5.86841012e+01
6.41298999e+01
6.98942779e+01
7.59958720e+01
8.24544093e+01
8.92907710e+01
9.65270599e+01
1.04186672e+02
1.12294371e+02
1.20876370e+02
1.29960417e+02
1.39575880e+02
1.49753848e+02
1.60527227e+02
1.71930848e+02
1.84001582e+02
1.96778453e+02
2.10302771e+02
2.24618262e+02
2.39771209e+02
2.55810604e+02
2.72788303e+02
2.90759198e+02
