t
0.0000274104959512703168028
dt
0.0000019527449281220823132
DN
0.0000000000000000000000000
TC
48.0000
N
1.46099283e-01
3.02363955e-01
3.53470258e-01
3.45937658e-01
3.07465206e-01
2.56980015e-01
2.06624125e-01
1.62615880e-01
1.26917254e-01
9.91294749e-02
7.79169906e-02
6.18066318e-02
4.95247409e-02
4.00802332e-02
3.27394742e-02
2.69704115e-02
2.23884974e-02
1.87140962e-02
1.57433003e-02
1.34000097e-02
1.35743681e-02
4.25806338e-02
2.35209667e-01
6.40476939e-01
6.04811593e-01
1.58868594e-01
9.23508518e-03
9.56947298e-05
3.86917115e-07
1.07286990e-08
3.45296430e-10
9.11512960e-12
1.94812200e-13
3.32896936e-15
4.48841724e-17
4.70856228e-19
3.78677038e-21
2.29847384e-23
1.03564861e-25
3.40395709e-28
eC
1.00638940e+00
3.07804198e+00
5.27088624e+00
7.59201189e+00
1.00489234e+01
1.26495642e+01
1.54023425e+01
1.83161584e+01
2.14004324e+01
2.46651365e+01
2.81208258e+01
3.17786729e+01
3.56505041e+01
3.97488374e+01
4.40869232e+01
4.86787870e+01
5.35392748e+01
5.86841012e+01
6.41298999e+01
6.98942779e+01
7.59958720e+01
8.24544093e+01
8.92907710e+01
9.65270599e+01
1.04186672e+02
1.12294371e+02
1.20876370e+02
1.29960417e+02
1.39575880e+02
1.49753848e+02
1.60527227e+02
1.71930848e+02
1.84001582e+02
1.96778453e+02
2.10302771e+02
2.24618262e+02
2.39771209e+02
2.55810604e+02
2.72788303e+02
2.90759198e+02
