t: 4.7354e-09
dt: 1.42062e-10
N: 0.00015933 0.000448448 0.000700173 0.000910141 0.00107459 0.00119084 0.00125792 0.00127719 0.0012528 0.00119174 0.00110326 0.00099763 0.000884638 0.000772372 0.000666587 0.000570699 0.000486175 0.000413096 0.000352445 0.000383856 0.00260754 0.0347013 0.238179 0.664324 0.628944 0.165322 0.00960553 9.90696e-05 1.38272e-06 3.35444e-07 8.2117e-08 1.85234e-08 3.83487e-09 7.25096e-10 1.24541e-10 1.93202e-11 2.69061e-12 3.34229e-13 3.67829e-14 3.56077e-15 
eC: 1.00639 3.07804 5.27089 7.59201 10.0489 12.6496 15.4023 18.3162 21.4004 24.6651 28.1208 31.7787 35.6505 39.7488 44.0869 48.6788 53.5393 58.6841 64.1299 69.8943 75.9959 82.4544 89.2908 96.5271 104.187 112.294 120.876 129.96 139.576 149.754 160.527 171.931 184.002 196.778 210.303 224.618 239.771 255.811 272.788 290.759 
dV: 2.71811 20.9912 63.6092 138.722 256.496 429.553 673.497 1007.55 1455.33 2045.74 2814.09 3803.42 5066.04 6665.5 8678.77 11199 14338.7 18233.7 23047.8 28977.8 36261 45182.1 56083.2 69374.4 85547.6 105192 129013 157855 192727 234836 285622 346808 420447 508992 615366 743056 896219 1.07981e+06 1.29972e+06 1.56298e+06 
kVec: 34468.5 97262.2 152413 199047 236411 263986 281615 289629 288948 281090 268036 251971 234969 218728 204449 192829 184149 178376 175250 174315 174876 175859 175705 173297 170944 173850 183938 198981 216737 236140 256821 278709 301839 326279 352110 379418 408291 438785 470675 501019 
cMat: 
-815.216 131.233 164.906 211.607 273.333 353.952 458.341 592.195 761.868 974.261 1236.9 1558.36 1948.91 2421.35 2991.74 3679.94 4510.27 5512.1 6720.66 8178.04 9934.42 12049.6 14594.8 17654.9 21331.1 25743.7 31036.1 37379 44975.3 54066.5 64939.2 77934 93454.6 111980 134076 160414 191783 229118 273513 326257 
12.9872 -2529.07 431.67 557.168 724.151 943.759 1230.06 1599.51 2070.5 2662.85 3397.93 4299.7 5396.76 6724.74 8328.52 10264.1 12600 15419.5 18822.4 22928 27878.5 33843.7 41025.6 49665.4 60050.2 72522.6 87490.7 105441 126953 152717 183555 220444 264550 317257 380212 455373 545068 652061 779637 931695 
4.05193 107.178 -4485.8 810.065 1059.68 1390.43 1824.84 2389.42 3113.77 4029.7 5170.99 6574.93 8285.54 10357.6 12860.8 15882.1 19529.1 23932.3 29248.5 35665.3 43406.4 52738.4 63979.3 77507.9 93776 113322 136788 164940 198689 239122 287533 345462 414744 497561 596511 714682 855749 1.02408e+06 1.22487e+06 1.46428e+06 
1.76426 46.9404 274.87 -6739.91 1284.93 1698 2244.94 2961.35 3887.13 5065 6539.78 8359.91 10581.7 13275.2 16529.5 20457.6 25199.5 30925.5 37840.8 46191 56269 68423.7 83071.2 100707 121924 147425 178051 214806 258882 311703 374964 450683 541264 649568 778999 933608 1.11821e+06 1.33854e+06 1.60141e+06 1.91491e+06 
0.896183 23.9918 141.402 505.302 -9339.98 1874.85 2497.92 3321.05 4393.34 5767.29 7497.34 9641.01 12263.7 15446.2 19292.1 23933.5 29535.6 36300.6 44472.3 54342.6 66259.8 80638.9 97974.3 118856 143986 174203 210505 254086 306364 369032 444107 533989 641539 770160 923904 1.10759e+06 1.32696e+06 1.58882e+06 1.9013e+06 2.27404e+06 
0.494595 13.3259 79.0733 284.585 799.036 -12336.5 2597.07 3481.48 4643.9 6145.37 8048.66 10418.5 13326.4 16859.3 21129.2 26280.7 32496.2 40000.5 49065.5 60017 73243.6 89208.7 108464 131666 159601 193202 233584 282076 340263 410034 493639 593758 713583 856914 1.02827e+06 1.23305e+06 1.47764e+06 1.76967e+06 2.11819e+06 2.53399e+06 
0.285869 7.75232 46.3211 167.939 475.173 1159.2 -15780.3 3463.19 4660.01 6220.09 8213.28 10710 13785.3 17528.2 22052.8 27508.8 34087.3 42026.1 51613.9 63197.6 77190.6 94085.6 114469 139041 168633 204240 247047 298466 360181 434202 522920 629185 756392 908584 1.09057e+06 1.30808e+06 1.56793e+06 1.87821e+06 2.24858e+06 2.6905e+06 
0.169223 4.61859 27.7882 101.496 289.444 711.955 1586.69 -19719.9 4472.92 6025.4 8027.26 10553.6 13681.2 17497.5 22113.4 27675.7 34375.5 42453.5 52204.4 63982.6 78211.4 95394.3 116131 141135 171258 207514 251113 303498 366388 441835 532281 640638 770375 925619 1.11129e+06 1.33323e+06 1.59841e+06 1.91511e+06 2.29319e+06 2.74435e+06 
0.101053 2.77506 16.8086 61.8395 177.729 440.805 991.009 2076.19 -24198.6 5607.97 7543.51 10008.8 13081.6 16845.7 21404 26893.2 33495.5 41445 51031.1 62604.2 76582.3 93463.4 113839 138414 168026 203677 246559 298093 359975 434228 523259 629940 757689 910580 1.09346e+06 1.3121e+06 1.57336e+06 1.88542e+06 2.258e+06 2.70266e+06 
0.0602121 1.66297 10.1357 37.5453 108.711 271.801 616.349 1303.17 2613.03 -29252 6829.71 9154.66 12079 15682.5 20057.1 25323.9 31647.7 39246.2 48394.3 59426.9 72745.3 88826.7 108238 131652 159871 193851 234731 283869 342884 413708 498642 600428 722332 868245 1.0428e+06 1.25151e+06 1.50093e+06 1.79889e+06 2.15465e+06 2.57928e+06 
0.0355094 0.985713 6.04166 22.5185 65.6464 165.358 378.047 806.458 1632.72 3172.5 -34905.5 8084.14 10784 14140 18233.6 23166.4 29078.9 36164.1 44672.8 54916.3 67269.3 82177.4 100169 121871 148030 179533 217438 263007 317743 383440 462235 556674 669793 805204 967209 1.16093e+06 1.39247e+06 1.66907e+06 1.99937e+06 2.39362e+06 
0.0206041 0.574451 3.53795 13.2573 38.878 98.5793 227.038 488.308 997.694 1958.49 3723.16 -41172.9 9313.91 12358.7 16103 20629.6 26050.5 32525.9 40274.9 49577.7 60775.9 74276.9 90562.8 110204 133879 162391 196701 237952 287507 346990 418339 503862 606307 728951 875693 1.05117e+06 1.26092e+06 1.51151e+06 1.81076e+06 2.16798e+06 
0.0117126 0.327735 2.02654 7.62754 22.4791 57.315 132.831 287.735 592.725 1174.59 2257.53 4233.57 -48055.9 10471.9 13824 17905.9 22801.4 28632.8 35579.5 43884.1 53851 65846.2 80302.1 97729.1 118731 144024 174461 211057 255023 307800 371109 446999 537910 646751 776985 932732 1.1189e+06 1.34132e+06 1.60695e+06 1.92405e+06 
0.00650239 0.182481 1.13201 4.27585 12.6512 32.4003 75.4697 164.437 341.064 681.431 1322.69 2510.16 4679.3 -55545.3 11530.6 15151.9 19521.2 24722.4 30888.6 38217.5 46972.2 57476.4 70114.2 85336.5 103674 125756 152327 184276 222658 268735 324007 390266 469642 564675 678390 814386 976949 1.17118e+06 1.40314e+06 1.68005e+06 
0.00351665 0.0989242 0.615244 2.33042 6.91641 17.774 41.5616 90.9639 189.684 381.476 746.57 1431.62 2703.83 5047.11 -63623.6 12483.4 16340.6 20952.6 26403.6 32837.9 40471 49583.6 60514.4 73660.1 89484.6 108533 131452 159007 192110 231850 279521 336668 405129 487094 585174 702472 842686 1.01021e+06 1.21029e+06 1.44914e+06 
0.00184864 0.0521025 0.324708 1.23263 3.66701 9.44804 22.1566 48.6537 101.855 205.842 405.378 783.818 1496.74 2834.41 5335.04 -72268.1 13341.1 17408.3 22227.1 27882.3 34531.2 42406.8 51805 63075.3 76623.2 92921.1 112524 136090 164400 198383 239149 288016 346558 416648 500516 600818 720716 863969 1.03506e+06 1.2393e+06 
0.000942495 0.0266058 0.166086 0.631591 1.88243 4.85964 11.4206 25.1381 52.7709 107.007 211.664 411.724 792.825 1519.04 2904.95 5549.56 -81449.1 14125.4 18385 23384 29209.8 36034.7 44109.4 53742.7 65292.1 79168.7 95850.4 115899 139981 168888 203562 245126 294917 354528 425857 511161 613129 734959 880458 1.05415e+06 
0.000464957 0.013143 0.0821588 0.312881 0.933909 2.41466 5.68376 12.5319 26.3571 53.5655 106.259 207.51 401.882 776.554 1503.58 2923.09 5701.91 -91123.4 14862.8 19305.2 24467 30441 37417.9 45666 55505.2 67298.6 81461 98474.3 118906 143428 172840 208096 250327 300887 361383 433729 520207 623527 746917 894217 
0.000221406 0.00626586 0.0392153 0.149522 0.44685 1.15677 2.72625 6.01853 12.6749 25.7966 51.264 100.352 195.037 378.932 740.004 1457.64 2898.44 5804.72 -101214 15579.8 20202.5 25517.6 31627.7 38745.3 47156.8 57191 69215.3 83647.2 100972 121762 146695 176579 212375 255228 306499 367812 441099 528657 633220 758042 
0.000101496 0.00287536 0.0180144 0.0687581 0.2057 0.533049 1.25754 2.77886 5.85777 11.9337 23.7406 46.537 90.6244 176.623 346.711 688.837 1388.81 2840.39 5869.27 -111569 16299.4 21104.8 26569.4 32811.5 40068.8 48645.4 58877.8 71136.7 85842 103483 124636 149987 180351 216698 260184 312185 374337 448590 537262 643110 
4.45746e-05 0.00126399 0.00792634 0.0302818 0.0906757 0.235185 0.555304 1.22807 2.59062 5.28131 10.5137 20.6248 40.2048 78.4822 154.484 308.422 627.186 1301.46 2751.52 5892.77 -121896 17005.8 21989.9 27593.2 33956.1 41344.8 50079.5 60502.6 72986.5 87953.4 105896 127396 153144 183965 220836 264923 317615 380563 455732 545458 
1.81794e-05 0.000515955 0.00323823 0.0123817 0.0371062 0.0963181 0.227589 0.503657 1.06311 2.16841 4.31867 8.47566 16.5301 32.291 63.6411 127.359 260.166 544.465 1168.61 2565.6 5718.17 -131918 17216 22232.6 27806.2 34102.1 41409.4 50053.1 60369.8 72722.6 87524 105256 126490 151903 182304 218652 262091 313983 375945 449905 
5.771e-06 0.000163922 0.0010296 0.00393977 0.0118157 0.0306925 0.072571 0.160697 0.339371 0.692505 1.37968 2.70842 5.28346 10.3239 20.3566 40.7768 83.4655 175.403 379.615 846.518 1937.9 4512.09 -142623 14224.6 18344.7 22867.3 27953.6 33858 40848 49192.4 59180.4 71141.4 85461.6 102599 123097 147603 176888 211869 253637 303490 
9.73253e-07 2.76657e-05 0.000173892 0.000665869 0.00199836 0.00519433 0.0122892 0.0272271 0.0575267 0.11743 0.23402 0.459485 0.896443 1.75178 3.4545 6.92163 14.1776 29.844 64.8339 145.743 339.014 812.352 1983.11 -155024 6569.24 8459.68 10509.8 12807.4 15476.8 18639.9 22416.6 26935.4 32343.8 38815 46554.5 55806.4 66861.7 80066.2 95831.6 114647 
3.90531e-07 1.11093e-05 6.98729e-05 0.00026773 0.000804002 0.00209109 0.00495002 0.0109724 0.0231927 0.0473592 0.0944027 0.185382 0.361697 0.706805 1.39375 2.79249 5.7204 12.0471 26.2065 59.1086 138.553 337.425 849.376 2181.71 -162808 7620.34 9797.5 12130.3 14738.6 17773 21372.2 25669.8 30810 36958.6 44311.1 53099.6 63600.1 76140.8 91112.6 108980 
3.01415e-07 8.58015e-06 5.39986e-05 0.000207029 0.000622076 0.00161882 0.00383404 0.00850253 0.017979 0.0367243 0.07322 0.143804 0.280587 0.548287 1.08106 2.16569 4.43578 9.34123 20.3256 45.8919 107.887 264.648 677.105 1796.75 4873.33 -168333 18010.4 23114.5 28519.7 34555.9 41590.9 49943.2 59916.3 71839.7 86094.5 103131 123484 147789 176803 211426 
1.15569e-07 3.29204e-06 2.073e-05 7.95222e-05 0.000239075 0.000622461 0.00147494 0.00327229 0.00692191 0.0141429 0.0282035 0.0553982 0.108097 0.211222 0.416424 0.834085 1.70802 3.59608 7.82348 17.6656 41.5614 102.204 263.245 709.919 1992.73 5728.02 -181171 22479.1 28791.7 35402.3 42784.1 51405.7 61650.5 73882.6 88500.2 105967 126831 151743 181480 216962 
3.53758e-08 1.00836e-06 6.35301e-06 2.43833e-05 7.33424e-05 0.000191047 0.000452892 0.00100517 0.00212697 0.00434699 0.00867036 0.0170326 0.0332367 0.064943 0.128023 0.256386 0.524908 1.10486 2.403 5.42468 12.7617 31.3981 81.0378 219.878 627.058 1868.4 5713.23 -198056 23897.3 30539.5 37423.2 45118.3 54126.5 64838.8 77627 92902.5 111146 132927 158922 189936 
1.00247e-08 2.85936e-07 1.80238e-06 6.92098e-06 2.08272e-05 5.42761e-05 0.000128718 0.00028579 0.000604925 0.00123662 0.00246698 0.00484686 0.00945837 0.0184809 0.0364287 0.0729439 0.149311 0.3142 0.683161 1.5417 3.62573 8.91891 23.0259 62.5778 179.437 542.938 1723.42 5628.18 -216470 25189.7 32110.9 39216.6 47177.1 56518.1 67632.7 80898.4 96737.1 115644 138206 165121 
2.64362e-09 7.54546e-08 4.75844e-07 1.82801e-06 5.50339e-06 1.43478e-05 3.40395e-05 7.56026e-05 0.000160073 0.000327308 0.000653069 0.00128322 0.00250425 0.00489305 0.00964432 0.0193092 0.0395178 0.0831397 0.18072 0.4077 0.958469 2.35686 6.08297 16.5331 47.4666 144.311 464.864 1577.81 5525.8 -236069 26571.8 33779.5 41119.7 49368.4 59069.9 70618.8 84399.1 100845 120467 143872 
6.45984e-10 1.84505e-08 1.16406e-07 4.47374e-07 1.3474e-06 3.51414e-06 8.34008e-06 1.85294e-05 3.9243e-05 8.02592e-05 0.000160165 0.000314743 0.000614264 0.0012002 0.0023655 0.00473556 0.00969023 0.0203828 0.0442949 0.0998988 0.234773 0.577079 1.48881 4.04505 11.6124 35.3361 114.293 393.347 1433.07 5405.87 -256803 28050.5 35552.1 43141.2 51703.2 61794.8 73811.6 88145.8 105245 125638 
1.45591e-10 4.16135e-09 2.62653e-08 1.00982e-07 3.04253e-07 7.938e-07 1.88455e-06 4.18819e-06 8.87232e-06 1.81493e-05 3.62243e-05 7.11922e-05 0.000138948 0.00027149 0.00053506 0.00107106 0.00219139 0.00460866 0.0100131 0.0225769 0.0530417 0.130331 0.336107 0.912791 2.61931 7.96874 25.7895 89.0596 328.684 1290.6 5267.86 -278705 29630.7 37432.6 45287 54188.6 64700.7 77220.4 92149.3 109950 
3.01174e-11 8.61496e-10 5.43965e-09 2.09216e-08 6.30573e-08 1.64572e-07 3.90828e-07 8.68811e-07 1.84094e-06 3.76656e-06 7.51881e-06 1.47783e-05 2.88447e-05 5.63598e-05 0.000111072 0.000222322 0.00045482 0.000956379 0.00207751 0.00468314 0.0109995 0.0270188 0.0696523 0.189081 0.542333 1.64918 5.33554 18.431 68.2103 271.017 1151.77 5111.54 -301838 31317.5 39425.6 47563.8 56832.4 67796.5 80854.9 96420.8 
5.68898e-12 1.62868e-10 1.02876e-09 3.95811e-09 1.19336e-08 3.11549e-08 7.40084e-08 1.64564e-07 3.48774e-07 7.13722e-07 1.42493e-06 2.80096e-06 5.46728e-06 1.06827e-05 2.10524e-05 4.2136e-05 8.61924e-05 0.000181219 0.000393591 0.000887058 0.00208298 0.00511512 0.0131821 0.0357714 0.102558 0.311721 1.008 3.48058 12.882 51.2949 220.329 1017.98 4937.03 -326279 33116.2 41535.8 49978.4 59643.1 71091.6 84726.1 
9.75936e-13 2.79656e-11 1.7671e-10 6.80103e-10 2.05112e-09 5.35641e-09 1.27276e-08 2.83076e-08 6.00071e-08 1.22818e-07 2.45235e-07 4.82098e-07 9.41068e-07 1.8388e-06 3.62367e-06 7.25232e-06 1.48339e-05 3.11847e-05 6.77207e-05 0.000152599 0.000358256 0.000879546 0.00226602 0.00614711 0.0176173 0.0535244 0.172997 0.59704 2.20866 8.79358 37.8332 176.456 890.493 4744.77 -352110 35032.2 43768.9 52538.7 62629.5 74596.1 
1.51174e-13 4.33643e-12 2.74109e-11 1.05528e-10 3.18355e-10 8.31594e-10 1.97648e-09 4.39692e-09 9.32252e-09 1.90837e-08 3.81097e-08 7.49248e-08 1.46262e-07 2.85794e-07 5.63196e-07 1.12712e-06 2.30525e-06 4.84574e-06 1.05217e-05 2.37055e-05 5.56432e-05 0.000136579 0.000351786 0.000954028 0.00273329 0.00830103 0.0268183 0.0925093 0.342041 1.36109 5.85429 27.3361 139.09 770.485 4535.6 -379418 37071.3 46130.7 55253 65801.3 
2.10166e-14 6.03574e-13 3.81657e-12 1.46975e-11 4.43511e-11 1.15882e-10 2.75485e-10 6.1298e-10 1.2999e-09 2.66137e-09 5.31531e-09 1.04509e-08 2.04024e-08 3.98666e-08 7.85618e-08 1.57219e-07 3.21534e-07 6.75822e-07 1.46727e-06 3.30534e-06 7.75726e-06 1.9037e-05 4.90227e-05 0.000132914 0.000380686 0.00115576 0.00373251 0.0128696 0.0475605 0.189156 0.813134 3.79537 19.3255 107.805 658.943 4310.75 -408291 39239.2 48628.1 58130.2 
2.60544e-15 7.4927e-14 4.73948e-13 1.82567e-12 5.51053e-12 1.44015e-11 3.42443e-11 7.62118e-11 1.61645e-10 3.30992e-10 6.61132e-10 1.30001e-09 2.53802e-09 4.95941e-09 9.77303e-09 1.95573e-08 3.99953e-08 8.40585e-08 1.82481e-07 4.1103e-07 9.64504e-07 2.36658e-06 6.09308e-06 1.65163e-05 4.7293e-05 0.000143539 0.0004634 0.00159718 0.00589991 0.0234533 0.100765 0.470053 2.39228 13.3502 82.0789 556.642 4071.84 -438785 41542 51268.2 
2.86071e-16 8.23978e-15 5.21385e-14 2.00893e-13 6.06516e-13 1.58546e-12 3.77073e-12 8.39346e-12 1.78053e-11 3.64639e-11 7.28415e-11 1.43242e-10 2.79664e-10 5.46489e-10 1.07691e-09 2.155e-09 4.40684e-09 9.2613e-09 2.01035e-08 4.52775e-08 1.06233e-07 2.60623e-07 6.70896e-07 1.81821e-06 5.20512e-06 1.57939e-05 5.09739e-05 0.00017563 0.000648519 0.00257687 0.0110658 0.0515917 0.262412 1.46359 8.99921 61.3217 464.12 3820.85 -470675 43985.8 
2.76192e-17 7.96991e-16 5.04487e-15 1.94432e-14 5.87145e-14 1.53515e-13 3.65179e-13 8.13013e-13 1.72494e-12 3.53298e-12 7.05827e-12 1.3881e-11 2.71023e-11 5.29613e-11 1.04365e-10 2.08841e-10 4.27049e-10 8.97426e-10 1.9479e-09 4.3867e-09 1.02912e-08 2.52444e-08 6.49744e-08 1.76058e-07 5.03914e-07 1.52868e-06 4.93241e-06 1.69895e-05 6.27128e-05 0.000249091 0.0010692 0.00498243 0.0253282 0.14118 0.867556 5.91083 44.9057 381.661 3560.16 -501019 
cycle: 0
true_cycle: 0
nIterations: 0
nTrueIterations: 0
Branch: 0
dt_FE: 1.42062e-10
dt_EA: 1.42062e-10
dt_PE: 1.42062e-10
