t: 1.42214e-06
dt: 4.26641e-08
N: 0.0481283 0.129384 0.194108 0.24399 0.28042 0.304552 0.3174 0.319958 0.313346 0.298934 0.278395 0.253633 0.226606 0.199103 0.172557 0.14796 0.125873 0.106492 0.0897451 0.0754409 0.0648427 0.0790298 0.227305 0.548827 0.509553 0.137054 0.0106563 0.00113671 0.000307856 8.1755e-05 2.0048e-05 4.53023e-06 9.39548e-07 1.77961e-07 3.0619e-08 4.75798e-09 6.63713e-10 8.25803e-11 9.10259e-12 8.8254e-13 
eC: 1.00639 3.07804 5.27089 7.59201 10.0489 12.6496 15.4023 18.3162 21.4004 24.6651 28.1208 31.7787 35.6505 39.7488 44.0869 48.6788 53.5393 58.6841 64.1299 69.8943 75.9959 82.4544 89.2908 96.5271 104.187 112.294 120.876 129.96 139.576 149.754 160.527 171.931 184.002 196.778 210.303 224.618 239.771 255.811 272.788 290.759 
dV: 2.71811 20.9912 63.6092 138.722 256.496 429.553 673.497 1007.55 1455.33 2045.74 2814.09 3803.42 5066.04 6665.5 8678.77 11199 14338.7 18233.7 23047.8 28977.8 36261 45182.1 56083.2 69374.4 85547.6 105192 129013 157855 192727 234836 285622 346808 420447 508992 615366 743056 896219 1.07981e+06 1.29972e+06 1.56298e+06 
kVec: 36260.7 101875 158883 206406 243723 270380 286322 292015 288539 277584 261304 242042 222003 202987 186258 172549 162152 155031 150921 149384 149789 151218 152397 152419 153061 158351 169710 185305 203315 222867 243664 265653 288875 313399 339308 366688 395627 426183 458130 488527 
cMat: 
-611.888 124.937 156.994 201.455 260.219 336.97 436.351 563.784 725.317 927.519 1177.56 1483.59 1855.41 2305.19 2848.2 3503.39 4293.88 5247.65 6398.23 7785.68 9457.8 11471.5 13894.6 16807.9 20307.7 24508.6 29547.1 35585.6 42817.5 51472.6 61823.7 74195 88971 106607 127644 152718 182582 218126 260391 310604 
11.3119 -1859.16 375.988 485.297 630.741 822.02 1071.39 1393.18 1803.42 2319.36 2959.62 3745.07 4700.61 5857.29 7254.2 8940.07 10974.7 13430.5 16394.5 19970.4 24282.4 29478.1 35733.6 43258.9 52304.1 63167.6 76205 91839.8 110577 133017 159877 192008 230425 276333 331167 396633 474758 567949 679069 811513 
3.26771 86.4345 -3266.64 653.283 854.588 1121.32 1471.66 1926.96 2511.12 3249.78 4170.18 5302.4 6681.93 8353 10371.7 12808.2 15749.4 19300.4 23587.7 28762.5 35005.4 42531.3 51596.6 62506.8 75626.3 91389.5 110314 133017 160234 192842 231883 278600 334473 401262 481060 576361 690125 825877 987803 1.18088e+06 
1.33502 35.5198 207.993 -4888.4 972.303 1284.88 1698.75 2240.85 2941.38 3832.68 4948.64 6325.94 8007.17 10045.3 12507.9 15480.3 19068.4 23401.3 28634.1 34952.7 42578.7 51776.1 62859.9 76205.2 92259.4 111556 134731 162543 195896 235865 283734 341031 409574 491528 589468 706460 846150 1.01287e+06 1.21178e+06 1.44901e+06 
0.645569 17.2826 101.859 363.996 -6772.99 1350.55 1799.39 2392.34 3164.76 4154.49 5400.74 6944.95 8834.24 11126.8 13897.1 17240.6 21276.1 26149.3 32035.8 39146 47730.6 58088.6 70576.2 85618.2 103721 125488 151639 183032 220691 265834 319915 384662 462136 554788 665538 797858 955880 1.14452e+06 1.36961e+06 1.63812e+06 
0.344375 9.27849 55.0569 198.15 556.35 -8970.63 1808.28 2424.08 3233.44 4278.88 5604.1 7254.16 9278.86 11738.8 14711.8 18298.6 22626.3 27851.4 34163.2 41788.4 50997.9 62114 75520.8 91676.4 111126 134522 162639 196403 236918 285498 343710 413420 496851 596650 715964 858544 1.02885e+06 1.23218e+06 1.47485e+06 1.76436e+06 
0.19538 5.2984 31.6586 114.78 324.762 792.265 -11531.4 2366.95 3184.93 4251.18 5613.45 7319.87 9421.73 11979.8 15072.2 18801.1 23297.3 28723.1 35276.1 43193 52756.7 64303.8 78235.2 95028.8 115254 139590 168847 203989 246170 296760 357395 430023 516964 620981 745362 894021 1.07161e+06 1.28368e+06 1.53682e+06 1.83885e+06 
0.115226 3.14485 18.9213 69.11 197.086 484.778 1080.39 -14502.6 3045.67 4102.77 5465.85 7186.07 9315.71 11914.3 15057.3 18844.7 23406.6 28907.1 35546.6 43566.5 53255 64955.1 79074.9 96100.7 116612 141299 170986 206655 249478 300850 362436 436218 524557 630264 756688 907811 1.08838e+06 1.30402e+06 1.56146e+06 1.86866e+06 
0.0694755 1.9079 11.5561 42.5156 122.192 303.06 681.334 1427.41 -17926.6 3855.57 5186.28 6881.18 8993.81 11581.7 14715.6 18489.5 23028.7 28494 35084.7 43041.3 52651.5 64257.5 78266.1 95161.5 115521 140031 169513 204943 247488 298538 359748 433093 520923 626037 751770 902087 1.08171e+06 1.29626e+06 1.55241e+06 1.85812e+06 
0.042263 1.16724 7.11429 26.3531 76.3048 190.778 432.616 914.698 1834.09 -21840.9 4793.79 6425.68 8478.3 11007.6 14078.2 17774.9 22213.6 27547 33968 41711.9 51060.1 62347.6 75972.2 92406.7 112214 136065 164758 199248 240671 290383 349998 421441 507006 609423 731943 878436 1.05351e+06 1.26264e+06 1.51235e+06 1.8104e+06 
0.0256521 0.712081 4.36451 16.2674 47.4231 119.455 273.102 582.587 1179.48 2291.82 -26279.4 5840 7790.4 10214.8 13172 16735.4 21006.7 26125 32271.7 39671.7 48595.5 59365.1 72362.4 88040.2 106937 129695 157078 189996 229538 276998 333919 402143 483860 581681 698714 838660 1.00592e+06 1.20574e+06 1.44435e+06 1.72916e+06 
0.0153936 0.429179 2.64325 9.90471 29.0463 73.6499 169.623 364.821 745.39 1463.21 2781.62 -31275.2 6958.54 9233.35 12030.8 15412.6 19462.6 24300.5 30089.9 37040.1 45406.4 55493.2 67660.6 82335 100022 121324 146958 177777 214800 259241 312547 376441 452980 544609 654241 785346 942051 1.12927e+06 1.35284e+06 1.61972e+06 
0.00906645 0.253692 1.5687 5.90431 17.4006 44.3663 102.822 222.729 458.815 909.221 1747.5 3277.11 -36860.2 8106.1 10700.9 13860.6 17650.1 22164 27541.3 33969.7 41684.9 50970.1 62160.1 75650 91907 111486 135047 163375 197408 238261 287268 346012 416385 500636 601447 722007 866115 1.03829e+06 1.24391e+06 1.48936e+06 
0.00521177 0.146262 0.907324 3.42716 10.1402 25.9694 60.4902 131.798 273.368 546.178 1060.16 2011.93 3750.53 -43063.7 9241.95 12144.5 15646.5 19815.4 24757.7 30631.9 37649 46068.3 56197.6 68398.6 83096.7 100796 122093 147700 178464 215395 259697 312804 376425 452596 543740 652744 783040 938718 1.12464e+06 1.34659e+06 
0.00291177 0.0819087 0.509419 1.92958 5.72676 14.7167 34.4128 75.3177 157.058 315.86 618.156 1185.37 2238.76 4178.99 -49908.4 10336.2 13529.9 17348.7 21862.1 27189.6 33509.8 41055 50105.6 60990.2 74092.8 89865.1 108841 131657 159067 191971 231442 278759 335445 403312 484521 581643 697740 836453 1.00211e+06 1.19988e+06 
0.00157601 0.0444187 0.276822 1.05085 3.12622 8.0547 18.8891 41.4786 86.8344 175.485 345.596 668.225 1276.01 2416.41 4548.26 -57406.8 11373.7 14841.1 18949.2 23770.4 29438.8 36152.9 44165.1 53773.4 65323.3 79217.7 95929.9 116020 140155 169127 203881 245541 295450 355203 426703 512213 614429 736557 882412 1.05653e+06 
0.000824261 0.0232682 0.145251 0.552359 1.64628 4.25001 9.98795 21.9846 46.1509 93.5828 185.111 360.074 693.367 1328.48 2540.53 4853.38 -65557.4 12353.4 16078.7 20450.6 25545.5 31514.2 38576 47000.8 57101.4 69237.2 83826.2 101360 122421 147701 178025 214375 257920 310053 372434 447037 536213 642760 770007 921912 
0.000415614 0.0117483 0.0734399 0.279677 0.834801 2.15841 5.08058 11.2019 23.56 47.881 94.9823 185.488 359.233 694.144 1344.02 2612.88 5096.81 -74338.8 13285.5 17256.5 21870.5 27210.6 33447 40819.8 49614.9 60156.7 72816.2 88024 106287 128207 154498 186012 223762 268956 323032 387701 465001 557357 667653 799321 
0.000201607 0.00570554 0.0357085 0.136151 0.406891 1.05333 2.48246 5.48033 11.5414 23.4898 46.6797 91.378 177.596 345.046 673.83 1327.29 2639.25 5285.63 -83696.6 14186.6 18395.9 23235.7 28799.4 35280.6 42939.8 52076.7 63025.8 76167.1 91942.8 110874 133577 160789 193384 232404 279091 334921 401654 481382 576595 690255 
9.38749e-05 0.00265946 0.0166617 0.0635954 0.190255 0.493025 1.16311 2.57021 5.41794 11.0376 21.958 43.0427 83.8198 163.361 320.678 637.115 1284.53 2627.12 5428.57 -93513.2 15075.6 19520.1 24574.4 30347.8 37060.2 44992.8 54456.9 65795.3 79396.5 95712.8 115278 138725 166809 200427 240648 288744 346230 414907 496921 594822 
4.17933e-05 0.00118512 0.00743176 0.0283923 0.0850177 0.22051 0.520654 1.15144 2.42897 4.95177 9.85763 19.3379 37.6961 73.5851 144.844 289.178 588.051 1220.25 2579.83 5525.07 -103561 15944.6 20617.8 25871.5 31837.3 38764.9 46954.6 56727.3 68432.3 82465.3 99288.2 119447 143589 172486 207056 248393 297797 356817 427295 511423 
1.73445e-05 0.000492261 0.00308952 0.0118131 0.0354022 0.0918949 0.217137 0.480528 1.01429 2.06883 4.12035 8.08644 15.771 30.8081 60.7186 121.511 248.218 519.462 1114.94 2447.78 5455.58 -113626 16425.4 21211.7 26529.3 32536.1 39507.8 47754.6 57597.5 69383 83504.7 100423 120681 144928 173932 208611 250055 299564 358681 429244 
5.85338e-06 0.000166261 0.00104429 0.00399601 0.0119844 0.0311306 0.0736069 0.162991 0.344215 0.702389 1.39937 2.74708 5.35888 10.4713 20.6472 41.3588 84.6569 177.906 385.033 858.602 1965.56 4576.5 -124481 14427.6 18606.5 23193.7 28352.6 34341.3 41431 49894.6 60025.1 72156.9 86681.5 104063 124854 149710 179413 214893 257257 307822 
1.30812e-06 3.71846e-05 0.000233723 0.000894974 0.00268594 0.00698154 0.0165175 0.0365952 0.0773199 0.157834 0.31454 0.61758 1.20488 2.35452 4.64309 9.30315 19.0557 40.1125 87.1413 195.888 455.658 1091.86 2665.43 -136924 8829.52 11370.4 14125.9 17214.1 20801.9 25053.4 30129.4 36203.1 43472.4 52170.1 62572.5 75007.8 89866.8 107615 128804 154094 
5.16189e-07 1.46838e-05 9.23552e-05 0.000353876 0.0010627 0.00276392 0.00654274 0.0145029 0.0306552 0.0625976 0.124778 0.24503 0.478077 0.934227 1.8422 3.69101 7.561 15.9233 34.6388 78.1274 183.133 445.995 1122.67 2883.71 -146041 10072.3 12950 16033.3 19480.9 23491.6 28248.9 33929.3 40723.4 48850.4 58568.8 70185 84064.1 100640 120429 144046 
3.11622e-07 8.87073e-06 5.58274e-05 0.00021404 0.000643143 0.00167364 0.00396388 0.00879048 0.0185879 0.0379681 0.0756996 0.148674 0.29009 0.566856 1.11767 2.23904 4.58601 9.65759 21.014 47.4461 111.541 273.611 700.036 1857.6 5038.37 -153691 18620.3 23897.3 29485.6 35726.1 42999.4 51634.6 61945.4 74272.6 89010.2 106624 127666 152794 182790 218586 
1.15447e-07 3.28855e-06 2.0708e-05 7.94378e-05 0.000238821 0.000621801 0.00147338 0.00326882 0.00691457 0.0141279 0.0281735 0.0553395 0.107982 0.210998 0.415982 0.8332 1.70621 3.59227 7.81518 17.6469 41.5173 102.096 262.966 709.166 1990.62 5721.95 -167386 22455.2 28761.1 35364.7 42738.7 51351.1 61585.1 73804.2 88406.3 105854 126696 151582 181287 216732 
3.53391e-08 1.00732e-06 6.34642e-06 2.4358e-05 7.32663e-05 0.000190848 0.000452422 0.00100413 0.00212476 0.00434248 0.00866137 0.017015 0.0332022 0.0648756 0.12789 0.25612 0.524363 1.10371 2.4005 5.41905 12.7484 31.3655 80.9537 219.649 626.407 1866.46 5707.3 -184514 23872.5 30507.8 37384.4 45071.5 54070.3 64771.5 77546.5 92806.1 111030 132789 158757 189739 
1.00217e-08 2.85849e-07 1.80183e-06 6.91886e-06 2.08209e-05 5.42594e-05 0.000128679 0.000285702 0.00060474 0.00123625 0.00246623 0.00484537 0.00945547 0.0184752 0.0364175 0.0729215 0.149265 0.314103 0.682951 1.54123 3.62462 8.91618 23.0188 62.5586 179.382 542.772 1722.89 5626.46 -203080 25182 32101 39204.6 47162.7 56500.7 67612 80873.6 96707.4 115608 138163 165071 
2.6434e-09 7.54484e-08 4.75805e-07 1.82786e-06 5.50294e-06 1.43466e-05 3.40367e-05 7.55964e-05 0.00016006 0.000327281 0.000653016 0.00128312 0.00250405 0.00489265 0.00964353 0.0193076 0.0395145 0.083133 0.180705 0.407666 0.958391 2.35667 6.08247 16.5318 47.4628 144.299 464.827 1577.68 5525.35 -222803 26569.7 33776.8 41116.3 49364.4 59065.1 70613.1 84392.2 100836 120457 143861 
6.45971e-10 1.84501e-08 1.16404e-07 4.47365e-07 1.34738e-06 3.51407e-06 8.33992e-06 1.85291e-05 3.92422e-05 8.02576e-05 0.000160162 0.000314737 0.000614252 0.00120018 0.00236545 0.00473547 0.00969003 0.0203824 0.044294 0.0998968 0.234768 0.577067 1.48878 4.04497 11.6121 35.3354 114.291 393.34 1433.04 5405.76 -243648 28050 35551.4 43140.3 51702.2 61793.5 73810.2 88144.1 105243 125636 
1.4559e-10 4.16133e-09 2.62651e-08 1.00982e-07 3.04252e-07 7.93797e-07 1.88454e-06 4.18818e-06 8.87228e-06 1.81492e-05 3.62242e-05 7.11919e-05 0.000138948 0.000271488 0.000535058 0.00107105 0.00219138 0.00460864 0.0100131 0.0225768 0.0530414 0.130331 0.336105 0.912787 2.6193 7.96871 25.7894 89.0592 328.683 1290.59 5267.83 -265649 29630.6 37432.4 45286.8 54188.3 64700.4 77220 92148.9 109950 
3.01174e-11 8.61495e-10 5.43965e-09 2.09215e-08 6.30572e-08 1.64572e-07 3.90827e-07 8.6881e-07 1.84094e-06 3.76656e-06 7.51881e-06 1.47783e-05 2.88447e-05 5.63597e-05 0.000111072 0.000222322 0.00045482 0.000956378 0.00207751 0.00468314 0.0109995 0.0270188 0.0696522 0.189081 0.542332 1.64918 5.33554 18.4309 68.2102 271.016 1151.77 5111.54 -288874 31317.5 39425.5 47563.7 56832.4 67796.4 80854.8 96420.7 
5.68898e-12 1.62868e-10 1.02876e-09 3.95811e-09 1.19336e-08 3.11549e-08 7.40084e-08 1.64564e-07 3.48774e-07 7.13722e-07 1.42493e-06 2.80096e-06 5.46728e-06 1.06827e-05 2.10524e-05 4.2136e-05 8.61924e-05 0.000181219 0.000393591 0.000887058 0.00208298 0.00511512 0.0131821 0.0357714 0.102558 0.311721 1.008 3.48058 12.882 51.2949 220.329 1017.98 4937.03 -313399 33116.2 41535.8 49978.4 59643.1 71091.5 84726.1 
9.75936e-13 2.79656e-11 1.7671e-10 6.80103e-10 2.05112e-09 5.3564e-09 1.27275e-08 2.83076e-08 6.00071e-08 1.22818e-07 2.45235e-07 4.82098e-07 9.41068e-07 1.8388e-06 3.62367e-06 7.25232e-06 1.48339e-05 3.11847e-05 6.77207e-05 0.000152599 0.000358256 0.000879546 0.00226602 0.00614711 0.0176173 0.0535244 0.172997 0.59704 2.20866 8.79358 37.8332 176.456 890.493 4744.77 -339308 35032.2 43768.9 52538.7 62629.5 74596.1 
1.51174e-13 4.33643e-12 2.74109e-11 1.05528e-10 3.18355e-10 8.31594e-10 1.97648e-09 4.39692e-09 9.32252e-09 1.90837e-08 3.81097e-08 7.49248e-08 1.46262e-07 2.85794e-07 5.63196e-07 1.12712e-06 2.30525e-06 4.84574e-06 1.05217e-05 2.37055e-05 5.56432e-05 0.000136579 0.000351786 0.000954028 0.00273329 0.00830103 0.0268183 0.0925093 0.342041 1.36109 5.85429 27.3361 139.09 770.485 4535.6 -366688 37071.3 46130.7 55253 65801.3 
2.10166e-14 6.03574e-13 3.81657e-12 1.46975e-11 4.43511e-11 1.15882e-10 2.75485e-10 6.1298e-10 1.2999e-09 2.66137e-09 5.31531e-09 1.04509e-08 2.04024e-08 3.98666e-08 7.85618e-08 1.57219e-07 3.21534e-07 6.75822e-07 1.46727e-06 3.30534e-06 7.75726e-06 1.9037e-05 4.90227e-05 0.000132914 0.000380686 0.00115576 0.00373251 0.0128696 0.0475605 0.189156 0.813134 3.79537 19.3255 107.805 658.943 4310.75 -395627 39239.2 48628.1 58130.2 
2.60544e-15 7.4927e-14 4.73948e-13 1.82567e-12 5.51053e-12 1.44015e-11 3.42443e-11 7.62118e-11 1.61645e-10 3.30992e-10 6.61132e-10 1.30001e-09 2.53802e-09 4.95941e-09 9.77303e-09 1.95573e-08 3.99953e-08 8.40585e-08 1.82481e-07 4.1103e-07 9.64504e-07 2.36658e-06 6.09308e-06 1.65163e-05 4.7293e-05 0.000143539 0.0004634 0.00159718 0.00589991 0.0234533 0.100765 0.470053 2.39228 13.3502 82.0789 556.642 4071.84 -426183 41542 51268.2 
2.86071e-16 8.23978e-15 5.21385e-14 2.00893e-13 6.06516e-13 1.58546e-12 3.77073e-12 8.39346e-12 1.78053e-11 3.64639e-11 7.28415e-11 1.43242e-10 2.79664e-10 5.46489e-10 1.07691e-09 2.155e-09 4.40684e-09 9.2613e-09 2.01035e-08 4.52775e-08 1.06233e-07 2.60623e-07 6.70896e-07 1.81821e-06 5.20512e-06 1.57939e-05 5.09739e-05 0.00017563 0.000648519 0.00257687 0.0110658 0.0515917 0.262412 1.46359 8.99921 61.3217 464.12 3820.85 -458130 43985.8 
2.76192e-17 7.96991e-16 5.04487e-15 1.94432e-14 5.87145e-14 1.53515e-13 3.65179e-13 8.13013e-13 1.72494e-12 3.53298e-12 7.05827e-12 1.3881e-11 2.71023e-11 5.29613e-11 1.04365e-10 2.08841e-10 4.27049e-10 8.97426e-10 1.9479e-09 4.3867e-09 1.02912e-08 2.52444e-08 6.49744e-08 1.76058e-07 5.03914e-07 1.52868e-06 4.93241e-06 1.69895e-05 6.27128e-05 0.000249091 0.0010692 0.00498243 0.0253282 0.14118 0.867556 5.91083 44.9057 381.661 3560.16 -488527 
cycle: 0
true_cycle: 0
nIterations: 0
nTrueIterations: 0
Branch: 0
dt_FE: 4.26641e-08
dt_EA: 4.26641e-08
dt_PE: 4.26641e-08
