t: 8.27867e-10
dt: 2.4836e-11
N: 2.78541e-05 7.84076e-05 0.000122433 0.000159164 0.000187937 0.000208281 0.000220023 0.000223399 0.000219134 0.000208453 0.000192974 0.000174495 0.000154729 0.000135091 0.000116588 9.98166e-05 8.50339e-05 7.22769e-05 6.32443e-05 0.000138808 0.00240219 0.0345533 0.238213 0.664702 0.629333 0.165412 0.00960161 9.55307e-05 3.39474e-07 5.86905e-08 1.43647e-08 3.24027e-09 6.70826e-10 1.26839e-10 2.17855e-11 3.37959e-12 4.70653e-13 5.84645e-14 6.43416e-15 6.22855e-16 
eC: 1.00639 3.07804 5.27089 7.59201 10.0489 12.6496 15.4023 18.3162 21.4004 24.6651 28.1208 31.7787 35.6505 39.7488 44.0869 48.6788 53.5393 58.6841 64.1299 69.8943 75.9959 82.4544 89.2908 96.5271 104.187 112.294 120.876 129.96 139.576 149.754 160.527 171.931 184.002 196.778 210.303 224.618 239.771 255.811 272.788 290.759 
dV: 2.71811 20.9912 63.6092 138.722 256.496 429.553 673.497 1007.55 1455.33 2045.74 2814.09 3803.42 5066.04 6665.5 8678.77 11199 14338.7 18233.7 23047.8 28977.8 36261 45182.1 56083.2 69374.4 85547.6 105192 129013 157855 192727 234836 285622 346808 420447 508992 615366 743056 896219 1.07981e+06 1.29972e+06 1.56298e+06 
kVec: 34462.6 97247.3 152392 199023 236387 263966 281600 289621 288950 281102 268058 252004 235011 218779 204508 192895 184221 178452 175329 174396 174957 175939 175781 173365 171002 173901 183984 199025 216781 236183 256863 278752 301881 326321 352152 379460 408332 438826 470715 501059 
cMat: 
-815.865 131.251 164.927 211.635 273.369 353.998 458.401 592.273 761.969 974.389 1237.07 1558.56 1949.16 2421.67 2992.13 3680.42 4510.86 5512.82 6721.54 8179.12 9935.73 12051.2 14596.7 17657.3 21333.9 25747.1 31040.2 37383.9 44981.2 54073.6 64947.8 77944.2 93466.9 111994 134094 160435 191809 229148 273549 326300 
12.992 -2531.22 431.83 557.374 724.42 944.109 1230.51 1600.1 2071.27 2663.83 3399.18 4301.29 5398.76 6727.23 8331.6 10267.9 12604.7 15425.2 18829.4 22936.5 27888.8 33856.2 41040.8 49683.7 60072.4 72549.4 87523.1 105480 127000 152773 183622 220526 264648 317374 380353 455542 545269 652302 779926 932040 
4.05427 107.24 -4489.74 810.534 1060.29 1391.24 1825.9 2390.8 3115.57 4032.02 5173.98 6578.73 8290.33 10363.6 12868.2 15891.3 19540.4 23946.1 29265.4 35685.9 43431.5 52768.9 64016.3 77552.8 93830.2 113388 136868 165035 198804 239260 287699 345662 414983 497849 596856 715095 856244 1.02467e+06 1.22558e+06 1.46513e+06 
1.76559 46.9757 275.076 -6745.92 1285.89 1699.28 2246.63 2963.57 3890.05 5068.81 6544.7 8366.2 10589.7 13285.1 16541.9 20473 25218.4 30948.7 37869.3 46225.8 56311.3 68475.1 83133.6 100783 122015 147536 178185 214967 259076 311937 375245 451022 541671 650056 779585 934310 1.11905e+06 1.33955e+06 1.60261e+06 1.91635e+06 
0.896978 24.0131 141.527 505.75 -9348.34 1876.51 2500.13 3324 4397.24 5772.41 7503.99 9649.57 12274.6 15460 19309.2 23954.7 29561.8 36332.8 44511.8 54390.9 66318.6 80710.4 98061.3 118961 144113 174357 210692 254311 306636 369360 444501 534463 642108 770844 924724 1.10857e+06 1.32814e+06 1.59024e+06 1.90299e+06 2.27606e+06 
0.495081 13.339 79.1511 284.865 799.822 -12347.5 2599.63 3484.91 4648.46 6151.41 8056.57 10428.7 13339.5 16875.9 21150 26306.5 32528.1 40039.8 49113.7 60076 73315.7 89296.4 108570 131796 159758 193392 233813 282354 340598 410438 494125 594342 714285 857757 1.02929e+06 1.23426e+06 1.47909e+06 1.77141e+06 2.12028e+06 2.53648e+06 
0.286166 7.76038 46.3692 168.114 475.667 1160.4 -15794.2 3466.79 4664.86 6226.56 8221.82 10721.2 13799.7 17546.4 22075.8 27537.4 34122.7 42069.7 51667.6 63263.3 77270.8 94183.4 114588 139185 168809 204453 247304 298776 360556 434653 523463 629839 757178 909528 1.0917e+06 1.30944e+06 1.56956e+06 1.88017e+06 2.25092e+06 2.6933e+06 
0.169401 4.62346 27.8175 101.603 289.749 712.706 1588.36 -19736.9 4477.64 6031.76 8035.73 10564.7 13695.7 17516 22136.8 27704.9 34411.7 42498.3 52259.5 64050.1 78293.9 95495 116254 141284 171439 207733 251378 303818 366775 442301 532843 641314 771187 926595 1.11246e+06 1.33464e+06 1.6001e+06 1.91713e+06 2.2956e+06 2.74725e+06 
0.101158 2.77793 16.826 61.9035 177.913 441.261 992.035 2078.34 -24219.1 5613.78 7551.32 10019.1 13095.2 16863.2 21426.1 26921 33530.2 41487.9 51083.9 62668.9 76661.6 93560.1 113957 138557 168200 203888 246814 298401 360348 434677 523801 630592 758474 911522 1.09459e+06 1.31346e+06 1.57499e+06 1.88738e+06 2.26034e+06 2.70546e+06 
0.0602714 1.6646 10.1457 37.5823 108.818 272.068 616.955 1304.45 2615.61 -29276.2 6836.43 9163.68 12090.9 15698 20076.9 25348.8 31678.8 39284.9 48441.9 59485.4 72817 88914.1 108344 131781 160029 194042 234962 284148 343222 414116 499133 601019 723043 869100 1.04383e+06 1.25274e+06 1.50241e+06 1.80066e+06 2.15677e+06 2.58181e+06 
0.0355418 0.986611 6.04716 22.539 65.7062 165.509 378.392 807.193 1634.21 3175.39 -34933.6 8091.51 10793.8 14152.9 18250.2 23187.5 29105.4 36197 44713.5 54966.4 67330.6 82252.3 100260 121982 148165 179697 217636 263246 318032 383789 462656 557182 670403 805938 968091 1.16199e+06 1.39374e+06 1.67059e+06 2.00119e+06 2.3958e+06 
0.0206211 0.574924 3.54087 13.2682 38.9101 98.6605 227.225 488.71 998.516 1960.1 3726.23 -41205.2 9321.58 12368.9 16116.3 20646.6 26071.9 32552.7 40308.1 49618.5 60826 74338.1 90637.4 110295 133989 162525 196863 238148 287744 347276 418684 504277 606807 729552 876415 1.05204e+06 1.26196e+06 1.51276e+06 1.81225e+06 2.16976e+06 
0.0117211 0.327974 2.02802 7.63311 22.4955 57.3568 132.928 287.945 593.158 1175.44 2259.18 4236.66 -48092.5 10479.6 13834.1 17919 22818 28653.7 35605.5 43916.2 53890.4 65894.3 80360.7 97800.5 118818 144129 174589 211211 255209 308025 371380 447325 538303 647224 777552 933413 1.11972e+06 1.3423e+06 1.60813e+06 1.92545e+06 
0.00650654 0.182598 1.13273 4.27857 12.6593 32.421 75.5179 164.541 341.281 681.866 1323.53 2511.76 4682.28 -55585.9 11537.9 15161.6 19533.6 24738.2 30908.3 38241.9 47002.1 57513.1 70158.9 85391 103741 125836 152425 184393 222800 268906 324214 390515 469942 565036 678823 814906 977572 1.17193e+06 1.40403e+06 1.68112e+06 
0.00351859 0.0989786 0.615583 2.3317 6.92022 17.7837 41.5844 91.014 189.789 381.686 746.981 1432.4 2705.32 5049.89 -63668.3 12490.3 16349.6 20964.2 26418.2 32856 40493.2 49610.9 60547.7 73700.6 89533.8 108593 131524 159094 192216 231978 279675 336853 405352 487363 585496 702859 843150 1.01077e+06 1.21096e+06 1.44994e+06 
0.00184951 0.052127 0.324861 1.23321 3.66874 9.45249 22.1671 48.6766 101.903 205.939 405.569 784.187 1497.45 2835.75 5337.55 -72316.4 13347.4 17416.5 22237.6 27895.5 34547.5 42426.7 51829.4 63105 76659.3 92964.9 112577 136154 164477 198477 239261 288152 346721 416844 500752 601101 721055 864377 1.03554e+06 1.23988e+06 
0.000942873 0.0266165 0.166153 0.631844 1.88318 4.86159 11.4252 25.1482 52.7921 107.05 211.749 411.889 793.143 1519.65 2906.11 5551.78 -81500.7 14131.1 18392.4 23393.4 29221.5 36049.2 44127.1 53764.3 65318.3 79200.5 95888.8 115946 140037 168956 203644 245224 295035 354670 426028 511366 613375 735254 880811 1.05458e+06 
0.000465115 0.0131475 0.0821868 0.312988 0.934228 2.41548 5.68569 12.5361 26.3661 53.5837 106.295 207.58 402.019 776.819 1504.1 2924.08 5703.85 -91177.9 14867.8 19311.8 24475.4 30451.4 37430.7 45681.6 55524.2 67321.6 81488.8 98507.9 118946 143477 172899 208167 250413 300990 361506 433877 520384 623739 747172 894522 
0.00022147 0.00626768 0.0392266 0.149565 0.44698 1.15711 2.72704 6.02027 12.6785 25.8041 51.2788 100.381 195.093 379.041 740.218 1458.06 2899.28 5806.4 -101271 15584.3 20208.3 25524.9 31636.8 38756.5 47170.4 57207.5 69235.3 83671.4 101001 121797 146738 176631 212437 255301 306588 367919 441226 528810 633403 758262 
0.000101521 0.00287607 0.0180188 0.068775 0.205751 0.53318 1.25784 2.77954 5.85921 11.9366 23.7464 46.5484 90.6466 176.666 346.796 689.006 1389.15 2841.09 5870.71 -111628 16303.4 21110 26575.9 32819.5 40078.6 48657.3 58892.3 71154.1 85863 103508 124667 150024 180395 216752 260248 312261 374429 448700 537394 643268 
4.45838e-05 0.00126425 0.00792798 0.030288 0.0906943 0.235233 0.555418 1.22832 2.59116 5.2824 10.5158 20.6291 40.2131 78.4984 154.515 308.486 627.316 1301.73 2752.09 5893.98 -121955 17009.3 21994.5 27598.9 33963 41353.3 50089.8 60515 73001.5 87971.5 105918 127422 153176 184002 220881 264978 317681 380642 455826 545571 
1.81822e-05 0.000516034 0.00323873 0.0123836 0.0371118 0.0963328 0.227624 0.503735 1.06327 2.16874 4.31934 8.47696 16.5326 32.2959 63.6509 127.379 260.206 544.549 1168.79 2565.99 5719.05 -131977 17218.6 22236 27810.4 34107.3 41415.7 50060.8 60379 72733.7 87537.4 105272 126509 151927 182332 218685 262131 314031 376003 449974 
5.77074e-06 0.000163914 0.00102955 0.00393959 0.0118152 0.0306911 0.0725678 0.16069 0.339356 0.692473 1.37962 2.7083 5.28322 10.3234 20.3557 40.775 83.4617 175.395 379.598 846.48 1937.81 4511.89 -142682 14223.9 18343.9 22866.3 27952.4 33856.5 40846.1 49190.2 59177.7 71138.2 85457.8 102594 123091 147596 176880 211860 253626 303476 
9.72155e-07 2.76345e-05 0.000173696 0.000665118 0.00199611 0.00518847 0.0122753 0.0271964 0.0574618 0.117297 0.233756 0.458967 0.895431 1.74981 3.45061 6.91382 14.1616 29.8104 64.7607 145.578 338.631 811.435 1980.87 -155083 6561.83 8450.13 10497.9 12793 15459.4 18618.9 22391.3 26905 32307.3 38771.2 46501.9 55743.5 66786.3 79975.9 95723.5 114518 
3.90122e-07 1.10976e-05 6.97997e-05 0.00026745 0.00080316 0.0020889 0.00494484 0.0109609 0.0231684 0.0473096 0.0943038 0.185188 0.361319 0.706065 1.39229 2.78957 5.71441 12.0344 26.1791 59.0467 138.407 337.072 848.487 2179.43 -162862 7612.37 9787.24 12117.6 14723.1 17754.4 21349.8 25642.9 30777.7 36919.9 44264.7 53044 63533.5 76061.1 91017.2 108866 
3.01382e-07 8.57922e-06 5.39928e-05 0.000207007 0.000622008 0.00161864 0.00383362 0.00850161 0.0179771 0.0367204 0.073212 0.143788 0.280557 0.548228 1.08094 2.16546 4.4353 9.34022 20.3234 45.887 107.875 264.619 677.032 1796.56 4872.8 -168381 18008.4 23112 28516.6 34552.1 41586.4 49937.7 59909.8 71831.9 86085.2 103120 123470 147773 176784 211403 
1.1557e-07 3.29206e-06 2.07301e-05 7.95225e-05 0.000239076 0.000622463 0.00147495 0.0032723 0.00692194 0.0141429 0.0282036 0.0553985 0.108097 0.211223 0.416426 0.834089 1.70802 3.5961 7.82352 17.6657 41.5615 102.204 263.246 709.922 1992.74 5728.05 -181216 22479.1 28791.8 35402.4 42784.2 51405.9 61650.8 73882.9 88500.6 105967 126831 151744 181481 216963 
3.53759e-08 1.00837e-06 6.35303e-06 2.43834e-05 7.33426e-05 0.000191047 0.000452893 0.00100518 0.00212698 0.004347 0.00867039 0.0170327 0.0332368 0.0649432 0.128023 0.256387 0.524909 1.10486 2.40301 5.42469 12.7617 31.3982 81.0381 219.878 627.06 1868.41 5713.25 -198100 23897.4 30539.6 37423.3 45118.4 54126.7 64839.1 77627.3 92902.8 111146 132927 158922 189937 
1.00247e-08 2.85937e-07 1.80238e-06 6.92099e-06 2.08273e-05 5.42761e-05 0.000128719 0.00028579 0.000604926 0.00123663 0.00246698 0.00484686 0.00945838 0.0184809 0.0364287 0.0729439 0.149311 0.3142 0.683161 1.5417 3.62574 8.91892 23.0259 62.5779 179.437 542.939 1723.42 5628.19 -216513 25189.7 32110.9 39216.6 47177.2 56518.1 67632.8 80898.5 96737.2 115644 138206 165122 
2.64362e-09 7.54546e-08 4.75844e-07 1.82801e-06 5.50339e-06 1.43478e-05 3.40395e-05 7.56026e-05 0.000160073 0.000327308 0.00065307 0.00128322 0.00250425 0.00489305 0.00964432 0.0193092 0.0395178 0.0831397 0.18072 0.4077 0.958469 2.35686 6.08297 16.5331 47.4666 144.311 464.865 1577.81 5525.8 -236112 26571.8 33779.5 41119.7 49368.5 59069.9 70618.8 84399.1 100845 120467 143872 
6.45984e-10 1.84505e-08 1.16406e-07 4.47374e-07 1.3474e-06 3.51414e-06 8.34009e-06 1.85294e-05 3.9243e-05 8.02592e-05 0.000160165 0.000314743 0.000614264 0.0012002 0.0023655 0.00473556 0.00969023 0.0203828 0.0442949 0.0998988 0.234773 0.577079 1.48881 4.04505 11.6124 35.3361 114.293 393.347 1433.07 5405.87 -256846 28050.5 35552.1 43141.2 51703.2 61794.8 73811.6 88145.9 105245 125638 
1.45591e-10 4.16135e-09 2.62653e-08 1.00982e-07 3.04253e-07 7.938e-07 1.88455e-06 4.18819e-06 8.87232e-06 1.81493e-05 3.62243e-05 7.11922e-05 0.000138948 0.00027149 0.00053506 0.00107106 0.00219139 0.00460866 0.0100131 0.0225769 0.0530417 0.130331 0.336107 0.912791 2.61931 7.96874 25.7895 89.0596 328.684 1290.6 5267.86 -278748 29630.7 37432.6 45287 54188.6 64700.7 77220.4 92149.3 109950 
3.01174e-11 8.61496e-10 5.43965e-09 2.09216e-08 6.30573e-08 1.64572e-07 3.90828e-07 8.68811e-07 1.84094e-06 3.76656e-06 7.51881e-06 1.47783e-05 2.88447e-05 5.63598e-05 0.000111072 0.000222322 0.00045482 0.000956379 0.00207751 0.00468314 0.0109995 0.0270188 0.0696523 0.189081 0.542333 1.64918 5.33554 18.431 68.2103 271.017 1151.77 5111.54 -301881 31317.5 39425.6 47563.8 56832.4 67796.5 80854.9 96420.8 
5.68898e-12 1.62868e-10 1.02876e-09 3.95811e-09 1.19336e-08 3.11549e-08 7.40084e-08 1.64564e-07 3.48774e-07 7.13722e-07 1.42493e-06 2.80096e-06 5.46728e-06 1.06827e-05 2.10524e-05 4.2136e-05 8.61924e-05 0.000181219 0.000393591 0.000887058 0.00208298 0.00511512 0.0131821 0.0357714 0.102558 0.311721 1.008 3.48058 12.882 51.2949 220.329 1017.98 4937.03 -326321 33116.2 41535.8 49978.4 59643.1 71091.6 84726.1 
9.75936e-13 2.79656e-11 1.7671e-10 6.80103e-10 2.05112e-09 5.35641e-09 1.27276e-08 2.83076e-08 6.00071e-08 1.22818e-07 2.45235e-07 4.82098e-07 9.41068e-07 1.8388e-06 3.62367e-06 7.25232e-06 1.48339e-05 3.11847e-05 6.77207e-05 0.000152599 0.000358256 0.000879546 0.00226602 0.00614711 0.0176173 0.0535244 0.172997 0.59704 2.20866 8.79358 37.8332 176.456 890.493 4744.77 -352152 35032.2 43768.9 52538.7 62629.5 74596.1 
1.51174e-13 4.33643e-12 2.74109e-11 1.05528e-10 3.18355e-10 8.31594e-10 1.97648e-09 4.39692e-09 9.32252e-09 1.90837e-08 3.81097e-08 7.49248e-08 1.46262e-07 2.85794e-07 5.63196e-07 1.12712e-06 2.30525e-06 4.84574e-06 1.05217e-05 2.37055e-05 5.56432e-05 0.000136579 0.000351786 0.000954028 0.00273329 0.00830103 0.0268183 0.0925093 0.342041 1.36109 5.85429 27.3361 139.09 770.485 4535.6 -379460 37071.3 46130.7 55253 65801.3 
2.10166e-14 6.03574e-13 3.81657e-12 1.46975e-11 4.43511e-11 1.15882e-10 2.75485e-10 6.1298e-10 1.2999e-09 2.66137e-09 5.31531e-09 1.04509e-08 2.04024e-08 3.98666e-08 7.85618e-08 1.57219e-07 3.21534e-07 6.75822e-07 1.46727e-06 3.30534e-06 7.75726e-06 1.9037e-05 4.90227e-05 0.000132914 0.000380686 0.00115576 0.00373251 0.0128696 0.0475605 0.189156 0.813134 3.79537 19.3255 107.805 658.943 4310.75 -408332 39239.2 48628.1 58130.2 
2.60544e-15 7.4927e-14 4.73948e-13 1.82567e-12 5.51053e-12 1.44015e-11 3.42443e-11 7.62118e-11 1.61645e-10 3.30992e-10 6.61132e-10 1.30001e-09 2.53802e-09 4.95941e-09 9.77303e-09 1.95573e-08 3.99953e-08 8.40585e-08 1.82481e-07 4.1103e-07 9.64504e-07 2.36658e-06 6.09308e-06 1.65163e-05 4.7293e-05 0.000143539 0.0004634 0.00159718 0.00589991 0.0234533 0.100765 0.470053 2.39228 13.3502 82.0789 556.642 4071.84 -438826 41542 51268.2 
2.86071e-16 8.23978e-15 5.21385e-14 2.00893e-13 6.06516e-13 1.58546e-12 3.77073e-12 8.39346e-12 1.78053e-11 3.64639e-11 7.28415e-11 1.43242e-10 2.79664e-10 5.46489e-10 1.07691e-09 2.155e-09 4.40684e-09 9.2613e-09 2.01035e-08 4.52775e-08 1.06233e-07 2.60623e-07 6.70896e-07 1.81821e-06 5.20512e-06 1.57939e-05 5.09739e-05 0.00017563 0.000648519 0.00257687 0.0110658 0.0515917 0.262412 1.46359 8.99921 61.3217 464.12 3820.85 -470715 43985.8 
2.76192e-17 7.96991e-16 5.04487e-15 1.94432e-14 5.87145e-14 1.53515e-13 3.65179e-13 8.13013e-13 1.72494e-12 3.53298e-12 7.05827e-12 1.3881e-11 2.71023e-11 5.29613e-11 1.04365e-10 2.08841e-10 4.27049e-10 8.97426e-10 1.9479e-09 4.3867e-09 1.02912e-08 2.52444e-08 6.49744e-08 1.76058e-07 5.03914e-07 1.52868e-06 4.93241e-06 1.69895e-05 6.27128e-05 0.000249091 0.0010692 0.00498243 0.0253282 0.14118 0.867556 5.91083 44.9057 381.661 3560.16 -501059 
cycle: 0
true_cycle: 0
nIterations: 0
nTrueIterations: 0
Branch: 0
dt_FE: 2.4836e-11
dt_EA: 2.4836e-11
dt_PE: 2.4836e-11
