t: 0.000107668
dt: 3.23004e-06
N: 0.990122 0.999843 0.999797 0.999726 0.999624 0.999474 0.999248 0.998904 0.998366 0.997507 0.996102 0.993751 0.989714 0.982617 0.969864 0.946582 0.90399 0.82822 0.704368 0.532573 0.344768 0.188715 0.0888497 0.0371202 0.0141378 0.00499701 0.00165072 0.00050972 0.000146779 3.92793e-05 9.72901e-06 2.22049e-06 4.64774e-07 8.87683e-08 1.53877e-08 2.40731e-09 3.37853e-10 4.22675e-11 4.68215e-12 4.55969e-13 
eC: 1.00639 3.07804 5.27089 7.59201 10.0489 12.6496 15.4023 18.3162 21.4004 24.6651 28.1208 31.7787 35.6505 39.7488 44.0869 48.6788 53.5393 58.6841 64.1299 69.8943 75.9959 82.4544 89.2908 96.5271 104.187 112.294 120.876 129.96 139.576 149.754 160.527 171.931 184.002 196.778 210.303 224.618 239.771 255.811 272.788 290.759 
dV: 2.71811 20.9912 63.6092 138.722 256.496 429.553 673.497 1007.55 1455.33 2045.74 2814.09 3803.42 5066.04 6665.5 8678.77 11199 14338.7 18233.7 23047.8 28977.8 36261 45182.1 56083.2 69374.4 85547.6 105192 129013 157855 192727 234836 285622 346808 420447 508992 615366 743056 896219 1.07981e+06 1.29972e+06 1.56298e+06 
kVec: 43295.2 120245 185240 237453 276286 301492 313295 312510 300612 279703 252335 221208 188832 157270 128033 102138 80251.1 62860.8 50398.4 43239.3 41550.7 45084 53121.4 64668 78748.4 94612.7 111791 130045 149291 169534 190820 213218 236804 261661 287876 315539 344740 375540 407712 438318 
cMat: 
-5.01654 1.29656 1.62924 2.09064 2.70048 3.49697 4.52832 5.85078 7.52712 9.62551 12.2204 15.3963 19.2548 23.9225 29.5578 36.3571 44.5606 54.4585 66.3989 80.7975 98.1502 119.048 144.194 174.427 210.747 254.343 306.631 369.297 444.348 534.167 641.587 769.973 923.314 1106.34 1324.65 1584.86 1894.78 2263.64 2702.26 3223.36 
0.00204501 -18.3868 0.0679724 0.0877338 0.114028 0.148608 0.193689 0.251865 0.326029 0.419302 0.53505 0.677047 0.849794 1.0589 1.31144 1.61622 1.98405 2.42802 2.96385 3.61032 4.38986 5.32915 6.46005 7.82049 9.45573 11.4197 13.7766 16.6031 19.9905 24.0474 28.9032 34.712 41.657 49.9565 59.8696 71.7047 85.8284 102.676 122.765 146.708 
0.00082468 0.0218137 -37.3629 0.164871 0.215675 0.282992 0.371406 0.486313 0.63374 0.820155 1.05244 1.33818 1.68634 2.10807 2.61752 3.23245 3.97472 4.87089 5.95289 7.25888 8.83441 10.7337 13.0216 15.775 19.086 23.0642 27.8403 33.5699 40.4388 48.668 58.5209 70.3111 84.4119 101.268 121.407 145.458 174.169 208.429 249.295 298.022 
0.000483621 0.0128673 0.0753473 -64.6189 0.352225 0.465457 0.615385 0.811765 1.06554 1.38842 1.79269 2.29162 2.90066 3.63899 4.53107 5.60785 6.90769 8.4773 10.3729 12.6619 15.4245 18.7563 22.7715 27.6059 33.4217 40.4121 48.8075 58.8826 70.9648 85.4441 102.785 123.541 148.372 178.06 213.54 255.921 306.525 366.922 438.979 524.917 
0.000337411 0.00903286 0.0532374 0.190245 -103.33 0.705876 0.940461 1.25037 1.65408 2.17137 2.82273 3.62982 4.61727 5.81548 7.26343 9.01091 11.1201 13.6671 16.7437 20.4599 24.9467 30.3604 36.8871 44.7489 54.2103 65.5869 79.2549 95.6629 115.346 138.94 167.205 201.046 241.538 289.964 347.848 417.006 499.597 598.189 715.837 856.172 
0.000260707 0.00702422 0.0416805 0.150008 0.421181 -157.903 1.36895 1.83513 2.44785 3.2393 4.24254 5.49171 7.0245 8.88675 11.1375 13.8529 17.1291 21.0847 25.863 31.6357 38.6076 47.023 57.1726 69.403 84.1275 101.839 123.125 148.686 179.357 216.134 260.203 312.977 376.138 451.69 542.016 649.955 778.882 932.814 1116.53 1335.7 
0.000215199 0.00583586 0.03487 0.126423 0.357705 0.872631 -234.358 2.60705 3.50801 4.68242 6.18287 8.06239 10.3775 13.195 16.6011 20.7083 25.6606 31.6368 38.8544 47.5745 58.1082 70.8267 86.1713 104.668 126.945 153.75 185.974 224.682 271.141 326.862 393.648 473.644 569.404 683.972 820.97 984.709 1180.32 1413.9 1692.71 2025.38 
0.000185766 0.00507009 0.0305047 0.111418 0.31774 0.781554 1.7418 -340.9 4.91019 6.61444 8.81199 11.5853 15.0187 19.2081 24.2752 30.3812 37.736 46.6037 57.3078 70.2375 85.8572 104.72 127.484 154.933 188 227.801 275.662 333.167 402.206 485.028 584.316 703.266 845.685 1016.11 1219.92 1463.56 1754.67 2102.33 2517.36 3012.64 
0.000165361 0.00454106 0.0275052 0.101193 0.290833 0.721325 1.62167 3.39744 -488.786 9.17678 12.3441 16.3781 21.4065 27.5661 35.0251 44.0075 54.8114 67.8197 83.5064 102.444 125.318 152.942 186.284 226.498 274.955 333.293 403.464 487.793 589.057 710.562 856.251 1030.82 1239.87 1490.06 1789.32 2147.09 2574.62 3085.27 3694.95 4422.58 
0.000150312 0.00415138 0.0253025 0.0937269 0.271384 0.678515 1.53863 3.25319 6.5231 -693.7 17.0495 22.8534 30.1537 39.1494 50.0701 63.2179 79.0043 97.9731 120.81 148.352 181.599 221.744 270.201 328.652 399.098 483.925 585.976 708.642 855.966 1032.77 1244.79 1498.89 1803.21 2167.46 2603.21 3124.23 3746.89 4490.68 5378.8 6438.83 
0.000138556 0.0038462 0.0235742 0.0878659 0.256149 0.64522 1.47512 3.14676 6.3708 12.3789 -977.951 31.5439 42.0787 55.1737 71.1465 90.3939 113.464 141.11 174.311 214.281 262.481 320.652 390.854 475.536 577.606 700.528 848.431 1026.24 1239.82 1496.16 1803.62 2172.11 2613.5 3141.86 3774 4529.9 5433.33 6512.62 7801.42 9339.79 
0.00012889 0.0035935 0.0221318 0.0829317 0.243203 0.616667 1.42024 3.05463 6.24112 12.2514 23.2904 -1373.9 58.2635 77.3104 100.733 129.049 162.96 203.467 251.941 310.135 380.186 464.642 566.519 689.387 837.482 1015.84 1230.47 1488.52 1798.51 2170.61 2616.94 3151.93 3792.78 4559.98 5477.93 6575.67 7887.75 9455.31 11327.3 13561.9 
0.000120578 0.00337394 0.0208627 0.0785235 0.231417 0.590043 1.36746 2.96216 6.10194 12.0921 23.2407 43.5835 -1928.94 107.806 142.315 184.337 234.734 294.767 366.282 451.776 554.382 677.869 826.689 1006.1 1222.3 1482.69 1796.03 2172.78 2625.39 3168.72 3820.47 4601.74 5537.65 6658.14 7998.85 9602.23 11518.8 13808.6 16543.2 19807.6 
0.000113115 0.00317444 0.0196924 0.0743825 0.220081 0.563635 1.31287 2.86053 5.93314 11.8542 23.0094 43.6667 81.4009 -2712.21 200.586 263.582 339.59 430.07 537.338 664.831 817.127 999.859 1219.7 1484.51 1803.52 2187.65 2649.88 3205.65 3873.35 4674.9 5636.43 6789.06 8169.88 9823.08 11801.3 14167 16995 20373.8 24409 29226.1 
0.000106047 0.00298314 0.0185532 0.0702756 0.20857 0.535988 1.25332 2.74309 5.72009 11.5037 22.5134 43.1715 81.5362 152.2 -3822.23 376.447 492.764 631.843 796.222 990.253 1220.43 1495.23 1824.86 2221.28 2698.48 3272.91 3964.03 4794.97 5793.24 6991.63 8429.19 10152.5 12217 14688.7 17646.4 21183.6 25411.9 30463.8 36497.3 43700 
9.88069e-05 0.0027848 0.0173552 0.0658825 0.195996 0.504984 1.18424 2.60047 5.44402 11.0019 21.6669 41.8939 79.9987 151.495 285.15 -5392.82 713.064 930.45 1188.01 1490.27 1845.64 2266.58 2768.9 3371.29 4095.4 4966.5 6014.26 7273.82 8786.93 10603.3 12782.2 15394 18523 22269.2 26751.9 32112.9 38521.2 46177.9 55322.2 66238.6 
9.05331e-05 0.00255567 0.0159537 0.0606686 0.18082 0.466801 1.09703 2.41468 5.06901 10.2787 20.3318 39.5489 76.1563 145.914 279.04 533.073 -7591.11 1356.84 1766.01 2246.2 2805.8 3461.38 4237.01 5162.36 6271.76 7604.7 9207.09 11132.9 13446.2 16222.9 19553.5 23546 28328.8 34054.9 40906.5 49100.5 58895.3 70597.9 84574.1 101259 
7.99034e-05 0.00225864 0.0141191 0.053769 0.160493 0.414962 0.976761 2.15362 4.5295 9.20529 18.2607 35.6608 69.0639 133.452 258.393 502.336 979.88 -10603.8 2554.18 3317.63 4204.69 5231.33 6430.31 7847.76 9538.64 11565.4 13999.2 16922.9 20434.1 24648.3 29702.8 35761.5 43019.1 51707.8 62104 74536.9 89398.1 107154 128359 153672 
6.54778e-05 0.00185304 0.0115974 0.0442191 0.13215 0.342099 0.806251 1.7799 3.74842 7.629 15.1606 29.6777 57.6794 112.064 218.846 431.076 857.175 1716.67 -14638.1 4607.52 5974.61 7546.47 9353.46 11458.4 13946 16913.5 20469.5 24737.5 29861.1 36009.5 43383.2 52221 62807.1 75480.1 90642.9 108775 130449 156343 187266 224181 
4.74601e-05 0.00134454 0.00842363 0.0321518 0.0961868 0.249257 0.588032 1.29942 2.73913 5.58026 11.1013 21.761 42.3766 82.5899 162.124 322.105 649.415 1328.19 2744.51 -20002 7621.73 9868.75 12424 15342.9 18736.4 22746.9 27531.7 33264 40140.3 48389.3 58280.8 70135.1 84333.4 101330 121664 145980 175043 209764 251227 300723 
2.92831e-05 0.00083037 0.00520717 0.0198935 0.0595689 0.154503 0.364804 0.806771 1.7019 3.46953 6.90689 13.5494 26.4123 51.5585 101.487 202.616 412.027 854.987 1807.6 3871.22 -27189.3 11171.8 14446.2 18127.2 22307.2 27161.2 32899.4 39746.8 47948.1 57780.5 69567.7 83692 100607 120855 145077 174040 208656 250009 299391 358336 
1.52788e-05 0.000433634 0.00272157 0.0104062 0.0311859 0.0809505 0.191277 0.423299 0.893491 1.82244 3.62963 7.12337 13.8927 27.139 53.4872 107.039 218.656 457.596 982.155 2156.26 4805.84 -36672.7 14469.2 18685.4 23369.7 28661.1 34802.5 42067.1 50737.8 61119.7 73559.5 88462.5 106308 127667 153217 183766 220274 263887 315963 378123 
6.90221e-06 0.000196053 0.00123141 0.00471203 0.0141318 0.0367087 0.0867961 0.192196 0.405893 0.828247 1.65012 3.23931 6.31911 12.3476 24.3468 48.7697 99.8261 209.785 454.025 1012.45 2317.76 5396.54 -48512.1 17012.8 21940.5 27349.7 33433 40494.7 48854.8 58834.9 70780.7 85086.3 102214 122710 147226 176535 211561 253399 303354 362979 
2.79175e-06 7.93584e-05 0.000498806 0.00191003 0.00573226 0.0148998 0.0352513 0.0781004 0.165014 0.336845 0.671281 1.31802 2.57142 5.02494 9.90916 19.8545 40.6681 85.6069 185.974 418.059 972.453 2330.21 5688.49 -62335.5 18843.7 24266.4 30147 36737.8 44394.9 53468.2 64301.4 77263.6 92777.5 111340 133540 160079 191791 229668 274891 328864 
1.03761e-06 2.95163e-05 0.000185646 0.000711336 0.00213616 0.00555583 0.0131518 0.0291526 0.0616208 0.125829 0.250819 0.492543 0.960998 1.87792 3.70306 7.4194 15.1986 32.0079 69.6284 157.046 368.122 896.508 2256.72 5796.62 -77665 20246.6 26031.1 32229.1 39159 47221.2 56783.9 68202.3 81859.3 98195.7 117731 141081 168980 202299 242078 289550 
3.5931e-07 1.02282e-05 6.43707e-05 0.000246795 0.000741564 0.00192976 0.00457048 0.0101357 0.0214325 0.0437783 0.087284 0.171425 0.334482 0.653602 1.28871 2.58168 5.28781 11.1355 24.2298 54.7068 128.61 315.481 807.163 2141.87 5809.4 -94151.2 21469.8 27554.3 33997.8 41193.3 49579.6 59536.2 71425 85638.6 102632 122940 147202 176176 210763 252037 
1.16497e-07 3.31848e-06 2.08965e-05 8.01609e-05 0.000240995 0.000627461 0.00148679 0.00329857 0.00697751 0.0142565 0.02843 0.0558432 0.108965 0.212918 0.419769 0.840785 1.72174 3.62496 7.88632 17.8075 41.8952 103.025 265.36 715.621 2008.73 5774.03 -111610 22659.6 29022.9 35686.6 43127.7 51818.6 62145.7 74476 89211.1 106818 127849 152962 182937 218705 
3.53613e-08 1.00795e-06 6.3504e-06 2.43733e-05 7.33123e-05 0.000190968 0.000452706 0.00100476 0.0021261 0.0043452 0.0086668 0.0170257 0.0332231 0.0649163 0.12797 0.256281 0.524692 1.1044 2.40201 5.42245 12.7564 31.3852 81.0045 219.787 626.8 1867.63 5710.88 -129980 23887.5 30527 37407.8 45099.8 54104.3 64812.2 77595.2 92864.4 111100 132872 158856 189858 
1.00233e-08 2.85895e-07 1.80212e-06 6.91997e-06 2.08242e-05 5.42682e-05 0.0001287 0.000285748 0.000604837 0.00123644 0.00246662 0.00484615 0.00945699 0.0184782 0.0364234 0.0729333 0.149289 0.314154 0.683061 1.54147 3.6252 8.91762 23.0225 62.5687 179.411 542.859 1723.17 5627.36 -149270 25186.1 32106.2 39210.9 47170.3 56509.8 67622.9 80886.6 96723 115627 138186 165097 
2.64351e-09 7.54516e-08 4.75825e-07 1.82794e-06 5.50318e-06 1.43472e-05 3.40382e-05 7.55997e-05 0.000160067 0.000327295 0.000653044 0.00128317 0.00250416 0.00489286 0.00964394 0.0193085 0.0395162 0.0831365 0.180713 0.407684 0.958431 2.35677 6.08273 16.5325 47.4648 144.305 464.846 1577.74 5525.59 -169527 26570.8 33778.2 41118 49366.5 59067.6 70616.1 84395.8 100841 120462 143867 
6.45978e-10 1.84503e-08 1.16405e-07 4.4737e-07 1.34739e-06 3.5141e-06 8.34e-06 1.85292e-05 3.92426e-05 8.02584e-05 0.000160164 0.00031474 0.000614258 0.00120019 0.00236548 0.00473552 0.00969013 0.0203826 0.0442945 0.0998979 0.234771 0.577073 1.4888 4.04501 11.6123 35.3358 114.292 393.344 1433.06 5405.81 -190818 28050.3 35551.7 43140.8 51702.7 61794.2 73810.9 88145 105244 125637 
1.45591e-10 4.16134e-09 2.62652e-08 1.00982e-07 3.04253e-07 7.93799e-07 1.88454e-06 4.18819e-06 8.8723e-06 1.81492e-05 3.62243e-05 7.1192e-05 0.000138948 0.000271489 0.000535059 0.00107106 0.00219138 0.00460865 0.0100131 0.0225768 0.0530416 0.130331 0.336106 0.912789 2.6193 7.96873 25.7895 89.0594 328.684 1290.59 5267.84 -213217 29630.7 37432.5 45286.9 54188.5 64700.6 77220.2 92149.1 109950 
3.01174e-11 8.61495e-10 5.43965e-09 2.09215e-08 6.30573e-08 1.64572e-07 3.90827e-07 8.68811e-07 1.84094e-06 3.76656e-06 7.51881e-06 1.47783e-05 2.88447e-05 5.63597e-05 0.000111072 0.000222322 0.00045482 0.000956378 0.00207751 0.00468314 0.0109995 0.0270188 0.0696523 0.189081 0.542332 1.64918 5.33554 18.431 68.2103 271.017 1151.77 5111.54 -236803 31317.5 39425.5 47563.7 56832.4 67796.4 80854.9 96420.8 
5.68898e-12 1.62868e-10 1.02876e-09 3.95811e-09 1.19336e-08 3.11549e-08 7.40084e-08 1.64564e-07 3.48774e-07 7.13722e-07 1.42493e-06 2.80096e-06 5.46728e-06 1.06827e-05 2.10524e-05 4.2136e-05 8.61924e-05 0.000181219 0.000393591 0.000887058 0.00208298 0.00511512 0.0131821 0.0357714 0.102558 0.311721 1.008 3.48058 12.882 51.2949 220.329 1017.98 4937.03 -261661 33116.2 41535.8 49978.4 59643.1 71091.6 84726.1 
9.75936e-13 2.79656e-11 1.7671e-10 6.80103e-10 2.05112e-09 5.3564e-09 1.27276e-08 2.83076e-08 6.00071e-08 1.22818e-07 2.45235e-07 4.82098e-07 9.41068e-07 1.8388e-06 3.62367e-06 7.25232e-06 1.48339e-05 3.11847e-05 6.77207e-05 0.000152599 0.000358256 0.000879546 0.00226602 0.00614711 0.0176173 0.0535244 0.172997 0.59704 2.20866 8.79358 37.8332 176.456 890.493 4744.77 -287876 35032.2 43768.9 52538.7 62629.5 74596.1 
1.51174e-13 4.33643e-12 2.74109e-11 1.05528e-10 3.18355e-10 8.31594e-10 1.97648e-09 4.39692e-09 9.32252e-09 1.90837e-08 3.81097e-08 7.49248e-08 1.46262e-07 2.85794e-07 5.63196e-07 1.12712e-06 2.30525e-06 4.84574e-06 1.05217e-05 2.37055e-05 5.56432e-05 0.000136579 0.000351786 0.000954028 0.00273329 0.00830103 0.0268183 0.0925093 0.342041 1.36109 5.85429 27.3361 139.09 770.485 4535.6 -315539 37071.3 46130.7 55253 65801.3 
2.10166e-14 6.03574e-13 3.81657e-12 1.46975e-11 4.43511e-11 1.15882e-10 2.75485e-10 6.1298e-10 1.2999e-09 2.66137e-09 5.31531e-09 1.04509e-08 2.04024e-08 3.98666e-08 7.85618e-08 1.57219e-07 3.21534e-07 6.75822e-07 1.46727e-06 3.30534e-06 7.75726e-06 1.9037e-05 4.90227e-05 0.000132914 0.000380686 0.00115576 0.00373251 0.0128696 0.0475605 0.189156 0.813134 3.79537 19.3255 107.805 658.943 4310.75 -344740 39239.2 48628.1 58130.2 
2.60544e-15 7.4927e-14 4.73948e-13 1.82567e-12 5.51053e-12 1.44015e-11 3.42443e-11 7.62118e-11 1.61645e-10 3.30992e-10 6.61132e-10 1.30001e-09 2.53802e-09 4.95941e-09 9.77303e-09 1.95573e-08 3.99953e-08 8.40585e-08 1.82481e-07 4.1103e-07 9.64504e-07 2.36658e-06 6.09308e-06 1.65163e-05 4.7293e-05 0.000143539 0.0004634 0.00159718 0.00589991 0.0234533 0.100765 0.470053 2.39228 13.3502 82.0789 556.642 4071.84 -375540 41542 51268.2 
2.86071e-16 8.23978e-15 5.21385e-14 2.00893e-13 6.06516e-13 1.58546e-12 3.77073e-12 8.39346e-12 1.78053e-11 3.64639e-11 7.28415e-11 1.43242e-10 2.79664e-10 5.46489e-10 1.07691e-09 2.155e-09 4.40684e-09 9.2613e-09 2.01035e-08 4.52775e-08 1.06233e-07 2.60623e-07 6.70896e-07 1.81821e-06 5.20512e-06 1.57939e-05 5.09739e-05 0.00017563 0.000648519 0.00257687 0.0110658 0.0515917 0.262412 1.46359 8.99921 61.3217 464.12 3820.85 -407712 43985.8 
2.76192e-17 7.96991e-16 5.04487e-15 1.94432e-14 5.87145e-14 1.53515e-13 3.65179e-13 8.13013e-13 1.72494e-12 3.53298e-12 7.05827e-12 1.3881e-11 2.71023e-11 5.29613e-11 1.04365e-10 2.08841e-10 4.27049e-10 8.97426e-10 1.9479e-09 4.3867e-09 1.02912e-08 2.52444e-08 6.49744e-08 1.76058e-07 5.03914e-07 1.52868e-06 4.93241e-06 1.69895e-05 6.27128e-05 0.000249091 0.0010692 0.00498243 0.0253282 0.14118 0.867556 5.91083 44.9057 381.661 3560.16 -438318 
cycle: 0
true_cycle: 0
nIterations: 0
nTrueIterations: 0
Branch: 0
dt_FE: 3.23004e-06
dt_EA: 3.23004e-06
dt_PE: 3.23004e-06
