t: 8.33006e-05
dt: 2.48743e-06
N: 0.972942 0.999809 0.999788 0.999717 0.999612 0.999457 0.999225 0.99887 0.998315 0.997428 0.995978 0.993547 0.989367 0.982002 0.968729 0.944395 0.899737 0.820745 0.694452 0.524735 0.343232 0.1921 0.0929956 0.0397957 0.0153068 0.0054108 0.00178702 0.000551674 0.000158793 4.24733e-05 1.05145e-05 2.39845e-06 5.01744e-07 9.5776e-08 1.65933e-08 2.5945e-09 3.63928e-10 4.55054e-11 5.03822e-12 4.90421e-13 
eC: 1.00639 3.07804 5.27089 7.59201 10.0489 12.6496 15.4023 18.3162 21.4004 24.6651 28.1208 31.7787 35.6505 39.7488 44.0869 48.6788 53.5393 58.6841 64.1299 69.8943 75.9959 82.4544 89.2908 96.5271 104.187 112.294 120.876 129.96 139.576 149.754 160.527 171.931 184.002 196.778 210.303 224.618 239.771 255.811 272.788 290.759 
dV: 2.71811 20.9912 63.6092 138.722 256.496 429.553 673.497 1007.55 1455.33 2045.74 2814.09 3803.42 5066.04 6665.5 8678.77 11199 14338.7 18233.7 23047.8 28977.8 36261 45182.1 56083.2 69374.4 85547.6 105192 129013 157855 192727 234836 285622 346808 420447 508992 615366 743056 896219 1.07981e+06 1.29972e+06 1.56298e+06 
kVec: 43265.4 120164 185118 237301 276114 301309 313111 312333 300449 279560 252218 221122 188784 157266 128084 102259 80461.1 63178.4 50831.8 43769.3 42122.3 45627.4 53587.7 65046.6 79056.9 94876.6 112030 130272 149513 169752 191036 213432 237016 261872 288086 315749 344948 375747 407918 438523 
cMat: 
-5.16189 3.55152 4.46279 5.72666 7.39711 9.57887 12.4039 16.0264 20.6182 26.3661 33.4739 42.1733 52.7426 65.5283 80.9643 99.5888 122.06 149.172 181.879 221.319 268.852 326.094 394.974 477.789 577.276 696.692 839.919 1011.57 1217.15 1463.18 1757.43 2109.1 2529.13 3030.47 3628.45 4341.22 5190.17 6200.54 7402 8829.38 
0.00248552 -19.1949 0.082614 0.106632 0.13859 0.180619 0.235411 0.306118 0.396257 0.509622 0.650303 0.822886 1.03284 1.287 1.59393 1.96436 2.41142 2.95103 3.60228 4.38801 5.33545 6.47708 7.85158 9.50507 11.4925 13.8795 16.7442 20.1795 24.2965 29.2273 35.1291 42.1891 50.6302 60.7174 72.7658 87.1503 104.316 124.793 149.209 178.31 
0.000858222 0.0227009 -38.541 0.171576 0.224447 0.294502 0.386512 0.506093 0.659515 0.853512 1.09524 1.39261 1.75492 2.19381 2.72398 3.36392 4.13638 5.069 6.195 7.55411 9.19372 11.1703 13.5512 16.4166 19.8623 24.0023 28.9726 34.9353 42.0835 50.6474 60.901 73.1708 87.8451 105.386 126.344 151.374 181.253 216.906 259.434 310.143 
0.000500428 0.0133145 0.077966 -66.5114 0.364466 0.481634 0.636772 0.839977 1.10257 1.43667 1.85499 2.37127 3.00147 3.76546 4.68855 5.80275 7.14775 8.77192 10.7334 13.102 15.9605 19.4082 23.5629 28.5654 34.5833 41.8166 50.5038 60.929 73.4311 88.4136 106.357 127.835 153.528 184.248 220.961 264.815 317.178 379.674 454.235 543.16 
0.000348432 0.00932791 0.0549764 0.196459 -106.283 0.728933 0.97118 1.29121 1.70811 2.2423 2.91494 3.74839 4.76809 6.00544 7.50069 9.30524 11.4833 14.1135 17.2907 21.1282 25.7616 31.3521 38.092 46.2106 55.9811 67.7293 81.8437 98.7876 119.113 143.478 172.667 207.613 249.428 299.435 359.21 430.627 515.916 617.729 739.22 884.139 
0.000268969 0.00724683 0.0430014 0.154762 0.434529 -162.365 1.41233 1.89329 2.52543 3.34196 4.377 5.66576 7.24712 9.16838 11.4904 14.2919 17.672 21.753 26.6826 32.6383 39.8312 48.5132 58.9845 71.6025 86.7937 105.066 127.027 153.398 185.041 222.984 268.449 322.896 388.059 466.005 559.194 670.553 803.566 962.376 1151.91 1378.03 
0.000221918 0.00601807 0.0359587 0.13037 0.368874 0.899877 -240.936 2.68845 3.61754 4.82861 6.37591 8.31411 10.7015 13.607 17.1195 21.3549 26.4617 32.6245 40.0675 49.0598 59.9225 73.038 88.8618 107.936 130.909 158.55 191.781 231.697 279.606 337.068 405.939 488.432 587.182 705.327 846.603 1015.45 1217.17 1458.04 1745.56 2088.62 
0.000191534 0.00522754 0.031452 0.114878 0.327607 0.805824 1.79589 -350.419 5.06267 6.81984 9.08563 11.9451 15.4851 19.8046 25.029 31.3247 38.9078 48.0509 59.0874 72.4186 88.5234 107.972 131.443 159.744 193.838 234.875 284.222 343.513 414.696 500.09 602.461 725.105 871.947 1047.66 1257.81 1509.01 1809.16 2167.61 2595.54 3106.19 
0.000170506 0.00468235 0.028361 0.104341 0.299882 0.743768 1.67212 3.50315 -502.371 9.46231 12.7281 16.8877 22.0725 28.4237 36.1148 45.3767 56.5168 69.9299 86.1046 105.632 129.217 157.7 192.08 233.545 283.51 343.663 416.017 502.97 607.385 732.67 882.892 1062.89 1278.45 1536.42 1844.99 2213.9 2654.73 3181.27 3809.92 4560.18 
0.00015503 0.00428168 0.0260967 0.0966688 0.279902 0.699812 1.58693 3.3553 6.72785 -712.884 17.5846 23.5707 31.1002 40.3782 51.6417 65.2021 81.4841 101.048 124.602 153.008 187.299 228.704 278.682 338.968 411.625 499.114 604.368 730.885 882.833 1065.19 1283.87 1545.94 1859.81 2235.49 2684.92 3222.29 3864.49 4631.64 5547.63 6640.93 
0.000142975 0.00396886 0.024326 0.0906681 0.264318 0.665797 1.52216 3.24711 6.57397 12.7737 -1004.83 32.5499 43.4206 56.9333 73.4155 93.2767 117.083 145.611 179.87 221.114 270.852 330.878 403.319 490.701 596.026 722.869 875.489 1058.97 1279.36 1543.88 1861.14 2241.39 2696.85 3242.06 3894.36 4674.36 5606.61 6720.32 8050.22 9637.65 
0.0001331 0.00371089 0.0228548 0.0856409 0.251148 0.636812 1.46664 3.15441 6.445 12.6516 24.0512 -1411.35 60.1668 79.8359 104.024 133.265 168.283 210.114 260.172 320.266 392.606 479.821 585.026 711.907 864.841 1049.03 1270.67 1537.14 1857.26 2241.52 2702.43 3254.89 3916.68 4708.95 5656.88 6790.48 8145.42 9764.19 11697.3 14004.9 
0.000124652 0.00348795 0.0215677 0.0811768 0.239236 0.60998 1.41367 3.06225 6.30812 12.5006 24.0259 45.0561 -1980.88 111.449 147.123 190.565 242.666 304.727 378.658 467.041 573.115 700.774 854.622 1040.09 1263.6 1532.79 1856.72 2246.2 2714.1 3275.79 3949.56 4757.23 5724.76 6883.11 8269.13 9926.68 11908 14275.2 17102.1 20476.9 
0.000117118 0.00328676 0.0203892 0.0770143 0.227867 0.583577 1.35932 2.96174 6.14306 12.2736 23.8235 45.2117 84.281 -2783.84 207.683 272.908 351.605 445.287 556.349 688.353 846.038 1035.24 1262.86 1537.04 1867.33 2265.05 2743.64 3319.07 4010.4 4840.31 5835.85 7029.26 8458.94 10170.6 12218.8 14668.3 17596.3 21094.6 25272.6 30260.2 
0.000110043 0.00309553 0.0192522 0.0729234 0.216428 0.556182 1.30054 2.84644 5.9356 11.9371 23.3617 44.7981 84.6082 157.934 -3919.92 390.63 511.33 655.65 826.222 1027.56 1266.42 1551.57 1893.62 2304.97 2800.15 3396.22 4113.39 4975.64 6011.52 7255.05 8746.78 10535 12677.3 15242.2 18311.2 21981.8 26369.3 31611.6 37872.4 45346.5 
0.000102852 0.00289882 0.0180657 0.0685798 0.204021 0.525659 1.23272 2.70694 5.66691 11.4524 22.554 43.6091 83.274 157.698 296.824 -5522.81 742.258 968.544 1236.65 1551.28 1921.21 2359.38 2882.26 3509.31 4263.07 5169.83 6260.49 7571.62 9146.68 11037.4 13305.5 16024.3 19281.4 23181 27847.1 33427.6 40098.3 48068.5 57587.2 68950.5 
9.45436e-05 0.00266888 0.0166604 0.0633561 0.18883 0.48748 1.14563 2.52165 5.29355 10.734 21.2324 41.3008 79.5298 152.378 291.401 556.687 -7755.9 1416.95 1844.24 2345.7 2930.09 3614.71 4424.7 5391.04 6549.58 7941.57 9614.94 11626.1 14041.8 16941.5 20419.7 24589 29583.7 35563.4 42718.5 51275.6 61504.2 73725.2 88320.5 105744 
8.33802e-05 0.00235692 0.0147335 0.0561087 0.167477 0.433018 1.01926 2.24733 4.7266 9.60584 19.0553 37.2125 72.0691 139.259 269.636 524.194 1022.52 -10800.2 2665.32 3461.99 4387.65 5458.96 6710.11 8189.24 9953.7 12068.6 14608.3 17659.3 21323.3 25720.8 30995.3 37317.6 44891 53957.8 64806.4 77780.2 93288.1 111816 133944 160359 
6.76739e-05 0.0019152 0.0119864 0.0457022 0.136582 0.353574 0.833293 1.8396 3.87414 7.88488 15.6691 30.6731 59.614 115.823 226.186 445.534 885.926 1774.24 -14870.1 4762.06 6175 7799.58 9667.18 11842.7 14413.7 17480.7 21156 25567.2 30862.7 37217.2 44838.3 53972.5 64913.7 78011.7 93683.1 112424 134824 161587 193547 231700 
4.82559e-05 0.00136709 0.00856489 0.0326909 0.0977997 0.253437 0.597892 1.3212 2.78507 5.67383 11.2874 22.1259 43.0872 83.9748 164.843 327.506 660.305 1350.46 2790.53 -20295.4 7749.54 10034.2 12632.4 15600.1 19050.6 23128.3 27993.3 33821.8 40813.4 49200.7 59258.1 71311.2 85747.6 103029 123704 148428 177978 213281 255440 305765 
2.93517e-05 0.000832318 0.00521938 0.0199401 0.0597086 0.154866 0.365659 0.808663 1.70589 3.47767 6.92309 13.5811 26.4743 51.6794 101.725 203.092 412.993 856.992 1811.84 3880.3 -27557.1 11198 14480 18169.7 22359.6 27224.9 32976.6 39840.1 48060.5 57916 69730.9 83888.3 100843 121138 145417 174448 209145 250595 300093 359176 
1.52151e-05 0.000431825 0.00271022 0.0103628 0.0310557 0.0806128 0.190479 0.421533 0.889763 1.81484 3.61449 7.09365 13.8348 27.0257 53.264 106.592 217.744 455.686 978.057 2147.26 4785.79 -37070.8 14408.8 18607.4 23272.2 28541.5 34657.3 41891.6 50526.1 60864.7 73252.6 88093.4 105865 127134 152578 182999 219355 262786 314645 376545 
6.87081e-06 0.000195161 0.00122581 0.00469059 0.0140675 0.0365417 0.0864012 0.191322 0.404046 0.824478 1.64261 3.22458 6.29035 12.2914 24.236 48.5478 99.3718 208.83 451.96 1007.84 2307.21 5371.98 -48880 16935.4 21840.7 27225.2 33280.9 40310.5 48632.5 58567.2 70458.7 84699.1 101748 122151 146556 175732 210598 252246 301974 361327 
2.784e-06 7.91379e-05 0.00049742 0.00190472 0.00571634 0.0148584 0.0351533 0.0778834 0.164555 0.335909 0.669416 1.31436 2.56428 5.01098 9.88163 19.7994 40.5551 85.369 185.458 416.898 969.751 2323.74 5672.69 -62649.3 18791.4 24199 30063.3 36635.7 44271.5 53319.7 64122.7 77048.9 92519.7 111031 133169 159635 191258 229030 274127 327950 
1.03638e-06 2.94813e-05 0.000185426 0.000710492 0.00213363 0.00554924 0.0131362 0.0291181 0.0615478 0.12568 0.250522 0.491959 0.959858 1.87569 3.69867 7.41061 15.1806 31.97 69.5458 156.86 367.685 895.445 2254.04 5789.75 -77933.9 20222.6 26000.2 32190.9 39112.6 47165.2 56716.6 68121.4 81762.3 98079.3 117591 140914 168779 202060 241791 289207 
3.59161e-07 1.0224e-05 6.43439e-05 0.000246693 0.000741256 0.00192896 0.00456858 0.0101315 0.0214235 0.0437601 0.0872477 0.171354 0.334343 0.65333 1.28818 2.58061 5.28561 11.1309 24.2197 54.6841 128.556 315.35 806.828 2140.98 5806.98 -94394.4 21460.9 27542.9 33983.6 41176.2 49559 59511.5 71395.3 85603 102589 122889 147141 176103 210675 251932 
1.16482e-07 3.31803e-06 2.08936e-05 8.015e-05 0.000240962 0.000627375 0.00148659 0.00329812 0.00697656 0.0142545 0.0284261 0.0558356 0.10895 0.212889 0.419711 0.84067 1.7215 3.62447 7.88525 17.8051 41.8895 103.011 265.324 715.523 2008.46 5773.24 -111840 22656.5 29019 35681.8 43121.8 51811.5 62137.2 74465.8 89198.9 106803 127832 152941 182912 218675 
3.53598e-08 1.00791e-06 6.35013e-06 2.43723e-05 7.33092e-05 0.00019096 0.000452687 0.00100472 0.00212601 0.00434502 0.00866644 0.0170249 0.0332217 0.0649136 0.127965 0.25627 0.52467 1.10436 2.40191 5.42222 12.7559 31.3839 81.0011 219.778 626.774 1867.56 5710.65 -130203 23886.5 30525.7 37406.3 45097.9 54102 64809.5 77591.9 92860.5 111096 132866 158850 189851 
1.00232e-08 2.85891e-07 1.8021e-06 6.91989e-06 2.0824e-05 5.42675e-05 0.000128698 0.000285745 0.00060483 0.00123643 0.00246659 0.00484609 0.00945688 0.0184779 0.0364229 0.0729324 0.149287 0.31415 0.683053 1.54146 3.62516 8.91751 23.0222 62.568 179.408 542.853 1723.14 5627.3 -149490 25185.8 32105.8 39210.4 47169.7 56509.2 67622.1 80885.7 96721.8 115626 138184 165096 
2.64351e-09 7.54514e-08 4.75823e-07 1.82793e-06 5.50316e-06 1.43472e-05 3.40381e-05 7.55994e-05 0.000160066 0.000327294 0.000653042 0.00128317 0.00250415 0.00489284 0.00964391 0.0193084 0.0395161 0.0831362 0.180712 0.407682 0.958428 2.35676 6.08271 16.5324 47.4646 144.305 464.845 1577.74 5525.57 -169745 26570.7 33778.1 41117.9 49366.4 59067.4 70615.8 84395.5 100840 120462 143866 
6.45977e-10 1.84503e-08 1.16405e-07 4.4737e-07 1.34739e-06 3.5141e-06 8.34e-06 1.85292e-05 3.92426e-05 8.02584e-05 0.000160164 0.00031474 0.000614258 0.00120019 0.00236548 0.00473552 0.00969013 0.0203826 0.0442944 0.0998978 0.234771 0.577073 1.4888 4.04501 11.6122 35.3358 114.292 393.343 1433.06 5405.81 -191034 28050.2 35551.7 43140.7 51702.6 61794.1 73810.9 88144.9 105244 125637 
1.45591e-10 4.16134e-09 2.62652e-08 1.00982e-07 3.04253e-07 7.93798e-07 1.88454e-06 4.18818e-06 8.8723e-06 1.81492e-05 3.62242e-05 7.1192e-05 0.000138948 0.000271489 0.000535059 0.00107106 0.00219138 0.00460865 0.0100131 0.0225768 0.0530416 0.130331 0.336106 0.912789 2.6193 7.96872 25.7894 89.0594 328.683 1290.59 5267.84 -213431 29630.7 37432.5 45286.9 54188.5 64700.5 77220.2 92149.1 109950 
3.01174e-11 8.61495e-10 5.43965e-09 2.09215e-08 6.30573e-08 1.64572e-07 3.90827e-07 8.68811e-07 1.84094e-06 3.76656e-06 7.51881e-06 1.47783e-05 2.88447e-05 5.63597e-05 0.000111072 0.000222322 0.00045482 0.000956378 0.00207751 0.00468314 0.0109995 0.0270188 0.0696523 0.189081 0.542332 1.64918 5.33554 18.431 68.2103 271.017 1151.77 5111.54 -237016 31317.5 39425.5 47563.7 56832.4 67796.4 80854.9 96420.8 
5.68898e-12 1.62868e-10 1.02876e-09 3.95811e-09 1.19336e-08 3.11549e-08 7.40084e-08 1.64564e-07 3.48774e-07 7.13722e-07 1.42493e-06 2.80096e-06 5.46728e-06 1.06827e-05 2.10524e-05 4.2136e-05 8.61924e-05 0.000181219 0.000393591 0.000887058 0.00208298 0.00511512 0.0131821 0.0357714 0.102558 0.311721 1.008 3.48058 12.882 51.2949 220.329 1017.98 4937.03 -261872 33116.2 41535.8 49978.4 59643.1 71091.6 84726.1 
9.75936e-13 2.79656e-11 1.7671e-10 6.80103e-10 2.05112e-09 5.3564e-09 1.27276e-08 2.83076e-08 6.00071e-08 1.22818e-07 2.45235e-07 4.82098e-07 9.41068e-07 1.8388e-06 3.62367e-06 7.25232e-06 1.48339e-05 3.11847e-05 6.77207e-05 0.000152599 0.000358256 0.000879546 0.00226602 0.00614711 0.0176173 0.0535244 0.172997 0.59704 2.20866 8.79358 37.8332 176.456 890.493 4744.77 -288086 35032.2 43768.9 52538.7 62629.5 74596.1 
1.51174e-13 4.33643e-12 2.74109e-11 1.05528e-10 3.18355e-10 8.31594e-10 1.97648e-09 4.39692e-09 9.32252e-09 1.90837e-08 3.81097e-08 7.49248e-08 1.46262e-07 2.85794e-07 5.63196e-07 1.12712e-06 2.30525e-06 4.84574e-06 1.05217e-05 2.37055e-05 5.56432e-05 0.000136579 0.000351786 0.000954028 0.00273329 0.00830103 0.0268183 0.0925093 0.342041 1.36109 5.85429 27.3361 139.09 770.485 4535.6 -315749 37071.3 46130.7 55253 65801.3 
2.10166e-14 6.03574e-13 3.81657e-12 1.46975e-11 4.43511e-11 1.15882e-10 2.75485e-10 6.1298e-10 1.2999e-09 2.66137e-09 5.31531e-09 1.04509e-08 2.04024e-08 3.98666e-08 7.85618e-08 1.57219e-07 3.21534e-07 6.75822e-07 1.46727e-06 3.30534e-06 7.75726e-06 1.9037e-05 4.90227e-05 0.000132914 0.000380686 0.00115576 0.00373251 0.0128696 0.0475605 0.189156 0.813134 3.79537 19.3255 107.805 658.943 4310.75 -344948 39239.2 48628.1 58130.2 
2.60544e-15 7.4927e-14 4.73948e-13 1.82567e-12 5.51053e-12 1.44015e-11 3.42443e-11 7.62118e-11 1.61645e-10 3.30992e-10 6.61132e-10 1.30001e-09 2.53802e-09 4.95941e-09 9.77303e-09 1.95573e-08 3.99953e-08 8.40585e-08 1.82481e-07 4.1103e-07 9.64504e-07 2.36658e-06 6.09308e-06 1.65163e-05 4.7293e-05 0.000143539 0.0004634 0.00159718 0.00589991 0.0234533 0.100765 0.470053 2.39228 13.3502 82.0789 556.642 4071.84 -375747 41542 51268.2 
2.86071e-16 8.23978e-15 5.21385e-14 2.00893e-13 6.06516e-13 1.58546e-12 3.77073e-12 8.39346e-12 1.78053e-11 3.64639e-11 7.28415e-11 1.43242e-10 2.79664e-10 5.46489e-10 1.07691e-09 2.155e-09 4.40684e-09 9.2613e-09 2.01035e-08 4.52775e-08 1.06233e-07 2.60623e-07 6.70896e-07 1.81821e-06 5.20512e-06 1.57939e-05 5.09739e-05 0.00017563 0.000648519 0.00257687 0.0110658 0.0515917 0.262412 1.46359 8.99921 61.3217 464.12 3820.85 -407918 43985.8 
2.76192e-17 7.96991e-16 5.04487e-15 1.94432e-14 5.87145e-14 1.53515e-13 3.65179e-13 8.13013e-13 1.72494e-12 3.53298e-12 7.05827e-12 1.3881e-11 2.71023e-11 5.29613e-11 1.04365e-10 2.08841e-10 4.27049e-10 8.97426e-10 1.9479e-09 4.3867e-09 1.02912e-08 2.52444e-08 6.49744e-08 1.76058e-07 5.03914e-07 1.52868e-06 4.93241e-06 1.69895e-05 6.27128e-05 0.000249091 0.0010692 0.00498243 0.0253282 0.14118 0.867556 5.91083 44.9057 381.661 3560.16 -438523 
cycle: 0
true_cycle: 0
nIterations: 0
nTrueIterations: 0
Branch: 0
dt_FE: 2.48743e-06
dt_EA: 2.48743e-06
dt_PE: 2.48743e-06
