t: 5.20566e-07
dt: 1.5617e-08
N: 0.0175695 0.0486319 0.0748218 0.0960488 0.112253 0.123437 0.1297 0.131295 0.128672 0.122495 0.11362 0.102998 0.0915627 0.080109 0.0692275 0.0592893 0.0504728 0.0428093 0.0362316 0.0306809 0.0278974 0.0528456 0.233885 0.617562 0.580816 0.154017 0.0100678 0.000530217 0.000128576 3.40961e-05 8.35238e-06 1.88534e-06 3.90585e-07 7.39016e-08 1.27017e-08 1.97174e-09 2.74771e-10 3.41542e-11 3.76116e-12 3.64327e-13 
eC: 1.00639 3.07804 5.27089 7.59201 10.0489 12.6496 15.4023 18.3162 21.4004 24.6651 28.1208 31.7787 35.6505 39.7488 44.0869 48.6788 53.5393 58.6841 64.1299 69.8943 75.9959 82.4544 89.2908 96.5271 104.187 112.294 120.876 129.96 139.576 149.754 160.527 171.931 184.002 196.778 210.303 224.618 239.771 255.811 272.788 290.759 
dV: 2.71811 20.9912 63.6092 138.722 256.496 429.553 673.497 1007.55 1455.33 2045.74 2814.09 3803.42 5066.04 6665.5 8678.77 11199 14338.7 18233.7 23047.8 28977.8 36261 45182.1 56083.2 69374.4 85547.6 105192 129013 157855 192727 234836 285622 346808 420447 508992 615366 743056 896219 1.07981e+06 1.29972e+06 1.56298e+06 
kVec: 35189.8 99119.4 155018 202010 239353 266556 283501 290574 288762 279651 265295 247943 229721 212369 197111 184659 175295 168985 165466 164288 164784 165943 166323 164894 163748 167613 178212 193476 211334 230797 251524 273453 296620 321094 346956 374293 403193 433712 465625 495990 
cMat: 
-734.067 128.948 162.034 207.923 268.573 347.788 450.36 581.884 748.602 957.296 1215.36 1531.22 1914.97 2379.19 2939.64 3615.86 4431.73 5416.12 6603.63 8035.64 9761.43 11839.8 14340.7 17347.5 20959.6 25295.4 30495.6 36728.1 44192.2 53125 63808.4 76576.9 91827.3 110030 131741 157620 188444 225128 268751 320576 
12.3612 -2260.52 410.862 530.31 689.244 898.265 1170.76 1522.41 1970.69 2534.49 3234.13 4092.43 5136.61 6400.57 7927.04 9769.28 11992.6 14676.2 17915.1 21822.7 26534.6 32212.2 39048 47271.2 57155.5 69026.6 83273.2 100358 120833 145355 174706 209818 251797 301964 361884 433422 518793 620628 742055 886783 
3.75138 99.2283 -3995.25 749.98 981.081 1287.3 1689.49 2212.19 2882.81 3730.8 4787.44 6087.25 7670.97 9589.38 11906.8 14704.1 18080.6 22157.2 27079 33019.9 40186.8 48826.6 59233.7 71758.9 86820.3 104917 126642 152706 183952 221385 266205 319838 383981 460655 552265 661672 792276 948121 1.13401e+06 1.35567e+06 
1.59626 42.4705 248.695 -5993 1162.57 1536.31 2031.17 2679.35 3516.97 4582.68 5917.03 7563.84 9574.06 12011 14955.5 18509.5 22799.8 27980.6 34237.4 41792.5 50910.7 61908 75160.7 91117.5 110313 133386 161096 194351 234230 282021 339257 407766 489722 587713 704819 844705 1.01173e+06 1.21108e+06 1.44891e+06 1.73257e+06 
0.796439 21.3215 125.664 449.063 -8302.8 1666.18 2219.9 2951.43 3904.37 5125.4 6662.9 8567.98 10898.8 13727.1 17144.9 21269.7 26248.3 32260.4 39522.6 48294.4 58885.2 71663.9 87069.9 105627 127960 154814 187077 225807 272266 327960 394679 474557 570137 684442 821075 984318 1.17927e+06 1.41199e+06 1.68969e+06 2.02095e+06 
0.43406 11.6949 69.3954 249.754 701.241 -10975.5 2279.21 3055.38 4075.52 5393.23 7063.57 9143.36 11695.4 14795.9 18543.2 23064.1 28518.9 35104.8 43060.3 52671.4 64279.3 78290.3 95188.7 115552 140067 169555 204995 247552 298618 359850 433222 521087 626246 752035 902423 1.08213e+06 1.29679e+06 1.55308e+06 1.85895e+06 2.22385e+06 
0.249106 6.75535 40.364 146.342 414.064 1010.12 -14061.8 3017.81 4060.72 5420.17 7157.03 9332.67 12012.5 15274 19216.8 23971 29703.6 36621.4 44976.2 55070.1 67263.6 81985.9 99748.2 121160 146946 177974 215276 260082 313861 378362 455670 548269 659117 791737 950320 1.13986e+06 1.36629e+06 1.63667e+06 1.95941e+06 2.3445e+06 
0.147193 4.01732 24.1706 88.2831 251.763 619.269 1380.12 -17609.7 3890.62 5240.99 6982.23 9179.68 11900.1 15219.6 19234.6 24072.7 29900.3 36926.7 45408.2 55653.1 68029.5 82975.5 101013 122762 148963 180499 218422 263987 318690 384315 462986 557237 670084 805118 966614 1.15966e+06 1.39032e+06 1.66579e+06 1.99465e+06 2.38708e+06 
0.0881608 2.42102 14.6641 53.95 155.055 384.567 864.577 1811.31 -21662.1 4892.51 6581.12 8731.86 11412.7 14696.6 18673.3 23462.2 29222.2 36157.5 44520.6 54617.2 66812 81539.4 99315.6 120755 146590 177692 215103 260062 314050 378829 456502 549573 661024 794409 953957 1.1447e+06 1.37263e+06 1.64488e+06 1.96993e+06 2.35786e+06 
0.0528994 1.461 8.90476 32.9855 95.5086 238.791 541.494 1144.9 2295.68 -26255.1 6000.25 8042.84 10612.1 13777.9 17621.2 22248.4 27804.1 34479.8 42516.9 52209.6 63910.5 78038.8 95092.4 115663 140455 170308 206223 249394 301242 363464 438083 527507 634606 762798 916153 1.09951e+06 1.31865e+06 1.58041e+06 1.89297e+06 2.26603e+06 
0.0315096 0.874682 5.36112 19.982 58.2519 146.732 335.464 715.619 1448.81 2815.15 -31417.7 7173.54 9569.3 12547.3 16179.8 20556.9 25803.4 32090.5 39640.8 48730.5 59692.1 72920.9 88886 108144 131356 159310 192946 233381 281952 340249 410168 493970 594347 714505 858262 1.03016e+06 1.23562e+06 1.48106e+06 1.77416e+06 2.124e+06 
0.0185004 0.515798 3.17672 11.9037 34.9085 88.5141 203.857 438.45 895.827 1758.52 3343.02 -37171.9 8362.93 11096.9 14458.8 18523.3 23390.7 29204.9 36162.8 44515.7 54570.5 66693.1 81316.1 98952.1 120209 145811 176618 213657 258152 311562 375626 452416 544402 654524 786283 943847 1.13218e+06 1.35718e+06 1.62588e+06 1.94662e+06 
0.0106496 0.29799 1.84262 6.93528 20.4389 52.1132 120.776 261.621 538.93 1067.98 2052.64 3849.34 -43532.4 9521.52 12569.4 16280.8 20732 26034.1 32350.4 39901.3 48963.6 59870.1 73014 88859.3 107955 130953 158627 191902 231877 279865 337428 406430 489091 588053 706467 848078 1.01735e+06 1.21959e+06 1.46111e+06 1.74942e+06 
0.00598612 0.167993 1.04213 3.93635 11.6468 29.8278 69.4776 151.381 313.984 627.327 1217.67 2310.86 4307.77 -50505.7 10615.1 13948.9 17971.2 22759.5 28436.1 35183.1 43242.7 52912.9 64547.3 78561 95442.9 115771 140233 169645 204979 247398 298282 359280 432353 519841 624527 749726 899382 1.07819e+06 1.29173e+06 1.54666e+06 
0.00327539 0.0921373 0.573034 2.17054 6.4419 16.5545 38.7102 84.7232 176.671 355.304 695.35 1333.4 2518.33 4700.85 -58090.5 11627 15219.5 19515.2 24592.2 30585 37694.4 46181.8 56362.7 68606.5 83345.3 101087 122433 148098 178930 215944 260344 313570 377334 453677 545027 654278 784872 940907 1.12726e+06 1.34972e+06 
0.00174002 0.0490414 0.305631 1.16021 3.45156 8.89295 20.8549 45.7952 95.8711 193.748 381.562 737.767 1408.8 2667.89 5021.59 -66277.7 12557.3 16385.5 20921.2 26244.2 32502.4 39915.3 48761.3 59369.5 72121.5 87461.8 105913 128094 154741 186728 225098 271095 326197 392169 471110 565519 678372 813209 974243 1.16649e+06 
0.00089536 0.0252752 0.15778 0.600004 1.78828 4.6166 10.8495 23.8809 50.1318 101.655 201.078 391.133 753.175 1443.07 2759.67 5272.02 -75048.2 13419 17465.6 22214.6 27749 34232.6 41903.4 51055 62026.8 75209.4 91056.8 110103 132981 160442 193382 232867 280168 336798 404559 485597 582466 698203 836426 1.00143e+06 
0.000445236 0.0125856 0.0786742 0.299611 0.894299 2.31224 5.44269 12.0003 25.2392 51.2936 101.752 198.708 384.837 743.617 1439.81 2799.11 5460.07 -84366.8 14232.4 18486.4 23429.3 29149.9 35830.9 43729.2 53151 64444.2 78005.9 94297.6 113863 137345 165510 199269 239710 288125 346055 415333 498143 597081 715238 856290 
0.000213459 0.00604097 0.0378078 0.144155 0.430812 1.11525 2.6284 5.80252 12.2199 24.8707 49.424 96.75 188.036 365.331 713.444 1405.32 2794.41 5596.38 -94165.2 15020.6 19477.4 24601.7 30492.5 37354.7 45464.2 55138.3 66731 80645 97348.1 117392 141430 170242 204753 246067 295498 354611 425267 509682 610493 730835 
9.84196e-05 0.00278821 0.0174684 0.0666742 0.199466 0.516893 1.21942 2.69464 5.68023 11.572 23.0211 45.1265 87.8777 171.269 336.203 667.96 1346.71 2754.3 5691.38 -104305 15805.4 20465.2 25764.2 31817 38854.4 47171 57093.3 68980.6 83240.2 100346 120859 145441 174885 210131 252299 302723 362992 434994 520978 623618 
4.34444e-05 0.00123194 0.00772536 0.029514 0.0883765 0.229222 0.541224 1.19693 2.52494 5.1474 10.2471 20.1019 39.1854 76.4922 150.566 300.602 611.284 1268.46 2681.75 5743.35 -114519 16574.6 21432.3 26893.6 33095.1 40296.4 48809.7 58968.5 71135.8 85723.3 103211 124166 149261 179300 215236 258206 309562 370914 444177 531628 
1.78377e-05 0.000506257 0.00317736 0.012149 0.0364087 0.0945076 0.223311 0.49419 1.04313 2.12765 4.2375 8.31635 16.2194 31.684 62.4449 124.965 255.276 534.231 1146.64 2517.38 5610.69 -124558 16892.4 21814.7 27283.5 33461.1 40631 49112.3 59235 71355.6 85878.8 103278 124112 149048 178877 214542 257165 308081 368879 441448 
5.80353e-06 0.000164846 0.0010354 0.00396198 0.0118823 0.0308655 0.0729801 0.161603 0.341284 0.696408 1.38746 2.72369 5.31324 10.3821 20.4713 41.0067 83.936 176.392 381.755 851.29 1948.82 4537.53 -135321 14304.7 18448.1 22996.2 28111.2 34048.9 41078.2 49469.7 59514 71542.4 85943.4 103177 123790 148435 177885 213063 255067 305200 
1.10883e-06 3.15197e-05 0.000198117 0.000758629 0.00227675 0.00591794 0.0140012 0.0310201 0.0655406 0.133789 0.266621 0.523495 1.02132 1.99582 3.93574 7.88586 16.1526 34.0015 73.8657 166.046 386.241 925.518 2259.37 -147735 7484.38 9638.17 11973.9 14591.6 17632.8 21236.6 25539.3 30687.7 36849.6 44222.2 53039.8 63580.7 76176 91220 109182 130619 
4.41185e-07 1.25502e-05 7.89358e-05 0.000302457 0.000908286 0.00236231 0.00559207 0.0123956 0.0262009 0.053502 0.106647 0.209427 0.408612 0.798482 1.57453 3.1547 6.46237 13.6096 29.6057 66.7753 156.524 381.191 959.545 2464.7 -156058 8608.75 11068.3 13703.7 16650.2 20078.3 24144.3 28999.3 34806.2 41752.4 50058.6 59987 71849.4 86016.8 102930 123116 
3.05497e-07 8.69636e-06 5.473e-05 0.000209833 0.000630501 0.00164075 0.00388596 0.00861769 0.0182225 0.0372217 0.0742116 0.145751 0.284387 0.555713 1.0957 2.19503 4.49586 9.46775 20.6009 46.5135 109.348 268.232 686.276 1821.09 4939.33 -162441 18254.3 23427.6 28906 35023.9 42154.2 50619.6 60727.8 72812.7 87260.6 104528 125156 149790 179197 214289 
1.15515e-07 3.29051e-06 2.07203e-05 7.94851e-05 0.000238963 0.000622171 0.00147426 0.00327076 0.00691868 0.0141363 0.0281903 0.0553724 0.108046 0.211123 0.41623 0.833696 1.70722 3.5944 7.81983 17.6574 41.542 102.156 263.123 709.588 1991.8 5725.35 -175623 22468.6 28778.2 35385.8 42764.1 51381.7 61621.8 73848.1 88458.9 105917 126772 151673 181395 216861 
3.53605e-08 1.00793e-06 6.35027e-06 2.43728e-05 7.33108e-05 0.000190964 0.000452697 0.00100474 0.00212605 0.00434511 0.00866662 0.0170253 0.0332224 0.064915 0.127968 0.256276 0.524681 1.10438 2.40196 5.42234 12.7562 31.3846 81.0029 219.783 626.787 1867.6 5710.77 -192605 23887 30526.3 37407.1 45098.8 54103.2 64810.9 77593.6 92862.5 111098 132869 158853 189855 
1.00235e-08 2.859e-07 1.80215e-06 6.9201e-06 2.08246e-05 5.42692e-05 0.000128702 0.000285753 0.000604848 0.00123647 0.00246667 0.00484624 0.00945717 0.0184785 0.036424 0.0729346 0.149292 0.31416 0.683074 1.5415 3.62527 8.91778 23.0229 62.5698 179.414 542.869 1723.2 5627.47 -211080 25186.5 32106.8 39211.6 47171.1 56510.9 67624.1 80888.1 96724.7 115629 138188 165100 
2.64353e-09 7.5452e-08 4.75827e-07 1.82795e-06 5.5032e-06 1.43473e-05 3.40384e-05 7.56e-05 0.000160068 0.000327297 0.000653047 0.00128318 0.00250417 0.00489288 0.00964399 0.0193086 0.0395164 0.0831369 0.180713 0.407686 0.958436 2.35678 6.08276 16.5326 47.465 144.306 464.849 1577.75 5525.61 -230729 26570.9 33778.4 41118.3 49366.8 59067.9 70616.4 84396.2 100841 120463 143867 
6.45978e-10 1.84503e-08 1.16405e-07 4.47371e-07 1.34739e-06 3.51411e-06 8.34002e-06 1.85293e-05 3.92426e-05 8.02585e-05 0.000160164 0.000314741 0.000614259 0.00120019 0.00236548 0.00473553 0.00969015 0.0203827 0.0442945 0.099898 0.234771 0.577074 1.4888 4.04501 11.6123 35.3358 114.292 393.344 1433.06 5405.82 -251507 28050.3 35551.8 43140.8 51702.8 61794.3 73811 88145.1 105244 125637 
1.45591e-10 4.16134e-09 2.62652e-08 1.00982e-07 3.04253e-07 7.93799e-07 1.88454e-06 4.18819e-06 8.8723e-06 1.81493e-05 3.62243e-05 7.11921e-05 0.000138948 0.000271489 0.000535059 0.00107106 0.00219138 0.00460865 0.0100131 0.0225768 0.0530416 0.130331 0.336106 0.912789 2.6193 7.96873 25.7895 89.0595 328.684 1290.59 5267.85 -273449 29630.7 37432.5 45287 54188.5 64700.6 77220.2 92149.1 109950 
3.01174e-11 8.61495e-10 5.43965e-09 2.09215e-08 6.30573e-08 1.64572e-07 3.90827e-07 8.68811e-07 1.84094e-06 3.76656e-06 7.51881e-06 1.47783e-05 2.88447e-05 5.63597e-05 0.000111072 0.000222322 0.00045482 0.000956378 0.00207751 0.00468314 0.0109995 0.0270188 0.0696523 0.189081 0.542332 1.64918 5.33554 18.431 68.2103 271.017 1151.77 5111.54 -296619 31317.5 39425.5 47563.7 56832.4 67796.5 80854.9 96420.8 
5.68898e-12 1.62868e-10 1.02876e-09 3.95811e-09 1.19336e-08 3.11549e-08 7.40084e-08 1.64564e-07 3.48774e-07 7.13722e-07 1.42493e-06 2.80096e-06 5.46728e-06 1.06827e-05 2.10524e-05 4.2136e-05 8.61924e-05 0.000181219 0.000393591 0.000887058 0.00208298 0.00511512 0.0131821 0.0357714 0.102558 0.311721 1.008 3.48058 12.882 51.2949 220.329 1017.98 4937.03 -321094 33116.2 41535.8 49978.4 59643.1 71091.6 84726.1 
9.75936e-13 2.79656e-11 1.7671e-10 6.80103e-10 2.05112e-09 5.3564e-09 1.27276e-08 2.83076e-08 6.00071e-08 1.22818e-07 2.45235e-07 4.82098e-07 9.41068e-07 1.8388e-06 3.62367e-06 7.25232e-06 1.48339e-05 3.11847e-05 6.77207e-05 0.000152599 0.000358256 0.000879546 0.00226602 0.00614711 0.0176173 0.0535244 0.172997 0.59704 2.20866 8.79358 37.8332 176.456 890.493 4744.77 -346956 35032.2 43768.9 52538.7 62629.5 74596.1 
1.51174e-13 4.33643e-12 2.74109e-11 1.05528e-10 3.18355e-10 8.31594e-10 1.97648e-09 4.39692e-09 9.32252e-09 1.90837e-08 3.81097e-08 7.49248e-08 1.46262e-07 2.85794e-07 5.63196e-07 1.12712e-06 2.30525e-06 4.84574e-06 1.05217e-05 2.37055e-05 5.56432e-05 0.000136579 0.000351786 0.000954028 0.00273329 0.00830103 0.0268183 0.0925093 0.342041 1.36109 5.85429 27.3361 139.09 770.485 4535.6 -374293 37071.3 46130.7 55253 65801.3 
2.10166e-14 6.03574e-13 3.81657e-12 1.46975e-11 4.43511e-11 1.15882e-10 2.75485e-10 6.1298e-10 1.2999e-09 2.66137e-09 5.31531e-09 1.04509e-08 2.04024e-08 3.98666e-08 7.85618e-08 1.57219e-07 3.21534e-07 6.75822e-07 1.46727e-06 3.30534e-06 7.75726e-06 1.9037e-05 4.90227e-05 0.000132914 0.000380686 0.00115576 0.00373251 0.0128696 0.0475605 0.189156 0.813134 3.79537 19.3255 107.805 658.943 4310.75 -403193 39239.2 48628.1 58130.2 
2.60544e-15 7.4927e-14 4.73948e-13 1.82567e-12 5.51053e-12 1.44015e-11 3.42443e-11 7.62118e-11 1.61645e-10 3.30992e-10 6.61132e-10 1.30001e-09 2.53802e-09 4.95941e-09 9.77303e-09 1.95573e-08 3.99953e-08 8.40585e-08 1.82481e-07 4.1103e-07 9.64504e-07 2.36658e-06 6.09308e-06 1.65163e-05 4.7293e-05 0.000143539 0.0004634 0.00159718 0.00589991 0.0234533 0.100765 0.470053 2.39228 13.3502 82.0789 556.642 4071.84 -433712 41542 51268.2 
2.86071e-16 8.23978e-15 5.21385e-14 2.00893e-13 6.06516e-13 1.58546e-12 3.77073e-12 8.39346e-12 1.78053e-11 3.64639e-11 7.28415e-11 1.43242e-10 2.79664e-10 5.46489e-10 1.07691e-09 2.155e-09 4.40684e-09 9.2613e-09 2.01035e-08 4.52775e-08 1.06233e-07 2.60623e-07 6.70896e-07 1.81821e-06 5.20512e-06 1.57939e-05 5.09739e-05 0.00017563 0.000648519 0.00257687 0.0110658 0.0515917 0.262412 1.46359 8.99921 61.3217 464.12 3820.85 -465625 43985.8 
2.76192e-17 7.96991e-16 5.04487e-15 1.94432e-14 5.87145e-14 1.53515e-13 3.65179e-13 8.13013e-13 1.72494e-12 3.53298e-12 7.05827e-12 1.3881e-11 2.71023e-11 5.29613e-11 1.04365e-10 2.08841e-10 4.27049e-10 8.97426e-10 1.9479e-09 4.3867e-09 1.02912e-08 2.52444e-08 6.49744e-08 1.76058e-07 5.03914e-07 1.52868e-06 4.93241e-06 1.69895e-05 6.27128e-05 0.000249091 0.0010692 0.00498243 0.0253282 0.14118 0.867556 5.91083 44.9057 381.661 3560.16 -495990 
cycle: 0
true_cycle: 0
nIterations: 0
nTrueIterations: 0
Branch: 0
dt_FE: 1.5617e-08
dt_EA: 1.5617e-08
dt_PE: 1.5617e-08
