t: 0.000246336
dt: 7.39009e-06
N: 0.999843 0.999851 0.999802 0.999733 0.999633 0.999486 0.999266 0.998929 0.998404 0.997565 0.996194 0.993899 0.989962 0.983044 0.970622 0.947966 0.90656 0.83277 0.710836 0.537995 0.345581 0.186097 0.086143 0.0355831 0.0134858 0.00475625 0.0015686 0.000483698 0.000139122 3.71915e-05 9.20316e-06 2.09864e-06 4.38915e-07 8.37657e-08 1.45101e-08 2.26848e-09 3.18163e-10 3.97794e-11 4.40394e-12 4.28655e-13 
eC: 1.00639 3.07804 5.27089 7.59201 10.0489 12.6496 15.4023 18.3162 21.4004 24.6651 28.1208 31.7787 35.6505 39.7488 44.0869 48.6788 53.5393 58.6841 64.1299 69.8943 75.9959 82.4544 89.2908 96.5271 104.187 112.294 120.876 129.96 139.576 149.754 160.527 171.931 184.002 196.778 210.303 224.618 239.771 255.811 272.788 290.759 
dV: 2.71811 20.9912 63.6092 138.722 256.496 429.553 673.497 1007.55 1455.33 2045.74 2814.09 3803.42 5066.04 6665.5 8678.77 11199 14338.7 18233.7 23047.8 28977.8 36261 45182.1 56083.2 69374.4 85547.6 105192 129013 157855 192727 234836 285622 346808 420447 508992 615366 743056 896219 1.07981e+06 1.29972e+06 1.56298e+06 
kVec: 43314.7 120298 185320 237553 276400 301612 313416 312627 300720 279798 252413 221265 188866 157274 128002 102062 80119.4 62661 50124.3 42902.6 41187.8 44741.8 52830.6 64432.8 78555.9 94446.8 111639 129901 149151 169396 190683 213082 236669 261527 287743 315407 344608 375408 407581 438188 
cMat: 
-4.92205 0.0206165 0.0259064 0.0332431 0.04294 0.0556051 0.0720044 0.0930327 0.119688 0.153054 0.194315 0.244815 0.306169 0.38039 0.469995 0.57811 0.708554 0.865939 1.0558 1.28475 1.56068 1.89297 2.29281 2.77355 3.35107 4.04428 4.8757 5.87216 7.06553 8.49373 10.2018 12.2433 14.6815 17.5918 21.0631 25.2007 30.1288 35.9939 42.9684 51.2543 
0.00193168 -17.8814 0.0642053 0.0828714 0.107708 0.140372 0.182955 0.237906 0.30796 0.396064 0.505397 0.639524 0.802697 1.00022 1.23876 1.52664 1.87409 2.29345 2.79959 3.41023 4.14656 5.0338 6.10202 7.38707 8.93167 10.7868 13.0131 15.683 18.8826 22.7146 27.3013 32.7882 39.3483 47.1878 56.5515 67.7307 81.0716 96.9855 115.961 138.577 
0.000800893 0.0211845 -36.6003 0.160115 0.209454 0.274829 0.360694 0.472286 0.61546 0.796499 1.02208 1.29958 1.6377 2.04726 2.54202 3.13921 3.86007 4.73039 5.78118 7.04951 8.57959 10.4241 12.646 15.32 18.5355 22.399 27.0372 32.6016 39.2724 47.2642 56.8329 68.283 81.9771 98.3466 117.905 141.262 169.145 202.417 242.104 289.426 
0.000471198 0.0125368 0.0734119 -63.3822 0.343177 0.453501 0.599577 0.790913 1.03817 1.35276 1.74664 2.23276 2.82615 3.54552 4.41468 5.4638 6.73025 8.25954 10.1065 12.3367 15.0283 18.2745 22.1866 26.8968 32.5632 39.374 47.5538 57.3701 69.1419 83.2492 100.145 120.368 144.56 173.486 208.054 249.347 298.651 357.496 427.703 511.433 
0.00032914 0.00881144 0.0519324 0.185582 -101.396 0.688573 0.917408 1.21972 1.61354 2.11815 2.75354 3.54085 4.50409 5.67293 7.08539 8.79003 10.8475 13.3321 16.3333 19.9584 24.3352 29.6162 35.9829 43.652 52.8815 63.9792 77.3122 93.3179 112.518 135.534 163.107 196.118 235.617 282.856 339.321 406.784 487.351 583.526 698.291 835.186 
0.000254467 0.00685609 0.0406829 0.146418 0.4111 -154.982 1.33618 1.79121 2.38926 3.16176 4.141 5.36027 6.85637 8.67404 10.8709 13.5213 16.7191 20.5801 25.244 30.8785 37.6835 45.8975 55.8041 67.7418 82.1139 99.4014 120.178 145.127 175.064 210.961 253.975 305.486 367.135 440.878 529.043 634.398 760.239 910.487 1089.8 1303.73 
0.000210116 0.00569801 0.0340463 0.123436 0.349256 0.852018 -230.057 2.54547 3.42514 4.57181 6.03682 7.87194 10.1323 12.8833 16.209 20.2192 25.0544 30.8895 37.9366 46.4507 56.7357 69.1536 84.1359 102.196 123.947 150.118 181.581 219.374 264.736 319.142 384.35 462.456 555.954 667.816 801.578 961.449 1152.44 1380.5 1652.73 1977.54 
0.000181408 0.00495115 0.0297891 0.108805 0.310286 0.76322 1.70094 -334.686 4.795 6.45927 8.60527 11.3135 14.6664 18.7575 23.7057 29.6685 36.8507 45.5104 55.9634 68.5898 83.8431 102.263 124.493 151.298 183.59 222.457 269.195 325.352 392.77 473.649 570.608 686.768 825.846 992.269 1191.31 1429.23 1713.5 2053.01 2458.31 2941.96 
0.000161491 0.00443477 0.0268614 0.0988244 0.284026 0.704441 1.58371 3.31792 -479.938 8.96199 12.0551 15.9948 20.9055 26.9209 34.2053 42.9775 53.5285 66.2324 81.5518 100.046 122.385 149.362 181.924 221.196 268.52 325.492 394.02 476.376 575.269 693.931 836.21 1006.69 1210.85 1455.18 1747.44 2096.84 2514.36 3013.06 3608.47 4319.07 
0.000146788 0.00405405 0.0247093 0.0915296 0.265022 0.662608 1.50256 3.17692 6.37017 -681.239 16.6498 22.3176 29.4468 38.2315 48.8962 61.7358 77.1521 95.6762 117.978 144.874 177.342 216.546 263.867 320.947 389.741 472.579 572.238 692.028 835.899 1008.56 1215.61 1463.75 1760.93 2116.65 2542.18 3050.98 3659.04 4385.4 5252.7 6287.87 
0.00013529 0.00375554 0.0230185 0.0857947 0.250111 0.63001 1.44035 3.07258 6.22063 12.0871 -960.548 30.8004 41.0868 53.8732 69.4695 88.2632 110.79 137.784 170.202 209.23 256.294 313.094 381.641 464.327 563.99 684.015 828.432 1002.05 1210.59 1460.89 1761.1 2120.91 2551.89 3067.8 3685.04 4423.12 5305.26 6359.1 7617.52 9119.63 
0.000125823 0.003508 0.0216052 0.0809586 0.237417 0.601995 1.38645 2.98195 6.09263 11.9599 22.7363 -1349.74 56.8773 75.471 98.3363 125.979 159.083 198.626 245.947 302.756 371.141 453.587 553.04 672.985 817.557 991.675 1201.2 1453.1 1755.72 2118.97 2554.68 3076.94 3702.54 4451.49 5347.6 6419.22 7700.08 9230.35 11057.8 13239.2 
0.00011767 0.00329259 0.0203597 0.0766301 0.225836 0.575815 1.33449 2.89073 5.95481 11.8005 22.6803 42.5326 -1895.59 105.206 138.883 179.892 229.074 287.659 357.45 440.882 541.015 661.524 806.755 981.836 1192.83 1446.94 1752.72 2120.39 2562.09 3092.32 3728.35 4490.78 5404.12 6497.59 7805.98 9370.69 11241 13475.6 16144.3 19330 
0.000110338 0.0030965 0.0192089 0.0725563 0.214677 0.549797 1.28064 2.79031 5.78747 11.5631 22.4445 42.5946 79.4025 -2666.45 195.661 257.111 331.253 419.512 524.146 648.509 797.066 975.311 1189.76 1448.07 1759.24 2133.94 2584.83 3126.95 3778.26 4560.13 5498.05 6622.38 7969.3 9581.91 11511.5 13819.2 16577.7 19873.6 23809.7 28508.6 
0.000103382 0.00290816 0.0180869 0.0685093 0.203328 0.522516 1.22182 2.67414 5.57632 11.2146 21.9476 42.0865 79.4868 148.374 -3760.06 366.985 480.378 615.963 776.21 965.364 1189.76 1457.65 1778.99 2165.45 2630.65 3190.65 3864.4 4674.46 5647.64 6815.9 8217.33 9897.31 11909.9 14319.5 17202.9 20651.2 24773.2 29698.1 35580 42601.6 
9.6247e-05 0.00271265 0.0169055 0.0641756 0.190919 0.491901 1.15356 2.5331 5.30298 10.7169 21.1055 40.8086 77.9261 147.57 277.762 -5310.06 694.59 906.344 1157.23 1451.66 1797.83 2207.86 2697.16 3283.94 3989.3 4837.83 5858.44 7085.37 8559.28 10328.6 12451 14995.2 18043.1 21692.3 26058.8 31280.9 37523.2 44981.6 53888.9 64522.5 
8.811e-05 0.00248727 0.0155267 0.0590448 0.17598 0.454307 1.06767 2.35005 4.93333 10.0036 19.7876 38.4904 74.1179 142.008 271.572 518.805 -7485.34 1320.53 1718.74 2186.08 2730.7 3368.73 4123.6 5024.18 6103.89 7401.15 8960.65 10834.9 13086.3 15788.6 19030.2 22915.8 27570.5 33143.4 39811.6 47786.3 57318.9 68708.3 82310.4 98548.4 
7.77867e-05 0.00219881 0.0137451 0.0523446 0.156242 0.403969 0.950886 2.09657 4.40952 8.96144 17.777 34.7161 67.2344 129.917 251.548 489.029 953.922 -10477.1 2486.52 3229.74 4093.31 5092.75 6259.97 7639.87 9285.96 11259 13628.3 16474.6 19892.8 23995.3 28916 34814.2 41879.5 50338 60458.9 72562.4 87030 104315 124958 149601 
6.40451e-05 0.0018125 0.0113436 0.0432516 0.129259 0.334614 0.78861 1.74096 3.6664 7.46208 14.8289 29.0284 56.4174 109.612 214.058 421.644 838.421 1679.11 -14491.9 4506.71 5843.89 7381.35 9148.81 11207.7 13640.8 16543.4 20021.6 24196.3 29207.8 35221.6 42434 51078.4 61432.9 73828.6 88659.7 106396 127595 152922 183169 219276 
4.69095e-05 0.00132894 0.00832591 0.0317788 0.0950709 0.246366 0.58121 1.28434 2.70736 5.51552 10.9725 21.5086 41.885 81.6318 160.244 318.368 641.881 1312.78 2712.67 -19819.4 7533.31 9754.27 12279.9 15164.9 18519.1 22483 27212.3 32878.1 39674.6 47827.9 57604.7 69321.5 83355.1 100154 120253 144286 173012 207330 248313 297234 
2.92467e-05 0.00082934 0.00520071 0.0198688 0.059495 0.154312 0.364351 0.80577 1.69978 3.46522 6.89832 13.5326 26.3796 51.4945 101.361 202.365 411.515 853.926 1805.35 3866.42 -26953.9 11158 14428.2 18104.7 22279.6 27127.5 32858.6 39697.5 47888.6 57708.8 69481.4 83588.1 100483 120705 144897 173824 208397 249699 299019 357891 
1.53281e-05 0.000435033 0.00273035 0.0104398 0.0312865 0.0812117 0.191894 0.424665 0.896374 1.82832 3.64134 7.14635 13.9376 27.2265 53.6597 107.384 219.362 459.072 985.324 2163.22 4821.34 -36416.4 14515.8 18745.7 23445.1 28753.6 34914.8 42202.8 50901.5 61316.9 73796.8 88747.9 106651 128079 153711 184359 220985 264738 316983 379343 
6.92272e-06 0.000196635 0.00123507 0.00472603 0.0141738 0.0368177 0.087054 0.192767 0.407099 0.830707 1.65502 3.24894 6.33788 12.3842 24.4191 48.9146 100.123 210.408 455.374 1015.46 2324.65 5412.57 -48280.5 17063.3 22005.7 27430.9 33532.3 40615 49000 59009.7 70991 85339.1 102517 123074 147663 177060 212189 254152 304255 364057 
2.79621e-06 7.94851e-05 0.000499602 0.00191308 0.00574141 0.0149236 0.0353075 0.0782251 0.165277 0.337382 0.672353 1.32013 2.57553 5.03297 9.92498 19.8862 40.733 85.7435 186.271 418.727 974.006 2333.93 5697.57 -62140.6 18873.8 24305.1 30195.1 36796.4 44465.7 53553.6 64404 77386.9 92925.6 111518 133754 160335 192097 230035 275330 329389 
1.03829e-06 2.95358e-05 0.000185769 0.000711806 0.00213757 0.00555951 0.0131605 0.0291719 0.0616616 0.125912 0.250985 0.492869 0.961633 1.87916 3.70551 7.42431 15.2086 32.0291 69.6744 157.15 368.365 897.101 2258.21 5800.46 -77496.7 20260 26048.3 32250.4 39184.9 47252.5 56821.5 68247.4 81913.5 98260.7 117809 141174 169091 202433 242238 289742 
3.59397e-07 1.02307e-05 6.43862e-05 0.000246855 0.000741743 0.00193023 0.00457158 0.0101381 0.0214376 0.0437889 0.0873051 0.171467 0.334563 0.65376 1.28902 2.5823 5.28909 11.1382 24.2356 54.7201 128.641 315.558 807.359 2142.39 5810.8 -93997.7 21475 27561 34006 41203.3 49591.6 59550.6 71442.2 85659.3 102656 122970 147238 176218 210814 252097 
1.16507e-07 3.31876e-06 2.08982e-05 8.01675e-05 0.000241015 0.000627512 0.00148691 0.00329884 0.00697808 0.0142576 0.0284323 0.0558478 0.108974 0.212936 0.419803 0.840854 1.72188 3.62526 7.88697 17.809 41.8986 103.033 265.382 715.68 2008.9 5774.51 -111464 22661.5 29025.3 35689.6 43131.3 51822.8 62150.8 74482.1 89218.4 106827 127860 152975 182953 218723 
3.53622e-08 1.00797e-06 6.35057e-06 2.43739e-05 7.33142e-05 0.000190973 0.000452718 0.00100479 0.00212615 0.00434532 0.00866703 0.0170261 0.0332239 0.064918 0.127974 0.256287 0.524706 1.10443 2.40207 5.42259 12.7568 31.3861 81.0066 219.793 626.817 1867.68 5711.03 -129838 23888.1 30527.8 37408.8 45100.9 54105.7 64813.9 77597.2 92866.8 111103 132875 158861 189863 
1.00233e-08 2.85897e-07 1.80213e-06 6.92003e-06 2.08244e-05 5.42686e-05 0.000128701 0.00028575 0.000604842 0.00123645 0.00246664 0.00484619 0.00945707 0.0184783 0.0364236 0.0729338 0.14929 0.314156 0.683067 1.54149 3.62523 8.91768 23.0227 62.5692 179.412 542.863 1723.18 5627.41 -149130 25186.2 32106.4 39211.2 47170.6 56510.3 67623.4 80887.3 96723.7 115628 138187 165099 
2.64352e-09 7.54518e-08 4.75826e-07 1.82794e-06 5.50319e-06 1.43473e-05 3.40382e-05 7.55998e-05 0.000160067 0.000327296 0.000653045 0.00128317 0.00250416 0.00489287 0.00964396 0.0193085 0.0395163 0.0831367 0.180713 0.407685 0.958433 2.35677 6.08274 16.5325 47.4649 144.305 464.847 1577.75 5525.6 -169389 26570.8 33778.3 41118.1 49366.6 59067.7 70616.2 84395.9 100841 120462 143867 
6.45978e-10 1.84503e-08 1.16405e-07 4.4737e-07 1.34739e-06 3.5141e-06 8.34001e-06 1.85293e-05 3.92426e-05 8.02585e-05 0.000160164 0.000314741 0.000614259 0.00120019 0.00236548 0.00473552 0.00969014 0.0203826 0.0442945 0.0998979 0.234771 0.577074 1.4888 4.04501 11.6123 35.3358 114.292 393.344 1433.06 5405.82 -190682 28050.3 35551.8 43140.8 51702.7 61794.2 73811 88145 105244 125637 
1.45591e-10 4.16134e-09 2.62652e-08 1.00982e-07 3.04253e-07 7.93799e-07 1.88454e-06 4.18819e-06 8.8723e-06 1.81493e-05 3.62243e-05 7.1192e-05 0.000138948 0.000271489 0.000535059 0.00107106 0.00219138 0.00460865 0.0100131 0.0225768 0.0530416 0.130331 0.336106 0.912789 2.6193 7.96873 25.7895 89.0594 328.684 1290.59 5267.85 -213081 29630.7 37432.5 45287 54188.5 64700.6 77220.2 92149.1 109950 
3.01174e-11 8.61495e-10 5.43965e-09 2.09215e-08 6.30573e-08 1.64572e-07 3.90827e-07 8.68811e-07 1.84094e-06 3.76656e-06 7.51881e-06 1.47783e-05 2.88447e-05 5.63597e-05 0.000111072 0.000222322 0.00045482 0.000956378 0.00207751 0.00468314 0.0109995 0.0270188 0.0696523 0.189081 0.542332 1.64918 5.33554 18.431 68.2103 271.017 1151.77 5111.54 -236669 31317.5 39425.5 47563.7 56832.4 67796.4 80854.9 96420.8 
5.68898e-12 1.62868e-10 1.02876e-09 3.95811e-09 1.19336e-08 3.11549e-08 7.40084e-08 1.64564e-07 3.48774e-07 7.13722e-07 1.42493e-06 2.80096e-06 5.46728e-06 1.06827e-05 2.10524e-05 4.2136e-05 8.61924e-05 0.000181219 0.000393591 0.000887058 0.00208298 0.00511512 0.0131821 0.0357714 0.102558 0.311721 1.008 3.48058 12.882 51.2949 220.329 1017.98 4937.03 -261527 33116.2 41535.8 49978.4 59643.1 71091.6 84726.1 
9.75936e-13 2.79656e-11 1.7671e-10 6.80103e-10 2.05112e-09 5.3564e-09 1.27276e-08 2.83076e-08 6.00071e-08 1.22818e-07 2.45235e-07 4.82098e-07 9.41068e-07 1.8388e-06 3.62367e-06 7.25232e-06 1.48339e-05 3.11847e-05 6.77207e-05 0.000152599 0.000358256 0.000879546 0.00226602 0.00614711 0.0176173 0.0535244 0.172997 0.59704 2.20866 8.79358 37.8332 176.456 890.493 4744.77 -287743 35032.2 43768.9 52538.7 62629.5 74596.1 
1.51174e-13 4.33643e-12 2.74109e-11 1.05528e-10 3.18355e-10 8.31594e-10 1.97648e-09 4.39692e-09 9.32252e-09 1.90837e-08 3.81097e-08 7.49248e-08 1.46262e-07 2.85794e-07 5.63196e-07 1.12712e-06 2.30525e-06 4.84574e-06 1.05217e-05 2.37055e-05 5.56432e-05 0.000136579 0.000351786 0.000954028 0.00273329 0.00830103 0.0268183 0.0925093 0.342041 1.36109 5.85429 27.3361 139.09 770.485 4535.6 -315407 37071.3 46130.7 55253 65801.3 
2.10166e-14 6.03574e-13 3.81657e-12 1.46975e-11 4.43511e-11 1.15882e-10 2.75485e-10 6.1298e-10 1.2999e-09 2.66137e-09 5.31531e-09 1.04509e-08 2.04024e-08 3.98666e-08 7.85618e-08 1.57219e-07 3.21534e-07 6.75822e-07 1.46727e-06 3.30534e-06 7.75726e-06 1.9037e-05 4.90227e-05 0.000132914 0.000380686 0.00115576 0.00373251 0.0128696 0.0475605 0.189156 0.813134 3.79537 19.3255 107.805 658.943 4310.75 -344608 39239.2 48628.1 58130.2 
2.60544e-15 7.4927e-14 4.73948e-13 1.82567e-12 5.51053e-12 1.44015e-11 3.42443e-11 7.62118e-11 1.61645e-10 3.30992e-10 6.61132e-10 1.30001e-09 2.53802e-09 4.95941e-09 9.77303e-09 1.95573e-08 3.99953e-08 8.40585e-08 1.82481e-07 4.1103e-07 9.64504e-07 2.36658e-06 6.09308e-06 1.65163e-05 4.7293e-05 0.000143539 0.0004634 0.00159718 0.00589991 0.0234533 0.100765 0.470053 2.39228 13.3502 82.0789 556.642 4071.84 -375408 41542 51268.2 
2.86071e-16 8.23978e-15 5.21385e-14 2.00893e-13 6.06516e-13 1.58546e-12 3.77073e-12 8.39346e-12 1.78053e-11 3.64639e-11 7.28415e-11 1.43242e-10 2.79664e-10 5.46489e-10 1.07691e-09 2.155e-09 4.40684e-09 9.2613e-09 2.01035e-08 4.52775e-08 1.06233e-07 2.60623e-07 6.70896e-07 1.81821e-06 5.20512e-06 1.57939e-05 5.09739e-05 0.00017563 0.000648519 0.00257687 0.0110658 0.0515917 0.262412 1.46359 8.99921 61.3217 464.12 3820.85 -407581 43985.8 
2.76192e-17 7.96991e-16 5.04487e-15 1.94432e-14 5.87145e-14 1.53515e-13 3.65179e-13 8.13013e-13 1.72494e-12 3.53298e-12 7.05827e-12 1.3881e-11 2.71023e-11 5.29613e-11 1.04365e-10 2.08841e-10 4.27049e-10 8.97426e-10 1.9479e-09 4.3867e-09 1.02912e-08 2.52444e-08 6.49744e-08 1.76058e-07 5.03914e-07 1.52868e-06 4.93241e-06 1.69895e-05 6.27128e-05 0.000249091 0.0010692 0.00498243 0.0253282 0.14118 0.867556 5.91083 44.9057 381.661 3560.16 -438188 
cycle: 0
true_cycle: 0
nIterations: 0
nTrueIterations: 0
Branch: 0
dt_FE: 7.39009e-06
dt_EA: 7.39009e-06
dt_PE: 7.39009e-06
