t
0.0000002607000467572712842
dt
0.0000000063828176636213004
DN
-0.0000000000000006533942383
TC
57.0000
N
8.78650102e-03
2.45262282e-02
3.80139479e-02
4.91051466e-02
5.76817301e-02
6.36723906e-02
6.70781600e-02
6.80012498e-02
6.66691988e-02
6.34413123e-02
5.87850068e-02
5.32206042e-02
4.72500738e-02
4.12947680e-02
3.56608156e-02
3.05351397e-02
2.60028209e-02
2.20732630e-02
1.87071324e-02
1.59093160e-02
1.55924808e-02
4.40366872e-02
2.35992935e-01
6.40345585e-01
6.04302158e-01
1.59547958e-01
9.84791997e-03
3.21681471e-04
6.70321736e-05
1.77558929e-05
4.34821524e-06
9.81170657e-07
2.03200438e-07
3.84342263e-08
6.60364408e-09
1.02477211e-09
1.42761418e-10
1.77397189e-11
1.95294245e-12
1.89115063e-13
eC
1.00638940e+00
3.07804198e+00
5.27088624e+00
7.59201189e+00
1.00489234e+01
1.26495642e+01
1.54023425e+01
1.83161584e+01
2.14004324e+01
2.46651365e+01
2.81208258e+01
3.17786729e+01
3.56505041e+01
3.97488374e+01
4.40869232e+01
4.86787870e+01
5.35392748e+01
5.86841012e+01
6.41298999e+01
6.98942779e+01
7.59958720e+01
8.24544093e+01
8.92907710e+01
9.65270599e+01
1.04186672e+02
1.12294371e+02
1.20876370e+02
1.29960417e+02
1.39575880e+02
1.49753848e+02
1.60527227e+02
1.71930848e+02
1.84001582e+02
1.96778453e+02
2.10302771e+02
2.24618262e+02
2.39771209e+02
2.55810604e+02
2.72788303e+02
2.90759198e+02
