t
0.0000148547688707501946375
dt
0.0000000708287411943898580
DN
-0.0000000000000010889903972
TC
756.0000
N
4.40559210e-01
8.01286555e-01
9.16655105e-01
9.57728380e-01
9.73567606e-01
9.79545694e-01
9.80781658e-01
9.78849313e-01
9.73793664e-01
9.64702672e-01
9.49821465e-01
9.26624239e-01
8.92130990e-01
8.43642980e-01
7.79799778e-01
7.01523893e-01
6.12312260e-01
5.17626144e-01
4.23622455e-01
3.35794969e-01
2.58348124e-01
1.97740001e-01
1.75234999e-01
1.89561026e-01
1.35728020e-01
4.15861984e-02
8.95884703e-03
2.55848156e-03
7.38902489e-04
1.97683009e-04
4.88842002e-05
1.11385537e-05
2.32811132e-06
4.44121860e-07
7.69097762e-08
1.20216317e-08
1.68588882e-09
2.10770733e-10
2.33335686e-11
2.27115322e-12
eC
1.00638940e+00
3.07804198e+00
5.27088624e+00
7.59201189e+00
1.00489234e+01
1.26495642e+01
1.54023425e+01
1.83161584e+01
2.14004324e+01
2.46651365e+01
2.81208258e+01
3.17786729e+01
3.56505041e+01
3.97488374e+01
4.40869232e+01
4.86787870e+01
5.35392748e+01
5.86841012e+01
6.41298999e+01
6.98942779e+01
7.59958720e+01
8.24544093e+01
8.92907710e+01
9.65270599e+01
1.04186672e+02
1.12294371e+02
1.20876370e+02
1.29960417e+02
1.39575880e+02
1.49753848e+02
1.60527227e+02
1.71930848e+02
1.84001582e+02
1.96778453e+02
2.10302771e+02
2.24618262e+02
2.39771209e+02
2.55810604e+02
2.72788303e+02
2.90759198e+02
