t
0.0000001785461988402632942
dt
0.0000000087424966008421833
DN
-0.0000000000000006533942383
TC
46.0000
N
6.01453059e-03
1.68340376e-02
2.61537082e-02
3.38530643e-02
3.98314853e-02
4.40236459e-02
4.64184981e-02
4.70801704e-02
4.61648637e-02
4.39244242e-02
4.06880846e-02
3.68219651e-02
3.26779426e-02
2.85498063e-02
2.46495700e-02
2.11054968e-02
1.79749069e-02
1.52628280e-02
1.29414322e-02
1.10382435e-02
1.15241118e-02
4.11160098e-02
2.36682045e-01
6.47865716e-01
6.12038955e-01
1.61363934e-01
9.77307722e-03
2.52195342e-04
4.65351233e-05
1.23158084e-05
3.01568812e-06
6.80413057e-07
1.40897996e-07
2.66471372e-08
4.57792577e-09
7.10338930e-10
9.89470887e-11
1.22940053e-11
1.35329109e-12
1.31033846e-13
eC
1.00638940e+00
3.07804198e+00
5.27088624e+00
7.59201189e+00
1.00489234e+01
1.26495642e+01
1.54023425e+01
1.83161584e+01
2.14004324e+01
2.46651365e+01
2.81208258e+01
3.17786729e+01
3.56505041e+01
3.97488374e+01
4.40869232e+01
4.86787870e+01
5.35392748e+01
5.86841012e+01
6.41298999e+01
6.98942779e+01
7.59958720e+01
8.24544093e+01
8.92907710e+01
9.65270599e+01
1.04186672e+02
1.12294371e+02
1.20876370e+02
1.29960417e+02
1.39575880e+02
1.49753848e+02
1.60527227e+02
1.71930848e+02
1.84001582e+02
1.96778453e+02
2.10302771e+02
2.24618262e+02
2.39771209e+02
2.55810604e+02
2.72788303e+02
2.90759198e+02
