t
0.0000001703808339707740568
dt
0.0000000016869399403046952
DN
0.0000000000000008711923178
TC
1441.0000
N
5.73926794e-03
1.60664291e-02
2.49650193e-02
3.23187433e-02
3.80303441e-02
4.20364366e-02
4.43257233e-02
4.49590175e-02
4.40853935e-02
4.19455443e-02
3.88542249e-02
3.51614325e-02
3.12034642e-02
2.72610029e-02
2.35365136e-02
2.01524076e-02
1.71633231e-02
1.45739690e-02
1.23577818e-02
1.05446496e-02
1.11113749e-02
4.08193418e-02
2.36751599e-01
6.48627997e-01
6.12822477e-01
1.61547562e-01
9.76538952e-03
2.45123409e-04
4.44494898e-05
1.17623567e-05
2.88014833e-06
6.49827270e-07
1.34563394e-07
2.54489282e-08
4.37204412e-09
6.78388207e-10
9.44958232e-11
1.17408609e-11
1.29239350e-12
1.25136513e-13
eC
1.00638940e+00
3.07804198e+00
5.27088624e+00
7.59201189e+00
1.00489234e+01
1.26495642e+01
1.54023425e+01
1.83161584e+01
2.14004324e+01
2.46651365e+01
2.81208258e+01
3.17786729e+01
3.56505041e+01
3.97488374e+01
4.40869232e+01
4.86787870e+01
5.35392748e+01
5.86841012e+01
6.41298999e+01
6.98942779e+01
7.59958720e+01
8.24544093e+01
8.92907710e+01
9.65270599e+01
1.04186672e+02
1.12294371e+02
1.20876370e+02
1.29960417e+02
1.39575880e+02
1.49753848e+02
1.60527227e+02
1.71930848e+02
1.84001582e+02
1.96778453e+02
2.10302771e+02
2.24618262e+02
2.39771209e+02
2.55810604e+02
2.72788303e+02
2.90759198e+02
