t
0.0000009817089176934808124
dt
0.0000000097198912642919005
DN
0.0000000000000004355961589
TC
1617.0000
N
3.31928875e-02
9.04867005e-02
1.37387457e-01
1.74417623e-01
2.02040367e-01
2.20698652e-01
2.30874456e-01
2.33170604e-01
2.28400635e-01
2.17653336e-01
2.02288699e-01
1.83840011e-01
1.63842719e-01
1.43652389e-01
1.24316078e-01
1.06526225e-01
9.06462048e-02
7.67763726e-02
6.48310208e-02
5.46675066e-02
4.77614051e-02
6.69754663e-02
2.30395324e-01
5.80659240e-01
5.42627190e-01
1.44960040e-01
1.03983429e-02
8.60381234e-04
2.26116806e-04
6.00147614e-05
1.47096858e-05
3.32225263e-06
6.88670621e-07
1.30376821e-07
2.24210115e-08
3.48241902e-09
4.85555734e-10
6.03867276e-11
6.65338757e-12
6.44809101e-13
eC
1.00638940e+00
3.07804198e+00
5.27088624e+00
7.59201189e+00
1.00489234e+01
1.26495642e+01
1.54023425e+01
1.83161584e+01
2.14004324e+01
2.46651365e+01
2.81208258e+01
3.17786729e+01
3.56505041e+01
3.97488374e+01
4.40869232e+01
4.86787870e+01
5.35392748e+01
5.86841012e+01
6.41298999e+01
6.98942779e+01
7.59958720e+01
8.24544093e+01
8.92907710e+01
9.65270599e+01
1.04186672e+02
1.12294371e+02
1.20876370e+02
1.29960417e+02
1.39575880e+02
1.49753848e+02
1.60527227e+02
1.71930848e+02
1.84001582e+02
1.96778453e+02
2.10302771e+02
2.24618262e+02
2.39771209e+02
2.55810604e+02
2.72788303e+02
2.90759198e+02
