t
0.0001033679040086931137567
dt
0.0000010234445951355766264
DN
0.0000000000000010889903972
TC
2085.0000
N
9.88026900e-01
9.99840184e-01
9.99796269e-01
9.99725828e-01
9.99623570e-01
9.99473087e-01
9.99247560e-01
9.98902748e-01
9.98364241e-01
9.97504193e-01
9.96098045e-01
9.93742543e-01
9.89698059e-01
9.82583085e-01
9.69788189e-01
9.46406495e-01
9.03586796e-01
8.27402539e-01
7.03157424e-01
5.31545171e-01
3.44550908e-01
1.89135025e-01
8.93367615e-02
3.74061756e-02
1.42488437e-02
5.03130997e-03
1.66045978e-03
5.12261618e-04
1.47383104e-04
3.94086195e-05
9.75342151e-06
2.22440840e-06
4.65263911e-07
8.88012792e-08
1.53833540e-08
2.40510914e-09
3.37338561e-10
4.21781383e-11
4.66960607e-12
4.54521806e-13
eC
1.00638940e+00
3.07804198e+00
5.27088624e+00
7.59201189e+00
1.00489234e+01
1.26495642e+01
1.54023425e+01
1.83161584e+01
2.14004324e+01
2.46651365e+01
2.81208258e+01
3.17786729e+01
3.56505041e+01
3.97488374e+01
4.40869232e+01
4.86787870e+01
5.35392748e+01
5.86841012e+01
6.41298999e+01
6.98942779e+01
7.59958720e+01
8.24544093e+01
8.92907710e+01
9.65270599e+01
1.04186672e+02
1.12294371e+02
1.20876370e+02
1.29960417e+02
1.39575880e+02
1.49753848e+02
1.60527227e+02
1.71930848e+02
1.84001582e+02
1.96778453e+02
2.10302771e+02
2.24618262e+02
2.39771209e+02
2.55810604e+02
2.72788303e+02
2.90759198e+02
