t
0.0000051719247050305682808
dt
0.0000000512071762874314189
DN
0.0000000000000006533942383
TC
1784.0000
N
1.72538706e-01
4.11164763e-01
5.59757922e-01
6.52308798e-01
7.08708859e-01
7.40548549e-01
7.54444886e-01
7.53998745e-01
7.41021870e-01
7.16409476e-01
6.80847419e-01
6.35382980e-01
5.81774513e-01
5.22524683e-01
4.60603084e-01
3.98993090e-01
3.40252143e-01
2.86226159e-01
2.37960068e-01
1.95797182e-01
1.60417273e-01
1.43664669e-01
2.07439558e-01
3.69822803e-01
3.21664526e-01
9.07484032e-02
1.13108122e-02
2.41758263e-03
6.89138706e-04
1.83591954e-04
4.51765521e-05
1.02448678e-05
2.13211760e-06
4.05187388e-07
6.99336792e-08
1.08994516e-08
1.52465559e-09
1.90195773e-10
2.10159274e-11
2.04223630e-12
eC
1.00638940e+00
3.07804198e+00
5.27088624e+00
7.59201189e+00
1.00489234e+01
1.26495642e+01
1.54023425e+01
1.83161584e+01
2.14004324e+01
2.46651365e+01
2.81208258e+01
3.17786729e+01
3.56505041e+01
3.97488374e+01
4.40869232e+01
4.86787870e+01
5.35392748e+01
5.86841012e+01
6.41298999e+01
6.98942779e+01
7.59958720e+01
8.24544093e+01
8.92907710e+01
9.65270599e+01
1.04186672e+02
1.12294371e+02
1.20876370e+02
1.29960417e+02
1.39575880e+02
1.49753848e+02
1.60527227e+02
1.71930848e+02
1.84001582e+02
1.96778453e+02
2.10302771e+02
2.24618262e+02
2.39771209e+02
2.55810604e+02
2.72788303e+02
2.90759198e+02
