t
0.0000000002001301948282537
dt
0.0000000000019824771765174
DN
0.0000000000000008711923178
TC
763.0000
N
6.73343888e-06
1.89546248e-05
2.95981645e-05
3.84783830e-05
4.54348308e-05
5.03536315e-05
5.31928566e-05
5.40092015e-05
5.29780980e-05
5.03957569e-05
4.66535653e-05
4.21859402e-05
3.74071963e-05
3.26594381e-05
2.81860725e-05
2.41314752e-05
2.05579050e-05
1.74955323e-05
1.67587128e-05
9.94180028e-05
2.36918034e-03
3.45295437e-02
2.38218895e-01
6.64763199e-01
6.29395207e-01
1.65426922e-01
9.60098523e-03
9.49618102e-05
1.71759149e-07
1.41993742e-08
3.47287310e-09
7.83380803e-10
1.62181546e-10
3.06650472e-11
5.26694795e-12
8.17060262e-13
1.13786514e-13
1.41345384e-14
1.55553941e-15
1.50582875e-16
eC
1.00638940e+00
3.07804198e+00
5.27088624e+00
7.59201189e+00
1.00489234e+01
1.26495642e+01
1.54023425e+01
1.83161584e+01
2.14004324e+01
2.46651365e+01
2.81208258e+01
3.17786729e+01
3.56505041e+01
3.97488374e+01
4.40869232e+01
4.86787870e+01
5.35392748e+01
5.86841012e+01
6.41298999e+01
6.98942779e+01
7.59958720e+01
8.24544093e+01
8.92907710e+01
9.65270599e+01
1.04186672e+02
1.12294371e+02
1.20876370e+02
1.29960417e+02
1.39575880e+02
1.49753848e+02
1.60527227e+02
1.71930848e+02
1.84001582e+02
1.96778453e+02
2.10302771e+02
2.24618262e+02
2.39771209e+02
2.55810604e+02
2.72788303e+02
2.90759198e+02
