t: 5.91496e-09
dt: 8.12354e-10
N: 0.00357274 0.00412599 0.00476276 0.00549573 0.0063389 0.00730637 0.00841588 0.00968746 0.0111416 0.0127978 0.0146845 0.0168297 0.0192493 0.0219753 0.0250397 0.0284583 0.0322255 0.0363758 0.0409196 0.0457413 0.0508385 0.0561661 0.0615303 0.0665924 0.0712787 0.0753637 0.0777363 0.0783201 0.0768427 0.0724168 0.0764285 0.393782 0.314825 0.018894 0.00759621 0.00267225 0.000748504 0.000162755 2.7357e-05 3.45578e-06 
eC: 1 1.15749 1.33977 1.55077 1.795 2.07768 2.40489 2.78363 3.22201 3.72944 4.31677 4.99661 5.78351 6.69433 7.7486 8.9689 10.3814 12.0163 13.9087 16.0991 18.6345 21.5692 24.9661 28.8979 33.4489 38.7167 44.814 51.8717 60.0407 69.4963 80.4411 93.1095 107.773 124.746 144.391 167.131 193.452 223.918 259.182 300 
dV: 1.08333 0.211322 0.327712 0.508206 0.788112 1.22218 1.89532 2.93921 4.55805 7.06849 10.9616 16.999 26.3615 40.8807 63.3966 98.3136 152.462 236.434 366.655 568.597 881.764 1367.42 2120.55 3288.49 5099.69 7908.45 12264.2 19019 29494.1 45738.6 70930.1 109996 170579 264529 410225 636165 986546 1.52991e+06 2.37254e+06 3.67926e+06 
kVec: 822411 955373 1.10259e+06 1.27275e+06 1.46929e+06 1.69573e+06 1.95651e+06 2.25674e+06 2.60201e+06 2.99756e+06 3.45134e+06 3.97156e+06 4.56401e+06 5.23922e+06 6.00813e+06 6.8811e+06 7.86187e+06 8.96846e+06 1.0216e+07 1.15906e+07 1.31141e+07 1.48e+07 1.66485e+07 1.86137e+07 2.07453e+07 2.30878e+07 2.54581e+07 2.80033e+07 3.08543e+07 3.41401e+07 3.7942e+07 4.31107e+07 5.1721e+07 6.62023e+07 9.02236e+07 1.27732e+08 1.81035e+08 2.47242e+08 3.2734e+08 4.16494e+08 
cMat: 
-200514 956.702 1124.18 1309.47 1526.51 1782.05 2083.11 2438.1 2858.34 3359.39 3956.09 4668.6 5530.74 6574.19 7840.1 9391.31 11319.7 13711.4 16695.1 20522.2 25420.1 31721.5 39987 51051.8 65811.8 85689.8 113478 152020 205876 282699 393677 553576 785858 1.12999e+06 1.63151e+06 2.35844e+06 3.39023e+06 4.84526e+06 6.93237e+06 9.95404e+06 
4863.05 -236953 1294.96 1508.41 1758.44 2052.83 2399.66 2808.62 3292.77 3870.04 4557.53 5378.48 6371.87 7574.25 9033.03 10820.7 13043.2 15799.9 19239.1 23651.2 29298.2 36564.3 46096.4 58858.8 75886.1 98821.3 130890 175377 237552 326260 454431 639134 907494 1.30512e+06 1.88469e+06 2.72484e+06 3.91739e+06 5.59909e+06 8.01135e+06 1.15038e+07 
3648.83 826.882 -273029 1735.9 2023.65 2362.47 2761.65 3232.35 3789.61 4454.07 5245.43 6190.46 7334.05 8718.3 10397.9 12456.2 15015.4 18190.1 22151.3 27233.5 33739.1 42111.2 53096.1 67806.2 87436 113882 150868 202189 273932 376316 524279 737550 1.04748e+06 1.50678e+06 2.17634e+06 3.14707e+06 4.52506e+06 6.4682e+06 9.25551e+06 1.3291e+07 
2709.76 614.079 1106.73 -315173 2327.02 2716.66 3175.73 3717.08 4357.98 5122.22 6032.45 7119.48 8434.99 10027.5 11959.8 14328.1 17273 20926.5 25485.6 31335.9 38825.8 48466.2 61117.4 78062.7 100680 131158 173795 232971 315718 433840 604588 850762 1.20859e+06 1.73897e+06 2.51228e+06 3.63361e+06 5.22549e+06 7.47017e+06 1.06901e+07 1.53518e+07 
2010.38 455.589 821.098 1480.95 -364328 3093.48 3648.79 4270.86 5007.35 5885.62 6931.71 8181.06 9693.11 11523.6 13745 16467.8 19853.9 24055.3 29298.7 36028.2 44645.3 55738.4 70299.2 89807.1 115851 150956 200080 268280 363674 499891 696854 980902 1.3939e+06 2.00615e+06 2.89904e+06 4.19396e+06 6.03243e+06 8.62475e+06 1.23433e+07 1.77271e+07 
1490.54 337.788 608.794 1098.05 1964.69 -421495 4186.16 4899.94 5745.07 6752.94 7953.48 9387.35 11122.9 13224.2 15774.3 18900.5 22788.8 27614 33636.8 41368.1 51270.1 64020 80759.9 103194 133153 173547 230095 308628 418517 575490 802543 1.1301e+06 1.6065e+06 2.31292e+06 3.34339e+06 4.83816e+06 6.96056e+06 9.95311e+06 1.42459e+07 2.0461e+07 
1103.94 250.178 450.902 813.281 1468.26 2652.31 -487961 5613.82 6582.28 7737.29 9113.2 10756.7 12746.1 15154.9 18078.7 21663.4 26122.8 31657.4 38567 47438.9 58804.2 73442.1 92666.3 118438 152867 199305 264341 354700 481190 661955 923528 1.30103e+06 1.85028e+06 2.66494e+06 3.85366e+06 5.57839e+06 8.02757e+06 1.14807e+07 1.64343e+07 2.36062e+07 
816.383 185.014 333.459 601.463 1085.88 1961.6 3547.06 -565205 7452.46 8853.01 10427.8 12309 14586.4 17344.3 20692.2 24797.5 29905.4 36246.1 44163.6 54332.2 67362.3 84149.2 106203 135780 175306 228643 303375 407257 552745 760763 1.06191e+06 1.49671e+06 2.12961e+06 3.06864e+06 4.43926e+06 6.42847e+06 9.25357e+06 1.32365e+07 1.89502e+07 2.72227e+07 
602.811 136.615 246.231 444.137 801.86 1448.57 2619.46 4693.8 -655134 10111.5 11910.8 14060.4 16663 19815.3 23642.3 28336 34177.2 41429.8 50488 62125.3 77041.9 96265.4 121530 155428 200750 261936 347715 467016 634193 873359 1.21978e+06 1.72021e+06 2.449e+06 3.53068e+06 5.11012e+06 7.40312e+06 1.06601e+07 1.52517e+07 2.18386e+07 3.13756e+07 
444.582 100.757 181.606 327.578 591.435 1068.47 1932.19 3498.97 6345.14 -759409 13568.8 16018.7 18985.6 22579.4 26943.4 32296.7 38960.5 47236.5 57575.8 70863.7 87902.6 109870 138754 177529 229399 299466 397762 534562 726390 1.00101e+06 1.39905e+06 1.97439e+06 2.81278e+06 4.05768e+06 5.87627e+06 8.51749e+06 1.22698e+07 1.75592e+07 2.51473e+07 3.61341e+07 
327.139 74.1419 133.638 241.06 435.241 786.322 1422.02 2575.23 4670.25 8478.43 -880776 18209.8 21584.6 25673.4 30639.3 36732.4 44319.3 53744.5 65523.1 80667.2 100094 125152 158117 202397 261669 341786 454268 610928 830774 1.14576e+06 1.60263e+06 2.26348e+06 3.22713e+06 4.65875e+06 6.75119e+06 9.79147e+06 1.41115e+07 2.02009e+07 2.89367e+07 4.15853e+07 
240.042 54.4038 98.063 176.894 319.399 577.06 1043.63 1890.08 3427.92 6223.53 11322.5 -1.02224e+06 24298.4 29123.2 34761.4 41681.2 50300.4 61011.4 74401.5 91625.9 113732 142260 179812 230290 297903 389363 517882 697032 948657 1.30949e+06 1.83331e+06 2.59161e+06 3.69821e+06 5.34314e+06 7.74878e+06 1.12459e+07 1.62161e+07 2.32213e+07 3.32712e+07 4.78228e+07 
175.814 39.8479 71.8283 129.574 233.968 422.732 764.565 1384.77 2511.64 4560.39 8297.53 15022.7 -1.18655e+06 32898.9 39275 47102.8 56857 68983.1 84148.7 103668 128735 161102 203740 261101 338000 442113 588571 792936 1.08029e+06 1.4928e+06 2.09226e+06 2.96091e+06 4.22975e+06 6.11715e+06 8.87938e+06 1.28973e+07 1.86094e+07 2.66591e+07 3.8208e+07 5.49303e+07 
128.361 29.0937 52.4449 94.6118 170.845 308.699 558.358 1011.36 1834.52 3331.28 6061.89 11059.3 20207 -1.37814e+06 44206.1 53029.2 64028.5 77708.8 94826.5 116873 145204 181812 230077 295071 382287 500495 666984 899583 1.22704e+06 1.69773e+06 2.38254e+06 3.37602e+06 4.82881e+06 6.99159e+06 1.01595e+07 1.47707e+07 2.13285e+07 3.05688e+07 4.38262e+07 6.30225e+07 
93.3126 21.1505 38.128 68.7869 124.218 224.463 406.026 735.501 1334.26 2423.14 4409.93 8046.64 14705 26947 -1.60182e+06 58813.3 71835.6 87215.1 106470 131287 163202 204476 258943 332371 431014 564867 753659 1.01778e+06 1.39014e+06 1.92616e+06 2.70709e+06 3.84151e+06 5.5025e+06 7.97753e+06 1.16063e+07 1.68925e+07 2.44132e+07 3.50085e+07 5.02107e+07 7.22232e+07 
67.5427 15.31 27.6007 49.7972 89.9312 162.518 294 532.62 966.326 1755.17 3194.74 5830.31 10656.9 19533.4 35539.4 -1.86448e+06 80187.6 97395.7 118953 146764 182559 228894 290107 372735 483882 634912 848284 1.14727e+06 1.56949e+06 2.17834e+06 3.06679e+06 4.3594e+06 6.25484e+06 9.08231e+06 1.32324e+07 1.92839e+07 2.78971e+07 4.00295e+07 5.74377e+07 8.26448e+07 
48.7029 11.0401 19.904 35.9131 64.862 117.225 212.084 384.262 697.253 1266.64 2305.94 4209.12 7695.45 14109.2 25968.2 47970.7 -2.17046e+06 107981 131956 162916 202808 254504 322890 415344 539902 709442 949446 1.28642e+06 1.76324e+06 2.45227e+06 3.45972e+06 4.92826e+06 7.08562e+06 1.03081e+07 1.50444e+07 2.19588e+07 3.18056e+07 4.56725e+07 6.55705e+07 9.43826e+07 
34.884 7.90799 14.2581 25.728 46.4706 83.9944 151.98 275.399 499.793 908.092 1653.53 3018.94 5520.98 10125.7 18643 34453.3 63851.6 -2.53061e+06 145498 179773 223990 281363 357375 460320 599261 788742 1.05759e+06 1.43593e+06 1.97252e+06 2.74983e+06 3.88895e+06 5.55309e+06 8.00297e+06 1.16681e+07 1.70635e+07 2.49506e+07 3.61898e+07 5.20138e+07 7.47209e+07 1.076e+08 
24.782 5.61828 10.1305 18.2814 33.0233 59.6953 108.027 195.781 355.361 645.798 1176.19 2147.98 3929.4 7209.22 13278.7 24551.3 45525.7 84891 -2.95722e+06 195967 245835 309149 393174 507200 661410 872172 1.17201e+06 1.59503e+06 2.19662e+06 3.0705e+06 4.35455e+06 6.23514e+06 9.01043e+06 1.31698e+07 1.93038e+07 2.82844e+07 4.10913e+07 5.91176e+07 8.49862e+07 1.22443e+08 
17.5034 3.96844 7.15621 12.9153 23.3327 42.1834 76.3486 138.393 251.246 456.7 832.012 1519.9 2781.47 5105.32 9408.11 17404.6 32295.5 60267.1 112599 -3.45707e+06 266635 335761 427692 552754 722310 954673 1.28632e+06 1.75573e+06 2.42552e+06 3.40189e+06 4.8413e+06 6.95617e+06 1.00868e+07 1.47893e+07 2.17401e+07 3.1936e+07 4.64898e+07 6.69679e+07 9.63562e+07 1.38907e+08 
12.2389 2.77507 5.00473 9.03338 16.3217 29.5125 53.4247 96.8591 175.884 319.798 582.786 1065 1949.8 3580.57 6601.97 12221.3 22695 42388.7 79737.1 150516 -4.05115e+06 360924 460579 596534 781395 1.03553e+06 1.39963e+06 1.91694e+06 2.65798e+06 3.74271e+06 5.34823e+06 7.71614e+06 1.12343e+07 1.65331e+07 2.43862e+07 3.59319e+07 5.24314e+07 7.56381e+07 1.08944e+08 1.57163e+08 
8.44761 1.9156 3.45509 6.2371 11.2709 20.3832 36.9056 66.9248 121.558 221.088 403.043 736.82 1349.62 2479.77 4575.14 8475.42 15752.6 29451.2 55462.4 104836 199632 -4.76077e+06 485336 637373 837171 1.11282e+06 1.5095e+06 2.07555e+06 2.8901e+06 4.0882e+06 5.8698e+06 8.50908e+06 1.24473e+07 1.83977e+07 2.7244e+07 4.02845e+07 5.89454e+07 8.51806e+07 1.22834e+08 1.77341e+08 
5.75403 1.30494 2.35395 4.24994 7.68116 13.894 25.1619 45.6402 82.9221 150.871 275.148 503.236 922.272 1695.65 3130.69 5804.43 10799.1 20213.1 38114.4 72158.3 137655 262250 -5.62061e+06 671373 884653 1.18014e+06 1.6076e+06 2.22075e+06 3.10789e+06 4.42038e+06 6.38314e+06 9.30653e+06 1.36916e+07 2.03429e+07 3.02688e+07 4.49477e+07 6.59883e+07 9.55543e+07 1.37989e+08 1.99407e+08 
3.86512 0.876661 1.58162 2.85601 5.1628 9.34076 16.9205 30.7004 55.7975 101.561 185.307 339.098 621.856 1144.16 2114.25 3923.74 7308.68 13698.3 25869.2 49066.5 93804.1 181203 353234 -6.64864e+06 916393 1.22775e+06 1.68106e+06 2.33548e+06 3.28877e+06 4.70949e+06 6.84946e+06 1.00588e+07 1.49052e+07 2.22933e+07 3.33716e+07 4.98216e+07 7.34519e+07 1.06638e+08 1.54267e+08 2.23182e+08 
2.54198 0.576633 1.0405 1.87922 3.39775 6.14887 11.1417 20.222 36.767 66.9528 122.224 223.791 410.69 756.255 1398.75 2598.7 4846.89 9097.89 17210.4 32711 62686.5 121424 237459 467518 -7.90798e+06 1.25611e+06 1.73002e+06 2.41933e+06 3.43138e+06 4.9528e+06 7.26427e+06 1.07595e+07 1.60803e+07 2.42418e+07 3.65502e+07 5.49161e+07 8.13685e+07 1.18495e+08 1.71779e+08 2.48841e+08 
1.6297 0.369742 0.667292 1.20542 2.17997 3.94615 7.15263 12.9866 23.6215 43.0363 78.6081 144.023 264.51 487.516 902.624 1678.96 3136 5896.17 11174.6 21288 40904.8 79474 155977 308417 618497 -9.4851e+06 1.74331e+06 2.46565e+06 3.52601e+06 5.13618e+06 7.60748e+06 1.1381e+07 1.7181e+07 2.61434e+07 3.97525e+07 6.01776e+07 8.96901e+07 1.31087e+08 1.90498e+08 2.76368e+08 
1.02107 0.231695 0.418236 0.755691 1.367 2.47529 4.48822 8.15229 14.8354 27.0442 49.4297 90.63 166.598 307.374 569.768 1061.28 1985.6 3740.39 7104.34 13570.4 26157.2 51003 100523 199790 403019 824779 -1.14078e+07 2.4277e+06 3.50779e+06 5.16959e+06 7.75507e+06 1.17551e+07 1.79838e+07 2.77095e+07 4.26152e+07 6.51638e+07 9.78891e+07 1.43767e+08 2.09601e+08 3.04657e+08 
0.61779 0.140211 0.253151 0.457517 0.82785 1.49953 2.72001 4.94273 8.99923 16.4152 30.0237 55.0925 101.37 187.237 347.517 648.269 1215.07 2293.66 4366.78 8365.66 16180.2 31673.4 62717.2 125362 254546 526857 1.09646e+06 -1.38369e+07 3.38949e+06 5.06415e+06 7.71352e+06 1.18795e+07 1.84738e+07 2.8911e+07 4.50973e+07 6.98309e+07 1.05935e+08 1.56533e+08 2.2913e+08 3.33793e+08 
0.358098 0.0812875 0.146798 0.265376 0.480323 0.870338 1.57936 2.87131 5.23061 9.54719 17.4749 32.0927 59.1107 109.311 203.159 379.581 712.832 1348.58 2573.97 4946.57 9602.49 18876.9 37567.3 75557.7 154525 322479 678093 1.45075e+06 -1.69553e+07 4.76587e+06 7.46912e+06 1.17215e+07 1.8589e+07 2.96481e+07 4.70548e+07 7.39927e+07 1.13606e+08 1.69131e+08 2.48788e+08 3.63399e+08 
0.197888 0.0449291 0.0811575 0.146753 0.265701 0.481626 0.874362 1.59038 2.89881 5.2947 9.69886 17.8278 32.872 60.8657 113.284 212.015 398.971 756.582 1447.96 2792 5441.45 10746 21503.1 43542.9 89758.7 189041 402169 872289 1.91796e+06 -2.10555e+07 6.92913e+06 1.11295e+07 1.80899e+07 2.95654e+07 4.79893e+07 7.69915e+07 1.20078e+08 1.80535e+08 2.67268e+08 3.91699e+08 
0.101953 0.0231523 0.0418314 0.0756628 0.137032 0.248488 0.451312 0.821305 1.49787 2.73778 5.01909 9.23408 17.0452 31.6015 58.9038 110.431 208.247 395.865 759.719 1470.02 2876.76 5708.24 11487.9 23429.5 48705.9 103591 223204 491554 1.11207e+06 2.56356e+06 -2.64685e+07 9.80747e+06 1.6451e+07 2.77849e+07 4.65096e+07 7.67316e+07 1.22336e+08 1.86531e+08 2.78666e+08 4.10268e+08 
0.0320581 0.0072815 0.0131593 0.0238085 0.0431329 0.0782443 0.142172 0.258855 0.472362 0.863976 1.58515 2.91897 5.39405 10.0133 18.6915 35.1023 66.3336 126.401 243.253 472.315 928.101 1850.39 3745.37 7694.05 16131.8 34654.7 75655.9 169284 390254 920746 2.1931e+06 -3.65772e+07 9.30885e+06 1.63684e+07 2.84815e+07 4.87056e+07 7.99226e+07 1.24161e+08 1.87753e+08 2.78082e+08 
0.0158482 0.00360038 0.00650824 0.0117783 0.0213447 0.0387341 0.070411 0.128261 0.234184 0.428626 0.78702 1.45053 2.68337 4.98753 9.32347 17.5388 33.2118 63.4371 122.414 238.502 470.559 942.607 1918.82 3970.27 8395.8 18218.1 40306.6 91675.2 215523 521168 1.28106e+06 3.24169e+06 -4.85303e+07 1.56562e+07 2.86164e+07 5.11829e+07 8.71245e+07 1.38656e+08 2.12999e+08 3.17922e+08 
0.00894978 0.00203357 0.0036768 0.00665572 0.0120649 0.0219016 0.0398286 0.0725843 0.132596 0.242843 0.446213 0.823067 1.52412 2.83612 5.30871 10.0019 18.9757 36.3241 70.2698 137.338 271.974 547.169 1119.69 2332.17 4970.9 10887.3 24390.8 56345.8 135001 334525 849746 2.23865e+06 6.14881e+06 -6.26817e+07 3.20764e+07 6.12818e+07 1.10569e+08 1.83224e+08 2.89214e+08 4.3771e+08 
0.00313344 0.000712099 0.00128777 0.00233166 0.00422774 0.00767707 0.013966 0.0254624 0.0465367 0.0852789 0.1568 0.289444 0.536468 0.999339 1.87286 3.5336 6.71563 12.8812 24.9762 48.9548 97.2771 196.482 403.993 846.559 1817.41 4014.36 9096.08 21312.8 51956.3 131668 344918 944569 2.72528e+06 7.77818e+06 -8.85658e+07 4.62266e+07 9.02658e+07 1.58818e+08 2.61601e+08 4.05428e+08 
0.000933787 0.000212243 0.000383894 0.000695226 0.00126087 0.00229024 0.00416774 0.00760132 0.0138986 0.0254826 0.0468819 0.0865995 0.160639 0.299526 0.561953 1.06161 2.02075 3.88294 7.54435 14.8254 29.5487 59.8938 123.674 260.549 562.93 1252.79 2867.4 6803.47 16842.8 43548.3 117311 332998 1.00488e+06 3.06349e+06 9.52981e+06 -1.27062e+08 6.46921e+07 1.24974e+08 2.1939e+08 3.53641e+08 
0.000230355 5.23641e-05 9.4727e-05 0.000171577 0.000311231 0.000565444 0.00102925 0.00187774 0.0034345 0.0062996 0.0115952 0.0214296 0.0397768 0.0742229 0.139371 0.263557 0.502285 0.966518 1.88091 3.70362 7.39936 15.0397 31.1588 65.9203 143.138 320.43 739.198 1771.19 4437.84 11655.7 32097 93772.9 293544 948557 3.19345e+06 1.11019e+07 -1.8081e+08 8.32148e+07 1.62486e+08 2.82172e+08 
4.57905e-05 1.04098e-05 1.88332e-05 3.41156e-05 6.1891e-05 0.000112459 0.000204737 0.000373585 0.000683456 0.00125392 0.00230867 0.00426819 0.00792562 0.014796 0.027798 0.0526 0.100321 0.193211 0.37638 0.742038 1.48468 3.02287 6.27559 13.3112 28.9928 65.1387 151 364.017 918.931 2437.39 6806.93 20261.9 64977.2 218626 781496 2.983e+06 1.15742e+07 -2.47182e+08 9.78613e+07 1.99304e+08 
7.1529e-06 1.6262e-06 2.94227e-06 5.33022e-06 9.67066e-06 1.75738e-05 3.19977e-05 5.83944e-05 0.000106846 0.000196065 0.000361063 0.000667681 0.00124018 0.00231603 0.0043529 0.00824035 0.0157249 0.0303039 0.0590745 0.116569 0.233473 0.475926 0.989445 2.10244 4.58884 10.335 24.0355 58.1757 147.582 393.961 1110.26 3345.24 10897.9 37677.5 140543 571735 2.46746e+06 1.06845e+07 -3.27328e+08 1.19788e+08 
8.47645e-07 1.92719e-07 3.48701e-07 6.31741e-07 1.14624e-06 2.08314e-06 3.79323e-06 6.92315e-06 1.26689e-05 2.32509e-05 4.28242e-05 7.92044e-05 0.000147149 0.000274865 0.000516741 0.000978538 0.00186804 0.00360151 0.00702425 0.0138689 0.0277971 0.056708 0.118005 0.251028 0.548615 1.23744 2.88326 6.99441 17.791 47.6511 134.904 408.91 1342.46 4706.11 17976.2 76059.6 353640 1.79586e+06 9.88612e+06 -4.16492e+08 
dt_FE: 8.12354e-10
dt_EA: 8.12354e-10
dt_PE: 8.12354e-10
tolC: 1e-06
dt_grow: 1.03
dt_max: 0.1
steps: 0
