t: 5.87926e-07
dt: 5.07844e-09
N: 0.407266 0.451581 0.497873 0.54554 0.593767 0.641482 0.687653 0.731205 0.771019 0.80606 0.835769 0.85976 0.877838 0.890388 0.897954 0.901131 0.90051 0.896652 0.889796 0.879866 0.866509 0.848954 0.825982 0.795849 0.756215 0.704156 0.636533 0.551087 0.448616 0.335718 0.225544 0.133346 0.0684828 0.0303219 0.0114915 0.00368457 0.00098134 0.000211708 3.58465e-05 4.58789e-06 
eC: 1 1.15749 1.33977 1.55077 1.795 2.07768 2.40489 2.78363 3.22201 3.72944 4.31677 4.99661 5.78351 6.69433 7.7486 8.9689 10.3814 12.0163 13.9087 16.0991 18.6345 21.5692 24.9661 28.8979 33.4489 38.7167 44.814 51.8717 60.0407 69.4963 80.4411 93.1095 107.773 124.746 144.391 167.131 193.452 223.918 259.182 300 
dV: 1.08333 0.211322 0.327712 0.508206 0.788112 1.22218 1.89532 2.93921 4.55805 7.06849 10.9616 16.999 26.3615 40.8807 63.3966 98.3136 152.462 236.434 366.655 568.597 881.764 1367.42 2120.55 3288.49 5099.69 7908.45 12264.2 19019 29494.1 45738.6 70930.1 109996 170579 264529 410225 636165 986546 1.52991e+06 2.37254e+06 3.67926e+06 
kVec: 1.02944e+06 1.1927e+06 1.37417e+06 1.58297e+06 1.82292e+06 2.09766e+06 2.4119e+06 2.77087e+06 3.17991e+06 3.64326e+06 4.16827e+06 4.76164e+06 5.42518e+06 6.1661e+06 6.99048e+06 7.90045e+06 8.88719e+06 9.95832e+06 1.11131e+07 1.23098e+07 1.35497e+07 1.48204e+07 1.60914e+07 1.72835e+07 1.844e+07 1.96036e+07 2.06441e+07 2.18105e+07 2.33998e+07 2.58657e+07 2.96982e+07 3.61568e+07 4.71163e+07 6.38682e+07 8.94955e+07 1.28172e+08 1.82275e+08 2.48898e+08 3.29189e+08 4.18364e+08 
cMat: 
-66413.9 569.103 668.728 778.952 908.06 1060.07 1239.16 1450.33 1700.31 1998.36 2353.32 2777.16 3290.01 3910.72 4663.76 5586.51 6733.62 8156.36 9931.21 12207.8 15121.4 18869.8 23786.7 30368.6 39148.8 50973.4 67503.7 90430.4 122467 168166 234183 329300 467475 672183 970519 1.40294e+06 2.01671e+06 2.88225e+06 4.12379e+06 5.92125e+06 
2678.04 -79573.9 713.123 830.67 968.358 1130.47 1321.47 1546.68 1813.3 2131.2 2509.79 2961.88 3508.93 4171.07 4974.41 5958.86 7182.76 8700.85 10594.8 13024.5 16134.2 20135.6 25384.9 32413 41789.8 54420 72080 96578.3 130818 179669 250251 351965 499749 718720 1.03788e+06 1.50055e+06 2.15727e+06 3.08337e+06 4.41178e+06 6.33503e+06 
1840.94 417.187 -91157.3 875.813 1020.99 1191.93 1393.33 1630.82 1911.97 2247.21 2646.48 3123.27 3700.24 4398.64 5246.02 6284.52 7575.74 9177.47 11176 13740.1 17022.4 21246.4 26788.5 34210.2 44114 57456.8 76117.6 102010 138207 189863 264514 372116 528486 760214 1.09803e+06 1.58779e+06 2.28303e+06 3.2634e+06 4.66968e+06 6.70568e+06 
1238.29 280.617 505.744 -104772 1063.38 1241.44 1451.22 1698.6 1991.48 2340.71 2756.66 3253.4 3854.55 4582.26 5465.27 6547.52 7893.28 9562.84 11646.2 14319.6 17742.3 22147.7 27928.9 35672.5 46007.9 59935.6 79419.5 106461 144274 198252 276279 388774 552294 794659 1.14804e+06 1.66046e+06 2.3879e+06 3.41366e+06 4.88505e+06 7.01534e+06 
821.89 186.256 335.685 605.45 -120753 1264.69 1491.71 1746.03 2047.13 2406.18 2833.85 3344.61 3962.78 4711.14 5619.28 6732.43 8116.77 9834.4 11978 14729.2 18252.1 22787.2 28740 36715.3 47362.7 61714.3 81797.5 109679 148679 204368 284891 401016 569859 820163 1.1852e+06 1.71459e+06 2.46621e+06 3.52601e+06 5.04625e+06 7.24729e+06 
538.318 121.994 219.87 396.569 709.56 -139478 1511.86 1769.65 2074.87 2438.87 2872.45 3390.31 4017.11 4775.99 5696.99 6826.03 8230.33 9972.97 12148.1 14940.4 18516.5 23121.3 29167 37269.1 48089 62677.7 83100.2 111463 151150 207842 289844 408142 580198 835326 1.20749e+06 1.74733e+06 2.51385e+06 3.59463e+06 5.14499e+06 7.38964e+06 
347.738 78.8056 142.033 256.182 462.499 835.472 -161445 1768.34 2073.4 2437.23 2870.64 3388.32 4014.98 4773.77 5694.75 6823.92 8228.61 9972.02 12148.5 14943.1 18523.2 23134.1 29189.7 37307.8 48152.7 62780.6 83266.6 111730 151574 208514 290909 409820 582833 839451 1.21389e+06 1.75718e+06 2.52867e+06 3.6164e+06 5.17675e+06 7.43589e+06 
221.586 50.2173 90.509 163.252 294.733 532.426 962.76 -187267 2022.78 2402.93 2830.36 3340.96 3959.11 4707.68 5616.37 6730.64 8117.05 9838.08 11987.1 14747.1 18283.8 22840.1 28826.1 36853.9 47582.4 62059.2 82343.5 110539 150029 206490 288229 406245 578029 832904 1.20492e+06 1.74484e+06 2.51165e+06 3.59272e+06 5.14354e+06 7.3889e+06 
139.587 31.6346 57.0174 102.845 185.679 335.432 606.563 1086.9 -217748 2341.43 2758.08 3255.83 3858.51 4588.44 5474.63 6561.5 7914.1 9593.52 11691 14385.8 17839.9 22291.3 28141.6 35991 46485.8 60654 80517.1 108142 146854 202235 282453 398333 567091 817566 1.1833e+06 1.71427e+06 2.46847e+06 3.5317e+06 5.05697e+06 7.26536e+06 
87.3399 19.7941 35.6772 64.354 116.19 209.905 379.586 687.388 1246.53 -253753 2665.64 3146.94 3729.79 4435.82 5293.14 6344.81 7653.95 9279.81 11311 13921.5 17268.8 21584.4 27258.8 34876.3 45066.4 58831.3 78142 105017 142702 196653 274848 387877 552581 797147 1.15442e+06 1.6733e+06 2.41045e+06 3.44958e+06 4.94029e+06 7.09868e+06 
54.5272 12.3579 22.2746 40.1796 72.5455 131.063 237.021 429.238 778.433 1413.18 -296580 3035.19 3597.7 4279.22 5106.93 6122.52 7387.11 8958.09 10921.3 13445.5 16683.6 20860.2 26354.8 33735.4 43614.7 56968.5 75716.9 101829 138473 190973 267124 377275 537894 776515 1.12528e+06 1.63203e+06 2.3521e+06 3.36706e+06 4.82314e+06 6.9314e+06 
34.2397 7.76018 13.9877 25.2323 45.5592 82.3121 148.864 269.602 488.959 887.727 1615.04 -347826 3465.94 4154.14 4958.38 5945.42 7174.87 8702.69 10612.7 13069.6 16222.8 20292 25648.5 32848.6 42493 55538.8 73871 99424.9 135317 186787 261504 369669 527515 762148 1.10529e+06 1.60411e+06 2.31308e+06 3.31229e+06 4.74582e+06 6.82147e+06 
21.8993 4.96344 8.9469 16.1397 29.143 52.6554 95.2339 172.486 312.849 568.04 1033.54 1871.22 -409175 4097.87 4892.08 5867.11 7082.08 8592.51 10481.5 12912.9 16035.1 20066.8 25377.8 32522.6 42101.1 55069.5 73312.2 98767.8 134560 185943 260611 368810 526856 761950 1.10601e+06 1.60648e+06 2.31798e+06 3.32065e+06 4.75918e+06 6.84209e+06 
14.386 3.26067 5.87776 10.6036 19.1474 34.5974 62.5778 113.348 205.604 373.353 679.385 1239.47 2264.69 -483250 4954.39 5943.24 7175.99 8709.19 10627.7 13098.5 16273.7 20376.5 25785.8 33070 42844.8 56092.9 74752.1 100821 137520 190273 267022 378367 541188 783582 1.13862e+06 1.65543e+06 2.39039e+06 3.42599e+06 4.91181e+06 7.06323e+06 
9.76669 2.21375 3.99071 7.19967 13.0015 23.4938 42.4973 76.9822 139.653 253.622 461.571 842.213 1539.12 2820.45 -573371 6155.78 7518.76 9128.48 11143.8 13741.3 17081.8 21401.8 27102.6 34788 45112.6 59122.5 78882.7 106527 145501 201604 283341 402077 575927 834979 1.21478e+06 1.76808e+06 2.55524e+06 3.66421e+06 5.25537e+06 7.55933e+06 
6.87349 1.55803 2.80878 5.06761 9.15185 16.5387 29.9189 54.2021 98.3382 178.615 325.113 593.322 1084.5 1987.81 3616.67 -683692 8160.3 9911.48 12105.3 14935.4 18578.1 23293.4 29522.8 37931.4 49242.3 64611.9 86325.6 116752 159719 221679 312092 443635 636525 924262 1.3466e+06 1.96243e+06 2.83895e+06 4.0736e+06 5.84515e+06 8.41035e+06 
5.00679 1.13495 2.04618 3.69196 6.66798 12.051 21.8028 39.5032 71.6795 130.214 237.057 432.709 791.113 1450.47 2669.6 4931.51 -818833 11100.8 13565.4 16748.2 20849.2 26163.6 33193.9 42698.4 55503.4 72932.5 97605.5 132247 181265 252100 355668 506638 728420 1.0597e+06 1.54661e+06 2.25743e+06 3.2697e+06 4.69526e+06 6.74082e+06 9.70278e+06 
3.74128 0.848126 1.52917 2.75931 4.98394 9.00833 16.2998 29.5364 53.6024 97.3922 177.34 323.779 592.121 1085.97 1999.45 3695.09 6848.04 -986835 15604.5 19280.6 24022.8 30176 38328.2 49369 64270.3 84591.9 113426 154002 211552 294917 417087 595565 858313 1.25139e+06 1.83005e+06 2.67593e+06 3.88132e+06 5.57844e+06 8.01376e+06 1.15401e+07 
2.84759 0.64557 1.16405 2.10063 3.79456 6.85932 12.4129 22.4963 40.8329 74.2057 135.151 246.814 451.509 828.378 1525.8 2821.07 5231.16 9754.44 -1.198e+06 22517.7 28247.8 35522.9 45177.8 58280.1 75999.6 100217 134670 183278 252404 352818 500361 716451 1.03535e+06 1.51328e+06 2.21812e+06 3.25003e+06 4.72162e+06 6.79294e+06 9.76537e+06 1.40694e+07 
2.20354 0.499595 0.90091 1.62594 2.9374 5.31055 9.61168 17.4226 31.6299 57.4949 104.744 191.344 350.165 642.719 1184.41 2191.1 4065.75 7587.15 14175.3 -1.46205e+06 33567.2 42269.7 53843.1 69587.4 90933.2 120186 161938 221033 305354 428271 609481 875727 1.26985e+06 1.86186e+06 2.73691e+06 4.02049e+06 5.85269e+06 8.43072e+06 1.21305e+07 1.74873e+07 
1.7213 0.39029 0.703873 1.27047 2.2955 4.15069 7.51372 13.6224 24.7365 44.9768 81.9639 149.783 274.223 503.577 928.511 1718.82 3191.85 5961.61 11214.3 21168.8 -1.79817e+06 50760.9 64776.4 83897.5 109897 145638 196846 269601 373822 526380 752183 1.08521e+06 1.58e+06 2.32523e+06 3.42971e+06 5.05352e+06 7.37403e+06 1.06379e+07 1.5322e+07 2.21036e+07 
1.35191 0.306563 0.552934 0.998153 1.80373 3.26202 5.90618 10.7103 19.4535 35.3818 64.5009 117.917 215.986 396.85 732.181 1356.36 2520.97 4713.21 8875.9 16777.5 31948 -2.23181e+06 77670.6 102002 133976 178090 241573 332160 462517 654255 939372 1.36175e+06 1.992e+06 2.94426e+06 4.35999e+06 6.44692e+06 9.43331e+06 1.36319e+07 1.96577e+07 2.83807e+07 
1.06696 0.241971 0.436487 0.788056 1.4243 2.57632 4.66571 8.46295 15.376 27.9757 51.02 93.3138 171.015 314.42 580.515 1076.3 2002.45 3748.07 7067.46 13380.1 25525 48628.4 -2.7958e+06 124491 164039 218831 298093 411788 576288 819661 1.18361e+06 1.72569e+06 2.53879e+06 3.77213e+06 5.61267e+06 8.33453e+06 1.2236e+07 1.77184e+07 2.5587e+07 3.69755e+07 
0.845363 0.19174 0.345926 0.624656 1.12919 2.04297 3.70077 6.71467 12.2038 22.2131 40.5295 74.1662 136.01 250.247 462.42 858.184 1598.52 2996.04 5658 10731.6 20516.5 39632 77257.9 -3.5255e+06 200430 268529 367675 510807 719306 1.03004e+06 1.49809e+06 2.20002e+06 3.26e+06 4.8759e+06 7.29891e+06 1.08968e+07 1.60651e+07 2.33234e+07 3.37408e+07 4.88135e+07 
0.667259 0.151364 0.273126 0.493286 0.891894 1.61405 2.92464 5.30818 9.65116 17.5748 32.0832 58.7441 107.804 198.514 367.167 682.146 1272.29 2388.16 4517.65 8586.5 16454.9 31873.2 62331.9 122721 -4.49347e+06 329723 454123 635063 900723 1.30009e+06 1.90684e+06 2.82432e+06 4.22102e+06 6.36336e+06 9.59426e+06 1.44152e+07 2.13589e+07 3.11044e+07 4.50913e+07 6.53196e+07 
0.521435 0.118301 0.213505 0.385683 0.697498 1.2626 2.28853 4.15514 7.55786 13.7698 25.1512 46.0812 84.6319 155.984 288.801 537.195 1003.38 1886.52 3575.4 6811.25 13087.8 25428.3 49906 98680.3 197892 -5.79846e+06 557784 788902 1.12817e+06 1.64336e+06 2.43407e+06 3.64144e+06 5.49716e+06 8.36476e+06 1.27191e+07 1.92542e+07 2.8697e+07 4.19423e+07 6.09512e+07 8.84258e+07 
0.402407 0.0913119 0.164828 0.29782 0.538739 0.97552 1.76882 3.21285 5.84667 10.6582 19.4804 35.7176 65.657 121.137 224.548 418.255 782.531 1474.1 2799.85 5348.14 10308.6 20100.5 39616.6 78737.8 158831 325048 -7.5029e+06 956764 1.38243e+06 2.03735e+06 3.0563e+06 4.63271e+06 7.0875e+06 1.09204e+07 1.67948e+07 2.56813e+07 3.85784e+07 5.66592e+07 8.26047e+07 1.20066e+08 
0.3009 0.0682909 0.123299 0.222838 0.403212 0.730358 1.3248 2.4074 4.38316 7.99519 14.6233 26.8333 49.3731 91.1955 169.261 315.745 591.811 1117.15 2126.88 4074.57 7880.72 15426.8 30547 61058.6 123979 256611 534042 -9.79092e+06 1.65088e+06 2.46654e+06 3.75694e+06 5.786e+06 8.99785e+06 1.40814e+07 2.1965e+07 3.40118e+07 5.15964e+07 7.62406e+07 1.116e+08 1.62577e+08 
0.213885 0.0485514 0.0876797 0.158504 0.286887 0.519836 0.943322 1.71498 3.12414 5.70235 10.4374 19.1683 35.3056 65.2894 121.343 226.716 425.761 805.478 1537.38 2954.49 5735.38 11274.8 22438.2 45129.1 92294.6 192610 405011 866502 -1.29025e+07 2.84656e+06 4.46116e+06 7.00104e+06 1.11028e+07 1.77082e+07 2.81049e+07 4.41944e+07 6.78546e+07 1.01018e+08 1.48596e+08 2.17051e+08 
0.141716 0.0321756 0.0581204 0.105096 0.19028 0.344913 0.626168 1.13894 2.07596 3.79176 6.94577 12.7672 23.5411 43.5885 81.1276 151.833 285.72 541.82 1036.94 1999.47 3896.86 7695.68 15399.3 31182.9 64280.1 135380 288010 624684 1.37353e+06 -1.71825e+07 4.96225e+06 7.97029e+06 1.2955e+07 2.11731e+07 3.43672e+07 5.51369e+07 8.59929e+07 1.29289e+08 1.91402e+08 2.80512e+08 
0.085492 0.0194143 0.0350775 0.0634467 0.114908 0.208368 0.378445 0.688701 1.25603 2.29575 4.20873 7.74319 14.2932 26.4993 49.3934 92.6011 174.625 331.951 637.058 1232.67 2412.29 4786.62 9633.09 19646.7 40842.1 86865.4 187167 412190 932518 2.14966e+06 -2.30003e+07 8.224e+06 1.37949e+07 2.32989e+07 3.90004e+07 6.43428e+07 1.02584e+08 1.56415e+08 2.33674e+08 3.44028e+08 
0.0458305 0.0104097 0.0188127 0.0340369 0.0616631 0.111859 0.20325 0.370061 0.675293 1.23515 2.26615 4.17298 7.71138 14.315 26.7215 50.1825 94.831 180.704 347.756 675.226 1326.82 2645.33 5354.41 10999.5 23062.2 49542.6 108158 242010 557910 1.31631e+06 3.13527e+06 -3.13357e+07 1.3308e+07 2.34004e+07 4.07174e+07 6.96299e+07 1.14258e+08 1.77501e+08 2.68413e+08 3.97549e+08 
0.0215461 0.00489483 0.00884817 0.0160129 0.0290187 0.0526602 0.0957261 0.174375 0.31838 0.582731 1.06998 1.97204 3.64812 6.78071 12.6756 23.8446 45.1525 86.2447 166.426 324.251 639.741 1281.5 2608.7 5397.72 11414.4 24768.1 54798.1 124635 293011 708544 1.74165e+06 4.40718e+06 -4.38898e+07 2.12852e+07 3.89049e+07 6.95848e+07 1.18449e+08 1.88507e+08 2.89579e+08 4.32226e+08 
0.00884553 0.00200988 0.00363397 0.00657819 0.0119244 0.0216465 0.0393647 0.0717388 0.131051 0.240014 0.441016 0.81348 1.50636 2.80309 5.24688 9.8854 18.7546 35.901 69.4513 135.738 268.806 540.796 1106.65 2305.01 4912.99 10760.5 24106.7 55689.5 133429 330628 839848 2.21257e+06 6.07718e+06 -6.19317e+07 3.17028e+07 6.0568e+07 1.09281e+08 1.8109e+08 2.85846e+08 4.32611e+08 
0.00312114 0.000709304 0.00128272 0.0023225 0.00421114 0.00764694 0.0139112 0.0253625 0.046354 0.0849441 0.156185 0.288307 0.534362 0.995417 1.86551 3.51973 6.68927 12.8306 24.8781 48.7626 96.8952 195.711 402.407 843.236 1810.27 3998.6 9060.38 21229.2 51752.3 131151 343564 940861 2.71458e+06 7.74765e+06 -8.8467e+07 4.60452e+07 8.99115e+07 1.58195e+08 2.60574e+08 4.03836e+08 
0.000932839 0.000212027 0.000383504 0.000694521 0.00125959 0.00228792 0.00416351 0.0075936 0.0138845 0.0254567 0.0468344 0.0865116 0.160476 0.299222 0.561382 1.06054 2.0187 3.879 7.53669 14.8103 29.5187 59.833 123.548 260.285 562.359 1251.52 2864.49 6796.56 16825.7 43504.1 117192 332660 1.00386e+06 3.06038e+06 9.52014e+06 -1.277e+08 6.46264e+07 1.24847e+08 2.19168e+08 3.53282e+08 
0.000230301 5.23519e-05 9.47049e-05 0.000171537 0.000311159 0.000565312 0.00102901 0.0018773 0.0034337 0.00629813 0.0115925 0.0214246 0.0397675 0.0742056 0.139339 0.263496 0.502168 0.966292 1.88048 3.70276 7.39764 15.0362 31.1516 65.9049 143.105 320.355 739.025 1770.78 4436.81 11652.9 32089.5 93751 293475 948336 3.1927e+06 1.10993e+07 -1.82096e+08 8.31954e+07 1.62449e+08 2.82106e+08 
4.57882e-05 1.04093e-05 1.88322e-05 3.41139e-05 6.1888e-05 0.000112453 0.000204726 0.000373567 0.000683423 0.00125386 0.00230856 0.00426798 0.00792523 0.0147953 0.0277966 0.0525974 0.100316 0.193202 0.376361 0.742001 1.48461 3.02272 6.27529 13.3105 28.9913 65.1355 150.992 364 918.886 2437.27 6806.59 20261 64974 218615 781457 2.98285e+06 1.15736e+07 -2.48845e+08 9.78565e+07 1.99294e+08 
7.15284e-06 1.62619e-06 2.94225e-06 5.33017e-06 9.67058e-06 1.75737e-05 3.19975e-05 5.83939e-05 0.000106845 0.000196064 0.00036106 0.000667675 0.00124017 0.00231601 0.00435286 0.00824028 0.0157248 0.0303036 0.059074 0.116568 0.233471 0.475922 0.989437 2.10242 4.5888 10.335 24.0353 58.1752 147.581 393.958 1110.25 3345.21 10897.8 37677.1 140542 571730 2.46744e+06 1.06844e+07 -3.29177e+08 1.19787e+08 
8.47644e-07 1.92719e-07 3.487e-07 6.3174e-07 1.14624e-06 2.08314e-06 3.79322e-06 6.92314e-06 1.26689e-05 2.32509e-05 4.28241e-05 7.92043e-05 0.000147148 0.000274865 0.00051674 0.000978537 0.00186804 0.00360151 0.00702424 0.0138689 0.027797 0.056708 0.118005 0.251028 0.548614 1.23744 2.88325 6.9944 17.791 47.651 134.904 408.91 1342.45 4706.1 17976.1 76059.5 353639 1.79586e+06 9.88611e+06 -4.18363e+08 
dt_FE: 5.07844e-09
dt_EA: 5.07844e-09
dt_PE: 5.07844e-09
tolC: 1e-06
dt_grow: 1.03
dt_max: 0.1
steps: 0
