t: 4.64092e-08
dt: 2.39429e-09
N: 0.0314724 0.0362387 0.041689 0.0479166 0.0550198 0.0630886 0.0722363 0.0825834 0.0942367 0.107274 0.121829 0.137999 0.155742 0.175117 0.196134 0.218625 0.24222 0.266808 0.292032 0.31672 0.340444 0.362478 0.381347 0.395032 0.402904 0.403499 0.392538 0.369776 0.334283 0.284665 0.22428 0.198359 0.109949 0.041738 0.0162217 0.00525557 0.00140474 0.000303493 5.14265e-05 6.58515e-06 
eC: 1 1.15749 1.33977 1.55077 1.795 2.07768 2.40489 2.78363 3.22201 3.72944 4.31677 4.99661 5.78351 6.69433 7.7486 8.9689 10.3814 12.0163 13.9087 16.0991 18.6345 21.5692 24.9661 28.8979 33.4489 38.7167 44.814 51.8717 60.0407 69.4963 80.4411 93.1095 107.773 124.746 144.391 167.131 193.452 223.918 259.182 300 
dV: 1.08333 0.211322 0.327712 0.508206 0.788112 1.22218 1.89532 2.93921 4.55805 7.06849 10.9616 16.999 26.3615 40.8807 63.3966 98.3136 152.462 236.434 366.655 568.597 881.764 1367.42 2120.55 3288.49 5099.69 7908.45 12264.2 19019 29494.1 45738.6 70930.1 109996 170579 264529 410225 636165 986546 1.52991e+06 2.37254e+06 3.67926e+06 
kVec: 925176 1.07336e+06 1.23783e+06 1.42754e+06 1.64615e+06 1.89729e+06 2.18561e+06 2.51637e+06 2.89514e+06 3.32679e+06 3.81914e+06 4.37987e+06 5.01296e+06 5.72752e+06 6.53232e+06 7.43372e+06 8.42918e+06 9.53139e+06 1.0747e+07 1.20468e+07 1.34402e+07 1.49251e+07 1.64808e+07 1.80383e+07 1.96363e+07 2.13089e+07 2.28923e+07 2.45836e+07 2.66056e+07 2.93021e+07 3.30567e+07 3.90843e+07 4.93527e+07 6.53341e+07 9.02672e+07 1.28362e+08 1.82023e+08 2.48381e+08 3.28531e+08 4.17661e+08 
cMat: 
-152692 929.915 1092.7 1272.81 1483.77 1732.16 2024.79 2369.84 2778.31 3265.33 3845.32 4537.88 5375.88 6390.12 7620.58 9128.36 11002.7 13327.5 16227.6 19947.6 24708.3 30833.3 38867.4 49622.3 63969.1 83290.5 110301 147763 200111 274784 382654 538076 763855 1.09835e+06 1.58583e+06 2.2924e+06 3.29531e+06 4.70959e+06 6.73827e+06 9.67533e+06 
4706.23 -181248 1253.2 1459.77 1701.74 1986.63 2322.28 2718.06 3186.59 3745.24 4410.57 5205.05 6166.41 7330.01 8741.76 10471.8 12622.6 15290.4 18618.8 22888.5 28353.4 35385.3 44610 56960.8 73439.1 95634.8 126669 169721 229892 315740 439777 618524 878232 1.26304e+06 1.82392e+06 2.63698e+06 3.79108e+06 5.41854e+06 7.75302e+06 1.11328e+07 
3513.45 796.202 -208309 1671.49 1948.57 2274.81 2659.18 3112.42 3649 4288.81 5050.81 5960.77 7061.93 8394.82 10012.1 11994 14458.3 17515.2 21329.4 26223 32487.3 40548.8 51126 65290.4 84191.9 109657 145271 194687 263768 362354 504826 710185 1.00862e+06 1.45087e+06 2.09559e+06 3.0303e+06 4.35717e+06 6.22821e+06 8.91211e+06 1.27978e+07 
2594.18 587.885 1059.52 -239912 2227.76 2600.78 3040.27 3558.53 4172.09 4903.73 5775.14 6815.8 8075.2 9599.73 11449.6 13716.9 16536.2 20033.9 24398.5 29999.2 37169.7 46398.8 58510.4 74732.9 96385.5 125564 166382 223034 302251 415334 578799 814472 1.15704e+06 1.66479e+06 2.40512e+06 3.47862e+06 5.00259e+06 7.15153e+06 1.02341e+07 1.4697e+07 
1911.88 433.269 780.871 1408.4 -276728 2941.93 3470.03 4061.62 4762.04 5597.27 6592.12 7780.26 9218.23 10959.1 13071.6 15661 18881.3 22876.8 27863.4 34263.2 42458.1 53007.7 66855.2 85407.3 110175 143560 190278 255137 345857 475401 662714 932846 1.32561e+06 1.90787e+06 2.75701e+06 3.98849e+06 5.7369e+06 8.20221e+06 1.17386e+07 1.68587e+07 
1406.78 318.806 574.584 1036.35 1854.29 -319472 3950.92 4624.6 5422.24 6373.47 7506.55 8859.85 10497.9 12481.1 14887.9 17838.4 21508.2 26062.3 31746.6 39043.5 48389.1 60422.6 76221.8 97394.9 125670 163795 217165 291286 395000 543152 757446 1.06659e+06 1.51622e+06 2.18295e+06 3.15551e+06 4.56629e+06 6.56943e+06 9.39382e+06 1.34454e+07 1.93113e+07 
1032.89 234.076 421.881 760.937 1373.76 2481.6 -369041 5252.5 6158.63 7239.31 8526.66 10064.3 11925.7 14179.5 16915.1 20269.1 24441.5 29619.9 36084.8 44385.6 55019.4 68715.2 86702.1 110815 143028 186477 247327 331871 450219 619350 864088 1.21729e+06 1.73119e+06 2.49342e+06 3.60563e+06 5.21935e+06 7.5109e+06 1.07418e+07 1.53765e+07 2.20869e+07 
756.29 171.395 308.914 557.19 1005.95 1817.21 3285.97 -426457 6903.89 8201.35 9660.23 11402.9 13512.7 16067.6 19169.1 22972.2 27704.1 33578.1 40912.7 50332.9 62403.9 77955 98385.5 125785 162402 211812 281044 377279 512058 704764 983744 1.38654e+06 1.97285e+06 2.84276e+06 4.11249e+06 5.95528e+06 8.57243e+06 1.22622e+07 1.75553e+07 2.52188e+07 
552.156 125.135 225.54 406.816 734.478 1326.85 2399.34 4299.37 -493089 9261.83 10909.9 12878.9 15262.8 18150.2 21655.6 25954.9 31305.3 37948.4 46245.4 56904.8 70567.9 88176.1 111318 142367 183881 239925 318496 427772 580901 799969 1.11728e+06 1.57566e+06 2.2432e+06 3.23399e+06 4.68071e+06 6.78103e+06 9.76435e+06 1.39701e+07 2.00035e+07 2.87391e+07 
402.035 91.1145 164.226 296.228 534.834 966.216 1747.27 3164.12 5737.9 -570069 12270.2 14485.7 17168.6 20418.6 24364.9 29205.8 35231.9 42715.9 52065.7 64082 79490.2 99355.1 125475 160539 207446 270807 359696 483404 656874 905214 1.26516e+06 1.78544e+06 2.54359e+06 3.66935e+06 5.31391e+06 7.70236e+06 1.10955e+07 1.58788e+07 2.27407e+07 3.2676e+07 
291.565 66.0797 119.106 214.846 387.912 700.816 1267.39 2295.2 4162.4 7556.47 -659307 16229.7 19237.5 22881.7 27307.6 32738.1 39500 47900.3 58398 71895.4 89210 111543 140923 180389 233215 304619 404870 544495 740435 1.02116e+06 1.42835e+06 2.01735e+06 2.87621e+06 4.15215e+06 6.01706e+06 8.72674e+06 1.2577e+07 1.80042e+07 2.57901e+07 3.70633e+07 
210.459 47.6989 85.9774 155.093 280.035 505.942 915.009 1657.14 3005.45 5456.52 9927.04 -762891 21303.8 25533.9 30477.3 36544.3 44101.2 53492.2 65232.1 80333.7 99715.5 124727 157652 201908 261188 341376 454057 611127 831742 1.14811e+06 1.60737e+06 2.27221e+06 3.24243e+06 4.68464e+06 6.7938e+06 9.85988e+06 1.42176e+07 2.03594e+07 2.91708e+07 4.1929e+07 
151.346 34.3023 61.8319 111.541 201.406 363.9 658.16 1192.05 2162.09 3925.72 7142.75 12932 -882794 28320.3 33809 40547.5 48944.1 59382.6 72437.7 89240.6 110819 138681 175385 224763 290960 380584 506659 682582 929941 1.28505e+06 1.80107e+06 2.54884e+06 3.64109e+06 5.26582e+06 7.64363e+06 1.11023e+07 1.60195e+07 2.29489e+07 3.28906e+07 4.72855e+07 
108.262 24.5381 44.2329 79.7972 144.094 260.362 470.928 852.999 1547.27 2809.66 5112.7 9327.61 17042.9 -1.02217e+06 37284.2 44725.7 54002.8 65540.9 79978.3 98572.8 122467 153343 194051 248868 322428 422126 562546 758723 1.0349e+06 1.43189e+06 2.00947e+06 2.8474e+06 4.0727e+06 5.89683e+06 8.56869e+06 1.24579e+07 1.79888e+07 2.57822e+07 3.69638e+07 5.31542e+07 
76.9373 17.4388 31.437 56.7156 102.419 185.073 334.773 606.429 1100.12 1997.91 3636.04 6634.55 12124.4 22218.1 -1.18441e+06 48492.3 59229.3 71909.8 87785.5 108248 134562 168593 213502 274044 355376 465739 621401 839171 1.14619e+06 1.58814e+06 2.23203e+06 3.16737e+06 4.53688e+06 6.57757e+06 9.56949e+06 1.39281e+07 2.01289e+07 2.88649e+07 4.13993e+07 5.95488e+07 
54.3221 12.3133 22.1982 40.05 72.3283 130.707 236.453 428.366 777.18 1411.61 2569.41 4689.1 8570.91 15710 28583 -1.37478e+06 64491.9 78331.7 95669.9 118037 146825 184091 233322 299777 389168 510636 682243 922709 1.26228e+06 1.75195e+06 2.4665e+06 3.50611e+06 5.03054e+06 7.30456e+06 1.06423e+07 1.55093e+07 2.24366e+07 3.21942e+07 4.6195e+07 6.64681e+07 
38.135 8.64453 15.5851 28.1205 50.7878 91.7886 166.065 300.882 545.959 991.796 1805.58 3295.8 6025.64 11047.7 20333.4 37561.7 -1.59672e+06 84550.8 103323 127565 158801 199280 252827 325220 422751 555502 743428 1.00728e+06 1.38064e+06 1.92016e+06 2.70901e+06 3.85889e+06 5.54813e+06 8.07138e+06 1.178e+07 1.71941e+07 2.49042e+07 3.57622e+07 5.13425e+07 7.39028e+07 
26.5421 6.01695 10.8486 19.5756 35.3581 63.9087 115.637 209.543 380.277 690.94 1258.12 2297.02 4200.75 7704.31 14184.9 26214.5 48582.7 -1.85868e+06 110705 136784 170427 214081 271916 350243 455959 600129 804691 1.09255e+06 1.50083e+06 2.09226e+06 2.95899e+06 4.22518e+06 6.08922e+06 8.87789e+06 1.29831e+07 1.89842e+07 2.75357e+07 3.95757e+07 5.68528e+07 8.18699e+07 
18.2934 4.14726 7.47804 13.4948 24.3769 44.0655 79.7428 144.52 262.318 476.711 868.232 1585.58 2900.58 5321.65 9802 18123.1 33605.9 62664.3 -2.17081e+06 144658 181469 228205 290231 374402 488235 643814 865146 1.17741e+06 1.62149e+06 2.26656e+06 3.21441e+06 4.60261e+06 6.65126e+06 9.72158e+06 1.42496e+07 2.08788e+07 3.03325e+07 4.3639e+07 6.27345e+07 9.03841e+07 
12.533 2.84153 5.12408 9.24778 16.707 30.2047 54.6681 99.0938 179.901 327.012 595.748 1088.3 1991.62 3655.57 6736.51 12462.3 23124.6 43153.2 80624.2 -2.5403e+06 190919 240416 306241 395790 517198 683577 921047 1.25716e+06 1.73675e+06 2.43586e+06 3.46653e+06 4.98084e+06 7.22249e+06 1.05896e+07 1.55666e+07 2.28672e+07 3.32882e+07 4.79512e+07 6.89941e+07 9.94622e+07 
8.50459 1.92835 3.4777 6.27714 11.3416 20.5078 37.1239 67.3057 122.218 222.222 404.968 740.047 1354.88 2488.08 4587.59 8492.34 15770.3 29455.2 55407.9 104591 -2.98583e+06 250800 320048 414521 542977 719568 972580 1.33205e+06 1.84698e+06 2.60074e+06 3.71639e+06 5.36181e+06 7.80649e+06 1.14885e+07 1.69456e+07 2.49685e+07 3.64337e+07 5.25596e+07 7.5703e+07 1.0921e+08 
5.70602 1.29391 2.33377 4.21291 7.61302 13.768 24.9283 45.205 82.1074 149.336 272.24 497.692 911.612 1674.99 3090.32 5724.8 10640.3 19893.1 37462.6 70812.7 134843 -3.52871e+06 327825 430520 565475 751666 1.01961e+06 1.40195e+06 1.95215e+06 2.76142e+06 3.96481e+06 5.74754e+06 8.40764e+06 1.24269e+07 1.84023e+07 2.72106e+07 3.98153e+07 5.75361e+07 8.29693e+07 1.19787e+08 
3.79314 0.860232 1.55176 2.80162 5.06353 9.1591 16.5871 30.0867 54.6634 99.4565 181.381 331.741 607.975 1117.8 2063.79 3826.36 7118.91 13324.8 25125.6 47567.8 90744.1 172879 -4.20225e+06 442579 583176 777968 1.05975e+06 1.46395e+06 2.04877e+06 2.91398e+06 4.20786e+06 6.135e+06 9.02568e+06 1.34103e+07 1.99536e+07 2.96302e+07 4.35004e+07 6.29908e+07 9.09643e+07 1.31452e+08 
2.50509 0.568189 1.02509 1.85106 3.34616 6.05401 10.9666 19.8978 36.1639 65.8248 120.102 219.779 403.043 741.564 1370.3 2543.08 4736.96 8878.27 16766.5 31801.4 60797.1 117443 228941 -5.03273e+06 593940 795742 1.08954e+06 1.51369e+06 2.13154e+06 3.05236e+06 4.43933e+06 6.51939e+06 9.66045e+06 1.44489e+07 2.16291e+07 3.22908e+07 4.76062e+07 6.91149e+07 9.99851e+07 1.44651e+08 
1.6343 0.370731 0.668959 1.20819 2.18449 3.95325 7.16324 13.0012 23.6383 43.0455 78.5804 143.88 264.042 486.214 899.291 1670.76 3116.18 5849.24 11064.9 21030.7 40302.6 78066.1 152668 300578 -6.0868e+06 807580 1.11227e+06 1.55544e+06 2.20612e+06 3.18427e+06 4.67036e+06 6.91752e+06 1.03384e+07 1.55856e+07 2.3499e+07 3.53068e+07 5.23136e+07 7.61832e+07 1.10441e+08 1.59985e+08 
1.05135 0.238528 0.430483 0.777642 1.40634 2.54574 4.6143 8.37789 15.2387 27.7636 50.7116 92.9122 170.641 314.506 582.3 1083.13 2023.09 3803.74 7208.97 13733.3 26388.5 51270.3 100624 198966 399004 -7.45964e+06 1.12464e+06 1.59064e+06 2.2747e+06 3.31345e+06 4.90774e+06 7.34212e+06 1.10838e+07 1.68656e+07 2.56451e+07 3.88217e+07 5.78608e+07 8.4567e+07 1.22894e+08 1.7829e+08 
0.672541 0.152609 0.275477 0.497746 0.900393 1.63038 2.95623 5.36962 9.77152 17.813 32.5575 59.6947 109.732 202.456 375.286 699.028 1307.84 2463.66 4679.37 8938.33 17228.8 33593.8 66211 131594 265454 543252 -9.20583e+06 1.59904e+06 2.31045e+06 3.40502e+06 5.10798e+06 7.74263e+06 1.18453e+07 1.82513e+07 2.80691e+07 4.2921e+07 6.4476e+07 9.46942e+07 1.38057e+08 2.00666e+08 
0.422431 0.0958728 0.173099 0.31284 0.566065 1.02534 1.85988 3.37972 6.15347 11.2244 20.5295 37.671 69.3144 128.028 237.624 443.272 830.838 1568.35 2985.9 5720.25 11063.7 21657.5 42884.6 85719.6 174053 360253 749735 -1.1511e+07 2.31766e+06 3.46275e+06 5.27433e+06 8.1229e+06 1.2632e+07 1.97687e+07 3.08365e+07 4.77488e+07 7.24356e+07 1.07033e+08 1.56674e+08 2.2824e+08 
0.258236 0.058619 0.105861 0.191371 0.346376 0.627628 1.13893 2.07059 3.77195 6.88478 12.6017 23.143 42.6265 78.8277 146.505 273.727 514.046 972.501 1856.17 3567.13 6924.66 13612.7 27090.9 54487 111433 232550 488994 1.04618e+06 -1.46154e+07 3.43682e+06 5.38622e+06 8.45277e+06 1.34051e+07 2.13801e+07 3.39327e+07 5.33584e+07 8.19248e+07 1.21965e+08 1.79409e+08 2.62059e+08 
0.152607 0.0346485 0.0625872 0.113174 0.204904 0.371421 0.674291 1.22647 2.23551 4.08318 7.47958 13.7484 25.3503 46.9385 87.3626 163.502 307.679 583.462 1116.64 2153.14 4196.35 8287.13 16582.8 33579.4 69220.3 145785 310145 672693 1.4791e+06 -1.88725e+07 5.34362e+06 8.58284e+06 1.39506e+07 2.28003e+07 3.70085e+07 5.93744e+07 9.26019e+07 1.39225e+08 2.06112e+08 3.02071e+08 
0.0856315 0.019446 0.0351348 0.0635503 0.115095 0.208708 0.379063 0.689825 1.25808 2.2995 4.2156 7.75583 14.3165 26.5426 49.4741 92.7523 174.91 332.493 638.098 1234.69 2416.23 4794.43 9648.82 19678.8 40908.8 87007.2 187472 412863 934040 2.15317e+06 -2.4647e+07 8.23743e+06 1.38175e+07 2.33369e+07 3.90641e+07 6.44479e+07 1.02752e+08 1.5667e+08 2.34056e+08 3.4459e+08 
0.0423925 0.0096288 0.0174014 0.0314836 0.0570375 0.103468 0.188004 0.342301 0.624636 1.14249 2.09615 3.85995 7.13291 13.2412 24.717 46.418 87.7173 167.149 321.669 624.573 1227.29 2446.89 4952.75 10174.3 21332.2 45826.2 100045 223855 516059 1.21756e+06 2.90008e+06 -3.31639e+07 1.23097e+07 2.1645e+07 3.76629e+07 6.44066e+07 1.05687e+08 1.64186e+08 2.48278e+08 3.67727e+08 
0.020587 0.00467694 0.0084543 0.0153001 0.027727 0.0503161 0.0914649 0.166613 0.304208 0.556792 1.02235 1.88426 3.48573 6.47887 12.1113 22.7831 43.1426 82.4056 159.018 309.817 611.263 1224.46 2492.58 5157.44 10906.3 23665.6 52358.8 119087 279968 677004 1.66412e+06 4.211e+06 -4.52978e+07 2.03377e+07 3.71731e+07 6.64873e+07 1.13176e+08 1.80116e+08 2.76689e+08 4.12985e+08 
0.00874139 0.00198622 0.00359119 0.00650075 0.011784 0.0213917 0.0389013 0.0708942 0.129509 0.237188 0.435823 0.803902 1.48863 2.77009 5.1851 9.76902 18.5338 35.4783 68.6336 134.14 265.641 534.429 1093.62 2277.87 4855.15 10633.8 23822.9 55033.8 131858 326736 829960 2.18652e+06 6.00564e+06 -6.27241e+07 3.13295e+07 5.9855e+07 1.07995e+08 1.78958e+08 2.8248e+08 4.27518e+08 
0.0031062 0.00070591 0.00127658 0.00231139 0.00419099 0.00761034 0.0138446 0.0252411 0.0461322 0.0845377 0.155437 0.286928 0.531805 0.990653 1.85658 3.50289 6.65726 12.7692 24.7591 48.5293 96.4316 194.774 400.481 839.201 1801.61 3979.47 9017.02 21127.6 51504.7 130524 341920 936359 2.70159e+06 7.71057e+06 -8.88642e+07 4.58248e+07 8.94812e+07 1.57438e+08 2.59327e+08 4.01904e+08 
0.000931368 0.000211693 0.000382899 0.000693425 0.00125761 0.00228431 0.00415694 0.00758163 0.0138626 0.0254166 0.0467605 0.0863751 0.160223 0.29875 0.560497 1.05886 2.01551 3.87288 7.5248 14.787 29.4722 59.7387 123.353 259.874 561.472 1249.55 2859.97 6785.85 16799.2 43435.5 117007 332136 1.00227e+06 3.05555e+06 9.50513e+06 -1.2771e+08 6.45245e+07 1.2465e+08 2.18822e+08 3.52725e+08 
0.000230204 5.23297e-05 9.46648e-05 0.000171464 0.000311027 0.000565073 0.00102857 0.00187651 0.00343225 0.00629546 0.0115875 0.0214156 0.0397506 0.0741742 0.13928 0.263384 0.501955 0.965883 1.87968 3.70119 7.3945 15.0298 31.1384 65.877 143.044 320.219 738.712 1770.03 4434.93 11648 32075.9 93711.3 293351 947934 3.19135e+06 1.10946e+07 -1.81773e+08 8.31602e+07 1.6238e+08 2.81987e+08 
4.5784e-05 1.04084e-05 1.88305e-05 3.41108e-05 6.18823e-05 0.000112443 0.000204708 0.000373533 0.00068336 0.00125375 0.00230834 0.00426759 0.0079245 0.014794 0.0277941 0.0525926 0.100307 0.193184 0.376327 0.741933 1.48447 3.02244 6.27471 13.3093 28.9887 65.1295 150.978 363.966 918.802 2437.04 6805.97 20259.1 64968 218595 781386 2.98258e+06 1.15726e+07 -2.48307e+08 9.78475e+07 1.99276e+08 
7.15273e-06 1.62616e-06 2.9422e-06 5.33009e-06 9.67043e-06 1.75734e-05 3.1997e-05 5.8393e-05 0.000106844 0.00019606 0.000361055 0.000667665 0.00124015 0.00231597 0.00435279 0.00824015 0.0157245 0.0303032 0.0590731 0.116566 0.233467 0.475914 0.989421 2.10239 4.58873 10.3348 24.0349 58.1743 147.578 393.952 1110.24 3345.16 10897.6 37676.6 140540 571721 2.4674e+06 1.06842e+07 -3.28514e+08 1.19785e+08 
8.47642e-07 1.92718e-07 3.48699e-07 6.31739e-07 1.14624e-06 2.08314e-06 3.79322e-06 6.92312e-06 1.26689e-05 2.32508e-05 4.2824e-05 7.92042e-05 0.000147148 0.000274864 0.000516739 0.000978535 0.00186803 0.0036015 0.00702422 0.0138688 0.027797 0.0567079 0.118005 0.251027 0.548613 1.23743 2.88325 6.99439 17.791 47.6509 134.903 408.909 1342.45 4706.09 17976.1 76059.3 353638 1.79586e+06 9.88609e+06 -4.17658e+08 
dt_FE: 2.39429e-09
dt_EA: 2.39429e-09
dt_PE: 2.39429e-09
tolC: 1e-06
dt_grow: 1.03
dt_max: 0.1
steps: 0
