t: 2.21961e-08
dt: 2.07434e-09
N: 0.0141729 0.0163482 0.0188454 0.0217113 0.024997 0.0287517 0.0330379 0.0379242 0.0434778 0.0497574 0.0568527 0.0648449 0.0737585 0.0836737 0.0946579 0.106705 0.119712 0.133717 0.148644 0.163963 0.179538 0.195065 0.209758 0.222416 0.23269 0.239728 0.24041 0.234551 0.221413 0.199096 0.172443 0.27392 0.177289 0.0393188 0.0158298 0.00527504 0.00142473 0.000307954 5.21124e-05 6.66262e-06 
eC: 1 1.15749 1.33977 1.55077 1.795 2.07768 2.40489 2.78363 3.22201 3.72944 4.31677 4.99661 5.78351 6.69433 7.7486 8.9689 10.3814 12.0163 13.9087 16.0991 18.6345 21.5692 24.9661 28.8979 33.4489 38.7167 44.814 51.8717 60.0407 69.4963 80.4411 93.1095 107.773 124.746 144.391 167.131 193.452 223.918 259.182 300 
dV: 1.08333 0.211322 0.327712 0.508206 0.788112 1.22218 1.89532 2.93921 4.55805 7.06849 10.9616 16.999 26.3615 40.8807 63.3966 98.3136 152.462 236.434 366.655 568.597 881.764 1367.42 2120.55 3288.49 5099.69 7908.45 12264.2 19019 29494.1 45738.6 70930.1 109996 170579 264529 410225 636165 986546 1.52991e+06 2.37254e+06 3.67926e+06 
kVec: 872678 1.01309e+06 1.16875e+06 1.34849e+06 1.55584e+06 1.79438e+06 2.06867e+06 2.38388e+06 2.74559e+06 3.15888e+06 3.63163e+06 4.1718e+06 4.7843e+06 5.47898e+06 6.26571e+06 7.15288e+06 8.14115e+06 9.24587e+06 1.04779e+07 1.18157e+07 1.32747e+07 1.48603e+07 1.65618e+07 1.83207e+07 2.01803e+07 2.21781e+07 2.41404e+07 2.62389e+07 2.86528e+07 3.16322e+07 3.54361e+07 4.11455e+07 5.07809e+07 6.61326e+07 9.06048e+07 1.28353e+08 1.81769e+08 2.47993e+08 3.28075e+08 4.1719e+08 
cMat: 
-177874 946.525 1112.22 1295.54 1510.27 1763.1 2060.95 2412.16 2827.93 3323.65 3914 4618.94 5471.9 6504.25 7756.7 9291.41 11199.3 13565.5 16517.5 20303.9 25149.6 31384.1 39561.6 50508.7 65111.7 84778.2 112271 150403 203685 279692 389489 547687 777498 1.11797e+06 1.61415e+06 2.33335e+06 3.35417e+06 4.79372e+06 6.85862e+06 9.84814e+06 
4803.36 -210590 1279.07 1489.9 1736.86 2027.63 2370.21 2774.15 3252.36 3822.54 4501.6 5312.47 6293.67 7481.29 8922.17 10687.9 12883.1 15606 19003 23360.9 28938.6 36115.5 45530.7 58136.4 74954.8 97608.5 129284 173224 234636 322256 448854 631290 896357 1.28911e+06 1.86156e+06 2.6914e+06 3.86932e+06 5.53037e+06 7.91303e+06 1.13626e+07 
3597.2 815.182 -242390 1711.34 1995.02 2329.04 2722.57 3186.62 3735.99 4391.04 5171.21 6102.86 7230.27 8594.93 10250.7 12279.9 14803 17932.8 21837.9 26848.1 33261.7 41515.4 52344.8 66846.8 86198.8 112271 148734 199328 270055 370991 516860 727114 1.03266e+06 1.48546e+06 2.14554e+06 3.10254e+06 4.46103e+06 6.37668e+06 9.12455e+06 1.31029e+07 
2665.58 604.066 1088.68 -279533 2289.08 2672.36 3123.95 3656.47 4286.93 5038.7 5934.09 7003.4 8297.46 9863.95 11764.8 14094.4 16991.4 20585.3 25070.1 30824.9 38192.7 47675.9 60120.9 76789.9 99038.5 129020 170961 229173 310571 426766 594730 836890 1.18889e+06 1.71061e+06 2.47132e+06 3.57436e+06 5.14028e+06 7.34837e+06 1.05158e+07 1.51015e+07 
1972.63 447.034 805.68 1453.15 -322830 3035.4 3580.28 4190.66 4913.33 5775.1 6801.56 8027.44 9511.1 11307.2 13486.9 16158.6 19481.1 23603.6 28748.6 35351.7 43807 54691.8 68979.2 88120.7 113676 148121 196323 263242 356846 490505 683769 962483 1.36772e+06 1.96848e+06 2.8446e+06 4.11521e+06 5.91916e+06 8.4628e+06 1.21116e+07 1.73943e+07 
1458.34 330.49 595.642 1074.33 1922.24 -373145 4095.72 4794.09 5620.96 6607.06 7781.66 9184.55 10882.6 12938.5 15433.5 18492.2 22296.5 27017.4 32910.1 40474.4 50162.5 62637 79015.2 100964 130276 169798 225124 301961 409476 563057 785206 1.10568e+06 1.57179e+06 2.26295e+06 3.27116e+06 4.73364e+06 6.81019e+06 9.73809e+06 1.39381e+07 2.0019e+07 
1076.53 243.966 439.705 793.086 1431.81 2586.45 -431576 5474.42 6418.83 7545.17 8886.91 10489.6 12429.6 14778.6 17629.8 21125.5 25474.1 30871.4 37609.4 46260.9 57344 71618.4 90365.3 115497 149071 194356 257777 345893 469241 645518 900596 1.26872e+06 1.80433e+06 2.59877e+06 3.75797e+06 5.43987e+06 7.82824e+06 1.11956e+07 1.60262e+07 2.302e+07 
793.106 179.739 323.951 584.313 1054.91 1905.67 3445.92 -499378 7239.96 8600.59 10130.5 11958 14170.5 16849.8 20102.2 24090.4 29052.7 35212.6 42904.3 52783 65441.6 81749.8 103175 131908 170308 222123 294725 395645 536985 739072 1.03163e+06 1.45404e+06 2.06889e+06 2.98114e+06 4.31268e+06 6.24518e+06 8.98972e+06 1.28591e+07 1.84098e+07 2.64465e+07 
583.098 132.147 238.179 429.614 775.638 1401.2 2533.8 4540.31 -578197 9780.86 11521.3 13600.6 16118.2 19167.3 22869.2 27409.4 33059.6 40075.1 48837 60093.7 74522.6 93117.5 117556 150346 194186 253371 336345 451744 613455 844800 1.17989e+06 1.66396e+06 2.36891e+06 3.41522e+06 4.94302e+06 7.16104e+06 1.03115e+07 1.4753e+07 2.11245e+07 3.03496e+07 
427.937 96.9848 174.807 315.314 569.292 1028.47 1859.85 3367.98 6107.58 -669428 13060.8 15419 18274.8 21734.1 25934.7 31087.5 37501.9 45468.1 55420.2 68210.7 84611.6 105756 133559 170882 220811 288254 382870 514549 699195 963535 1.34667e+06 1.90047e+06 2.70747e+06 3.90576e+06 5.65627e+06 8.19861e+06 1.18104e+07 1.69018e+07 2.42058e+07 3.47812e+07 
313.138 70.9689 127.918 230.743 416.614 752.67 1361.16 2465.02 4470.38 8115.58 -775402 17430.5 20660.9 24574.7 29328.1 35160.4 42422.6 51444.4 62718.9 77214.9 95810.7 119796 151350 193736 250470 327158 434827 584782 795220 1.09672e+06 1.53404e+06 2.16661e+06 3.08902e+06 4.45937e+06 6.46227e+06 9.37243e+06 1.35076e+07 1.93363e+07 2.76983e+07 3.98056e+07 
228.319 51.7469 93.2739 168.255 303.8 548.878 992.661 1797.78 3260.51 5919.59 10769.5 -898659 23111.7 27700.9 33063.7 39645.6 47843.9 58031.8 70768 87151.2 108178 135312 171031 219043 283354 370347 492591 662991 902327 1.24554e+06 1.74378e+06 2.46505e+06 3.5176e+06 5.0822e+06 7.37035e+06 1.06966e+07 1.54242e+07 2.20872e+07 3.16464e+07 4.54873e+07 
166.042 37.6332 67.8361 122.373 220.964 399.237 722.071 1307.8 2372.05 4306.93 7836.36 14187.7 -1.04155e+06 31070.4 37092.1 44484.9 53696.9 65149.1 79471.8 97906.5 121580 152148 192416 246589 319214 417541 555859 748866 1.02024e+06 1.40983e+06 1.97597e+06 2.79634e+06 3.99466e+06 5.77717e+06 8.38587e+06 1.21805e+07 1.75751e+07 2.51774e+07 3.60845e+07 5.18773e+07 
120.263 27.2583 49.1365 88.6433 160.067 289.225 523.134 947.559 1718.79 3121.13 5679.48 10361.6 18932.2 -1.20784e+06 41417.4 49683.9 59989.3 72806.5 88844.4 109500 136044 170342 215562 276456 358171 468921 624908 842833 1.14963e+06 1.59063e+06 2.23224e+06 3.16305e+06 4.52419e+06 6.55053e+06 9.51858e+06 1.38389e+07 1.9983e+07 2.86403e+07 4.10614e+07 5.90467e+07 
86.6495 19.6402 35.4054 63.8751 115.348 208.435 377.033 682.982 1238.99 2250.12 4095.03 7472.06 13654.9 25022.8 -1.40157e+06 54613.7 66706.1 80987.4 98867.1 121912 151549 189875 240453 308637 400237 524532 699843 945104 1.29087e+06 1.78862e+06 2.51379e+06 3.56721e+06 5.10959e+06 7.40789e+06 1.07775e+07 1.56863e+07 2.26699e+07 3.25087e+07 4.66253e+07 6.7066e+07 
62.103 14.077 25.3777 45.7866 82.6883 149.429 270.322 489.724 888.5 1613.81 2937.44 5360.75 9798.57 17960.2 32677.1 -1.62878e+06 73729.5 89551.6 109373 134944 167856 210459 266742 342716 444911 583777 779964 1.05487e+06 1.44309e+06 2.0029e+06 2.81979e+06 4.00831e+06 5.75109e+06 8.35084e+06 1.21667e+07 1.77308e+07 2.56503e+07 3.68056e+07 5.28118e+07 7.59887e+07 
44.3002 10.0421 18.1047 32.6666 58.9985 106.628 192.912 349.525 634.222 1152.14 2097.48 3828.62 6999.79 12833.8 23620.7 43634.1 -1.89323e+06 98219.8 120027 148189 184474 231497 293701 377797 491095 645309 863616 1.17012e+06 1.60384e+06 2.23058e+06 3.14696e+06 4.48275e+06 6.44508e+06 9.37625e+06 1.36844e+07 1.99738e+07 2.89304e+07 4.15438e+07 5.96429e+07 8.58505e+07 
31.3601 7.10916 12.8178 23.1291 41.7763 75.5096 136.628 247.58 449.306 816.361 1486.5 2713.98 4963.27 9102.81 16759.8 30973 57401.6 -2.20441e+06 130800 161613 201363 252941 321274 413820 538726 709066 950760 1.29087e+06 1.77327e+06 2.47205e+06 3.49611e+06 4.99214e+06 7.19455e+06 1.04894e+07 1.53398e+07 2.24302e+07 3.2534e+07 4.67595e+07 6.71729e+07 9.67311e+07 
21.9985 4.98723 8.99261 16.228 29.3141 52.9903 95.8936 173.791 315.447 573.262 1044.08 1906.72 3488.05 6399.48 11787.3 21793.6 40412.3 75356 -2.57334e+06 173956 218223 274425 349013 450231 587120 774209 1.04037e+06 1.41588e+06 1.9499e+06 2.72562e+06 3.86544e+06 5.5348e+06 7.99837e+06 1.16905e+07 1.71356e+07 2.51075e+07 3.64759e+07 5.24775e+07 7.54405e+07 1.0869e+08 
15.3349 3.47679 6.26964 11.3153 20.442 36.9574 66.8899 121.248 220.12 400.12 728.936 1331.61 2436.88 4472.83 8242.56 15248.4 28294.5 52800.7 98648.9 -3.00674e+06 233602 294164 374706 484274 632825 836400 1.12696e+06 1.53822e+06 2.12503e+06 2.98043e+06 4.24152e+06 6.09438e+06 8.83718e+06 1.29571e+07 1.90468e+07 2.79795e+07 4.07302e+07 5.86713e+07 8.44187e+07 1.21698e+08 
10.5794 2.39879 4.32612 7.80852 14.1086 25.5109 46.1807 83.7257 152.035 276.435 503.765 920.591 1685.42 3095.07 5706.79 10564.1 19617.7 36641.1 68925.3 130107 -3.52413e+06 311985 398127 515649 675443 895116 1.20985e+06 1.65702e+06 2.29758e+06 3.23522e+06 4.62305e+06 6.66989e+06 9.71097e+06 1.42913e+07 2.10796e+07 3.10598e+07 4.53221e+07 6.53822e+07 9.41716e+07 1.35853e+08 
7.20442 1.63369 2.94662 5.31922 9.6122 17.3835 31.4744 57.0758 103.669 188.552 343.73 628.386 1151 2114.84 3901.84 7228.14 13434.4 25117 47300.3 89408.1 170253 -4.14631e+06 413912 543574 713969 949054 1.28736e+06 1.7701e+06 2.46478e+06 3.48657e+06 5.00597e+06 7.25685e+06 1.06155e+07 1.56902e+07 2.32347e+07 3.43561e+07 5.02707e+07 7.26451e+07 1.04757e+08 1.51243e+08 
4.8452 1.09883 1.98215 3.57868 6.46795 11.6995 21.1877 38.4315 69.8248 127.042 231.689 423.752 776.603 1427.83 2636.21 4887.64 9093.41 17020.5 32094.4 60761.1 115913 220829 -4.90704e+06 565332 744925 993745 1.35369e+06 1.86999e+06 2.61701e+06 3.7222e+06 5.37494e+06 7.83659e+06 1.1529e+07 1.71298e+07 2.5488e+07 3.78483e+07 5.55656e+07 8.04618e+07 1.16194e+08 1.67911e+08 
3.21987 0.73031 1.31759 2.37923 4.30092 7.7814 14.0957 25.5753 46.4826 84.6067 154.371 282.489 518.043 953.155 1761.29 3268.7 6088.56 11411.5 21550.5 40875.3 78144.4 150953 294265 -5.82822e+06 763410 1.02279e+06 1.40042e+06 1.94559e+06 2.73974e+06 3.92329e+06 5.70601e+06 8.37958e+06 1.24169e+07 1.85716e+07 2.78005e+07 4.15043e+07 6.11898e+07 8.88355e+07 1.28514e+08 1.85924e+08 
2.10019 0.476415 0.859659 1.55261 2.80722 5.0802 9.20526 16.7074 30.3769 55.3165 100.981 184.896 339.313 624.819 1155.65 2147.05 4004.5 7516.69 14219.2 27025.9 51791.6 100320 196189 386264 -6.97446e+06 1.0378e+06 1.42935e+06 1.99885e+06 2.83501e+06 4.09201e+06 6.00174e+06 8.8895e+06 1.32856e+07 2.00286e+07 3.01978e+07 4.53717e+07 6.72267e+07 9.79007e+07 1.41924e+08 2.05592e+08 
1.34001 0.304016 0.548674 0.991145 1.79246 3.24468 5.88117 10.6781 19.4225 35.3861 64.6346 118.422 217.491 400.855 742.173 1380.51 2578.54 4848.06 9188.21 17503.8 33633.6 65346.7 128251 253593 508552 -8.43716e+06 1.43342e+06 2.02736e+06 2.89922e+06 4.22317e+06 6.25517e+06 9.35792e+06 1.41269e+07 2.14961e+07 3.26861e+07 4.94803e+07 7.37467e+07 1.07785e+08 1.56635e+08 2.27241e+08 
0.840967 0.190828 0.344466 0.622398 1.12588 2.03868 3.69656 6.71435 12.2186 22.274 40.711 74.6442 137.213 253.158 469.269 874.087 1635.37 3080.64 5851.24 11176.8 21543.4 42006.8 82792.4 164550 331932 679299 -1.026e+07 1.99949e+06 2.88907e+06 4.25774e+06 6.38719e+06 9.68163e+06 1.48118e+07 2.2822e+07 3.50985e+07 5.36698e+07 8.06229e+07 1.18409e+08 1.72631e+08 2.50919e+08 
0.51307 0.116444 0.21024 0.379965 0.687524 1.24535 2.25895 4.1049 7.4738 13.6327 24.9345 45.7539 84.1869 155.499 288.61 538.383 1009.11 1904.87 3626.58 6947.62 13437.5 26304.5 52086.2 104112 211399 437551 910604 -1.26201e+07 2.81495e+06 4.20574e+06 6.40602e+06 9.8658e+06 1.53424e+07 2.40104e+07 3.7453e+07 5.79941e+07 8.79779e+07 1.29999e+08 1.90291e+08 2.77212e+08 
0.302019 0.0685576 0.123809 0.223817 0.405102 0.73404 1.33203 2.42165 4.41147 8.05206 14.7383 27.0668 49.8537 92.1926 171.344 320.137 601.2 1137.38 2170.88 4171.92 8098.7 15920.7 31684.1 63725.1 130326 271978 571901 1.22355e+06 -1.57388e+07 4.01952e+06 6.29943e+06 9.8859e+06 1.56779e+07 2.50051e+07 3.96859e+07 6.24051e+07 9.58148e+07 1.42644e+08 2.09827e+08 3.06489e+08 
0.170863 0.0387931 0.0700739 0.126711 0.229414 0.41585 0.754951 1.37319 2.50292 4.57161 8.37429 15.393 28.3827 52.5533 97.813 183.06 344.484 653.256 1250.21 2410.7 4698.32 9278.44 18566.4 37596.2 77500.4 163224 347245 753161 1.65603e+06 -1.99542e+07 5.98283e+06 9.60952e+06 1.56194e+07 2.55277e+07 4.14354e+07 6.64768e+07 1.03679e+08 1.55879e+08 2.30767e+08 3.38205e+08 
0.0913538 0.0207454 0.0374826 0.0677969 0.122787 0.222655 0.404394 0.735922 1.34215 2.45316 4.4973 8.27411 15.2732 28.3162 52.7801 98.9504 186.598 354.711 680.738 1317.19 2577.69 5114.82 10293.6 20993.8 43642.5 92821.3 200000 440452 996456 2.29705e+06 -2.56297e+07 8.78788e+06 1.47408e+07 2.48964e+07 4.16745e+07 6.87545e+07 1.09618e+08 1.6714e+08 2.49696e+08 3.67617e+08 
0.0383967 0.0087212 0.0157612 0.028516 0.0516612 0.0937148 0.170283 0.310036 0.565758 1.0348 1.89857 3.49611 6.46057 11.9931 22.3872 42.0427 79.4491 151.393 291.349 565.702 1111.61 2216.25 4485.91 9215.32 19321.4 41506.7 90614.7 202755 467416 1.1028e+06 2.62672e+06 -3.47345e+07 1.11494e+07 1.96048e+07 3.41129e+07 5.83357e+07 9.5725e+07 1.4871e+08 2.24876e+08 3.33065e+08 
0.0190294 0.00432309 0.00781466 0.0141425 0.0256292 0.0465092 0.0845448 0.154007 0.281192 0.514665 0.945 1.7417 3.222 5.98869 11.195 21.0594 39.8785 76.1709 146.987 286.376 565.016 1131.82 2303.99 4767.23 10081.1 21875.1 48397.4 110077 258786 625783 1.53821e+06 3.8924e+06 -4.66679e+07 1.87989e+07 3.43606e+07 6.14569e+07 1.04613e+08 1.66489e+08 2.55755e+08 3.81739e+08 
0.00876346 0.00199123 0.00360025 0.00651716 0.0118138 0.0214457 0.0389995 0.0710732 0.129836 0.237787 0.436924 0.805932 1.49239 2.77708 5.19819 9.79369 18.5806 35.5679 68.8069 134.478 266.312 535.778 1096.38 2283.62 4867.41 10660.7 23883 55172.8 132191 327561 832056 2.19204e+06 6.0208e+06 -6.3041e+07 3.14086e+07 6.00061e+07 1.08267e+08 1.79409e+08 2.83194e+08 4.28597e+08 
0.00310744 0.000706191 0.00127709 0.00231231 0.00419266 0.00761338 0.0138502 0.0252512 0.0461506 0.0845713 0.155499 0.287042 0.532017 0.991048 1.85732 3.50428 6.65991 12.7743 24.769 48.5486 96.47 194.852 400.641 839.535 1802.33 3981.05 9020.62 21136 51525.2 130576 342056 936732 2.70267e+06 7.71365e+06 -8.90011e+07 4.58431e+07 8.95169e+07 1.575e+08 2.59431e+08 4.02064e+08 
0.00093135 0.000211689 0.000382892 0.000693412 0.00125758 0.00228426 0.00415686 0.00758148 0.0138623 0.0254161 0.0467596 0.0863735 0.16022 0.298745 0.560486 1.05884 2.01548 3.87281 7.52466 14.7867 29.4716 59.7375 123.351 259.869 561.461 1249.52 2859.91 6785.71 16798.9 43434.7 117005 332129 1.00225e+06 3.05549e+06 9.50494e+06 -1.27631e+08 6.45233e+07 1.24647e+08 2.18818e+08 3.52718e+08 
0.000230199 5.23287e-05 9.46629e-05 0.000171461 0.000311021 0.000565061 0.00102855 0.00187647 0.00343218 0.00629533 0.0115873 0.0214151 0.0397498 0.0741727 0.139277 0.263379 0.501945 0.965863 1.87964 3.70112 7.39435 15.0295 31.1378 65.8757 143.041 320.213 738.697 1769.99 4434.84 11647.8 32075.3 93709.4 293345 947915 3.19129e+06 1.10943e+07 -1.81499e+08 8.31585e+07 1.62376e+08 2.81981e+08 
4.57838e-05 1.04083e-05 1.88304e-05 3.41107e-05 6.1882e-05 0.000112443 0.000204707 0.000373531 0.000683357 0.00125374 0.00230833 0.00426757 0.00792447 0.0147939 0.0277939 0.0525924 0.100307 0.193183 0.376325 0.74193 1.48447 3.02243 6.27468 13.3093 28.9886 65.1292 150.978 363.964 918.798 2437.03 6805.94 20259 64967.7 218594 781382 2.98256e+06 1.15725e+07 -2.47914e+08 9.78471e+07 1.99275e+08 
7.15273e-06 1.62616e-06 2.9422e-06 5.33009e-06 9.67042e-06 1.75734e-05 3.19969e-05 5.8393e-05 0.000106844 0.00019606 0.000361054 0.000667664 0.00124015 0.00231597 0.00435279 0.00824014 0.0157245 0.0303032 0.059073 0.116566 0.233467 0.475914 0.989421 2.10239 4.58873 10.3348 24.0349 58.1742 147.578 393.951 1110.24 3345.15 10897.6 37676.5 140540 571721 2.4674e+06 1.06842e+07 -3.28057e+08 1.19785e+08 
8.47642e-07 1.92718e-07 3.48699e-07 6.31739e-07 1.14624e-06 2.08314e-06 3.79322e-06 6.92312e-06 1.26689e-05 2.32508e-05 4.2824e-05 7.92041e-05 0.000147148 0.000274864 0.000516739 0.000978535 0.00186803 0.0036015 0.00702422 0.0138688 0.027797 0.0567079 0.118005 0.251027 0.548613 1.23743 2.88325 6.99438 17.791 47.6509 134.903 408.909 1342.45 4706.09 17976.1 76059.3 353638 1.79586e+06 9.88609e+06 -4.17187e+08 
dt_FE: 2.07434e-09
dt_EA: 2.07434e-09
dt_PE: 2.07434e-09
tolC: 1e-06
dt_grow: 1.03
dt_max: 0.1
steps: 0
