t
0.0000001650755839112825517
dt
0.0000000040183837887391320
DN
-0.0000000001807412608111210
TC
159.0000
N
1.07652690e-01
2.80917200e-01
4.11732326e-01
5.09280819e-01
5.80763789e-01
6.31741547e-01
6.66432614e-01
6.87971596e-01
6.98626610e-01
6.99980194e-01
6.93080336e-01
6.78570233e-01
6.56806827e-01
6.27978834e-01
5.92234182e-01
5.49823196e-01
5.01255520e-01
4.47454283e-01
3.89871566e-01
3.30512284e-01
2.71819036e-01
2.16424173e-01
1.66709369e-01
1.24003404e-01
8.88733256e-02
6.16474449e-02
4.14765051e-02
2.70575411e-02
1.71170376e-02
1.04994450e-02
6.24123384e-03
3.59210017e-03
1.99924149e-03
1.07439264e-03
5.56517494e-04
2.77305729e-04
1.32638148e-04
6.07572855e-05
2.65869038e-05
1.10847299e-05
eC
1.00638940e+00
3.07804198e+00
5.27088624e+00
7.59201189e+00
1.00489234e+01
1.26495642e+01
1.54023425e+01
1.83161584e+01
2.14004324e+01
2.46651365e+01
2.81208258e+01
3.17786729e+01
3.56505041e+01
3.97488374e+01
4.40869232e+01
4.86787870e+01
5.35392748e+01
5.86841012e+01
6.41298999e+01
6.98942779e+01
7.59958720e+01
8.24544093e+01
8.92907710e+01
9.65270599e+01
1.04186672e+02
1.12294371e+02
1.20876370e+02
1.29960417e+02
1.39575880e+02
1.49753848e+02
1.60527227e+02
1.71930848e+02
1.84001582e+02
1.96778453e+02
2.10302771e+02
2.24618262e+02
2.39771209e+02
2.55810604e+02
2.72788303e+02
2.90759198e+02
