t
0.0000000088698643958589461
dt
0.0000000004726913625803951
DN
0.0000000000000004355961589
TC
42.0000
N
4.78177025e-03
1.41499435e-02
2.33930710e-02
3.24547309e-02
4.12733400e-02
4.97821185e-02
5.79091120e-02
6.55773170e-02
7.27049451e-02
7.92058774e-02
8.49903695e-02
8.99660934e-02
9.40396207e-02
9.71184849e-02
9.91139846e-02
9.99449138e-02
9.95424152e-02
9.78561403e-02
9.48630970e-02
9.06330244e-02
8.67204829e-02
1.02369729e-01
2.31135102e-01
4.92939612e-01
4.39983792e-01
1.33692631e-01
3.13456142e-02
1.79432912e-02
1.18450458e-02
7.55454544e-03
4.63146297e-03
2.72471417e-03
1.53680966e-03
8.30802896e-04
4.30502159e-04
2.13818294e-04
1.01748001e-04
4.63414708e-05
2.01665295e-05
8.36558166e-06
eC
1.00638940e+00
3.07804198e+00
5.27088624e+00
7.59201189e+00
1.00489234e+01
1.26495642e+01
1.54023425e+01
1.83161584e+01
2.14004324e+01
2.46651365e+01
2.81208258e+01
3.17786729e+01
3.56505041e+01
3.97488374e+01
4.40869232e+01
4.86787870e+01
5.35392748e+01
5.86841012e+01
6.41298999e+01
6.98942779e+01
7.59958720e+01
8.24544093e+01
8.92907710e+01
9.65270599e+01
1.04186672e+02
1.12294371e+02
1.20876370e+02
1.29960417e+02
1.39575880e+02
1.49753848e+02
1.60527227e+02
1.71930848e+02
1.84001582e+02
1.96778453e+02
2.10302771e+02
2.24618262e+02
2.39771209e+02
2.55810604e+02
2.72788303e+02
2.90759198e+02
