t: 1.87869e-08
dt: 1.09128e-09
N: 0.0118785 0.0137048 0.0158025 0.0182112 0.0209746 0.024135 0.0277459 0.0318668 0.0365558 0.0418655 0.0478742 0.054655 0.062234 0.0706854 0.0800744 0.0904057 0.101605 0.113716 0.126692 0.140095 0.153825 0.167641 0.180879 0.192502 0.202219 0.2093 0.21095 0.206997 0.196778 0.178484 0.157822 0.292759 0.196999 0.0370134 0.0149856 0.00503412 0.00136523 0.000295174 4.99162e-05 6.37659e-06 
eC: 1 1.15749 1.33977 1.55077 1.795 2.07768 2.40489 2.78363 3.22201 3.72944 4.31677 4.99661 5.78351 6.69433 7.7486 8.9689 10.3814 12.0163 13.9087 16.0991 18.6345 21.5692 24.9661 28.8979 33.4489 38.7167 44.814 51.8717 60.0407 69.4963 80.4411 93.1095 107.773 124.746 144.391 167.131 193.452 223.918 259.182 300 
dV: 1.08333 0.211322 0.327712 0.508206 0.788112 1.22218 1.89532 2.93921 4.55805 7.06849 10.9616 16.999 26.3615 40.8807 63.3966 98.3136 152.462 236.434 366.655 568.597 881.764 1367.42 2120.55 3288.49 5099.69 7908.45 12264.2 19019 29494.1 45738.6 70930.1 109996 170579 264529 410225 636165 986546 1.52991e+06 2.37254e+06 3.67926e+06 
kVec: 863107 1.0021e+06 1.15615e+06 1.33407e+06 1.53936e+06 1.7756e+06 2.04732e+06 2.35967e+06 2.71825e+06 3.12816e+06 3.59729e+06 4.13366e+06 4.74233e+06 5.43329e+06 6.2166e+06 7.10103e+06 8.08782e+06 9.1928e+06 1.04277e+07 1.17723e+07 1.32432e+07 1.48473e+07 1.65759e+07 1.83728e+07 2.02823e+07 2.23431e+07 2.43797e+07 2.65594e+07 2.90526e+07 3.20893e+07 3.58992e+07 4.15277e+07 5.10053e+07 6.62147e+07 9.06011e+07 1.28294e+08 1.81676e+08 2.47886e+08 3.27963e+08 4.17081e+08 
cMat: 
-182204 948.728 1114.81 1298.56 1513.79 1767.2 2065.75 2417.78 2834.51 3331.38 3923.11 4629.69 5484.64 6519.39 7774.75 9313.03 11225.3 13597.1 16555.9 20351.1 25208.2 31457.1 39653.7 50626.2 65263.3 84975.5 112532 150753 204159 280343 390396 548962 779308 1.12057e+06 1.61791e+06 2.33878e+06 3.36197e+06 4.80487e+06 6.87458e+06 9.87106e+06 
4816.27 -215633 1282.51 1493.9 1741.53 2033.08 2376.58 2781.61 3261.1 3832.81 4513.69 5326.75 6310.58 7501.39 8946.15 10716.6 12917.7 15647.9 19054.1 23423.7 29016.4 36212.6 45653 58292.7 75156.2 97870.8 129631 173690 235267 323122 450060 632986 898766 1.29257e+06 1.86657e+06 2.69863e+06 3.87972e+06 5.54524e+06 7.93429e+06 1.13931e+07 
3608.36 817.71 -248250 1716.64 2001.21 2336.26 2731.01 3196.5 3747.57 4404.66 5187.25 6121.79 7252.69 8621.59 10282.5 12318 14848.9 17988.4 21905.6 26931.4 33364.9 41644.1 52507.1 67054.1 86466.1 112619 149195 199946 270893 372142 518463 729369 1.03586e+06 1.49006e+06 2.1522e+06 3.11216e+06 4.47487e+06 6.39646e+06 9.15285e+06 1.31435e+07 
2675.12 606.228 1092.58 -286348 2297.27 2681.93 3135.13 3669.55 4302.26 5056.73 5955.32 7028.45 8327.14 9899.24 11806.8 14144.9 17052.2 20659 25159.8 30935.2 38329.4 47846.5 60335.9 77064.6 99392.8 129481 171573 229993 311682 428293 596857 839884 1.19314e+06 1.71673e+06 2.48016e+06 3.58715e+06 5.15868e+06 7.37466e+06 1.05534e+07 1.51555e+07 
1980.76 448.879 809.004 1459.14 -330764 3047.92 3595.05 4207.95 4933.6 5798.93 6829.62 8060.56 9550.34 11353.9 13542.5 16225.2 19561.5 23701 28867.2 35497.6 43987.7 54917.5 69263.8 88484.3 114145 148732 197133 264328 358318 492528 686590 966454 1.37337e+06 1.9766e+06 2.85634e+06 4.13219e+06 5.94358e+06 8.49772e+06 1.21615e+07 1.7466e+07 
1465.27 332.061 598.473 1079.44 1931.38 -382387 4115.19 4816.88 5647.68 6638.46 7818.64 9228.21 10934.3 13000 15506.9 18580.1 22402.5 27145.8 33066.5 40666.8 50400.9 62934.7 79390.8 101444 130895 170605 226194 303396 411422 565734 788938 1.11094e+06 1.57926e+06 2.27371e+06 3.28671e+06 4.75614e+06 6.84256e+06 9.78438e+06 1.40044e+07 2.01142e+07 
1082.42 245.301 442.112 797.427 1439.64 2600.61 -442351 5504.38 6453.96 7586.46 8935.55 10547 12497.6 14859.5 17726.3 21241.1 25613.5 31040.3 37815.2 46514.1 57657.9 72010.4 90859.9 116129 149887 195420 259188 347786 471809 649051 905525 1.27566e+06 1.81421e+06 2.61299e+06 3.77854e+06 5.46964e+06 7.87108e+06 1.12569e+07 1.61139e+07 2.3146e+07 
798.099 180.87 325.991 587.992 1061.56 1917.67 3467.62 -511953 7285.55 8654.74 10194.3 12033.3 14259.7 16955.9 20228.8 24242.1 29235.6 35434.3 43174.5 53115.4 65853.7 82264.5 103824 132739 171380 223522 296581 398136 540366 743725 1.03813e+06 1.46319e+06 2.08192e+06 2.99991e+06 4.33984e+06 6.2845e+06 9.04633e+06 1.29401e+07 1.85258e+07 2.6613e+07 
587.318 133.104 239.903 432.723 781.251 1411.34 2552.14 4573.16 -592888 9851.64 11604.7 13699 16234.8 19306 23034.7 27607.7 33298.9 40365.1 49190.4 60528.6 75061.9 93791.3 118407 151434 195591 255204 338778 455013 617894 850913 1.18843e+06 1.676e+06 2.38606e+06 3.43994e+06 4.97879e+06 7.21286e+06 1.03862e+07 1.48598e+07 2.12774e+07 3.05692e+07 
431.492 97.7903 176.259 317.933 574.02 1037.01 1875.29 3395.95 6158.31 -686600 13169.3 15547.1 18426.5 21914.6 26150.1 31345.7 37813.3 45845.7 55880.5 68777.2 85314.3 106635 134668 172302 222645 290648 386050 518822 705002 971537 1.35785e+06 1.91626e+06 2.72996e+06 3.9382e+06 5.70325e+06 8.2667e+06 1.19085e+07 1.70422e+07 2.44069e+07 3.50701e+07 
316.119 71.6445 129.136 232.94 420.58 759.835 1374.12 2488.49 4512.94 8192.84 -795499 17596.4 20857.6 24808.6 29607.3 35495.1 42826.5 51934.2 63316 77950 96722.8 120936 152791 195580 252855 330273 438966 590349 802790 1.10716e+06 1.54864e+06 2.18724e+06 3.11842e+06 4.50182e+06 6.52378e+06 9.46165e+06 1.36362e+07 1.95204e+07 2.7962e+07 4.01845e+07 
230.807 52.3107 94.2902 170.089 307.111 554.859 1003.48 1817.37 3296.03 5984.09 10886.8 -922208 23363.6 28002.7 33424 40077.6 48365.2 58664.1 71539.1 88100.8 109357 136787 172894 221430 286442 374383 497958 670215 912160 1.25911e+06 1.76278e+06 2.49191e+06 3.55593e+06 5.13758e+06 7.45066e+06 1.08132e+07 1.55923e+07 2.23279e+07 3.19912e+07 4.5983e+07 
168.108 38.1015 68.6802 123.895 223.714 404.205 731.056 1324.07 2401.56 4360.52 7933.86 14364.3 -1.06915e+06 31457 37553.6 45038.4 54365 65959.7 80460.6 99124.6 123092 154041 194810 249657 323186 422736 562775 758183 1.03294e+06 1.42738e+06 2.00056e+06 2.83114e+06 4.04437e+06 5.84905e+06 8.49021e+06 1.2332e+07 1.77938e+07 2.54907e+07 3.65334e+07 5.25228e+07 
121.968 27.6447 49.8329 89.8997 162.336 293.325 530.549 960.99 1743.16 3165.37 5759.98 10508.5 19200.6 -1.24021e+06 42004.5 50388.1 60839.6 73838.5 90103.7 111052 137972 172757 218618 280375 363248 475568 633765 854779 1.16592e+06 1.61317e+06 2.26388e+06 3.20788e+06 4.58831e+06 6.64338e+06 9.6535e+06 1.40351e+07 2.02662e+07 2.90463e+07 4.16434e+07 5.98837e+07 
88.0453 19.9566 35.9757 64.904 117.206 211.793 383.107 693.983 1258.95 2286.36 4161 7592.43 13874.9 25425.9 -1.43958e+06 55493.4 67780.6 82291.9 100460 123876 153990 192934 244326 313609 406684 532981 711116 960328 1.31167e+06 1.81743e+06 2.55428e+06 3.62467e+06 5.1919e+06 7.52722e+06 1.09511e+07 1.5939e+07 2.30351e+07 3.30323e+07 4.73764e+07 6.81463e+07 
63.2361 14.3338 25.8408 46.622 84.197 152.156 275.254 498.659 904.711 1643.25 2991.04 5458.56 9977.35 18287.9 33273.3 -1.67343e+06 75074.7 91185.6 111369 137406 170919 214299 271609 348969 453029 594429 794195 1.07412e+06 1.46942e+06 2.03944e+06 2.87124e+06 4.08144e+06 5.85602e+06 8.5032e+06 1.23887e+07 1.80543e+07 2.61183e+07 3.74771e+07 5.37754e+07 7.73752e+07 
45.2114 10.2486 18.4771 33.3385 60.2121 108.821 196.88 356.715 647.268 1175.84 2140.63 3907.37 7143.77 13097.8 24106.5 44531.7 -1.94563e+06 100240 122496 151237 188269 236258 299742 385568 501197 658582 881380 1.19419e+06 1.63683e+06 2.27647e+06 3.21169e+06 4.57496e+06 6.57765e+06 9.56912e+06 1.39659e+07 2.03846e+07 2.95254e+07 4.23983e+07 6.08697e+07 8.76164e+07 
32.0842 7.2733 13.1137 23.6631 42.7409 77.253 139.783 253.296 459.68 835.209 1520.82 2776.64 5077.87 9312.98 17146.8 31688.1 58726.9 -2.26589e+06 133820 165345 206012 258781 328692 423375 551164 725437 972711 1.32068e+06 1.81421e+06 2.52912e+06 3.57682e+06 5.1074e+06 7.36065e+06 1.07316e+07 1.5694e+07 2.29481e+07 3.32852e+07 4.78391e+07 6.87237e+07 9.89644e+07 
22.5657 5.11582 9.22448 16.6464 30.07 54.3567 98.3662 178.272 323.581 588.043 1071 1955.88 3577.99 6564.48 12091.2 22355.6 41454.3 77299.1 -2.64545e+06 178441 223850 281501 358012 461840 602259 794172 1.06719e+06 1.45239e+06 2.00017e+06 2.7959e+06 3.96511e+06 5.67752e+06 8.20461e+06 1.1992e+07 1.75775e+07 2.57549e+07 3.74164e+07 5.38306e+07 7.73857e+07 1.11493e+08 
15.7727 3.57605 6.44863 11.6383 21.0256 38.0125 68.7995 124.709 226.404 411.543 749.746 1369.62 2506.45 4600.52 8477.87 15683.7 29102.2 54308.1 101465 -3.09101e+06 240271 302563 385404 498100 650891 860279 1.15913e+06 1.58213e+06 2.1857e+06 3.06552e+06 4.36261e+06 6.26837e+06 9.08947e+06 1.3327e+07 1.95906e+07 2.87783e+07 4.1893e+07 6.03463e+07 8.68288e+07 1.25173e+08 
10.9109 2.47397 4.4617 8.05324 14.5507 26.3104 47.6279 86.3496 156.8 285.099 519.552 949.441 1738.24 3192.07 5885.64 10895.2 20232.5 37789.4 71085.4 134185 -3.62231e+06 321763 410604 531809 696611 923168 1.24777e+06 1.70895e+06 2.36958e+06 3.33661e+06 4.76793e+06 6.87892e+06 1.00153e+07 1.47392e+07 2.17403e+07 3.20332e+07 4.67425e+07 6.74312e+07 9.71229e+07 1.4011e+08 
7.44987 1.68935 3.04701 5.50044 9.93968 17.9758 32.5468 59.0204 107.201 194.976 355.44 649.795 1190.22 2186.89 4034.77 7474.4 13892.1 25972.8 48911.8 92454.2 176054 -4.26019e+06 428013 562093 738294 981388 1.33122e+06 1.83041e+06 2.54876e+06 3.60535e+06 5.17653e+06 7.50409e+06 1.09771e+07 1.62247e+07 2.40263e+07 3.55266e+07 5.19834e+07 7.51201e+07 1.08326e+08 1.56396e+08 
5.02227 1.13898 2.05459 3.70946 6.70432 12.127 21.962 39.836 72.3766 131.684 240.156 439.238 804.984 1480.01 2732.55 5066.26 9425.73 17642.5 33267.3 62981.6 120149 228899 -5.03855e+06 585992 772149 1.03006e+06 1.40316e+06 1.93833e+06 2.71265e+06 3.85823e+06 5.57137e+06 8.12298e+06 1.19504e+07 1.77558e+07 2.64194e+07 3.92315e+07 5.75963e+07 8.34023e+07 1.2044e+08 1.74047e+08 
3.34374 0.758406 1.36827 2.47076 4.46637 8.08075 14.638 26.5591 48.2708 87.8616 160.31 293.356 537.972 989.823 1829.05 3394.45 6322.79 11850.5 22379.6 42447.8 81150.6 156760 305585 -5.97853e+06 792778 1.06214e+06 1.4543e+06 2.02044e+06 2.84514e+06 4.07422e+06 5.92552e+06 8.70194e+06 1.28946e+07 1.92861e+07 2.88701e+07 4.3101e+07 6.35438e+07 9.22531e+07 1.33458e+08 1.93077e+08 
2.18359 0.495334 0.893797 1.61427 2.9187 5.28195 9.57081 17.3709 31.5832 57.5132 104.991 192.239 352.787 649.631 1201.54 2232.31 4163.53 7815.18 14783.9 28099.1 53848.3 104304 203980 401603 -7.14443e+06 1.07901e+06 1.48611e+06 2.07823e+06 2.94759e+06 4.25451e+06 6.24008e+06 9.24251e+06 1.38132e+07 2.08239e+07 3.1397e+07 4.71735e+07 6.98963e+07 1.01788e+08 1.4756e+08 2.13757e+08 
1.39364 0.316184 0.570633 1.03081 1.8642 3.37454 6.11655 11.1054 20.1999 36.8024 67.2215 123.161 226.195 416.898 771.876 1435.76 2681.74 5042.09 9555.94 18204.4 34979.7 67962 133383 263742 528906 -8.62682e+06 1.49079e+06 2.1085e+06 3.01526e+06 4.39219e+06 6.50552e+06 9.73245e+06 1.46922e+07 2.23565e+07 3.39942e+07 5.14607e+07 7.66982e+07 1.12099e+08 1.62904e+08 2.36335e+08 
0.873584 0.198229 0.357826 0.646538 1.16955 2.11775 3.83993 6.97476 12.6925 23.1379 42.29 77.5393 142.535 262.976 487.47 907.988 1698.79 3200.12 6078.18 11610.3 22379 43636 86003.5 170932 344806 705646 -1.04668e+07 2.07704e+06 3.00112e+06 4.42288e+06 6.63492e+06 1.00571e+07 1.53862e+07 2.37071e+07 3.64598e+07 5.57514e+07 8.37499e+07 1.23001e+08 1.79326e+08 2.60651e+08 
0.531539 0.120636 0.217808 0.393643 0.712273 1.29017 2.34026 4.25266 7.74283 14.1235 25.8321 47.4009 87.2174 161.096 299 557.763 1045.43 1973.44 3757.13 7197.72 13921.3 27251.4 53961.1 107860 219009 453302 943383 -1.28391e+07 2.91628e+06 4.35714e+06 6.63662e+06 1.02209e+07 1.58947e+07 2.48747e+07 3.88012e+07 6.00817e+07 9.11449e+07 1.34679e+08 1.9714e+08 2.87191e+08 
0.311575 0.0707268 0.127726 0.230899 0.41792 0.757265 1.37417 2.49827 4.55105 8.30683 15.2046 27.9232 51.4311 95.1096 176.765 330.266 620.222 1173.37 2239.57 4303.92 8354.95 16424.4 32686.6 65741.4 134449 280583 589996 1.26227e+06 -1.59593e+07 4.1467e+06 6.49874e+06 1.01987e+07 1.61739e+07 2.57962e+07 4.09415e+07 6.43797e+07 9.88464e+07 1.47158e+08 2.16466e+08 3.16187e+08 
0.17526 0.0397915 0.0718773 0.129972 0.235319 0.426553 0.77438 1.40853 2.56734 4.68927 8.58982 15.7892 29.1132 53.9058 100.33 187.772 353.35 670.068 1282.39 2472.74 4819.23 9517.23 19044.3 38563.8 79495 167424 356182 772545 1.69865e+06 -2.01596e+07 6.1368e+06 9.85683e+06 1.60214e+07 2.61847e+07 4.25018e+07 6.81877e+07 1.06347e+08 1.59891e+08 2.36707e+08 3.46909e+08 
0.0929678 0.0211119 0.0381448 0.0689947 0.124956 0.226588 0.411538 0.748924 1.36586 2.49651 4.57676 8.42029 15.5431 28.8165 53.7126 100.699 189.895 360.978 692.765 1340.46 2623.23 5205.18 10475.5 21364.7 44413.5 94461.3 203534 448233 1.01406e+06 2.33763e+06 -2.57999e+07 8.94314e+06 1.50012e+07 2.53362e+07 4.24108e+07 6.99693e+07 1.11555e+08 1.70093e+08 2.54108e+08 3.74111e+08 
0.0374004 0.00849492 0.0153522 0.0277761 0.0503208 0.0912833 0.165864 0.301992 0.551079 1.00795 1.84931 3.4054 6.29294 11.6819 21.8063 40.9519 77.3878 147.465 283.789 551.024 1082.76 2158.75 4369.52 8976.22 18820.1 40429.7 88263.7 197494 455288 1.07418e+06 2.55857e+06 -3.50612e+07 1.08601e+07 1.90961e+07 3.32278e+07 5.68222e+07 9.32413e+07 1.44851e+08 2.19041e+08 3.24423e+08 
0.0185735 0.00421952 0.00762743 0.0138037 0.0250152 0.045395 0.0825192 0.150317 0.274455 0.502335 0.92236 1.69997 3.14481 5.84521 10.9268 20.5548 38.9231 74.346 143.465 279.515 551.479 1104.7 2248.8 4653.02 9839.59 21351 47237.9 107440 252586 610790 1.50136e+06 3.79914e+06 -4.69778e+07 1.83486e+07 3.35374e+07 5.99846e+07 1.02107e+08 1.625e+08 2.49628e+08 3.72594e+08 
0.00878449 0.00199601 0.00360889 0.0065328 0.0118421 0.0214971 0.0390931 0.0712438 0.130147 0.238358 0.437972 0.807866 1.49597 2.78374 5.21067 9.81719 18.6252 35.6532 68.972 134.801 266.951 537.064 1099.01 2289.1 4879.09 10686.3 23940.4 55305.2 132508 328347 834052 2.1973e+06 6.03525e+06 -6.30352e+07 3.1484e+07 6.01501e+07 1.08527e+08 1.7984e+08 2.83873e+08 4.29626e+08 
0.0031101 0.000706797 0.00127818 0.0023143 0.00419626 0.00761991 0.013862 0.0252728 0.0461902 0.0846439 0.155632 0.287288 0.532473 0.991898 1.85891 3.50729 6.66563 12.7853 24.7902 48.5902 96.5527 195.019 400.985 840.255 1803.87 3984.47 9028.35 21154.1 51569.4 130688 342349 937536 2.70499e+06 7.72026e+06 -8.8973e+07 4.58824e+07 8.95937e+07 1.57636e+08 2.59653e+08 4.02409e+08 
0.000931575 0.00021174 0.000382985 0.00069358 0.00125789 0.00228482 0.00415787 0.00758332 0.0138657 0.0254222 0.0467709 0.0863944 0.160259 0.298817 0.560622 1.0591 2.01596 3.87374 7.52648 14.7902 29.4787 59.752 123.381 259.932 561.597 1249.82 2860.61 6787.36 16802.9 43445.2 117033 332210 1.0025e+06 3.05623e+06 9.50724e+06 -1.2757e+08 6.45389e+07 1.24678e+08 2.18871e+08 3.52803e+08 
0.000230213 5.23318e-05 9.46685e-05 0.000171471 0.000311039 0.000565095 0.00102861 0.00187658 0.00343238 0.00629571 0.011588 0.0214164 0.0397522 0.0741771 0.139285 0.263394 0.501975 0.965921 1.87975 3.70134 7.3948 15.0304 31.1396 65.8796 143.05 320.232 738.741 1770.1 4435.1 11648.5 32077.2 93715 293362 947971 3.19148e+06 1.1095e+07 -1.81409e+08 8.31635e+07 1.62386e+08 2.81998e+08 
4.57844e-05 1.04085e-05 1.88307e-05 3.41111e-05 6.18828e-05 0.000112444 0.000204709 0.000373536 0.000683365 0.00125376 0.00230836 0.00426762 0.00792457 0.0147941 0.0277943 0.052593 0.100308 0.193186 0.37633 0.741939 1.48449 3.02247 6.27476 13.3094 28.9889 65.1301 150.98 363.969 918.81 2437.06 6806.03 20259.3 64968.6 218597 781392 2.9826e+06 1.15727e+07 -2.47808e+08 9.78484e+07 1.99278e+08 
7.15274e-06 1.62617e-06 2.9422e-06 5.3301e-06 9.67044e-06 1.75735e-05 3.1997e-05 5.83931e-05 0.000106844 0.000196061 0.000361055 0.000667666 0.00124015 0.00231598 0.0043528 0.00824016 0.0157246 0.0303032 0.0590732 0.116566 0.233468 0.475915 0.989423 2.10239 4.58874 10.3348 24.0349 58.1743 147.579 393.952 1110.24 3345.16 10897.7 37676.6 140540 571722 2.4674e+06 1.06842e+07 -3.27946e+08 1.19785e+08 
8.47643e-07 1.92718e-07 3.487e-07 6.31739e-07 1.14624e-06 2.08314e-06 3.79322e-06 6.92312e-06 1.26689e-05 2.32508e-05 4.2824e-05 7.92042e-05 0.000147148 0.000274864 0.000516739 0.000978536 0.00186803 0.0036015 0.00702422 0.0138689 0.027797 0.0567079 0.118005 0.251027 0.548613 1.23743 2.88325 6.99439 17.791 47.651 134.903 408.909 1342.45 4706.09 17976.1 76059.3 353639 1.79586e+06 9.88609e+06 -4.17078e+08 
dt_FE: 1.09128e-09
dt_EA: 1.09128e-09
dt_PE: 1.09128e-09
tolC: 1e-06
dt_grow: 1.03
dt_max: 0.1
steps: 0
