t: 3.70795e-07
dt: 2.39031e-09
N: 0.275712 0.310122 0.347407 0.387452 0.429985 0.474482 0.52039 0.567002 0.613382 0.658391 0.701124 0.740559 0.775495 0.805334 0.829637 0.848064 0.860495 0.867349 0.868883 0.865099 0.856161 0.841735 0.820933 0.792287 0.753762 0.702583 0.635645 0.55077 0.448723 0.336042 0.225888 0.1336 0.0686282 0.0303896 0.0115177 0.00369303 0.000983601 0.000212197 3.59294e-05 4.59851e-06 
eC: 1 1.15749 1.33977 1.55077 1.795 2.07768 2.40489 2.78363 3.22201 3.72944 4.31677 4.99661 5.78351 6.69433 7.7486 8.9689 10.3814 12.0163 13.9087 16.0991 18.6345 21.5692 24.9661 28.8979 33.4489 38.7167 44.814 51.8717 60.0407 69.4963 80.4411 93.1095 107.773 124.746 144.391 167.131 193.452 223.918 259.182 300 
dV: 1.08333 0.211322 0.327712 0.508206 0.788112 1.22218 1.89532 2.93921 4.55805 7.06849 10.9616 16.999 26.3615 40.8807 63.3966 98.3136 152.462 236.434 366.655 568.597 881.764 1367.42 2120.55 3288.49 5099.69 7908.45 12264.2 19019 29494.1 45738.6 70930.1 109996 170579 264529 410225 636165 986546 1.52991e+06 2.37254e+06 3.67926e+06 
kVec: 1.02748e+06 1.19051e+06 1.37172e+06 1.58025e+06 1.81993e+06 2.09439e+06 2.40838e+06 2.76712e+06 3.17598e+06 3.63922e+06 4.16423e+06 4.75772e+06 5.42155e+06 6.16295e+06 6.98803e+06 7.89893e+06 8.88688e+06 9.95948e+06 1.11159e+07 1.23147e+07 1.35568e+07 1.48301e+07 1.61037e+07 1.72984e+07 1.84575e+07 1.96235e+07 2.06657e+07 2.18329e+07 2.34218e+07 2.58857e+07 2.97149e+07 3.61693e+07 4.71241e+07 6.38713e+07 8.94944e+07 1.28167e+08 1.82268e+08 2.4889e+08 3.2918e+08 4.18356e+08 
cMat: 
-72660.5 695.413 817.149 951.836 1109.6 1295.35 1514.18 1772.22 2077.68 2441.89 2875.62 3393.54 4020.21 4778.68 5698.85 6826.4 8228.11 9966.61 12135.4 14917.3 18477.5 23057.9 29066 37108.8 47837.6 62286.6 82485.7 110501 149648 205490 286158 402386 571229 821370 1.18592e+06 1.71431e+06 2.46431e+06 3.52195e+06 5.03904e+06 7.23544e+06 
3368.81 -87323.1 897.066 1044.93 1218.13 1422.07 1662.33 1945.63 2281.02 2680.91 3157.16 3725.87 4414.02 5246.95 6257.51 7495.88 9035.47 10945.1 13327.6 16384 20295.9 25329.4 31932.6 40773.6 52569 68457.1 90672.3 121490 164561 226012 314800 442751 628654 904106 1.3056e+06 1.88759e+06 2.71372e+06 3.87869e+06 5.54975e+06 7.96908e+06 
2392.6 542.2 -99796.2 1138.26 1326.94 1549.11 1810.86 2119.5 2484.9 2920.6 3439.51 4059.18 4809.05 5716.72 6818.03 8167.72 9845.86 11927.6 14524.9 17857.4 22123.3 27613 34815.9 44461.6 57333.1 74674.2 98926.8 132578 179621 246756 343778 483623 686851 988018 1.42706e+06 2.06358e+06 2.96715e+06 4.2413e+06 6.06898e+06 8.71509e+06 
1669.03 378.231 681.671 -114422 1433.29 1673.28 1956.04 2289.47 2684.22 3154.94 3715.58 4385.12 5195.39 6176.23 7366.41 8825.13 10639 12889.3 15697.4 19300.8 23914.1 29851.9 37644.2 48081.4 62012.2 80784.6 107046 143495 194461 267216 372385 524012 744413 1.07109e+06 1.5474e+06 2.23806e+06 3.21855e+06 4.60112e+06 6.58435e+06 9.45568e+06 
1153.26 261.349 471.024 849.552 -131525 1774.58 2093.14 2449.98 2872.48 3376.29 3976.39 4693.08 5560.47 6610.55 7884.82 9446.77 11389.2 13799.4 16807.3 20667.7 25610.9 31974.5 40327.3 51518 66458.1 86595.9 114776 153899 208622 286763 399751 562696 799611 1.15083e+06 1.66304e+06 2.40587e+06 3.46052e+06 4.9476e+06 7.08078e+06 1.01692e+07 
789.071 178.82 322.287 581.293 1040.08 -151468 2216.09 2593.96 3041.36 3574.91 4210.46 4969.53 5888.31 7000.68 8350.69 10005.6 12064.1 14618.5 17806.8 21899.7 27141.7 33891.3 42753.2 54629.3 70489.1 91873.4 121809 163384 221557 304656 424855 598257 850458 1.22443e+06 1.76994e+06 2.56126e+06 3.68483e+06 5.26904e+06 7.54157e+06 1.08318e+07 
533.954 121.006 218.092 393.368 710.17 1282.87 -174722 2715.29 3183.72 3742.38 4407.88 5202.78 6165.02 7330.15 8744.32 10478.2 12635.1 15312.1 18654.1 22945.3 28442.4 35522.5 44820.9 57286.3 73938.8 96399.9 127856 171562 232742 320175 446693 629281 894944 1.28898e+06 1.86394e+06 2.69816e+06 3.88278e+06 5.553e+06 7.94894e+06 1.14179e+07 
356.95 80.8942 145.799 262.979 474.781 857.677 1550.89 -201852 3258.46 3870.83 4559.39 5381.9 6377.66 7583.52 9047.32 10842.3 13075.6 15848 19309.8 23755.9 29453.1 36792.8 46435.5 59367.4 76649.7 99970.2 132646 178066 241678 332631 464303 654413 931137 1.34171e+06 1.94099e+06 2.81074e+06 4.04597e+06 5.78745e+06 8.28564e+06 1.19027e+07 
235.683 53.4128 96.2699 173.646 313.506 566.354 1024.14 1835.15 -233652 3953.34 4656.82 5497.24 6514.82 7747.26 9243.54 11078.6 13362.4 16198 19739.5 24289.4 30121.4 37637.3 47515.1 60768.4 78488.1 102410 135948 182591 247953 341461 476903 672558 957494 1.3804e+06 1.99792e+06 2.89443e+06 4.16784e+06 5.96304e+06 8.53834e+06 1.2267e+07 
153.842 34.8657 62.8425 113.354 204.659 369.731 668.609 1210.78 2195.66 -270922 4695.31 5543.08 6569.72 7813.34 9323.44 11175.9 13481.8 16345.6 19923.4 24521.5 30417.6 38019.1 48014.1 61431.7 79380.8 103627 137641 184979 251358 346388 484123 683214 973327 1.40411e+06 2.03341e+06 2.94737e+06 4.24581e+06 6.07615e+06 8.70192e+06 1.25037e+07 
99.2311 22.4895 40.5363 73.1207 132.022 238.515 431.341 781.147 1416.63 2571.76 -314907 5523.59 6547.27 7787.53 9293.84 11142 13443.4 16302.4 19875.1 24468.8 30361.7 37962.4 47961.7 61393.3 79372.2 103674 137793 185313 251999 347543 486125 686583 978886 1.41314e+06 2.04784e+06 2.97005e+06 4.28046e+06 6.12753e+06 8.77737e+06 1.26141e+07 
63.3429 14.3562 25.8771 46.6793 84.2837 152.276 275.395 498.759 904.566 1642.28 2987.79 -367153 6411.92 7685.09 9172.91 10998.9 13273.4 16099.8 19633.2 24178.5 30011.9 37539.9 47449.3 60769.3 78611.3 102746 136660 183934 250334 345552 483778 683881 975893 1.40996e+06 2.04477e+06 2.96758e+06 4.27915e+06 6.12769e+06 8.77969e+06 1.26196e+07 
40.2459 9.12166 16.4423 29.6611 53.558 96.7684 175.018 316.989 574.944 1043.93 1899.4 3438.87 -429325 7530.94 8990.51 10782.4 13015.2 15791 19262.6 23730.9 29468.9 36878.2 46638.5 59769.1 77372.1 101205 134731 181512 247290 341720 478942 677787 968240 1.40029e+06 2.0326e+06 2.95234e+06 4.2599e+06 6.10258e+06 8.74627e+06 1.25742e+07 
25.5489 5.79079 10.4386 18.8315 34.0049 61.4434 111.135 201.301 365.143 663.058 1206.56 2201.24 4021.99 -504014 8798.77 10554.9 12744.2 15467.1 18874.2 23262.4 28901.3 36187.8 45794.4 58730.8 76090.4 99618.3 132756 179053 244229 337915 474220 671962 961125 1.3916e+06 2.02214e+06 2.93996e+06 4.24522e+06 6.0844e+06 8.72315e+06 1.2544e+07 
16.3053 3.6958 6.66242 12.0197 21.7057 39.2224 70.9484 128.52 233.147 423.416 770.584 1406.06 2569.52 4708.68 -594475 10276.9 12552.4 15239.8 18604.3 22940.9 28517.7 35729.8 45247.3 58077.9 75314.6 98703.9 131693 177845 242910 336574 473033 671260 961499 1.39398e+06 2.02806e+06 2.95177e+06 4.26592e+06 6.11733e+06 8.77373e+06 1.26202e+07 
10.5628 2.39428 4.31637 7.7876 14.064 25.4156 45.9776 83.2945 151.12 274.484 499.614 911.781 1666.59 3054.75 5557.87 -704939 12540.3 15231.4 18602.7 22951.8 28549.7 35795.9 45368.8 58290.7 75672.5 99291.6 132660 179418 245447 340662 479604 681751 978172 1.42035e+06 2.06937e+06 3.01574e+06 4.36272e+06 6.26007e+06 8.98248e+06 1.29245e+07 
7.02056 1.59144 2.86918 5.17691 9.34991 16.8981 30.5721 55.3917 100.51 182.587 332.403 606.748 1109.31 2033.86 3743.34 6915.01 -840013 15565.6 19021.5 23484.5 29234.9 36686.9 46544.8 59872.1 77827.4 102267 136863 185438 254172 353496 498722 710413 1.0214e+06 1.48592e+06 2.16867e+06 3.16539e+06 4.5848e+06 6.58373e+06 9.45204e+06 1.36053e+07 
4.80206 1.0886 1.96275 3.54167 6.39706 11.5625 20.9214 37.911 68.8006 125.006 227.622 415.582 760.009 1393.88 2566.37 4742.79 8789.7 -1.00772e+06 20029 24747.3 30834.1 38732 49195.6 63366.8 82493.2 108577 145587 197667 271534 378536 535346 764429 1.10168e+06 1.60621e+06 2.34893e+06 3.43466e+06 4.98182e+06 7.16012e+06 1.02859e+07 1.48121e+07 
3.38798 0.768081 1.38495 2.49927 4.51466 8.16102 14.7685 26.7655 48.5819 88.2878 160.798 293.653 537.193 985.581 1815.35 3356.43 6223.88 11605.6 -1.21841e+06 26790.9 33608.4 42264.1 53751.3 69340 90422.1 119236 160227 218059 300303 419772 595315 852413 1.23183e+06 1.80046e+06 2.63905e+06 3.86679e+06 5.61764e+06 8.08204e+06 1.16186e+07 1.67393e+07 
2.47441 0.561007 1.01165 1.8258 3.29848 5.96335 10.7932 19.5642 35.518 64.5624 117.619 214.865 393.209 721.725 1330 2460.45 4565.53 8519.8 15917.8 -1.48181e+06 37693.5 47465.7 60461.7 78141.4 102111 134960 181844 248203 342889 480916 684401 983375 1.42595e+06 2.09073e+06 3.07334e+06 4.5147e+06 6.57213e+06 9.46707e+06 1.36216e+07 1.9637e+07 
1.85472 0.420542 0.758431 1.36894 2.47343 4.47242 8.09613 14.6783 26.6539 48.463 88.3171 161.393 295.479 542.61 1000.48 1852.05 3439.26 6423.7 12083.6 22809.7 -1.81719e+06 54695.4 69797.4 90400.5 118415 156926 212104 290499 402798 567180 810486 1.16933e+06 1.70247e+06 2.50547e+06 3.69556e+06 5.44523e+06 7.94561e+06 1.14624e+07 1.65096e+07 2.38169e+07 
1.41652 0.321213 0.579359 1.04585 1.88993 3.41792 6.18844 11.2221 20.3831 37.0727 67.5834 123.552 226.308 415.815 767.171 1421.18 2641.44 4938.46 9300.08 17579.2 33474.8 -2.24993e+06 81382.4 106876 140379 186601 253117 348034 484620 685521 984264 1.42683e+06 2.08719e+06 3.08497e+06 4.56836e+06 6.75502e+06 9.88413e+06 1.42833e+07 2.05971e+07 2.9737e+07 
1.09791 0.248991 0.44915 0.810919 1.46562 2.65107 4.80107 8.70848 15.8221 28.7873 52.5002 96.0211 175.976 323.542 597.357 1107.53 2060.54 3856.81 7272.5 13768.3 26265.5 50039.2 -2.81294e+06 128103 168798 225180 306742 423735 593008 843441 1.21795e+06 1.77575e+06 2.61245e+06 3.88157e+06 5.77551e+06 8.57634e+06 1.2591e+07 1.82324e+07 2.63293e+07 3.80482e+07 
0.860113 0.195085 0.351962 0.635555 1.14889 2.07862 3.76534 6.83183 12.4167 22.6007 41.2367 75.4602 138.383 254.613 470.488 873.157 1626.42 3048.32 5756.72 10918.9 20874.4 40323.5 78605.9 -3.54159e+06 203927 273215 374090 519720 731857 1.04801e+06 1.52423e+06 2.23841e+06 3.31688e+06 4.96097e+06 7.42626e+06 1.10869e+07 1.63454e+07 2.37303e+07 3.43295e+07 4.96652e+07 
0.673972 0.152886 0.275873 0.498248 0.900866 1.63029 2.95406 5.36158 9.74825 17.7516 32.4059 59.3351 108.889 200.511 370.86 689.009 1285.09 2412.18 4563.09 8672.88 16620.5 32193.8 62959 123956 -4.50837e+06 333040 458692 641452 909784 1.31317e+06 1.92602e+06 2.85273e+06 4.26348e+06 6.42737e+06 9.69078e+06 1.45603e+07 2.15737e+07 3.14173e+07 4.55449e+07 6.59767e+07 
0.524207 0.11893 0.21464 0.387734 0.701207 1.26931 2.3007 4.17723 7.59805 13.843 25.2849 46.3263 85.0819 156.813 290.336 540.051 1008.72 1896.55 3594.41 6847.47 13157.4 25563.5 50171.3 99205 198945 -5.81208e+06 560750 793097 1.13417e+06 1.65209e+06 2.44701e+06 3.6608e+06 5.52639e+06 8.40924e+06 1.27867e+07 1.93566e+07 2.88495e+07 4.21653e+07 6.12753e+07 8.8896e+07 
0.40339 0.091535 0.165231 0.298548 0.540056 0.977903 1.77314 3.2207 5.86095 10.6842 19.528 35.8049 65.8174 121.433 225.096 419.277 784.443 1477.7 2806.69 5361.21 10333.8 20149.6 39713.4 78930.2 159219 325842 -7.51524e+06 959102 1.38581e+06 2.04233e+06 3.06377e+06 4.64403e+06 7.10481e+06 1.09471e+07 1.68358e+07 2.5744e+07 3.86727e+07 5.67976e+07 8.28065e+07 1.2036e+08 
0.301113 0.0683392 0.123387 0.222996 0.403498 0.730875 1.32574 2.4091 4.38626 8.00085 14.6337 26.8523 49.4081 91.26 169.381 315.969 592.23 1117.94 2128.39 4077.46 7886.3 15437.7 30568.6 61101.9 124067 256792 534420 -9.80203e+06 1.65205e+06 2.46829e+06 3.7596e+06 5.79009e+06 9.00422e+06 1.40913e+07 2.19806e+07 3.40359e+07 5.16329e+07 7.62946e+07 1.11679e+08 1.62692e+08 
0.213844 0.0485421 0.0876628 0.158473 0.286832 0.519736 0.943141 1.71465 3.12354 5.70125 10.4354 19.1646 35.2988 65.2768 121.32 226.672 425.679 805.323 1537.09 2953.92 5734.27 11272.6 22433.9 45120.4 92276.8 192573 404933 866335 -1.29124e+07 2.84601e+06 4.4603e+06 6.99969e+06 1.11007e+07 1.77048e+07 2.80995e+07 4.41859e+07 6.78415e+07 1.00999e+08 1.48568e+08 2.17009e+08 
0.141647 0.0321599 0.058092 0.105045 0.190187 0.344744 0.625862 1.13839 2.07495 3.78991 6.94238 12.761 23.5296 43.5672 81.088 151.759 285.581 541.556 1036.44 1998.5 3894.95 7691.93 15391.8 31167.7 64248.7 135314 287870 624379 1.37286e+06 -1.71911e+07 4.95982e+06 7.96639e+06 1.29486e+07 2.11627e+07 3.43504e+07 5.511e+07 8.59509e+07 1.29226e+08 1.91309e+08 2.80375e+08 
0.085454 0.0194057 0.0350619 0.0634185 0.114857 0.208275 0.378277 0.688395 1.25547 2.29473 4.20686 7.73975 14.2868 26.4875 49.3715 92.56 174.547 331.803 636.775 1232.13 2411.22 4784.49 9628.82 19638 40824 86826.8 187084 412006 932104 2.1487e+06 -2.30072e+07 8.22035e+06 1.37888e+07 2.32885e+07 3.89831e+07 6.43143e+07 1.02539e+08 1.56345e+08 2.3357e+08 3.43875e+08 
0.0458171 0.0104066 0.0188071 0.0340269 0.0616451 0.111826 0.203191 0.369953 0.675095 1.23479 2.26548 4.17176 7.70912 14.3108 26.7137 50.1678 94.8032 180.651 347.654 675.028 1326.43 2644.56 5352.84 10996.2 23055.4 49528.1 108127 241939 557747 1.31592e+06 3.13435e+06 -3.13405e+07 1.33041e+07 2.33936e+07 4.07054e+07 6.96095e+07 1.14224e+08 1.77449e+08 2.68334e+08 3.97432e+08 
0.0215428 0.00489407 0.00884679 0.0160104 0.0290142 0.052652 0.0957111 0.174347 0.31833 0.58264 1.06981 1.97173 3.64755 6.77965 12.6736 23.8408 45.1455 86.2313 166.4 324.2 639.641 1281.3 2608.3 5396.87 11412.6 24764.3 54789.6 124616 292965 708434 1.74137e+06 4.40649e+06 -4.3892e+07 2.12818e+07 3.88989e+07 6.95739e+07 1.1843e+08 1.88478e+08 2.89534e+08 4.32158e+08 
0.00884491 0.00200974 0.00363372 0.00657773 0.0119236 0.021645 0.039362 0.0717338 0.131042 0.239997 0.440985 0.813423 1.50626 2.80289 5.24651 9.88472 18.7533 35.8985 69.4464 135.728 268.787 540.758 1106.57 2304.85 4912.65 10759.8 24105 55685.6 133419 330605 839789 2.21242e+06 6.07676e+06 -6.19312e+07 3.17006e+07 6.05638e+07 1.09274e+08 1.81077e+08 2.85826e+08 4.32581e+08 
0.00312105 0.000709286 0.00128268 0.00232244 0.00421103 0.00764673 0.0139108 0.0253618 0.0463528 0.0849419 0.15618 0.2883 0.534348 0.99539 1.86546 3.51964 6.68909 12.8303 24.8775 48.7613 96.8927 195.706 402.396 843.213 1810.23 3998.5 9060.14 21228.6 51751 131148 343555 940837 2.71451e+06 7.74744e+06 -8.8464e+07 4.60439e+07 8.99091e+07 1.5819e+08 2.60567e+08 4.03826e+08 
0.000932831 0.000212026 0.000383501 0.000694515 0.00125958 0.0022879 0.00416347 0.00759354 0.0138844 0.0254565 0.046834 0.0865108 0.160475 0.29922 0.561378 1.06053 2.01868 3.87897 7.53662 14.8102 29.5185 59.8325 123.547 260.282 562.354 1251.51 2864.46 6796.51 16825.6 43503.8 117191 332658 1.00385e+06 3.06035e+06 9.52006e+06 -1.27694e+08 6.46259e+07 1.24846e+08 2.19166e+08 3.53279e+08 
0.000230301 5.23518e-05 9.47047e-05 0.000171537 0.000311158 0.000565311 0.00102901 0.0018773 0.00343369 0.00629811 0.0115924 0.0214246 0.0397674 0.0742055 0.139339 0.263495 0.502167 0.96629 1.88047 3.70275 7.39762 15.0361 31.1515 65.9048 143.104 320.354 739.024 1770.77 4436.8 11652.9 32089.4 93750.8 293474 948334 3.1927e+06 1.10992e+07 -1.82089e+08 8.31952e+07 1.62448e+08 2.82106e+08 
4.57882e-05 1.04093e-05 1.88322e-05 3.41139e-05 6.18879e-05 0.000112453 0.000204726 0.000373567 0.000683422 0.00125386 0.00230856 0.00426798 0.00792523 0.0147953 0.0277966 0.0525974 0.100316 0.193202 0.376361 0.742001 1.48461 3.02272 6.27528 13.3105 28.9913 65.1355 150.992 363.999 918.886 2437.27 6806.59 20260.9 64973.9 218615 781457 2.98285e+06 1.15736e+07 -2.48837e+08 9.78565e+07 1.99294e+08 
7.15284e-06 1.62619e-06 2.94225e-06 5.33017e-06 9.67058e-06 1.75737e-05 3.19975e-05 5.83939e-05 0.000106845 0.000196064 0.00036106 0.000667675 0.00124017 0.00231601 0.00435286 0.00824028 0.0157248 0.0303036 0.059074 0.116568 0.233471 0.475922 0.989437 2.10242 4.5888 10.335 24.0353 58.1752 147.581 393.958 1110.25 3345.21 10897.8 37677.1 140542 571730 2.46744e+06 1.06844e+07 -3.29168e+08 1.19787e+08 
8.47644e-07 1.92719e-07 3.487e-07 6.3174e-07 1.14624e-06 2.08314e-06 3.79322e-06 6.92314e-06 1.26689e-05 2.32509e-05 4.28241e-05 7.92043e-05 0.000147148 0.000274865 0.00051674 0.000978537 0.00186804 0.00360151 0.00702424 0.0138689 0.027797 0.056708 0.118005 0.251028 0.548614 1.23744 2.88325 6.9944 17.791 47.651 134.904 408.91 1342.45 4706.1 17976.1 76059.5 353639 1.79586e+06 9.88611e+06 -4.18354e+08 
dt_FE: 2.39031e-09
dt_EA: 2.39031e-09
dt_PE: 2.39031e-09
tolC: 1e-06
dt_grow: 1.03
dt_max: 0.1
steps: 0
