t
0.0000007951035141837048839
dt
0.0000000105617352548448296
DN
-0.0000000030633654884322598
TC
1385.0000
N
4.56904715e-01
7.96903492e-01
8.81568356e-01
8.98464224e-01
8.95805510e-01
8.86241907e-01
8.73047013e-01
8.56895214e-01
8.37673565e-01
8.14989637e-01
7.88330277e-01
7.57132472e-01
7.20844860e-01
6.79008118e-01
6.31365113e-01
5.77998974e-01
5.19480227e-01
4.56982664e-01
3.92310228e-01
3.27780104e-01
2.65944932e-01
2.09204399e-01
1.59419002e-01
1.17651626e-01
8.41099553e-02
5.82772134e-02
3.91536751e-02
2.55164740e-02
1.61314902e-02
9.89050208e-03
5.87737508e-03
3.38185327e-03
1.88185028e-03
1.01113784e-03
5.23678631e-04
2.60911444e-04
1.24784096e-04
5.71547849e-05
2.50086976e-05
1.04260993e-05
eC
1.00638940e+00
3.07804198e+00
5.27088624e+00
7.59201189e+00
1.00489234e+01
1.26495642e+01
1.54023425e+01
1.83161584e+01
2.14004324e+01
2.46651365e+01
2.81208258e+01
3.17786729e+01
3.56505041e+01
3.97488374e+01
4.40869232e+01
4.86787870e+01
5.35392748e+01
5.86841012e+01
6.41298999e+01
6.98942779e+01
7.59958720e+01
8.24544093e+01
8.92907710e+01
9.65270599e+01
1.04186672e+02
1.12294371e+02
1.20876370e+02
1.29960417e+02
1.39575880e+02
1.49753848e+02
1.60527227e+02
1.71930848e+02
1.84001582e+02
1.96778453e+02
2.10302771e+02
2.24618262e+02
2.39771209e+02
2.55810604e+02
2.72788303e+02
2.90759198e+02
