t
0.0000002571281875435210986
dt
0.0000000033008021186852931
DN
0.0000000000000004355961589
TC
623.0000
N
1.69726642e-01
4.13809010e-01
5.71612402e-01
6.71998461e-01
7.34082401e-01
7.70350844e-01
7.88836529e-01
7.94607455e-01
7.90769043e-01
7.79131199e-01
7.60652879e-01
7.35746054e-01
7.04498333e-01
6.66856917e-01
6.22802878e-01
5.72530362e-01
5.16626633e-01
4.56224739e-01
3.93076612e-01
3.29485108e-01
2.68059190e-01
2.11323851e-01
1.61294404e-01
1.19169888e-01
8.52603964e-02
5.91058309e-02
3.97249040e-02
2.58951080e-02
1.63735645e-02
1.00400535e-02
5.96672156e-03
3.43346778e-03
1.91066055e-03
1.02665673e-03
5.31732617e-04
2.64931030e-04
1.26709247e-04
5.80376073e-05
2.53953729e-05
1.05874422e-05
eC
1.00638940e+00
3.07804198e+00
5.27088624e+00
7.59201189e+00
1.00489234e+01
1.26495642e+01
1.54023425e+01
1.83161584e+01
2.14004324e+01
2.46651365e+01
2.81208258e+01
3.17786729e+01
3.56505041e+01
3.97488374e+01
4.40869232e+01
4.86787870e+01
5.35392748e+01
5.86841012e+01
6.41298999e+01
6.98942779e+01
7.59958720e+01
8.24544093e+01
8.92907710e+01
9.65270599e+01
1.04186672e+02
1.12294371e+02
1.20876370e+02
1.29960417e+02
1.39575880e+02
1.49753848e+02
1.60527227e+02
1.71930848e+02
1.84001582e+02
1.96778453e+02
2.10302771e+02
2.24618262e+02
2.39771209e+02
2.55810604e+02
2.72788303e+02
2.90759198e+02
