t
0.0000020078978786116958595
dt
0.0000000504122189755837810
DN
-0.0000000045226387564601350
TC
1787.0000
N
7.69103188e-01
9.20318983e-01
9.18589951e-01
9.10059898e-01
8.99809035e-01
8.87810307e-01
8.73754928e-01
8.57261349e-01
8.37884987e-01
8.15120947e-01
7.88414468e-01
7.57185668e-01
7.20875729e-01
6.79021826e-01
6.31365166e-01
5.77988169e-01
5.19461155e-01
4.56957940e-01
3.92282490e-01
3.27751855e-01
2.65918298e-01
2.09180910e-01
1.59399490e-01
1.17636272e-01
8.40984532e-02
5.82689737e-02
3.91480087e-02
2.55127218e-02
1.61290924e-02
9.88902135e-03
5.87649093e-03
3.38134288e-03
1.88156563e-03
1.01098466e-03
5.23599204e-04
2.60871836e-04
1.24765141e-04
5.71460980e-05
2.50048948e-05
1.04245133e-05
eC
1.00638940e+00
3.07804198e+00
5.27088624e+00
7.59201189e+00
1.00489234e+01
1.26495642e+01
1.54023425e+01
1.83161584e+01
2.14004324e+01
2.46651365e+01
2.81208258e+01
3.17786729e+01
3.56505041e+01
3.97488374e+01
4.40869232e+01
4.86787870e+01
5.35392748e+01
5.86841012e+01
6.41298999e+01
6.98942779e+01
7.59958720e+01
8.24544093e+01
8.92907710e+01
9.65270599e+01
1.04186672e+02
1.12294371e+02
1.20876370e+02
1.29960417e+02
1.39575880e+02
1.49753848e+02
1.60527227e+02
1.71930848e+02
1.84001582e+02
1.96778453e+02
2.10302771e+02
2.24618262e+02
2.39771209e+02
2.55810604e+02
2.72788303e+02
2.90759198e+02
