t
0.0000000610796046975508701
dt
0.0000000043834488218997120
DN
0.0000000000000002177980794
TC
158.0000
N
3.67149026e-02
1.04319598e-01
1.65557137e-01
2.20459737e-01
2.69087453e-01
3.11520701e-01
3.47851356e-01
3.78173591e-01
4.02575145e-01
4.21129796e-01
4.33892008e-01
4.40894975e-01
4.42153609e-01
4.37674365e-01
4.27474085e-01
4.11610051e-01
3.90222867e-01
3.63592120e-01
3.32201595e-01
2.96814012e-01
2.58712929e-01
2.21457616e-01
1.93906025e-01
1.70818734e-01
1.23903905e-01
7.74132718e-02
5.09247229e-02
3.35123509e-02
2.13465131e-02
1.31501625e-02
7.83774682e-03
4.51862922e-03
2.51777836e-03
1.35413539e-03
7.01828122e-04
3.49865585e-04
1.67401391e-04
7.67023174e-05
3.35720223e-05
1.39997549e-05
eC
1.00638940e+00
3.07804198e+00
5.27088624e+00
7.59201189e+00
1.00489234e+01
1.26495642e+01
1.54023425e+01
1.83161584e+01
2.14004324e+01
2.46651365e+01
2.81208258e+01
3.17786729e+01
3.56505041e+01
3.97488374e+01
4.40869232e+01
4.86787870e+01
5.35392748e+01
5.86841012e+01
6.41298999e+01
6.98942779e+01
7.59958720e+01
8.24544093e+01
8.92907710e+01
9.65270599e+01
1.04186672e+02
1.12294371e+02
1.20876370e+02
1.29960417e+02
1.39575880e+02
1.49753848e+02
1.60527227e+02
1.71930848e+02
1.84001582e+02
1.96778453e+02
2.10302771e+02
2.24618262e+02
2.39771209e+02
2.55810604e+02
2.72788303e+02
2.90759198e+02
