t
0.0000029827266406642291709
dt
0.0000001293812738482291662
DN
0.0000000062591681084247773
TC
1869.0000
N
8.62039384e-01
9.25860799e-01
9.18903833e-01
9.10094418e-01
8.99818712e-01
8.87814753e-01
8.73757327e-01
8.57262689e-01
8.37885690e-01
8.15121220e-01
7.88414424e-01
7.57185371e-01
7.20875222e-01
6.79021139e-01
6.31364328e-01
5.77987211e-01
5.19460115e-01
4.56956862e-01
3.92281424e-01
3.27750849e-01
2.65917394e-01
2.09180136e-01
1.59398858e-01
1.17635781e-01
8.40980877e-02
5.82687128e-02
3.91478297e-02
2.55126034e-02
1.61290168e-02
9.88897470e-03
5.87646309e-03
3.38132681e-03
1.88155668e-03
1.01097984e-03
5.23596707e-04
2.60870592e-04
1.24764546e-04
5.71458252e-05
2.50047755e-05
1.04244636e-05
eC
1.00638940e+00
3.07804198e+00
5.27088624e+00
7.59201189e+00
1.00489234e+01
1.26495642e+01
1.54023425e+01
1.83161584e+01
2.14004324e+01
2.46651365e+01
2.81208258e+01
3.17786729e+01
3.56505041e+01
3.97488374e+01
4.40869232e+01
4.86787870e+01
5.35392748e+01
5.86841012e+01
6.41298999e+01
6.98942779e+01
7.59958720e+01
8.24544093e+01
8.92907710e+01
9.65270599e+01
1.04186672e+02
1.12294371e+02
1.20876370e+02
1.29960417e+02
1.39575880e+02
1.49753848e+02
1.60527227e+02
1.71930848e+02
1.84001582e+02
1.96778453e+02
2.10302771e+02
2.24618262e+02
2.39771209e+02
2.55810604e+02
2.72788303e+02
2.90759198e+02
