t: 3.45032e-09
dt: 4.98994e-10
N: 0.00206619 0.00238653 0.00275536 0.00318008 0.00366888 0.00423004 0.00487399 0.00561254 0.00645781 0.0074215 0.00852052 0.00977178 0.0111852 0.0127804 0.0145773 0.0165866 0.018807 0.021261 0.0239578 0.0268329 0.0298886 0.0331032 0.0363669 0.0394826 0.0424112 0.0450241 0.0466477 0.0472351 0.0466212 0.0442691 0.0533594 0.421783 0.3507 0.0125135 0.00482293 0.00171607 0.0004859 0.000106016 1.77806e-05 2.22977e-06 
eC: 1 1.15749 1.33977 1.55077 1.795 2.07768 2.40489 2.78363 3.22201 3.72944 4.31677 4.99661 5.78351 6.69433 7.7486 8.9689 10.3814 12.0163 13.9087 16.0991 18.6345 21.5692 24.9661 28.8979 33.4489 38.7167 44.814 51.8717 60.0407 69.4963 80.4411 93.1095 107.773 124.746 144.391 167.131 193.452 223.918 259.182 300 
dV: 1.08333 0.211322 0.327712 0.508206 0.788112 1.22218 1.89532 2.93921 4.55805 7.06849 10.9616 16.999 26.3615 40.8807 63.3966 98.3136 152.462 236.434 366.655 568.597 881.764 1367.42 2120.55 3288.49 5099.69 7908.45 12264.2 19019 29494.1 45738.6 70930.1 109996 170579 264529 410225 636165 986546 1.52991e+06 2.37254e+06 3.67926e+06 
kVec: 813689 945360 1.09111e+06 1.25961e+06 1.45428e+06 1.67862e+06 1.93707e+06 2.23471e+06 2.57714e+06 2.96963e+06 3.42015e+06 3.93694e+06 4.52597e+06 5.19787e+06 5.96379e+06 6.83444e+06 7.81412e+06 8.92133e+06 1.01719e+07 1.15536e+07 1.30891e+07 1.47937e+07 1.66695e+07 1.8673e+07 2.08554e+07 2.32625e+07 2.57093e+07 2.83385e+07 3.12711e+07 3.46104e+07 3.83982e+07 4.34308e+07 5.1793e+07 6.60792e+07 9.00221e+07 1.27507e+08 1.80814e+08 2.47041e+08 3.27157e+08 4.16328e+08 
cMat: 
-204498 958.149 1125.88 1311.45 1528.82 1784.75 2086.26 2441.79 2862.66 3364.47 3962.07 4675.66 5539.1 6584.13 7851.96 9405.51 11336.8 13732.1 16720.3 20553.2 25458.5 31769.5 40047.5 51129 65911.3 85819.4 113650 152250 206187 283127 394273 554413 787047 1.13169e+06 1.63398e+06 2.362e+06 3.39536e+06 4.85259e+06 6.94285e+06 9.96909e+06 
4871.54 -241591 1297.22 1511.05 1761.51 2056.41 2403.85 2813.53 3298.52 3876.8 4565.49 5387.88 6383 7587.48 9048.81 10839.6 13066 15827.5 19272.7 23692.5 29349.3 36628.2 46176.9 58961.6 76018.7 98993.9 131119 175683 237967 326830 455224 640250 909080 1.3074e+06 1.88799e+06 2.7296e+06 3.92424e+06 5.60887e+06 8.02534e+06 1.15239e+07 
3656.19 828.55 -278421 1739.4 2027.74 2367.23 2767.22 3238.87 3797.25 4463.05 5256.01 6202.94 7348.84 8735.88 10418.8 12481.3 15045.7 18226.8 22196 27288.4 33807.2 42196.2 53203.2 67943 87612.4 114112 151173 202597 274484 377075 525336 739038 1.0496e+06 1.50982e+06 2.18073e+06 3.15341e+06 4.53419e+06 6.48125e+06 9.27418e+06 1.33178e+07 
2716.07 615.509 1109.31 -321447 2332.44 2722.99 3183.13 3725.73 4368.13 5134.15 6046.5 7136.06 8454.63 10050.8 11987.6 14361.4 17313.2 20975.3 25545 31408.8 38916.2 48579 61259.7 78244.5 100915 131464 174200 233514 316454 434850 605995 852743 1.21141e+06 1.74302e+06 2.51813e+06 3.64207e+06 5.23765e+06 7.48757e+06 1.07149e+07 1.53875e+07 
2015.78 456.813 823.304 1484.93 -371635 3101.79 3658.6 4282.33 5020.81 5901.43 6950.34 8203.04 9719.16 11554.6 13781.9 16512 19907.3 24120 29377.5 36125 44765.3 55888.2 70488.1 90048.4 116162 151361 200618 269001 364651 501234 698726 983537 1.39764e+06 2.01154e+06 2.90683e+06 4.20523e+06 6.04864e+06 8.64793e+06 1.23765e+07 1.77748e+07 
1495.16 338.834 610.68 1101.45 1970.77 -430012 4199.13 4915.13 5762.88 6773.87 7978.12 9416.44 11157.4 13265.1 15823.2 18959 22859.4 27699.5 33741 41496.3 51429 64218.4 81010.1 103513 133565 174085 230808 309585 419814 577273 805030 1.1336e+06 1.61148e+06 2.32009e+06 3.35375e+06 4.85315e+06 6.98213e+06 9.98396e+06 1.429e+07 2.05244e+07 
1107.88 251.072 452.512 816.186 1473.51 2661.79 -497896 5633.87 6605.79 7764.93 9145.75 10795.1 12791.6 15209.1 18143.3 21740.8 26216.1 31770.5 38704.8 47608.3 59014.2 73704.4 92997.3 118861 153413 200017 265285 355967 482909 664319 926827 1.30567e+06 1.85689e+06 2.67446e+06 3.86742e+06 5.59832e+06 8.05625e+06 1.15217e+07 1.6493e+07 2.36905e+07 
819.742 185.775 334.831 603.938 1090.34 1969.67 3561.66 -576811 7483.12 8889.44 10470.7 12359.6 14646.4 17415.7 20777.4 24899.5 30028.4 36395.2 44345.3 54555.8 67639.5 84495.4 106640 136338 176028 229583 304624 408932 555019 763894 1.06628e+06 1.50287e+06 2.13838e+06 3.08127e+06 4.45753e+06 6.45492e+06 9.29165e+06 1.3291e+07 1.90281e+07 2.73347e+07 
605.666 137.262 247.397 446.241 805.658 1455.43 2631.86 4716.03 -668706 10159.4 11967.2 14127 16742 19909.1 23754.3 28470.2 34339.1 41626.1 50727.2 62419.5 77406.8 96721.4 122106 156164 201701 263177 349362 469228 637197 877496 1.22556e+06 1.72836e+06 2.4606e+06 3.5474e+06 5.13432e+06 7.43819e+06 1.07106e+07 1.5324e+07 2.19421e+07 3.15242e+07 
447.003 101.306 182.595 329.362 594.656 1074.29 1942.71 3518.03 6379.69 -775295 13642.7 16106 19089 22702.4 27090.2 32472.6 39172.7 47493.8 57889.3 71249.7 88381.3 110468 139510 178496 230649 301097 399928 537473 730346 1.00646e+06 1.40667e+06 1.98514e+06 2.82809e+06 4.07978e+06 5.90828e+06 8.56388e+06 1.23366e+07 1.76548e+07 2.52843e+07 3.63308e+07 
329.185 74.6058 134.474 242.568 437.963 791.241 1430.91 2591.35 4699.47 8531.47 -899398 18323.7 21719.7 25834 30831 36962.2 44596.6 54080.7 65933 81171.9 100721 125935 159106 203664 263306 343924 457109 614750 835971 1.15292e+06 1.61265e+06 2.27764e+06 3.24732e+06 4.68789e+06 6.79343e+06 9.85273e+06 1.41998e+07 2.03272e+07 2.91177e+07 4.18455e+07 
241.766 54.7943 98.7669 178.164 321.692 581.203 1051.12 1903.65 3452.52 6268.21 11403.7 -1.0441e+06 24472.8 29332.2 35010.9 41980.4 50661.5 61449.4 74935.6 92283.7 114549 143281 181103 231943 300041 392158 521600 702035 955467 1.31889e+06 1.84647e+06 2.61022e+06 3.72476e+06 5.3815e+06 7.80441e+06 1.13266e+07 1.63326e+07 2.3388e+07 3.35101e+07 4.81661e+07 
177.26 40.1756 72.4189 130.64 235.892 426.208 770.852 1396.15 2532.29 4597.89 8365.76 15146.2 -1.21224e+06 33169.4 39597.9 47490.1 57324.5 69550.3 84840.6 104521 129793 162427 205415 263248 340779 445749 593411 799456 1.08917e+06 1.50508e+06 2.10946e+06 2.98525e+06 4.26453e+06 6.16745e+06 8.95239e+06 1.30033e+07 1.87624e+07 2.68783e+07 3.85222e+07 5.53819e+07 
129.568 29.3672 52.938 95.5013 172.451 311.601 563.607 1020.87 1851.77 3362.6 6118.88 11163.3 20396.9 -1.40838e+06 44621.7 53527.8 64630.5 78439.3 95718 117972 146569 183521 232240 297845 385881 505200 673255 908040 1.23857e+06 1.71369e+06 2.40494e+06 3.40776e+06 4.87421e+06 7.05733e+06 1.0255e+07 1.49096e+07 2.1529e+07 3.08562e+07 4.42382e+07 6.3615e+07 
94.314 21.3775 38.5371 69.525 125.551 226.872 410.383 743.394 1348.58 2449.15 4457.25 8132.99 14862.8 27236.2 -1.63746e+06 59444.5 72606.4 88151 107612 132696 164954 206671 261722 335938 435639 570928 761747 1.0287e+06 1.40506e+06 1.94683e+06 2.73614e+06 3.88274e+06 5.56155e+06 8.06314e+06 1.17308e+07 1.70738e+07 2.46751e+07 3.53842e+07 5.07495e+07 7.29982e+07 
68.3681 15.4971 27.9379 50.4057 91.0301 164.504 297.592 539.128 978.134 1776.61 3233.78 5901.55 10787.1 19772.1 35973.6 -1.90656e+06 81167.5 98585.8 120407 148557 184790 231691 293652 377290 489795 642670 858649 1.16129e+06 1.58867e+06 2.20495e+06 3.10426e+06 4.41267e+06 6.33127e+06 9.19329e+06 1.33941e+07 1.95196e+07 2.8238e+07 4.05186e+07 5.81396e+07 8.36546e+07 
49.3782 11.1932 20.18 36.4111 65.7613 118.85 215.025 389.59 706.921 1284.2 2337.91 4267.48 7802.15 14304.9 26328.2 48635.8 -2.22012e+06 109479 133786 165175 205620 258032 327367 421103 547388 719279 962610 1.30425e+06 1.78768e+06 2.48627e+06 3.50769e+06 4.9966e+06 7.18386e+06 1.0451e+07 1.5253e+07 2.22633e+07 3.22466e+07 4.63058e+07 6.64796e+07 9.56913e+07 
35.4311 8.03203 14.4817 26.1315 47.1995 85.3118 154.364 279.719 507.632 922.336 1679.47 3066.29 5607.58 10284.5 18935.5 34993.8 64853.1 -2.58929e+06 147780 182593 227503 285776 362980 467540 608661 801113 1.07418e+06 1.45845e+06 2.00346e+06 2.79296e+06 3.94995e+06 5.64019e+06 8.1285e+06 1.18511e+07 1.73312e+07 2.5342e+07 3.67574e+07 5.28296e+07 7.58929e+07 1.09288e+08 
25.2203 5.71764 10.3096 18.6047 33.6074 60.7511 109.938 199.244 361.646 657.219 1196.99 2185.97 3998.89 7336.72 13513.6 24985.5 46330.9 86392.4 -3.02663e+06 199433 250183 314616 400128 516171 673107 887597 1.19274e+06 1.62324e+06 2.23547e+06 3.12481e+06 4.43156e+06 6.34541e+06 9.16978e+06 1.34027e+07 1.96452e+07 2.87846e+07 4.1818e+07 6.01631e+07 8.64892e+07 1.24608e+08 
17.8502 4.04707 7.29801 13.1712 23.795 43.0193 77.8614 141.135 256.225 465.749 848.499 1550.02 2836.58 5206.48 9594.53 17749.5 32935.4 61461.3 114830 -3.53897e+06 271918 342414 436167 563707 736623 973590 1.31181e+06 1.79052e+06 2.47358e+06 3.46929e+06 4.93723e+06 7.09401e+06 1.02867e+07 1.50824e+07 2.21709e+07 3.25688e+07 4.7411e+07 6.82948e+07 9.82654e+07 1.4166e+08 
12.509 2.83632 5.11519 9.23277 16.6819 30.164 54.6039 98.9969 179.766 326.856 595.65 1088.5 1992.84 3659.6 6747.69 12491 23195.9 43324.3 81497.1 153839 -4.14767e+06 368890 470744 609701 798642 1.05838e+06 1.43053e+06 1.95925e+06 2.71665e+06 3.82532e+06 5.46628e+06 7.88645e+06 1.14822e+07 1.6898e+07 2.49245e+07 3.6725e+07 5.35887e+07 7.73076e+07 1.11348e+08 1.60632e+08 
8.65403 1.96241 3.53951 6.38951 11.5463 20.8813 37.8074 68.5601 124.528 226.491 412.892 754.824 1382.6 2540.37 4686.93 8682.52 16137.5 30170.8 56817.6 107398 204510 -4.87418e+06 497195 652947 857628 1.14001e+06 1.54639e+06 2.12627e+06 2.96072e+06 4.1881e+06 6.01323e+06 8.71701e+06 1.27514e+07 1.88472e+07 2.79098e+07 4.12689e+07 6.03858e+07 8.72621e+07 1.25835e+08 1.81674e+08 
5.90832 1.33993 2.41707 4.36389 7.88712 14.2665 25.8366 46.864 85.1455 154.917 282.525 516.73 947.001 1741.11 3214.63 5960.06 11088.6 20755.1 39136.4 74093.1 141346 269282 -5.75344e+06 689375 908374 1.21179e+06 1.65071e+06 2.28029e+06 3.19122e+06 4.53891e+06 6.55429e+06 9.55606e+06 1.40587e+07 2.08884e+07 3.10804e+07 4.61529e+07 6.77576e+07 9.81164e+07 1.41689e+08 2.04753e+08 
3.97737 0.902123 1.62756 2.93896 5.31275 9.61205 17.4119 31.5921 57.4181 104.511 190.689 348.947 639.917 1177.39 2175.66 4037.7 7520.95 14096.2 26620.5 50491.6 96528.6 186466 363493 -6.80274e+06 943009 1.26341e+06 1.72988e+06 2.40331e+06 3.38429e+06 4.84628e+06 7.0484e+06 1.0351e+07 1.53381e+07 2.29408e+07 3.43409e+07 5.12686e+07 7.55852e+07 1.09735e+08 1.58748e+08 2.29664e+08 
2.621 0.594557 1.07284 1.93763 3.50336 6.34 11.488 20.8506 37.9098 69.034 126.023 230.747 423.456 779.762 1442.23 2679.47 4997.55 9380.68 17745.3 33727.8 64635 125198 244840 482050 -8.08496e+06 1.29515e+06 1.7838e+06 2.49453e+06 3.53804e+06 5.10675e+06 7.49006e+06 1.10939e+07 1.65802e+07 2.49953e+07 3.76863e+07 5.66231e+07 8.38976e+07 1.22178e+08 1.77119e+08 2.56575e+08 
1.68318 0.381874 0.689188 1.24497 2.25151 4.07564 7.38732 13.4127 24.3966 44.4484 81.1874 148.749 273.19 503.512 932.241 1734.05 3238.9 6089.64 11541.3 21986.5 42247 82081.8 161095 318537 638791 -9.6855e+06 1.80051e+06 2.54656e+06 3.64171e+06 5.30471e+06 7.8571e+06 1.17545e+07 1.77447e+07 2.70012e+07 4.10569e+07 6.21521e+07 9.2633e+07 1.35389e+08 1.96749e+08 2.85436e+08 
1.05549 0.239506 0.432335 0.781165 1.41308 2.55873 4.63951 8.4271 15.3354 27.9558 51.0959 93.6851 172.214 317.735 588.975 1097.06 2052.53 3866.48 7343.82 14027.8 27038.9 52722.2 103912 206524 416604 852581 -1.16286e+07 2.50953e+06 3.62603e+06 5.34385e+06 8.01649e+06 1.21513e+07 1.85901e+07 2.86436e+07 4.40518e+07 6.73604e+07 1.01189e+08 1.48613e+08 2.16667e+08 3.14926e+08 
0.638626 0.144939 0.261689 0.472948 0.855771 1.5501 2.81174 5.10943 9.30274 16.9689 31.0363 56.9505 104.789 193.552 359.237 670.133 1256.05 2371.01 4514.05 8647.8 16725.9 32741.6 64832.4 129590 263131 544626 1.13344e+06 -1.40711e+07 3.50381e+06 5.23495e+06 7.97367e+06 1.22801e+07 1.90969e+07 2.98861e+07 4.66182e+07 7.2186e+07 1.09507e+08 1.61812e+08 2.36857e+08 3.4505e+08 
0.369821 0.0839487 0.151604 0.274064 0.496047 0.898831 1.63107 2.96531 5.40184 9.85974 18.047 33.1433 61.0458 112.89 209.81 392.007 736.168 1392.73 2658.24 5108.51 9916.85 19494.9 38797.1 78031.3 159584 333036 700292 1.49824e+06 -1.71861e+07 4.9219e+06 7.71364e+06 1.21053e+07 1.91976e+07 3.06187e+07 4.85953e+07 7.6415e+07 1.17325e+08 1.74668e+08 2.56933e+08 3.75296e+08 
0.203893 0.0462924 0.0836202 0.151207 0.273764 0.496241 0.900894 1.63864 2.98678 5.45537 9.99317 18.3688 33.8695 62.7127 116.722 218.449 411.078 779.54 1491.89 2876.73 5606.58 11072.1 22155.6 44864.2 92482.5 194777 414373 898759 1.97616e+06 -2.12536e+07 7.1394e+06 1.14672e+07 1.86389e+07 3.04626e+07 4.94455e+07 7.93278e+07 1.23722e+08 1.86013e+08 2.75378e+08 4.03585e+08 
0.104499 0.0237306 0.0428763 0.0775528 0.140455 0.254694 0.462585 0.84182 1.53528 2.80617 5.14446 9.46473 17.471 32.3909 60.3751 113.189 213.449 405.753 778.695 1506.73 2948.62 5850.83 11774.8 24014.7 49922.5 106178 228780 503832 1.13984e+06 2.62759e+06 -2.65938e+07 1.00524e+07 1.6862e+07 2.84789e+07 4.76714e+07 7.86482e+07 1.25392e+08 1.91191e+08 2.85627e+08 4.20516e+08 
0.0305774 0.00694517 0.0125515 0.0227088 0.0411406 0.0746303 0.135605 0.246899 0.450544 0.82407 1.51194 2.78414 5.1449 9.55075 17.8282 33.4809 63.2697 120.563 232.017 450.499 885.232 1764.92 3572.37 7338.66 15386.7 33054 72161.5 161465 372229 878218 2.0918e+06 -3.6937e+07 8.87888e+06 1.56124e+07 2.7166e+07 4.64559e+07 7.6231e+07 1.18426e+08 1.79081e+08 2.65238e+08 
0.0150184 0.00341187 0.00616749 0.0111616 0.0202271 0.036706 0.0667244 0.121545 0.221922 0.406184 0.745813 1.37458 2.54287 4.72639 8.83531 16.6205 31.4729 60.1156 116.005 226.014 445.922 893.254 1818.36 3762.4 7956.22 17264.3 38196.2 86875.3 204239 493880 1.21399e+06 3.07196e+06 -4.89328e+07 1.48365e+07 2.71181e+07 4.85031e+07 8.25628e+07 1.31396e+08 2.01847e+08 3.01276e+08 
0.00900798 0.00204679 0.00370071 0.006699 0.0121434 0.0220441 0.0400876 0.0730563 0.133458 0.244422 0.449115 0.828419 1.53403 2.85457 5.34324 10.067 19.0991 36.5603 70.7268 138.231 273.742 550.728 1126.97 2347.34 5003.22 10958.1 24549.4 56712.2 135879 336700 855272 2.25321e+06 6.18879e+06 -6.25007e+07 3.2285e+07 6.16804e+07 1.11288e+08 1.84415e+08 2.91095e+08 4.40556e+08 
0.00314219 0.000714089 0.00129137 0.00233817 0.00423955 0.00769852 0.014005 0.0255336 0.0466667 0.0855172 0.157238 0.290252 0.537967 1.00213 1.87809 3.54347 6.7344 12.9172 25.046 49.0916 97.5489 197.031 405.122 848.924 1822.49 4025.58 9121.5 21372.4 52101.5 132036 345881 947209 2.73289e+06 7.79992e+06 -8.83842e+07 4.63558e+07 9.0518e+07 1.59262e+08 2.62332e+08 4.06561e+08 
0.000934682 0.000212446 0.000384262 0.000695893 0.00126208 0.00229244 0.00417174 0.00760861 0.0139119 0.025507 0.0469269 0.0866825 0.160793 0.299813 0.562492 1.06263 2.02269 3.88666 7.55158 14.8396 29.577 59.9512 123.792 260.799 563.47 1253.99 2870.15 6809.99 16859 43590.1 117423 333318 1.00584e+06 3.06643e+06 9.53895e+06 -1.2687e+08 6.47541e+07 1.25093e+08 2.19601e+08 3.5398e+08 
0.000230415 5.23779e-05 9.47519e-05 0.000171622 0.000311313 0.000565593 0.00102952 0.00187823 0.0034354 0.00630125 0.0115982 0.0214353 0.0397872 0.0742424 0.139408 0.263626 0.502417 0.966772 1.88141 3.7046 7.40131 15.0436 31.167 65.9376 143.176 320.514 739.392 1771.65 4439.01 11658.7 32105.4 93797.5 293621 948806 3.19429e+06 1.11048e+07 -1.8061e+08 8.32367e+07 1.62529e+08 2.82246e+08 
4.57931e-05 1.04104e-05 1.88342e-05 3.41175e-05 6.18945e-05 0.000112465 0.000204748 0.000373606 0.000683495 0.00125399 0.0023088 0.00426843 0.00792607 0.0147969 0.0277996 0.052603 0.100327 0.193222 0.376401 0.74208 1.48477 3.02304 6.27595 13.3119 28.9944 65.1424 151.008 364.038 918.984 2437.53 6807.31 20263.1 64980.8 218638 781540 2.98317e+06 1.15748e+07 -2.46989e+08 9.78669e+07 1.99316e+08 
7.15297e-06 1.62622e-06 2.9423e-06 5.33027e-06 9.67075e-06 1.7574e-05 3.1998e-05 5.8395e-05 0.000106847 0.000196067 0.000361067 0.000667687 0.00124019 0.00231605 0.00435294 0.00824043 0.0157251 0.0303042 0.0590751 0.11657 0.233475 0.47593 0.989455 2.10246 4.58888 10.3351 24.0357 58.1762 147.583 393.965 1110.27 3345.27 10898 37677.8 140544 571741 2.46748e+06 1.06846e+07 -3.27147e+08 1.19789e+08 
8.47646e-07 1.92719e-07 3.48701e-07 6.31741e-07 1.14624e-06 2.08315e-06 3.79323e-06 6.92315e-06 1.26689e-05 2.32509e-05 4.28242e-05 7.92045e-05 0.000147149 0.000274866 0.000516742 0.00097854 0.00186804 0.00360152 0.00702425 0.0138689 0.0277971 0.0567081 0.118005 0.251029 0.548615 1.23744 2.88326 6.99442 17.7911 47.6511 134.904 408.911 1342.46 4706.11 17976.2 76059.6 353640 1.79587e+06 9.88613e+06 -4.16327e+08 
dt_FE: 4.98994e-10
dt_EA: 4.98994e-10
dt_PE: 4.98994e-10
tolC: 1e-06
dt_grow: 1.03
dt_max: 0.1
steps: 0
