t: 9.41099e-07
dt: 2.18218e-08
N: 0.568512 0.617526 0.665765 0.712135 0.755475 0.794611 0.828696 0.857156 0.879716 0.896466 0.907972 0.914955 0.918212 0.918591 0.916754 0.913132 0.90792 0.901096 0.892416 0.881428 0.867457 0.849545 0.826361 0.796098 0.756374 0.704248 0.636574 0.551088 0.448588 0.335677 0.225505 0.133318 0.0684667 0.0303144 0.0114886 0.00368361 0.000981083 0.000211653 3.5837e-05 4.58667e-06 
eC: 1 1.15749 1.33977 1.55077 1.795 2.07768 2.40489 2.78363 3.22201 3.72944 4.31677 4.99661 5.78351 6.69433 7.7486 8.9689 10.3814 12.0163 13.9087 16.0991 18.6345 21.5692 24.9661 28.8979 33.4489 38.7167 44.814 51.8717 60.0407 69.4963 80.4411 93.1095 107.773 124.746 144.391 167.131 193.452 223.918 259.182 300 
dV: 1.08333 0.211322 0.327712 0.508206 0.788112 1.22218 1.89532 2.93921 4.55805 7.06849 10.9616 16.999 26.3615 40.8807 63.3966 98.3136 152.462 236.434 366.655 568.597 881.764 1367.42 2120.55 3288.49 5099.69 7908.45 12264.2 19019 29494.1 45738.6 70930.1 109996 170579 264529 410225 636165 986546 1.52991e+06 2.37254e+06 3.67926e+06 
kVec: 1.02995e+06 1.19325e+06 1.37475e+06 1.58359e+06 1.82357e+06 2.09833e+06 2.41257e+06 2.77153e+06 3.18052e+06 3.6438e+06 4.16871e+06 4.76195e+06 5.42532e+06 6.16606e+06 6.99023e+06 7.89998e+06 8.8865e+06 9.9574e+06 1.11119e+07 1.23084e+07 1.35481e+07 1.48186e+07 1.60894e+07 1.72812e+07 1.84375e+07 1.9601e+07 2.06415e+07 2.1808e+07 2.33974e+07 2.58636e+07 2.96966e+07 3.61557e+07 4.71158e+07 6.38682e+07 8.94959e+07 1.28173e+08 1.82276e+08 2.48899e+08 3.2919e+08 4.18366e+08 
cMat: 
-63155.2 414.286 486.809 567.047 661.033 771.692 902.062 1055.78 1237.76 1454.73 1713.13 2021.67 2395 2846.86 3395.04 4066.77 4901.82 5937.52 7229.55 8886.83 11007.8 13736.5 17315.8 22107.2 28498.8 37106.7 49140.1 65829.9 89151.3 122419 170476 239718 340304 489324 706501 1.02129e+06 1.46809e+06 2.09817e+06 3.00196e+06 4.31045e+06 
1867.69 -75177.8 497.341 579.319 675.344 788.406 921.609 1078.68 1264.62 1486.32 1750.36 2065.65 2447.17 2908.96 3469.21 4155.78 5009.34 6068.08 7388.96 9083.43 11252.2 14042.8 17703.7 22605.2 29144.7 37953.2 50269.5 67354.9 91233.7 125303 174528 245465 348531 501244 723833 1.0465e+06 1.50451e+06 2.15038e+06 3.07683e+06 4.41813e+06 
1225.4 277.695 -86481.1 582.975 679.612 793.398 927.456 1085.54 1272.68 1495.83 1761.6 2078.97 2463.02 2927.9 3491.96 4183.22 5042.7 6108.88 7439.16 9145.94 11330.8 14142.4 17831.5 22771.7 29364 38245.5 50666.8 67901.9 91995.6 126380 176071 247695 351781 506028 730890 1.05689e+06 1.51967e+06 2.17224e+06 3.10832e+06 4.46356e+06 
784.357 177.749 320.349 -99783.4 673.569 786.353 919.234 1075.93 1261.44 1482.66 1746.13 2060.77 2441.56 2902.5 3461.82 4147.34 4999.77 6057.31 7376.96 9070.35 11238.4 14028.8 17690.8 22595.7 29142.4 37964.5 50306 67434.9 91386.5 125577 175001 246258 349835 503354 727195 1.05177e+06 1.51255e+06 2.16228e+06 3.0943e+06 4.44367e+06 
494.724 112.114 202.06 364.441 -115440 761.26 897.914 1050.99 1232.24 1448.36 1705.79 2013.24 2385.33 2835.79 3382.43 4052.48 4885.76 5919.66 7209.99 8866.02 10986.6 13716.4 17299.6 22100.2 28509.2 37147.9 49236.7 66019.7 89494.9 123016 171485 241385 343017 493684 713410 1.03207e+06 1.48449e+06 2.12242e+06 3.03751e+06 4.36239e+06 
308.394 69.8885 125.96 227.188 406.495 -133845 866.119 1013.8 1188.66 1397.19 1645.58 1942.25 2301.34 2736.09 3263.71 3910.52 4715.02 5713.35 6959.47 8559.1 10607.8 13245.8 16709.3 21350.8 27549.4 35907 47606.8 63855.5 86591.6 119069 166047 233818 332386 478545 691750 1.00102e+06 1.44015e+06 2.05931e+06 2.94748e+06 4.2334e+06 
190.714 43.2202 77.8966 140.5 253.653 458.207 -155526 969.829 1137.14 1336.68 1574.37 1858.29 2201.98 2618.13 3123.23 3742.51 4512.9 5469.06 6662.74 8195.42 10158.9 12687.7 16008.8 20461.1 26408.9 34431.4 45666.8 61277.1 83129.1 114358 159546 224762 319649 460389 665748 963708 1.38682e+06 1.98338e+06 2.83914e+06 4.07815e+06 
117.756 26.6866 48.0985 86.7556 156.628 282.943 511.632 -181129 1074.95 1276.97 1504.12 1775.46 2103.96 2501.77 2984.67 3576.81 4313.58 5228.17 6370.2 7836.93 9716.41 12137.8 15318.8 19585 25286.4 32979.6 43759.2 58743.1 79728.5 109733 153171 215888 307177 442624 640323 927249 1.33474e+06 1.90925e+06 2.73339e+06 3.92663e+06 
73.3255 16.6177 29.9514 54.0246 97.5377 176.203 318.629 570.95 -211457 1229.96 1448.82 1710.29 2026.88 2410.32 2875.84 3446.77 4157.3 5039.5 6141.33 7556.88 9371.33 11709.7 14782.9 18906.2 24419.1 31861.7 42295.8 56807.5 77142.9 106235 148374 209245 297894 429470 621592 900511 1.29669e+06 1.85521e+06 2.65644e+06 3.81651e+06 
46.6259 10.567 19.0461 34.355 62.0272 112.057 202.64 366.958 665.451 -247398 1423.04 1679.98 1991.13 2368.04 2825.71 3387.14 4086.01 4953.97 6038.3 7431.89 9218.85 11522.7 14551.9 18618.5 24058.4 31406.7 41715.6 56062.6 76180.7 104982 146726 207066 294992 425552 616279 893279 1.2868e+06 1.84154e+06 2.63735e+06 3.78959e+06 
30.5547 6.92485 12.4817 22.5149 40.6514 73.4423 132.816 240.527 436.201 791.884 -290265 1700.79 2016 2397.89 2861.71 3430.8 4139.42 5019.73 6119.84 7534.31 9348.8 11689.2 14768.1 18903.9 24439.8 31922.7 42428.5 57060.6 77594.2 107013 149685 211409 301413 435126 630560 914522 1.31802e+06 1.88676e+06 2.70268e+06 3.88406e+06 
20.7638 4.70596 8.48251 15.3015 27.6282 49.9161 90.2746 163.493 296.517 538.339 979.4 -341656 2101.83 2519.17 3006.88 3605.45 4351.02 5277.53 6435.78 7925.7 9837.91 12305.6 15553.9 19920.2 25768.8 33680.1 44797.2 60293.7 82059.5 113272 158583 224176 319898 462186 670275 972774 1.40271e+06 2.00866e+06 2.87799e+06 4.13671e+06 
14.6617 3.32306 5.99001 10.8057 19.5114 35.2531 63.7598 115.481 209.455 380.307 691.96 1252.79 -403234 2743.55 3275.28 3928.07 4741.5 5752.74 7017.46 8645.26 10735.6 13434.9 16990.6 21774.1 28187 36869.4 49083 66125.8 90088.8 124490 174481 246921 352734 510131 740483 1.07555e+06 1.5519e+06 2.2232e+06 3.1863e+06 4.58083e+06 
10.6845 2.42171 4.36542 7.87532 14.2208 25.6956 46.4767 84.1839 152.703 277.29 504.581 920.558 1681.99 -477608 3679.64 4414.06 5329.62 6468.34 7893.19 9728.31 12086.5 15133.7 19151.2 24561.2 31820.9 41660.3 55518.6 74879.7 102136 141316 198318 281014 401942 581968 845658 1.22949e+06 1.77535e+06 2.54449e+06 3.64802e+06 5.24588e+06 
7.96737 1.80591 3.2555 5.87327 10.6062 19.1655 34.668 62.7997 113.924 206.897 376.536 687.052 1255.56 2300.83 -568102 5021.69 6133.58 7446.74 9090.77 11209.8 13934.8 17458.9 22109.5 28379 36801.5 48230.4 64350.1 86901.7 118695 164463 231141 328002 469824 681151 990984 1.44235e+06 2.08448e+06 2.98915e+06 4.28717e+06 6.16668e+06 
6.03918 1.36891 2.46785 4.4525 8.041 14.5312 26.2874 47.623 86.4019 156.934 285.651 521.304 952.859 1746.53 3177.67 -678828 7169.8 8708.42 10636 13122.5 16323.1 20466 25939.3 33327.3 43265.2 56769.3 75847.4 102581 140333 194771 274210 389787 559263 812075 1.18315e+06 1.72423e+06 2.49436e+06 3.57915e+06 5.13567e+06 7.3895e+06 
4.6339 1.05042 1.89379 3.417 6.17138 11.1535 20.179 36.5611 66.3411 120.516 219.402 400.482 732.194 1342.44 2470.78 4564.23 -814388 10274 12555.1 15500.9 19296.4 24215.1 30721.8 39518.4 51369.7 67500.8 90336.2 122398 167765 233324 329180 468906 674170 980777 1.43142e+06 2.0893e+06 3.02618e+06 4.34557e+06 6.23879e+06 8.98015e+06 
3.5804 0.811656 1.46341 2.64065 4.76962 8.62096 15.5989 28.2663 51.2974 93.2042 169.714 309.856 566.659 1039.27 1913.47 3536.2 6553.56 -982822 14933.5 18451.5 22989.7 28878.4 36680 47246 61506.6 80954.4 108549 147380 202455 282235 399152 569955 821404 1.19758e+06 1.75135e+06 2.56087e+06 3.71442e+06 5.33856e+06 7.66915e+06 1.10438e+07 
2.77991 0.630227 1.13638 2.0507 3.70438 6.6963 12.1179 21.9617 39.8625 72.4421 131.938 240.948 440.779 808.691 1489.53 2754.02 5106.83 9522.61 -1.19441e+06 21982.5 27576.4 34678.6 44104.1 56895 74193.3 97835.5 131470 178922 246405 344432 488469 699423 1.01074e+06 1.47731e+06 2.1654e+06 3.17279e+06 4.6094e+06 6.63149e+06 9.53328e+06 1.3735e+07 
2.1749 0.493101 0.889201 1.6048 2.89922 5.24153 9.48676 17.1961 31.2188 56.7476 103.382 188.857 345.614 634.366 1169.01 2162.63 4012.9 7488.54 13991 -1.45885e+06 33130.9 41720.3 53143.3 68682.9 89751.3 118624 159833 218160 301385 422704 601560 864345 1.25335e+06 1.83766e+06 2.70134e+06 3.96823e+06 5.77662e+06 8.32115e+06 1.19728e+07 1.72601e+07 
1.70906 0.387516 0.698869 1.26144 2.27919 4.12118 7.46031 13.5256 24.5607 44.6571 81.3813 148.718 272.274 499.998 921.911 1706.6 3169.17 5919.23 11134.6 21018.4 -1.79534e+06 50400.1 64316 83301.1 109115 144603 195447 267685 371165 522638 746836 1.0775e+06 1.56877e+06 2.30871e+06 3.40533e+06 5.0176e+06 7.32162e+06 1.05622e+07 1.52131e+07 2.19465e+07 
1.34662 0.305363 0.55077 0.994247 1.79667 3.24926 5.88307 10.6684 19.3773 35.2434 64.2485 117.455 215.14 395.297 729.315 1351.05 2511.1 4694.77 8841.17 16711.8 31823 -2.22931e+06 77366.6 101603 133452 177393 240627 330860 460707 651695 935696 1.35642e+06 1.9842e+06 2.93274e+06 4.34293e+06 6.42169e+06 9.3964e+06 1.35785e+07 1.95808e+07 2.82697e+07 
1.06463 0.241444 0.435536 0.786339 1.4212 2.57071 4.65555 8.44452 15.3426 27.9148 50.9089 93.1106 170.642 313.735 579.251 1073.96 1998.09 3739.91 7052.07 13351 25469.4 48522.5 -2.7936e+06 124220 163682 218355 297444 410891 575033 817876 1.18103e+06 1.72193e+06 2.53326e+06 3.76392e+06 5.60045e+06 8.31638e+06 1.22094e+07 1.76798e+07 2.55312e+07 3.68949e+07 
0.844331 0.191506 0.345504 0.623893 1.12781 2.04048 3.69626 6.70648 12.1889 22.186 40.4801 74.0757 135.844 249.941 461.856 857.136 1596.57 2992.39 5651.1 10718.5 20491.4 39583.6 77163.6 -3.52358e+06 200185 268202 367226 510184 718428 1.02878e+06 1.49626e+06 2.19734e+06 3.25602e+06 4.86995e+06 7.29e+06 1.08835e+07 1.60455e+07 2.32949e+07 3.36996e+07 4.87539e+07 
0.666823 0.151265 0.272947 0.492963 0.891311 1.613 2.92273 5.30471 9.64485 17.5633 32.0622 58.7057 107.734 198.384 366.926 681.7 1271.46 2386.59 4514.69 8580.88 16444.2 31852.3 62291.1 122641 -4.4918e+06 329507 453826 634648 900134 1.29924e+06 1.90559e+06 2.82247e+06 4.21826e+06 6.3592e+06 9.58799e+06 1.44058e+07 2.13449e+07 3.10841e+07 4.50618e+07 6.52768e+07 
0.521273 0.118265 0.213438 0.385563 0.697281 1.26221 2.28782 4.15385 7.55551 13.7655 25.1434 46.0669 84.6056 155.936 288.711 537.028 1003.07 1885.93 3574.29 6809.13 13083.7 25420.4 49890.5 98649.6 197831 -5.79701e+06 557611 788657 1.12782e+06 1.64285e+06 2.43331e+06 3.6403e+06 5.49546e+06 8.36216e+06 1.27151e+07 1.92482e+07 2.8688e+07 4.19292e+07 6.09323e+07 8.83984e+07 
0.402361 0.0913017 0.16481 0.297787 0.538679 0.97541 1.76862 3.21249 5.84601 10.657 19.4782 35.7136 65.6496 121.124 224.522 418.208 782.443 1473.93 2799.53 5347.54 10307.5 20098.2 39612.1 78729 158813 325011 -7.50166e+06 956656 1.38228e+06 2.03712e+06 3.05596e+06 4.63219e+06 7.0867e+06 1.09192e+07 1.67929e+07 2.56784e+07 3.85741e+07 5.66528e+07 8.25953e+07 1.20053e+08 
0.3009 0.0682908 0.123299 0.222838 0.403212 0.730357 1.3248 2.4074 4.38315 7.99518 14.6233 26.8333 49.3731 91.1954 169.261 315.745 591.811 1117.15 2126.88 4074.57 7880.71 15426.8 30547 61058.6 123979 256611 534041 -9.78988e+06 1.65088e+06 2.46654e+06 3.75694e+06 5.78599e+06 8.99784e+06 1.40814e+07 2.1965e+07 3.40118e+07 5.15964e+07 7.62406e+07 1.116e+08 1.62577e+08 
0.213896 0.0485539 0.0876842 0.158512 0.286902 0.519863 0.943371 1.71506 3.1243 5.70264 10.4379 19.1693 35.3074 65.2928 121.349 226.728 425.782 805.519 1537.46 2954.64 5735.67 11275.4 22439.3 45131.5 92299.3 192620 405032 866546 -1.29016e+07 2.84671e+06 4.46139e+06 7.0014e+06 1.11034e+07 1.77091e+07 2.81064e+07 4.41966e+07 6.78581e+07 1.01024e+08 1.48604e+08 2.17062e+08 
0.141725 0.0321776 0.058124 0.105103 0.190292 0.344934 0.626207 1.13901 2.07609 3.792 6.9462 12.768 23.5425 43.5912 81.1326 151.843 285.738 541.854 1037.01 1999.6 3897.1 7696.16 15400.2 31184.8 64284 135389 288028 624722 1.37362e+06 -1.71818e+07 4.96256e+06 7.97078e+06 1.29558e+07 2.11744e+07 3.43693e+07 5.51403e+07 8.59983e+07 1.29297e+08 1.91414e+08 2.8053e+08 
0.0854963 0.0194153 0.0350793 0.0634499 0.114914 0.208378 0.378464 0.688736 1.25609 2.29587 4.20894 7.74358 14.2939 26.5006 49.3959 92.6058 174.633 331.968 637.09 1232.74 2412.41 4786.86 9633.58 19647.7 40844.2 86869.8 187176 412210 932565 2.14977e+06 -2.29999e+07 8.22442e+06 1.37956e+07 2.33001e+07 3.90024e+07 6.43461e+07 1.0259e+08 1.56423e+08 2.33686e+08 3.44045e+08 
0.045832 0.01041 0.0188133 0.034038 0.0616651 0.111862 0.203257 0.370073 0.675315 1.23519 2.26622 4.17312 7.71163 14.3155 26.7224 50.1841 94.8341 180.71 347.767 675.248 1326.86 2645.42 5354.58 10999.8 23062.9 49544.2 108162 242018 557928 1.31635e+06 3.13538e+06 -3.13355e+07 1.33084e+07 2.34012e+07 4.07187e+07 6.96322e+07 1.14262e+08 1.77507e+08 2.68422e+08 3.97562e+08 
0.0215465 0.00489492 0.00884832 0.0160132 0.0290192 0.0526611 0.0957277 0.174378 0.318386 0.582741 1.07 1.97208 3.64819 6.78083 12.6758 23.845 45.1533 86.2462 166.429 324.256 639.752 1281.53 2608.75 5397.81 11414.6 24768.5 54799.1 124638 293016 708557 1.74168e+06 4.40726e+06 -4.38899e+07 2.12855e+07 3.89056e+07 6.9586e+07 1.18451e+08 1.8851e+08 2.89584e+08 4.32233e+08 
0.0088456 0.0020099 0.003634 0.00657824 0.0119245 0.0216467 0.039365 0.0717394 0.131052 0.240016 0.441019 0.813486 1.50638 2.80311 5.24692 9.88548 18.7548 35.9013 69.4518 135.739 268.808 540.8 1106.66 2305.03 4913.03 10760.6 24106.9 55689.9 133430 330631 839855 2.21259e+06 6.07723e+06 -6.19321e+07 3.1703e+07 6.05685e+07 1.09282e+08 1.81091e+08 2.85848e+08 4.32614e+08 
0.00312115 0.000709306 0.00128272 0.00232251 0.00421115 0.00764696 0.0139112 0.0253626 0.0463541 0.0849444 0.156185 0.288308 0.534364 0.99542 1.86551 3.51974 6.68929 12.8307 24.8782 48.7628 96.8955 195.712 402.408 843.238 1810.28 3998.61 9060.41 21229.2 51752.5 131152 343565 940864 2.71459e+06 7.74767e+06 -8.84677e+07 4.60453e+07 8.99117e+07 1.58195e+08 2.60575e+08 4.03837e+08 
0.00093284 0.000212028 0.000383504 0.000694521 0.00125959 0.00228792 0.00416351 0.00759361 0.0138845 0.0254567 0.0468344 0.0865116 0.160476 0.299223 0.561383 1.06054 2.0187 3.879 7.5367 14.8103 29.5188 59.8331 123.548 260.285 562.359 1251.52 2864.49 6796.57 16825.7 43504.2 117192 332661 1.00386e+06 3.06038e+06 9.52015e+06 -1.277e+08 6.46265e+07 1.24847e+08 2.19168e+08 3.53282e+08 
0.000230301 5.23519e-05 9.4705e-05 0.000171537 0.000311159 0.000565312 0.00102901 0.0018773 0.0034337 0.00629813 0.0115925 0.0214246 0.0397675 0.0742056 0.139339 0.263496 0.502168 0.966293 1.88048 3.70276 7.39764 15.0362 31.1516 65.9049 143.105 320.355 739.026 1770.78 4436.81 11652.9 32089.5 93751.1 293475 948336 3.1927e+06 1.10993e+07 -1.82097e+08 8.31955e+07 1.62449e+08 2.82106e+08 
4.57882e-05 1.04093e-05 1.88322e-05 3.41139e-05 6.1888e-05 0.000112453 0.000204726 0.000373567 0.000683423 0.00125386 0.00230856 0.00426798 0.00792523 0.0147953 0.0277966 0.0525974 0.100316 0.193202 0.376361 0.742001 1.48461 3.02272 6.27529 13.3105 28.9913 65.1355 150.992 364 918.886 2437.27 6806.59 20261 64974 218615 781458 2.98285e+06 1.15736e+07 -2.48846e+08 9.78565e+07 1.99294e+08 
7.15284e-06 1.62619e-06 2.94225e-06 5.33018e-06 9.67058e-06 1.75737e-05 3.19975e-05 5.83939e-05 0.000106845 0.000196064 0.00036106 0.000667675 0.00124017 0.00231601 0.00435286 0.00824028 0.0157248 0.0303036 0.059074 0.116568 0.233471 0.475922 0.989437 2.10242 4.5888 10.335 24.0353 58.1752 147.581 393.958 1110.25 3345.21 10897.8 37677.1 140542 571730 2.46744e+06 1.06844e+07 -3.29178e+08 1.19787e+08 
8.47644e-07 1.92719e-07 3.487e-07 6.3174e-07 1.14624e-06 2.08314e-06 3.79322e-06 6.92314e-06 1.26689e-05 2.32509e-05 4.28241e-05 7.92043e-05 0.000147148 0.000274865 0.00051674 0.000978537 0.00186804 0.00360151 0.00702424 0.0138689 0.027797 0.056708 0.118005 0.251028 0.548614 1.23744 2.88325 6.9944 17.791 47.651 134.904 408.91 1342.45 4706.1 17976.1 76059.5 353639 1.79586e+06 9.88611e+06 -4.18364e+08 
dt_FE: 2.18218e-08
dt_EA: 2.18218e-08
dt_PE: 2.18218e-08
tolC: 1e-06
dt_grow: 1.03
dt_max: 0.1
steps: 0
