t: 4.02142e-08
dt: 2.13194e-09
N: 0.0269231 0.031014 0.0356964 0.0410524 0.0471691 0.0541276 0.06203 0.0709857 0.0810946 0.0924338 0.10513 0.119283 0.134875 0.151978 0.170626 0.190703 0.211913 0.234193 0.257264 0.280107 0.302369 0.323419 0.341927 0.356029 0.36515 0.367947 0.360316 0.342029 0.312178 0.269133 0.216175 0.211917 0.120628 0.0422067 0.0165223 0.00537575 0.00143873 0.000310869 5.2671e-05 6.74363e-06 
eC: 1 1.15749 1.33977 1.55077 1.795 2.07768 2.40489 2.78363 3.22201 3.72944 4.31677 4.99661 5.78351 6.69433 7.7486 8.9689 10.3814 12.0163 13.9087 16.0991 18.6345 21.5692 24.9661 28.8979 33.4489 38.7167 44.814 51.8717 60.0407 69.4963 80.4411 93.1095 107.773 124.746 144.391 167.131 193.452 223.918 259.182 300 
dV: 1.08333 0.211322 0.327712 0.508206 0.788112 1.22218 1.89532 2.93921 4.55805 7.06849 10.9616 16.999 26.3615 40.8807 63.3966 98.3136 152.462 236.434 366.655 568.597 881.764 1367.42 2120.55 3288.49 5099.69 7908.45 12264.2 19019 29494.1 45738.6 70930.1 109996 170579 264529 410225 636165 986546 1.52991e+06 2.37254e+06 3.67926e+06 
kVec: 913723 1.06021e+06 1.22276e+06 1.4103e+06 1.62647e+06 1.87487e+06 2.16014e+06 2.48752e+06 2.8626e+06 3.29027e+06 3.7784e+06 4.3347e+06 4.96338e+06 5.67371e+06 6.4747e+06 7.37316e+06 8.36725e+06 9.47024e+06 1.06897e+07 1.1998e+07 1.3406e+07 1.49129e+07 1.65003e+07 1.81011e+07 1.97549e+07 2.14962e+07 2.31587e+07 2.4934e+07 2.70356e+07 2.97889e+07 3.35541e+07 3.95236e+07 4.96767e+07 6.5536e+07 9.03706e+07 1.28386e+08 1.8199e+08 2.48314e+08 3.28445e+08 4.1757e+08 
cMat: 
-158440 934.283 1097.83 1278.79 1490.74 1740.29 2034.3 2380.97 2791.36 3280.66 3863.38 4559.2 5401.13 6420.13 7656.38 9171.23 11054.4 13390.1 16303.8 20041.3 24824.4 30978.2 39050 49855.4 64269.6 83681.7 110819 148457 201051 276074 384452 540604 767443 1.10351e+06 1.59328e+06 2.30317e+06 3.31078e+06 4.73172e+06 6.76992e+06 9.72077e+06 
4731.75 -187948 1260 1467.69 1710.96 1997.4 2334.87 2732.79 3203.87 3765.55 4434.48 5233.27 6199.84 7369.75 8789.15 10528.5 12691 15373.3 18719.7 23012.6 28507.1 35577.1 44851.8 57269.6 73837.2 96153.2 127356 170642 231138 317451 442161 621878 882993 1.26989e+06 1.83381e+06 2.65127e+06 3.81163e+06 5.44792e+06 7.79505e+06 1.11932e+07 
3535.42 801.181 -216089 1681.95 1960.76 2289.04 2675.81 3131.89 3671.82 4315.63 5082.39 5998.05 7106.09 8447.32 10074.7 12069 14548.7 17624.8 21462.8 26387 32690.4 40802.3 51445.8 65698.7 84718.3 110342 146179 195904 265417 364619 507983 714626 1.01493e+06 1.45995e+06 2.1087e+06 3.04925e+06 4.38441e+06 6.26716e+06 8.96784e+06 1.28779e+07 
2612.88 592.124 1067.16 -248955 2243.82 2619.53 3062.19 3584.18 4202.17 4939.08 5816.77 6864.94 8133.41 9668.94 11532.2 13815.8 16655.4 20178.4 24574.4 30215.5 37437.7 46733.3 58932.2 75271.7 97080.5 126469 167581 224642 304431 418328 582972 820344 1.16538e+06 1.67679e+06 2.42246e+06 3.50369e+06 5.03866e+06 7.20309e+06 1.03079e+07 1.48029e+07 
1927.77 436.869 787.358 1420.1 -287247 2966.37 3498.86 4095.36 4801.6 5643.77 6646.89 7844.89 9294.82 11050.1 13180.2 15791.1 19038.1 23066.9 28094.8 34547.8 42810.8 53448.1 67410.6 86116.8 111091 144753 191859 257256 348731 479350 668220 940596 1.33662e+06 1.92372e+06 2.77991e+06 4.02163e+06 5.78456e+06 8.27036e+06 1.18361e+07 1.69987e+07 
1420.24 321.856 580.079 1046.26 1872.02 -331713 3988.71 4668.83 5474.1 6434.43 7578.34 8944.59 10598.3 12600.4 15030.3 18009 21714 26311.5 32050.3 39416.9 48851.9 61000.5 76950.8 98326.4 126872 165362 219242 294072 398777 548346 764691 1.07679e+06 1.53073e+06 2.20383e+06 3.1857e+06 4.60996e+06 6.63226e+06 9.48366e+06 1.35739e+07 1.9496e+07 
1044.25 236.651 426.522 769.308 1388.88 2508.9 -383298 5310.28 6226.38 7318.95 8620.46 10175.1 12056.9 14335.5 17101.2 20492.1 24710.3 29945.8 36481.8 44873.9 55624.7 69471.1 87655.9 112034 144602 188529 250048 335522 455172 626164 873594 1.23068e+06 1.75024e+06 2.52085e+06 3.6453e+06 5.27677e+06 7.59353e+06 1.086e+07 1.55457e+07 2.23298e+07 
765.851 173.562 312.819 564.233 1018.66 1840.18 3327.51 -443073 6991.16 8305.03 9782.35 11547.1 13683.5 16270.8 19411.4 23262.6 28054.3 34002.5 41430 50969.2 63192.8 78940.5 99629.2 127375 164455 214490 284597 382048 518531 713674 996181 1.40407e+06 1.99779e+06 2.8787e+06 4.16448e+06 6.03056e+06 8.6808e+06 1.24172e+07 1.77772e+07 2.55377e+07 
560.167 126.95 228.812 412.719 745.135 1346.1 2434.15 4361.75 -512469 9396.21 11068.2 13065.7 15484.3 18413.5 21969.9 26331.5 31759.5 38499 46916.4 57730.4 71591.8 89455.5 112933 144433 186549 243406 323117 433979 589330 811576 1.13349e+06 1.59852e+06 2.27575e+06 3.28092e+06 4.74862e+06 6.87942e+06 9.90603e+06 1.41728e+07 2.02938e+07 2.91561e+07 
408.718 92.6292 166.956 301.153 543.725 982.278 1776.32 3216.72 5833.29 -592676 12474.2 14726.5 17454 20758 24769.9 29691.4 35817.6 43426 52931.2 65147.3 80811.6 101007 127561 163208 210894 275309 365675 491440 667793 920262 1.28619e+06 1.81512e+06 2.58587e+06 3.73035e+06 5.40224e+06 7.8304e+06 1.128e+07 1.61427e+07 2.31187e+07 3.32192e+07 
297.11 67.3362 121.371 218.932 395.288 714.142 1291.49 2338.85 4241.55 7700.16 -685695 16538.3 19603.3 23316.8 27826.8 33360.6 40251.1 48811.1 59508.5 73262.5 90906.4 113664 143603 183819 237650 310412 412569 554849 754515 1.04058e+06 1.45551e+06 2.05571e+06 2.9309e+06 4.23111e+06 6.13148e+06 8.89268e+06 1.28162e+07 1.83465e+07 2.62805e+07 3.77681e+07 
215.028 48.7345 87.8441 158.461 286.115 516.927 934.876 1693.12 3070.7 5574.99 10142.6 -793712 21766.3 26088.3 31139 37337.7 45058.8 54653.6 66648.4 82077.9 101881 127435 161075 206292 266859 348788 463915 624396 849800 1.17303e+06 1.64227e+06 2.32155e+06 3.31283e+06 4.78635e+06 6.9413e+06 1.0074e+07 1.45263e+07 2.08015e+07 2.98041e+07 4.28394e+07 
155.086 35.1501 63.3601 114.298 206.384 372.894 674.427 1221.51 2215.53 4022.74 7319.3 13251.6 -918778 29020.3 34644.7 41549.7 50153.8 60850.3 74228 91446.3 113558 142109 179720 230319 298151 389991 519182 699453 952926 1.31681e+06 1.84559e+06 2.61183e+06 3.73108e+06 5.39597e+06 7.83255e+06 1.13768e+07 1.64154e+07 2.35161e+07 3.37035e+07 4.84543e+07 
111.299 25.2264 45.4737 82.0356 148.136 267.666 484.138 876.926 1590.67 2888.48 5256.12 9589.26 17521 -1.06417e+06 38330.1 45980.3 55517.6 67379.4 82221.7 101338 125903 157645 199494 255849 331472 433967 578326 780007 1.06393e+06 1.47206e+06 2.06584e+06 2.92727e+06 4.18695e+06 6.06224e+06 8.80905e+06 1.28073e+07 1.84934e+07 2.65054e+07 3.80006e+07 5.46453e+07 
79.3786 17.9922 32.4345 58.5152 105.669 190.945 345.396 625.672 1135.02 2061.31 3751.41 6845.07 12509.1 22923.1 -1.23342e+06 50031 61108.6 74191.6 90571 111683 138832 173943 220276 282739 366652 480518 641118 865799 1.18255e+06 1.63854e+06 2.30285e+06 3.26788e+06 4.68084e+06 6.78628e+06 9.87314e+06 1.437e+07 2.07676e+07 2.97808e+07 4.27129e+07 6.14384e+07 
56.2633 12.7533 22.9914 41.4812 74.9129 135.378 244.903 443.674 804.952 1462.06 2661.23 4856.66 8877.19 16271.4 29604.4 -1.43195e+06 66796.5 81130.9 99088.6 122255 152072 190669 241660 310489 403075 528884 706623 955682 1.30739e+06 1.81456e+06 2.55464e+06 3.6314e+06 5.2103e+06 7.56559e+06 1.10226e+07 1.60636e+07 2.32384e+07 3.33447e+07 4.78458e+07 6.88433e+07 
39.6602 8.99027 16.2084 29.2451 52.819 95.4596 172.706 312.916 567.794 1031.46 1877.8 3427.61 6266.63 11489.6 21146.7 39063.9 -1.66324e+06 87932.3 107456 132667 165152 207250 262939 338227 439658 577719 773161 1.04757e+06 1.43586e+06 1.99695e+06 2.81735e+06 4.01323e+06 5.77003e+06 8.39419e+06 1.22511e+07 1.78817e+07 2.59002e+07 3.71925e+07 5.3396e+07 7.68585e+07 
27.7228 6.28461 11.3311 20.4464 36.9309 66.7517 120.781 218.864 397.193 721.676 1314.09 2399.2 4387.61 8047.03 14815.9 27380.6 50743.9 -1.93594e+06 115630 142869 178008 223604 284011 365824 476242 626825 840487 1.14115e+06 1.5676e+06 2.18533e+06 3.09061e+06 4.41313e+06 6.36009e+06 9.27282e+06 1.35606e+07 1.98286e+07 2.87606e+07 4.13362e+07 5.93819e+07 8.55118e+07 
19.1918 4.35094 7.84529 14.1576 25.5741 46.2296 83.6591 151.618 275.201 500.123 910.871 1663.45 3043.03 5583 10283.4 19013.1 35256.3 65741.8 -2.26036e+06 151762 190381 239413 304484 392789 512213 675433 907634 1.23523e+06 1.70112e+06 2.37788e+06 3.37227e+06 4.82865e+06 6.9779e+06 1.0199e+07 1.49494e+07 2.19042e+07 3.18222e+07 4.57822e+07 6.58155e+07 9.48229e+07 
13.2046 2.99379 5.39865 9.74331 17.6022 31.8231 57.5974 104.404 189.54 344.534 627.67 1146.62 2098.34 3851.45 7097.48 13130 24363.7 45465.5 84944.3 -2.64353e+06 201149 253298 322651 416998 544911 720205 970400 1.32452e+06 1.82981e+06 2.56638e+06 3.65228e+06 5.24773e+06 7.60949e+06 1.11571e+07 1.64008e+07 2.40925e+07 3.50719e+07 5.05205e+07 7.26911e+07 1.04792e+08 
8.99555 2.03967 3.67846 6.63951 11.9964 21.6916 39.267 71.1911 129.274 235.05 428.346 782.769 1433.1 2631.71 4852.43 8982.59 16680.7 31155.5 58606.5 110629 -3.10426e+06 265278 338524 438451 574323 761108 1.02873e+06 1.40895e+06 1.95361e+06 2.75088e+06 3.93093e+06 5.67134e+06 8.25714e+06 1.21517e+07 1.79238e+07 2.64099e+07 3.85369e+07 5.55938e+07 8.00732e+07 1.15514e+08 
6.05561 1.37319 2.47675 4.47102 8.07944 14.6116 26.4555 47.9746 87.1378 158.486 288.919 528.184 967.464 1777.61 3279.65 6075.54 11292.2 21111.9 39757.8 75151.2 143105 -3.66368e+06 347910 456896 600120 797718 1.08207e+06 1.48784e+06 2.07175e+06 2.9306e+06 4.20773e+06 6.09968e+06 8.92275e+06 1.31882e+07 1.95297e+07 2.88777e+07 4.22546e+07 6.10611e+07 8.80526e+07 1.27126e+08 
4.03484 0.915046 1.65063 2.98014 5.38618 9.74272 17.644 32.0038 58.1466 105.794 192.939 352.879 646.715 1189.02 2195.3 4070.17 7572.53 14173.8 26726.6 50598.8 96526.2 183895 -4.35514e+06 470780 620336 827540 1.12728e+06 1.55723e+06 2.17931e+06 3.09966e+06 4.47598e+06 6.52591e+06 9.60079e+06 1.42648e+07 2.12251e+07 3.15182e+07 4.62722e+07 6.70045e+07 9.67605e+07 1.39828e+08 
2.6666 0.60482 1.09118 1.9704 3.56189 6.44431 11.6736 21.1806 38.4954 70.0686 127.846 233.948 429.027 789.373 1458.65 2707.04 5042.36 9450.66 17847.5 33851.7 64716.7 125014 243701 -5.20397e+06 632232 847044 1.15979e+06 1.61128e+06 2.26897e+06 3.24914e+06 4.72554e+06 6.93971e+06 1.02833e+07 1.53804e+07 2.30236e+07 3.43726e+07 5.06755e+07 7.35708e+07 1.06431e+08 1.53976e+08 
1.73764 0.394172 0.711257 1.28458 2.32261 4.20321 7.61617 13.8232 25.133 45.7673 83.549 152.978 280.738 516.957 956.153 1776.4 3313.21 6219.09 11764.6 22360.4 42850.9 83002.2 162321 319584 -6.27627e+06 858643 1.1826e+06 1.65379e+06 2.34561e+06 3.38561e+06 4.96567e+06 7.35492e+06 1.09921e+07 1.65711e+07 2.49848e+07 3.75393e+07 5.56214e+07 8.10002e+07 1.17424e+08 1.70101e+08 
1.11401 0.252744 0.45614 0.823989 1.49016 2.69747 4.88931 8.87721 16.1469 29.4183 53.734 98.4498 180.811 333.251 617.006 1147.69 2143.67 4030.44 7638.62 14551.8 27961.3 54326 106621 210824 422785 -7.66652e+06 1.19167e+06 1.68544e+06 2.41027e+06 3.51093e+06 5.20024e+06 7.77971e+06 1.17444e+07 1.78708e+07 2.71736e+07 4.11355e+07 6.13093e+07 8.96071e+07 1.30219e+08 1.88917e+08 
0.708216 0.160704 0.29009 0.524149 0.948154 1.71687 3.11304 5.65445 10.2898 18.7579 34.2845 62.8612 115.553 213.195 395.193 736.107 1377.22 2594.34 4927.59 9412.46 18142.7 35375.8 69723.2 138575 279535 572068 -9.42723e+06 1.68386e+06 2.43301e+06 3.58564e+06 5.37894e+06 8.15333e+06 1.24736e+07 1.92194e+07 2.9558e+07 4.51978e+07 6.78961e+07 9.97173e+07 1.4538e+08 2.1131e+08 
0.441029 0.100094 0.18072 0.326613 0.590987 1.07048 1.94176 3.52852 6.42439 11.7185 21.4334 39.3295 72.3661 133.665 248.086 462.787 867.417 1637.4 3117.36 5972.09 11550.8 22611 44772.6 89493.6 181716 376114 782744 -1.17427e+07 2.4197e+06 3.6152e+06 5.50654e+06 8.48052e+06 1.31881e+07 2.0639e+07 3.21941e+07 4.9851e+07 7.56247e+07 1.11746e+08 1.63571e+08 2.38288e+08 
0.26681 0.0605653 0.109376 0.197725 0.357876 0.648468 1.17674 2.13934 3.89719 7.11337 13.0201 23.9115 44.0419 81.4451 151.369 282.816 531.114 1004.79 1917.8 3685.57 7154.58 14064.7 27990.4 56296.2 115133 240271 505230 1.08091e+06 -1.48504e+07 3.55093e+06 5.56506e+06 8.73343e+06 1.38502e+07 2.209e+07 3.50594e+07 5.51301e+07 8.4645e+07 1.26015e+08 1.85366e+08 2.7076e+08 
0.155921 0.0354008 0.0639462 0.115631 0.209353 0.379486 0.688933 1.25311 2.28405 4.17184 7.64199 14.047 25.9008 47.9577 89.2595 167.052 314.36 596.131 1140.88 2199.89 4287.47 8467.07 16942.9 34308.6 70723.3 148950 316880 687300 1.51121e+06 -1.91024e+07 5.45965e+06 8.7692e+06 1.42535e+07 2.32954e+07 3.7812e+07 6.06636e+07 9.46126e+07 1.42248e+08 2.10588e+08 3.0863e+08 
0.0865262 0.0196491 0.0355018 0.0642142 0.116298 0.210889 0.383024 0.697032 1.27122 2.32353 4.25964 7.83686 14.4661 26.8199 49.991 93.7214 176.737 335.967 644.765 1247.59 2441.47 4844.52 9749.63 19884.4 41336.2 87916.2 189431 417176 943799 2.17566e+06 -2.48647e+07 8.32349e+06 1.39618e+07 2.35807e+07 3.94722e+07 6.51212e+07 1.03825e+08 1.58307e+08 2.36501e+08 3.4819e+08 
0.0416755 0.00946595 0.0171071 0.0309511 0.0560728 0.101718 0.184824 0.336512 0.614071 1.12317 2.0607 3.79466 7.01227 13.0172 24.299 45.6329 86.2337 164.322 316.228 614.01 1206.53 2405.51 4868.98 10002.3 20971.4 45051.1 98352.8 220069 507330 1.19697e+06 2.85103e+06 -3.34792e+07 1.21015e+07 2.1279e+07 3.70259e+07 6.33173e+07 1.03899e+08 1.61409e+08 2.44079e+08 3.61507e+08 
0.02034 0.00462082 0.00835286 0.0151165 0.0273943 0.0497123 0.0903674 0.164613 0.300558 0.550111 1.01008 1.86165 3.4439 6.40113 11.966 22.5098 42.6249 81.4168 157.11 306.099 603.929 1209.77 2462.67 5095.56 10775.4 23381.6 51730.6 117658 276608 668881 1.64415e+06 4.16047e+06 -4.55605e+07 2.00936e+07 3.67271e+07 6.56895e+07 1.11818e+08 1.77955e+08 2.73369e+08 4.0803e+08 
0.00873711 0.00198525 0.00358943 0.00649757 0.0117783 0.0213812 0.0388822 0.0708596 0.129445 0.237072 0.43561 0.803509 1.4879 2.76873 5.18257 9.76424 18.5248 35.461 68.6 134.074 265.511 534.168 1093.09 2276.76 4852.78 10628.6 23811.2 55006.9 131793 326576 829554 2.18545e+06 6.0027e+06 -6.28237e+07 3.13142e+07 5.98257e+07 1.07942e+08 1.7887e+08 2.82342e+08 4.27309e+08 
0.00310525 0.000705695 0.00127619 0.00231069 0.00418971 0.00760802 0.0138404 0.0252334 0.0461181 0.0845118 0.15539 0.28684 0.531643 0.990351 1.85601 3.50182 6.65523 12.7653 24.7515 48.5144 96.4021 194.715 400.359 838.944 1801.06 3978.25 9014.27 21121.1 51489 130484 341815 936073 2.70077e+06 7.70822e+06 -8.89186e+07 4.58108e+07 8.94539e+07 1.5739e+08 2.59248e+08 4.01781e+08 
0.000931255 0.000211667 0.000382853 0.000693342 0.00125745 0.00228403 0.00415644 0.00758071 0.0138609 0.0254135 0.0467549 0.0863647 0.160204 0.298714 0.56043 1.05874 2.01527 3.87241 7.52389 14.7852 29.4686 59.7315 123.338 259.843 561.404 1249.4 2859.63 6785.03 16797.2 43430.3 116993 332096 1.00215e+06 3.05519e+06 9.50398e+06 -1.27714e+08 6.45167e+07 1.24635e+08 2.18796e+08 3.52682e+08 
0.000230196 5.2328e-05 9.46616e-05 0.000171459 0.000311016 0.000565053 0.00102854 0.00187644 0.00343213 0.00629525 0.0115871 0.0214148 0.0397493 0.0741717 0.139275 0.263375 0.501938 0.96585 1.87962 3.70106 7.39425 15.0293 31.1373 65.8748 143.039 320.209 738.687 1769.97 4434.77 11647.6 32074.8 93708.1 293341 947902 3.19124e+06 1.10942e+07 -1.81733e+08 8.31573e+07 1.62374e+08 2.81977e+08 
4.57837e-05 1.04083e-05 1.88304e-05 3.41106e-05 6.18818e-05 0.000112442 0.000204706 0.00037353 0.000683355 0.00125374 0.00230833 0.00426755 0.00792445 0.0147939 0.0277939 0.0525922 0.100306 0.193183 0.376324 0.741928 1.48446 3.02242 6.27467 13.3092 28.9885 65.129 150.977 363.963 918.795 2437.03 6805.92 20258.9 64967.5 218593 781380 2.98255e+06 1.15725e+07 -2.48238e+08 9.78468e+07 1.99275e+08 
7.15272e-06 1.62616e-06 2.9422e-06 5.33009e-06 9.67042e-06 1.75734e-05 3.19969e-05 5.8393e-05 0.000106844 0.00019606 0.000361054 0.000667664 0.00124015 0.00231597 0.00435279 0.00824014 0.0157245 0.0303031 0.059073 0.116566 0.233467 0.475914 0.98942 2.10238 4.58872 10.3348 24.0349 58.1742 147.578 393.951 1110.24 3345.15 10897.6 37676.5 140539 571721 2.4674e+06 1.06842e+07 -3.28428e+08 1.19785e+08 
8.47642e-07 1.92718e-07 3.48699e-07 6.31739e-07 1.14624e-06 2.08314e-06 3.79322e-06 6.92312e-06 1.26689e-05 2.32508e-05 4.2824e-05 7.92041e-05 0.000147148 0.000274864 0.000516739 0.000978535 0.00186803 0.0036015 0.00702422 0.0138688 0.027797 0.0567078 0.118005 0.251027 0.548613 1.23743 2.88325 6.99438 17.791 47.6509 134.903 408.909 1342.45 4706.09 17976.1 76059.3 353638 1.79586e+06 9.88609e+06 -4.17567e+08 
dt_FE: 2.13194e-09
dt_EA: 2.13194e-09
dt_PE: 2.13194e-09
tolC: 1e-06
dt_grow: 1.03
dt_max: 0.1
steps: 0
