t: 1.16763e-07
dt: 2.39157e-09
N: 0.0863211 0.0988778 0.113072 0.129078 0.14706 0.167128 0.189425 0.214068 0.241092 0.270409 0.302015 0.335755 0.371104 0.407736 0.445169 0.48257 0.518788 0.553231 0.584934 0.611949 0.633636 0.649009 0.656376 0.653669 0.640091 0.613672 0.570488 0.509679 0.430833 0.336553 0.236043 0.146 0.0757969 0.0336636 0.0127884 0.00410402 0.00109361 0.000236027 3.99759e-05 5.11753e-06 
eC: 1 1.15749 1.33977 1.55077 1.795 2.07768 2.40489 2.78363 3.22201 3.72944 4.31677 4.99661 5.78351 6.69433 7.7486 8.9689 10.3814 12.0163 13.9087 16.0991 18.6345 21.5692 24.9661 28.8979 33.4489 38.7167 44.814 51.8717 60.0407 69.4963 80.4411 93.1095 107.773 124.746 144.391 167.131 193.452 223.918 259.182 300 
dV: 1.08333 0.211322 0.327712 0.508206 0.788112 1.22218 1.89532 2.93921 4.55805 7.06849 10.9616 16.999 26.3615 40.8807 63.3966 98.3136 152.462 236.434 366.655 568.597 881.764 1367.42 2120.55 3288.49 5099.69 7908.45 12264.2 19019 29494.1 45738.6 70930.1 109996 170579 264529 410225 636165 986546 1.52991e+06 2.37254e+06 3.67926e+06 
kVec: 993009 1.15114e+06 1.32687e+06 1.52929e+06 1.76219e+06 2.02924e+06 2.33519e+06 2.68535e+06 3.08519e+06 3.53928e+06 4.05524e+06 4.64023e+06 5.29691e+06 6.03327e+06 6.85642e+06 7.76993e+06 8.76705e+06 9.85694e+06 1.10409e+07 1.22807e+07 1.3579e+07 1.49258e+07 1.62913e+07 1.75971e+07 1.88824e+07 2.01842e+07 2.13586e+07 2.26381e+07 2.42986e+07 2.67711e+07 3.05313e+07 3.68499e+07 4.76289e+07 6.4186e+07 8.96352e+07 1.28162e+08 1.82153e+08 2.4871e+08 3.28968e+08 4.18135e+08 
cMat: 
-110972 877.253 1030.82 1200.73 1399.74 1634.06 1910.12 2235.63 2620.97 3080.41 3627.56 4280.9 5071.44 6028.24 7189.02 8611.41 10379.6 12572.7 15308.6 18817.9 23309.1 29087.2 36666.3 46812.2 60346.5 78573.7 104055 139395 188779 259223 360984 507605 720597 1.03615e+06 1.49602e+06 2.16258e+06 3.10869e+06 4.44289e+06 6.35667e+06 9.1274e+06 
4400.35 -132548 1171.75 1364.9 1591.13 1857.51 2171.34 2541.4 2979.48 3501.82 4123.91 4866.75 5765.62 6853.6 8173.59 9791.16 11802.2 14296.6 17408.6 21400.9 26510.6 33085.4 41710.6 53258.7 68666 89419 118437 158691 214950 295218 411194 578324 821151 1.18095e+06 1.70538e+06 2.46559e+06 3.54468e+06 5.06637e+06 7.24912e+06 1.04093e+07 
3251.74 736.895 -151831 1546.99 1803.42 2105.37 2461.1 2880.58 3377.19 3969.34 4674.58 5516.76 6535.9 7769.51 9266.28 11100.6 13381.3 16210.6 19740.6 24269.7 30067.4 37528.4 47317.7 60427 77920.5 101488 134450 180185 244120 335362 467223 657284 933487 1.3428e+06 1.93949e+06 2.80458e+06 4.03261e+06 5.76428e+06 8.24826e+06 1.18445e+07 
2373.03 537.77 969.202 -174356 2037.85 2379.07 2781.1 3255.17 3816.44 4485.7 5282.83 6234.77 7386.81 8781.38 10473.6 12547.6 15126.6 18326.1 22318.6 27441.9 34001.1 42443.5 53522.6 68362.2 88169 114860 152198 204021 276486 379928 529458 745042 1.05841e+06 1.52287e+06 2.20009e+06 3.18208e+06 4.57614e+06 6.54189e+06 9.36165e+06 1.34441e+07 
1725.67 391.069 704.815 1271.22 -200577 2655.39 3132.06 3666.02 4298.22 5052.1 5950.05 7022.47 8320.39 9891.66 11798.4 14135.6 17042.2 20648.6 25149.5 30926 38322.7 47844.8 60343.6 77088.7 99444.3 129577 171745 230287 312171 429097 598166 841988 1.19649e+06 1.72204e+06 2.48848e+06 3.60002e+06 5.17813e+06 7.40333e+06 1.05953e+07 1.52166e+07 
1250.57 283.404 510.779 921.267 1648.38 -230984 3512.19 4111.06 4820.13 5665.73 6672.98 7876.01 9332.13 11095.1 13234.7 15857.5 19119.9 23168.2 28221.3 34707.9 43015.7 53712.9 67757.7 86579.6 111715 145606 193050 258940 351137 482837 673335 948152 1.34785e+06 1.94054e+06 2.80511e+06 4.05923e+06 5.83992e+06 8.35068e+06 1.19523e+07 1.71668e+07 
902.42 204.51 368.592 664.821 1200.24 2168.15 -266186 4589.04 5380.71 6324.89 7449.63 8793.08 10419.3 12388.5 14778.5 17708.9 21354.2 25878.5 31526.8 38779.1 48069.8 60035.6 75750.5 96817.9 124962 162923 216087 289951 393351 541118 754943 1.06353e+06 1.51252e+06 2.17847e+06 3.15019e+06 4.56008e+06 6.56218e+06 9.38497e+06 1.34343e+07 1.9297e+07 
647.899 146.831 264.64 477.333 861.774 1556.77 2815.02 -306863 5914.42 7025.93 8275.73 9768.66 11576.1 13764.8 16421.8 19679.8 23733.5 28765.7 35049.1 43119.2 53460.1 66782.5 84284.8 107758 139127 181455 240765 323207 438670 603757 842754 1.18782e+06 1.6901e+06 2.43534e+06 3.52309e+06 5.10177e+06 7.34382e+06 1.05048e+07 1.50392e+07 2.16045e+07 
462.632 104.846 188.972 340.857 615.394 1111.72 2010.33 3602.3 -353998 7760.17 9141.06 10790.8 12788.2 15207.4 18144.5 21746.7 26229.6 31795.7 38747.5 47678.6 59126.5 73879.7 93269.4 119285 154068 201025 266857 358416 486717 670267 936133 1.32019e+06 1.8795e+06 2.70965e+06 3.92181e+06 5.68159e+06 8.18122e+06 1.17051e+07 1.67603e+07 2.40795e+07 
328.568 74.4644 134.216 242.096 437.099 789.651 1427.98 2585.91 4689.37 -408391 10028 11838.6 14031.3 16687.3 19912.5 23868.8 28793.7 34910.1 42551.3 52371.8 64964.3 81199.2 102546 131203 169537 221320 293966 395068 536838 739797 1.03396e+06 1.45917e+06 2.07878e+06 2.99882e+06 4.34285e+06 6.29484e+06 9.06797e+06 1.29771e+07 1.85851e+07 2.67048e+07 
231.741 52.5212 94.6671 170.763 308.319 557.02 1007.34 1824.26 3308.34 6006.01 -471407 12899.6 15290.3 18186.7 21704.5 26020.7 31395.2 38071.9 46415.7 57143.6 70905.6 88656.1 112008 143376 185363 242116 321797 432773 588509 811638 1.13528e+06 1.60342e+06 2.28605e+06 3.3002e+06 4.78246e+06 6.93615e+06 9.99643e+06 1.431e+07 2.04984e+07 2.94585e+07 
162.176 36.756 66.2529 119.513 215.791 389.871 705.092 1276.97 2315.95 4204.71 7649.63 -544603 16416.4 19676.1 23485.3 28160.5 33983.7 41220.3 50266.8 61903.9 76839.3 96113 121484 155587 201268 263059 349889 470925 640928 884714 1.23861e+06 1.75093e+06 2.49857e+06 3.60991e+06 5.2352e+06 7.59788e+06 1.09559e+07 1.56887e+07 2.24786e+07 3.23099e+07 
112.739 25.5521 46.0591 83.0883 150.029 271.073 490.269 887.966 1610.56 2924.3 5320.7 9633.13 -629577 21096.1 25184.7 30204.2 36458.9 44234.7 53959.5 66476.2 82549.7 103305 130646 167428 216739 283500 377415 508462 692722 957243 1.34164e+06 1.89865e+06 2.71228e+06 3.92256e+06 5.69381e+06 8.27024e+06 1.19331e+07 1.70949e+07 2.45005e+07 3.52234e+07 
77.7316 17.6183 31.7591 57.2942 103.459 186.939 338.125 612.451 1110.94 2017.33 3670.91 6697.2 12236.8 -728849 26770 32113 38773.8 47058.2 57424.2 70775 87931.1 110100 139328 178686 231502 303085 403906 544761 743058 1.0281e+06 1.4428e+06 2.04442e+06 2.92419e+06 4.23391e+06 6.15229e+06 8.94472e+06 1.29159e+07 1.85116e+07 2.65399e+07 3.81646e+07 
53.1023 12.0363 21.6979 39.1452 70.6901 127.738 231.061 418.559 759.303 1378.96 2509.6 4579.19 8368.31 15335 -845311 33469.5 40880.2 49632.4 60589.8 74712.9 92875.3 116363 147360 189146 245281 321454 428892 579198 791100 1.09614e+06 1.54055e+06 2.18613e+06 3.13137e+06 4.53986e+06 6.60489e+06 9.61321e+06 1.3893e+07 1.99227e+07 2.85739e+07 4.11008e+07 
35.9724 8.15392 14.6997 26.5213 47.8962 86.5551 156.58 283.666 514.653 934.778 1701.48 3105.15 5675.7 10403.2 18927.8 -983440 42706.9 51871.7 63353.1 78164.4 97228.5 121906 154507 198514 257709 338146 451785 611023 835891 1.16015e+06 1.63333e+06 2.32176e+06 3.33125e+06 4.83712e+06 7.0474e+06 1.02704e+07 1.48576e+07 2.13192e+07 3.05906e+07 4.40155e+07 
24.2168 5.48953 9.89699 17.8573 32.2517 58.2884 105.456 191.069 346.7 629.819 1146.6 2092.93 3826.46 7015.63 12912.3 23852.7 -1.14699e+06 53692.2 65613.2 81007.8 100843 126548 160552 206524 268459 352760 472099 639653 876745 1.21936e+06 1.7203e+06 2.45051e+06 3.52322e+06 5.12556e+06 7.48064e+06 1.09187e+07 1.58149e+07 2.271e+07 3.2604e+07 4.69304e+07 
16.1734 3.66642 6.61055 11.9284 21.5454 38.9427 70.4634 127.685 231.721 421.023 766.634 1399.68 2559.72 4694.61 8643.56 15973.8 29603.8 -1.3437e+06 67457.9 83349.2 103849 130450 165691 213420 277838 365688 490337 665745 914530 1.27491e+06 1.80305e+06 2.57461e+06 3.71046e+06 5.40973e+06 7.91124e+06 1.1568e+07 1.67788e+07 2.41154e+07 3.46432e+07 4.98873e+07 
10.725 2.43145 4.38421 7.91173 14.2917 25.8347 46.7515 84.7292 153.792 279.485 509.026 929.592 1700.55 3119.97 5746.7 10625.2 19702.4 36738.7 -1.58356e+06 84809.7 106391 133792 170156 219504 286242 377454 507216 690290 950644 1.32884e+06 1.88454e+06 2.69841e+06 3.89949e+06 5.69955e+06 8.35422e+06 1.22408e+07 1.77833e+07 2.55846e+07 3.67799e+07 5.29903e+07 
7.11779 1.61377 2.91009 5.25204 9.48828 17.154 31.0473 56.2778 102.17 185.718 338.34 618.072 1131.09 2076.09 3825.83 7077.63 13133 24507.7 45788.4 -1.87526e+06 108428 136538 173922 224779 293729 388220 523085 713972 986344 1.38338e+06 1.96872e+06 2.82874e+06 4.10183e+06 6.01412e+06 8.84067e+06 1.29868e+07 1.89052e+07 2.72326e+07 3.91834e+07 5.6487e+07 
4.72405 1.07114 1.93176 3.48677 6.29995 11.3915 20.6212 37.3863 67.8887 123.438 224.948 411.075 752.598 1382.05 2548.27 4717.25 8759.96 16361.5 30777.5 58097.3 -2.23764e+06 139312 177777 230254 301608 399699 540240 739914 1.02595e+06 1.44464e+06 2.06435e+06 2.97833e+06 4.33628e+06 6.38154e+06 9.41276e+06 1.38693e+07 2.02378e+07 2.91953e+07 4.20508e+07 6.06627e+07 
3.14148 0.712371 1.28487 2.31944 4.19139 7.58008 13.7244 24.8879 45.2047 82.218 149.883 274.007 501.894 922.174 1701.39 3151.83 5858.06 10952.3 20625.3 38986.4 74238.8 -2.69431e+06 180486 237025 311326 413834 561351 771852 1.07477e+06 1.52032e+06 2.18285e+06 3.16434e+06 4.62888e+06 6.84169e+06 1.01315e+07 1.49809e+07 2.19205e+07 3.16768e+07 4.56793e+07 6.59493e+07 
2.10686 0.477806 0.861906 1.55613 2.81248 5.08732 9.2131 16.7113 30.3622 55.242 100.746 184.261 337.693 620.867 1146.31 2125.31 3954.12 7401.1 13955.7 26421 50402.8 96023.8 -3.27856e+06 245825 323919 432114 588628 813134 1.13796e+06 1.61854e+06 2.33721e+06 3.40761e+06 5.01321e+06 7.44861e+06 1.1083e+07 1.64577e+07 2.41618e+07 3.49875e+07 5.05251e+07 7.30133e+07 
1.43411 0.325276 0.586844 1.05969 1.9156 3.46579 6.27815 11.3911 20.7031 37.6833 68.756 125.819 230.733 424.529 784.469 1455.86 2711.81 5082.62 9598.47 18205.6 34805 67233.4 131064 -4.02303e+06 340018 455545 623739 866555 1.22026e+06 1.74741e+06 2.54142e+06 3.73221e+06 5.5304e+06 8.27168e+06 1.23822e+07 1.84858e+07 2.72535e+07 3.95668e+07 5.72393e+07 8.28093e+07 
0.985099 0.223464 0.403225 0.728256 1.31674 2.38288 4.31775 7.83666 14.2484 25.9464 47.3655 86.7261 159.156 293.073 542.061 1007.08 1878.32 3525.72 6669.57 12676.6 24293 47055.5 92022.9 181178 -4.99815e+06 486782 670439 937567 1.32977e+06 1.91937e+06 2.81513e+06 4.16964e+06 6.23164e+06 9.39445e+06 1.41644e+07 2.12817e+07 3.15329e+07 4.59206e+07 6.65699e+07 9.64336e+07 
0.680916 0.154484 0.278805 0.503645 0.910829 1.64877 2.98848 5.426 9.86944 17.9813 32.8437 60.1753 110.517 203.692 377.131 701.497 1310.27 2463.52 4668.94 8894.48 17090.7 33205.5 65169.8 128862 258418 -6.30259e+06 728384 1.03019e+06 1.47322e+06 2.14598e+06 3.17853e+06 4.75517e+06 7.17848e+06 1.09231e+07 1.66092e+07 2.51432e+07 3.7474e+07 5.47704e+07 7.95932e+07 1.15471e+08 
0.475527 0.107904 0.194779 0.351936 0.636632 1.15278 2.09023 3.79664 6.90905 12.5949 23.0201 42.2077 77.5873 143.149 265.349 494.254 924.722 1741.95 3308.6 6319.93 12181.8 23752.8 46815.2 93045 187692 384112 -7.99864e+06 1.13061e+06 1.63363e+06 2.40755e+06 3.61165e+06 5.4745e+06 8.37534e+06 1.29047e+07 1.98465e+07 3.03477e+07 4.55884e+07 6.69545e+07 9.76145e+07 1.41883e+08 
0.328656 0.07459 0.134673 0.243393 0.440405 0.797726 1.44701 2.62946 4.78746 8.73267 15.9722 29.3084 53.9273 99.6074 184.874 344.87 646.4 1220.19 2323.06 4450.41 8607.64 16849.8 33364.6 66690.7 135415 280281 583302 -1.02735e+07 1.80316e+06 2.69406e+06 4.10348e+06 6.3197e+06 9.82782e+06 1.53802e+07 2.39911e+07 3.7149e+07 5.63557e+07 8.32731e+07 1.21894e+08 1.77573e+08 
0.220783 0.0501173 0.0905076 0.163616 0.29614 0.536602 0.973747 1.77029 3.2249 5.88626 10.774 19.7865 36.4443 67.3951 125.257 234.028 439.492 831.457 1586.97 3049.78 5920.36 11638.4 23161.9 46584.7 95271.3 198823 418074 894449 -1.33707e+07 2.93837e+06 4.60504e+06 7.22684e+06 1.14609e+07 1.82793e+07 2.90114e+07 4.56198e+07 7.00431e+07 1.04277e+08 1.53389e+08 2.24052e+08 
0.141538 0.0321352 0.0580473 0.104964 0.19004 0.344479 0.62538 1.13751 2.07335 3.787 6.93703 12.7512 23.5115 43.5337 81.0255 151.642 285.361 541.139 1035.64 1996.96 3891.96 7686.01 15379.9 31143.7 64199.2 135210 287648 623898 1.37181e+06 -1.76362e+07 4.95601e+06 7.96026e+06 1.29387e+07 2.11464e+07 3.4324e+07 5.50675e+07 8.58848e+07 1.29126e+08 1.91161e+08 2.8016e+08 
0.084333 0.0191511 0.034602 0.0625866 0.11335 0.205543 0.373315 0.679365 1.239 2.26463 4.15168 7.63822 14.0994 26.1401 48.7239 91.3458 172.257 327.451 628.422 1215.96 2379.59 4721.73 9502.51 19380.4 40288.4 85687.8 184630 406602 919877 2.12052e+06 -2.34289e+07 8.11252e+06 1.36079e+07 2.2983e+07 3.84717e+07 6.34706e+07 1.01194e+08 1.54295e+08 2.30506e+08 3.39364e+08 
0.0451614 0.0102577 0.018538 0.0335399 0.0607628 0.110225 0.200283 0.364658 0.665433 1.21711 2.23306 4.11205 7.59879 14.106 26.3314 49.4498 93.4465 178.066 342.678 665.367 1307.45 2606.71 5276.23 10838.9 22725.5 48819.3 106579 238476 549765 1.29709e+06 3.0895e+06 -3.17149e+07 1.31137e+07 2.30588e+07 4.01229e+07 6.86133e+07 1.1259e+08 1.74909e+08 2.64494e+08 3.91744e+08 
0.021377 0.0048564 0.00877869 0.0158872 0.0287909 0.0522467 0.0949745 0.173006 0.31588 0.578156 1.06158 1.95656 3.61948 6.72747 12.576 23.6573 44.798 85.5676 165.119 321.705 634.718 1271.44 2588.22 5355.33 11324.7 24573.6 54367.9 123657 290710 702981 1.72797e+06 4.37258e+06 -4.41605e+07 2.1118e+07 3.85994e+07 6.90384e+07 1.17519e+08 1.87027e+08 2.87306e+08 4.28832e+08 
0.00881504 0.00200296 0.00362145 0.00655552 0.0118833 0.0215719 0.039229 0.0714916 0.1306 0.239187 0.439496 0.810676 1.50117 2.79343 5.22879 9.85134 18.69 35.7773 69.2119 135.27 267.879 538.932 1102.84 2297.07 4896.06 10723.4 24023.6 55497.5 132969 329489 836954 2.20495e+06 6.05624e+06 -6.2087e+07 3.15935e+07 6.03593e+07 1.08905e+08 1.80466e+08 2.84861e+08 4.3112e+08 
0.00311704 0.000708374 0.00128104 0.00231946 0.00420562 0.0076369 0.013893 0.0253292 0.0462932 0.0848327 0.15598 0.287929 0.533661 0.994111 1.86306 3.51511 6.6805 12.8138 24.8455 48.6986 96.7681 195.454 401.879 842.129 1807.9 3993.36 9048.49 21201.3 51684.4 130979 343113 939627 2.71102e+06 7.73748e+06 -8.85131e+07 4.59848e+07 8.97935e+07 1.57987e+08 2.60233e+08 4.03306e+08 
0.000932446 0.000211938 0.000383343 0.000694228 0.00125906 0.00228695 0.00416176 0.00759041 0.0138787 0.025446 0.0468146 0.0864751 0.160408 0.299096 0.561146 1.06009 2.01785 3.87737 7.53352 14.8041 29.5063 59.8078 123.496 260.175 562.122 1250.99 2863.28 6793.7 16818.6 43485.8 117143 332520 1.00343e+06 3.05909e+06 9.51613e+06 -1.27644e+08 6.45992e+07 1.24794e+08 2.19075e+08 3.53133e+08 
0.000230275 5.2346e-05 9.46943e-05 0.000171518 0.000311124 0.000565249 0.00102889 0.00187709 0.00343332 0.00629742 0.0115912 0.0214222 0.039763 0.0741973 0.139323 0.263466 0.502112 0.966184 1.88026 3.70234 7.39681 15.0345 31.1481 65.8975 143.089 320.319 738.942 1770.58 4436.31 11651.6 32085.9 93740.5 293442 948229 3.19234e+06 1.1098e+07 -1.81956e+08 8.31861e+07 1.6243e+08 2.82075e+08 
4.57871e-05 1.04091e-05 1.88318e-05 3.41131e-05 6.18865e-05 0.000112451 0.000204722 0.000373558 0.000683406 0.00125383 0.0023085 0.00426787 0.00792504 0.014795 0.0277959 0.0525962 0.100314 0.193197 0.376352 0.741983 1.48457 3.02265 6.27514 13.3102 28.9906 65.1339 150.989 363.991 918.864 2437.21 6806.43 20260.5 64972.4 218610 781438 2.98278e+06 1.15733e+07 -2.48652e+08 9.78542e+07 1.9929e+08 
7.15281e-06 1.62618e-06 2.94223e-06 5.33015e-06 9.67054e-06 1.75736e-05 3.19973e-05 5.83937e-05 0.000106845 0.000196063 0.000361059 0.000667672 0.00124017 0.002316 0.00435284 0.00824024 0.0157247 0.0303035 0.0590738 0.116567 0.23347 0.47592 0.989433 2.10241 4.58878 10.3349 24.0352 58.1749 147.58 393.956 1110.25 3345.2 10897.8 37677 140541 571728 2.46743e+06 1.06844e+07 -3.28955e+08 1.19786e+08 
8.47644e-07 1.92718e-07 3.487e-07 6.3174e-07 1.14624e-06 2.08314e-06 3.79322e-06 6.92313e-06 1.26689e-05 2.32509e-05 4.28241e-05 7.92043e-05 0.000147148 0.000274865 0.00051674 0.000978537 0.00186804 0.00360151 0.00702423 0.0138689 0.027797 0.0567079 0.118005 0.251028 0.548614 1.23744 2.88325 6.9944 17.791 47.651 134.903 408.91 1342.45 4706.1 17976.1 76059.4 353639 1.79586e+06 9.8861e+06 -4.18133e+08 
dt_FE: 2.39157e-09
dt_EA: 2.39157e-09
dt_PE: 2.39157e-09
tolC: 1e-06
dt_grow: 1.03
dt_max: 0.1
steps: 0
