t: 6.60024e-08
dt: 2.39311e-09
N: 0.0463151 0.0532531 0.0611618 0.070166 0.0803937 0.0919556 0.104991 0.119642 0.136023 0.154194 0.174285 0.196361 0.220274 0.24601 0.273464 0.302285 0.331848 0.361879 0.391779 0.419969 0.445849 0.468468 0.486066 0.496364 0.498641 0.49118 0.469547 0.43339 0.381827 0.314512 0.236128 0.171532 0.0912107 0.0389236 0.0149205 0.00480334 0.00128147 0.000276758 4.68936e-05 6.00485e-06 
eC: 1 1.15749 1.33977 1.55077 1.795 2.07768 2.40489 2.78363 3.22201 3.72944 4.31677 4.99661 5.78351 6.69433 7.7486 8.9689 10.3814 12.0163 13.9087 16.0991 18.6345 21.5692 24.9661 28.8979 33.4489 38.7167 44.814 51.8717 60.0407 69.4963 80.4411 93.1095 107.773 124.746 144.391 167.131 193.452 223.918 259.182 300 
dV: 1.08333 0.211322 0.327712 0.508206 0.788112 1.22218 1.89532 2.93921 4.55805 7.06849 10.9616 16.999 26.3615 40.8807 63.3966 98.3136 152.462 236.434 366.655 568.597 881.764 1367.42 2120.55 3288.49 5099.69 7908.45 12264.2 19019 29494.1 45738.6 70930.1 109996 170579 264529 410225 636165 986546 1.52991e+06 2.37254e+06 3.67926e+06 
kVec: 953372 1.10571e+06 1.27488e+06 1.46992e+06 1.69453e+06 1.95236e+06 2.24813e+06 2.5871e+06 2.97484e+06 3.4161e+06 3.91865e+06 4.48997e+06 5.13352e+06 5.858e+06 6.67152e+06 7.57931e+06 8.57712e+06 9.67617e+06 1.08809e+07 1.21581e+07 1.35143e+07 1.49437e+07 1.64212e+07 1.78729e+07 1.93369e+07 2.08471e+07 2.22466e+07 2.37468e+07 2.5593e+07 2.81699e+07 3.19088e+07 3.80625e+07 4.85712e+07 6.48197e+07 8.99845e+07 1.28271e+08 1.82077e+08 2.48523e+08 3.28719e+08 4.17866e+08 
cMat: 
-137356 915.664 1075.96 1253.3 1461.03 1705.61 1993.76 2333.52 2735.73 3215.28 3786.39 4468.34 5293.49 6292.19 7503.8 8988.47 10834.1 13123.2 15978.9 19641.9 24329.7 30360.8 38271.8 48861.9 62988.8 82014.1 108611 145499 197044 270573 376790 529830 752149 1.08151e+06 1.56152e+06 2.25727e+06 3.24481e+06 4.63742e+06 6.635e+06 9.52705e+06 
4623.15 -163365 1231.08 1434 1671.7 1951.56 2281.28 2670.07 3130.34 3679.13 4332.7 5113.16 6057.54 7200.6 8587.43 10286.9 12399.7 15020.5 18290.1 22484.4 27852.9 34760.6 43822.5 55955.2 72142.6 93946.4 124433 166725 225833 310166 432013 607605 862727 1.24074e+06 1.79172e+06 2.59042e+06 3.72415e+06 5.32288e+06 7.61615e+06 1.09363e+07 
3442.06 780.024 -187552 1637.53 1908.98 2228.59 2605.15 3049.18 3574.85 4201.66 4948.18 5839.65 6918.43 8224.24 9808.62 11750.3 14164.5 17159.3 20896 25690.2 31827.2 39724.8 50087.2 63963.7 82481.1 107428 142319 190731 258408 354991 494568 695754 988123 1.42139e+06 2.05301e+06 2.96873e+06 4.26863e+06 6.10166e+06 8.73101e+06 1.25378e+07 
2533.56 574.147 1034.76 -215799 2175.7 2540 2969.22 3475.37 4074.59 4789.13 5640.18 6656.52 7886.48 9375.39 11182 13396.3 16149.8 19565.7 23828.4 29298.2 36301.1 45314.5 57143.1 72986.5 94133.1 122629 162494 217822 295188 405628 565273 795439 1.13e+06 1.62589e+06 2.34892e+06 3.39732e+06 4.88569e+06 6.9844e+06 9.99491e+06 1.43535e+07 
1860.55 421.635 759.903 1370.58 -248693 2862.93 3376.86 3952.56 4634.17 5446.98 6415.11 7571.35 8970.71 10664.8 12720.6 15240.5 18374.3 22262.6 27115.2 33343.2 41318 51584.4 65060 83114 107217 139705 185169 248286 336571 462636 644919 907798 1.29001e+06 1.85664e+06 2.68298e+06 3.8814e+06 5.58285e+06 7.98197e+06 1.14234e+07 1.6406e+07 
1363.44 308.984 556.88 1004.42 1797.15 -286862 3829.19 4482.11 5255.18 6177.1 7275.27 8586.87 10174.4 12096.5 14429.2 17288.8 20845.6 25259.3 30768.5 37840.6 46898.2 58560.9 73873.3 94394.1 121798 158748 210474 282311 382829 526417 734109 1.03373e+06 1.46951e+06 2.11569e+06 3.05829e+06 4.4256e+06 6.36702e+06 9.10439e+06 1.30311e+07 1.87163e+07 
996.421 225.812 406.986 734.072 1325.26 2393.99 -331090 5067.06 5941.2 6983.72 8225.62 9709.01 11504.7 13678.9 16317.9 19553.5 23578.6 28574.2 34810.8 42818.6 53077 66289.2 83641.1 106903 137978 179894 238595 320154 434324 597484 833581 1.17431e+06 1.67007e+06 2.40539e+06 3.47833e+06 5.03508e+06 7.24573e+06 1.03626e+07 1.48337e+07 2.13071e+07 
725.74 164.472 296.435 534.682 965.311 1743.8 3153.23 -382262 6625.01 7870.06 9270.01 10942.3 12966.9 15418.6 18394.7 22044.2 26585 32221.7 39260.1 48299.7 59883.1 74806 94411.2 120704 155842 203256 269691 362039 491373 676295 944006 1.33053e+06 1.89316e+06 2.72793e+06 3.94637e+06 5.71471e+06 8.22614e+06 1.17669e+07 1.68461e+07 2.42001e+07 
526.683 119.362 215.135 388.048 700.594 1265.63 2288.65 4101.02 -441596 8834.55 10406.6 12284.7 14558.7 17312.8 20656.6 24757.5 29861.1 36197.7 44112 54279.6 67312.4 84108.2 106182 135799 175398 228856 303803 408037 554102 763064 1.06574e+06 1.50297e+06 2.13972e+06 3.0848e+06 4.46477e+06 6.46819e+06 9.31389e+06 1.33256e+07 1.90807e+07 2.74132e+07 
380.905 86.3257 155.595 280.659 506.724 915.433 1655.44 2997.82 5436.33 -510079 11625.3 13724.4 16266.3 19345.4 23084.3 27670.8 33380.2 40470.9 49329.2 60714 75312.4 94133.2 118880 152102 196543 256574 340791 457997 622350 857637 1.19866e+06 1.6916e+06 2.4099e+06 3.4765e+06 5.03462e+06 7.29754e+06 1.05124e+07 1.50442e+07 2.15455e+07 3.09586e+07 
274.149 62.1325 111.991 202.013 364.741 658.954 1191.68 2158.1 3913.77 7105.1 -589394 15260.2 18088.4 21514.9 25676.4 30782.5 37140.5 45039 54909.7 67600.8 83881.2 104880 132505 169613 219284 286423 380686 511970 696206 960167 1.34303e+06 1.89684e+06 2.7044e+06 3.90413e+06 5.65764e+06 8.20546e+06 1.18258e+07 1.69287e+07 2.42495e+07 3.48494e+07 
196.21 44.4694 80.1563 144.593 261.075 471.687 853.058 1544.95 2801.96 5087.09 9254.93 -681396 19861.4 23805.2 28413.8 34070 41115.3 49870.5 60815.5 74894.6 92964.2 116283 146978 188238 243505 318263 423315 569751 775428 1.07037e+06 1.49854e+06 2.11837e+06 3.0229e+06 4.36746e+06 6.33382e+06 9.19231e+06 1.3255e+07 1.8981e+07 2.71958e+07 3.90902e+07 
139.777 31.6803 57.1056 103.016 186.011 336.085 607.852 1100.93 1996.83 3625.65 6596.78 11943.5 -787878 26155.6 31224.8 37448.1 45203 54843.6 66900.7 82419.3 102348 128081 161979 207583 268720 351493 467931 630408 858859 1.18682e+06 1.6634e+06 2.35401e+06 3.36278e+06 4.86332e+06 7.05937e+06 1.02537e+07 1.4795e+07 2.11948e+07 3.03765e+07 4.36712e+07 
98.9575 22.4292 40.4315 72.9393 131.71 237.986 430.456 779.69 1414.29 2568.19 4673.3 8525.97 15578.2 -911693 34079.9 40881.9 49361.6 59908.1 73104.7 90101.2 111942 140165 177373 227479 294717 385847 514199 693517 945961 1.30883e+06 1.83677e+06 2.60268e+06 3.72268e+06 5.39004e+06 7.83227e+06 1.13872e+07 1.64428e+07 2.35664e+07 3.3787e+07 4.8586e+07 
69.5361 15.7613 28.4128 51.2597 92.5669 167.269 302.569 548.092 994.288 1805.72 3286.26 5996.32 10958.1 20080.8 -1.05596e+06 43827.4 53531.5 64992.3 79340.8 97834.7 121618 152375 192963 247681 321189 420936 561623 758445 1.03593e+06 1.43537e+06 2.01731e+06 2.86268e+06 4.10044e+06 5.94482e+06 8.64893e+06 1.25882e+07 1.81926e+07 2.60882e+07 3.74168e+07 5.38204e+07 
48.506 10.9949 19.8215 35.762 64.5843 116.713 211.137 382.502 693.97 1260.48 2294.31 4187.05 7653.25 14027.9 25522.7 -1.22556e+06 57587 69945 85426.7 105399 131105 164381 208341 267681 347501 455964 609197 823917 1.12713e+06 1.56438e+06 2.20242e+06 3.13072e+06 4.49193e+06 6.52248e+06 9.50288e+06 1.38488e+07 2.00344e+07 2.87473e+07 4.12491e+07 5.93516e+07 
33.6245 7.62208 13.7417 24.7945 44.7808 80.9321 146.423 265.295 481.384 874.49 1592.02 2905.98 5312.95 9741.04 17928.5 33119 -1.42395e+06 74550.4 91102.5 112477 140019 175710 222923 286754 372749 489799 655498 888143 1.21734e+06 1.69305e+06 2.38859e+06 3.40248e+06 4.89192e+06 7.11672e+06 1.03867e+07 1.51604e+07 2.19586e+07 3.15324e+07 4.52699e+07 6.51618e+07 
23.1005 5.23675 9.44186 17.0373 30.7733 55.6219 100.643 182.372 330.968 601.348 1094.98 1999.17 3656.05 6705.32 12345.6 22815.3 42283.2 -1.65915e+06 96350.2 119048 148328 186321 236657 304828 396837 522312 700349 950884 1.30622e+06 1.82096e+06 2.5753e+06 3.67731e+06 5.29965e+06 7.72673e+06 1.12996e+07 1.65225e+07 2.39652e+07 3.4444e+07 4.94809e+07 7.12541e+07 
15.716 3.56295 6.42445 11.5935 20.9424 37.8571 68.5078 124.159 225.36 409.546 745.905 1362.19 2491.91 4571.88 8420.98 15569.7 28871.1 53835.4 -1.94109e+06 124277 155901 196053 249340 321652 419447 553106 743254 1.01152e+06 1.39303e+06 1.94722e+06 2.76153e+06 3.95414e+06 5.71415e+06 8.35189e+06 1.22419e+07 1.79371e+07 2.60589e+07 3.74907e+07 5.38958e+07 7.76498e+07 
10.6392 2.41215 4.34979 7.85037 14.1824 25.6405 46.4073 84.1199 152.716 277.598 505.726 923.849 1690.67 3103.19 5718.57 10579.1 19630.3 36632.4 68441.2 -2.27744e+06 162070 204087 259966 335983 439045 580283 781869 1.06719e+06 1.47431e+06 2.06778e+06 2.94271e+06 4.2282e+06 6.13111e+06 8.98946e+06 1.32144e+07 1.94118e+07 2.82581e+07 4.07054e+07 5.85686e+07 8.44327e+07 
7.14546 1.62018 2.92192 5.27398 9.52911 17.2304 31.191 56.5494 102.686 186.708 340.249 621.779 1138.36 2090.45 3854.44 7135.17 13250.1 24747.9 46553.1 87876.3 -2.68674e+06 210719 268901 348276 456203 604573 817150 1.11917e+06 1.55181e+06 2.18511e+06 3.12247e+06 4.50493e+06 6.55892e+06 9.65253e+06 1.42375e+07 2.09782e+07 3.06112e+07 4.416e+07 6.36048e+07 9.17566e+07 
4.75738 1.0788 1.94578 3.51251 6.34734 11.4791 20.7839 37.6896 68.4569 124.509 226.979 414.95 760.055 1396.52 2576.55 4773.04 8871.3 16585.8 31234.4 59040 112425 -3.19103e+06 273323 358945 471464 626700 850095 1.16887e+06 1.6276e+06 2.30233e+06 3.30566e+06 4.792e+06 7.00985e+06 1.03609e+07 1.53428e+07 2.26867e+07 3.31959e+07 4.79706e+07 6.91755e+07 9.9872e+07 
3.15108 0.714621 1.28909 2.32739 4.20643 7.60875 13.7794 24.9939 45.4106 82.6216 150.679 275.587 505.064 928.587 1714.46 3178.67 5913.9 11069.3 20872.6 39516 75383.9 143616 -3.82355e+06 367664 484462 646282 880369 1.21615e+06 1.70197e+06 2.42073e+06 3.49559e+06 5.09653e+06 7.49791e+06 1.11404e+07 1.65761e+07 2.46147e+07 3.61371e+07 5.23284e+07 7.55668e+07 1.09201e+08 
2.08549 0.473017 0.853391 1.54101 2.78568 5.03996 9.12972 16.5649 30.1065 54.7992 99.9853 182.966 335.533 617.352 1140.78 2117.12 3943.52 7391.17 13958.1 26474.7 50613.6 97771.2 190593 -4.61314e+06 494455 662455 907044 1.26015e+06 1.77451e+06 2.54109e+06 3.69574e+06 5.4274e+06 8.04233e+06 1.20287e+07 1.80062e+07 2.68821e+07 3.96322e+07 5.75382e+07 8.32376e+07 1.20422e+08 
1.37226 0.311289 0.5617 1.01447 1.83423 3.3194 6.0147 10.9166 19.8482 36.1437 65.981 120.811 221.706 408.256 755.101 1402.88 2616.54 4911.39 9290.82 17658.7 33840.6 65549.2 128189 252384 -5.62782e+06 678095 933933 1.30605e+06 1.85239e+06 2.67371e+06 3.92153e+06 5.80839e+06 8.68079e+06 1.30866e+07 1.97312e+07 2.96458e+07 4.39258e+07 6.39682e+07 9.27331e+07 1.34334e+08 
0.896812 0.203466 0.367205 0.663334 1.19962 2.17154 3.93603 7.1464 12.9987 23.6825 43.2574 79.2548 145.558 268.276 496.707 923.918 1725.71 3244.61 6149.3 11714.6 22509.6 43733.9 85833 169720 340354 -6.96449e+06 959330 1.35683e+06 1.94033e+06 2.8264e+06 4.18634e+06 6.26288e+06 9.45454e+06 1.43865e+07 2.18755e+07 3.31152e+07 4.93557e+07 7.21362e+07 1.0483e+08 1.52083e+08 
0.587281 0.133263 0.240554 0.434646 0.786248 1.4237 2.58146 4.6889 8.53276 15.5548 28.4302 52.1271 95.8213 176.79 327.71 610.41 1142.04 2151.34 4086.16 7805.2 15044.6 29335.1 57817.3 114912 231802 474383 -8.68179e+06 1.39632e+06 2.01755e+06 2.97336e+06 4.46043e+06 6.76108e+06 1.03437e+07 1.59375e+07 2.45107e+07 3.74798e+07 5.63023e+07 8.26897e+07 1.20555e+08 1.75227e+08 
0.379792 0.0861956 0.155626 0.281263 0.508928 0.921846 1.67215 3.03858 5.53235 10.0914 18.4573 33.8685 62.3179 115.105 213.639 398.529 746.975 1410.04 2684.51 5142.86 9946.91 19471.5 38555.9 77067.2 156484 323890 674059 -1.09673e+07 2.08372e+06 3.11323e+06 4.74195e+06 7.30299e+06 1.13569e+07 1.77733e+07 2.77239e+07 4.29291e+07 6.51241e+07 9.62297e+07 1.40859e+08 2.05202e+08 
0.239793 0.0544325 0.0983004 0.177704 0.321638 0.582804 1.05759 1.92271 3.50256 6.39307 11.7017 21.4902 39.5822 73.1979 136.041 254.178 477.333 903.046 1723.61 3312.36 6430.11 12640.5 25156.1 50595.6 103474 215941 454070 971461 -1.40652e+07 3.19137e+06 5.00154e+06 7.84908e+06 1.24477e+07 1.98532e+07 3.15093e+07 4.95476e+07 7.60738e+07 1.13255e+08 1.66596e+08 2.43343e+08 
0.14624 0.0332028 0.0599757 0.108451 0.196354 0.355923 0.646157 1.1753 2.14223 3.91281 7.1675 13.1748 24.2926 44.98 83.7174 156.68 294.841 559.117 1070.05 2063.3 4021.26 7941.35 15890.9 32178.4 66332.1 139702 297204 644625 1.41738e+06 -1.8328e+07 5.12066e+06 8.22472e+06 1.33685e+07 2.1849e+07 3.54643e+07 5.6897e+07 8.87381e+07 1.33416e+08 1.97512e+08 2.89467e+08 
0.0843236 0.0191489 0.0345981 0.0625795 0.113337 0.20552 0.373273 0.679289 1.23886 2.26438 4.15121 7.63736 14.0979 26.1371 48.7184 91.3356 172.238 327.414 628.351 1215.83 2379.32 4721.2 9501.44 19378.2 40283.9 85678.2 184609 406556 919773 2.12028e+06 -2.41162e+07 8.11161e+06 1.36064e+07 2.29805e+07 3.84674e+07 6.34635e+07 1.01182e+08 1.54277e+08 2.30481e+08 3.39326e+08 
0.0438112 0.00995102 0.0179838 0.0325372 0.0589462 0.10693 0.194295 0.353756 0.645539 1.18073 2.1663 3.98912 7.37161 13.6843 25.5441 47.9714 90.6527 172.742 332.433 645.475 1268.36 2528.78 5118.49 10514.8 22046 47359.7 103393 231347 533328 1.25831e+06 2.99713e+06 -3.24703e+07 1.27216e+07 2.23694e+07 3.89233e+07 6.6562e+07 1.09224e+08 1.6968e+08 2.56586e+08 3.80032e+08 
0.0210204 0.0047754 0.00863228 0.0156222 0.0283107 0.0513754 0.0933905 0.17012 0.310612 0.568513 1.04387 1.92393 3.55911 6.61527 12.3663 23.2628 44.0509 84.1405 162.366 316.339 624.132 1250.24 2545.06 5266.02 11135.9 24163.8 53461.1 121594 285862 691257 1.69915e+06 4.29965e+06 -4.47409e+07 2.07658e+07 3.79557e+07 6.7887e+07 1.15559e+08 1.83908e+08 2.82514e+08 4.2168e+08 
0.00876706 0.00199205 0.00360174 0.00651984 0.0118186 0.0214545 0.0390155 0.0711025 0.129889 0.237885 0.437103 0.806264 1.493 2.77822 5.20033 9.79772 18.5883 35.5825 68.8352 134.534 266.421 535.999 1096.83 2284.56 4869.41 10665.1 23892.9 55195.5 132245 327696 832398 2.19294e+06 6.02328e+06 -6.24451e+07 3.14216e+07 6.00308e+07 1.08312e+08 1.79483e+08 2.8331e+08 4.28774e+08 
0.00311031 0.000706844 0.00127827 0.00231445 0.00419653 0.00762041 0.0138629 0.0252745 0.0461932 0.0846495 0.155643 0.287307 0.532509 0.991964 1.85904 3.50752 6.66607 12.7861 24.7918 48.5935 96.5591 195.032 401.011 840.311 1803.99 3984.73 9028.95 21155.5 51572.8 130697 342372 937598 2.70516e+06 7.72077e+06 -8.87052e+07 4.58854e+07 8.95996e+07 1.57646e+08 2.59671e+08 4.02435e+08 
0.000931791 0.000211789 0.000383073 0.000693741 0.00125818 0.00228535 0.00415883 0.00758508 0.0138689 0.0254281 0.0467818 0.0864144 0.160296 0.298886 0.560752 1.05935 2.01643 3.87464 7.52823 14.7937 29.4856 59.7658 123.409 259.992 561.727 1250.11 2861.27 6788.93 16806.8 43455.3 117060 332287 1.00273e+06 3.05694e+06 9.50945e+06 -1.27676e+08 6.45539e+07 1.24707e+08 2.18922e+08 3.52885e+08 
0.000230232 5.23362e-05 9.46765e-05 0.000171486 0.000311065 0.000565142 0.0010287 0.00187674 0.00343267 0.00629624 0.011589 0.0214182 0.0397555 0.0741833 0.139297 0.263416 0.502017 0.966002 1.87991 3.70165 7.39542 15.0317 31.1422 65.8851 143.062 320.259 738.803 1770.24 4435.47 11649.4 32079.9 93722.9 293387 948051 3.19174e+06 1.10959e+07 -1.81849e+08 8.31704e+07 1.624e+08 2.82022e+08 
4.57852e-05 1.04087e-05 1.8831e-05 3.41117e-05 6.1884e-05 0.000112446 0.000204713 0.000373543 0.000683378 0.00125378 0.00230841 0.0042677 0.00792472 0.0147944 0.0277948 0.052594 0.10031 0.193189 0.376337 0.741953 1.48451 3.02252 6.27488 13.3097 28.9895 65.1313 150.982 363.976 918.827 2437.11 6806.15 20259.6 64969.7 218601 781407 2.98266e+06 1.15729e+07 -2.48455e+08 9.78502e+07 1.99281e+08 
7.15276e-06 1.62617e-06 2.94221e-06 5.33012e-06 9.67047e-06 1.75735e-05 3.19971e-05 5.83933e-05 0.000106844 0.000196061 0.000361056 0.000667668 0.00124016 0.00231598 0.00435281 0.00824019 0.0157246 0.0303033 0.0590733 0.116566 0.233469 0.475916 0.989426 2.1024 4.58875 10.3348 24.035 58.1745 147.579 393.953 1110.24 3345.17 10897.7 37676.7 140540 571724 2.46741e+06 1.06843e+07 -3.28704e+08 1.19785e+08 
8.47643e-07 1.92718e-07 3.487e-07 6.31739e-07 1.14624e-06 2.08314e-06 3.79322e-06 6.92313e-06 1.26689e-05 2.32508e-05 4.28241e-05 7.92042e-05 0.000147148 0.000274865 0.00051674 0.000978536 0.00186804 0.0036015 0.00702423 0.0138689 0.027797 0.0567079 0.118005 0.251028 0.548613 1.23743 2.88325 6.99439 17.791 47.651 134.903 408.909 1342.45 4706.1 17976.1 76059.4 353639 1.79586e+06 9.88609e+06 -4.17863e+08 
dt_FE: 2.39311e-09
dt_EA: 2.39311e-09
dt_PE: 2.39311e-09
tolC: 1e-06
dt_grow: 1.03
dt_max: 0.1
steps: 0
