t: 1.35763e-06
dt: 7.68242e-08
N: 0.69681 0.74185 0.783192 0.81985 0.851063 0.876361 0.895779 0.90972 0.918868 0.924091 0.92634 0.926421 0.924942 0.922306 0.918691 0.914099 0.908397 0.901334 0.89254 0.881499 0.867501 0.849573 0.826379 0.79611 0.756382 0.704252 0.636575 0.551086 0.448585 0.335673 0.225502 0.133316 0.0684652 0.0303137 0.0114883 0.00368352 0.000981059 0.000211647 3.58361e-05 4.58655e-06 
eC: 1 1.15749 1.33977 1.55077 1.795 2.07768 2.40489 2.78363 3.22201 3.72944 4.31677 4.99661 5.78351 6.69433 7.7486 8.9689 10.3814 12.0163 13.9087 16.0991 18.6345 21.5692 24.9661 28.8979 33.4489 38.7167 44.814 51.8717 60.0407 69.4963 80.4411 93.1095 107.773 124.746 144.391 167.131 193.452 223.918 259.182 300 
dV: 1.08333 0.211322 0.327712 0.508206 0.788112 1.22218 1.89532 2.93921 4.55805 7.06849 10.9616 16.999 26.3615 40.8807 63.3966 98.3136 152.462 236.434 366.655 568.597 881.764 1367.42 2120.55 3288.49 5099.69 7908.45 12264.2 19019 29494.1 45738.6 70930.1 109996 170579 264529 410225 636165 986546 1.52991e+06 2.37254e+06 3.67926e+06 
kVec: 1.03005e+06 1.19336e+06 1.37486e+06 1.58369e+06 1.82367e+06 2.09841e+06 2.41264e+06 2.77158e+06 3.18055e+06 3.6438e+06 4.16868e+06 4.76189e+06 5.42524e+06 6.16595e+06 6.9901e+06 7.89983e+06 8.88633e+06 9.95722e+06 1.11117e+07 1.23082e+07 1.35479e+07 1.48184e+07 1.60892e+07 1.7281e+07 1.84373e+07 1.96008e+07 2.06413e+07 2.18077e+07 2.33972e+07 2.58634e+07 2.96964e+07 3.61556e+07 4.71157e+07 6.38682e+07 8.9496e+07 1.28173e+08 1.82276e+08 2.48899e+08 3.2919e+08 4.18366e+08 
cMat: 
-61881.3 291.103 342.062 398.443 464.483 542.239 633.845 741.86 869.728 1022.19 1203.75 1420.55 1682.88 2000.38 2385.57 2857.57 3444.33 4172.07 5079.93 6244.44 7734.76 9652.15 12167.2 15533.9 20025.1 26073.5 34528.9 46256.2 62643.3 86019 119787 168441 239119 343829 496432 717619 1.03157e+06 1.4743e+06 2.10936e+06 3.02879e+06 
1260.59 -73203.9 335.678 391.009 455.821 532.132 622.037 728.049 853.549 1003.19 1181.4 1394.21 1651.71 1963.39 2341.53 2804.93 3381.04 4095.63 4987.15 6130.83 7594.64 9478.16 11949.1 15257.3 19671.1 25616.4 33929.2 45461 61577.9 84572.9 117797 165676 235240 338313 488549 706330 1.01546e+06 1.45139e+06 2.07669e+06 2.982e+06 
794.882 180.133 -84514 378.158 440.844 514.653 601.613 704.154 825.549 970.298 1142.69 1348.56 1597.69 1899.24 2265.12 2713.53 3271.05 3962.64 4825.56 5932.69 7349.91 9173.74 11566.7 14771.3 19047.5 24808.7 32866 44045.9 59674.7 81978.7 114212 160672 228189 328245 474106 685574 985764 1.40907e+06 2.01627e+06 2.89538e+06 
490.861 111.237 200.479 -97819.6 421.528 492.11 575.269 673.331 789.427 927.865 1092.75 1289.66 1527.96 1816.42 2166.45 2595.46 3128.92 3790.74 4616.6 5676.34 7033.1 8779.41 11071.1 14140.7 18237.7 23758.7 31482.1 42201.6 57190.9 78587.9 109518 154111 218931 315005 455088 658210 946571 1.35319e+06 1.93645e+06 2.7809e+06 
301.33 68.2871 123.072 221.976 -113485 463.674 546.908 640.148 750.539 882.18 1038.98 1226.24 1452.88 1727.25 2060.2 2468.31 2975.86 3605.59 4391.51 5400.18 6691.77 8354.49 10537 13460.9 17364.6 22626.3 29989.5 40211.8 54510.2 74927.4 104450 147025 208928 300697 434529 628622 904186 1.29274e+06 1.85011e+06 2.65708e+06 
185.646 42.0712 75.8248 136.762 244.7 -131913 521.383 610.285 715.545 841.074 990.6 1169.19 1385.35 1647.06 1964.68 2354.04 2838.33 3439.3 4189.44 5152.37 6385.65 7973.65 10058.6 12852.7 16584.1 21615.2 28658.1 38439.5 52126 71676.9 99956.2 140753 200088 288072 416417 602589 866933 1.23965e+06 1.77431e+06 2.54841e+06 
116.031 26.2952 47.3924 85.4807 154.323 278.774 -153636 590.046 691.836 813.236 957.852 1130.59 1339.69 1592.87 1900.18 2276.95 2745.66 3327.39 4053.63 4986.11 6180.67 7719.2 9739.78 12448.6 16067.2 20948.1 27783.8 37281.1 50575.9 69575.4 97068.3 136746 194475 280102 405042 586322 843746 1.20669e+06 1.72734e+06 2.48115e+06 
74.4242 16.8665 30.3992 54.8313 98.992 178.826 323.362 -179311 679.39 807.07 950.634 1122.13 1329.75 1581.17 1886.37 2260.62 2726.27 3304.31 4026.1 4953.1 6140.97 7671.31 9681.81 12378.1 15981.5 20843.8 27656.7 37126.9 50390.1 69353.7 96807.3 136445 194142 279747 404698 586041 843586 1.20669e+06 1.72756e+06 2.48171e+06 
49.4584 11.2087 20.2023 36.4398 65.7896 118.85 214.917 385.108 -209734 829.612 977.238 1153.6 1367.14 1625.77 1939.77 2324.86 2804.12 3399.16 4142.35 5097.15 6321 7898.22 9971.1 12752.3 16470.8 21490.9 28528.7 38316.9 52033.2 71655.8 100079 141137 200931 289679 419266 607399 874625 1.25135e+06 1.79178e+06 2.57425e+06 
34.1851 7.74749 13.9642 25.1884 45.477 82.1575 148.571 269.046 487.895 -245790 1043.34 1231.72 1459.85 1736.2 2071.75 2483.38 2995.78 3632.15 4427.16 5448.91 6759.07 8448.19 10669.2 13650.7 17639.1 23026.8 30585 41103.9 55854.1 76970.5 107577 151816 216282 312006 451843 654933 943457 1.35018e+06 1.93365e+06 2.77845e+06 
24.4561 5.54268 9.99043 18.021 32.5376 58.7836 106.307 192.519 349.137 633.827 -288793 1361.32 1613.62 1919.28 2290.52 2746.03 3313.21 4017.81 4898.35 6030.49 7482.82 9356.07 11820.5 15130.8 19561.8 25551.1 33960 45671.5 62106.7 85654 119808 169212 241253 348277 504703 731988 1.05495e+06 1.51017e+06 2.16324e+06 3.10882e+06 
17.9644 4.0715 7.33889 13.2385 23.9033 43.1864 78.1037 141.451 256.54 465.76 847.356 -340332 1818.46 2179.54 2601.49 3119.36 3764.41 4566.01 5568.1 6857.15 8511.56 10646.5 13456.9 17234.5 22294.6 29139.3 38757.6 52164.8 70996.1 98000.6 137202 193953 276769 399873 579908 841624 1.21359e+06 1.73785e+06 2.48997e+06 3.57899e+06 
13.4552 3.04959 5.49707 9.91642 17.9057 32.352 58.5127 105.977 192.218 349.01 635.016 1149.7 -402062 2517.77 3005.74 3604.81 4351.3 5279.32 6439.96 7933.8 9852.15 12329.3 15592.4 19982.2 25867.3 33835.2 45043.7 60684 82675 114245 160122 226600 323706 468150 679545 987037 1.42419e+06 2.04024e+06 2.92409e+06 4.20385e+06 
10.1969 2.31118 4.16619 7.5159 13.5718 24.5229 44.3556 80.3418 145.733 264.635 481.553 878.545 1605.23 -476586 3511.71 4212.61 5086.39 6173.13 7532.95 9284.32 11534.9 14443 18277.1 23440.2 30368.7 39759 52984.8 71462.3 97475 134866 189267 268189 383598 555408 807064 1.17338e+06 1.69432e+06 2.42836e+06 3.48152e+06 5.00646e+06 
7.78201 1.76389 3.17976 5.73663 10.3594 18.7196 33.8614 61.3387 111.274 202.083 367.776 671.067 1226.35 2247.3 -567226 4904.87 5990.88 7273.49 8879.27 10949 13610.6 17052.7 21595.1 27718.8 35945.3 47108.3 62853 84880 115934 160636 225764 320371 458893 665304 967929 1.40879e+06 2.03599e+06 2.91961e+06 4.18743e+06 6.02321e+06 
5.97192 1.35367 2.44037 4.40291 7.95145 14.3694 25.9946 47.0927 85.4396 155.187 282.469 515.498 942.247 1727.08 3142.28 -678086 7089.95 8611.43 10517.5 12976.4 16141.3 20238.1 25650.4 32956.1 42783.4 56137 75002.7 101438 138770 192602 271156 385445 553034 803030 1.16997e+06 1.70503e+06 2.46658e+06 3.53929e+06 5.07847e+06 7.3072e+06 
4.60988 1.04498 1.88398 3.39929 6.13939 11.0957 20.0744 36.3716 65.9972 119.892 218.265 398.407 728.399 1335.49 2457.97 4540.58 -813765 10220.8 12490 15420.5 19196.4 24089.6 30562.5 39313.6 51103.5 67150.9 89868 121763 166896 232115 327473 466476 670676 975694 1.424e+06 2.07847e+06 3.0105e+06 4.32305e+06 6.20645e+06 8.93361e+06 
3.57177 0.8097 1.45989 2.63429 4.75813 8.60019 15.5613 28.1982 51.1739 92.9797 169.305 309.109 565.294 1036.77 1908.86 3527.68 6537.77 -982303 14897.6 18407 22934.4 28808.8 36591.7 47132.2 61358.4 80759.3 108287 147025 201967 281555 398190 568582 819426 1.1947e+06 1.74714e+06 2.5547e+06 3.70547e+06 5.3257e+06 7.65068e+06 1.10172e+07 
2.77669 0.629497 1.13506 2.04833 3.70009 6.68854 12.1039 21.9362 39.8163 72.3582 131.786 240.669 440.268 807.754 1487.81 2750.84 5100.91 9511.58 -1.19398e+06 21957.1 27544.5 34638.5 44053 56829.1 74107.4 97722.2 131317 178715 246120 344033 487903 698613 1.00957e+06 1.4756e+06 2.16289e+06 3.16911e+06 4.60406e+06 6.62381e+06 9.52224e+06 1.37191e+07 
2.1736 0.492807 0.88867 1.60384 2.89749 5.2384 9.48109 17.1859 31.2002 56.7137 103.321 188.744 345.407 633.987 1168.31 2161.33 4010.51 7484.07 13982.7 -1.45849e+06 33111.1 41695.4 53111.5 68641.9 89697.7 118553 159737 218030 301205 422452 601200 863828 1.2526e+06 1.83656e+06 2.69973e+06 3.96586e+06 5.77317e+06 8.31618e+06 1.19657e+07 1.72497e+07 
1.7085 0.387389 0.698641 1.26102 2.27844 4.11984 7.45787 13.5211 24.5526 44.6425 81.3547 148.669 272.185 499.834 921.609 1706.04 3168.13 5917.29 11131 21011.5 -1.79504e+06 50383.6 64294.9 83273.9 109080 144555 195383 267597 371044 522467 746592 1.07714e+06 1.56826e+06 2.30795e+06 3.40422e+06 5.01596e+06 7.31922e+06 1.05588e+07 1.52081e+07 2.19393e+07 
1.34637 0.305307 0.550668 0.994062 1.79634 3.24866 5.88198 10.6664 19.3737 35.2368 64.2366 117.434 215.101 395.224 729.18 1350.8 2510.64 4693.9 8839.53 16708.7 31817.1 -2.22907e+06 77352.3 101584 133427 177360 240583 330799 460621 651574 935523 1.35617e+06 1.98383e+06 2.9322e+06 4.34213e+06 6.4205e+06 9.39466e+06 1.3576e+07 1.95771e+07 2.82644e+07 
1.06452 0.241418 0.43549 0.786256 1.42105 2.57044 4.65505 8.44362 15.3409 27.9118 50.9035 93.1007 170.624 313.702 579.19 1073.84 1997.87 3739.51 7051.32 13349.6 25466.7 48517.4 -2.79339e+06 124207 163664 218331 297412 410847 574972 817789 1.18091e+06 1.72174e+06 2.53299e+06 3.76352e+06 5.59985e+06 8.3155e+06 1.22081e+07 1.76779e+07 2.55285e+07 3.6891e+07 
0.84428 0.191494 0.345483 0.623856 1.12774 2.04036 3.69603 6.70607 12.1882 22.1847 40.4776 74.0712 135.836 249.926 461.828 857.085 1596.48 2992.21 5650.76 10717.9 20490.2 39581.3 77159 -3.5234e+06 200173 268186 367204 510153 718385 1.02872e+06 1.49617e+06 2.1972e+06 3.25582e+06 4.86965e+06 7.28957e+06 1.08828e+07 1.60445e+07 2.32935e+07 3.36976e+07 4.8751e+07 
0.666802 0.15126 0.272938 0.492948 0.891283 1.61295 2.92264 5.30455 9.64455 17.5628 32.0612 58.7039 107.731 198.378 366.915 681.679 1271.42 2386.52 4514.55 8580.61 16443.6 31851.3 62289.2 122637 -4.49165e+06 329497 453812 634628 900106 1.2992e+06 1.90553e+06 2.82238e+06 4.21813e+06 6.359e+06 9.58769e+06 1.44054e+07 2.13442e+07 3.10831e+07 4.50604e+07 6.52748e+07 
0.521266 0.118263 0.213436 0.385558 0.697272 1.26219 2.28779 4.15379 7.55541 13.7653 25.1431 46.0663 84.6045 155.934 288.707 537.021 1003.06 1885.91 3574.24 6809.05 13083.5 25420 49889.8 98648.3 197828 -5.79689e+06 557604 788647 1.12781e+06 1.64282e+06 2.43328e+06 3.64026e+06 5.49538e+06 8.36205e+06 1.2715e+07 1.9248e+07 2.86877e+07 4.19287e+07 6.09315e+07 8.83972e+07 
0.40236 0.0913014 0.164809 0.297786 0.538677 0.975407 1.76862 3.21248 5.84599 10.657 19.4782 35.7135 65.6494 121.123 224.522 418.206 782.441 1473.93 2799.52 5347.52 10307.4 20098.1 39612 78728.8 158813 325011 -7.50156e+06 956654 1.38227e+06 2.03712e+06 3.05595e+06 4.63217e+06 7.08668e+06 1.09192e+07 1.67929e+07 2.56783e+07 3.8574e+07 5.66526e+07 8.25951e+07 1.20052e+08 
0.300901 0.068291 0.1233 0.222839 0.403213 0.73036 1.32481 2.40741 4.38317 7.99521 14.6234 26.8334 49.3732 91.1957 169.262 315.746 591.813 1117.15 2126.89 4074.58 7880.74 15426.8 30547.1 61058.8 123979 256611 534043 -9.7898e+06 1.65089e+06 2.46655e+06 3.75695e+06 5.78601e+06 8.99787e+06 1.40814e+07 2.19651e+07 3.40119e+07 5.15965e+07 7.62408e+07 1.116e+08 1.62577e+08 
0.213897 0.0485542 0.0876847 0.158513 0.286904 0.519866 0.943376 1.71507 3.12432 5.70267 10.438 19.1694 35.3076 65.2931 121.35 226.729 425.785 805.524 1537.47 2954.66 5735.71 11275.5 22439.5 45131.7 92299.9 192621 405035 866551 -1.29016e+07 2.84672e+06 4.46141e+06 7.00144e+06 1.11035e+07 1.77092e+07 2.81065e+07 4.41969e+07 6.78585e+07 1.01024e+08 1.48605e+08 2.17064e+08 
0.141726 0.0321778 0.0581243 0.105104 0.190293 0.344936 0.62621 1.13902 2.0761 3.79202 6.94624 12.7681 23.5427 43.5915 81.1331 151.844 285.74 541.857 1037.01 1999.61 3897.12 7696.21 15400.3 31185 64284.4 135389 288030 624726 1.37363e+06 -1.71818e+07 4.96258e+06 7.97083e+06 1.29558e+07 2.11745e+07 3.43695e+07 5.51406e+07 8.59988e+07 1.29297e+08 1.91415e+08 2.80532e+08 
0.0854967 0.0194153 0.0350794 0.0634501 0.114914 0.208379 0.378466 0.688739 1.2561 2.29588 4.20896 7.74361 14.294 26.5008 49.3962 92.6062 174.634 331.969 637.093 1232.74 2412.42 4786.88 9633.62 19647.8 40844.3 86870.1 187177 412212 932569 2.14978e+06 -2.29998e+07 8.22445e+06 1.37957e+07 2.33002e+07 3.90025e+07 6.43464e+07 1.0259e+08 1.56423e+08 2.33687e+08 3.44047e+08 
0.0458321 0.0104101 0.0188133 0.0340381 0.0616653 0.111863 0.203258 0.370074 0.675317 1.23519 2.26623 4.17313 7.71165 14.3155 26.7225 50.1842 94.8344 180.711 347.768 675.249 1326.87 2645.43 5354.6 10999.9 23063 49544.4 108162 242018 557930 1.31635e+06 3.13538e+06 -3.13355e+07 1.33085e+07 2.34013e+07 4.07188e+07 6.96324e+07 1.14262e+08 1.77507e+08 2.68422e+08 3.97563e+08 
0.0215465 0.00489492 0.00884834 0.0160132 0.0290193 0.0526612 0.0957279 0.174378 0.318386 0.582742 1.07 1.97208 3.64819 6.78084 12.6758 23.845 45.1534 86.2464 166.429 324.257 639.753 1281.53 2608.75 5397.82 11414.6 24768.6 54799.2 124638 293016 708558 1.74168e+06 4.40726e+06 -4.38899e+07 2.12856e+07 3.89057e+07 6.95861e+07 1.18451e+08 1.88511e+08 2.89585e+08 4.32234e+08 
0.0088456 0.0020099 0.003634 0.00657825 0.0119245 0.0216467 0.039365 0.0717394 0.131053 0.240016 0.441019 0.813487 1.50638 2.80311 5.24692 9.88549 18.7548 35.9013 69.4519 135.739 268.808 540.801 1106.66 2305.03 4913.04 10760.6 24106.9 55689.9 133430 330631 839855 2.21259e+06 6.07724e+06 -6.19322e+07 3.1703e+07 6.05685e+07 1.09282e+08 1.81091e+08 2.85848e+08 4.32615e+08 
0.00312115 0.000709307 0.00128272 0.00232251 0.00421116 0.00764696 0.0139112 0.0253626 0.0463542 0.0849444 0.156185 0.288308 0.534364 0.99542 1.86551 3.51974 6.68929 12.8307 24.8782 48.7628 96.8956 195.712 402.408 843.238 1810.28 3998.62 9060.41 21229.2 51752.5 131152 343565 940865 2.71459e+06 7.74767e+06 -8.84678e+07 4.60453e+07 8.99118e+07 1.58195e+08 2.60575e+08 4.03838e+08 
0.00093284 0.000212028 0.000383505 0.000694521 0.00125959 0.00228792 0.00416351 0.00759361 0.0138845 0.0254567 0.0468344 0.0865117 0.160476 0.299223 0.561383 1.06054 2.0187 3.879 7.5367 14.8103 29.5188 59.8331 123.548 260.285 562.359 1251.52 2864.49 6796.57 16825.7 43504.2 117192 332661 1.00386e+06 3.06038e+06 9.52015e+06 -1.27701e+08 6.46265e+07 1.24847e+08 2.19168e+08 3.53282e+08 
0.000230301 5.23519e-05 9.4705e-05 0.000171537 0.000311159 0.000565312 0.00102901 0.0018773 0.0034337 0.00629813 0.0115925 0.0214246 0.0397675 0.0742057 0.139339 0.263496 0.502168 0.966293 1.88048 3.70276 7.39764 15.0362 31.1516 65.9049 143.105 320.355 739.026 1770.78 4436.81 11652.9 32089.5 93751.1 293475 948336 3.1927e+06 1.10993e+07 -1.82097e+08 8.31955e+07 1.62449e+08 2.82106e+08 
4.57882e-05 1.04093e-05 1.88322e-05 3.41139e-05 6.1888e-05 0.000112453 0.000204726 0.000373567 0.000683423 0.00125386 0.00230856 0.00426798 0.00792523 0.0147953 0.0277966 0.0525974 0.100316 0.193202 0.376361 0.742001 1.48461 3.02272 6.27529 13.3105 28.9913 65.1355 150.992 364 918.886 2437.27 6806.6 20261 64974 218615 781458 2.98285e+06 1.15736e+07 -2.48846e+08 9.78565e+07 1.99294e+08 
7.15284e-06 1.62619e-06 2.94225e-06 5.33018e-06 9.67058e-06 1.75737e-05 3.19975e-05 5.83939e-05 0.000106845 0.000196064 0.00036106 0.000667675 0.00124017 0.00231601 0.00435286 0.00824028 0.0157248 0.0303036 0.059074 0.116568 0.233471 0.475922 0.989437 2.10242 4.5888 10.335 24.0353 58.1752 147.581 393.958 1110.25 3345.21 10897.8 37677.1 140542 571730 2.46744e+06 1.06844e+07 -3.29178e+08 1.19787e+08 
8.47644e-07 1.92719e-07 3.487e-07 6.3174e-07 1.14624e-06 2.08314e-06 3.79322e-06 6.92314e-06 1.26689e-05 2.32509e-05 4.28241e-05 7.92043e-05 0.000147148 0.000274865 0.00051674 0.000978537 0.00186804 0.00360151 0.00702424 0.0138689 0.027797 0.056708 0.118005 0.251028 0.548614 1.23744 2.88325 6.9944 17.791 47.651 134.904 408.91 1342.45 4706.1 17976.1 76059.5 353639 1.79586e+06 9.88611e+06 -4.18364e+08 
dt_FE: 7.68242e-08
dt_EA: 7.68242e-08
dt_PE: 7.68242e-08
tolC: 1e-06
dt_grow: 1.03
dt_max: 0.1
steps: 0
