t: 1.04281e-07
dt: 2.39183e-09
N: 0.0763903 0.0875846 0.100265 0.114599 0.130746 0.148825 0.168984 0.191358 0.216013 0.242908 0.272085 0.303454 0.336592 0.371254 0.407051 0.443254 0.478812 0.513185 0.545453 0.573672 0.597167 0.614903 0.625107 0.625598 0.615602 0.593189 0.554283 0.498158 0.424269 0.334562 0.237285 0.149465 0.0778067 0.0345222 0.0131254 0.00421333 0.00112289 0.000242374 4.10541e-05 5.25585e-06 
eC: 1 1.15749 1.33977 1.55077 1.795 2.07768 2.40489 2.78363 3.22201 3.72944 4.31677 4.99661 5.78351 6.69433 7.7486 8.9689 10.3814 12.0163 13.9087 16.0991 18.6345 21.5692 24.9661 28.8979 33.4489 38.7167 44.814 51.8717 60.0407 69.4963 80.4411 93.1095 107.773 124.746 144.391 167.131 193.452 223.918 259.182 300 
dV: 1.08333 0.211322 0.327712 0.508206 0.788112 1.22218 1.89532 2.93921 4.55805 7.06849 10.9616 16.999 26.3615 40.8807 63.3966 98.3136 152.462 236.434 366.655 568.597 881.764 1367.42 2120.55 3288.49 5099.69 7908.45 12264.2 19019 29494.1 45738.6 70930.1 109996 170579 264529 410225 636165 986546 1.52991e+06 2.37254e+06 3.67926e+06 
kVec: 986256 1.14341e+06 1.31803e+06 1.5192e+06 1.75071e+06 2.01622e+06 2.32047e+06 2.66877e+06 3.06662e+06 3.51861e+06 4.0324e+06 4.61522e+06 5.26986e+06 6.00446e+06 6.8263e+06 7.73924e+06 8.73697e+06 9.82898e+06 1.10172e+07 1.22639e+07 1.35727e+07 1.4934e+07 1.63188e+07 1.76489e+07 1.89634e+07 2.02984e+07 2.15074e+07 2.28193e+07 2.4505e+07 2.69887e+07 3.07406e+07 3.70311e+07 4.77685e+07 6.42786e+07 8.96842e+07 1.28174e+08 1.82137e+08 2.48677e+08 3.28925e+08 4.1809e+08 
cMat: 
-116101 886.788 1042.03 1213.78 1414.96 1651.82 1930.88 2259.93 2649.46 3113.89 3666.98 4327.43 5126.56 6093.76 7267.16 8705.01 10492.5 12709.4 15475 19022.5 23562.4 29403.4 37064.8 47321 61002.4 79427.7 105186 140910 190830 262040 364908 513122 728429 1.04741e+06 1.51228e+06 2.18609e+06 3.14248e+06 4.49118e+06 6.42576e+06 9.22661e+06 
4455.5 -138546 1186.44 1382 1611.08 1880.79 2198.56 2573.25 3016.82 3545.71 4175.59 4927.74 5837.88 6939.49 8276.03 9913.87 11950.1 14475.8 17626.8 21669.1 26842.9 33500 42233.3 53926.2 69526.5 90539.7 119921 160679 217644 298918 416347 585572 831442 1.19575e+06 1.72675e+06 2.49649e+06 3.5891e+06 5.12986e+06 7.33997e+06 1.05397e+07 
3298.69 747.535 -158776 1569.32 1829.46 2135.77 2496.64 2922.18 3425.96 4026.66 4742.08 5596.42 6630.28 7881.69 9400.08 11260.9 13574.6 16444.6 20025.7 24620.2 30501.5 38070.3 48001 61299.6 79045.7 102954 136391 182787 247645 340205 473969 666775 946967 1.36219e+06 1.9675e+06 2.84508e+06 4.09084e+06 5.84752e+06 8.36736e+06 1.20156e+07 
2412.49 546.711 985.315 -182406 2071.73 2418.63 2827.34 3309.29 3879.89 4560.28 5370.66 6338.43 7509.62 8927.38 10647.7 12756.2 15378.1 18630.8 22689.7 27898.1 34566.4 43149.1 54412.4 69498.8 89634.9 116769 154729 207413 281082 386245 538261 757428 1.076e+06 1.54819e+06 2.23667e+06 3.23498e+06 4.65222e+06 6.65065e+06 9.51729e+06 1.36676e+07 
1758.67 398.549 718.295 1295.54 -209914 2706.18 3191.96 3736.14 4380.43 5148.73 6063.86 7156.78 8479.53 10080.9 12024.1 14406 17368.2 21043.6 25630.5 31517.5 39055.7 48760 61497.7 78563.1 101346 132056 175030 234691 318142 437304 609607 858092 1.21938e+06 1.75498e+06 2.53607e+06 3.66887e+06 5.27717e+06 7.54493e+06 1.07979e+07 1.55077e+07 
1278.05 289.633 522.004 941.513 1684.6 -241815 3589.38 4201.41 4926.06 5790.24 6819.63 8049.09 9537.22 11338.9 13525.5 16206 19540 23677.3 28841.5 35470.7 43961 54893.4 69246.8 88482.4 114170 148806 197292 264630 358853 493448 688133 968989 1.37748e+06 1.98319e+06 2.86676e+06 4.14843e+06 5.96826e+06 8.5342e+06 1.2215e+07 1.75441e+07 
925.177 209.667 377.887 681.586 1230.51 2222.82 -278748 4704.77 5516.4 6484.39 7637.49 9014.82 10682.1 12700.9 15151.2 18155.4 21892.7 26531.1 32321.8 39757 49282 61549.5 77660.8 99259.4 128113 167031 221536 297263 403270 554764 773980 1.09035e+06 1.55066e+06 2.23341e+06 3.22963e+06 4.67508e+06 6.72766e+06 9.62164e+06 1.37731e+07 1.97836e+07 
666.619 151.073 272.287 491.126 886.674 1601.75 2896.36 -321431 6085.32 7228.95 8514.85 10050.9 11910.6 14162.6 16896.3 20248.4 24419.3 29596.8 36061.9 44365.1 55004.8 68712.2 86720.2 110871 143147 186699 247722 332546 451345 621203 867105 1.22214e+06 1.73894e+06 2.5057e+06 3.62489e+06 5.24918e+06 7.55602e+06 1.08083e+07 1.54738e+07 2.22287e+07 
477.92 108.311 195.217 352.121 635.731 1148.46 2076.76 3721.34 -370887 8016.61 9443.14 11147.3 13210.8 15710 18744.1 22465.4 27096.4 32846.4 40027.9 49254.2 61080.4 76321.2 96351.6 123227 159159 207668 275676 370260 502801 692417 967068 1.36382e+06 1.94161e+06 2.79919e+06 4.05141e+06 5.86935e+06 8.45158e+06 1.20919e+07 1.73141e+07 2.48752e+07 
340.953 77.2713 139.275 251.222 453.575 819.417 1481.81 2683.39 4866.13 -427947 10406 12284.9 14560.2 17316.3 20663.1 24768.5 29879.1 36226 44155.3 54345.9 67413.1 84259.9 106411 136148 175928 229663 305047 409959 557074 767683 1.07294e+06 1.51417e+06 2.15714e+06 3.11186e+06 4.50656e+06 6.53212e+06 9.40978e+06 1.34663e+07 1.92857e+07 2.77115e+07 
241.678 54.7734 98.7266 178.086 321.54 580.906 1050.54 1902.49 3450.21 6263.55 -494026 13452.8 15945.9 18966.6 22635.2 27136.6 32741.5 39704.5 48406.1 59594 73946.1 92457.8 116811 149524 193312 252499 335596 451331 613746 846443 1.18396e+06 1.67218e+06 2.38409e+06 3.44171e+06 4.98754e+06 7.23358e+06 1.04251e+07 1.49237e+07 2.13774e+07 3.07217e+07 
170.063 38.5434 69.4746 125.324 226.284 408.829 739.379 1339.06 2428.57 4409.18 8021.61 -570727 17214.7 20632.9 24627.4 29529.8 35636.3 43224.7 52711.2 64914.1 80575.8 100787 127391 163153 211055 275851 366904 493825 672094 927735 1.29884e+06 1.83608e+06 2.62007e+06 3.78545e+06 5.48977e+06 7.96734e+06 1.14886e+07 1.64516e+07 2.35717e+07 3.3881e+07 
118.926 26.9543 48.5867 87.6479 158.263 285.948 517.174 936.696 1698.95 3084.78 5612.69 10161.8 -659673 22253.8 26566.7 31861.7 38459.7 46662.1 56920.6 70124.2 87079.8 108974 137816 176616 228633 299058 398126 536365 730736 1.00977e+06 1.41526e+06 2.00284e+06 2.86112e+06 4.13782e+06 6.00627e+06 8.72409e+06 1.25879e+07 1.8033e+07 2.5845e+07 3.71564e+07 
82.5198 18.7035 33.7155 60.8234 109.832 198.454 358.953 650.177 1179.37 2141.59 3897.03 7109.74 12990.5 -763425 28418.9 34091.1 41162.2 49956.9 60961.4 75134.6 93347.6 116882 147910 189693 245762 321755 428787 578318 788829 1.09142e+06 1.53167e+06 2.17036e+06 3.10432e+06 4.49471e+06 6.53127e+06 9.49571e+06 1.37115e+07 1.96518e+07 2.81747e+07 4.05155e+07 
56.7507 12.8633 23.1886 41.8347 75.5468 136.514 246.936 447.315 811.47 1473.7 2682.02 4893.79 8943.24 16388.6 -884892 35769 43688.8 53042.3 64752.5 79846 99256.2 124358 157484 202141 262133 343539 458359 618991 845451 1.17145e+06 1.64639e+06 2.33632e+06 3.3465e+06 4.85176e+06 7.05867e+06 1.02737e+07 1.48475e+07 2.12914e+07 3.0537e+07 4.39245e+07 
38.7056 8.77347 15.8167 28.5365 51.5354 93.1318 168.478 305.22 553.757 1005.81 1830.76 3341.08 6106.96 11193.7 20366 -1.02861e+06 45951.9 55813 68166.8 84103.5 104616 131169 166247 213597 277291 363839 486112 657450 899404 1.2483e+06 1.75744e+06 2.49817e+06 3.58436e+06 5.20465e+06 7.58288e+06 1.10507e+07 1.59865e+07 2.29391e+07 3.29149e+07 4.73599e+07 
26.2286 5.94555 10.7191 19.3407 34.9309 63.1305 114.216 206.941 375.5 682.14 1241.85 2266.79 4144.33 7598.43 13985 25834.2 -1.19824e+06 58152.5 71063.8 87737.2 109221 137061 173890 223680 290760 382064 511317 692790 949577 1.32065e+06 1.86321e+06 2.65408e+06 3.81591e+06 5.55135e+06 8.10207e+06 1.18258e+07 1.71286e+07 2.45966e+07 3.53125e+07 5.0829e+07 
17.6231 3.99505 7.20307 12.9976 23.4766 42.4333 76.7793 139.13 252.491 458.761 835.35 1525.14 2789.15 5115.4 9418.31 17405.5 32257.3 -1.40153e+06 73504.3 90820.1 113158 142142 180543 232550 302742 398466 534288 725418 996502 1.38919e+06 1.96467e+06 2.80538e+06 4.04304e+06 5.89462e+06 8.62035e+06 1.26048e+07 1.82828e+07 2.62769e+07 3.77484e+07 5.43589e+07 
11.7452 2.66273 4.80124 8.66429 15.6511 28.2921 51.1985 92.7887 168.42 306.07 557.444 1018.02 1862.3 3416.74 6293.33 11635.8 21576.5 40233.3 -1.64843e+06 92876.8 116511 146518 186341 240383 313469 413358 555463 755951 1.04107e+06 1.45524e+06 2.0638e+06 2.95509e+06 4.27041e+06 6.2417e+06 9.14888e+06 1.34051e+07 1.94749e+07 2.80183e+07 4.02784e+07 5.80307e+07 
7.81988 1.77295 3.19713 5.77009 10.4242 18.846 34.1098 61.8289 112.248 204.037 371.713 679.038 1242.66 2280.87 4203.2 7775.75 14428.5 26925.1 50304.9 -1.94742e+06 119123 150006 191077 246950 322702 426513 574681 784397 1.08363e+06 1.51984e+06 2.16292e+06 3.10776e+06 4.50642e+06 6.60734e+06 9.7127e+06 1.42678e+07 2.07699e+07 2.99188e+07 4.30484e+07 6.20588e+07 
5.1943 1.17777 2.12406 3.83386 6.92707 12.5254 22.6739 41.1079 74.6467 135.725 247.34 451.995 827.515 1519.63 2801.94 5186.82 9631.97 17990.2 33841.2 63880.6 -2.31724e+06 153180 195474 253175 331631 439487 594018 813568 1.12807e+06 1.58844e+06 2.26984e+06 3.27481e+06 4.76793e+06 7.01679e+06 1.03497e+07 1.52499e+07 2.22524e+07 3.21016e+07 4.62367e+07 6.67013e+07 
3.44674 0.781592 1.40972 2.54482 4.59867 8.31664 15.058 27.3062 49.5972 90.2071 164.447 300.633 550.662 1011.78 1866.72 3458.09 6427.29 12016.5 22629.4 42774.7 81452.6 -2.78121e+06 198024 260057 341577 454047 615897 846852 1.1792e+06 1.66804e+06 2.39496e+06 3.47182e+06 5.07866e+06 7.5065e+06 1.11159e+07 1.64366e+07 2.40505e+07 3.47549e+07 5.01179e+07 7.23576e+07 
2.29858 0.521286 0.940339 1.69773 3.06841 5.55026 10.0515 18.232 33.1251 60.269 109.914 201.029 368.423 677.365 1250.62 2318.71 4313.94 8074.59 15225.7 28825.3 54989.4 104762 -3.37259e+06 268195 353395 471436 642192 887128 1.24152e+06 1.76582e+06 2.54989e+06 3.7177e+06 5.46941e+06 8.12643e+06 1.20916e+07 1.79554e+07 2.63605e+07 3.81713e+07 5.51228e+07 7.96575e+07 
1.55035 0.35164 0.634409 1.14558 2.07086 3.7467 6.78701 12.3143 22.3811 40.7376 74.3289 136.017 249.435 458.938 848.052 1573.86 2931.6 5494.58 10376.5 19681.2 37626 72682.9 141687 -4.12336e+06 367577 492468 674295 936792 1.31917e+06 1.88904e+06 2.74741e+06 4.03471e+06 5.97865e+06 8.94212e+06 1.33858e+07 1.99841e+07 2.94625e+07 4.27738e+07 6.18786e+07 8.95212e+07 
1.05213 0.238669 0.430662 0.777809 1.40633 2.54502 4.61154 8.36989 15.2179 27.7118 50.5884 92.6272 169.985 313.014 578.945 1075.6 2006.13 3765.62 7123.38 13539.1 25946 50257.3 98284.4 193506 -5.10354e+06 519904 716057 1.00136e+06 1.42025e+06 2.04997e+06 3.00668e+06 4.45336e+06 6.65566e+06 1.00337e+07 1.51281e+07 2.27298e+07 3.36784e+07 4.90452e+07 7.10996e+07 1.02995e+08 
0.717018 0.162675 0.293587 0.530347 0.95912 1.73618 3.14693 5.71368 10.3927 18.9346 34.5851 63.3657 116.376 214.491 397.126 738.689 1379.74 2594.13 4916.48 9366.06 17996.8 34966.1 68625 135694 272119 -6.41155e+06 767001 1.08481e+06 1.55133e+06 2.25976e+06 3.34705e+06 5.00729e+06 7.55907e+06 1.15023e+07 1.74898e+07 2.64762e+07 3.94608e+07 5.76742e+07 8.38132e+07 1.21593e+08 
0.493468 0.111975 0.202128 0.365215 0.660652 1.19627 2.16909 3.93989 7.16973 13.0701 23.8887 43.8003 80.5147 148.55 275.361 512.903 959.612 1807.68 3433.43 6558.39 12641.4 24649 48581.5 96555.6 194773 398604 -8.10928e+06 1.17327e+06 1.69527e+06 2.49839e+06 3.74792e+06 5.68106e+06 8.69135e+06 1.33916e+07 2.05954e+07 3.14928e+07 4.73085e+07 6.94807e+07 1.01298e+08 1.47236e+08 
0.336378 0.0763428 0.137837 0.249112 0.450753 0.816471 1.48101 2.69125 4.89996 8.93787 16.3475 29.9971 55.1945 101.948 189.218 352.974 661.59 1248.87 2377.65 4554.99 8809.9 17245.7 34148.6 68257.8 138597 286867 597008 -1.03843e+07 1.84553e+06 2.75736e+06 4.19991e+06 6.4682e+06 1.00588e+07 1.57416e+07 2.45548e+07 3.8022e+07 5.76799e+07 8.52299e+07 1.24758e+08 1.81746e+08 
0.223329 0.0506953 0.0915513 0.165503 0.299555 0.54279 0.984976 1.7907 3.26209 5.95414 10.8983 20.0147 36.8646 68.1724 126.701 236.727 444.561 841.045 1605.27 3084.95 5988.63 11772.7 23429 47121.9 96370 201115 422895 904763 -1.34805e+07 2.97226e+06 4.65815e+06 7.31018e+06 1.15931e+07 1.84901e+07 2.93459e+07 4.61458e+07 7.08508e+07 1.05479e+08 1.55158e+08 2.26635e+08 
0.141963 0.0322316 0.0582215 0.105279 0.190611 0.345513 0.627258 1.14092 2.07958 3.79836 6.95786 12.7894 23.582 43.6644 81.2688 152.097 286.218 542.764 1038.75 2002.95 3903.64 7709.08 15426.1 31237.2 64391.9 135616 288512 625771 1.37592e+06 -1.77453e+07 4.97089e+06 7.98416e+06 1.29775e+07 2.12099e+07 3.4427e+07 5.52329e+07 8.61426e+07 1.29514e+08 1.91735e+08 2.81001e+08 
0.0841959 0.0191199 0.0345457 0.0624848 0.113166 0.205209 0.372708 0.67826 1.23699 2.26095 4.14492 7.6258 14.0765 26.0976 48.6446 91.1972 171.977 326.918 627.4 1213.99 2375.72 4714.05 9487.05 19348.8 40222.9 85548.4 184329 405940 918380 2.11707e+06 -2.35368e+07 8.09932e+06 1.35858e+07 2.29457e+07 3.84091e+07 6.33673e+07 1.01029e+08 1.54044e+08 2.30131e+08 3.38812e+08 
0.0449781 0.0102161 0.0184628 0.0334039 0.0605163 0.109778 0.19947 0.363179 0.662733 1.21218 2.224 4.09537 7.56796 14.0488 26.2245 49.2491 93.0673 177.343 341.288 662.667 1302.14 2596.13 5254.82 10794.9 22633.3 48621.2 106147 237509 547534 1.29183e+06 3.07696e+06 -3.18225e+07 1.30605e+07 2.29652e+07 3.99601e+07 6.83349e+07 1.12133e+08 1.742e+08 2.63421e+08 3.90155e+08 
0.0213305 0.00484584 0.0087596 0.0158526 0.0287283 0.0521331 0.0947679 0.172629 0.315193 0.576899 1.05927 1.9523 3.61161 6.71284 12.5487 23.6059 44.7006 85.3815 164.76 321.005 633.337 1268.68 2582.59 5343.69 11300.1 24520.2 54249.6 123388 290078 701452 1.72421e+06 4.36307e+06 -4.42414e+07 2.10721e+07 3.85155e+07 6.88883e+07 1.17263e+08 1.8662e+08 2.86681e+08 4.27899e+08 
0.00880721 0.00200118 0.00361823 0.0065497 0.0118728 0.0215528 0.0391942 0.0714281 0.130484 0.238974 0.439105 0.809956 1.49984 2.79094 5.22415 9.84259 18.6734 35.7455 69.1504 135.15 267.641 538.453 1101.86 2295.03 4891.71 10713.9 24002.3 55448.2 132851 329196 836210 2.20299e+06 6.05086e+06 -6.21385e+07 3.15655e+07 6.03057e+07 1.08808e+08 1.80305e+08 2.84608e+08 4.30737e+08 
0.00311598 0.000708132 0.0012806 0.00231867 0.00420418 0.0076343 0.0138882 0.0253206 0.0462774 0.0848037 0.155926 0.287831 0.533479 0.993771 1.86242 3.51391 6.67821 12.8094 24.837 48.682 96.7351 195.388 401.742 841.842 1807.28 3991.99 9045.4 21194.1 51666.8 130935 342996 939306 2.71009e+06 7.73484e+06 -8.85382e+07 4.59691e+07 8.97629e+07 1.57933e+08 2.60144e+08 4.03169e+08 
0.000932344 0.000211915 0.000383301 0.000694152 0.00125892 0.0022867 0.0041613 0.00758957 0.0138771 0.0254432 0.0468095 0.0864656 0.160391 0.299063 0.561085 1.05997 2.01763 3.87694 7.53269 14.8024 29.5031 59.8013 123.483 260.146 562.06 1250.86 2862.97 6792.96 16816.8 43481.1 117130 332484 1.00332e+06 3.05876e+06 9.51508e+06 -1.27644e+08 6.45921e+07 1.2478e+08 2.19051e+08 3.53094e+08 
0.000230269 5.23445e-05 9.46915e-05 0.000171513 0.000311115 0.000565232 0.00102886 0.00187703 0.00343322 0.00629724 0.0115908 0.0214216 0.0397619 0.0741951 0.139319 0.263458 0.502097 0.966155 1.88021 3.70224 7.39659 15.034 31.1472 65.8956 143.085 320.31 738.921 1770.53 4436.18 11651.3 32085 93737.7 293434 948201 3.19225e+06 1.10977e+07 -1.81935e+08 8.31836e+07 1.62426e+08 2.82066e+08 
4.57868e-05 1.0409e-05 1.88317e-05 3.41129e-05 6.18861e-05 0.00011245 0.00020472 0.000373555 0.000683402 0.00125382 0.00230849 0.00426785 0.00792499 0.0147949 0.0277958 0.0525958 0.100313 0.193196 0.37635 0.741978 1.48456 3.02263 6.2751 13.3101 28.9905 65.1335 150.988 363.988 918.858 2437.19 6806.39 20260.3 64972 218608 781434 2.98276e+06 1.15733e+07 -2.48617e+08 9.78535e+07 1.99288e+08 
7.1528e-06 1.62618e-06 2.94223e-06 5.33015e-06 9.67053e-06 1.75736e-05 3.19973e-05 5.83936e-05 0.000106845 0.000196063 0.000361058 0.000667672 0.00124016 0.002316 0.00435284 0.00824024 0.0157247 0.0303035 0.0590737 0.116567 0.23347 0.475919 0.989432 2.10241 4.58878 10.3349 24.0352 58.1749 147.58 393.956 1110.25 3345.19 10897.8 37677 140541 571727 2.46742e+06 1.06843e+07 -3.28912e+08 1.19786e+08 
8.47644e-07 1.92718e-07 3.487e-07 6.3174e-07 1.14624e-06 2.08314e-06 3.79322e-06 6.92313e-06 1.26689e-05 2.32509e-05 4.28241e-05 7.92043e-05 0.000147148 0.000274865 0.00051674 0.000978537 0.00186804 0.00360151 0.00702423 0.0138689 0.027797 0.0567079 0.118005 0.251028 0.548614 1.23744 2.88325 6.99439 17.791 47.651 134.903 408.91 1342.45 4706.1 17976.1 76059.4 353639 1.79586e+06 9.8861e+06 -4.18087e+08 
dt_FE: 2.39183e-09
dt_EA: 2.39183e-09
dt_PE: 2.39183e-09
tolC: 1e-06
dt_grow: 1.03
dt_max: 0.1
steps: 0
