t: 2.62081e-07
dt: 2.39045e-09
N: 0.198979 0.225525 0.254818 0.286946 0.321904 0.359508 0.39956 0.441739 0.485501 0.530057 0.574743 0.618667 0.660529 0.699471 0.734614 0.764974 0.789633 0.808444 0.821111 0.826999 0.826252 0.818595 0.803211 0.778782 0.743753 0.695605 0.631219 0.548639 0.448475 0.336923 0.227037 0.134493 0.069143 0.0306293 0.0116105 0.00372304 0.000991631 0.000213935 3.62244e-05 4.63632e-06 
eC: 1 1.15749 1.33977 1.55077 1.795 2.07768 2.40489 2.78363 3.22201 3.72944 4.31677 4.99661 5.78351 6.69433 7.7486 8.9689 10.3814 12.0163 13.9087 16.0991 18.6345 21.5692 24.9661 28.8979 33.4489 38.7167 44.814 51.8717 60.0407 69.4963 80.4411 93.1095 107.773 124.746 144.391 167.131 193.452 223.918 259.182 300 
dV: 1.08333 0.211322 0.327712 0.508206 0.788112 1.22218 1.89532 2.93921 4.55805 7.06849 10.9616 16.999 26.3615 40.8807 63.3966 98.3136 152.462 236.434 366.655 568.597 881.764 1367.42 2120.55 3288.49 5099.69 7908.45 12264.2 19019 29494.1 45738.6 70930.1 109996 170579 264529 410225 636165 986546 1.52991e+06 2.37254e+06 3.67926e+06 
kVec: 1.02324e+06 1.18569e+06 1.36627e+06 1.57411e+06 1.81304e+06 2.08671e+06 2.39987e+06 2.75778e+06 3.16581e+06 3.6283e+06 4.15266e+06 4.74569e+06 5.40935e+06 6.15097e+06 6.97677e+06 7.88903e+06 8.87916e+06 9.95487e+06 1.11155e+07 1.23197e+07 1.35684e+07 1.48496e+07 1.61323e+07 1.73371e+07 1.85066e+07 1.96828e+07 2.07337e+07 2.19067e+07 2.3497e+07 2.59571e+07 2.97767e+07 3.62175e+07 4.71569e+07 6.38885e+07 8.94976e+07 1.28159e+08 1.82251e+08 2.48868e+08 3.29156e+08 4.18332e+08 
cMat: 
-80508.5 769.087 903.72 1052.68 1227.15 1432.58 1674.6 1959.97 2297.8 2700.59 3180.27 3753.06 4446.12 5284.95 6302.61 7549.61 9099.82 11022.5 13421 16497.7 20435 25500.7 32145.3 41040.2 52905.7 68885.5 91224.5 122208 165502 227260 316475 445016 631746 908388 1.31156e+06 1.89593e+06 2.72538e+06 3.89507e+06 5.57289e+06 8.00198e+06 
3781.91 -96726.9 1007.07 1173.07 1367.51 1596.45 1866.18 2184.22 2560.73 3009.67 3544.32 4182.76 4955.3 5890.37 7024.84 8415.08 10143.5 12287.3 14962 18393.1 22784.7 28435.5 35848.4 45773.5 59015.4 76851.8 101791 136388 184740 253727 353403 497044 705744 1.01497e+06 1.4657e+06 2.11906e+06 3.04649e+06 4.35432e+06 6.2303e+06 8.94631e+06 
2732.06 619.127 -110508 1299.75 1515.21 1768.89 2067.78 2420.22 2837.46 3334.98 3927.51 4635.1 5491.36 6527.81 7785.37 9326.56 11242.8 13619.8 16585.7 20391 25262.1 31530.7 39755.6 50769.8 65467.6 85269 112963 151388 205106 281766 392553 552239 784301 1.1282e+06 1.62953e+06 2.35636e+06 3.38813e+06 4.84306e+06 6.93005e+06 9.95158e+06 
1942.89 440.291 793.52 -126641 1668.46 1947.83 2276.98 2665.13 3124.65 3672.6 4325.24 5104.63 6047.84 7189.63 8575.09 10273.1 12384.7 15004.2 18273.1 22467.7 27837.9 34750 43820.8 55970.6 72187.1 94039.7 124610 167039 226368 311061 433486 609992 866556 1.24683e+06 1.80129e+06 2.60528e+06 3.74665e+06 5.35607e+06 7.66471e+06 1.10072e+07 
1371.92 310.904 560.335 1010.64 -145458 2111.06 2490.02 2914.53 3417.13 4016.47 4730.35 5582.93 6614.79 7863.97 9379.87 11238 13548.8 16415.9 19994.1 24586.5 30467 38037.1 47973.7 61286.3 79059.2 103015 136539 183080 248179 341137 475548 669389 951226 1.36904e+06 1.97837e+06 2.86205e+06 4.11667e+06 5.88572e+06 8.42336e+06 1.20974e+07 
961.706 217.943 392.798 708.47 1267.63 -167335 2700.93 3161.47 3706.76 4357.04 5131.63 6056.78 7176.56 8532.31 10177.7 12194.7 14703.5 17816.7 21702.7 26691 33079.8 41306.1 52106.8 66581.2 85910.9 111974 148459 199129 270030 371310 517806 729145 1.03652e+06 1.49231e+06 2.15718e+06 3.12161e+06 4.491e+06 6.42181e+06 9.19153e+06 1.32016e+07 
668.475 151.492 273.037 492.471 889.086 1606.07 -192739 3399.37 3985.8 4685.21 5518.37 6513.54 7718.2 9176.86 10947.3 13118 15818.3 19169.7 23353.7 28725.9 35608.1 44471.8 56112.8 71718.6 92566.4 120686 160068 214784 291378 400838 559230 787818 1.12041e+06 1.61372e+06 2.33353e+06 3.37792e+06 4.86099e+06 6.95199e+06 9.95154e+06 1.42944e+07 
460.213 104.296 187.978 339.058 612.132 1105.8 1999.56 -222223 4201.11 4990.64 5878.39 6938.84 8222.68 9777.39 11664.7 13978.9 16858.3 20432.7 24896 30628.3 37973.6 47436.7 59868.9 76542 98824 128891 171019 229580 311594 428859 598622 843731 1.20051e+06 1.72986e+06 2.50251e+06 3.62387e+06 5.21644e+06 7.46172e+06 1.06826e+07 1.5346e+07 
313.64 71.08 128.113 231.083 417.204 753.686 1362.89 2442.16 -256588 5260.98 6197.15 7315.55 8669.71 10309.8 12301 14743.1 17782.3 21555.8 26268.7 32323.5 40084.6 50086.5 63231.6 80868.6 104450 136284 180915 242986 329968 454405 634647 895019 1.2742e+06 1.837e+06 2.65877e+06 3.85181e+06 5.54643e+06 7.93542e+06 1.13626e+07 1.63246e+07 
211.637 47.964 86.4509 155.939 281.544 508.63 919.79 1665.64 3020.51 -296585 6459.23 7625.48 9037.81 10748.6 12826 15374.4 18546.6 22486.3 27408.1 33733.7 41844.8 52301.9 66051.8 84510.1 109202 142557 189349 254471 345788 476517 665996 939881 1.33898e+06 1.9316e+06 2.79732e+06 4.05463e+06 5.84085e+06 8.35881e+06 1.1971e+07 1.72011e+07 
141.191 31.9992 57.6772 104.04 187.847 339.372 613.735 1111.46 2015.65 3659.24 -343423 7859.26 9315.8 11080.5 13223.8 15853.5 19128 23195.8 28279.4 34815.5 43200.2 54014.9 68242.4 87353.6 112935 147513 196059 263673 358557 494502 691684 976905 1.39281e+06 2.01069e+06 2.91378e+06 4.22594e+06 6.09046e+06 8.71858e+06 1.24889e+07 1.7948e+07 
93.103 21.1011 38.0348 68.6103 123.882 223.819 404.783 733.089 1329.55 2413.86 4391.54 -398588 9424.4 11295.7 13482.6 16166.5 19509.6 23663.9 28857.4 35538.1 44112.3 55177 69742.1 89320.3 115545 151018 200866 270351 367947 507901 711069 1.00518e+06 1.43439e+06 2.0724e+06 3.00545e+06 4.36183e+06 6.2896e+06 9.00662e+06 1.29046e+07 1.85486e+07 
60.8551 13.7927 24.8622 44.8501 80.9842 146.322 264.642 479.314 869.364 1578.5 2872.06 5199.85 -463697 11387.4 13594.4 16303.9 19680.1 23877.4 29126.7 35883.1 44559.4 55762.9 70521.3 90375.9 116993 153030 203724 274462 373923 516709 724200 1.02487e+06 1.46406e+06 2.11735e+06 3.07345e+06 4.46418e+06 6.44133e+06 9.22761e+06 1.32251e+07 1.90132e+07 
39.4429 8.93994 16.1154 29.0725 52.4975 94.8576 171.573 310.772 563.716 1023.64 1862.71 3398.32 6209.23 -541266 13583.7 16294.9 19674.8 23878.5 29138.4 35913 44618.4 55867.5 70698.3 90669.8 117470 153793 204952 276425 377046 521681 732110 1.03739e+06 1.48381e+06 2.14839e+06 3.12182e+06 4.53877e+06 6.55386e+06 9.39322e+06 1.3467e+07 1.93656e+07 
25.3998 5.7572 10.3785 18.7239 33.8124 61.0993 110.521 200.204 363.189 659.583 1200.39 2190.31 4002.71 7335.02 -634421 16009.1 19553.7 23740.1 28981.2 35736.6 44423.9 55658.7 70484.7 90471.8 117323 153758 205147 277041 378398 524304 736874 1.04567e+06 1.49779e+06 2.1715e+06 3.15924e+06 4.59817e+06 6.6453e+06 9.52937e+06 1.36674e+07 1.96592e+07 
16.3393 3.70366 6.6769 12.0465 21.7553 39.3149 71.1218 128.847 233.765 424.594 772.842 1410.41 2578.01 4725.33 8597.36 -747446 19398.3 23561.1 28776.1 35503.7 44163 55371.9 70180 90168.7 117056 153592 205209 277538 379677 526963 741889 1.05459e+06 1.51311e+06 2.19711e+06 3.20106e+06 4.66499e+06 6.74861e+06 9.68357e+06 1.38948e+07 1.99927e+07 
10.5867 2.39981 4.32658 7.80652 14.0992 25.4814 46.1012 83.5279 151.564 275.333 501.247 914.946 1672.78 3066.96 5644.76 10427.5 -884808 23472.1 28683.5 35413.4 44084.8 55322 70187.3 90284.2 117360 154213 206383 279631 383279 533055 752047 1.07127e+06 1.54022e+06 2.24069e+06 3.27024e+06 4.77324e+06 6.91365e+06 9.92794e+06 1.42532e+07 2.05162e+07 
6.93449 1.57201 2.83433 5.1144 9.23776 16.697 30.2118 54.7459 99.3525 180.517 328.701 600.126 1097.5 2012.85 3706 6848.89 12692.9 -1.05446e+06 28923.1 35736.7 44526.3 55931.4 71041.6 91505.7 119125 156792 210236 285444 392112 546630 773074 1.10388e+06 1.59089e+06 2.31947e+06 3.39201e+06 4.95986e+06 7.19406e+06 1.03397e+07 1.48536e+07 2.13896e+07 
4.62237 1.04793 1.88955 3.40986 6.15955 11.1344 20.1494 36.5173 66.2824 120.455 219.384 400.643 732.916 1344.67 2476.76 4579.33 8491.51 15834 -1.26674e+06 36552 45853.4 57662.8 73335.3 94603.6 123367 162679 218604 297507 409717 572714 812215 1.16298e+06 1.68064e+06 2.45644e+06 3.60057e+06 5.27564e+06 7.6644e+06 1.10267e+07 1.58517e+07 2.28382e+07 
3.17325 0.71945 1.29737 2.34146 4.23005 7.64756 13.8415 25.0897 45.5492 82.7965 150.838 275.548 504.261 925.559 1705.63 3155.34 5854.95 10926 20413.3 -1.53134e+06 48339.1 60871.2 77537.7 100211 130950 173076 233201 318302 439730 616739 877694 1.26111e+06 1.82867e+06 2.68121e+06 3.94134e+06 5.78977e+06 8.42828e+06 1.21408e+07 1.74687e+07 2.5183e+07 
2.24038 0.507989 0.916138 1.6536 2.98775 5.4024 9.77962 17.7305 32.1963 58.5404 106.682 194.952 356.92 655.44 1208.52 2237.16 4154.42 7759.44 14596.2 27552.7 -1.86749e+06 66068.7 84310.9 109198 143038 189557 256209 350904 486555 685119 979017 1.41247e+06 2.05648e+06 3.02645e+06 4.46401e+06 6.5775e+06 9.5978e+06 1.38459e+07 1.99426e+07 2.87693e+07 
1.62363 0.368179 0.664069 1.19877 2.16626 3.91766 7.09327 12.863 23.3634 42.4932 77.465 141.617 259.397 476.613 879.342 1628.98 3027.66 5660.53 10659.9 20149.6 38369.3 -2.30042e+06 93281.6 122503 160905 213885 290126 398921 555478 785754 1.12818e+06 1.63545e+06 2.39237e+06 3.53603e+06 5.23631e+06 7.74269e+06 1.13293e+07 1.63717e+07 2.36087e+07 3.4085e+07 
1.20657 0.273633 0.493602 0.891174 1.61067 2.91344 5.27622 9.57035 17.388 31.6364 57.6961 105.524 193.392 355.562 656.477 1217.14 2264.47 4238.51 7992.25 15130.9 28865 54991.6 -2.86318e+06 140781 185504 247466 337099 465671 651697 926915 1.33849e+06 1.9515e+06 2.871e+06 4.26572e+06 6.3471e+06 9.42513e+06 1.38371e+07 2.00369e+07 2.89351e+07 4.18138e+07 
0.916033 0.207769 0.374845 0.676876 1.22358 2.21376 4.01015 7.276 13.224 24.0701 43.9177 80.3663 147.38 271.167 501.077 929.926 1732.16 3246.51 6131 11628.8 22231.6 42945.2 83716.5 -3.59098e+06 217185 290978 398411 553510 779439 1.11615e+06 1.62332e+06 2.38394e+06 3.53253e+06 5.28351e+06 7.90909e+06 1.18077e+07 1.74081e+07 2.52732e+07 3.65614e+07 5.28942e+07 
0.701369 0.159101 0.287087 0.518502 0.937487 1.69656 3.07414 5.57953 10.1445 18.4732 33.7232 61.7471 113.315 208.661 385.936 717.017 1337.33 2510.24 4748.58 9025.43 17296.1 33502.5 65518.2 128995 -4.55615e+06 346578 477338 667527 946767 1.36655e+06 2.00431e+06 2.96869e+06 4.43679e+06 6.68864e+06 1.00847e+07 1.51521e+07 2.24507e+07 3.26945e+07 4.73963e+07 6.86586e+07 
0.536506 0.121721 0.219676 0.396831 0.717658 1.29909 2.35468 4.27524 7.77631 14.1678 25.8782 47.4132 87.0781 160.493 297.148 552.722 1032.38 1941.05 3678.74 7008.12 13466.1 26163.2 51348.5 101532 203612 -5.85761e+06 573906 811705 1.16078e+06 1.69085e+06 2.50442e+06 3.74669e+06 5.65605e+06 8.60654e+06 1.30867e+07 1.98107e+07 2.95264e+07 4.31545e+07 6.27129e+07 9.09817e+07 
0.40829 0.0926469 0.167238 0.302175 0.546616 0.989782 1.79468 3.25982 5.93215 10.814 19.7652 36.2398 66.6169 122.908 227.831 424.37 793.972 1495.65 2840.78 5426.33 10459.3 20394.3 40195.8 79889 161153 329800 -7.5581e+06 970752 1.40264e+06 2.06714e+06 3.10098e+06 4.70044e+06 7.19112e+06 1.10801e+07 1.70404e+07 2.60567e+07 3.91425e+07 5.74875e+07 8.38123e+07 1.21822e+08 
0.302541 0.0686633 0.123972 0.224053 0.405411 0.734341 1.33203 2.42053 4.40706 8.03879 14.7031 26.9796 49.6424 91.6928 170.184 317.467 595.039 1123.24 2138.48 4096.79 7923.7 15510.9 30713.6 61391.6 124655 258010 536954 -9.84211e+06 1.65989e+06 2.47999e+06 3.77743e+06 5.81755e+06 9.04692e+06 1.41582e+07 2.20848e+07 3.41973e+07 5.18778e+07 7.66564e+07 1.12208e+08 1.63463e+08 
0.21394 0.0485639 0.0877023 0.158545 0.286961 0.51997 0.943565 1.71542 3.12494 5.70381 10.4401 19.1732 35.3147 65.3062 121.374 226.774 425.87 805.685 1537.78 2955.25 5736.85 11277.7 22444 45140.7 92318.3 192660 405116 866725 -1.29497e+07 2.84729e+06 4.46231e+06 7.00284e+06 1.11057e+07 1.77128e+07 2.81121e+07 4.42057e+07 6.78721e+07 1.01044e+08 1.48635e+08 2.17107e+08 
0.141459 0.0321173 0.0580149 0.104906 0.189935 0.344287 0.625032 1.13688 2.0722 3.78489 6.93317 12.7441 23.4984 43.5095 80.9804 151.558 285.202 540.838 1035.06 1995.85 3889.79 7681.73 15371.4 31126.3 64163.5 135135 287488 623551 1.37104e+06 -1.72253e+07 4.95325e+06 7.95583e+06 1.29315e+07 2.11347e+07 3.43049e+07 5.50369e+07 8.5837e+07 1.29054e+08 1.91055e+08 2.80004e+08 
0.0853272 0.0193769 0.0350099 0.0633244 0.114686 0.207966 0.377716 0.687373 1.25361 2.29133 4.20062 7.72826 14.2656 26.4482 49.2982 92.4226 174.288 331.311 635.83 1230.3 2407.64 4777.39 9614.52 19608.8 40763.4 86697.9 186806 411395 930720 2.14551e+06 -2.30368e+07 8.20815e+06 1.37683e+07 2.3254e+07 3.89252e+07 6.42188e+07 1.02387e+08 1.56113e+08 2.33224e+08 3.43365e+08 
0.0457699 0.0103959 0.0187878 0.0339919 0.0615816 0.111711 0.202982 0.369572 0.674399 1.23351 2.26315 4.16746 7.70118 14.2961 26.6862 50.1161 94.7056 180.465 347.296 674.332 1325.06 2641.83 5347.32 10984.9 23031.7 49477.1 108015 241690 557172 1.31456e+06 3.13113e+06 -3.1363e+07 1.32904e+07 2.33695e+07 4.06635e+07 6.95378e+07 1.14107e+08 1.77266e+08 2.68058e+08 3.97023e+08 
0.0215309 0.00489136 0.0088419 0.0160016 0.0289982 0.0526229 0.0956582 0.174251 0.318155 0.582318 1.06922 1.97065 3.64554 6.7759 12.6666 23.8277 45.1205 86.1836 166.308 324.021 639.287 1280.6 2606.86 5393.89 11406.3 24750.6 54759.3 124547 292803 708042 1.74041e+06 4.40406e+06 -4.39059e+07 2.12701e+07 3.88774e+07 6.95355e+07 1.18365e+08 1.88374e+08 2.89374e+08 4.31919e+08 
0.00884272 0.00200925 0.00363282 0.00657611 0.0119206 0.0216397 0.0393522 0.0717161 0.13101 0.239938 0.440876 0.813222 1.50589 2.8022 5.24521 9.88227 18.7487 35.8896 69.4292 135.695 268.72 540.625 1106.3 2304.28 4911.44 10757.1 24099.1 55671.8 133386 330524 839582 2.21187e+06 6.07526e+06 -6.19361e+07 3.16927e+07 6.05488e+07 1.09247e+08 1.81032e+08 2.85755e+08 4.32474e+08 
0.00312076 0.000709219 0.00128256 0.00232223 0.00421064 0.00764602 0.0139095 0.0253594 0.0463484 0.0849339 0.156166 0.288273 0.534298 0.995297 1.86528 3.51931 6.68847 12.8291 24.8752 48.7567 96.8836 195.687 402.358 843.134 1810.06 3998.12 9059.29 21226.6 51746.1 131136 343522 940748 2.71425e+06 7.74672e+06 -8.84602e+07 4.60396e+07 8.99006e+07 1.58176e+08 2.60543e+08 4.03788e+08 
0.000932803 0.000212019 0.000383489 0.000694494 0.00125954 0.00228783 0.00416335 0.00759331 0.013884 0.0254557 0.0468326 0.0865082 0.16047 0.299211 0.561361 1.0605 2.01862 3.87885 7.5364 14.8097 29.5176 59.8307 123.543 260.274 562.337 1251.47 2864.38 6796.3 16825.1 43502.5 117187 332648 1.00382e+06 3.06026e+06 9.51977e+06 -1.27682e+08 6.46239e+07 1.24842e+08 2.19159e+08 3.53268e+08 
0.000230299 5.23514e-05 9.4704e-05 0.000171535 0.000311156 0.000565306 0.001029 0.00187728 0.00343367 0.00629806 0.0115923 0.0214244 0.0397671 0.0742049 0.139337 0.263493 0.502163 0.966282 1.88046 3.70272 7.39756 15.036 31.1513 65.9043 143.103 320.352 739.018 1770.76 4436.76 11652.8 32089.2 93750.1 293472 948326 3.19267e+06 1.10992e+07 -1.82071e+08 8.31946e+07 1.62447e+08 2.82103e+08 
4.57881e-05 1.04093e-05 1.88322e-05 3.41139e-05 6.18878e-05 0.000112453 0.000204726 0.000373566 0.000683421 0.00125386 0.00230855 0.00426797 0.00792521 0.0147953 0.0277966 0.0525973 0.100316 0.193201 0.37636 0.742 1.48461 3.02271 6.27527 13.3105 28.9913 65.1354 150.992 363.999 918.884 2437.26 6806.58 20260.9 64973.8 218614 781456 2.98284e+06 1.15736e+07 -2.48815e+08 9.78563e+07 1.99294e+08 
7.15284e-06 1.62619e-06 2.94225e-06 5.33017e-06 9.67057e-06 1.75737e-05 3.19974e-05 5.83939e-05 0.000106845 0.000196063 0.00036106 0.000667675 0.00124017 0.00231601 0.00435286 0.00824028 0.0157248 0.0303036 0.059074 0.116568 0.233471 0.475921 0.989436 2.10242 4.5888 10.3349 24.0353 58.1751 147.581 393.958 1110.25 3345.21 10897.8 37677.1 140542 571730 2.46744e+06 1.06844e+07 -3.29144e+08 1.19786e+08 
8.47644e-07 1.92719e-07 3.487e-07 6.3174e-07 1.14624e-06 2.08314e-06 3.79322e-06 6.92314e-06 1.26689e-05 2.32509e-05 4.28241e-05 7.92043e-05 0.000147148 0.000274865 0.00051674 0.000978537 0.00186804 0.00360151 0.00702424 0.0138689 0.027797 0.056708 0.118005 0.251028 0.548614 1.23744 2.88325 6.9944 17.791 47.651 134.904 408.91 1342.45 4706.1 17976.1 76059.5 353639 1.79586e+06 9.88611e+06 -4.1833e+08 
dt_FE: 2.39045e-09
dt_EA: 2.39045e-09
dt_PE: 2.39045e-09
tolC: 1e-06
dt_grow: 1.03
dt_max: 0.1
steps: 0
