t: 9.94976e-08
dt: 2.39195e-09
N: 0.0725916 0.0832588 0.0953518 0.109034 0.124462 0.141758 0.16107 0.182538 0.206237 0.232144 0.260316 0.290687 0.32287 0.356653 0.391683 0.427275 0.462423 0.496609 0.528941 0.557491 0.581577 0.600153 0.611424 0.613171 0.604628 0.583883 0.546801 0.492712 0.421019 0.333397 0.237683 0.151147 0.0787863 0.0349229 0.0132837 0.00426478 0.00113668 0.000245364 4.15619e-05 5.321e-06 
eC: 1 1.15749 1.33977 1.55077 1.795 2.07768 2.40489 2.78363 3.22201 3.72944 4.31677 4.99661 5.78351 6.69433 7.7486 8.9689 10.3814 12.0163 13.9087 16.0991 18.6345 21.5692 24.9661 28.8979 33.4489 38.7167 44.814 51.8717 60.0407 69.4963 80.4411 93.1095 107.773 124.746 144.391 167.131 193.452 223.918 259.182 300 
dV: 1.08333 0.211322 0.327712 0.508206 0.788112 1.22218 1.89532 2.93921 4.55805 7.06849 10.9616 16.999 26.3615 40.8807 63.3966 98.3136 152.462 236.434 366.655 568.597 881.764 1367.42 2120.55 3288.49 5099.69 7908.45 12264.2 19019 29494.1 45738.6 70930.1 109996 170579 264529 410225 636165 986546 1.52991e+06 2.37254e+06 3.67926e+06 
kVec: 983224 1.13993e+06 1.31405e+06 1.51467e+06 1.74554e+06 2.01035e+06 2.31383e+06 2.66129e+06 3.05823e+06 3.50926e+06 4.02206e+06 4.60387e+06 5.25756e+06 5.99133e+06 6.81251e+06 7.72513e+06 8.72304e+06 9.81591e+06 1.10058e+07 1.22556e+07 1.35691e+07 1.49368e+07 1.63302e+07 1.76714e+07 1.89993e+07 2.03496e+07 2.15748e+07 2.29021e+07 2.46002e+07 2.709e+07 3.08389e+07 3.71168e+07 4.78349e+07 6.43231e+07 8.97082e+07 1.28181e+08 1.8213e+08 2.48662e+08 3.28907e+08 4.18069e+08 
cMat: 
-118283 890.435 1046.31 1218.77 1420.78 1658.62 1938.82 2269.22 2660.35 3126.69 3682.07 4345.23 5147.64 6118.82 7297.05 8740.81 10535.6 12761.7 15538.7 19100.7 23659.3 29524.3 37217.3 47515.6 61253.3 79754.4 105618 141490 191615 263118 366409 515232 731425 1.05172e+06 1.5185e+06 2.19508e+06 3.1554e+06 4.50965e+06 6.45219e+06 9.26456e+06 
4476.62 -141097 1192.06 1388.55 1618.71 1889.71 2208.98 2585.45 3031.13 3562.52 4195.39 4951.11 5865.56 6972.39 8315.26 9960.87 12006.8 14544.4 17710.4 21771.8 26970.1 33658.9 42433.6 54181.8 69856.1 90968.9 120490 161441 218676 300335 418321 588348 835384 1.20142e+06 1.73493e+06 2.50832e+06 3.60612e+06 5.15418e+06 7.37476e+06 1.05897e+07 
3316.71 751.617 -161732 1577.89 1839.46 2147.43 2510.28 2938.14 3444.67 4048.65 4767.98 5626.99 6666.48 7924.74 9451.41 11322.4 13648.7 16534.4 20135 24754.6 30668.1 38278.2 48263.1 61634.3 79477.3 103516 137136 183785 248998 342063 476557 670416 952138 1.36963e+06 1.97824e+06 2.86061e+06 4.11318e+06 5.87945e+06 8.41305e+06 1.20812e+07 
2427.65 550.147 991.508 -185833 2084.75 2433.83 2845.11 3330.09 3904.27 4588.94 5404.41 6378.27 7556.82 8983.49 10714.6 12836.4 15474.7 18747.9 22832.3 28073.5 34783.7 43420.3 54754.5 69935.6 90198.3 117503 155701 208717 282849 388672 541644 762189 1.08277e+06 1.55792e+06 2.25073e+06 3.25531e+06 4.68146e+06 6.69245e+06 9.57711e+06 1.37535e+07 
1771.39 401.43 723.488 1304.9 -213890 2725.74 3215.03 3763.15 4412.09 5185.95 6107.69 7208.52 8540.82 10153.7 12111 14510.1 17493.8 21195.7 25815.8 31745.3 39338 49112.4 61942.3 79131.1 102079 133010 176295 236388 320442 440466 614014 864295 1.22819e+06 1.76766e+06 2.55441e+06 3.6954e+06 5.31532e+06 7.59947e+06 1.0876e+07 1.56198e+07 
1288.66 292.037 526.338 949.33 1698.59 -246429 3619.18 4236.29 4966.96 5838.32 6876.25 8115.92 9616.4 11433.1 13637.8 16340.6 19702.3 23873.9 29081 35765.2 44326 55349.1 69821.7 89217 115118 150042 198930 266828 361833 497545 693846 977034 1.38891e+06 1.99965e+06 2.89056e+06 4.18288e+06 6.01782e+06 8.60505e+06 1.23164e+07 1.76898e+07 
933.987 211.663 381.485 688.076 1242.22 2243.99 -284104 4749.57 5568.93 6546.14 7710.23 9100.67 10783.8 12821.8 15295.5 18328.3 22101.2 26783.8 32629.7 40135.7 49751.3 62135.7 78400.3 100205 129333 168622 223645 300094 407111 560047 781351 1.10073e+06 1.56543e+06 2.25468e+06 3.26039e+06 4.7196e+06 6.79173e+06 9.71327e+06 1.39042e+07 1.9972e+07 
673.89 152.721 275.257 496.482 896.345 1619.22 2927.95 -327647 6151.69 7307.79 8607.72 10160.5 12040.5 14317 17080.6 20469.3 24685.6 29919.6 36455.2 44849 55604.8 69461.6 87666.1 112080 144708 188735 250424 336173 456268 627978 876563 1.23547e+06 1.75791e+06 2.53303e+06 3.66442e+06 5.30643e+06 7.63844e+06 1.09262e+07 1.56426e+07 2.24712e+07 
483.88 109.661 197.651 356.512 643.657 1162.78 2102.65 3767.74 -378101 8116.57 9560.88 11286.3 13375.5 15905.8 18977.8 22745.5 27434.3 33256 40527 49868.3 61842 77272.8 97553 124763 161143 210258 279113 374877 509071 701050 979126 1.38082e+06 1.96582e+06 2.8341e+06 4.10192e+06 5.94253e+06 8.55696e+06 1.22427e+07 1.753e+07 2.51854e+07 
345.8 78.3699 141.255 254.793 460.024 831.066 1502.87 2721.54 4935.31 -436309 10553.9 12459.5 14767.2 17562.5 20956.9 25120.7 30303.9 36741.1 44783 55118.5 68371.5 85457.8 107924 138084 178429 232928 309383 415788 564994 778597 1.08819e+06 1.5357e+06 2.18781e+06 3.1561e+06 4.57062e+06 6.62499e+06 9.54356e+06 1.36577e+07 1.95598e+07 2.81054e+07 
245.586 55.6589 100.323 180.965 326.739 590.298 1067.52 1933.25 3505.99 6364.82 -503712 13670.3 16203.7 19273.2 23001.2 27575.3 33270.9 40346.4 49188.7 60557.5 75141.7 93952.6 118700 151941 196437 256581 341022 458628 623669 860128 1.2031e+06 1.69921e+06 2.42263e+06 3.49736e+06 5.06818e+06 7.35054e+06 1.05936e+07 1.51649e+07 2.1723e+07 3.12184e+07 
173.18 39.2499 70.748 127.621 230.432 416.323 752.931 1363.61 2473.09 4490 8168.64 -581933 17530.2 21011.1 25078.8 30071.1 36289.5 44017 53677.4 66104 82052.7 102634 129726 166144 214923 280908 373629 502877 684413 944740 1.32265e+06 1.86973e+06 2.6681e+06 3.85484e+06 5.5904e+06 8.11338e+06 1.16992e+07 1.67531e+07 2.40037e+07 3.4502e+07 
121.385 27.5118 49.5917 89.4608 161.536 291.863 527.871 956.07 1734.09 3148.58 5728.78 10372 -672608 22714 27116.2 32520.7 39255.2 47627.3 58097.9 71574.6 88880.9 111228 140666 180269 233362 305244 406361 547459 745851 1.03066e+06 1.44453e+06 2.04427e+06 2.9203e+06 4.2234e+06 6.1305e+06 8.90453e+06 1.28483e+07 1.8406e+07 2.63796e+07 3.79249e+07 
84.436 19.1379 34.4984 62.2359 112.382 203.063 367.289 665.275 1206.75 2191.33 3987.52 7274.84 13292.2 -778321 29078.9 34882.7 42118.1 51117 62377.1 76879.4 95515.3 119596 151345 194098 251469 329227 438744 591747 807147 1.11677e+06 1.56724e+06 2.22075e+06 3.1764e+06 4.59909e+06 6.68294e+06 9.71621e+06 1.40299e+07 2.01082e+07 2.8829e+07 4.14563e+07 
58.2215 13.1966 23.7896 42.9189 77.5047 140.052 253.336 458.908 832.501 1511.9 2751.53 5020.62 9175.02 16813.3 -901991 36696 44821.1 54417 66430.7 81915.3 101829 127581 161565 207379 268927 352443 470238 635034 867363 1.20181e+06 1.68906e+06 2.39687e+06 3.43323e+06 4.9775e+06 7.24161e+06 1.05399e+07 1.52324e+07 2.18432e+07 3.13285e+07 4.50629e+07 
39.8165 9.02527 16.2706 29.3555 53.0145 95.8046 173.313 313.98 569.65 1034.67 1883.3 3436.97 6282.22 11514.9 20950.5 -1.04818e+06 47270.7 57414.8 70123.2 86517.3 107619 134933 171018 219728 285249 374281 500064 676318 925216 1.28413e+06 1.80787e+06 2.56987e+06 3.68723e+06 5.35403e+06 7.8005e+06 1.13679e+07 1.64454e+07 2.35974e+07 3.38596e+07 4.87192e+07 
27.0534 6.13252 11.0562 19.9489 36.0294 65.1158 117.808 213.449 387.309 703.591 1280.9 2338.07 4274.65 7837.38 14424.8 26646.6 -1.22052e+06 59981.2 73298.6 90496.3 112655 141371 179358 230714 299904 394079 527396 714576 979439 1.36218e+06 1.9218e+06 2.73754e+06 3.9359e+06 5.72592e+06 8.35686e+06 1.21977e+07 1.76673e+07 2.53701e+07 3.64229e+07 5.24275e+07 
18.2232 4.13108 7.44834 13.4401 24.2759 43.8781 79.3936 143.867 261.089 474.382 863.794 1577.07 2884.13 5289.58 9739.01 17998.2 33355.7 -1.42677e+06 76007.2 93912.5 117011 146982 186690 240468 313050 412034 552480 750118 1.03043e+06 1.43649e+06 2.03156e+06 2.9009e+06 4.1807e+06 6.09534e+06 8.91387e+06 1.3034e+07 1.89053e+07 2.71717e+07 3.90337e+07 5.62098e+07 
12.1719 2.75946 4.97565 8.97903 16.2196 29.3198 53.0584 96.1594 174.538 317.188 577.694 1055 1929.95 3540.86 6521.94 12058.5 22360.3 41694.8 -1.67687e+06 96250.7 120744 151841 193110 249115 324856 428374 575641 783412 1.07889e+06 1.5081e+06 2.13877e+06 3.06243e+06 4.42554e+06 6.46843e+06 9.48122e+06 1.38921e+07 2.01823e+07 2.9036e+07 4.17416e+07 6.01387e+07 
8.11667 1.84024 3.31848 5.98909 10.8198 19.5613 35.4043 64.1755 116.508 211.781 385.821 704.81 1289.82 2367.44 4362.73 8070.87 14976.1 27947 52214.2 -1.9792e+06 123644 155699 198329 256323 334950 442701 596492 814168 1.12476e+06 1.57752e+06 2.24501e+06 3.22571e+06 4.67746e+06 6.85811e+06 1.00813e+07 1.48093e+07 2.15582e+07 3.10543e+07 4.46823e+07 6.44141e+07 
5.39533 1.22335 2.20626 3.98223 7.19516 13.0102 23.5515 42.6988 77.5356 140.978 256.913 469.487 859.541 1578.44 2910.38 5387.56 10004.7 18686.4 35150.9 66352.9 -2.35248e+06 159108 203039 262973 344466 456496 617007 845054 1.17173e+06 1.64992e+06 2.35769e+06 3.40154e+06 4.95245e+06 7.28835e+06 1.07503e+07 1.584e+07 2.31136e+07 3.33439e+07 4.80261e+07 6.92828e+07 
3.57875 0.811528 1.46372 2.64229 4.7748 8.63517 15.6347 28.3521 51.4969 93.6622 170.746 312.147 571.754 1050.53 1938.22 3590.54 6673.46 12476.7 23496.1 44413 84572.3 -2.81988e+06 205608 270017 354660 471437 639487 879288 1.22437e+06 1.73193e+06 2.48669e+06 3.6048e+06 5.27318e+06 7.794e+06 1.15417e+07 1.70662e+07 2.49717e+07 3.6086e+07 5.20375e+07 7.5129e+07 
2.38248 0.540313 0.97466 1.7597 3.18041 5.75284 10.4184 18.8975 34.3341 62.4687 113.926 208.366 381.87 702.088 1296.27 2403.34 4471.4 8369.3 15781.4 29877.4 56996.4 108586 -3.41466e+06 277984 366293 488642 665632 919507 1.28683e+06 1.83027e+06 2.64296e+06 3.8534e+06 5.66903e+06 8.42304e+06 1.25329e+07 1.86107e+07 2.73226e+07 3.95646e+07 5.71348e+07 8.25649e+07 
1.60181 0.363311 0.655466 1.18361 2.1396 3.87105 7.01228 12.7231 23.1239 42.0897 76.796 140.531 257.714 474.171 876.201 1626.1 3028.91 5676.95 10720.9 20334.5 38874.9 75095.3 146389 -4.16852e+06 379777 508814 696675 967885 1.36295e+06 1.95174e+06 2.8386e+06 4.16863e+06 6.17709e+06 9.23892e+06 1.38301e+07 2.06474e+07 3.04404e+07 4.41935e+07 6.39325e+07 9.24926e+07 
1.08216 0.245482 0.442957 0.800014 1.44648 2.61768 4.7432 8.60884 15.6523 28.503 52.0327 95.2716 174.838 321.951 595.473 1106.31 2063.4 3873.13 7326.75 13925.6 26686.7 51692.1 101090 199030 -5.15126e+06 534746 736500 1.02995e+06 1.4608e+06 2.10849e+06 3.09252e+06 4.5805e+06 6.84567e+06 1.03201e+07 1.556e+07 2.33787e+07 3.46399e+07 5.04453e+07 7.31294e+07 1.05936e+08 
0.73342 0.166396 0.300303 0.542479 0.98106 1.7759 3.21892 5.84438 10.6304 19.3677 35.3762 64.8152 119.038 219.398 406.21 755.587 1411.3 2653.47 5028.94 9580.31 18408.5 35765.9 70194.9 138798 278344 -6.4612e+06 784547 1.10962e+06 1.58682e+06 2.31145e+06 3.42362e+06 5.12183e+06 7.73199e+06 1.17654e+07 1.78899e+07 2.70819e+07 4.03635e+07 5.89935e+07 8.57304e+07 1.24375e+08 
0.501751 0.113855 0.205521 0.371345 0.671741 1.21635 2.2055 4.00602 7.29007 13.2894 24.2896 44.5354 81.8661 151.043 279.983 521.512 975.719 1838.02 3491.06 6668.47 12853.6 25062.8 49396.9 98176.3 198043 405295 -8.16e+06 1.19297e+06 1.72372e+06 2.54032e+06 3.81083e+06 5.77641e+06 8.83723e+06 1.36164e+07 2.0941e+07 3.20214e+07 4.81025e+07 7.06469e+07 1.02998e+08 1.49708e+08 
0.340029 0.0771713 0.139333 0.251815 0.455645 0.825332 1.49708 2.72045 4.95313 9.03487 16.5249 30.3226 55.7935 103.054 191.272 356.804 668.769 1262.42 2403.45 4604.42 8905.51 17432.9 34519.2 68998.6 140101 289980 603487 -1.04353e+07 1.86556e+06 2.78728e+06 4.24549e+06 6.53839e+06 1.01679e+07 1.59125e+07 2.48213e+07 3.84346e+07 5.83059e+07 8.61548e+07 1.26112e+08 1.83718e+08 
0.22459 0.0509815 0.0920682 0.166437 0.301246 0.545854 0.990536 1.80081 3.2805 5.98775 10.9598 20.1277 37.0727 68.5572 127.416 238.063 447.07 845.793 1614.33 3102.36 6022.44 11839.1 23561.2 47387.9 96914 202251 425283 909871 -1.35313e+07 2.98903e+06 4.68444e+06 7.35145e+06 1.16585e+07 1.85945e+07 2.95116e+07 4.64063e+07 7.12508e+07 1.06075e+08 1.56034e+08 2.27915e+08 
0.142211 0.0322881 0.0583235 0.105464 0.190945 0.346118 0.628356 1.14292 2.08322 3.80502 6.97004 12.8118 23.6233 43.7408 81.4111 152.364 286.719 543.714 1040.57 2006.46 3910.48 7722.58 15453.1 31291.9 64504.7 135853 289017 626867 1.37833e+06 -1.77959e+07 4.97959e+06 7.99814e+06 1.30002e+07 2.12471e+07 3.44873e+07 5.53296e+07 8.62935e+07 1.29741e+08 1.92071e+08 2.81493e+08 
0.084152 0.01911 0.0345277 0.0624522 0.113107 0.205102 0.372514 0.677906 1.23634 2.25977 4.14276 7.62183 14.0692 26.084 48.6193 91.1497 171.888 326.748 627.073 1213.35 2374.48 4711.59 9482.11 19338.8 40201.9 85503.9 184233 405729 917902 2.11596e+06 -2.35871e+07 8.0951e+06 1.35787e+07 2.29337e+07 3.83891e+07 6.33343e+07 1.00977e+08 1.53963e+08 2.30012e+08 3.38636e+08 
0.0448892 0.0101959 0.0184263 0.0333378 0.0603966 0.109561 0.199076 0.362461 0.661423 1.20978 2.2196 4.08727 7.553 14.021 26.1727 49.1518 92.8833 176.993 340.613 661.357 1299.57 2591 5244.43 10773.6 22588.5 48525.1 105937 237039 546451 1.28927e+06 3.07088e+06 -3.18742e+07 1.30347e+07 2.29198e+07 3.98811e+07 6.81998e+07 1.11911e+08 1.73855e+08 2.629e+08 3.89384e+08 
0.0213078 0.00484069 0.0087503 0.0158358 0.0286978 0.0520777 0.0946673 0.172446 0.314859 0.576286 1.05814 1.95023 3.60777 6.70571 12.5354 23.5808 44.6531 85.2908 164.585 320.664 632.665 1267.33 2579.85 5338.01 11288.1 24494.2 54192 123257 289770 700707 1.72238e+06 4.35843e+06 -4.42805e+07 2.10497e+07 3.84746e+07 6.88151e+07 1.17138e+08 1.86422e+08 2.86376e+08 4.27445e+08 
0.00880356 0.00200035 0.00361673 0.00654698 0.0118678 0.0215438 0.0391779 0.0713984 0.13043 0.238875 0.438923 0.80962 1.49922 2.78979 5.22198 9.8385 18.6656 35.7307 69.1217 135.094 267.53 538.23 1101.4 2294.07 4889.68 10709.5 23992.3 55425.2 132796 329060 835863 2.20207e+06 6.04835e+06 -6.21635e+07 3.15524e+07 6.02806e+07 1.08763e+08 1.8023e+08 2.84489e+08 4.30558e+08 
0.00311548 0.000708018 0.00128039 0.00231829 0.00420351 0.00763307 0.013886 0.0253165 0.04627 0.0847901 0.155901 0.287785 0.533393 0.993612 1.86212 3.51335 6.67714 12.8074 24.833 48.6742 96.7196 195.356 401.677 841.707 1806.99 3991.35 9043.95 21190.7 51658.5 130914 342941 939156 2.70966e+06 7.7336e+06 -8.85509e+07 4.59617e+07 8.97485e+07 1.57908e+08 2.60102e+08 4.03104e+08 
0.000932296 0.000211904 0.000383281 0.000694116 0.00125886 0.00228658 0.00416108 0.00758918 0.0138764 0.0254419 0.0468071 0.0864612 0.160383 0.299048 0.561056 1.05992 2.01752 3.87674 7.5323 14.8017 29.5015 59.7982 123.476 260.133 562.031 1250.79 2862.82 6792.61 16815.9 43478.8 117124 332467 1.00327e+06 3.0586e+06 9.51459e+06 -1.27645e+08 6.45888e+07 1.24774e+08 2.1904e+08 3.53076e+08 
0.000230265 5.23438e-05 9.46902e-05 0.00017151 0.000311111 0.000565224 0.00102885 0.00187701 0.00343317 0.00629715 0.0115907 0.0214213 0.0397613 0.0741941 0.139317 0.263455 0.50209 0.966142 1.88018 3.70218 7.39649 15.0338 31.1467 65.8947 143.083 320.305 738.91 1770.5 4436.12 11651.1 32084.5 93736.5 293430 948188 3.19221e+06 1.10975e+07 -1.81926e+08 8.31825e+07 1.62423e+08 2.82062e+08 
4.57867e-05 1.0409e-05 1.88316e-05 3.41128e-05 6.18859e-05 0.00011245 0.00020472 0.000373554 0.0006834 0.00125382 0.00230848 0.00426783 0.00792497 0.0147948 0.0277957 0.0525957 0.100313 0.193195 0.376348 0.741976 1.48456 3.02262 6.27508 13.3101 28.9904 65.1333 150.987 363.987 918.855 2437.19 6806.37 20260.3 64971.8 218608 781431 2.98275e+06 1.15732e+07 -2.48602e+08 9.78532e+07 1.99288e+08 
7.1528e-06 1.62618e-06 2.94223e-06 5.33014e-06 9.67052e-06 1.75736e-05 3.19973e-05 5.83936e-05 0.000106845 0.000196062 0.000361058 0.000667671 0.00124016 0.002316 0.00435283 0.00824023 0.0157247 0.0303035 0.0590737 0.116567 0.23347 0.475919 0.989431 2.10241 4.58877 10.3349 24.0351 58.1748 147.58 393.955 1110.25 3345.19 10897.8 37676.9 140541 571727 2.46742e+06 1.06843e+07 -3.28893e+08 1.19786e+08 
8.47643e-07 1.92718e-07 3.487e-07 6.31739e-07 1.14624e-06 2.08314e-06 3.79322e-06 6.92313e-06 1.26689e-05 2.32508e-05 4.28241e-05 7.92043e-05 0.000147148 0.000274865 0.00051674 0.000978537 0.00186804 0.00360151 0.00702423 0.0138689 0.027797 0.0567079 0.118005 0.251028 0.548614 1.23743 2.88325 6.99439 17.791 47.651 134.903 408.91 1342.45 4706.1 17976.1 76059.4 353639 1.79586e+06 9.8861e+06 -4.18067e+08 
dt_FE: 2.39195e-09
dt_EA: 2.39195e-09
dt_PE: 2.39195e-09
tolC: 1e-06
dt_grow: 1.03
dt_max: 0.1
steps: 0
