t
0.0000003208698710724086074
dt
0.0000000093457253710410320
DN
0.0000000000000008711923178
TC
543.0000
N
1.83714360e-03
4.17484920e-03
5.05325244e-03
4.92390494e-03
4.26923960e-03
3.45947452e-03
2.70202446e-03
2.07648488e-03
1.59149533e-03
1.22671883e-03
9.55242661e-04
7.52865726e-04
6.00669756e-04
4.84799639e-04
3.95401207e-04
3.25524846e-04
2.70249472e-04
2.26078892e-04
1.92302333e-04
2.48114362e-04
2.49475126e-03
3.46197373e-02
2.38182662e-01
6.64483491e-01
6.29113313e-01
1.65351212e-01
9.59630836e-03
9.47914946e-05
1.21565570e-07
1.44229746e-10
4.21790536e-12
1.11319731e-13
2.37870113e-15
4.06395445e-17
5.47833660e-19
5.74594672e-21
4.62020727e-23
2.80383677e-25
1.26312896e-27
4.15090482e-30
eC
1.00638940e+00
3.07804198e+00
5.27088624e+00
7.59201189e+00
1.00489234e+01
1.26495642e+01
1.54023425e+01
1.83161584e+01
2.14004324e+01
2.46651365e+01
2.81208258e+01
3.17786729e+01
3.56505041e+01
3.97488374e+01
4.40869232e+01
4.86787870e+01
5.35392748e+01
5.86841012e+01
6.41298999e+01
6.98942779e+01
7.59958720e+01
8.24544093e+01
8.92907710e+01
9.65270599e+01
1.04186672e+02
1.12294371e+02
1.20876370e+02
1.29960417e+02
1.39575880e+02
1.49753848e+02
1.60527227e+02
1.71930848e+02
1.84001582e+02
1.96778453e+02
2.10302771e+02
2.24618262e+02
2.39771209e+02
2.55810604e+02
2.72788303e+02
2.90759198e+02
