t
0.0000000013940208022766860
dt
0.0000000000406035185129132
DN
0.0000000000000008711923178
TC
359.0000
N
7.98833543e-06
1.81742691e-05
2.20079172e-05
2.14434311e-05
1.85866021e-05
1.50553913e-05
1.17548110e-05
9.03085032e-06
6.92005486e-06
5.33310153e-06
4.15240489e-06
3.27242688e-06
2.61075330e-06
2.10706656e-06
1.71848614e-06
1.41478297e-06
1.17486169e-06
1.01140593e-06
2.76446725e-06
8.75596396e-05
2.35924661e-03
3.45223857e-02
2.38220486e-01
6.64781305e-01
6.29413807e-01
1.65431226e-01
9.60076518e-03
9.47804583e-05
1.18297380e-07
1.38839790e-11
1.84259720e-14
4.83879073e-16
1.03395945e-17
1.76649100e-19
2.38127906e-21
2.49759590e-23
2.00826514e-25
1.21874079e-27
5.49041731e-30
1.80426156e-32
eC
1.00638940e+00
3.07804198e+00
5.27088624e+00
7.59201189e+00
1.00489234e+01
1.26495642e+01
1.54023425e+01
1.83161584e+01
2.14004324e+01
2.46651365e+01
2.81208258e+01
3.17786729e+01
3.56505041e+01
3.97488374e+01
4.40869232e+01
4.86787870e+01
5.35392748e+01
5.86841012e+01
6.41298999e+01
6.98942779e+01
7.59958720e+01
8.24544093e+01
8.92907710e+01
9.65270599e+01
1.04186672e+02
1.12294371e+02
1.20876370e+02
1.29960417e+02
1.39575880e+02
1.49753848e+02
1.60527227e+02
1.71930848e+02
1.84001582e+02
1.96778453e+02
2.10302771e+02
2.24618262e+02
2.39771209e+02
2.55810604e+02
2.72788303e+02
2.90759198e+02
