t
0.0000058619999095235480362
dt
0.0000002220424396962508405
DN
-0.0000000000000006533942383
TC
74.0000
N
1.94540645e-01
4.54172668e-01
6.08721765e-01
7.01288889e-01
7.55868956e-01
7.85814885e-01
7.98420507e-01
7.97448352e-01
7.84599005e-01
7.60480532e-01
7.25370745e-01
6.79861178e-01
6.25313424e-01
5.64002010e-01
4.98898423e-01
4.33201767e-01
3.69819147e-01
3.10978747e-01
2.58057784e-01
2.11634385e-01
1.72443381e-01
1.51307695e-01
2.04489632e-01
3.47374266e-01
2.98041968e-01
8.47434117e-02
1.12579267e-02
2.52866692e-03
7.22616300e-04
1.92595809e-04
4.74163373e-05
1.07583124e-05
2.24006275e-06
4.25893182e-07
7.35378103e-08
1.14654908e-08
1.60438376e-09
2.00203428e-10
2.21278820e-11
2.15082545e-12
eC
1.00638940e+00
3.07804198e+00
5.27088624e+00
7.59201189e+00
1.00489234e+01
1.26495642e+01
1.54023425e+01
1.83161584e+01
2.14004324e+01
2.46651365e+01
2.81208258e+01
3.17786729e+01
3.56505041e+01
3.97488374e+01
4.40869232e+01
4.86787870e+01
5.35392748e+01
5.86841012e+01
6.41298999e+01
6.98942779e+01
7.59958720e+01
8.24544093e+01
8.92907710e+01
9.65270599e+01
1.04186672e+02
1.12294371e+02
1.20876370e+02
1.29960417e+02
1.39575880e+02
1.49753848e+02
1.60527227e+02
1.71930848e+02
1.84001582e+02
1.96778453e+02
2.10302771e+02
2.24618262e+02
2.39771209e+02
2.55810604e+02
2.72788303e+02
2.90759198e+02
