t: 5.25896e-07
dt: 8.49209e-09
N: 0.329338 0.668093 0.804953 0.857782 0.874557 0.874858 0.866654 0.853098 0.835291 0.813427 0.787278 0.756423 0.720383 0.678736 0.631245 0.578 0.519577 0.457147 0.392516 0.328002 0.266161 0.2094 0.159584 0.117783 0.0842094 0.0583491 0.0392035 0.0255497 0.0161529 0.00990377 0.00588534 0.00338647 0.00188444 0.00101254 0.000524406 0.000261276 0.000124959 5.72352e-05 2.5044e-05 1.04409e-05 
eC: 1.00639 3.07804 5.27089 7.59201 10.0489 12.6496 15.4023 18.3162 21.4004 24.6651 28.1208 31.7787 35.6505 39.7488 44.0869 48.6788 53.5393 58.6841 64.1299 69.8943 75.9959 82.4544 89.2908 96.5271 104.187 112.294 120.876 129.96 139.576 149.754 160.527 171.931 184.002 196.778 210.303 224.618 239.771 255.811 272.788 290.759 
dV: 2.71811 20.9912 63.6092 138.722 256.496 429.553 673.497 1007.55 1455.33 2045.74 2814.09 3803.42 5066.04 6665.5 8678.77 11199 14338.7 18233.7 23047.8 28977.8 36261 45182.1 56083.2 69374.4 85547.6 105192 129013 157855 192727 234836 285622 346808 420447 508992 615366 743056 896219 1.07981e+06 1.29972e+06 1.56298e+06 
kVec: 890060 2.61292e+06 4.29053e+06 5.91381e+06 7.47333e+06 8.96048e+06 1.03678e+07 1.16897e+07 1.2923e+07 1.40677e+07 1.51284e+07 1.61148e+07 1.70432e+07 1.7938e+07 1.88329e+07 1.97721e+07 2.08119e+07 2.2022e+07 2.34858e+07 2.53021e+07 2.75849e+07 3.04643e+07 3.40867e+07 3.86149e+07 4.42267e+07 5.11113e+07 5.94622e+07 6.94623e+07 8.12626e+07 9.49554e+07 1.10551e+08 1.27971e+08 1.47064e+08 1.6763e+08 1.89447e+08 2.12247e+08 2.35655e+08 2.59032e+08 2.81214e+08 3.00079e+08 
cMat: 
-64556.5 7695.17 8474.32 9518.67 10763.7 12222.5 13926.1 15916.2 18244.2 20972 24174 27938.9 32373.1 37603.4 43781.1 51086.7 59735.3 69982.9 82134.4 96552.3 113667 133989 158121 186769 220751 261000 308547 364489 429948 506057 594032 695359 812023 946663 1.10263e+06 1.28398e+06 1.4955e+06 1.74279e+06 2.03238e+06 2.37188e+06 
445.818 -200240 12145.5 13654.9 15456.2 17569.1 20039.7 22929.8 26315.2 30287.7 34957.5 40456.7 46943.4 54606.5 63671.6 74408.3 87138 102244 120182 141496 166830 196950 232758 275316 325851 385765 456607 540028 637714 751361 882774 1.03415e+06 1.20844e+06 1.40957e+06 1.64255e+06 1.91348e+06 2.22956e+06 2.59921e+06 3.03225e+06 3.5402e+06 
85.5696 2116.86 -357701 12970.9 14697.2 16724.6 19098.7 21879.7 25142.2 28976.4 33490.7 38815.6 45106.9 52551.6 61373.2 71839 84268 99041 116612 137520 162410 192042 227316 269290 319190 378412 448506 531121 627938 740640 871005 1.02119e+06 1.19407e+06 1.39354e+06 1.62458e+06 1.89322e+06 2.20663e+06 2.5732e+06 3.0027e+06 3.50656e+06 
28.7013 710.683 3873.28 -541801 14522.8 16545.5 18917.4 21700.1 24969.9 28818.9 33358.6 38722.6 45071.5 52598 61532.7 72152 84786.1 99829.4 117753 139117 164589 194960 231167 274308 325659 386676 458971 544264 644304 760832 895675 1.05103e+06 1.22984e+06 1.43611e+06 1.67496e+06 1.95267e+06 2.27667e+06 2.65564e+06 3.09973e+06 3.62078e+06 
13.7371 340.484 1857.6 6146.94 -758326 18112.3 20735.8 23818.8 27447.6 31726.9 36783.3 42769.1 49867.8 58299.5 68328.7 80272.4 94510.1 111496 131772 155984 184904 219443 260683 309894 368551 438338 521121 618891 733673 867470 1.02236e+06 1.20083e+06 1.40622e+06 1.64308e+06 1.91731e+06 2.23611e+06 2.60804e+06 3.04311e+06 3.55298e+06 4.15132e+06 
8.18701 203.131 1109.45 3675.54 9506.18 -1.014e+06 24327.6 27985.5 32298.9 37395.3 43428.9 50586.3 59091.9 69216.3 81284.7 95688 112895 133466 158073 187517 222752 264913 315341 375613 447563 533285 635102 755494 896977 1.06203e+06 1.2532e+06 1.4735e+06 1.72698e+06 2.01923e+06 2.3575e+06 2.75069e+06 3.2094e+06 3.74601e+06 4.37497e+06 5.11314e+06 
5.54432 137.712 753.021 2497.79 6468.55 14459.4 -1.3166e+06 33793.2 39065.7 45307.9 52714 61518.5 72005.2 84516.5 99464.9 117347 138761 164421 195185 232078 276322 329370 392942 469061 560079 668686 797870 950817 1.13076e+06 1.34087e+06 1.58435e+06 1.86499e+06 2.18786e+06 2.55998e+06 2.99057e+06 3.49099e+06 4.07477e+06 4.75773e+06 5.5583e+06 6.49805e+06 
4.04917 100.69 551.254 1830.89 4748.03 10629 21594.1 -1.67523e+06 47440.9 55122.6 64257.1 75142.1 88138.3 103682 122301 144632 171440 203647 242358 288894 344835 412058 492788 589644 705674 844362 1.00958e+06 1.20548e+06 1.43623e+06 1.70594e+06 2.01869e+06 2.37923e+06 2.79397e+06 3.27181e+06 3.82455e+06 4.4668e+06 5.21597e+06 6.09246e+06 7.12003e+06 8.32641e+06 
3.10051 77.1925 423.151 1407.34 3654.93 8194.63 16675.7 31690.9 -2.1006e+06 66654.4 77859.8 91246.5 107272 126490 149573 177335 210758 251024 299555 358055 428561 513498 615743 738683 886263 1.063e+06 1.27391e+06 1.52437e+06 1.81981e+06 2.16549e+06 2.56664e+06 3.02922e+06 3.56125e+06 4.17402e+06 4.88255e+06 5.7056e+06 6.6656e+06 7.78877e+06 9.10568e+06 1.0652e+07 
2.44998 61.0729 335.236 1116.54 2904.14 6521.87 13294.7 25311.9 45818.7 -2.60537e+06 93409.7 109722 129305 152858 181233 215463 256799 306752 367141 440152 528402 635011 763682 918780 1.10539e+06 1.32933e+06 1.59711e+06 1.91564e+06 2.29195e+06 2.7328e+06 3.24482e+06 3.83545e+06 4.51467e+06 5.29665e+06 6.20043e+06 7.24999e+06 8.474e+06 9.90608e+06 1.15854e+07 1.35575e+07 
1.97824 49.3779 271.42 905.344 2358.57 5305.72 10835.2 20669.3 37491.9 65433.7 -3.20442e+06 130452 154132 182702 217233 259026 309664 371065 445544 535887 645437 778187 938881 1.13311e+06 1.36741e+06 1.64924e+06 1.98696e+06 2.38947e+06 2.86581e+06 3.42462e+06 4.07427e+06 4.82397e+06 5.68605e+06 6.67812e+06 7.82415e+06 9.15452e+06 1.07058e+07 1.25207e+07 1.46491e+07 1.71491e+07 
1.62102 40.5164 223.033 745.105 1944.36 4381.73 8965.32 17137.1 31152.1 54494.4 92490.9 -3.91527e+06 181522 215791 257355 307842 369237 443957 534925 645674 780449 944329 1.14336e+06 1.38467e+06 1.6766e+06 2.02869e+06 2.45161e+06 2.95678e+06 3.55572e+06 4.25949e+06 5.07855e+06 6.02427e+06 7.11169e+06 8.3625e+06 9.80661e+06 1.14823e+07 1.34357e+07 1.5721e+07 1.84013e+07 2.15502e+07 
1.34069 33.5568 185.001 619.045 1618.2 3653.48 7490.14 14347.8 26141 45839.4 78002.1 129567 -4.75843e+06 251617 301053 361337 434938 524873 634813 769199 933389 1.13381e+06 1.37811e+06 1.67534e+06 2.03608e+06 2.47247e+06 2.99808e+06 3.62742e+06 4.37521e+06 5.25541e+06 6.28115e+06 7.46628e+06 8.82898e+06 1.03957e+07 1.22034e+07 1.42998e+07 1.67429e+07 1.9601e+07 2.29533e+07 2.68923e+07 
1.11391 27.9209 154.168 516.735 1353.18 3061.02 6288.5 12072.7 22048.1 38760.7 66135.8 110174 179978 -5.75784e+06 347279 418330 505454 612385 743683 904895 1.10273e+06 1.34525e+06 1.6421e+06 2.00469e+06 2.44637e+06 2.98247e+06 3.63015e+06 4.40782e+06 5.33407e+06 6.42654e+06 7.70153e+06 9.17585e+06 1.08712e+07 1.28195e+07 1.50657e+07 1.76692e+07 2.07021e+07 2.42496e+07 2.84108e+07 3.33009e+07 
0.925631 23.2358 128.504 431.452 1131.94 2565.63 5282.05 10163.8 18607.9 32799.5 56123.5 93778.9 153691 247859 -6.94143e+06 476834 578482 703839 858517 1.04937e+06 1.28473e+06 1.57465e+06 1.93116e+06 2.36854e+06 2.90354e+06 3.55541e+06 4.34571e+06 5.29758e+06 6.43444e+06 7.77839e+06 9.34961e+06 1.11683e+07 1.32601e+07 1.56627e+07 1.84307e+07 2.16364e+07 2.53692e+07 2.97344e+07 3.48549e+07 4.08731e+07 
0.765988 19.2573 106.674 358.788 943.078 2141.93 4419.45 8524.17 15645.9 27654.5 47459.8 79554.1 130822 211743 338166 -8.3419e+06 650521 795087 974421 1.1969e+06 1.47275e+06 1.81437e+06 2.23664e+06 2.75731e+06 3.39717e+06 4.18023e+06 5.13337e+06 6.28547e+06 7.66579e+06 9.30186e+06 1.12184e+07 1.34396e+07 1.59953e+07 1.89294e+07 2.23067e+07 2.62148e+07 3.07627e+07 3.60796e+07 4.23161e+07 4.96471e+07 
0.628573 15.8268 87.8159 295.886 779.239 1773.5 3667.52 7091.07 13049.7 23131.1 39818.5 66965.7 110511 179549 287915 456533 -9.99775e+06 880393 1.08446e+06 1.33912e+06 1.65677e+06 2.05251e+06 2.54455e+06 3.15466e+06 3.90848e+06 4.8356e+06 5.96924e+06 7.34516e+06 8.99956e+06 1.09665e+07 1.3276e+07 1.59568e+07 1.90427e+07 2.25844e+07 2.66574e+07 3.13656e+07 3.68405e+07 4.32387e+07 5.07429e+07 5.95648e+07 
0.509363 12.845 71.3897 240.973 635.861 1450.24 3005.89 5826.24 10750.9 19111.8 33003.1 55692.6 92245.5 150465 242302 385954 608958 -1.19547e+07 1.1799e+06 1.46527e+06 1.82357e+06 2.2729e+06 2.83526e+06 3.53702e+06 4.40935e+06 5.48836e+06 6.81466e+06 8.43202e+06 1.03848e+07 1.27147e+07 1.54581e+07 1.86482e+07 2.23236e+07 2.65405e+07 3.13853e+07 3.69793e+07 4.34782e+07 5.1069e+07 5.99704e+07 7.04353e+07 
0.40599 10.2539 57.0843 193.035 510.364 1166.49 2423.35 4708.92 8712.83 15534.6 26912.2 45572.6 75768.8 124095 200719 321235 509421 801309 -1.42679e+07 1.56316e+06 1.95776e+06 2.45626e+06 3.08472e+06 3.8746e+06 4.86328e+06 6.0942e+06 7.61639e+06 9.4828e+06 1.17472e+07 1.44599e+07 1.76647e+07 2.13998e+07 2.57077e+07 3.06501e+07 3.63227e+07 4.28639e+07 5.04545e+07 5.93144e+07 6.97008e+07 8.19117e+07 
0.317151 8.02247 44.7359 151.551 401.47 919.557 1914.78 3730.07 6920.64 12376.1 21510.3 36554.3 61009.5 100341 163036 262209 418022 661280 1.03876e+06 -1.70039e+07 2.04398e+06 2.58265e+06 3.26726e+06 4.13467e+06 5.22892e+06 6.60149e+06 8.31068e+06 1.04197e+07 1.29929e+07 1.60905e+07 1.97641e+07 2.40578e+07 2.90174e+07 3.47083e+07 4.12339e+07 4.87478e+07 5.74551e+07 6.7609e+07 7.95072e+07 9.34941e+07 
0.242095 6.13318 34.2569 116.259 308.577 708.284 1478.25 2886.93 5371.01 9633.71 16798.6 28649.5 48003 79285.8 129423 209202 335343 533626 843570 1.32533e+06 -2.02439e+07 2.63508e+06 3.36e+06 4.28675e+06 5.46622e+06 6.95833e+06 8.83136e+06 1.11596e+07 1.40191e+07 1.7481e+07 2.16058e+07 2.64434e+07 3.20427e+07 3.84708e+07 4.58358e+07 5.43027e+07 6.40983e+07 7.55076e+07 8.88682e+07 1.04571e+08 
0.180174 4.57128 25.5742 86.9445 231.212 531.813 1112.47 2177.98 4063.05 7309.39 12787.2 21886 36814.2 61066.2 100151 162717 262290 419920 668200 1.05726e+06 1.66366e+06 -2.40861e+07 3.34757e+06 4.30858e+06 5.54381e+06 7.12164e+06 9.12061e+06 1.16268e+07 1.47287e+07 1.85094e+07 2.30395e+07 2.83751e+07 3.45673e+07 4.16832e+07 4.98313e+07 5.91829e+07 6.99814e+07 8.25395e+07 9.72318e+07 1.14494e+08 
0.130537 3.31674 18.5849 63.2916 168.627 388.651 814.808 1599.12 2991.14 5396.8 9471.63 16268.6 27471.5 45763.8 75407 123148 199632 321590 515194 821156 1.30237e+06 2.05519e+06 -2.8648e+07 4.19113e+06 5.44559e+06 7.06552e+06 9.13955e+06 1.17658e+07 1.50459e+07 1.90761e+07 2.39377e+07 2.96941e+07 3.63985e+07 4.41155e+07 5.29498e+07 6.30724e+07 7.47355e+07 8.82728e+07 1.04091e+08 1.22664e+08 
0.0919941 2.34071 13.1359 44.8094 119.602 276.205 580.319 1141.62 2140.95 3873.88 6820.21 11755 19925.7 33333.4 55180.5 90578.9 147667 239364 386094 620002 991365 1.57822e+06 2.50059e+06 -3.40676e+07 5.17434e+06 6.78654e+06 8.87548e+06 1.15511e+07 1.49284e+07 1.91178e+07 2.4213e+07 3.02857e+07 3.73915e+07 4.55911e+07 5.49807e+07 6.57238e+07 7.80717e+07 9.23694e+07 1.09047e+08 1.28612e+08 
0.06304 1.60618 9.02708 30.8427 82.4668 190.81 401.739 792.122 1489.25 2702.13 4771.77 8252.09 14039.9 23583.6 39218.4 64701.9 106071 173003 280965 454592 732909 1.17734e+06 1.88371e+06 2.99994e+06 -4.0503e+07 6.30448e+06 8.34392e+06 1.09904e+07 1.43727e+07 1.86157e+07 2.38277e+07 3.00904e+07 3.74633e+07 4.60023e+07 5.57919e+07 6.698e+07 7.98066e+07 9.46156e+07 1.1185e+08 1.3204e+08 
0.0419995 1.07149 6.0305 20.636 55.2687 128.114 270.276 534.08 1006.53 1831.12 3243.07 5626.53 9607.05 16201.5 27060.9 44863.2 73948.4 121342 198395 323401 525724 852241 1.37722e+06 2.21715e+06 3.55254e+06 -4.81295e+07 7.5857e+06 1.01233e+07 1.34129e+07 1.75951e+07 2.2794e+07 2.9105e+07 3.65938e+07 4.53127e+07 5.53318e+07 6.6777e+07 7.98652e+07 9.49256e+07 1.124e+08 1.3283e+08 
0.0271993 0.694768 3.91553 13.4183 35.995 83.5823 176.665 349.827 660.797 1205.17 2140.39 3724.86 6381.67 10802.8 18119.5 30180.4 50007 82536.3 135830 223033 365522 597914 975924 1.58845e+06 2.57569e+06 4.15555e+06 -5.71314e+07 9.0146e+06 1.21159e+07 1.61204e+07 2.11705e+07 2.73786e+07 3.48213e+07 4.35503e+07 5.36213e+07 6.51331e+07 7.82691e+07 9.33281e+07 1.10735e+08 1.31028e+08 
0.017114 0.437668 2.46971 8.47524 22.7693 52.9582 112.136 222.485 421.164 769.945 1371 2392.81 4112.64 6986.62 11765.1 19683 32775.1 54395.6 90077.2 148943 246018 405982 669183 1.10112e+06 1.80704e+06 2.95384e+06 4.80151e+06 -6.76878e+07 1.05734e+07 1.4289e+07 1.90554e+07 2.50063e+07 3.22353e+07 4.07997e+07 5.07437e+07 6.21369e+07 7.51202e+07 8.99473e+07 1.07007e+08 1.26818e+08 
0.0104534 0.267627 1.51198 5.19527 13.977 32.5581 69.055 137.26 260.352 477.008 851.449 1490.02 2568.6 4378.01 7399.5 12430.4 20794.1 34690.2 57781.4 96171.4 160034 266309 443115 736888 1.22368e+06 2.02657e+06 3.34165e+06 5.47508e+06 -7.99501e+07 1.22236e+07 1.6581e+07 2.21246e+07 2.89728e+07 3.71974e+07 4.68383e+07 5.79381e+07 7.05901e+07 8.4989e+07 1.01468e+08 1.20507e+08 
0.00619111 0.158664 0.897349 3.08697 8.31555 19.3972 41.2037 82.0364 155.89 286.191 511.977 898.148 1552.5 2654.13 4500.99 7589.71 12750 21371.7 35788.7 59928.7 100412 168399 282691 474844 797510 1.33769e+06 2.23722e+06 3.7231e+06 6.15073e+06 -9.40151e+07 1.39064e+07 1.89073e+07 2.52155e+07 3.29294e+07 4.20971e+07 5.27421e+07 6.49105e+07 7.87285e+07 9.44546e+07 1.12507e+08 
0.00355074 0.0910792 0.515602 1.77555 4.78829 11.1831 23.7871 47.4299 90.2748 166.027 297.596 523.203 906.572 1554.04 2643.33 4472.26 7541.4 12694.9 21361.1 35965.2 60635.6 102414 173319 293834 498743 846694 1.4355e+06 2.42582e+06 4.07639e+06 6.79445e+06 -1.09901e+08 1.5555e+07 2.1183e+07 2.82264e+07 3.6759e+07 4.68012e+07 5.836e+07 7.14903e+07 8.63609e+07 1.03303e+08 
0.00196967 0.0505627 0.286467 0.987355 2.66522 6.23113 13.2691 26.4908 50.4903 92.9991 166.977 294.11 510.673 877.418 1496.3 2538.97 4295.4 7257.49 12263.2 20746.1 35168.3 59772.3 101885 174167 298469 512329 879751 1.50857e+06 2.57761e+06 4.37768e+06 7.37132e+06 -1.27538e+08 1.7116e+07 2.33493e+07 3.10953e+07 4.03958e+07 5.12381e+07 6.3613e+07 7.75912e+07 9.33952e+07 
0.00105575 0.0271193 0.153748 0.530294 1.43256 3.35208 7.14485 14.2787 27.2451 50.2455 90.3384 159.363 277.178 477.141 815.432 1386.98 2352.87 3987.69 6761.87 11485.4 19560.1 33422.4 57323.3 98698.4 170563 295663 513572 892598 1.54932e+06 2.67973e+06 4.60756e+06 7.85618e+06 -1.46786e+08 1.85664e+07 2.53891e+07 3.38116e+07 4.3834e+07 5.54049e+07 6.85008e+07 8.32193e+07 
0.000546279 0.01404 0.0796389 0.27484 0.742926 1.73956 3.71054 7.42134 14.1731 26.1637 47.0914 83.1719 144.853 249.727 427.499 728.519 1238.52 2104.23 3578.17 6097.45 10423.2 17887.9 30836.5 53412.5 92957.6 162493 285085 501428 882852 1.55322e+06 2.725e+06 4.75673e+06 8.24049e+06 -1.6746e+08 1.99149e+07 2.73237e+07 3.64081e+07 4.71157e+07 5.93516e+07 7.30849e+07 
0.000272571 0.00700859 0.0397719 0.137319 0.371373 0.870034 1.85689 3.71626 7.10216 13.1205 23.6351 41.7822 72.8426 125.724 215.497 367.767 626.244 1065.96 1816.52 3103.15 5319.92 9160.77 15855.1 27593.4 48295.7 85000.6 150367 267156 476222 850617 1.52022e+06 2.7137e+06 4.82731e+06 8.53121e+06 -1.89348e+08 2.11927e+07 2.91979e+07 3.8942e+07 5.03081e+07 6.31564e+07 
0.000130963 0.00336881 0.0191239 0.0660534 0.178711 0.418858 0.894378 1.79086 3.42441 6.33005 11.4103 20.1855 35.2189 60.8392 104.382 178.33 304.033 518.221 884.49 1513.71 2600.53 4489.17 7792.65 13610 23923.4 42326.7 75362.7 134981 243059 439724 798619 1.4546e+06 2.65255e+06 4.8296e+06 8.74434e+06 -2.12192e+08 2.24396e+07 3.10647e+07 4.1477e+07 5.3484e+07 
6.04856e-05 0.00155649 0.00883854 0.030538 0.0826507 0.193786 0.413951 0.82923 1.58634 2.93381 5.29117 9.36582 16.3513 28.2654 48.5312 82.9803 141.601 241.602 412.834 707.441 1217.2 2104.88 3661.4 6410.66 11302.9 20073.3 35910.3 64707.5 117426 214591 394886 731601 1.36359e+06 2.55178e+06 4.77711e+06 8.89795e+06 -2.35626e+08 2.3695e+07 3.29746e+07 4.40722e+07 
2.67962e-05 0.000689809 0.0039182 0.0135417 0.0366616 0.0859865 0.183742 0.368209 0.704674 1.30379 2.35247 4.16609 7.27713 12.5866 21.624 36.9977 63.1793 107.882 184.5 316.467 545.089 943.773 1644.03 2883.36 5094.2 9070 16278.1 29454.2 53746.1 98944.1 183893 345294 655213 1.25538e+06 2.42211e+06 4.68277e+06 9.00781e+06 -2.59018e+08 2.49931e+07 3.4971e+07 
1.13597e-05 0.000292543 0.00166211 0.00574594 0.0155605 0.0365066 0.0780344 0.156429 0.29948 0.554308 1.00056 1.77269 3.09787 5.3607 9.21457 15.7745 26.9534 46.0536 78.8153 135.29 233.216 404.157 704.741 1237.43 2189.2 3904.15 7021.17 12738.1 23326.4 43153.6 80755.3 153105 294487 574879 1.1375e+06 2.27289e+06 4.55697e+06 9.08564e+06 -2.81207e+08 2.63617e+07 
4.59603e-06 0.000118407 0.000672907 0.00232684 0.00630293 0.0147915 0.0316267 0.0634193 0.121454 0.224879 0.406069 0.719716 1.25826 2.17831 3.74607 6.41607 10.9687 18.7518 32.1104 55.1531 95.1372 164.987 287.912 505.958 895.945 1599.5 2880.16 5233.61 9604.11 17819.6 33488.3 63889.5 124028 245413 495057 1.01606e+06 2.11149e+06 4.40727e+06 9.13904e+06 -3.00076e+08 
cycle: 0
true_cycle: 0
nIterations: 0
nTrueIterations: 0
Branch: 0
dt_FE: 8.49209e-09
dt_EA: 8.49209e-09
dt_PE: 8.49209e-09
