t
0.0000000000251745727666596
dt
0.0000000000002502432947194
DN
-0.0000000000000002177980794
TC
555.0000
N
1.44255973e-07
3.28198524e-07
3.97428890e-07
3.87235057e-07
3.35644715e-07
2.71876168e-07
2.12272668e-07
1.63082188e-07
1.24964603e-07
9.63068170e-08
7.49853913e-08
5.90944610e-08
4.71457517e-08
3.80500231e-08
3.10329415e-08
2.55512426e-08
2.15267858e-08
4.66908675e-08
1.95203265e-06
8.68714252e-05
2.35866576e-03
3.45219684e-02
2.38220649e-01
6.64782582e-01
6.29415095e-01
1.65431569e-01
9.60078428e-03
9.47804110e-05
1.18283370e-07
1.33251984e-11
4.23225884e-16
8.73805864e-18
1.86715503e-19
3.18998248e-21
4.30018517e-23
4.51023356e-25
3.62658537e-27
2.20083862e-29
9.91475991e-32
3.25818950e-34
eC
1.00638940e+00
3.07804198e+00
5.27088624e+00
7.59201189e+00
1.00489234e+01
1.26495642e+01
1.54023425e+01
1.83161584e+01
2.14004324e+01
2.46651365e+01
2.81208258e+01
3.17786729e+01
3.56505041e+01
3.97488374e+01
4.40869232e+01
4.86787870e+01
5.35392748e+01
5.86841012e+01
6.41298999e+01
6.98942779e+01
7.59958720e+01
8.24544093e+01
8.92907710e+01
9.65270599e+01
1.04186672e+02
1.12294371e+02
1.20876370e+02
1.29960417e+02
1.39575880e+02
1.49753848e+02
1.60527227e+02
1.71930848e+02
1.84001582e+02
1.96778453e+02
2.10302771e+02
2.24618262e+02
2.39771209e+02
2.55810604e+02
2.72788303e+02
2.90759198e+02
