t
0.0000125387564033889402208
dt
0.0000001241461039939500263
DN
-0.0000000000000002177980794
TC
1873.0000
N
6.94534970e-02
1.51048406e-01
1.79829525e-01
1.75585937e-01
1.54035071e-01
1.26652376e-01
1.00276807e-01
7.79231679e-02
6.02292944e-02
4.67100302e-02
3.65306827e-02
2.88771800e-02
2.30852931e-02
1.86554833e-02
1.52260996e-02
1.25388750e-02
1.04092262e-02
8.70407344e-03
7.32797521e-03
6.28809808e-03
7.58801270e-03
3.82792636e-02
2.36787731e-01
6.53366146e-01
6.17878478e-01
1.62357094e-01
9.42950529e-03
9.52069120e-05
2.44012253e-07
5.02808021e-09
1.61580592e-10
4.26494821e-12
9.11425746e-14
1.55729061e-15
2.09946414e-17
2.20221478e-19
1.77091305e-21
1.07479482e-23
4.84235873e-26
1.59143131e-28
eC
1.00638940e+00
3.07804198e+00
5.27088624e+00
7.59201189e+00
1.00489234e+01
1.26495642e+01
1.54023425e+01
1.83161584e+01
2.14004324e+01
2.46651365e+01
2.81208258e+01
3.17786729e+01
3.56505041e+01
3.97488374e+01
4.40869232e+01
4.86787870e+01
5.35392748e+01
5.86841012e+01
6.41298999e+01
6.98942779e+01
7.59958720e+01
8.24544093e+01
8.92907710e+01
9.65270599e+01
1.04186672e+02
1.12294371e+02
1.20876370e+02
1.29960417e+02
1.39575880e+02
1.49753848e+02
1.60527227e+02
1.71930848e+02
1.84001582e+02
1.96778453e+02
2.10302771e+02
2.24618262e+02
2.39771209e+02
2.55810604e+02
2.72788303e+02
2.90759198e+02
