t
0.0386354963018444436118060
dt
0.0000585730556624626725638
DN
0.0000000000000015245865561
TC
3050.0000
N
1.00000000e+00
1.00000000e+00
1.00000000e+00
9.99999999e-01
9.99999998e-01
9.99999996e-01
9.99999989e-01
9.99999973e-01
9.99999929e-01
9.99999800e-01
9.99999399e-01
9.99998076e-01
9.99993408e-01
9.99975718e-01
9.99903460e-01
9.99583902e-01
9.98048110e-01
9.90033702e-01
9.45989686e-01
7.38640291e-01
3.00251206e-01
5.40074993e-02
6.49015571e-03
6.54329216e-04
5.73300004e-05
4.35318027e-06
2.84241724e-07
1.58205583e-08
7.43633124e-10
2.92286115e-11
9.50665065e-13
2.53050795e-14
5.44826070e-16
9.37106929e-18
1.27085841e-19
1.34012023e-21
1.08277303e-23
6.59952535e-26
2.98475214e-28
9.84337138e-31
eC
1.00638940e+00
3.07804198e+00
5.27088624e+00
7.59201189e+00
1.00489234e+01
1.26495642e+01
1.54023425e+01
1.83161584e+01
2.14004324e+01
2.46651365e+01
2.81208258e+01
3.17786729e+01
3.56505041e+01
3.97488374e+01
4.40869232e+01
4.86787870e+01
5.35392748e+01
5.86841012e+01
6.41298999e+01
6.98942779e+01
7.59958720e+01
8.24544093e+01
8.92907710e+01
9.65270599e+01
1.04186672e+02
1.12294371e+02
1.20876370e+02
1.29960417e+02
1.39575880e+02
1.49753848e+02
1.60527227e+02
1.71930848e+02
1.84001582e+02
1.96778453e+02
2.10302771e+02
2.24618262e+02
2.39771209e+02
2.55810604e+02
2.72788303e+02
2.90759198e+02
