t
0.00000279078906046275
dt
0.00000002790789160463
TC
0
N
  0.00002163
  0.00003049
  0.00002262
  0.00001340
  0.00000706
  0.00000354
  0.00000180
  0.00000100
  0.00000062
  0.00000045
  0.00000036
  0.00000033
  0.00000033
  0.00000035
  0.00000040
  0.00000048
  0.00000058
  0.00000073
  0.00000094
  0.00000124
  0.00000166
  0.00000227
  0.00000316
  0.00000449
  0.00000652
  0.00000967
  0.00001469
  0.00002286
  0.00003650
  0.00005990
  0.00010121
  0.00017632
  0.00031729
  0.00059086
  0.00114079
  0.00228766
  0.00477202
  0.01036077
  0.02336801
  0.05427870
eC
  1.00638940
  3.07804198
  5.27088624
  7.59201189
 10.04892339
 12.64956421
 15.40234252
 18.31615836
 21.40043243
 24.66513653
 28.12082582
 31.77867293
 35.65050410
 39.74883740
 44.08692319
 48.67878700
 53.53927484
 58.68410122
 64.12989994
 69.89427789
 75.99587195
 82.45440927
 89.29077101
 96.52705992
104.18667173
112.29437083
120.87637032
129.96041679
139.57587997
149.75384776
160.52722665
171.93084822
184.00158164
196.77845297
210.30277127
224.61826219
239.77120933
255.81060388
272.78830301
290.75919754
CMat
// EB = 0
-190488.75929323
 9377.74224425
 8341.66359715
 7474.23822877
 6653.56831215
 5865.07461391
 5111.31915282
 4398.69263350
 3734.04728925
 3123.45785939
 2571.62282642
 2081.53896756
 1654.34616010
 1289.31125657
 983.93776834
 734.18791257
 534.79689413
 379.65114556
 262.19563512
 175.83234764
 114.27387905
 71.82297913
 43.55991268
 25.43276785
 14.25882315
  7.65534846
  3.92403396
  1.91405501
  0.88526795
  0.38677912
  0.15903902
  0.06133183
  0.02211166
  0.00742966
  0.00231911
  0.00067006
  0.00017849
  0.00004364
  0.00000974
  0.00000198
// EB = 1
 1343.15548328
-584779.84103882
 29556.59914357
 26507.69175236
 23620.31068552
 20842.69723841
 18183.87941581
 15666.58260213
 13315.31516785
 11151.97389058
 9193.70472119
 7451.72109516
 5930.71685130
 4628.76635626
 3537.66886493
 2643.69407596
 1928.66213522
 1371.26169861
 948.48474128
 637.04414457
 414.64445430
 260.99881197
 158.52309288
 92.68518824
 52.03426151
 27.97274322
 14.35622637
  7.01083092
  3.24610528
  1.41964995
  0.58425260
  0.22547740
  0.08133920
  0.02734371
  0.00853846
  0.00246784
  0.00065756
  0.00016080
  0.00003591
  0.00000729
// EB = 2
 438.69965721
 10852.78219515
-1012481.73890114
 53047.39517479
 47318.33977961
 41799.87400314
 36509.90332041
 31493.99221180
 26801.58178225
 22477.19788709
 18556.14020257
 15062.06225831
 12005.72113625
 9384.68829327
 7183.94387463
 5377.27817803
 3929.37672531
 2798.40474479
 1938.85403893
 1304.38569903
 850.40619564
 536.15547938
 326.15919106
 190.99040491
 107.38178902
 57.80819340
 29.70832718
 14.52640768
  6.73386446
  2.94815465
  1.21445406
  0.46906324
  0.16932150
  0.05695043
  0.01779109
  0.00514391
  0.00137101
  0.00033536
  0.00007492
  0.00001521
// EB = 3
 201.80773491
 4997.06254979
 27234.55676282
-1477509.28525279
 80388.78722196
 71096.31342290
 62175.20200686
 53702.85275781
 45763.79472213
 38434.77708908
 31777.40634530
 25833.94655189
 20625.06686317
 16149.19309258
 12383.34604284
 9285.35446152
 6797.25128253
 4849.55696608
 3366.05917068
 2268.64052387
 1481.70462907
 935.81234241
 570.25967708
 334.48552054
 188.36185351
 101.55909103
 52.26876892
 25.59299352
 11.87913505
  5.20689366
  2.14712476
  0.83001594
  0.29983058
  0.10090381
  0.03153634
  0.00912148
  0.00243193
  0.00059505
  0.00013297
  0.00002700
// EB = 4
 109.50702118
 2714.21941819
 14808.19825941
 49001.79062126
-1982858.70981668
 112085.86861307
 98149.48738455
 84891.98206760
 72447.19228757
 60937.65813655
 50462.97356212
 41093.03773886
 32864.30422900
 25778.50453733
 19803.68455185
 14877.40598161
 10911.84268184
 7800.33456433
 5424.80557785
 3663.34992944
 2397.27378019
 1516.96320955
 926.12695726
 544.20543489
 306.99958571
 165.80235486
 85.46840339
 41.91181144
 19.48081830
  8.54976809
  3.52956342
  1.36572556
  0.49373009
  0.16626062
  0.05198850
  0.01504310
  0.00401212
  0.00098199
  0.00021950
  0.00004457
// EB = 5
 65.42060211
 1623.18087739
 8865.46142987
 29370.89667110
 75963.42047967
-2531601.72985777
 148692.44467931
 128796.13153975
 110084.93300023
 92746.44183063
 76935.03086404
 62761.45984624
 50286.89991007
 39520.60939170
 30421.05176245
 22900.27679330
 16831.20677078
 12057.21520829
 8403.13925285
 5686.69434395
 3729.21107600
 2364.71723325
 1446.63848436
 851.75007242
 481.41114986
 260.47308995
 134.50313309
 66.06547054
 30.75440536
 13.51630770
  5.58673098
  2.16397377
  0.78297159
  0.26383838
  0.08254449
  0.02389501
  0.00637535
  0.00156091
  0.00034901
  0.00007089
// EB = 6
 41.57765446
 1032.72699937
 5647.06836924
 18731.53290282
 48509.59812160
 108436.35050086
-3126975.42783270
 190824.47369390
 163369.44049710
 137876.60224186
 114579.34503947
 93648.72472788
 75184.20260804
 59209.62371437
 45674.17920669
 34458.15584297
 25383.02157975
 18225.02105940
 12731.07814258
 8635.52156257
 5676.04247787
 3607.40702700
 2211.78568081
 1305.07425855
 739.17280138
 400.73842749
 207.32693989
 102.01764984
 47.56982142
 20.93832886
  8.66612518
  3.36057897
  1.21705730
  0.41041396
  0.12847674
  0.03720899
  0.00993154
  0.00243244
  0.00054404
  0.00011054
// EB = 7
 27.56307963
 685.40994076
 3752.46988995
 12463.22996816
 32320.90049473
 72354.56674083
 146997.92716342
-3772410.86970257
 239167.31932106
 202217.54056265
 168373.85371822
 137896.26959017
 110943.16314876
 87564.55443054
 67702.47845069
 51198.25498703
 37806.11936135
 27212.13375049
 19056.73472558
 12958.82666544
 8539.12104772
 5440.52836751
 3343.85038338
 1977.73606237
 1122.72307035
 610.01320084
 316.25555853
 155.92266045
 72.83791539
 32.11371824
 13.31107215
  5.16827442
  1.87363467
  0.63233260
  0.19807183
  0.05739405
  0.01532569
  0.00375497
  0.00084013
  0.00017075
// EB = 8
 18.82365420
 468.64887081
 2569.03443144
 8544.27621152
 22190.05281576
 49752.05332285
 101243.68820315
 192407.42803569
-4471550.44522076
 294482.54952228
 245701.84085049
 201663.18103611
 162615.23223854
 128652.97809285
 99716.73816404
 75601.01078338
 55972.53990951
 40396.23337262
 28366.72919981
 19342.71256646
 12780.70472681
 8165.10694089
 5031.83380189
 2983.84752335
 1698.13223668
 924.87487174
 480.58997725
 237.45448920
 111.14700635
 49.09349339
 20.38210682
  7.92464115
  2.87611408
  0.97151788
  0.30452860
  0.08828999
  0.02358648
  0.00578124
  0.00129394
  0.00026308
// EB = 9
 13.13106690
 327.33173264
 1796.76760485
 5984.36202005
 15565.48932430
 34955.91099093
 71257.06810440
 135668.51252133
 245583.85101628
-5228261.46853001
 357615.08027973
 294194.30192871
 237805.15746037
 188617.81282507
 146582.19796955
 111438.26583560
 82739.52205644
 59888.13401318
 42178.72010403
 28846.85675215
 19117.67998476
 12249.90630875
 7571.25295044
 4502.54382504
 2569.51990487
 1403.17906531
 730.96616602
 362.01878895
 169.82606130
 75.16279503
 31.26093331
 12.17284869
  4.42340469
  1.49563163
  0.46917072
  0.13610505
  0.03637805
  0.00892033
  0.00199728
  0.00040622
// EB = 10
  9.29931681
 232.11666661
 1275.90045847
 4255.89933864
 11087.38847573
 24941.74924144
 50935.79873564
 97165.99448546
 176249.56742127
 307606.30493561
-6046646.72419002
 429500.73985090
 348073.64349086
 276828.09662773
 215745.12966635
 164504.21743769
 122513.38933780
 88956.31929432
 62852.64960318
 43126.19577591
 28674.57359122
 18433.50414847
 11429.77526413
 6818.54304432
 3903.07109331
 2137.64208663
 1116.66768484
 554.48721958
 260.74652635
 115.65891295
 48.19838181
 18.79976877
  6.84089298
  2.31552215
  0.72697097
  0.21102983
  0.05643383
  0.01384451
  0.00310106
  0.00063094
// EB = 11
  6.65478797
 166.33294290
 915.62890159
 3058.93016779
 7982.34656457
 17988.78035403
 36806.50317959
 70355.50286690
 127894.58847412
 223727.60388506
 379725.55208449
-6931050.31180757
 511174.16663727
 407720.33422439
 318720.92650597
 243794.03136636
 182162.71928130
 132717.62826752
 94099.59998250
 64795.22333782
 43236.34038763
 27893.85037868
 17356.84396610
 10390.26148504
 5967.58486386
 3278.89235984
 1718.09733276
 855.59573884
 403.42265017
 179.38425003
 74.91748752
 29.27606181
 10.66927732
  3.61568793
  1.13621036
  0.33006211
  0.08831630
  0.02167652
  0.00485744
  0.00098869
// EB = 12
  4.79453764
 120.00505417
 661.59767920
 2213.83290572
 5787.05276225
 13065.74604203
 26786.74582334
 51311.74275088
 93488.33957220
 163937.10107070
 278963.71153213
 463382.43245775
-7886055.32240693
 603776.86241018
 473510.10808709
 363425.24891516
 272513.65684781
 199273.69232153
 141823.35436370
 98033.74711138
 65671.08271810
 42533.46345963
 26569.16162889
 15965.74747326
 9203.89263469
 5075.15773167
 2668.36554088
 1333.07625679
 630.43066299
 281.08659898
 117.67611803
 46.08059243
 16.82203301
  5.70839259
  1.79566392
  0.52203882
  0.13977157
  0.03432366
  0.00769502
  0.00156690
// EB = 13
  3.46712249
 86.90578219
 479.86230942
 1608.39000807
 4211.93620891
 9527.83106116
 19573.87117324
 37578.17020651
 68628.91492284
 120650.67396879
 205862.76699904
 342944.70732833
 560231.51024641
-8916467.57593892
 708565.09405703
 545805.64129953
 410826.51861689
 301602.49639243
 215528.63786796
 149606.32126513
 100645.71790093
 65465.28058074
 41068.68999208
 24782.72075098
 14345.40038606
 7941.60904114
 4191.23510092
 2101.33172468
 997.03674525
 445.88644926
 187.17170470
 73.46393962
 26.86954377
  9.13154506
  2.87574156
  0.83676580
  0.22418946
  0.05508500
  0.01235551
  0.00251699
// EB = 14
  2.51002446
 63.00855276
 348.46457176
 1169.97736634
 3069.50946963
 6957.34520606
 14323.66278711
 27562.00243175
 50460.81544862
 88946.15711566
 152197.51154212
 254314.55963503
 416791.86357365
 672169.28902637
-10027276.26743823
 826917.11454122
 624945.85528371
 460744.19858481
 330706.03052797
 230598.96739274
 155852.90995702
 101851.11500266
 64195.19543642
 38918.57069269
 22630.45888986
 12583.36057403
 6668.86791738
 3356.78167155
 1598.59261718
 717.31791689
 302.01672480
 118.84716088
 43.56139454
 14.82910918
  4.67600279
  1.36190457
  0.36515833
  0.08977636
  0.02014720
  0.00410618
// EB = 15
  1.81504268
 45.63129692
 252.77114336
 850.17284216
 2234.70129883
 5075.50603477
 10472.36225793
 20199.03619749
 37075.16496209
 65531.42233667
 112463.83197570
 188518.07808631
 310009.04401019
 501771.76717145
 801366.65966471
-11223577.21750173
 960338.78198171
 711232.02636379
 512920.59385042
 359414.90550104
 244141.45348755
 160367.71709808
 101599.44898952
 61911.42895738
 36182.05847724
 20217.02041646
 10764.73245677
 5442.42631483
 2602.51398319
 1172.19640794
 495.19818909
 195.43323693
 71.80516877
 24.49022695
  7.73351915
  2.25484111
  0.60507106
  0.14885782
  0.03342450
  0.00681556
// EB = 16
  1.30829926
 32.94172781
 182.77940654
 615.85811944
 1621.91828045
 3691.41164413
 7633.69054724
 14759.65463030
 27162.46066048
 48146.73735635
 82881.57607855
 139388.85191323
 230030.88192701
 373736.29537245
 599308.29277161
 950305.12904222
-12510436.51248612
 1110465.95896758
 804909.38916844
 567007.77433926
 387263.38796955
 255804.39334471
 162980.95847861
 99878.06569128
 58696.84592285
 32976.00429690
 17650.24361005
 8967.80620237
 4308.11810444
 1948.61942187
 826.31364758
 327.17886830
 120.53788084
 41.19984685
 13.03132113
  3.80410527
  1.02173288
  0.25154300
  0.05651493
  0.01152991
// EB = 17
  0.93825142
 23.66066050
 131.50141354
 443.88013513
 1171.27911985
 2671.40991391
 5537.01332509
 10732.30457726
 19803.92469959
 35205.53387663
 60794.95613183
 102591.98917498
 169927.68427358
 277177.54074823
 446358.76654954
 710994.44610502
 1121815.78874345
-13892660.20583496
 1279060.82091684
 906142.05141095
 622551.46844921
 413727.48090527
 265233.87908063
 163555.03186414
 96714.27908776
 54663.74330169
 29429.61675095
 15035.76796505
 7260.63279335
 3299.70450446
 1405.20711032
 558.45305589
 206.37909837
 70.71375876
 22.40812342
  6.55036105
  1.76112651
  0.43391462
  0.09755107
  0.01991289
// EB = 18
  0.66827103
 16.87833214
 93.96317224
 317.74450765
 840.08650961
 1920.11722304
 3989.01230152
 7751.24640290
 14342.08587462
 25571.50046983
 44300.33361562
 75017.96478444
 124725.30828161
 204277.60217139
 330414.40255574
 528807.61708073
 838602.11532672
 1319118.64277873
-15374417.40371154
 1467996.92916724
 1014977.50594015
 678969.89430085
 438221.53492925
 272079.28489149
 161989.58088860
 92175.52614532
 49949.55839313
 25678.66004831
 12472.43316523
 5698.71885765
 2438.54849377
 973.19394529
 360.91625259
 124.01274941
 39.38194205
 11.53023373
  3.10355771
  0.76532728
  0.17217634
  0.03516655
// EB = 19
  0.47192195
 11.93748770
 66.56758659
 225.51021567
 597.39621483
 1368.32826160
 2849.26598382
 5550.51094914
 10298.27921481
 18416.43401923
 32008.75519743
 54395.71881398
 90787.62695529
 149317.23518874
 242615.44342750
 390200.55103174
 622074.21801631
 984086.27712895
 1545857.20912562
-16958636.89927703
 1679223.79137033
 1131294.35758183
 735524.00316779
 460091.47345202
 275996.94030704
 158224.74449038
 86368.00606763
 44712.12484107
 21860.33685963
 10048.77922762
 4323.51528968
 1733.71926542
 645.55644963
 222.53629205
 70.84455904
 20.77943252
  5.60042150
  1.38236873
  0.31122460
  0.06360630
// EB = 20
  0.32987996
  8.35712358
 46.67891503
 158.41624940
 420.47410136
 965.12803452
 2014.31604264
 3933.85191290
 7318.79596762
 13127.43224414
 22890.86255124
 39039.85631514
 65412.80798034
 108042.05900031
 176365.46735764
 285082.70732675
 456979.98974016
 727193.02846287
 1149577.35528364
 1806118.05072216
-18646059.05056563
 1914694.16566609
 1254722.36937541
 791273.40329527
 478602.11863487
 276651.40997249
 152243.37223024
 79435.40130595
 39125.97498496
 18109.35887846
 7840.11886320
 3161.06689550
 1182.49118165
 409.15916907
 130.63201977
 38.39660825
 10.36409540
  2.56095940
  0.57704091
  0.11801036
// EB = 21
  0.22787901
  5.78164528
 32.34573582
 109.96609598
 292.43450371
 672.63448758
 1407.04850985
 2754.72255697
 5139.00055820
 9245.05105563
 16173.53822322
 27682.14246154
 46564.11072631
 77239.69188198
 126676.59312037
 205815.57871036
 331765.09429024
 531154.37459453
 845209.26653123
 1337350.13035073
 2104414.87486696
-20433774.64829058
 2176224.16358023
 1384516.76002005
 845009.60448000
 492916.46746385
 273715.82819421
 144075.32515986
 71560.54767228
 33380.68342647
 14554.24490431
 5904.95896089
 2220.74412259
 771.76618379
 247.23532243
 72.85033743
 19.69839808
  4.87345166
  1.09908578
  0.22493268
// EB = 22
  0.15531357
  3.94627123
 22.11247677
 75.30506432
 200.63448065
 462.42511219
 969.47909231
 1902.67716128
 3558.97188912
 6421.34175633
 11269.80265737
 19357.24172616
 32687.36386907
 54453.00242736
 89725.23288768
 146532.55833616
 237542.34602129
 382663.35298933
 613040.16490902
 977119.84834070
 1549747.95350802
 2445598.22199903
-22313029.50720337
 2465233.95999996
 1519358.72730195
 895156.96983147
 502068.48874605
 266877.89455079
 133810.33288653
 62972.65959103
 27679.60591033
 11311.24945221
 4280.32315083
 1495.11954233
 480.87532943
 142.11316362
 38.50656613
  9.54028083
  2.15374595
  0.44111004
// EB = 23
  0.10426835
  2.65302423
 14.88866658
 50.78849330
 135.56088888
 313.06178862
 657.75947960
 1293.96666209
 2426.67369702
 4390.88905599
 7730.48413495
 13324.03233950
 22585.40014264
 37783.00109958
 62546.84930977
 102671.54423755
 167382.78261903
 271324.03827834
 437650.24692455
 702799.84444357
 1123767.54612623
 1789024.07898720
 2834618.57339253
-24266049.23122082
 2782283.12005231
 1657044.75728887
 939637.57876254
 504942.63803033
 255867.13894290
 121627.22284309
 53958.00985446
 22233.47412588
 8474.12176644
 2977.77848971
 962.29101921
 285.39418546
 77.52270770
 19.23934158
  4.34835174
  0.89133102
// EB = 24
  0.06883151
  1.75373911
  9.85642906
 33.67640101
 90.04384525
 208.34291585
 438.65449162
 864.91237680
 1626.11394071
 2950.47005986
 5210.34257857
 9010.57518676
 15330.44592812
 25751.63760462
 42823.94044183
 70650.82665428
 115824.42047326
 188912.05466812
 306805.74844554
 496405.34569159
 800330.27287996
 1285654.64745078
 2057034.24528093
 3276016.12881305
-26261727.64177814
 3126274.84872364
 1794032.27855135
 975722.02809321
 500297.42254917
 240526.90258890
 107839.63456270
 44862.86233043
 17243.14478085
 6102.12928871
 1983.15296733
 590.68644574
 160.93959396
 40.02336404
  9.05806432
  1.85845706
// EB = 25
  0.04459855
  1.13779194
  6.40369391
 21.91309515
 58.68932846
 136.04345648
 287.00521915
 567.14081188
 1068.84480032
 1944.48467407
 3443.87207349
 5974.93621234
 10201.99227454
 17204.92894865
 28737.04509918
 47642.36679640
 78530.00120159
 128860.74657719
 210690.15285019
 343446.25682277
 558315.54252765
 905082.58481809
 1462623.66768805
 2354675.96900512
 3772935.30969145
-28250404.39363498
 3493192.85725533
 1924865.29025967
 999952.19590046
 486900.31130384
 220944.68181491
 92937.77897075
 36073.06362245
 12873.18967859
 4212.34500681
 1261.25364943
 344.94183909
 85.99993880
 19.49528500
  4.00412913
// EB = 26
  0.02830692
  0.72305628
  4.07496023
 13.96468680
 37.46088610
 86.98636955
 183.86054856
 364.07750292
 687.71799322
 1254.27484509
 2227.61419557
 3876.66154442
 6641.78447599
 11243.21231620
 18858.25887774
 31411.12046541
 52046.59067164
 85903.30848001
 141372.28418949
 232135.35336638
 380442.68173467
 622327.22767458
 1015781.67344278
 1653336.67235381
 2680936.10845969
 4325402.95530171
-30158914.82153450
 3874358.08869169
 2041672.59745647
 1008320.99226540
 463839.23778280
 197610.05145208
 77587.71487554
 27965.98157410
 9226.96937133
 2780.67166318
 764.10046266
 191.11689665
 43.41283201
  8.92784288
// EB = 27
  0.01756139
  0.44910305
  2.53424219
  8.69670477
 23.36434436
 54.34230422
 115.06754320
 228.30195208
 432.17612842
 790.08034960
 1406.86453275
 2455.40676288
 4220.25954401
 7169.48101035
 12073.05793491
 20198.42275975
 33633.53447890
 55820.74278649
 92437.81943040
 152847.52646788
 252469.92167534
 416632.56343977
 686743.76216854
 1130024.02915537
 1854500.83571429
 3031440.59841409
 4927702.38522851
-31888809.04455483
 4254643.68060264
 2134233.72730388
 996940.11446984
 430983.70591303
 171511.78961254
 62561.94515917
 20850.58779244
 6334.48917035
 1751.18207220
 439.83414786
 100.17489866
 20.63367293
// EB = 28
  0.01062424
  0.27199313
  1.53664333
  5.28004077
 14.20506347
 33.08945902
 70.18234302
 139.50080451
 264.60434767
 484.80077159
 865.36253309
 1514.37673335
 2610.59986650
 4449.62161924
 7520.57087076
 12633.88116360
 21134.53568044
 35258.45556848
 58728.28728108
 97748.20062664
 162659.54013467
 270679.94148374
 450391.91672094
 748995.07616315
 1243792.70378001
 2059903.02615791
 3396640.84605987
 5565215.81131348
-33322454.17218705
 4611952.98230613
 2191321.87645791
 963235.50538208
 389401.13393393
 144081.87250428
 48616.21659355
 14920.04537887
 4156.82628263
 1049.80275879
 239.95015940
 49.52806849
// EB = 29
  0.00625255
  0.16023138
  0.90621225
  3.11746890
  8.39771791
 19.58895944
 41.61111211
 82.84775826
 157.43239672
 289.02329717
 517.04652919
 907.04518931
 1567.88457855
 2680.44657732
 4545.64638886
 7665.05131426
 12876.65623520
 21584.14382281
 36144.67686596
 60525.19410802
 101411.78034632
 170078.18273270
 285511.71756684
 479585.67749246
 805479.26027062
 1351072.18748533
 2259609.02872641
 3760380.21611677
 6212348.85575811
-34341100.23289219
 4919901.78283801
 2203590.45828769
 907234.96269809
 341448.78418806
 116970.53949758
 36358.68230111
 10232.39837987
 2603.28055273
 597.94372140
 123.78347545
// EB = 30
  0.00357144
  0.09160366
  0.51856912
  1.78577439
  4.81585970
 11.24752446
 23.92424021
 47.70337387
 90.79566909
 166.98511464
 299.31526632
 526.22770446
 911.81801929
 1563.03595075
 2658.64807090
 4498.20887183
 7585.19744395
 12768.68004871
 21485.44735551
 36174.76968623
 60989.33082579
 103012.26842258
 174332.23300396
 295554.26233711
 501666.38451978
 851663.32104271
 1443935.74100776
 2440083.79781001
 4100369.82154487
 6834430.35830639
-34852428.79828871
 5154389.96870507
 2166928.79578159
 832152.65019115
 290397.57262360
 91730.28849097
 26156.74195173
 6721.12332422
 1554.38965673
 323.14928523
// EB = 31
  0.00197612
  0.05072278
  0.28737223
  0.99047516
  2.67364733
  6.25084926
 13.31113685
 26.57476731
 50.65047378
 93.29446740
 167.50846743
 295.04686678
 512.30163063
 880.21919045
 1501.08926051
 2547.10496403
 4309.18418422
 7280.81816563
 12302.69477637
 20813.03419911
 35281.96419816
 59965.85123144
 102215.37298362
 174733.62233410
 299441.10682267
 514001.66731563
 882627.10514318
 1513506.77082096
 2586051.58481242
 4392023.14178288
 7395458.76949766
-34814241.73989335
 5301169.25763266
 2084164.55633040
 743763.90221468
 239719.02451425
 69530.05429064
 18107.21452408
 4228.30627158
 884.55842763
// EB = 32
  0.00105752
  0.02716057
  0.15398005
  0.53109480
  1.43472691
  3.35715972
  7.15568200
 14.30038681
 27.28657211
 50.32216354
 90.47654723
 159.60714179
 277.60362323
 477.87672179
 816.69227162
 1389.13063561
 2356.52650173
 3993.90921616
 6772.45698926
 11503.49510593
 19590.97019840
 33475.30985937
 57414.44361735
 98855.95044684
 170836.19117784
 296138.06272114
 514399.04686100
 894038.99241834
 1551818.33172977
 2684061.60807224
 4614997.31665803
 7868838.56831273
-34236720.47174392
 5359371.16447166
 1963889.18403830
 648875.61279489
 192362.17789736
 51001.54192894
 12071.99976216
 2548.91779394
// EB = 33
  0.00054660
  0.01404531
  0.07966811
  0.27494054
  0.74319731
  1.74019958
  3.71190822
  7.42409534
 14.17845033
 26.17353407
 47.10936570
 83.20383621
 144.90907269
 249.82445271
 427.66807195
 728.81161657
 1239.02329786
 2105.09400958
 3579.65561537
 6100.02380381
 10427.62527118
 17895.62721179
 30850.03174187
 53436.20396457
 92999.34828031
 162567.02803141
 285214.99588220
 501658.08940807
 883259.06776625
 1553936.85428319
 2726245.15824847
 4758894.37426551
 8244207.80038289
-33155900.71747589
 5338950.98609467
 1817365.58544741
 553749.90696002
 150317.08803174
 36251.31940587
 7758.31246689
// EB = 34
  0.00027247
  0.00700405
  0.03974530
  0.13722655
  0.37112289
  0.86945052
  1.85564671
  3.71378166
  7.09744023
 13.11186025
 23.61952017
 41.75484180
 72.79515700
 125.64239842
 215.35859758
 367.53214483
 625.84675548
 1065.29220088
 1815.38075286
 3101.22210393
 5316.65471842
 9155.19047556
 15845.57053345
 27576.89275039
 48267.01053634
 84950.49605074
 150278.57030042
 267000.18733851
 475943.72565034
 850119.49619991
 1519324.62016878
 2712094.65696671
 4824449.44627914
 8526123.53495228
-31584836.39256583
 5254758.79687997
 1655502.52137511
 463151.84205504
 114549.21208117
 24993.08505032
// EB = 35
  0.00013074
  0.00336191
  0.01908425
  0.06591604
  0.17833906
  0.41798711
  0.89251909
  1.78714313
  3.41730657
  6.31693614
 11.38666850
 20.14385528
 35.14625431
 60.71403631
 104.16767011
 177.96431490
 303.41070771
 517.16284710
 882.68862150
 1510.63266617
 2595.25775312
 4480.09530718
 7776.93575080
 13582.59769808
 23875.36457245
 42241.88016407
 75211.89070720
 134711.19259975
 242573.53164101
 438844.27582501
 797019.91363502
 1451680.58246385
 2647226.20398034
 4819886.44132453
 8726731.32579674
-29449664.24706376
 5120968.94816558
 1487065.08812621
 380118.93978054
 85189.03759317
// EB = 36
  0.00006023
  0.00154924
  0.00879709
  0.03039453
  0.08226229
  0.19287579
  0.41200675
  0.82533583
  1.57889641
  2.92004644
  5.26635906
  9.32193042
 16.27470701
 28.13315668
 48.30427517
 82.59265909
 140.93985926
 240.47543607
 410.91058526
 704.14806339
 1211.53822914
 2095.09963608
 3644.40875681
 6380.94110859
 11250.55621796
 19980.42699340
 35744.18046211
 64408.24590639
 116883.50564985
 213598.31834872
 393059.36414856
 728214.32995833
 1357273.50938421
 2539956.38385068
 4754958.73404652
 8856665.21950850
-26504703.20205513
 4947251.52154352
 1318057.14959198
 306173.94330576
// EB = 37
  0.00002654
  0.00068271
  0.00387768
  0.01340150
  0.03628204
  0.08509624
  0.18183940
  0.36439752
  0.69738127
  1.29029826
  2.32813082
  4.12300063
  7.20189621
 12.45648458
 21.40056495
 36.61555411
 62.52699893
 106.76854775
 182.59697808
 313.20310686
 539.47000327
 934.04827089
 1627.09284504
 2853.67752454
 5041.77625293
 8976.68362604
 16110.64220100
 29151.30489506
 53193.42440425
 97926.50378284
 182001.61846742
 341741.07845738
 648469.98635602
 1242452.61095936
 2397171.95308989
 4634543.36860538
 8915031.39977056
-22206450.33907399
 4735565.10594673
 1151617.00494266
// EB = 38
  0.00001110
  0.00028572
  0.00162326
  0.00561157
  0.01519653
  0.03565268
  0.07620912
  0.15277068
  0.29247561
  0.54134480
  0.97716102
  1.73124373
  3.02544843
  5.23539512
  8.99921015
 15.40584046
 26.32358660
 44.97773653
 76.97440701
 132.13034899
 227.77062498
 394.72146798
 688.29109627
 1208.55343609
 2138.11903708
 3813.06199551
 6857.38268456
 12440.97646184
 22782.31139313
 42146.94362502
 78871.44261562
 149533.49257396
 287615.50390166
 561463.84816026
 1110949.70861161
 2219846.69659497
 4450610.91416738
 8873568.63411458
-15528235.03544712
 4474715.13610212
// EB = 39
  0.00000435
  0.00011199
  0.00063638
  0.00220048
  0.00596061
  0.01398810
  0.02990894
  0.05997484
  0.11485815
  0.21266580
  0.38401687
  0.68063196
  1.18993667
  2.06003269
  3.54267074
  6.06771811
 10.37316432
 17.73386598
 30.36730548
 52.15936760
 89.97353752
 156.03257308
 272.28778805
 478.50199771
 847.32994922
 1512.71076746
 2723.89494182
 4949.66316033
 9083.04944555
 16852.79718986
 31671.35413440
 60422.97580651
 117298.49767859
 232096.60772973
 468193.85160243
 960927.74183878
 1996903.88086795
 4168099.86726455
 8643088.08304907
-4746020.54220741
