t
0.00002156457096142583
dt
0.00000005652089528591
TC
0
N
  0.00000068
  0.00000005
  0.00000005
  0.00000006
  0.00000007
  0.00000008
  0.00000009
  0.00000010
  0.00000012
  0.00000014
  0.00000016
  0.00000019
  0.00000023
  0.00000028
  0.00000035
  0.00000044
  0.00000055
  0.00000071
  0.00000093
  0.00000123
  0.00000165
  0.00000226
  0.00000316
  0.00000449
  0.00000652
  0.00000967
  0.00001468
  0.00002285
  0.00003650
  0.00005990
  0.00010121
  0.00017632
  0.00031729
  0.00059086
  0.00114079
  0.00228766
  0.00477202
  0.01036077
  0.02336801
  0.05427872
eC
  1.00638940
  3.07804198
  5.27088624
  7.59201189
 10.04892339
 12.64956421
 15.40234252
 18.31615836
 21.40043243
 24.66513653
 28.12082582
 31.77867293
 35.65050410
 39.74883740
 44.08692319
 48.67878700
 53.53927484
 58.68410122
 64.12989994
 69.89427789
 75.99587195
 82.45440927
 89.29077101
 96.52705992
104.18667173
112.29437083
120.87637032
129.96041679
139.57587997
149.75384776
160.52722665
171.93084822
184.00158164
196.77845297
210.30277127
224.61826219
239.77120933
255.81060388
272.78830301
290.75919754
CMat
// EB = 0
-190489.59337550
 9377.93871421
 8341.83836058
 7474.39481906
 6653.70770886
 5865.19749114
 5111.42623838
 4398.78478905
 3734.12552003
 3123.52329792
 2571.67670364
 2081.58257719
 1654.38081975
 1289.33826851
 983.95838249
 734.20329429
 534.80809848
 379.65909951
 262.20112829
 175.83603145
 114.27627316
 71.82448387
 43.56082529
 25.43330068
 14.25912188
  7.65550884
  3.92411617
  1.91409511
  0.88528650
  0.38678722
  0.15904235
  0.06133312
  0.02211213
  0.00742981
  0.00231915
  0.00067008
  0.00017849
  0.00004364
  0.00000974
  0.00000198
// EB = 1
 1343.19636979
-584781.52884236
 29557.49886535
 26508.49866346
 23621.02970289
 20843.33170345
 18184.43294473
 15667.05950293
 13315.72049456
 11152.31336379
 9193.98458344
 7451.94793032
 5930.89738611
 4628.90725887
 3537.77655383
 2643.77455170
 1928.72084493
 1371.30344069
 948.51361376
 637.06353660
 414.65707634
 261.00675694
 158.52791842
 92.68800964
 52.03584547
 27.97359473
 14.35666338
  7.01104433
  3.24620410
  1.41969316
  0.58427039
  0.22548427
  0.08134167
  0.02734454
  0.00853872
  0.00246792
  0.00065758
  0.00016081
  0.00003592
  0.00000729
// EB = 2
 438.70955938
 10853.02716023
-1012483.70022231
 53048.59254141
 47319.40783207
 41800.81749477
 36510.72740875
 31494.70308280
 26802.18673786
 22477.70523427
 18556.55904505
 15062.40223373
 12005.99212504
 9384.90012106
 7184.10602801
 5377.39955200
 3929.46541778
 2798.46790937
 1938.89780204
 1304.41514116
 850.42539070
 536.16758128
 326.16655300
 190.99471588
 107.38421280
 57.80949823
 29.70899774
 14.52673556
  6.73401646
  2.94822120
  1.21448147
  0.46907382
  0.16932532
  0.05695172
  0.01779149
  0.00514402
  0.00137104
  0.00033537
  0.00007492
  0.00001521
// EB = 3
 201.81042808
 4997.12923679
 27234.92021450
-1477511.27299903
 80389.86002957
 71097.26222023
 62176.03174982
 53703.56943524
 45764.40545093
 38435.29001038
 31777.83042240
 25834.29131209
 20625.34210962
 16149.40860743
 12383.51130156
 9285.47837679
 6797.34199348
 4849.62168458
 3366.10409155
 2268.67079942
 1481.72440277
 935.82483105
 570.26728733
 334.48998433
 188.36436724
 101.56044636
 52.26946646
 25.59333507
 11.87929358
  5.20696315
  2.14715341
  0.83002702
  0.29983459
  0.10090515
  0.03153676
  0.00912160
  0.00243197
  0.00059505
  0.00013297
  0.00002700
// EB = 4
 109.50778683
 2714.23839536
 14808.30179478
 49002.13323004
-1982860.56842162
 112086.65229060
 98150.17362224
 84892.57561200
 72447.69882097
 60938.08419805
 50463.32638714
 41093.32505153
 32864.53400834
 25778.68477445
 19803.82301447
 14877.51000087
 10911.91897483
 7800.38910240
 5424.84350679
 3663.37554270
 2397.29054135
 1516.97381579
 926.13343252
 544.20923985
 307.00173218
 165.80351411
 85.46900096
 41.91210447
 19.48095450
  8.54982787
  3.52958809
  1.36573511
  0.49373354
  0.16626178
  0.05198887
  0.01504320
  0.00401214
  0.00098199
  0.00021950
  0.00004457
// EB = 5
 65.42082851
 1623.18649482
 8865.49211104
 29370.99831652
 75963.68337031
-2531603.36221555
 148692.95926713
 128796.57727135
 110085.31397699
 92746.76280316
 76935.29711718
 62761.67704815
 50287.07394061
 39520.74616277
 30421.15704219
 22900.35604550
 16831.26501943
 12057.25693533
 8403.16833404
 5686.71402419
 3729.22398188
 2364.72541696
 1446.64349082
 851.75302011
 481.41281591
 260.47399139
 134.50359857
 66.06569917
 30.75451179
 13.51635447
  5.58675032
  2.16398126
  0.78297430
  0.26383929
  0.08254478
  0.02389510
  0.00637537
  0.00156092
  0.00034901
  0.00007089
// EB = 6
 41.57772580
 1032.72877131
 5647.07805842
 18731.56504220
 48509.68135388
 108436.53655487
-3126976.79710587
 190824.80110864
 163369.72080477
 137876.83880917
 114579.54163358
 93648.88540943
 75184.33160835
 59209.72530565
 45674.25757400
 34458.21496593
 25383.06513169
 18225.05232972
 12731.09998644
 8635.53637931
 5676.05221677
 3607.41321656
 2211.78947577
 1305.07649778
 739.17406965
 400.73911508
 207.32729562
 102.01782488
 47.56990304
 20.93836479
  8.66614005
  3.36058474
  1.21705938
  0.41041467
  0.12847696
  0.03720906
  0.00993156
  0.00243244
  0.00054404
  0.00011054
// EB = 7
 27.56310434
 685.41055525
 3752.47325419
 12463.24114195
 32320.92947172
 72354.63160962
 146998.05895299
-3772411.98674632
 239167.53374421
 202217.72185884
 168374.00467218
 137896.39321974
 110943.26261378
 87564.63293570
 67702.53914870
 51198.30088833
 37806.15325606
 27212.15814727
 19056.75181072
 12958.83828355
 8539.12870339
 5440.53324516
 3343.85338127
 1977.73783549
 1122.72407692
 610.01374774
 316.25584206
 155.92280024
 72.83798069
 32.11374703
 13.31108409
  5.16827905
  1.87363635
  0.63233317
  0.19807201
  0.05739410
  0.01532571
  0.00375497
  0.00084013
  0.00017075
// EB = 8
 18.82366375
 468.64910869
 2569.03573544
 8544.28054845
 22190.06407906
 49752.07857616
 101243.73959275
 192407.52569849
-4471551.34608491
 294482.69899669
 245701.96556463
 201663.28339697
 162615.31477931
 128653.04339495
 99716.78877859
 75601.04915719
 55972.56832024
 40396.25387707
 28366.74359829
 19342.72238449
 12780.71121409
 8165.11108537
 5031.83635596
 2983.84903790
 1698.13309862
 924.87534119
 480.59022119
 237.45460973
 111.14706276
 49.09351831
 20.38211717
  7.92464517
  2.87611554
  0.97151838
  0.30452876
  0.08829003
  0.02358649
  0.00578124
  0.00129394
  0.00026308
// EB = 9
 13.13107099
 327.33183445
 1796.76816370
 5984.36388137
 15565.49416565
 34955.92186329
 71257.09026754
 135668.55471841
 245583.92740043
-5228262.19542967
 357615.19150904
 294194.39343220
 237805.23142510
 188617.87149102
 146582.24356113
 111438.30049633
 82739.54779098
 59888.15264023
 42178.73322292
 28846.86572441
 19117.68593095
 12249.91011885
 7571.25530534
 4502.54522547
 2569.52070407
 1403.17950174
 730.96639337
 362.01890155
 169.82611412
 75.16281841
 31.26094303
 12.17285247
  4.42340606
  1.49563210
  0.46917086
  0.13610510
  0.03637806
  0.00892033
  0.00199728
  0.00040622
// EB = 10
  9.29931870
 232.11671370
 1275.90071731
 4255.90020202
 11087.39072500
 24941.75430130
 50935.80906883
 97166.01419724
 176249.60317650
 307606.36733880
-6046647.31521276
 429500.82698246
 348073.71410354
 276828.15278704
 215745.17343393
 164504.25081018
 122513.41419173
 88956.33734062
 62852.66235391
 43126.20452480
 28674.57940835
 18433.50788802
 11429.77758285
 6818.54442757
 3903.07188511
 2137.64252029
 1116.66791138
 554.48733207
 260.74657925
 115.65893642
 48.19839159
 18.79977258
  6.84089437
  2.31552262
  0.72697111
  0.21102988
  0.05643385
  0.01384451
  0.00310106
  0.00063094
// EB = 11
  6.65478890
 166.33296593
 915.62902834
 3058.93059126
 7982.34766960
 17988.78284431
 36806.50827490
 70355.51260656
 127894.60617921
 223727.63485680
 379725.60465182
-6931050.79762118
 511174.23740169
 407720.39066717
 318720.97062812
 243794.06511600
 182162.74449901
 132717.64664029
 94099.61300918
 64795.23230775
 43236.34637306
 27893.85424017
 17356.84636890
 10390.26292341
 5967.58568998
 3278.89281375
 1718.09757060
 855.59585728
 403.42270602
 179.38427486
 74.91749789
 29.27606586
 10.66927880
  3.61568843
  1.13621052
  0.33006216
  0.08831631
  0.02167652
  0.00485744
  0.00098869
// EB = 12
  4.79453811
 120.00506589
 661.59774379
 2213.83312185
 5787.05332723
 13065.74731761
 26786.74843845
 51311.74776029
 93488.34869919
 163937.11707539
 278963.73876653
 463382.47769641
-7886055.72650084
 603776.92135513
 473510.15431448
 363425.28439529
 272513.68345252
 199273.71177603
 141823.36820949
 98033.75668212
 65671.08912938
 42533.46761204
 26569.16422276
 15965.74903195
 9203.89353324
 5075.15822714
 2668.36580138
 1333.07638694
 630.43072454
 281.08662643
 117.67612952
 46.08059693
 16.82203465
  5.70839314
  1.79566409
  0.52203887
  0.13977158
  0.03432367
  0.00769503
  0.00156690
// EB = 13
  3.46712274
 86.90578832
 479.86234329
 1608.39012161
 4211.93650622
 9527.83173373
 19573.87255495
 37578.17285914
 68628.91976733
 120650.68248548
 205862.78153083
 342944.73153669
 560231.54979298
-8916467.91599401
 708565.14407443
 545805.67982778
 410826.54761700
 301602.51768246
 215528.65308206
 149606.33182580
 100645.72500548
 65465.28520192
 41068.69289111
 24782.72250038
 14345.40139870
 7941.60960174
 4191.23539678
 2101.33187301
 997.03681563
 445.88648073
 187.17171791
 73.46394480
 26.86954567
  9.13154571
  2.87574176
  0.83676586
  0.22418948
  0.05508500
  0.01235551
  0.00251699
// EB = 14
  2.51002459
 63.00855604
 348.46458990
 1169.97742724
 3069.50962943
 6957.34556825
 14323.66353278
 27562.00386659
 50460.81807555
 88946.16174609
 152197.51946536
 254314.57287436
 416791.88527136
 672169.32401875
-10027276.55674791
 826917.15758959
 624945.88781768
 460744.22257064
 330706.04774416
 230598.97939746
 155852.91807055
 101851.12030491
 64195.19877835
 38918.57271875
 22630.46006797
 12583.36122910
 6668.86826455
 3356.78184631
 1598.59270040
 717.31795423
 302.01674052
 118.84716707
 43.56139681
 14.82910995
  4.67600303
  1.36190464
  0.36515835
  0.08977636
  0.02014720
  0.00410618
// EB = 15
  1.81504275
 45.63129870
 252.77115322
 850.17287533
 2234.70138603
 5075.50623280
 10472.36266653
 20199.03698561
 37075.16640868
 65531.42489357
 112463.83636380
 188518.08544188
 310009.05610608
 501771.78674950
 801366.69093231
-11223577.46612719
 960338.81945206
 711232.05411453
 512920.61386348
 359414.91952464
 244141.46301342
 160367.72335528
 101599.45295371
 61911.43137304
 36182.05988899
 20217.02120528
 10764.73287679
 5442.42652718
 2602.51408474
 1172.19645368
 495.19820841
 195.43324456
 71.80517157
 24.49022790
  7.73351945
  2.25484120
  0.60507108
  0.14885783
  0.03342450
  0.00681556
// EB = 16
  1.30829929
 32.94172878
 182.77941196
 615.85813770
 1621.91832853
 3691.41175355
 7633.69077353
 14759.65506781
 27162.46146565
 48146.73878356
 82881.57853540
 139388.85604511
 230030.88874579
 373736.30645107
 599308.31053683
 950305.15721199
-12510436.72812248
 1110465.99188498
 804909.41302826
 567007.79114700
 387263.39944915
 255804.40092748
 162980.96330984
 99878.06865195
 58696.84766279
 32976.00527440
 17650.24413326
 8967.80646820
 4308.11823214
 1948.61947964
 826.31367208
 327.17887800
 120.53788442
 41.19984808
 13.03132151
  3.80410538
  1.02173291
  0.25154301
  0.05651493
  0.01152991
// EB = 17
  0.93825144
 23.66066104
 131.50141654
 443.88014525
 1171.27914654
 2671.40997478
 5537.01345125
 10732.30482179
 19803.92515082
 35205.53467878
 60794.95751703
 102591.99151251
 169927.68814535
 277177.54706366
 446358.77671972
 710994.46230486
 1121815.81430377
-13892660.39444284
 1279060.85005994
 906142.07205719
 622551.48263390
 413727.49033196
 265233.88512393
 163555.03559070
 96714.28129137
 54663.74454719
 29429.61742149
 15035.76830764
 7260.63295879
 3299.70457965
 1405.20714234
 558.45306861
 206.37910307
 70.71376037
 22.40812393
  6.55036120
  1.76112655
  0.43391463
  0.09755107
  0.01991289
// EB = 18
  0.66827104
 16.87833244
 93.96317391
 317.74451328
 840.08652448
 1920.11725702
 3989.01237211
 7751.24654006
 14342.08612840
 25571.50092231
 44300.33439951
 75017.96611187
 124725.31048860
 204277.60578605
 330414.40840237
 528807.62643790
 838602.13016565
 1319118.66612032
-15374417.56997371
 1467996.95514321
 1014977.52390001
 678969.90631512
 438221.54268351
 272079.28970589
 161989.58375498
 92175.52777635
 49949.55927698
 25678.66050269
 12472.43338592
 5698.71895849
 2438.54853692
 973.19396251
 360.91625898
 124.01275160
 39.38194275
 11.53023393
  3.10355777
  0.76532730
  0.17217634
  0.03516656
// EB = 19
  0.47192196
 11.93748786
 66.56758751
 225.51021880
 597.39622312
 1368.32828058
 2849.26602334
 5550.51102614
 10298.27935766
 18416.43427470
 32008.75564145
 54395.71956854
 90787.62821466
 149317.23726001
 242615.44679296
 390200.55644445
 622074.22664548
 984086.29077981
 1545857.23056915
-16958637.04692791
 1679223.81466387
 1131294.37327470
 735524.01337069
 460091.47983423
 275996.94413556
 158224.74668521
 86368.00726569
 44712.12546130
 21860.33716286
 10048.77936701
 4323.51534965
 1733.71928947
 645.55645859
 222.53629514
 70.84456003
 20.77943281
  5.60042158
  1.38236875
  0.31122461
  0.06360630
// EB = 20
  0.32987996
  8.35712367
 46.67891555
 158.41625114
 420.47410598
 965.12804510
 2014.31606474
 3933.85195606
 7318.79604792
 13127.43238816
 22890.86280238
 39039.85674346
 65412.80869800
 108042.06018567
 176365.46929260
 285082.71045448
 456979.99475382
 727193.03644111
 1149577.36789598
 1806118.07053759
-18646059.18262861
 1914694.18667274
 1254722.38314132
 791273.41197656
 478602.12388575
 276651.41300771
 152243.37390054
 79435.40217746
 39125.97541422
 18109.35907714
 7840.11894922
 3161.06693018
 1182.49119462
 409.15917356
 130.63202120
 38.39660867
 10.36409551
  2.56095943
  0.57704092
  0.11801036
// EB = 21
  0.22787901
  5.78164533
 32.34573611
 109.96609694
 292.43450627
 672.63449347
 1407.04852217
 2754.72258108
 5139.00060319
 9245.05113655
 16173.53836480
 27682.14270385
 46564.11113391
 77239.69255809
 126676.59422921
 205815.58051194
 331765.09719430
 531154.37924392
 845209.27392966
 1337350.14205705
 2104414.89328768
-20433774.76724735
 2176224.18262952
 1384516.77213924
 845009.61187668
 492916.47177853
 273715.83059015
 144075.32642101
 71560.54829867
 33380.68371866
 14554.24503171
 5904.95901257
 2220.74414203
 771.76619055
 247.23532460
 72.85033807
 19.69839825
  4.87345170
  1.09908579
  0.22493269
// EB = 22
  0.15531357
  3.94627126
 22.11247692
 75.30506485
 200.63448207
 462.42511545
 969.47909914
 1902.67717469
 3558.97191420
 6421.34180158
 11269.80273679
 19357.24186257
 32687.36409941
 54453.00281107
 89725.23351995
 146532.55936873
 237542.34769518
 382663.35568585
 613040.16922894
 977119.85522618
 1549747.96442865
 2445598.23923246
-22313029.61511206
 2465233.97737175
 1519358.73800844
 895156.97613939
 502068.49228398
 266877.89643140
 133810.33382945
 62972.66003478
 27679.60610538
 11311.24953191
 4280.32318099
 1495.11955286
 480.87533281
 142.11316462
 38.50656640
  9.54028090
  2.15374597
  0.44111004
// EB = 23
  0.10426835
  2.65302425
 14.88866667
 50.78849359
 135.56088966
 313.06179041
 657.75948336
 1293.96666950
 2426.67371092
 4390.88908114
 7730.48417923
 13324.03241581
 22585.40027200
 37783.00131599
 62546.84966802
 102671.54482562
 167382.78357774
 271324.03983240
 437650.24943126
 702799.84846897
 1123767.55256280
 1789024.08923413
 2834618.58962827
-24266049.32979359
 2782283.13598829
 1657044.76677986
 939637.58414446
 504942.64092248
 255867.14040842
 121627.22353973
 53958.01016351
 22233.47425322
 8474.12181498
 2977.77850676
 962.29102472
 285.39418710
 77.52270814
 19.23934169
  4.34835176
  0.89133102
// EB = 24
  0.06883151
  1.75373911
  9.85642911
 33.67640117
 90.04384567
 208.34291683
 438.65449369
 864.91238087
 1626.11394836
 2950.47007374
 5210.34260309
 9010.57522916
 15330.44600026
 25751.63772580
 42823.94064335
 70650.82698674
 115824.42101829
 188912.05555708
 306805.74988927
 496405.34802751
 800330.27664604
 1285654.65350063
 2057034.25496063
 3276016.14422886
-26261727.73242458
 3126274.86343482
 1794032.28699346
 975722.03268462
 500297.42490340
 240526.90372074
 107839.63507016
 44862.86254154
 17243.14486199
 6102.12931742
 1983.15297667
 590.68644852
 160.93959472
 40.02336423
  9.05806436
  1.85845707
// EB = 25
  0.04459855
  1.13779194
  6.40369393
 21.91309523
 58.68932869
 136.04345702
 287.00522027
 567.14081410
 1068.84480450
 1944.48468168
 3443.87208697
 5974.93623572
 10201.99231446
 17204.92901598
 28737.04521164
 47642.36698284
 78530.00150892
 128860.74708149
 210690.15367473
 343446.25816685
 558315.54471262
 905082.58836014
 1462623.67341203
 2354675.97822015
 3772935.32445684
-28250404.47747532
 3493192.87092595
 1924865.29779263
 999952.19981377
 486900.31320933
 220944.68267958
 92937.77933447
 36073.06376363
 12873.18972897
 4212.34502330
 1261.25365437
 344.94184044
 85.99993914
 19.49528507
  4.00412914
// EB = 26
  0.02830692
  0.72305628
  4.07496025
 13.96468684
 37.46088623
 86.98636984
 183.86054916
 364.07750412
 687.71799549
 1254.27484923
 2227.61420292
 3876.66155721
 6641.78449791
 11243.21235331
 18858.25893999
 31411.12056908
 52046.59084343
 85903.30876355
 141372.28465611
 232135.35413258
 380442.68299038
 622327.22972867
 1015781.67679553
 1653336.67781091
 2680936.11730854
 4325402.96957838
-30158914.89938524
 3874358.10147962
 2041672.60419533
 1008320.99559352
 463839.23931378
 197610.05210432
 77587.71513163
 27965.98166640
 9226.96940179
 2780.67167236
 764.10046518
 191.11689728
 43.41283215
  8.92784291
// EB = 27
  0.01756139
  0.44910305
  2.53424220
  8.69670480
 23.36434443
 54.34230437
 115.06754352
 228.30195273
 432.17612964
 790.08035183
 1406.86453673
 2455.40676982
 4220.25955595
 7169.48103063
 12073.05796906
 20198.42281688
 33633.53457404
 55820.74294438
 92437.81969186
 152847.52690020
 252469.92238944
 416632.56461819
 686743.76411096
 1130024.03235158
 1854500.84095964
 3031440.60698835
 4927702.39916625
-31888809.11689169
 4254643.69263666
 2134233.73334044
 996940.11728963
 430983.70713205
 171511.79009766
 62561.94533613
 20850.58785142
 6334.48918827
 1751.18207715
 439.83414911
 100.17489894
 20.63367299
// EB = 28
  0.01062424
  0.27199313
  1.53664334
  5.28004078
 14.20506350
 33.08945911
 70.18234320
 139.50080486
 264.60434832
 484.80077279
 865.36253523
 1514.37673709
 2610.59987294
 4449.62163022
 7520.57088931
 12633.88119476
 21134.53573257
 35258.45565545
 58728.28742594
 97748.20086774
 162659.54053588
 270679.94215140
 450391.91783187
 748995.07801061
 1243792.70684793
 2059903.03123884
 3396640.85443797
 5565215.82504055
-33322454.23909201
 4611952.99368191
 2191321.88186299
 963235.50775798
 389401.13489442
 144081.87285967
 48616.21671347
 14920.04541567
 4156.82629288
 1049.80276138
 239.95015999
 49.52806861
// EB = 29
  0.00625255
  0.16023138
  0.90621226
  3.11746891
  8.39771793
 19.58895949
 41.61111220
 82.84775844
 157.43239707
 289.02329780
 517.04653032
 907.04519129
 1567.88458198
 2680.44658319
 4545.64639882
 7665.05133105
 12876.65626341
 21584.14387009
 36144.67694514
 60525.19424061
 101411.78056848
 170078.18310528
 285511.71819230
 479585.67854307
 805479.26203515
 1351072.19044507
 2259609.03367644
 3760380.22435449
 6212348.86936725
-34341100.29399055
 4919901.79361585
 2203590.46311500
 907234.96468553
 341448.78493606
 116970.53975382
 36358.68238076
 10232.39840229
 2603.28055843
 597.94372271
 123.78347572
// EB = 30
  0.00357144
  0.09160366
  0.51856912
  1.78577439
  4.81585971
 11.24752448
 23.92424025
 47.70337396
 90.79566927
 166.98511497
 299.31526691
 526.22770550
 911.81802110
 1563.03595384
 2658.64807616
 4498.20888073
 7585.19745897
 12768.68007400
 21485.44739806
 36174.76975786
 60989.33094656
 103012.26862657
 174332.23334919
 295554.26292239
 501666.38551321
 851663.32272924
 1443935.74386714
 2440083.80264204
 4100369.82966471
 6834430.37184041
-34852428.85266606
 5154389.97891215
 2166928.80007270
 832152.65183904
 290397.57319867
 91730.28867262
 26156.74200353
 6721.12333753
 1554.38965981
 323.14928587
// EB = 31
  0.00197612
  0.05072278
  0.28737223
  0.99047516
  2.67364734
  6.25084927
 13.31113687
 26.57476736
 50.65047387
 93.29446757
 167.50846773
 295.04686732
 512.30163156
 880.21919205
 1501.08926324
 2547.10496866
 4309.18419205
 7280.81817886
 12302.69479873
 20813.03423694
 35281.96426228
 59965.85134043
 102215.37316940
 174733.62265168
 299441.10736690
 514001.66824982
 882627.10674735
 1513506.77357175
 2586051.58951254
 4392023.14976534
 7395458.78293883
-34814241.78595114
 5301169.26726748
 2084164.56011835
 743763.90356646
 239719.02494993
 69530.05441701
 18107.21455699
 4228.30627927
 884.55842923
// EB = 32
  0.00105752
  0.02716057
  0.15398005
  0.53109481
  1.43472691
  3.35715972
  7.15568202
 14.30038683
 27.28657215
 50.32216362
 90.47654738
 159.60714206
 277.60362370
 477.87672260
 816.69227299
 1389.13063795
 2356.52650570
 3993.90922289
 6772.45700067
 11503.49512531
 19590.97023141
 33475.30991576
 57414.44371408
 98855.95061339
 170836.19146566
 296138.06322007
 514399.04772765
 894038.99392460
 1551818.33434424
 2684061.61259430
 4614997.32443329
 7868838.58157000
-34236720.50692170
 5359371.17350103
 1963889.18734703
 648875.61388810
 192362.17822145
 51001.54201486
 12071.99978250
 2548.91779823
// EB = 33
  0.00054660
  0.01404532
  0.07966811
  0.27494054
  0.74319731
  1.74019959
  3.71190822
  7.42409535
 14.17845035
 26.17353411
 47.10936577
 83.20383634
 144.90907291
 249.82445310
 427.66807262
 728.81161771
 1239.02329979
 2105.09401287
 3579.65562096
 6100.02381333
 10427.62528745
 17895.62723972
 30850.03179001
 53436.20404796
 92999.34842544
 162567.02828510
 285214.99632730
 501658.09019094
 883259.06914463
 1553936.85670819
 2726245.16250291
 4758894.38169202
 8244207.81324841
-33155900.73777467
 5338950.99442638
 1817365.58828350
 553749.90782417
 150317.08826632
 36251.31946244
 7758.31247900
// EB = 34
  0.00027247
  0.00700405
  0.03974530
  0.13722655
  0.37112289
  0.86945053
  1.85564672
  3.71378166
  7.09744024
 13.11186027
 23.61952020
 41.75484186
 72.79515710
 125.64239860
 215.35859788
 367.53214535
 625.84675636
 1065.29220238
 1815.38075541
 3101.22210830
 5316.65472590
 9155.19048845
 15845.57055577
 27576.89278923
 48267.01060432
 84950.49617040
 150278.57051209
 267000.18771459
 475943.72632072
 850119.49739734
 1519324.62230880
 2712094.66078681
 4824449.45307457
 8526123.54696166
-31584836.39189911
 5254758.80428150
 1655502.52370696
 463151.84270741
 114549.21224251
 24993.08508553
// EB = 35
  0.00013074
  0.00336191
  0.01908425
  0.06591604
  0.17833906
  0.41798711
  0.89251909
  1.78714313
  3.41730657
  6.31693615
 11.38666852
 20.14385530
 35.14625435
 60.71403638
 104.16767023
 177.96431510
 303.41070806
 517.16284770
 882.68862252
 1510.63266791
 2595.25775611
 4480.09531234
 7776.93575975
 13582.59771372
 23875.36459994
 42241.88021272
 75211.89079382
 134711.19275489
 242573.53192038
 438844.27633041
 797019.91455292
 1451680.58413570
 2647226.20702905
 4819886.44687542
 8726731.33584699
-29449664.21677879
 5120968.95406321
 1487065.08983881
 380118.94021831
 85189.03769127
// EB = 36
  0.00006023
  0.00154924
  0.00879709
  0.03039453
  0.08226229
  0.19287579
  0.41200676
  0.82533583
  1.57889641
  2.92004644
  5.26635906
  9.32193042
 16.27470702
 28.13315670
 48.30427520
 82.59265914
 140.93985935
 240.47543621
 410.91058550
 704.14806382
 1211.53822987
 2095.09963734
 3644.40875902
 6380.94111245
 11250.55622477
 19980.42700550
 35744.18048375
 64408.24594538
 116883.50572062
 213598.31847805
 393059.36438655
 728214.33039926
 1357273.51020602
 2539956.38538860
 4754958.73692560
 8856665.22487112
-26504703.13196448
 4947251.52453903
 1318057.15039005
 306173.94349115
// EB = 37
  0.00002654
  0.00068271
  0.00387768
  0.01340150
  0.03628204
  0.08509624
  0.18183940
  0.36439752
  0.69738127
  1.29029826
  2.32813082
  4.12300063
  7.20189621
 12.45648457
 21.40056493
 36.61555409
 62.52699889
 106.76854768
 182.59697795
 313.20310664
 539.47000289
 934.04827024
 1627.09284390
 2853.67752255
 5041.77624942
 8976.68361978
 16110.64218976
 29151.30487473
 53193.42436716
 97926.50371456
 182001.61834052
 341741.07821909
 648469.98590387
 1242452.61009305
 2397171.95141844
 4634543.36537391
 8915031.39355448
-22206450.22432794
 4735565.10264482
 1151617.00413968
// EB = 38
  0.00001110
  0.00028572
  0.00162326
  0.00561157
  0.01519653
  0.03565268
  0.07620912
  0.15277068
  0.29247561
  0.54134480
  0.97716101
  1.73124373
  3.02544842
  5.23539510
  8.99921012
 15.40584040
 26.32358649
 44.97773635
 76.97440670
 132.13034846
 227.77062408
 394.72146640
 688.29109353
 1208.55343127
 2138.11902856
 3813.06198031
 6857.38265723
 12440.97641225
 22782.31130232
 42146.94345702
 78871.44230125
 149533.49197793
 287615.50275525
 561463.84592231
 1110949.70418344
 2219846.68774682
 4450610.89642756
 8873568.59874516
-15528234.90204461
 4474715.11826622
// EB = 39
  0.00000435
  0.00011199
  0.00063638
  0.00220048
  0.00596061
  0.01398810
  0.02990894
  0.05997484
  0.11485815
  0.21266580
  0.38401686
  0.68063195
  1.18993666
  2.06003266
  3.54267069
  6.06771804
 10.37316419
 17.73386575
 30.36730509
 52.15936694
 89.97353638
 156.03257111
 272.28778460
 478.50199165
 847.32993850
 1512.71074831
 2723.89490734
 4949.66309767
 9083.04933058
 16852.79697653
 31671.35373350
 60422.97504165
 117298.49619379
 232096.60479177
 468193.84567587
 960927.72967501
 1996903.85559043
 4168099.81450325
 8643087.97364176
-4746020.52699341
