t
0.00000014244131080761
dt
0.00000000142441410808
TC
0
N
  0.00000769
  0.00002700
  0.00005340
  0.00008936
  0.00013823
  0.00020461
  0.00029473
  0.00041716
  0.00058363
  0.00081023
  0.00111904
  0.00154034
  0.00211549
  0.00290078
  0.00397217
  0.00543085
  0.00740907
  0.01007443
  0.01362936
  0.01830356
  0.02441223
  0.03300782
  0.04622055
  0.05743075
  0.05233956
  0.04197983
  0.03616573
  0.03209116
  0.02865171
  0.02568271
  0.02306223
  0.02067700
  0.01843848
  0.01629932
  0.01426299
  0.01238483
  0.01076808
  0.00955879
  0.00892712
  0.00886968
eC
  1.00638940
  3.07804198
  5.27088624
  7.59201189
 10.04892339
 12.64956421
 15.40234252
 18.31615836
 21.40043243
 24.66513653
 28.12082582
 31.77867293
 35.65050410
 39.74883740
 44.08692319
 48.67878700
 53.53927484
 58.68410122
 64.12989994
 69.89427789
 75.99587195
 82.45440927
 89.29077101
 96.52705992
104.18667173
112.29437083
120.87637032
129.96041679
139.57587997
149.75384776
160.52722665
171.93084822
184.00158164
196.77845297
210.30277127
224.61826219
239.77120933
255.81060388
272.78830301
290.75919754
CMat
// EB = 0
-189182.83723698
 9377.87298917
 8341.77989702
 7474.34243496
 6653.66107652
 5865.15638506
 5111.39041508
 4398.75396028
 3734.09934951
 3123.50140679
 2571.65868011
 2081.56798847
 1654.36922507
 1289.32923221
 983.95148645
 734.19814865
 534.80435029
 379.65643867
 262.19929066
 175.83479910
 114.27547226
 71.82398049
 43.56051999
 25.43312243
 14.25902195
  7.65545519
  3.92408867
  1.91408170
  0.88528030
  0.38678451
  0.15904124
  0.06133269
  0.02211197
  0.00742976
  0.00231914
  0.00067007
  0.00017849
  0.00004364
  0.00000974
  0.00000198
// EB = 1
 1343.16016791
-580492.74895898
 29556.70223052
 26507.78420539
 23620.39306800
 20842.76993318
 18183.94283720
 15666.63724374
 13315.36160876
 11152.01278622
 9193.73678682
 7451.74708513
 5930.73753634
 4628.78250039
 3537.68120354
 2643.70329659
 1928.66886197
 1371.26648127
 948.48804939
 637.04636644
 414.64590049
 260.99972228
 158.52364577
 92.68551151
 52.03444300
 27.97284079
 14.35627644
  7.01085537
  3.24611661
  1.41965490
  0.58425464
  0.22547819
  0.08133948
  0.02734380
  0.00853849
  0.00246785
  0.00065756
  0.00016080
  0.00003591
  0.00000729
// EB = 2
 438.68615557
 10852.44818458
-1004574.94245253
 53045.76256203
 47316.88348708
 41798.58754962
 36508.77967364
 31493.02293718
 26800.75692356
 22476.50611778
 18555.56910965
 15061.59870086
 12005.35164226
 9384.39946548
 7183.72277804
 5377.11268426
 3929.25579287
 2798.31861971
 1938.79436780
 1304.34555462
 850.38002312
 536.13897839
 326.14915302
 190.98452690
 107.37848418
 57.80641427
 29.70741286
 14.52596060
  6.73365722
  2.94806392
  1.21441668
  0.46904880
  0.16931628
  0.05694868
  0.01779054
  0.00514375
  0.00137096
  0.00033535
  0.00007492
  0.00001521
// EB = 3
 201.79240698
 4996.68300736
 27232.48821358
-1465199.22464745
 80382.68144368
 71090.91343689
 62170.47960700
 53698.77385921
 45760.31881966
 38431.85784828
 31774.99275251
 25831.98438334
 20623.50032523
 16147.96651116
 12382.40548921
 9284.64920998
 6796.73501017
 4849.18862716
 3365.80350802
 2268.46821357
 1481.59208899
 935.74126455
 570.21636408
 334.46011533
 188.34754684
 101.55137730
 52.26479894
 25.59104966
 11.87823279
  5.20649818
  2.14696168
  0.82995290
  0.29980781
  0.10089614
  0.03153394
  0.00912079
  0.00243175
  0.00059500
  0.00013296
  0.00002699
// EB = 4
 109.49265665
 2713.86338178
 14806.25580125
 48995.36283537
-1965181.29368444
 112071.16580413
 98136.61267360
 84880.84640342
 72437.68906259
 60929.66466908
 50456.35410627
 41087.64737975
 32859.99326998
 25775.12305462
 19801.08681323
 14875.45444516
 10910.41132622
 7799.31135926
 5424.09398164
 3662.86939130
 2396.95931897
 1516.76422264
 926.00547301
 544.13404901
 306.95931519
 165.78060582
 85.45719211
 41.90631367
 19.47826291
  8.54864658
  3.52910043
  1.36554641
  0.49366532
  0.16623881
  0.05198168
  0.01504112
  0.00401159
  0.00098186
  0.00021947
  0.00004457
// EB = 5
 65.40744799
 1622.85450450
 8863.67885204
 29364.99106656
 75948.14651901
-2507368.25032832
 148662.54709786
 128770.23450886
 110062.79822898
 92727.79330881
 76919.56154173
 62748.84040306
 50276.78872595
 39512.66298500
 30414.93500329
 22895.67223594
 16827.82252098
 12054.79086471
 8401.44963412
 5685.55092064
 3728.46124374
 2364.24175969
 1446.34760884
 851.57881108
 481.31435255
 260.42071665
 134.47608855
 66.05218676
 30.74822157
 13.51358997
  5.58560766
  2.16353866
  0.78281416
  0.26378533
  0.08252789
  0.02389021
  0.00637407
  0.00156060
  0.00034894
  0.00007088
// EB = 6
 41.56547518
 1032.42448415
 5645.41418171
 18726.04590210
 48495.38827550
 108404.58639825
-3094717.67331548
 190768.57575807
 163321.58492425
 137836.21424909
 114545.78147840
 93621.29234301
 75162.17900880
 59192.27952532
 45660.79993574
 34448.06206544
 25375.58616812
 18219.68243046
 12727.34884636
 8632.99197179
 5674.37980299
 3606.35031450
 2211.13778565
 1304.69196504
 738.95627657
 400.62103977
 207.26620791
 101.98776595
 47.55588686
 20.93219543
  8.66358663
  3.35959456
  1.21670079
  0.41029374
  0.12843911
  0.03719809
  0.00992863
  0.00243172
  0.00054388
  0.00011051
// EB = 7
 27.55160878
 685.12469558
 3750.90823483
 12458.04317988
 32307.44959410
 72324.45513897
 146936.75143870
-3730313.02284580
 239067.78571286
 202133.38424268
 168303.78203270
 137838.88167735
 110896.99223642
 87528.11292977
 67674.30289568
 51176.94794949
 37790.38569221
 27200.80895132
 19048.80393649
 12953.43362604
 8535.56734510
 5438.26419772
 3342.45878232
 1976.91299337
 1122.25582977
 609.75933332
 316.12394332
 155.85777054
 72.80760263
 32.10035356
 13.30553252
  5.16612355
  1.87285493
  0.63206945
  0.19798940
  0.05737016
  0.01531932
  0.00375340
  0.00083978
  0.00017068
// EB = 8
 18.81267982
 468.37564385
 2567.53665877
 8539.29481336
 22177.11579388
 49723.04738006
 101184.66212418
 192295.25258809
-4417365.19031648
 294310.86326181
 245558.59422921
 201545.60939229
 162520.42593792
 128577.97212478
 99658.60231216
 75556.93464084
 55939.90736106
 40372.68196607
 28350.19111406
 19331.43557231
 12773.25344862
 8160.34660219
 5028.90019265
 2982.10791052
 1697.14220866
 924.33566048
 480.30978851
 237.31605086
 111.08220653
 49.06487140
 20.37022385
  7.92002100
  2.87443728
  0.97095148
  0.30435106
  0.08823852
  0.02357273
  0.00577787
  0.00129318
  0.00026292
// EB = 9
 13.12043354
 327.06666386
 1795.31260687
 5979.51596503
 15552.88460262
 34927.60416936
 71199.36509924
 135558.65000402
 245384.98055193
-5159207.77694071
 357325.48844875
 293956.06738197
 237612.58607632
 188465.07268411
 146463.49769811
 111348.02464269
 82672.52071615
 59839.63741631
 42144.56434983
 28823.49695966
 19102.19874737
 12239.98650113
 7565.12185272
 4498.89772626
 2567.43914258
 1402.04278997
 730.37423956
 361.72563106
 169.68853847
 75.10192923
 31.23561863
 12.16299128
  4.41982267
  1.49442049
  0.46879079
  0.13599484
  0.03634859
  0.00891311
  0.00199566
  0.00040589
// EB = 10
  9.28891384
 231.85700196
 1274.47313208
 4251.13834226
 11074.98521799
 24913.84736490
 50878.81779360
 97057.29667298
 176052.40026900
 307262.19141492
-5959287.34623670
 429020.26526584
 347684.25990217
 276518.41412309
 215503.77955437
 164320.18959261
 122376.33586048
 88856.80549460
 62782.33749906
 43077.95129320
 28642.49587267
 18412.88292612
 11416.98898458
 6810.91526551
 3898.70479940
 2135.25074571
 1115.41848922
 553.86692492
 260.45483401
 115.52952745
 48.14446317
 18.77873781
  6.83324020
  2.31293182
  0.72615772
  0.21079376
  0.05637070
  0.01382902
  0.00309759
  0.00063024
// EB = 11
  6.64453955
 166.07678901
 914.21882670
 3054.21939404
 7970.05369528
 17961.07750703
 36749.82090841
 70247.15490260
 127697.62991735
 223383.06181727
 379140.77209028
-6821148.58671692
 510386.95486138
 407092.44207075
 318230.09405992
 243418.58686054
 181882.18742522
 132513.24219589
 93954.68594331
 64695.43824271
 43169.75612239
 27850.89365487
 17330.11430554
 10374.26041000
 5958.39474161
 3273.84284277
 1715.45145090
 854.27811544
 402.80137648
 179.10799703
 74.80211407
 29.23097647
 10.65284656
  3.61011974
  1.13446059
  0.32955381
  0.08818029
  0.02164314
  0.00484996
  0.00098716
// EB = 12
  4.78439644
 119.75122453
 660.19829562
 2209.15029949
 5774.81223172
 13038.10992570
 26730.08762553
 51203.21031136
 93290.59696950
 163590.34821154
 278373.65922584
 462402.30543168
-7748414.35498120
 602499.77899243
 472508.55942761
 362656.54711839
 271937.24742583
 198852.19699121
 141523.37557123
 97826.39025389
 65532.17800680
 42443.49846715
 26512.96365601
 15931.97739591
 9184.42494821
 5064.42297156
 2662.72152634
 1330.25658998
 629.09720257
 280.49205644
 117.42721446
 45.98312470
 16.78645176
  5.69631843
  1.79186581
  0.52093462
  0.13947593
  0.03425106
  0.00767875
  0.00156358
// EB = 13
  3.45706635
 86.65371824
 478.47050345
 1603.72498901
 4199.71979211
 9500.19627526
 19517.09857351
 37469.17743769
 68429.86171144
 120300.73540225
 205265.67691063
 341950.02097195
 558606.59921047
-8744761.46591855
 706509.95217379
 544222.57145464
 409634.94596924
 300727.72013317
 214903.51261915
 149172.39893477
 100353.80226472
 65275.40326227
 40949.57322271
 24710.84025923
 14303.79258825
 7918.57497766
 4179.07872620
 2095.23696377
 994.14491218
 444.59318781
 186.62882668
 73.25086277
 26.79161060
  9.10505968
  2.86740067
  0.83433882
  0.22353922
  0.05492523
  0.01231968
  0.00250969
// EB = 14
  2.50005523
 62.75829735
 347.08055097
 1165.33048650
 3057.31808706
 6929.71223803
 14266.77250723
 27452.53252481
 50260.39674593
 88592.88352585
 151593.01818338
 253304.48094996
 415136.46256903
 669499.58787917
-9813895.02710443
 823632.79077729
 622463.71470687
 458914.22905837
 329392.54256668
 229683.08156183
 155233.89820016
 101446.58590113
 63940.22694902
 38763.99511996
 22540.57593471
 12533.38237254
 6642.38071450
 3343.44931016
 1592.24337657
 714.46889582
 300.81718413
 118.37512741
 43.38837875
 14.77021138
  4.65743078
  1.35649540
  0.36370800
  0.08941979
  0.02006718
  0.00408987
// EB = 15
  1.80518631
 45.38350170
 251.39850035
 845.55608175
 2222.56602474
 5047.94411545
 10415.49336612
 20089.34778375
 36873.83277999
 65175.56190373
 111853.11079020
 187494.35355091
 308325.57753435
 499046.95650905
 797014.93531192
-10959527.41019001
 955123.77881920
 707369.76719406
 510135.24083830
 357463.14649265
 242815.67296517
 159496.85968034
 101047.72551679
 61575.22645899
 35985.57620148
 20107.23434160
 10706.27588409
 5412.87187948
 2588.38134698
 1165.83093766
 492.50907545
 194.37196046
 71.41523952
 24.35723574
  7.69152322
  2.24259647
  0.60178529
  0.14804947
  0.03324299
  0.00677855
// EB = 16
  1.29860674
 32.69767946
 181.42528775
 611.29554280
 1609.90232056
 3664.06387033
 7577.13645291
 14650.30792635
 26961.22793393
 47790.04289654
 82267.54903059
 138356.19146794
 228326.70121456
 370967.47502632
 594868.32529943
 943264.80620257
-12185372.74448171
 1102239.08676133
 798946.22872319
 562807.10482591
 384394.35233883
 253909.26991760
 161773.51622734
 99138.12037732
 58261.99112481
 32731.70201007
 17519.48201631
 8901.36833005
 4276.20146908
 1934.18310095
 820.19191398
 324.75496803
 119.64487757
 40.89461834
 12.93477876
  3.77592260
  1.01416339
  0.24967945
  0.05609624
  0.01144449
// EB = 17
  0.92879976
 23.42231012
 130.17670782
 439.40862005
 1159.48000599
 2644.49893324
 5481.23511683
 10624.19056620
 19604.42591360
 34850.88390826
 60182.52601375
 101558.50830679
 168215.88384857
 274385.33749962
 441862.28247423
 703832.10172170
 1110514.95361366
-13495173.25570442
 1266175.94658792
 897013.84869717
 616280.07204407
 409559.71459525
 262561.99269037
 161907.42762440
 95740.00850463
 54113.07717912
 29133.15163593
 14884.30215709
 7187.49136055
 3266.46427291
 1391.05147618
 552.82736763
 204.30009735
 70.00140961
 22.18239071
  6.48437468
  1.74338545
  0.42954350
  0.09656837
  0.01971229
// EB = 18
  0.65916355
 16.64830696
 92.68260166
 313.41414865
 828.63744882
 1893.94903851
 3934.64832375
 7645.60907835
 14146.62575098
 25223.00104741
 43696.58958831
 73995.58764904
 123025.49805936
 201493.61902369
 325911.37276347
 521600.79911010
 827173.28450104
 1301141.12575155
-14892776.47394842
 1447990.43472913
 1001144.95532377
 669716.60013921
 432249.26310291
 268371.27120852
 159781.91710901
 90919.31837368
 49268.82429736
 25328.70020900
 12302.45347399
 5621.05426253
 2405.31490458
 959.93083903
 355.99753045
 122.32265024
 38.84522798
 11.37309474
  3.06126109
  0.75489707
  0.16982984
  0.03468729
// EB = 19
  0.46328468
 11.71900377
 65.34924417
 221.38285166
 586.46246786
 1343.28465634
 2797.11775697
 5448.92362605
 10109.79663591
 18079.37023356
 31422.92016606
 53400.15002533
 89126.00119204
 146584.38079867
 238175.01376893
 383058.96896625
 610688.80590698
 966075.19823875
 1517564.40920184
-16382283.52100967
 1648490.07128543
 1110589.02676277
 722062.19483393
 451670.72415631
 270945.55123592
 155328.86186136
 84787.26969621
 43893.78845474
 21460.24160284
 9864.86308162
 4244.38485491
 1701.98815079
 633.74125780
 218.46335779
 69.54793803
 20.39912034
  5.49792070
  1.35706815
  0.30552846
  0.06244215
// EB = 20
  0.32182739
  8.15312110
 45.53945428
 154.54921224
 410.21007238
 941.56867119
 1965.14536082
 3837.82419101
 7140.13969908
 12806.98362518
 22332.08265012
 38086.86963749
 63816.04148484
 105404.68651558
 172060.27884893
 278123.66475450
 445824.82977593
 709441.80359634
 1121515.47166212
 1762029.60872811
-17968491.37107633
 1867955.31455635
 1224093.83190040
 771957.93743817
 466919.14933105
 269898.18050542
 148527.01875995
 77496.33476412
 38170.88609811
 17667.29839512
 7648.73678517
 3083.90332670
 1153.62585147
 399.17134447
 127.44321258
 37.45932365
 10.11110151
  2.49844482
  0.56295499
  0.11512966
// EB = 21
  0.22035772
  5.59081848
 31.27814469
 106.33659657
 282.78252098
 650.43376786
 1360.60799844
 2663.80122523
 4969.38464774
 8939.91239407
 15639.72053240
 26768.47612818
 45027.23328367
 74690.34779963
 122495.55335731
 199022.50749454
 320814.98095791
 513623.29402316
 817312.60887395
 1293210.05731601
 2034957.35273876
-19659755.30062827
 2104396.53120458
 1338819.92303013
 817119.53679293
 476647.45280561
 264681.66700257
 139320.02942187
 69198.64727763
 32278.93320343
 14073.87299687
 5710.06211683
 2147.44708127
 746.29356077
 239.07516681
 70.44586672
 19.04824020
  4.71260036
  1.06280977
  0.21750864
// EB = 22
  0.14813536
  3.76388432
 21.09049269
 71.82465020
 191.36165038
 441.05296536
 924.67216256
 1814.74012111
 3394.48499646
 6124.56319637
 10748.94020671
 18462.59781181
 31176.63462492
 51936.31911425
 85578.35417930
 139760.18531808
 226563.72534400
 364977.59771270
 584706.96224765
 931959.78172159
 1478122.42984057
 2332568.71101672
-21473900.20955272
 2351296.93369315
 1449137.71863060
 853785.02506871
 478864.12293807
 254543.45725781
 127625.94971414
 60062.21876113
 26400.32287353
 10788.47143304
 4082.49718406
 1426.01880893
 458.65045911
 135.54504411
 36.72688773
  9.09935261
  2.05420513
  0.42072302
// EB = 23
  0.09828058
  2.50067031
 14.03366240
 47.87188728
 127.77609989
 295.08374210
 619.98664704
 1219.65867022
 2287.31829119
 4138.73561355
 7286.54939611
 12558.87963837
 21288.39939355
 35613.25513894
 58955.00192626
 96775.47558501
 157770.57326828
 255742.84517704
 412517.51983028
 662440.50084347
 1059233.49581400
 1686286.66650262
 2671836.31627728
-23405475.07966511
 2622506.30546884
 1561886.45688669
 885677.47020436
 475945.54364033
 241173.58165456
 114642.59568835
 50859.38956177
 20956.68326036
 7987.48251234
 2806.77505796
 907.03000258
 269.00499289
 73.07084900
 18.13449330
  4.09864107
  0.84014498
// EB = 24
  0.06522932
  1.66196001
  9.34060879
 31.91400104
 85.33154626
 197.43962636
 415.69821837
 819.64858665
 1541.01389803
 2796.06198197
 4937.66772800
 8539.02130991
 14528.15183908
 24403.96730657
 40582.81879105
 66953.42992649
 109762.93678600
 179025.64787223
 290749.56589129
 470426.77491280
 758446.28266737
 1218371.99115837
 1949382.68552389
 3104571.12401306
-25382986.97693322
 2962666.31159482
 1700144.50128970
 924659.19408619
 474115.16622388
 227939.31621953
 102196.02172984
 42515.03700077
 16340.75269135
 5782.78422322
 1879.36786475
 559.77382610
 152.51708065
 37.92880603
  8.58402517
  1.76119771
// EB = 25
  0.04272673
  1.09003818
  6.13492730
 20.99339032
 56.22610461
 130.33363674
 274.95945003
 543.33759570
 1023.98478793
 1862.87356781
 3299.33084183
 5724.16480714
 9773.80896886
 16482.82848505
 27530.93528899
 45642.79009059
 75234.05325299
 123452.38917443
 201847.36962781
 329031.62587521
 534882.72782099
 867095.76394571
 1401236.53661278
 2255848.90532332
 3614583.11048176
-27368654.83521237
 3346581.60479386
 1844077.62048116
 957983.64453976
 466464.83368174
 211671.51029268
 89037.12855359
 34559.05702336
 12332.89472808
 4035.55053755
 1208.31813033
 330.46443772
 82.39047340
 18.67705701
  3.83607359
// EB = 26
  0.02728358
  0.69691665
  3.92764400
 13.45984136
 36.10661602
 83.84167516
 177.21369988
 350.91552724
 662.85590363
 1208.93083217
 2147.08243073
 3736.51411831
 6401.67349688
 10836.75246684
 18176.50309061
 30275.55894318
 50165.02437111
 82797.76845800
 136261.45325268
 223743.29439731
 366689.07904912
 599829.11733952
 979059.56464024
 1593565.94528052
 2584016.04183373
 4169032.81977735
-29306602.61921974
 3734293.93613545
 1967862.91450674
 971868.59884866
 447070.71812738
 190466.13657389
 74782.79667127
 26954.96725381
 8893.39988290
 2680.14599903
 736.47702638
 184.20771956
 41.84338969
  8.60508728
// EB = 27
  0.01699821
  0.43470075
  2.45297150
  8.41780986
 22.61507243
 52.59959907
 111.37743836
 220.98052925
 418.31665790
 764.74323680
 1361.74774763
 2376.66424239
 4084.91990146
 6939.56268729
 11685.88664167
 19550.67887386
 32554.93955202
 54030.62554437
 89473.42794927
 147945.85409866
 244373.45542736
 403271.56001679
 664720.55380171
 1093785.25128132
 1795028.78722792
 2934225.22984674
 4769675.73485614
-31079462.87421606
 4118201.37203524
 2065790.91548785
 964969.20904670
 417162.47522859
 166011.57237274
 60555.64407575
 20181.92960460
 6131.34822815
 1695.02335655
 425.72909206
 96.96238653
 19.97197100
// EB = 28
  0.01032022
  0.26420970
  1.49267034
  5.12894574
 13.79856766
 32.14256241
 68.17398675
 135.50881302
 257.03236049
 470.92758598
 840.59909263
 1471.04093288
 2535.89425829
 4322.29008382
 7305.36024879
 12272.34671764
 20529.74428269
 34249.49038713
 57047.70326026
 94951.01256544
 158004.83221383
 262934.09352061
 437503.38389644
 727561.63727110
 1208200.00663250
 2000956.30268827
 3299441.68370326
 5405960.14087046
-32565235.81027143
 4479976.13016758
 2128614.43681427
 935671.30636355
 378257.92929309
 139958.78797668
 47225.00223089
 14493.08946010
 4037.87345510
 1019.76132862
 233.08368291
 48.11076034
// EB = 29
  0.00609233
  0.15612555
  0.88299116
  3.03758581
  8.18253191
 19.08700522
 40.54485469
 80.72483886
 153.39829495
 281.61726499
 503.79755144
 883.80275201
 1527.70856590
 2611.76189409
 4429.16718539
 7468.63940817
 12546.70037561
 21031.06431222
 35218.49325842
 58974.27575749
 98813.17007472
 165720.04099497
 278195.66730722
 467296.60946320
 784839.38320553
 1316451.84996553
 2201708.03130977
 3664022.94261903
 6053161.49614162
-33646988.79040997
 4793832.53068124
 2147124.89994967
 883987.66258393
 332699.38333161
 113973.24624057
 35427.01494484
 9970.19989127
 2536.57319821
 582.62180622
 120.61160518
// EB = 30
  0.00348943
  0.08950014
  0.50666103
  1.74476703
  4.70527143
 10.98924361
 23.37485950
 46.60794458
 88.71069634
 163.15057696
 292.44198500
 514.14375334
 890.87962269
 1527.14340865
 2597.59660388
 4394.91492571
 7411.01589783
 12475.46837569
 20992.06950120
 35344.07577734
 59588.81145653
 100646.76161599
 170328.98086620
 288767.34627381
 490146.44359052
 832106.27785071
 1410778.13875386
 2384051.29876162
 4006211.59290946
 6677488.93978142
-34234137.77263216
 5036027.90619077
 2117168.85073522
 813043.63736881
 283729.07143266
 89623.85374181
 25556.09552318
 6566.78381481
 1518.69566252
 315.72869499
// EB = 31
  0.00193560
  0.04968275
  0.28147987
  0.97016616
  2.61882607
  6.12267997
 13.03820131
 26.02987033
 49.61192130
 91.38152971
 164.07382366
 288.99713750
 501.79724462
 862.17091265
 1470.31047692
 2494.87836131
 4220.82738164
 7131.53009026
 12050.43663955
 20386.27751498
 34558.53224169
 58736.29346550
 100119.51837520
 171150.83183082
 293301.27672309
 503462.42324956
 864529.45474253
 1482473.37488543
 2533026.40891732
 4301967.78442029
 7243820.06886981
-34285605.96531103
 5192472.49613474
 2041430.22231991
 728513.54449909
 234803.75386964
 68104.38924188
 17735.93877662
 4141.60781394
 866.42117681
// EB = 32
  0.00103835
  0.02666823
  0.15118887
  0.52146768
  1.40871970
  3.29630469
  7.02597140
 14.04116458
 26.79195009
 49.40997678
 88.83648443
 156.71395296
 272.57151945
 469.21427989
 801.88814112
 1363.94995014
 2313.80989099
 3921.51186981
 6649.69307859
 11294.97195874
 19235.84588838
 32868.50497956
 56373.69553451
 97063.99472241
 167739.45406352
 290769.98629970
 505074.56702449
 877832.80267376
 1523688.61641937
 2635407.78863547
 4531341.54457346
 7726200.61628945
-33812582.39177031
 5262222.17349970
 1928289.88577084
 637113.48453118
 188875.24054774
 50077.04011998
 11853.17136608
 2502.71371810
// EB = 33
  0.00053801
  0.01382455
  0.07841590
  0.27061909
  0.73151592
  1.71284757
  3.65356539
  7.30740529
 13.95559705
 25.76214510
 46.36891265
 81.89605943
 142.63142867
 245.89777538
 420.94609376
 717.35634059
 1219.54864418
 2072.00667631
 3523.39149708
 6004.14517811
 10263.72650416
 17614.34828598
 30365.13877404
 52596.30727512
 91537.60813137
 160011.84075149
 280732.05897706
 493773.15490169
 869376.22594918
 1529512.46926522
 2683394.72889229
 4684095.28050794
 8114627.43491976
-32853118.44060372
 5255034.70975630
 1788800.69450283
 545046.20648855
 147954.44219916
 35681.53036963
 7636.36928094
// EB = 34
  0.00026889
  0.00691204
  0.03922316
  0.13542378
  0.36624738
  0.85802839
  1.83126873
  3.66499301
  7.00419981
 12.93960727
 23.30922607
 41.20630055
 71.83883326
 123.99181049
 212.52939097
 362.70380557
 617.62488835
 1051.29725587
 1791.53175275
 3060.48076294
 5246.80882039
 9034.91700770
 15637.40427811
 27214.60989754
 47632.91769514
 83834.48532616
 148304.33231563
 263492.55540713
 469691.16296013
 838951.31568257
 1499364.96543985
 2676465.35679832
 4761069.74195091
 8414114.23840383
-31424374.94418869
 5185726.03727270
 1633753.87181670
 457067.32875764
 113044.35742913
 24664.74616764
// EB = 35
  0.00012942
  0.00332789
  0.01889111
  0.06524894
  0.17653421
  0.41375695
  0.88348651
  1.76905666
  3.38272231
  6.25300669
 11.27143172
 19.93999293
 34.79056281
 60.09959056
 103.11345949
 176.16325828
 300.34009288
 511.92899126
 873.75552620
 1495.34457336
 2568.99290245
 4434.75528880
 7698.23063723
 13445.13740156
 23633.73813495
 41814.37862849
 74450.72196551
 133347.87161422
 240118.60878094
 434403.02934008
 788953.81346043
 1436989.10387049
 2620435.41571922
 4771107.62639062
 8638413.97278416
-29458253.06328240
 5069143.08055526
 1472015.50685258
 376272.01275391
 84326.89688721
// EB = 36
  0.00005987
  0.00153991
  0.00874409
  0.03021141
  0.08176667
  0.19171375
  0.40952449
  0.82036333
  1.56938386
  2.90245372
  5.23463025
  9.26576756
 16.17665500
 27.96365977
 48.01325111
 82.09505404
 140.09072343
 239.02661733
 408.43492718
 699.90570532
 1204.23894189
 2082.47705951
 3622.45188765
 6342.49715282
 11182.77375794
 19860.04872342
 35528.82857762
 64020.19848291
 116179.30477346
 212311.42913249
 390691.25628623
 723826.97721336
 1349096.19480511
 2524653.63003996
 4726311.01263291
 8803305.49715268
-26710724.39728346
 4917445.27268222
 1310116.10611702
 304329.30356807
// EB = 37
  0.00002656
  0.00068326
  0.00388082
  0.01341236
  0.03631145
  0.08516520
  0.18198676
  0.36469283
  0.69794642
  1.29134390
  2.33001750
  4.12634184
  7.20773252
 12.46657912
 21.41790763
 36.64522678
 62.57766983
 106.85507130
 182.74495180
 313.45692173
 539.90718128
 934.80520893
 1628.41141550
 2855.99009995
 5045.86202915
 8983.95818933
 16123.69801218
 29174.92865429
 53236.53151919
 98005.86188210
 182149.10971796
 342018.02005519
 648995.49623901
 1243459.47502392
 2399114.58355713
 4638299.12969628
 8922256.00107264
-22613844.73536031
 4739402.73346551
 1152550.25726004
// EB = 38
  0.00001127
  0.00028995
  0.00164726
  0.00569454
  0.01542123
  0.03617985
  0.07733598
  0.15502962
  0.29680028
  0.54934936
  0.99160973
  1.75684263
  3.07018398
  5.31280787
  9.13227626
 15.63363770
 26.71281823
 45.64279627
 78.11258298
 134.08408393
 231.13853728
 400.55798568
 698.46845803
 1226.42361570
 2169.73416480
 3869.44353456
 6958.77883024
 12624.93397445
 23119.18023524
 42770.14606715
 80037.66895198
 151744.55771267
 291868.30775906
 569765.88885992
 1127376.67844481
 2252670.28387046
 4516419.51977717
 9004776.95356910
-16021765.73142789
 4540880.15687949
// EB = 39
  0.00000456
  0.00011736
  0.00066693
  0.00230613
  0.00624681
  0.01465974
  0.03134502
  0.06285455
  0.12037309
  0.22287700
  0.40245552
  0.71331266
  1.24707175
  2.15894562
  3.71277286
  6.35906096
 10.87123413
 18.58536152
 31.82539845
 54.66381131
 94.29363706
 163.52451201
 285.36174715
 501.47737825
 888.01468643
 1585.34391362
 2854.68336725
 5187.32234506
 9519.17409813
 17661.98801981
 33192.06129351
 63324.19851690
 122930.61130453
 243240.77830990
 490674.28420281
 1007066.90248837
 2092785.66775950
 4368232.11551379
 9058087.89230557
-4800030.59742719
