t: 9.49434e-08
dt: 2.39207e-09
N: 0.0689818 0.0791451 0.0906757 0.103732 0.11847 0.13501 0.153504 0.174092 0.19686 0.221797 0.248976 0.278353 0.309575 0.342459 0.376688 0.411621 0.446293 0.480217 0.512526 0.541318 0.565905 0.585238 0.597504 0.600454 0.593327 0.574232 0.538979 0.486947 0.417497 0.332034 0.237988 0.152959 0.0798471 0.0353429 0.0134505 0.00431907 0.00115124 0.00024852 4.2098e-05 5.38978e-06 
eC: 1 1.15749 1.33977 1.55077 1.795 2.07768 2.40489 2.78363 3.22201 3.72944 4.31677 4.99661 5.78351 6.69433 7.7486 8.9689 10.3814 12.0163 13.9087 16.0991 18.6345 21.5692 24.9661 28.8979 33.4489 38.7167 44.814 51.8717 60.0407 69.4963 80.4411 93.1095 107.773 124.746 144.391 167.131 193.452 223.918 259.182 300 
dV: 1.08333 0.211322 0.327712 0.508206 0.788112 1.22218 1.89532 2.93921 4.55805 7.06849 10.9616 16.999 26.3615 40.8807 63.3966 98.3136 152.462 236.434 366.655 568.597 881.764 1367.42 2120.55 3288.49 5099.69 7908.45 12264.2 19019 29494.1 45738.6 70930.1 109996 170579 264529 410225 636165 986546 1.52991e+06 2.37254e+06 3.67926e+06 
kVec: 980093 1.13634e+06 1.30995e+06 1.50998e+06 1.74021e+06 2.00429e+06 2.30697e+06 2.65355e+06 3.04955e+06 3.49958e+06 4.01134e+06 4.5921e+06 5.24479e+06 5.97766e+06 6.79815e+06 7.71038e+06 8.70843e+06 9.80213e+06 1.09938e+07 1.22467e+07 1.35648e+07 1.49392e+07 1.63414e+07 1.76941e+07 1.90359e+07 2.04023e+07 2.16446e+07 2.29883e+07 2.46999e+07 2.71966e+07 3.09428e+07 3.72077e+07 4.79055e+07 6.43705e+07 8.97341e+07 1.28188e+08 1.82123e+08 2.48648e+08 3.28887e+08 4.18048e+08 
cMat: 
-120475 893.901 1050.38 1223.51 1426.31 1665.07 1946.37 2278.06 2670.71 3138.86 3696.4 4362.14 5167.68 6142.64 7325.45 8774.83 10576.6 12811.3 15599.1 19175 23751.4 29639.2 37362.1 47700.6 61491.7 80064.8 106029 142041 192361 264142 367835 517238 734272 1.05581e+06 1.52441e+06 2.20362e+06 3.16768e+06 4.5272e+06 6.4773e+06 9.30062e+06 
4496.71 -143658 1197.41 1394.78 1625.98 1898.19 2218.89 2597.05 3044.73 3578.51 4214.21 4973.32 5891.88 7003.68 8352.57 10005.6 12060.6 14609.7 17789.9 21869.5 27091.1 33809.9 42624 54425 70169.6 91377.1 121030 162165 219657 301683 420198 590988 839133 1.20681e+06 1.74272e+06 2.51958e+06 3.6223e+06 5.17731e+06 7.40786e+06 1.06372e+07 
3333.85 755.502 -164699 1586.05 1848.96 2158.53 2523.25 2953.32 3462.47 4069.57 4792.62 5656.07 6700.94 7965.7 9500.27 11380.9 13719.2 16619.9 20239.1 24882.6 30826.6 38476 48512.6 61952.9 79888.2 104051 137845 184735 250285 343831 479021 673882 957060 1.37671e+06 1.98847e+06 2.8754e+06 4.13444e+06 5.90984e+06 8.45654e+06 1.21436e+07 
2442.1 553.421 997.408 -189275 2097.16 2448.31 2862.04 3349.91 3927.51 4616.25 5436.57 6416.22 7601.79 9036.95 10778.4 12912.8 15566.8 18859.4 22968.2 28240.5 34990.6 43678.7 55080.3 70351.7 90735 118202 156628 209959 284532 390985 544867 766724 1.08921e+06 1.56719e+06 2.26412e+06 3.27468e+06 4.70932e+06 6.73227e+06 9.6341e+06 1.38354e+07 
1783.51 404.177 728.439 1313.83 -217885 2744.39 3237.04 3788.9 4442.29 5221.44 6149.49 7257.85 8599.27 10223.2 12193.9 14609.4 17613.5 21340.8 25992.5 31962.6 39607.2 49448.5 62366.2 79672.6 102778 133921 177502 238005 322635 443480 618216 870210 1.2366e+06 1.77976e+06 2.57189e+06 3.72069e+06 5.35169e+06 7.65148e+06 1.09504e+07 1.57267e+07 
1298.79 294.333 530.476 956.793 1711.94 -251067 3647.63 4269.59 5006 5884.22 6930.31 8179.73 9692 11522.9 13745 16469 19857.2 24061.6 29309.6 36046.3 44674.5 55784.3 70370.6 89918.4 116023 151221 200494 268925 364678 501457 699301 984715 1.39983e+06 2.01537e+06 2.91328e+06 4.21576e+06 6.06513e+06 8.6727e+06 1.24132e+07 1.78288e+07 
942.411 213.572 384.926 694.282 1253.43 2264.23 -289488 4792.41 5619.16 6605.18 7779.76 9182.75 10881.1 12937.5 15433.4 18493.6 22300.5 27025.3 32923.9 40497.6 50200 62696.1 79107.4 101108 130500 170143 225662 302801 410782 565098 788398 1.11066e+06 1.57955e+06 2.27501e+06 3.28979e+06 4.76216e+06 6.85298e+06 9.80087e+06 1.40296e+07 2.01522e+07 
680.853 154.299 278.101 501.612 905.606 1635.95 2958.2 -333898 6215.25 7383.3 8696.66 10265.5 12164.9 14465 17257 20680.8 24940.7 30228.8 36831.8 45312.4 56179.3 70179.3 88571.9 113238 146203 190685 253011 339647 460982 634466 885619 1.24824e+06 1.77607e+06 2.55921e+06 3.70229e+06 5.36126e+06 7.71736e+06 1.10391e+07 1.58042e+07 2.27034e+07 
489.596 110.957 199.986 360.724 651.262 1176.51 2127.5 3812.25 -385358 8212.46 9673.84 11419.7 13533.6 16093.8 19202.1 23014.2 27758.4 33648.9 41005.8 50457.5 62572.6 78185.7 98705.5 126237 163047 212742 282410 379305 515085 709333 990694 1.39714e+06 1.98905e+06 2.86758e+06 4.15039e+06 6.01274e+06 8.65805e+06 1.23873e+07 1.77371e+07 2.54829e+07 
350.46 79.4259 143.158 258.227 466.223 842.265 1523.13 2758.21 5001.81 -444726 10696.2 12627.4 14966.2 17799.2 21239.3 25459.2 30712.2 37236.1 45386.5 55861.2 69292.8 86609.4 109378 139944 180833 236066 313552 421391 572607 789088 1.10286e+06 1.5564e+06 2.21729e+06 3.19863e+06 4.63221e+06 6.71426e+06 9.67216e+06 1.38418e+07 1.98234e+07 2.84842e+07 
249.351 56.5122 101.861 183.74 331.748 599.347 1083.89 1962.89 3559.74 6462.4 -513468 13879.8 16452.2 19568.7 23353.8 27998 33780.9 40965 49942.8 61485.9 76293.6 95393 120519 154271 199448 260515 346250 465659 633230 873314 1.22155e+06 1.72526e+06 2.45977e+06 3.55097e+06 5.14587e+06 7.46322e+06 1.07561e+07 1.53974e+07 2.2056e+07 3.1697e+07 
176.191 39.9324 71.9782 129.84 234.439 423.562 766.024 1387.32 2516.09 4568.07 8310.68 -593230 17835 21376.4 25514.9 30594 36920.5 44782.4 54610.7 67253.5 83479.5 104419 131982 169033 218661 285792 380126 511621 696315 961168 1.34565e+06 1.90224e+06 2.71449e+06 3.92187e+06 5.68761e+06 8.25446e+06 1.19027e+07 1.70444e+07 2.44211e+07 3.5102e+07 
123.769 28.052 50.5654 91.2174 164.708 297.593 538.236 974.842 1768.14 3210.41 5841.26 10575.6 -685661 23160 27648.6 33159.3 40026 48562.5 59238.7 72980 90626.1 113412 143428 183809 237944 311237 414340 558208 760495 1.0509e+06 1.4729e+06 2.08441e+06 2.97764e+06 4.30633e+06 6.25087e+06 9.07937e+06 1.31006e+07 1.87674e+07 2.68975e+07 3.86696e+07 
86.2989 19.5601 35.2595 63.609 114.862 207.543 375.392 679.953 1233.38 2239.67 4075.5 7435.34 13585.5 -793370 29720.4 35652.3 43047.3 52244.8 63753.3 78575.5 97622.6 122235 154684 198381 257018 336490 448424 604803 824955 1.14141e+06 1.60182e+06 2.26975e+06 3.24648e+06 4.70055e+06 6.83038e+06 9.93058e+06 1.43395e+07 2.05518e+07 2.9465e+07 4.23709e+07 
59.6566 13.5219 24.376 43.9768 79.4152 143.504 259.581 470.22 853.022 1549.16 2819.36 5144.38 9401.18 17227.8 -919290 37600.5 45925.9 55758.3 68068.2 83934.5 104339 130726 165548 212491 275556 361131 481829 650687 888743 1.23143e+06 1.7307e+06 2.45596e+06 3.51786e+06 5.1002e+06 7.42011e+06 1.07997e+07 1.56078e+07 2.23816e+07 3.21007e+07 4.61737e+07 
40.9048 9.27197 16.7153 30.1579 54.4636 98.4234 178.05 322.562 585.221 1062.95 1934.78 3530.92 6453.94 11829.7 21523.1 -1.06801e+06 48562.8 58984.2 72039.9 88882.1 110560 138621 175693 225734 293046 384512 513733 694805 950506 1.31923e+06 1.85729e+06 2.64012e+06 3.78802e+06 5.50037e+06 8.01372e+06 1.16786e+07 1.68949e+07 2.42424e+07 3.47851e+07 5.00508e+07 
27.8651 6.31652 11.388 20.5475 37.1104 67.0695 121.343 219.854 398.93 724.701 1319.33 2408.22 4402.91 8072.53 14857.6 27446.2 -1.24314e+06 61780.9 75497.8 93211.6 116035 145613 184740 237637 308902 405903 543220 736016 1.00883e+06 1.40305e+06 1.97946e+06 2.81968e+06 4.054e+06 5.89772e+06 8.6076e+06 1.25636e+07 1.81974e+07 2.61313e+07 3.75158e+07 5.40005e+07 
18.8166 4.26561 7.69088 13.8778 25.0665 45.3069 81.979 148.552 269.591 489.829 891.922 1628.43 2978.04 5461.83 10056.1 18584.3 34441.8 -1.45245e+06 78482.2 96970.6 120821 151769 192770 248299 323244 425451 570471 774545 1.06399e+06 1.48327e+06 2.09772e+06 2.99536e+06 4.31684e+06 6.29382e+06 9.20414e+06 1.34585e+07 1.95209e+07 2.80565e+07 4.03048e+07 5.80402e+07 
12.596 2.85561 5.14903 9.29191 16.7848 30.3415 54.9072 99.5101 180.62 328.241 597.824 1091.76 1997.2 3664.24 6749.2 12478.7 23139.5 43147.7 -1.70586e+06 99604.6 124951 157132 199839 257796 336176 443301 595699 810710 1.11648e+06 1.56065e+06 2.21329e+06 3.16914e+06 4.57975e+06 6.69383e+06 9.8116e+06 1.43762e+07 2.08856e+07 3.00478e+07 4.31961e+07 6.22343e+07 
8.41333 1.9075 3.43976 6.20798 11.2153 20.2762 36.6983 66.5211 120.766 219.521 399.922 730.57 1336.96 2453.96 4522.18 8365.85 15523.4 28968.5 54122.6 -2.01167e+06 128163 161390 205578 265691 347192 458881 618293 843924 1.16587e+06 1.63518e+06 2.32706e+06 3.34361e+06 4.84841e+06 7.10877e+06 1.04498e+07 1.53506e+07 2.23462e+07 3.21893e+07 4.63153e+07 6.67684e+07 
5.59741 1.26917 2.28889 4.13138 7.46465 13.4974 24.4336 44.2981 80.4396 146.258 266.535 487.072 891.734 1637.56 3019.39 5589.35 10379.5 19386.3 36467.4 68838.1 -2.38858e+06 165067 210644 272823 357368 473593 640116 876705 1.21562e+06 1.71171e+06 2.44599e+06 3.52895e+06 5.13794e+06 7.56133e+06 1.11529e+07 1.64333e+07 2.39793e+07 3.45928e+07 4.98249e+07 7.18777e+07 
3.71225 0.8418 1.51832 2.74086 4.95291 8.95728 16.218 29.4097 53.4178 97.1559 177.115 323.791 593.081 1089.72 2010.52 3724.47 6922.39 12942.1 24372.6 46069.7 87727 -2.8596e+06 213278 280089 367890 489023 663341 912087 1.27004e+06 1.79654e+06 2.57945e+06 3.73926e+06 5.46988e+06 8.08474e+06 1.19722e+07 1.77028e+07 2.59032e+07 3.74321e+07 5.39786e+07 7.79314e+07 
2.46782 0.559668 1.00958 1.82274 3.29434 5.95893 10.7916 19.5744 35.5641 64.7066 118.007 215.831 395.55 727.239 1342.71 2489.44 4631.58 8669.12 16346.7 30947.7 59038.2 112475 -3.458e+06 287942 379415 506147 689477 952447 1.33293e+06 1.89584e+06 2.73764e+06 3.99144e+06 5.87212e+06 8.72478e+06 1.29819e+07 1.92774e+07 2.83014e+07 4.09819e+07 5.91815e+07 8.55226e+07 
1.65447 0.375256 0.677015 1.22252 2.20994 3.99832 7.24281 13.1413 23.8842 43.4735 79.3207 145.151 266.186 489.76 905.006 1679.56 3128.49 5863.58 11073.3 21003 40152.9 77564.1 151202 -4.21517e+06 392263 525541 719579 999705 1.40776e+06 2.0159e+06 2.93192e+06 4.30568e+06 6.38017e+06 9.54266e+06 1.42848e+07 2.13262e+07 3.14411e+07 4.56464e+07 6.60343e+07 9.55333e+07 
1.1131 0.252499 0.455617 0.82288 1.48782 2.6925 4.87877 8.8549 16.0997 29.3176 53.5199 97.9946 179.835 331.153 612.493 1137.93 2122.38 3983.83 7536.16 14323.7 27449.4 53169.6 103980 204719 -5.20072e+06 550030 757551 1.05939e+06 1.50255e+06 2.16876e+06 3.18091e+06 4.71142e+06 7.04134e+06 1.06151e+07 1.60048e+07 2.40469e+07 3.563e+07 5.18872e+07 7.52195e+07 1.08964e+08 
0.75043 0.170255 0.307268 0.555061 1.00381 1.81709 3.29357 5.97993 10.877 19.8169 36.1967 66.3184 121.799 224.487 415.631 773.111 1444.03 2715.01 5145.58 9802.5 18835.5 36595.4 71822.9 142017 284799 -6.51283e+06 802743 1.13536e+06 1.62362e+06 2.36506e+06 3.50302e+06 5.24062e+06 7.91132e+06 1.20383e+07 1.83048e+07 2.771e+07 4.12996e+07 6.03618e+07 8.77187e+07 1.27259e+08 
0.510411 0.11582 0.209068 0.377755 0.683335 1.23735 2.24357 4.07517 7.4159 13.5188 24.7089 45.3041 83.2791 153.65 284.816 530.513 992.56 1869.75 3551.32 6783.56 13075.4 25495.4 50249.5 99870.8 201461 412290 -8.21292e+06 1.21356e+06 1.75347e+06 2.58417e+06 3.8766e+06 5.87611e+06 8.98976e+06 1.38514e+07 2.13025e+07 3.25741e+07 4.89328e+07 7.18663e+07 1.04775e+08 1.52292e+08 
0.343893 0.0780482 0.140916 0.254677 0.460823 0.83471 1.51409 2.75137 5.00942 9.13753 16.7127 30.6672 56.4275 104.225 193.445 360.859 676.369 1276.76 2430.77 4656.74 9006.7 17631 34911.5 69782.6 141693 293275 610345 -1.04887e+07 1.88676e+06 2.81896e+06 4.29373e+06 6.61269e+06 1.02835e+07 1.60933e+07 2.51034e+07 3.88713e+07 5.89684e+07 8.71338e+07 1.27545e+08 1.85806e+08 
0.225957 0.0512916 0.0926283 0.16745 0.303079 0.549175 0.996563 1.81177 3.30046 6.02418 11.0265 20.2502 37.2983 68.9743 128.192 239.512 449.79 850.939 1624.15 3121.24 6059.08 11911.2 23704.6 47676.2 97503.6 203481 427870 915407 -1.35846e+07 3.00722e+06 4.71294e+06 7.39618e+06 1.17295e+07 1.87076e+07 2.96911e+07 4.66887e+07 7.16843e+07 1.0672e+08 1.56983e+08 2.29301e+08 
0.142502 0.0323541 0.0584427 0.105679 0.191335 0.346826 0.629641 1.14526 2.08748 3.81279 6.98429 12.838 23.6716 43.8303 81.5775 152.675 287.305 544.825 1042.69 2010.56 3918.47 7738.37 15484.7 31355.9 64636.6 136131 289608 628148 1.38115e+06 -1.7849e+07 4.98977e+06 8.01449e+06 1.30268e+07 2.12905e+07 3.45578e+07 5.54427e+07 8.64699e+07 1.30006e+08 1.92464e+08 2.82068e+08 
0.0841183 0.0191023 0.0345139 0.0624272 0.113062 0.20502 0.372365 0.677635 1.23585 2.25887 4.1411 7.61877 14.0635 26.0735 48.5998 91.1132 171.819 326.617 626.822 1212.87 2373.53 4709.71 9478.31 19331 40185.9 85469.6 184159 405567 917534 2.11512e+06 -2.36399e+07 8.09186e+06 1.35733e+07 2.29245e+07 3.83738e+07 6.3309e+07 1.00936e+08 1.53902e+08 2.29919e+08 3.385e+08 
0.0447933 0.0101741 0.0183869 0.0332666 0.0602677 0.109327 0.198651 0.361687 0.660011 1.2072 2.21486 4.07855 7.53687 13.9911 26.1168 49.0468 92.685 176.615 339.886 659.945 1296.79 2585.47 5233.24 10750.5 22540.3 48421.5 105711 236533 545285 1.28652e+06 3.06432e+06 -3.19295e+07 1.30068e+07 2.28709e+07 3.97959e+07 6.80542e+07 1.11672e+08 1.73484e+08 2.62339e+08 3.88552e+08 
0.0212833 0.00483511 0.00874022 0.0158176 0.0286647 0.0520178 0.0945582 0.172247 0.314496 0.575622 1.05693 1.94798 3.60362 6.69799 12.5209 23.5537 44.6017 85.1926 164.396 320.295 631.936 1265.87 2576.88 5331.86 11275.1 24466 54129.6 123115 289436 699900 1.7204e+06 4.35341e+06 -4.43226e+07 2.10255e+07 3.84303e+07 6.87359e+07 1.17003e+08 1.86207e+08 2.86047e+08 4.26953e+08 
0.00879973 0.00199948 0.00361515 0.00654413 0.0118627 0.0215344 0.0391609 0.0713674 0.130373 0.238771 0.438732 0.809267 1.49856 2.78857 5.21971 9.83422 18.6575 35.7151 69.0916 135.035 267.414 537.996 1100.92 2293.07 4887.55 10704.8 23981.9 55401.1 132738 328916 835499 2.20111e+06 6.04572e+06 -6.21902e+07 3.15386e+07 6.02544e+07 1.08715e+08 1.80152e+08 2.84366e+08 4.30371e+08 
0.00311495 0.000707899 0.00128018 0.0023179 0.0042028 0.00763178 0.0138836 0.0253122 0.0462621 0.0847758 0.155875 0.287736 0.533303 0.993444 1.86181 3.51275 6.67601 12.8052 24.8288 48.666 96.7032 195.323 401.609 841.565 1806.69 3990.68 9042.42 21187.1 51649.8 130892 342883 938997 2.7092e+06 7.73229e+06 -8.85648e+07 4.59539e+07 8.97333e+07 1.57881e+08 2.60058e+08 4.03036e+08 
0.000932245 0.000211892 0.00038326 0.000694078 0.00125879 0.00228646 0.00416086 0.00758877 0.0138757 0.0254405 0.0468045 0.0864565 0.160374 0.299032 0.561025 1.05986 2.01741 3.87653 7.53189 14.8009 29.4999 59.7949 123.469 260.119 562.001 1250.72 2862.66 6792.24 16815 43476.4 117117 332449 1.00322e+06 3.05843e+06 9.51407e+06 -1.27647e+08 6.45853e+07 1.24767e+08 2.19028e+08 3.53057e+08 
0.000230262 5.2343e-05 9.46888e-05 0.000171508 0.000311106 0.000565216 0.00102883 0.00187698 0.00343312 0.00629706 0.0115905 0.021421 0.0397607 0.074193 0.139315 0.263451 0.502083 0.966128 1.88016 3.70213 7.39638 15.0336 31.1463 65.8937 143.08 320.301 738.9 1770.48 4436.05 11651 32084.1 93735.1 293425 948175 3.19216e+06 1.10974e+07 -1.81917e+08 8.31813e+07 1.62421e+08 2.82058e+08 
4.57865e-05 1.04089e-05 1.88315e-05 3.41127e-05 6.18857e-05 0.000112449 0.000204719 0.000373553 0.000683397 0.00125382 0.00230847 0.00426782 0.00792494 0.0147948 0.0277956 0.0525955 0.100313 0.193195 0.376347 0.741974 1.48455 3.02261 6.27506 13.3101 28.9903 65.1331 150.987 363.986 918.853 2437.18 6806.34 20260.2 64971.6 218607 781429 2.98274e+06 1.15732e+07 -2.48586e+08 9.78529e+07 1.99287e+08 
7.1528e-06 1.62618e-06 2.94223e-06 5.33014e-06 9.67052e-06 1.75736e-05 3.19973e-05 5.83936e-05 0.000106845 0.000196062 0.000361058 0.000667671 0.00124016 0.002316 0.00435283 0.00824023 0.0157247 0.0303035 0.0590736 0.116567 0.23347 0.475919 0.989431 2.10241 4.58877 10.3349 24.0351 58.1748 147.58 393.955 1110.25 3345.19 10897.7 37676.9 140541 571727 2.46742e+06 1.06843e+07 -3.28873e+08 1.19786e+08 
8.47643e-07 1.92718e-07 3.487e-07 6.31739e-07 1.14624e-06 2.08314e-06 3.79322e-06 6.92313e-06 1.26689e-05 2.32508e-05 4.28241e-05 7.92042e-05 0.000147148 0.000274865 0.00051674 0.000978536 0.00186804 0.00360151 0.00702423 0.0138689 0.027797 0.0567079 0.118005 0.251028 0.548614 1.23743 2.88325 6.99439 17.791 47.651 134.903 408.91 1342.45 4706.1 17976.1 76059.4 353639 1.79586e+06 9.8861e+06 -4.18046e+08 
dt_FE: 2.39207e-09
dt_EA: 2.39207e-09
dt_PE: 2.39207e-09
tolC: 1e-06
dt_grow: 1.03
dt_max: 0.1
steps: 0
