t: 1.47557e-07
dt: 2.3911e-09
N: 0.110825 0.126659 0.144468 0.164434 0.186715 0.211389 0.238561 0.268289 0.300513 0.335006 0.371631 0.410055 0.449518 0.489499 0.529313 0.567928 0.604045 0.637022 0.665887 0.688831 0.705374 0.714706 0.715392 0.705647 0.684574 0.650087 0.598586 0.528871 0.440844 0.338497 0.232864 0.14042 0.0725742 0.0322202 0.0122264 0.00392214 0.00104491 0.000225475 3.81836e-05 4.88761e-06 
eC: 1 1.15749 1.33977 1.55077 1.795 2.07768 2.40489 2.78363 3.22201 3.72944 4.31677 4.99661 5.78351 6.69433 7.7486 8.9689 10.3814 12.0163 13.9087 16.0991 18.6345 21.5692 24.9661 28.8979 33.4489 38.7167 44.814 51.8717 60.0407 69.4963 80.4411 93.1095 107.773 124.746 144.391 167.131 193.452 223.918 259.182 300 
dV: 1.08333 0.211322 0.327712 0.508206 0.788112 1.22218 1.89532 2.93921 4.55805 7.06849 10.9616 16.999 26.3615 40.8807 63.3966 98.3136 152.462 236.434 366.655 568.597 881.764 1367.42 2120.55 3288.49 5099.69 7908.45 12264.2 19019 29494.1 45738.6 70930.1 109996 170579 264529 410225 636165 986546 1.52991e+06 2.37254e+06 3.67926e+06 
kVec: 1.00534e+06 1.16526e+06 1.34299e+06 1.54767e+06 1.78309e+06 2.05293e+06 2.36193e+06 2.7154e+06 3.1188e+06 3.57659e+06 4.09633e+06 4.68507e+06 5.34517e+06 6.08439e+06 6.90948e+06 7.82348e+06 8.81885e+06 9.90412e+06 1.10797e+07 1.23059e+07 1.35845e+07 1.49044e+07 1.6235e+07 1.74971e+07 1.8731e+07 1.99754e+07 2.10913e+07 2.23177e+07 2.39396e+07 2.63985e+07 3.01787e+07 3.65487e+07 4.73996e+07 6.40366e+07 8.95597e+07 1.28149e+08 1.82187e+08 2.48773e+08 3.29045e+08 4.18217e+08 
cMat: 
-100653 853.726 1003.18 1168.53 1362.2 1590.24 1858.9 2175.67 2550.68 2997.79 3530.27 4166.09 4935.43 5866.57 6996.22 8380.46 10101.3 12235.6 14898.1 18313.3 22683.9 28307.1 35683 45556.7 58728.1 76466.5 101264 135657 183716 252271 351303 493991 701271 1.00836e+06 1.4559e+06 2.10458e+06 3.02532e+06 4.32373e+06 6.18619e+06 8.88262e+06 
4264.69 -120464 1135.63 1322.82 1542.08 1800.25 2104.4 2463.05 2887.63 3393.86 3996.77 4716.71 5587.87 6642.31 7921.6 9489.31 11438.3 13855.8 16871.9 20741.1 25693.3 32065.4 40424.7 51616.8 66549 86662.3 114785 153798 208323 286117 398517 560494 795836 1.14454e+06 1.6528e+06 2.38957e+06 3.4354e+06 4.91017e+06 7.02563e+06 1.00883e+07 
3136.63 710.809 -137850 1492.23 1739.59 2030.84 2373.98 2778.62 3257.65 3828.83 4509.11 5321.48 6304.54 7494.48 8938.26 10707.7 12907.7 15636.7 19041.8 23410.6 29003 36199.9 45642.8 58288 75162.3 97895.9 129690 173807 235479 323491 450684 634017 900443 1.29527e+06 1.87084e+06 2.7053e+06 3.88986e+06 5.56024e+06 7.95628e+06 1.14253e+07 
2276.7 515.939 929.856 -158167 1955.12 2282.49 2668.2 3123.03 3661.5 4303.6 5068.37 5981.67 7086.94 8424.9 10048.4 12038.2 14512.5 17582.1 21412.6 26327.9 32620.8 40720.4 51349.8 65587 84589.7 110197 146020 195739 265261 364505 507964 714796 1.01544e+06 1.46105e+06 2.11078e+06 3.0529e+06 4.39037e+06 6.27631e+06 8.9816e+06 1.28983e+07 
1645.44 372.888 672.047 1212.12 -181821 2531.93 2986.44 3495.58 4098.39 4817.22 5673.42 6695.98 7933.55 9431.78 11249.9 13478.4 16249.9 19688.7 23980.2 29488.2 36541 45620.4 57538.1 73504.7 94820.9 123553 163760 219580 297658 409148 570356 802842 1.14087e+06 1.64198e+06 2.37278e+06 3.43265e+06 4.93739e+06 7.05913e+06 1.01027e+07 1.45092e+07 
1184.11 268.344 483.635 872.308 1560.78 -209254 3325.55 3892.59 4563.97 5364.64 6318.36 7457.45 8836.2 10505.5 12531.3 15014.8 18103.8 21937 26721.6 32863.4 40729.7 50858.5 64156.9 81978.6 105778 137868 182791 245179 332476 457178 637552 897765 1.27623e+06 1.83742e+06 2.65604e+06 3.84351e+06 5.52958e+06 7.9069e+06 1.13171e+07 1.62545e+07 
847.716 192.112 346.248 624.52 1127.48 2036.71 -241015 4310.86 5054.54 5941.48 6998.04 8260.05 9787.72 11637.5 13882.7 16635.4 20059.7 24309.8 29615.7 36428.4 45155.8 56396.3 71158.6 90948.9 117387 153047 202988 272375 369506 508316 709178 999060 1.42083e+06 2.04641e+06 2.95923e+06 4.28365e+06 6.16438e+06 8.81606e+06 1.26199e+07 1.81272e+07 
603.2 136.701 246.382 444.402 802.319 1449.36 2620.81 -277723 5506.38 6541.21 7704.78 9094.72 10777.4 12815.2 15288.8 18322.1 22096.1 26781.1 32631.1 40144.4 49771.9 62175.1 78470 100323 129528 168937 224154 300909 408406 562104 784612 1.10587e+06 1.5735e+06 2.26732e+06 3.28003e+06 4.74979e+06 6.83717e+06 9.78005e+06 1.40017e+07 2.0114e+07 
426.409 96.6369 174.176 314.169 567.21 1024.67 1852.92 3320.24 -320281 7152.57 8425.33 9945.86 11786.9 14016.7 16723.8 20044 24175.9 29306.2 35713.6 43945.5 54497 68095.1 85966.6 109945 142004 185285 245963 330352 448608 617786 862835 1.21682e+06 1.73234e+06 2.49749e+06 3.61474e+06 5.23673e+06 7.54065e+06 1.07886e+07 1.5448e+07 2.21941e+07 
299.477 67.8715 122.332 220.661 398.399 719.737 1301.55 2356.96 4274.18 -369446 9140.14 10790.4 12789 15209.8 18149.5 21755.5 26244.4 31819.2 38783.9 47734.9 59212.5 74009.9 93466.7 119586 154527 201725 267939 360089 489307 674296 942419 1.32998e+06 1.89473e+06 2.73331e+06 3.95835e+06 5.73751e+06 8.2651e+06 1.18281e+07 1.69396e+07 2.43404e+07 
208.627 47.2828 85.2252 153.732 277.568 501.464 906.869 1642.31 2978.38 5406.98 -426492 11613 13765.2 16372.8 19539.7 23425.5 28263.9 34274.7 41786.3 51444.2 63833.6 79813.7 100837 129076 166875 217968 289702 389609 529813 730687 1.02205e+06 1.4435e+06 2.05805e+06 2.97104e+06 4.30547e+06 6.24435e+06 8.99941e+06 1.28828e+07 1.84539e+07 2.65204e+07 
144.036 32.6446 58.8421 106.144 191.653 346.261 626.223 1134.13 2056.9 3734.39 6793.97 -492910 14580.1 17475.2 20858.4 25010.5 30182.4 36609.5 44644.2 54979.6 68244.3 85362.1 107895 138184 178755 233635 310752 418249 569236 785753 1.10007e+06 1.55508e+06 2.21909e+06 3.20612e+06 4.64961e+06 6.748e+06 9.73039e+06 1.39338e+07 1.99642e+07 2.86958e+07 
98.682 22.3661 40.3162 72.7284 131.323 237.274 429.14 777.251 1409.75 2559.69 4657.29 8432.02 -570267 18465.7 22044.5 26438.2 31913.1 38719.3 47231.5 58187.6 72257 90424.5 114356 146552 189715 248152 330357 445064 606350 837890 1.17435e+06 1.66192e+06 2.3741e+06 3.43348e+06 4.98388e+06 7.23906e+06 1.04452e+07 1.49634e+07 2.14457e+07 3.08316e+07 
67.0008 15.1861 27.3748 49.3847 89.1763 161.132 291.447 527.902 957.57 1738.84 3164.14 5772.65 10547.5 -661028 23074.3 27679.7 33421.1 40561.8 49496.7 61004.5 75792.2 94900.8 120094 154019 199543 261244 348147 469557 640478 886166 1.24362e+06 1.76219e+06 2.5205e+06 3.64942e+06 5.30297e+06 7.7099e+06 1.11329e+07 1.5956e+07 2.2876e+07 3.28959e+07 
45.049 10.2109 18.4072 33.2086 59.9695 108.365 196.02 355.082 644.15 1169.83 2129.01 3884.72 7099.2 13009.4 -768099 28393.6 34680.4 42105.3 51401 63382.3 78790.2 98716.1 125012 160460 208083 272704 363848 491359 671125 929904 1.30692e+06 1.85459e+06 2.65647e+06 3.85136e+06 5.60322e+06 8.1553e+06 1.17861e+07 1.69013e+07 2.42405e+07 3.48676e+07 
30.0382 6.8088 12.2748 22.1462 39.995 72.2765 130.75 236.871 429.753 780.572 1420.79 2592.9 4739.41 8687.04 15805.4 -895863 35661.7 43314.6 52902 65270 81189.1 101796 129019 165766 215196 282363 377256 510225 697997 968768 1.36389e+06 1.93875e+06 2.78171e+06 4.03916e+06 5.88482e+06 8.57611e+06 1.24066e+07 1.78023e+07 2.55442e+07 3.67545e+07 
19.9263 4.51694 8.14352 14.6935 26.5376 47.9614 86.7721 157.217 285.274 518.234 943.453 1722.12 3148.52 5772.66 10624.6 19626.7 -1.04829e+06 44179.5 53988.5 66655.5 82976.9 104128 132107 169934 220896 290261 388456 526325 721411 1.00332e+06 1.41551e+06 2.01635e+06 2.89901e+06 4.21746e+06 6.15529e+06 8.98425e+06 1.30129e+07 1.86865e+07 2.68275e+07 3.86157e+07 
13.1401 2.97878 5.37075 9.69123 17.5046 31.639 57.2481 103.738 188.262 342.061 622.852 1137.17 2079.65 3814.14 7022.47 12977.9 24051.6 -1.23314e+06 54806.2 67717.1 84372.6 105984 134616 173393 225730 297103 398375 540885 743010 1.0358e+06 1.46489e+06 2.09174e+06 3.01456e+06 4.39514e+06 6.42749e+06 9.3984e+06 1.3632e+07 1.95926e+07 2.81459e+07 4.0531e+07 
8.63325 1.95722 3.52913 6.36864 11.5043 20.7959 37.6332 68.2038 123.796 224.975 409.746 748.286 1368.88 2511.46 4625.88 8552.86 15859.7 29573.3 -1.46052e+06 68268.6 85641 107697 136969 176692 230414 303837 408290 555658 765232 1.06966e+06 1.51698e+06 2.17212e+06 3.13894e+06 4.58792e+06 6.72483e+06 9.85337e+06 1.43149e+07 2.05947e+07 2.96064e+07 4.26551e+07 
5.70759 1.29405 2.33353 4.21149 7.60843 13.7554 24.8961 45.1278 81.9276 148.923 271.307 495.617 906.994 1664.77 3067.84 5675.38 10531.1 19652.2 36716.7 -1.73953e+06 86945.5 109487 139464 180245 235534 311304 419449 572517 790925 1.1093e+06 1.57867e+06 2.2683e+06 3.28916e+06 4.82258e+06 7.08913e+06 1.04138e+07 1.51596e+07 2.18372e+07 3.14203e+07 4.52956e+07 
3.79903 0.8614 1.5535 2.80402 5.06634 9.16088 16.5833 30.0656 54.5953 99.2671 180.9 330.581 605.231 1111.43 2049.29 3793.56 7044.66 13157.7 24750.9 46721.2 -2.08918e+06 112033 142966 185168 242550 321433 434454 595030 825054 1.16176e+06 1.66012e+06 2.39514e+06 3.48718e+06 5.13196e+06 7.56963e+06 1.11535e+07 1.6275e+07 2.34785e+07 3.38168e+07 4.87842e+07 
2.55347 0.579032 1.04438 1.8853 3.40686 6.16127 11.1555 20.2295 36.7435 66.8288 121.829 222.72 407.951 749.565 1382.93 2561.88 4761.57 8902.26 16764.7 31689.1 60343.1 -2.53372e+06 146703 192660 253053 336375 456279 627380 873596 1.23575e+06 1.77427e+06 2.57206e+06 3.76246e+06 5.56109e+06 8.2351e+06 1.21769e+07 1.78175e+07 2.57477e+07 3.71292e+07 5.36052e+07 
1.74501 0.395745 0.713877 1.28887 2.32945 4.21359 7.63079 13.8412 25.1476 45.7544 83.4435 152.615 279.696 514.235 949.436 1760.3 3275.02 6129.99 11558.9 21883.3 41746.3 79532.1 -3.10643e+06 203606 268287 357900 487533 673481 942523 1.34056e+06 1.9358e+06 2.82237e+06 4.15221e+06 6.16935e+06 9.17956e+06 1.36312e+07 2.00121e+07 2.89785e+07 4.18476e+07 6.04736e+07 
1.21887 0.276457 0.498769 0.900651 1.6281 2.94563 5.33591 9.68145 17.5959 32.0277 58.4369 106.935 196.104 360.815 666.734 1237.36 2304.81 4319.8 8157.91 15473.3 29581.4 57142.9 111393 -3.84109e+06 288987 387175 530127 736500 1.03712e+06 1.48515e+06 2.16e+06 3.17207e+06 4.70038e+06 7.03024e+06 1.05238e+07 1.57114e+07 2.31632e+07 3.36285e+07 4.86486e+07 7.03811e+07 
0.863347 0.195845 0.353389 0.638248 1.15399 2.08837 3.7841 6.8681 12.4874 22.7395 41.5114 76.0073 139.485 256.851 475.066 882.609 1646.17 3089.96 5845.25 11109.8 21290.5 41239.8 80649.4 158786 -4.80898e+06 426618 587577 821689 1.16542e+06 1.68215e+06 2.4672e+06 3.6543e+06 5.46145e+06 8.23336e+06 1.24137e+07 1.86514e+07 2.76356e+07 4.02451e+07 5.83423e+07 8.4515e+07 
0.616734 0.139923 0.252526 0.456172 0.824976 1.49336 2.70679 4.91455 8.93917 16.2864 29.7479 54.5032 100.1 184.492 341.583 635.375 1186.77 2231.31 4228.85 8056.1 15479.8 30075.6 59027 116715 234060 -6.10907e+06 659727 933085 1.33436e+06 1.9437e+06 2.87893e+06 4.30696e+06 6.50185e+06 9.89354e+06 1.50437e+07 2.27732e+07 3.39417e+07 4.96078e+07 7.20909e+07 1.04587e+08 
0.444419 0.100845 0.182037 0.328914 0.594985 1.07737 1.95349 3.54828 6.45707 11.7709 21.5142 39.4466 72.5117 133.784 247.991 461.921 864.229 1628 3092.16 5906.5 11384.9 22199 43752.6 86958.2 175413 358984 -7.80417e+06 1.05665e+06 1.52676e+06 2.25006e+06 3.37539e+06 5.11637e+06 7.82745e+06 1.20605e+07 1.85482e+07 2.83625e+07 4.26061e+07 6.25745e+07 9.12288e+07 1.32601e+08 
0.315792 0.0716706 0.129401 0.233866 0.423167 0.766503 1.39037 2.52654 4.60008 8.39087 15.347 28.1613 51.8166 95.7087 177.638 331.372 621.1 1172.43 2232.14 4276.22 8270.73 16190.3 32058.7 64080.4 130115 269310 560471 -1.00806e+07 1.73259e+06 2.58861e+06 3.94287e+06 6.07235e+06 9.44315e+06 1.47783e+07 2.30521e+07 3.5695e+07 5.41499e+07 8.00138e+07 1.17123e+08 1.70623e+08 
0.2169 0.0492358 0.0889157 0.160738 0.290931 0.527164 0.95662 1.73915 3.16818 5.78273 10.5845 19.4385 35.8033 66.2097 123.054 229.912 431.762 816.832 1559.05 2996.13 5816.23 11433.7 22754.5 45765.3 93595.6 195326 410721 878716 -1.31805e+07 2.88669e+06 4.52404e+06 7.09973e+06 1.12593e+07 1.79578e+07 2.85011e+07 4.48173e+07 6.88111e+07 1.02442e+08 1.50691e+08 2.20111e+08 
0.141123 0.032041 0.0578772 0.104657 0.189484 0.34347 0.623548 1.13418 2.06728 3.7759 6.91671 12.7138 23.4426 43.4061 80.7881 151.198 284.525 539.553 1032.6 1991.11 3880.55 7663.48 15334.9 31052.4 64011.1 134814 286805 622070 1.36779e+06 -1.74481e+07 4.94149e+06 7.93694e+06 1.29008e+07 2.10845e+07 3.42234e+07 5.49062e+07 8.56331e+07 1.28748e+08 1.90601e+08 2.79339e+08 
0.0846839 0.0192308 0.034746 0.062847 0.113822 0.206398 0.374868 0.682192 1.24416 2.27406 4.16895 7.67 14.1581 26.2488 48.9266 91.7259 172.974 328.813 631.037 1221.02 2389.49 4741.38 9542.04 19461 40456.1 86044.3 185398 408294 923704 2.12934e+06 -2.32451e+07 8.14627e+06 1.36645e+07 2.30787e+07 3.86318e+07 6.37347e+07 1.01615e+08 1.54937e+08 2.31466e+08 3.40776e+08 
0.0454564 0.0103247 0.0186591 0.0337591 0.0611598 0.110946 0.201591 0.367041 0.669781 1.22507 2.24765 4.13892 7.64844 14.1982 26.5034 49.7729 94.057 179.229 344.917 669.714 1315.99 2623.74 5310.7 10909.7 22873.9 49138.2 107276 240034 553356 1.30556e+06 3.10968e+06 -3.15409e+07 1.31994e+07 2.32094e+07 4.0385e+07 6.90616e+07 1.13325e+08 1.76052e+08 2.66222e+08 3.94304e+08 
0.0214515 0.00487333 0.00880931 0.0159426 0.0288913 0.0524289 0.0953056 0.173609 0.316982 0.580172 1.06528 1.96338 3.6321 6.75093 12.6199 23.7398 44.9542 85.8659 165.695 322.826 636.931 1275.88 2597.25 5374.01 11364.2 24659.3 54557.4 124088 291724 705432 1.734e+06 4.38782e+06 -4.40315e+07 2.11917e+07 3.8734e+07 6.92792e+07 1.17928e+08 1.87679e+08 2.88308e+08 4.30327e+08 
0.00882821 0.00200595 0.00362686 0.00656532 0.0119011 0.0216041 0.0392876 0.0715984 0.130795 0.239544 0.440152 0.811887 1.50341 2.7976 5.2366 9.86605 18.7179 35.8307 69.3153 135.472 268.279 539.737 1104.48 2300.5 4903.38 10739.5 24059.5 55580.4 133168 329981 838204 2.20824e+06 6.06529e+06 -6.20064e+07 3.16407e+07 6.04495e+07 1.09067e+08 1.80735e+08 2.85286e+08 4.31764e+08 
0.00311882 0.000708777 0.00128177 0.00232078 0.00420801 0.00764125 0.0139009 0.0253436 0.0463195 0.084881 0.156068 0.288093 0.533965 0.994677 1.86412 3.51711 6.6843 12.8211 24.8596 48.7264 96.8232 195.566 402.108 842.609 1808.93 3995.63 9053.64 21213.4 51713.9 131054 343308 940162 2.71256e+06 7.74189e+06 -8.84775e+07 4.60109e+07 8.98446e+07 1.58077e+08 2.60381e+08 4.03536e+08 
0.000932616 0.000211977 0.000383413 0.000694355 0.00125929 0.00228737 0.00416252 0.00759179 0.0138812 0.0254506 0.0468232 0.0864909 0.160438 0.299151 0.561249 1.06028 2.01822 3.87807 7.53489 14.8068 29.5117 59.8188 123.519 260.222 562.225 1251.22 2863.8 6794.94 16821.7 43493.8 117164 332581 1.00362e+06 3.05965e+06 9.51787e+06 -1.2765e+08 6.4611e+07 1.24817e+08 2.19115e+08 3.53198e+08 
0.000230286 5.23486e-05 9.46989e-05 0.000171526 0.000311139 0.000565276 0.00102894 0.00187718 0.00343348 0.00629773 0.0115917 0.0214233 0.039765 0.0742009 0.13933 0.263479 0.502136 0.966231 1.88036 3.70252 7.39717 15.0352 31.1496 65.9007 143.096 320.335 738.978 1770.66 4436.52 11652.2 32087.5 93745.1 293456 948275 3.1925e+06 1.10986e+07 -1.81998e+08 8.31901e+07 1.62438e+08 2.82088e+08 
4.57876e-05 1.04092e-05 1.8832e-05 3.41135e-05 6.18871e-05 0.000112452 0.000204724 0.000373562 0.000683413 0.00125384 0.00230852 0.00426792 0.00792512 0.0147951 0.0277962 0.0525967 0.100315 0.193199 0.376356 0.741991 1.48459 3.02268 6.2752 13.3104 28.9909 65.1346 150.99 363.995 918.874 2437.23 6806.5 20260.7 64973.1 218612 781447 2.98281e+06 1.15735e+07 -2.48717e+08 9.78552e+07 1.99292e+08 
7.15283e-06 1.62619e-06 2.94224e-06 5.33016e-06 9.67056e-06 1.75737e-05 3.19974e-05 5.83938e-05 0.000106845 0.000196063 0.000361059 0.000667674 0.00124017 0.002316 0.00435285 0.00824026 0.0157247 0.0303036 0.0590739 0.116567 0.233471 0.475921 0.989434 2.10241 4.58879 10.3349 24.0352 58.175 147.58 393.957 1110.25 3345.2 10897.8 37677.1 140541 571729 2.46743e+06 1.06844e+07 -3.29033e+08 1.19786e+08 
8.47644e-07 1.92719e-07 3.487e-07 6.3174e-07 1.14624e-06 2.08314e-06 3.79322e-06 6.92314e-06 1.26689e-05 2.32509e-05 4.28241e-05 7.92043e-05 0.000147148 0.000274865 0.00051674 0.000978537 0.00186804 0.00360151 0.00702424 0.0138689 0.027797 0.056708 0.118005 0.251028 0.548614 1.23744 2.88325 6.9944 17.791 47.651 134.903 408.91 1342.45 4706.1 17976.1 76059.4 353639 1.79586e+06 9.8861e+06 -4.18215e+08 
dt_FE: 2.3911e-09
dt_EA: 2.3911e-09
dt_PE: 2.3911e-09
tolC: 1e-06
dt_grow: 1.03
dt_max: 0.1
steps: 0
