t
0.0609024784696722554233617
dt
0.0011951989499278774242708
DN
-0.0000000017676603204496192
TC
1379.0000
N
1.00000000e+00
1.00000000e+00
1.00000000e+00
9.99999999e-01
9.99999998e-01
9.99999996e-01
9.99999990e-01
9.99999974e-01
9.99999931e-01
9.99999806e-01
9.99999418e-01
9.99998138e-01
9.99993623e-01
9.99976526e-01
9.99906743e-01
9.99598469e-01
9.98119108e-01
9.90415217e-01
9.48140160e-01
7.45232990e-01
2.97069163e-01
5.15449525e-02
6.14465080e-03
6.18864256e-04
5.42077774e-05
4.11548478e-06
2.68694232e-07
1.49541222e-08
7.02869275e-10
2.76252563e-11
8.98487318e-13
2.39156030e-14
5.14900026e-16
8.85619679e-18
1.20101836e-19
1.26646043e-21
1.02324934e-23
6.23668146e-26
2.82063224e-28
9.30207443e-31
eC
1.00638940e+00
3.07804198e+00
5.27088624e+00
7.59201189e+00
1.00489234e+01
1.26495642e+01
1.54023425e+01
1.83161584e+01
2.14004324e+01
2.46651365e+01
2.81208258e+01
3.17786729e+01
3.56505041e+01
3.97488374e+01
4.40869232e+01
4.86787870e+01
5.35392748e+01
5.86841012e+01
6.41298999e+01
6.98942779e+01
7.59958720e+01
8.24544093e+01
8.92907710e+01
9.65270599e+01
1.04186672e+02
1.12294371e+02
1.20876370e+02
1.29960417e+02
1.39575880e+02
1.49753848e+02
1.60527227e+02
1.71930848e+02
1.84001582e+02
1.96778453e+02
2.10302771e+02
2.24618262e+02
2.39771209e+02
2.55810604e+02
2.72788303e+02
2.90759198e+02
