t
0.0095640304369394649186553
dt
0.0000581664048210536304686
DN
0.0000000000000015245865561
TC
1012.0000
N
9.99999999e-01
9.99999999e-01
9.99999998e-01
9.99999996e-01
9.99999990e-01
9.99999978e-01
9.99999946e-01
9.99999862e-01
9.99999626e-01
9.99998924e-01
9.99996692e-01
9.99989068e-01
9.99960829e-01
9.99844981e-01
9.99301627e-01
9.96536047e-01
9.83626693e-01
9.36089887e-01
8.10285191e-01
5.86644938e-01
3.31097881e-01
1.43228782e-01
4.94742763e-02
1.41155250e-02
2.80933664e-03
2.95526012e-04
1.94839527e-05
1.08269194e-06
5.11997994e-08
2.02151527e-09
6.59663332e-11
1.76023227e-12
3.79696830e-14
6.54040168e-16
8.88004648e-18
9.37268858e-20
7.57850166e-22
4.62194236e-24
2.09141057e-26
6.90012763e-29
eC
1.00638940e+00
3.07804198e+00
5.27088624e+00
7.59201189e+00
1.00489234e+01
1.26495642e+01
1.54023425e+01
1.83161584e+01
2.14004324e+01
2.46651365e+01
2.81208258e+01
3.17786729e+01
3.56505041e+01
3.97488374e+01
4.40869232e+01
4.86787870e+01
5.35392748e+01
5.86841012e+01
6.41298999e+01
6.98942779e+01
7.59958720e+01
8.24544093e+01
8.92907710e+01
9.65270599e+01
1.04186672e+02
1.12294371e+02
1.20876370e+02
1.29960417e+02
1.39575880e+02
1.49753848e+02
1.60527227e+02
1.71930848e+02
1.84001582e+02
1.96778453e+02
2.10302771e+02
2.24618262e+02
2.39771209e+02
2.55810604e+02
2.72788303e+02
2.90759198e+02
