t
0.0120650642181227788635178
dt
0.0000559113470893853978130
DN
0.0000000000000015245865561
TC
1070.0000
N
1.00000000e+00
9.99999999e-01
9.99999999e-01
9.99999997e-01
9.99999994e-01
9.99999987e-01
9.99999969e-01
9.99999920e-01
9.99999786e-01
9.99999389e-01
9.99998138e-01
9.99993926e-01
9.99978657e-01
9.99918573e-01
9.99657424e-01
9.98380084e-01
9.91754926e-01
9.61042403e-01
8.55274371e-01
6.22684431e-01
3.28971169e-01
1.21250834e-01
3.28565990e-02
6.91534884e-03
1.02770547e-03
9.34773731e-05
6.17085188e-06
3.45325773e-07
1.63191800e-08
6.43863617e-10
2.09995899e-11
5.60129521e-13
1.20788745e-14
2.08014849e-16
2.82375562e-18
2.97998503e-20
2.40925884e-22
1.46921120e-24
6.64761551e-27
2.19308944e-29
eC
1.00638940e+00
3.07804198e+00
5.27088624e+00
7.59201189e+00
1.00489234e+01
1.26495642e+01
1.54023425e+01
1.83161584e+01
2.14004324e+01
2.46651365e+01
2.81208258e+01
3.17786729e+01
3.56505041e+01
3.97488374e+01
4.40869232e+01
4.86787870e+01
5.35392748e+01
5.86841012e+01
6.41298999e+01
6.98942779e+01
7.59958720e+01
8.24544093e+01
8.92907710e+01
9.65270599e+01
1.04186672e+02
1.12294371e+02
1.20876370e+02
1.29960417e+02
1.39575880e+02
1.49753848e+02
1.60527227e+02
1.71930848e+02
1.84001582e+02
1.96778453e+02
2.10302771e+02
2.24618262e+02
2.39771209e+02
2.55810604e+02
2.72788303e+02
2.90759198e+02
