t
0.0308210076572555356777539
dt
0.0003750461519087734565785
DN
-0.0000000005273344523285009
TC
1046.0000
N
1.00000000e+00
1.00000000e+00
1.00000000e+00
9.99999999e-01
9.99999998e-01
9.99999995e-01
9.99999989e-01
9.99999972e-01
9.99999925e-01
9.99999788e-01
9.99999363e-01
9.99997960e-01
9.99993003e-01
9.99974199e-01
9.99897263e-01
9.99556287e-01
9.97912468e-01
9.89293509e-01
9.41889002e-01
7.28533252e-01
3.04433869e-01
5.85082764e-02
7.23863254e-03
7.34223476e-04
6.44058386e-05
4.89259024e-06
3.19550062e-07
1.77891810e-08
8.36283397e-10
3.28736900e-11
1.06930786e-12
2.84649377e-14
6.12889304e-16
1.05421854e-17
1.42972566e-19
1.50768559e-21
1.21818686e-23
7.42500985e-26
3.35814293e-28
1.10749128e-30
eC
1.00638940e+00
3.07804198e+00
5.27088624e+00
7.59201189e+00
1.00489234e+01
1.26495642e+01
1.54023425e+01
1.83161584e+01
2.14004324e+01
2.46651365e+01
2.81208258e+01
3.17786729e+01
3.56505041e+01
3.97488374e+01
4.40869232e+01
4.86787870e+01
5.35392748e+01
5.86841012e+01
6.41298999e+01
6.98942779e+01
7.59958720e+01
8.24544093e+01
8.92907710e+01
9.65270599e+01
1.04186672e+02
1.12294371e+02
1.20876370e+02
1.29960417e+02
1.39575880e+02
1.49753848e+02
1.60527227e+02
1.71930848e+02
1.84001582e+02
1.96778453e+02
2.10302771e+02
2.24618262e+02
2.39771209e+02
2.55810604e+02
2.72788303e+02
2.90759198e+02
