t
0.0036268509057992581214036
dt
0.0000574845197738065223116
DN
-0.0000000000000006533942383
TC
361.0000
N
9.99999985e-01
9.99999974e-01
9.99999949e-01
9.99999893e-01
9.99999764e-01
9.99999450e-01
9.99998642e-01
9.99996425e-01
9.99989878e-01
9.99968607e-01
9.99884656e-01
9.99452312e-01
9.97303595e-01
9.89240583e-01
9.66914869e-01
9.19285208e-01
8.37576603e-01
7.21345887e-01
5.81304000e-01
4.36036943e-01
3.04514267e-01
2.00819279e-01
1.34720902e-01
9.62883086e-02
4.73943762e-02
8.64136334e-03
5.50763265e-04
2.52735923e-05
1.16329251e-06
4.58173282e-08
1.49311243e-09
3.98086838e-11
8.58248718e-13
1.47784282e-14
2.00602439e-16
2.11696722e-18
1.71152523e-20
1.04373137e-22
4.72256169e-25
1.55803274e-27
eC
1.00638940e+00
3.07804198e+00
5.27088624e+00
7.59201189e+00
1.00489234e+01
1.26495642e+01
1.54023425e+01
1.83161584e+01
2.14004324e+01
2.46651365e+01
2.81208258e+01
3.17786729e+01
3.56505041e+01
3.97488374e+01
4.40869232e+01
4.86787870e+01
5.35392748e+01
5.86841012e+01
6.41298999e+01
6.98942779e+01
7.59958720e+01
8.24544093e+01
8.92907710e+01
9.65270599e+01
1.04186672e+02
1.12294371e+02
1.20876370e+02
1.29960417e+02
1.39575880e+02
1.49753848e+02
1.60527227e+02
1.71930848e+02
1.84001582e+02
1.96778453e+02
2.10302771e+02
2.24618262e+02
2.39771209e+02
2.55810604e+02
2.72788303e+02
2.90759198e+02
