t: 5.76443e-08
dt: 2.39356e-09
N: 0.0399228 0.0459306 0.0527881 0.0606071 0.069504 0.0795819 0.0909706 0.103805 0.118198 0.134222 0.15201 0.171645 0.193029 0.216184 0.241057 0.267379 0.294632 0.322613 0.350825 0.377843 0.403132 0.425822 0.44425 0.456213 0.461024 0.457058 0.439907 0.409277 0.36426 0.304034 0.232598 0.181144 0.097611 0.0401959 0.0154818 0.00499395 0.00133311 0.000287957 4.8794e-05 6.24833e-06 
eC: 1 1.15749 1.33977 1.55077 1.795 2.07768 2.40489 2.78363 3.22201 3.72944 4.31677 4.99661 5.78351 6.69433 7.7486 8.9689 10.3814 12.0163 13.9087 16.0991 18.6345 21.5692 24.9661 28.8979 33.4489 38.7167 44.814 51.8717 60.0407 69.4963 80.4411 93.1095 107.773 124.746 144.391 167.131 193.452 223.918 259.182 300 
dV: 1.08333 0.211322 0.327712 0.508206 0.788112 1.22218 1.89532 2.93921 4.55805 7.06849 10.9616 16.999 26.3615 40.8807 63.3966 98.3136 152.462 236.434 366.655 568.597 881.764 1367.42 2120.55 3288.49 5099.69 7908.45 12264.2 19019 29494.1 45738.6 70930.1 109996 170579 264529 410225 636165 986546 1.52991e+06 2.37254e+06 3.67926e+06 
kVec: 942408 1.09313e+06 1.26048e+06 1.45345e+06 1.67573e+06 1.93097e+06 2.22385e+06 2.55964e+06 2.94391e+06 3.38146e+06 3.88008e+06 4.44733e+06 5.08688e+06 5.80758e+06 6.61782e+06 7.52325e+06 8.52031e+06 9.62078e+06 1.083e+07 1.21162e+07 1.34871e+07 1.49382e+07 1.64463e+07 1.79389e+07 1.94546e+07 2.10271e+07 2.24965e+07 2.40688e+07 2.59804e+07 2.86008e+07 3.2344e+07 3.84504e+07 4.88708e+07 6.50196e+07 9.0096e+07 1.28308e+08 1.82058e+08 2.4847e+08 3.28648e+08 4.17788e+08 
cMat: 
-143506 921.802 1083.17 1261.7 1470.82 1717.04 2007.12 2349.16 2754.07 3236.84 3811.77 4498.29 5328.97 6334.36 7554.09 9048.71 10906.7 13211.2 16086 19773.5 24492.7 30564.3 38528.3 49189.4 63411 82563.8 109339 146474 198365 272386 379316 533382 757190 1.08876e+06 1.57199e+06 2.2724e+06 3.26655e+06 4.6685e+06 6.67947e+06 9.59091e+06 
4658.9 -170538 1240.6 1445.09 1684.62 1966.65 2298.93 2690.72 3154.55 3707.58 4366.21 5152.71 6104.4 7256.3 8653.85 10366.5 12495.6 15136.6 18431.5 22658.3 28068.3 35029.4 44161.4 56388 72700.6 94673 125396 168015 227580 312565 435355 612304 869400 1.25034e+06 1.80558e+06 2.61046e+06 3.75295e+06 5.36405e+06 7.67505e+06 1.10209e+07 
3472.76 786.981 -195877 1652.13 1926 2248.47 2628.38 3076.38 3606.74 4239.14 4992.31 5891.74 6980.14 8297.6 9896.1 11855.1 14290.9 17312.4 21082.4 25919.3 32111 40079.1 50533.9 64534.2 83216.8 108387 143588 192432 260713 358157 498980 701959 996936 1.43407e+06 2.07132e+06 2.99521e+06 4.3067e+06 6.15608e+06 8.80889e+06 1.26496e+07 
2559.6 580.049 1045.4 -225469 2198.07 2566.11 2999.75 3511.09 4116.48 4838.37 5698.16 6724.95 7967.56 9471.77 11297 13534.1 16315.8 19766.9 24073.3 29599.4 36674.2 45780.4 57730.5 73736.8 95100.8 123890 164164 220061 298223 409798 571084 803616 1.14162e+06 1.6426e+06 2.37306e+06 3.43225e+06 4.93591e+06 7.05621e+06 1.00977e+07 1.45011e+07 
1882.58 426.628 768.902 1386.81 -259933 2896.84 3416.85 3999.37 4689.05 5511.48 6491.08 7661 9076.94 10791.1 12871.2 15421 18591.9 22526.2 27436.3 33738 41807.3 52195.3 65830.5 84098.2 108487 141360 187361 251226 340556 468114 652556 918548 1.30529e+06 1.87862e+06 2.71475e+06 3.92736e+06 5.64896e+06 8.07649e+06 1.15587e+07 1.66003e+07 
1382.02 313.194 564.469 1018.1 1821.64 -299933 3881.37 4543.19 5326.79 6261.28 7374.4 8703.88 10313.1 12261.3 14625.8 17524.4 21129.6 25603.5 31187.8 38356.2 47537.2 59358.9 74879.9 95680.4 123458 160912 213342 286158 388046 533590 744112 1.04782e+06 1.48953e+06 2.14452e+06 3.09997e+06 4.48591e+06 6.45378e+06 9.22845e+06 1.32087e+07 1.89713e+07 
1012.03 229.35 413.362 745.571 1346.02 2431.49 -346298 5146.44 6034.27 7093.12 8354.48 9861.1 11684.9 13893.2 16573.6 19859.8 23947.9 29021.8 35356.1 43489.3 53908.4 67327.6 84951.3 108578 140140 182712 242333 325169 441128 606844 846639 1.19271e+06 1.69623e+06 2.44307e+06 3.53282e+06 5.11396e+06 7.35924e+06 1.05249e+07 1.5066e+07 2.16409e+07 
738.796 167.43 301.768 544.301 982.676 1775.17 3209.96 -399966 6744.19 8011.64 9436.77 11139.2 13200.1 15696 18725.7 22440.8 27063.2 32801.3 39966.4 49168.6 60960.3 76151.8 96109.6 122875 158645 206913 274543 368552 500213 688462 960988 1.35447e+06 1.92722e+06 2.777e+06 4.01736e+06 5.81752e+06 8.37413e+06 1.19785e+07 1.71492e+07 2.46355e+07 
537.549 121.824 219.573 396.054 715.048 1291.74 2335.87 4185.63 -462215 9016.81 10621.3 12538.1 14859.1 17670 21082.7 25268.3 30477.1 36944.5 45022 55399.4 68701.1 85843.4 108373 138601 179016 233578 310070 416455 565534 778806 1.08772e+06 1.53398e+06 2.18386e+06 3.14844e+06 4.55688e+06 6.60164e+06 9.50604e+06 1.36005e+07 1.94743e+07 2.79788e+07 
389.899 88.3642 159.269 287.286 518.69 937.05 1694.53 3068.61 5564.7 -534088 11899.9 14048.4 16650.4 19802.2 23629.4 28324.2 34168.5 41426.5 50494.1 62147.6 77090.7 96356 121687 155693 201184 262632 348838 468812 637046 877889 1.22697e+06 1.73155e+06 2.46681e+06 3.55859e+06 5.1535e+06 7.46986e+06 1.07606e+07 1.53995e+07 2.20543e+07 3.16896e+07 
281.545 63.8087 115.012 207.463 374.58 676.731 1223.83 2216.32 4019.35 7296.77 -617357 15671.9 18576.3 22095.3 26369.1 31612.9 38142.5 46254.1 56391 69424.5 86144.1 107709 136080 174189 225200 294150 390956 525782 714988 986070 1.37926e+06 1.94802e+06 2.77736e+06 4.00945e+06 5.81027e+06 8.42682e+06 1.21448e+07 1.73854e+07 2.49037e+07 3.57895e+07 
202.244 45.8371 82.6215 149.04 269.105 486.193 879.294 1592.46 2888.14 5243.54 9539.56 -713967 20472.3 24537.3 29287.7 35117.8 42379.8 51404.2 62685.9 77198 95823.4 119859 151498 194027 250993 328051 436334 587273 799277 1.10329e+06 1.54463e+06 2.18352e+06 3.11587e+06 4.50179e+06 6.52862e+06 9.47502e+06 1.36627e+07 1.95647e+07 2.80322e+07 4.02924e+07 
144.661 32.7873 59.101 106.615 192.511 347.828 629.091 1139.4 2066.6 3752.33 6827.29 12360.8 -825778 27069.5 32315.8 38756.6 46782.5 56759.9 69238.4 85299.2 105924 132556 167639 214836 278109 363775 484282 652435 888869 1.22829e+06 1.72153e+06 2.43626e+06 3.48028e+06 5.03325e+06 7.30604e+06 1.0612e+07 1.5312e+07 2.19354e+07 3.14379e+07 4.51971e+07 
102.872 23.3165 42.0308 75.8245 136.92 247.4 447.483 810.532 1470.24 2669.78 4858.17 8863.24 16194.4 -955757 35428 42499.1 51314.2 62278 75996.6 93665.3 116370 145709 184390 236478 306376 401110 534540 720951 983381 1.36061e+06 1.90943e+06 2.70564e+06 3.86994e+06 5.60326e+06 8.1421e+06 1.18377e+07 1.70933e+07 2.44987e+07 3.51235e+07 5.05079e+07 
72.6378 16.4643 29.6801 53.5461 96.6958 174.73 316.065 572.54 1038.64 1886.26 3432.84 6263.79 11446.9 20976.5 -1.10712e+06 45782.4 55919.3 67891.2 82879.7 102199 127043 159171 201571 258729 335516 439712 586674 792275 1.08213e+06 1.49939e+06 2.10729e+06 2.99037e+06 4.28334e+06 6.20999e+06 9.03471e+06 1.31497e+07 1.90041e+07 2.72519e+07 3.90858e+07 5.6221e+07 
50.9327 11.545 20.8131 37.5511 67.8154 122.552 221.7 401.639 728.688 1323.54 2409.09 4396.53 8036.14 14729.8 26799.6 -1.2849e+06 60468 73444.3 89700.6 110672 137664 172604 218764 281073 364886 478775 639675 865137 1.18352e+06 1.64264e+06 2.31261e+06 3.28735e+06 4.71666e+06 6.8488e+06 9.9783e+06 1.45416e+07 2.10367e+07 3.01855e+07 4.33127e+07 6.23209e+07 
35.4974 8.04663 14.5071 26.1755 47.275 85.44 154.579 280.072 508.197 923.198 1680.7 3067.84 5608.88 10283.6 18927.1 34963.7 -1.49253e+06 78702.8 96176.8 118742 147818 185496 235340 302726 393511 517081 692009 937612 1.28515e+06 1.78735e+06 2.52164e+06 3.59199e+06 5.16439e+06 7.51312e+06 1.09652e+07 1.60048e+07 2.31817e+07 3.32887e+07 4.77914e+07 6.87913e+07 
24.5219 5.55898 10.0228 18.0857 32.6668 59.0444 106.836 193.594 351.333 638.35 1162.36 2122.18 3881.01 7117.91 13105.3 24219.2 44884.9 -1.73818e+06 102279 126373 157455 197786 251219 323585 421255 554451 743443 1.00939e+06 1.3866e+06 1.93301e+06 2.73377e+06 3.90359e+06 5.62575e+06 8.20217e+06 1.19949e+07 1.75392e+07 2.54399e+07 3.65634e+07 5.25256e+07 7.56385e+07 
16.7743 3.80286 6.85704 12.3742 22.3526 40.4061 73.1207 132.519 240.534 437.123 796.131 1453.91 2659.7 4879.72 8988.01 16618.1 30815.1 57460.4 -2.03186e+06 132645 166399 209254 266129 343310 447690 590350 793301 1.07963e+06 1.48683e+06 2.07834e+06 2.94747e+06 4.22039e+06 6.09891e+06 8.91426e+06 1.30662e+07 1.91449e+07 2.78136e+07 4.00151e+07 5.75248e+07 8.28783e+07 
11.4119 2.58734 4.66571 8.42052 15.2124 27.5027 49.7777 90.2294 163.808 297.759 542.455 990.947 1813.46 3328.57 6133.9 11347.5 21056 39292.9 73412 -2.38101e+06 173841 218910 278847 360385 470932 622428 838655 1.1447e+06 1.58139e+06 2.21796e+06 3.15643e+06 4.53528e+06 6.5764e+06 9.64235e+06 1.41741e+07 2.08216e+07 3.03104e+07 4.36617e+07 6.28223e+07 9.05649e+07 
7.69627 1.74507 3.14716 5.68053 10.2637 18.5586 33.5954 60.9086 110.602 201.101 366.478 669.709 1226.11 2251.6 4151.57 7685.19 14271.4 26655.6 50141.7 94650.3 -2.80424e+06 226962 289629 375123 491370 651177 880141 1.20544e+06 1.67144e+06 2.35355e+06 3.36317e+06 4.8522e+06 7.06452e+06 1.03966e+07 1.5335e+07 2.25953e+07 3.29708e+07 4.75641e+07 6.85078e+07 9.88297e+07 
5.13907 1.16535 2.10189 3.79432 6.85659 12.4001 22.4514 40.7135 73.9493 134.498 245.19 448.242 821.035 1508.56 2783.27 5155.99 9583.05 17916.5 33740.3 63776.8 121445 -3.32324e+06 295252 387743 509290 676981 918300 1.26265e+06 1.75818e+06 2.48705e+06 3.57087e+06 5.17647e+06 7.57226e+06 1.11921e+07 1.65738e+07 2.45069e+07 3.58592e+07 5.18194e+07 7.47256e+07 1.07885e+08 
3.40747 0.772767 1.39398 2.51676 4.54869 8.22784 14.9006 27.0276 49.1055 89.3442 162.939 298.01 546.159 1004.14 1853.95 3437.31 6395.09 11970 22570.9 42731.3 81517.6 155301 -3.97127e+06 397579 523881 698867 952001 1.3151e+06 1.84045e+06 2.6177e+06 3.78002e+06 5.51121e+06 8.10798e+06 1.20468e+07 1.79248e+07 2.66175e+07 3.90774e+07 5.65861e+07 8.17154e+07 1.18086e+08 
2.25175 0.510727 0.921425 1.66386 3.00775 5.44176 9.85755 17.8855 32.5066 59.1679 107.956 197.552 362.282 666.569 1231.72 2285.9 4257.9 7980.4 15070.9 28585.3 54648.6 105566 205788 -4.77617e+06 533874 715267 979355 1.36061e+06 1.91598e+06 2.74367e+06 3.99037e+06 5.86008e+06 8.68348e+06 1.29877e+07 1.94417e+07 2.90252e+07 4.27918e+07 6.21252e+07 8.98734e+07 1.30022e+08 
1.47522 0.334645 0.603844 1.09059 1.97186 3.56845 6.46598 11.7357 21.3374 38.8556 70.9315 129.875 238.341 438.887 811.756 1508.13 2812.86 5279.89 9987.91 18983.6 36379.6 70467.3 137807 271321 -5.8054e+06 728972 1.00401e+06 1.40404e+06 1.99138e+06 2.87432e+06 4.21576e+06 6.24419e+06 9.33211e+06 1.40685e+07 2.12116e+07 3.18701e+07 4.72216e+07 6.87677e+07 9.96908e+07 1.44413e+08 
0.956953 0.217111 0.391831 0.707818 1.28007 2.31716 4.19999 7.62565 13.8704 25.2707 46.1583 84.5697 155.319 286.267 530.016 985.877 1841.44 3462.2 6561.68 12500.2 24019.1 46666.8 91589 181101 363178 -7.15521e+06 1.02366e+06 1.44782e+06 2.07046e+06 3.01594e+06 4.46708e+06 6.68288e+06 1.00886e+07 1.53513e+07 2.33425e+07 3.5336e+07 5.26656e+07 7.69738e+07 1.1186e+08 1.62282e+08 
0.620097 0.140709 0.253996 0.458933 0.830182 1.50325 2.72571 4.95091 9.00955 16.424 30.0188 55.0398 101.176 186.669 346.022 644.519 1205.86 2271.55 4314.48 8241.33 15885.3 30974.2 61048 121333 244754 500890 -8.88276e+06 1.47435e+06 2.13029e+06 3.1395e+06 4.70967e+06 7.13887e+06 1.09216e+07 1.68281e+07 2.58803e+07 3.95741e+07 5.94483e+07 8.73102e+07 1.27291e+08 1.85019e+08 
0.395954 0.0898638 0.162249 0.293232 0.530586 0.961076 1.74331 3.16789 5.76779 10.5208 19.2428 35.3099 64.9699 120.004 222.731 415.488 778.763 1470.05 2798.76 5361.72 10370.2 20300.1 40196.7 80346.9 163144 337673 702744 -1.1175e+07 2.17239e+06 3.24571e+06 4.94375e+06 7.61378e+06 1.18402e+07 1.85296e+07 2.89037e+07 4.4756e+07 6.78956e+07 1.00325e+08 1.46854e+08 2.13934e+08 
0.246607 0.0559794 0.101094 0.182754 0.330778 0.599366 1.08764 1.97735 3.6021 6.57475 12.0342 22.1009 40.7071 75.2781 139.907 261.402 490.898 928.709 1772.59 3406.5 6612.84 12999.8 25871 52033.5 106415 222078 466975 999069 -1.42752e+07 3.28206e+06 5.14368e+06 8.07214e+06 1.28015e+07 2.04174e+07 3.24047e+07 5.09557e+07 7.82357e+07 1.16473e+08 1.7133e+08 2.50258e+08 
0.148475 0.0337103 0.0608925 0.110109 0.199355 0.361364 0.656034 1.19327 2.17498 3.97262 7.27706 13.3762 24.6639 45.6675 84.9971 159.075 299.348 567.663 1086.4 2094.84 4082.73 8062.74 16133.8 32670.2 67346 141837 301747 654479 1.43905e+06 -1.85365e+07 5.19893e+06 8.35044e+06 1.35729e+07 2.2183e+07 3.60064e+07 5.77667e+07 9.00945e+07 1.35455e+08 2.00531e+08 2.93892e+08 
0.0847133 0.0192374 0.034758 0.0628688 0.113861 0.20647 0.374998 0.682428 1.24459 2.27484 4.17039 7.67266 14.163 26.2579 48.9435 91.7577 173.034 328.927 631.255 1221.45 2390.32 4743.02 9545.35 19467.8 40470.1 86074.2 185462 408435 924024 2.13008e+06 -2.43213e+07 8.14909e+06 1.36693e+07 2.30867e+07 3.86452e+07 6.37568e+07 1.0165e+08 1.5499e+08 2.31546e+08 3.40895e+08 
0.0433029 0.00983557 0.0177751 0.0321597 0.0582623 0.105689 0.192041 0.349652 0.638049 1.16703 2.14116 3.94283 7.28608 13.5255 25.2478 47.4148 89.6009 170.738 328.576 637.985 1253.64 2499.44 5059.1 10392.8 21790.2 46810.2 102193 228662 527140 1.24371e+06 2.96236e+06 -3.27285e+07 1.2574e+07 2.21098e+07 3.84717e+07 6.57897e+07 1.07956e+08 1.67711e+08 2.53609e+08 3.75623e+08 
0.0208724 0.00474177 0.00857149 0.0155122 0.0281113 0.0510135 0.0927328 0.168922 0.308425 0.56451 1.03652 1.91038 3.53405 6.56868 12.2792 23.0989 43.7406 83.5479 161.222 314.111 619.736 1241.43 2527.13 5228.93 11057.4 23993.6 53084.6 120738 283848 686388 1.68719e+06 4.26937e+06 -4.49456e+07 2.06196e+07 3.76884e+07 6.74089e+07 1.14745e+08 1.82613e+08 2.80524e+08 4.1871e+08 
0.00875546 0.00198942 0.00359697 0.00651121 0.011803 0.0214261 0.0389639 0.0710083 0.129717 0.23757 0.436525 0.805196 1.49102 2.77454 5.19345 9.78474 18.5637 35.5354 68.7441 134.356 266.069 535.289 1095.38 2281.54 4862.97 10651 23861.2 55122.4 132070 327262 831296 2.19004e+06 6.0153e+06 -6.25561e+07 3.138e+07 5.99513e+07 1.08169e+08 1.79246e+08 2.82935e+08 4.28206e+08 
0.00310854 0.000706441 0.00127754 0.00231313 0.00419414 0.00761607 0.013855 0.0252601 0.0461669 0.0846012 0.155554 0.287144 0.532205 0.991399 1.85798 3.50552 6.66227 12.7788 24.7777 48.5658 96.5041 194.921 400.783 839.832 1802.97 3982.46 9023.8 21143.5 51543.4 130622 342177 937064 2.70362e+06 7.71637e+06 -8.87686e+07 4.58593e+07 8.95485e+07 1.57556e+08 2.59523e+08 4.02206e+08 
0.000931613 0.000211749 0.000383 0.000693608 0.00125794 0.00228491 0.00415804 0.00758362 0.0138663 0.0254233 0.0467728 0.0863979 0.160265 0.298829 0.560645 1.05914 2.01604 3.8739 7.52678 14.7908 29.4799 59.7544 123.386 259.942 561.62 1249.88 2860.72 6787.63 16803.6 43447 117038 332223 1.00254e+06 3.05636e+06 9.50763e+06 -1.27691e+08 6.45415e+07 1.24683e+08 2.1888e+08 3.52818e+08 
0.00023022 5.23335e-05 9.46716e-05 0.000171477 0.000311049 0.000565113 0.00102865 0.00187664 0.00343249 0.00629591 0.0115884 0.0214171 0.0397535 0.0741795 0.13929 0.263403 0.501991 0.965952 1.87981 3.70146 7.39503 15.0309 31.1406 65.8817 143.054 320.242 738.765 1770.15 4435.24 11648.8 32078.2 93718 293372 948002 3.19158e+06 1.10954e+07 -1.81822e+08 8.31661e+07 1.62391e+08 2.82007e+08 
4.57847e-05 1.04085e-05 1.88308e-05 3.41113e-05 6.18833e-05 0.000112445 0.000204711 0.000373538 0.00068337 0.00125377 0.00230838 0.00426765 0.00792463 0.0147942 0.0277945 0.0525934 0.100309 0.193187 0.376332 0.741945 1.4845 3.02249 6.27481 13.3095 28.9891 65.1305 150.981 363.972 918.816 2437.08 6806.08 20259.4 64969 218598 781398 2.98262e+06 1.15727e+07 -2.484e+08 9.78491e+07 1.99279e+08 
7.15275e-06 1.62617e-06 2.94221e-06 5.33011e-06 9.67045e-06 1.75735e-05 3.1997e-05 5.83932e-05 0.000106844 0.000196061 0.000361056 0.000667666 0.00124015 0.00231598 0.0043528 0.00824017 0.0157246 0.0303033 0.0590732 0.116566 0.233468 0.475915 0.989424 2.10239 4.58874 10.3348 24.035 58.1744 147.579 393.953 1110.24 3345.17 10897.7 37676.7 140540 571723 2.4674e+06 1.06843e+07 -3.28632e+08 1.19785e+08 
8.47643e-07 1.92718e-07 3.487e-07 6.31739e-07 1.14624e-06 2.08314e-06 3.79322e-06 6.92313e-06 1.26689e-05 2.32508e-05 4.2824e-05 7.92042e-05 0.000147148 0.000274865 0.000516739 0.000978536 0.00186803 0.0036015 0.00702423 0.0138689 0.027797 0.0567079 0.118005 0.251028 0.548613 1.23743 2.88325 6.99439 17.791 47.651 134.903 408.909 1342.45 4706.09 17976.1 76059.3 353639 1.79586e+06 9.88609e+06 -4.17786e+08 
dt_FE: 2.39356e-09
dt_EA: 2.39356e-09
dt_PE: 2.39356e-09
tolC: 1e-06
dt_grow: 1.03
dt_max: 0.1
steps: 0
