t: 6.0106e-09
dt: 8.31949e-10
N: 0.00363434 0.00419704 0.00484467 0.00559009 0.00644754 0.00743132 0.00855944 0.00985224 0.0113305 0.0130139 0.0149313 0.0171112 0.0195694 0.0223383 0.02545 0.0289206 0.0327435 0.0369536 0.0415607 0.0464469 0.0516087 0.0569997 0.0624221 0.0675321 0.0722538 0.0763579 0.0787207 0.0792653 0.0777164 0.0731812 0.0770067 0.393064 0.314012 0.0190158 0.00764394 0.0026863 0.000751847 0.000163456 2.74789e-05 3.4721e-06 
eC: 1 1.15749 1.33977 1.55077 1.795 2.07768 2.40489 2.78363 3.22201 3.72944 4.31677 4.99661 5.78351 6.69433 7.7486 8.9689 10.3814 12.0163 13.9087 16.0991 18.6345 21.5692 24.9661 28.8979 33.4489 38.7167 44.814 51.8717 60.0407 69.4963 80.4411 93.1095 107.773 124.746 144.391 167.131 193.452 223.918 259.182 300 
dV: 1.08333 0.211322 0.327712 0.508206 0.788112 1.22218 1.89532 2.93921 4.55805 7.06849 10.9616 16.999 26.3615 40.8807 63.3966 98.3136 152.462 236.434 366.655 568.597 881.764 1367.42 2120.55 3288.49 5099.69 7908.45 12264.2 19019 29494.1 45738.6 70930.1 109996 170579 264529 410225 636165 986546 1.52991e+06 2.37254e+06 3.67926e+06 
kVec: 822717 955725 1.10299e+06 1.27321e+06 1.46982e+06 1.69633e+06 1.9572e+06 2.25751e+06 2.60289e+06 2.99854e+06 3.45244e+06 3.97278e+06 4.56536e+06 5.24068e+06 6.0097e+06 6.88276e+06 7.86358e+06 8.97017e+06 1.02176e+07 1.1592e+07 1.31151e+07 1.48004e+07 1.6648e+07 1.8612e+07 2.07419e+07 2.30823e+07 2.54501e+07 2.79927e+07 3.0841e+07 3.41249e+07 3.79267e+07 4.30985e+07 5.17149e+07 6.62014e+07 9.02255e+07 1.27736e+08 1.81039e+08 2.47246e+08 3.27344e+08 4.16498e+08 
cMat: 
-200378 956.643 1124.11 1309.39 1526.42 1781.94 2082.99 2437.95 2858.16 3359.18 3955.85 4668.32 5530.4 6573.79 7839.62 9390.73 11319 13710.6 16694 20520.9 25418.5 31719.6 39984.6 51048.6 65807.8 85684.5 113471 152010 205863 282682 393653 553542 785810 1.12992e+06 1.63141e+06 2.35829e+06 3.39002e+06 4.84496e+06 6.93194e+06 9.95342e+06 
4862.7 -236795 1294.87 1508.31 1758.32 2052.68 2399.49 2808.42 3292.54 3869.76 4557.2 5378.1 6371.42 7573.71 9032.39 10819.9 13042.2 15798.8 19237.8 23649.5 29296.1 36561.7 46093.1 58854.6 75880.7 98814.3 130881 175364 237535 326237 454398 639088 907430 1.30503e+06 1.88456e+06 2.72465e+06 3.91712e+06 5.59869e+06 8.01078e+06 1.1503e+07 
3648.53 826.814 -272845 1735.76 2023.49 2362.27 2761.42 3232.09 3789.3 4453.7 5245 6189.95 7333.44 8717.58 10397 12455.2 15014.2 18188.7 22149.5 27231.2 33736.3 42107.8 53091.7 67800.6 87428.8 113873 150856 202172 273909 376285 524236 737489 1.0474e+06 1.50665e+06 2.17616e+06 3.14681e+06 4.52469e+06 6.46767e+06 9.25475e+06 1.32899e+07 
2709.51 614.021 1106.63 -314959 2326.8 2716.4 3175.43 3716.73 4357.57 5121.73 6031.88 7118.8 8434.19 10026.5 11958.6 14326.7 17271.4 20924.6 25483.2 31332.9 38822.1 48461.6 61111.6 78055.3 100671 131146 173779 232949 315689 433798 604530 850681 1.20848e+06 1.7388e+06 2.51205e+06 3.63326e+06 5.22499e+06 7.46946e+06 1.0689e+07 1.53503e+07 
2010.16 455.539 821.008 1480.79 -364079 3093.14 3648.39 4270.39 5006.81 5884.97 6930.96 8180.16 9692.05 11522.4 13743.5 16466 19851.8 24052.7 29295.5 36024.3 44640.4 55732.4 70291.6 89797.2 115838 150939 200058 268251 363635 499837 696778 980794 1.39374e+06 2.00593e+06 2.89872e+06 4.1935e+06 6.03177e+06 8.62381e+06 1.2342e+07 1.77252e+07 
1490.35 337.745 608.717 1097.91 1964.44 -421205 4185.63 4899.33 5744.35 6752.09 7952.47 9386.17 11121.5 13222.5 15772.3 18898.1 22785.9 27610.5 33632.5 41362.9 51263.6 64012 80749.7 103181 133136 173525 230066 308590 418465 575417 802442 1.12995e+06 1.6063e+06 2.31263e+06 3.34297e+06 4.83755e+06 6.95969e+06 9.95186e+06 1.42441e+07 2.04584e+07 
1103.78 250.142 450.836 813.163 1468.05 2651.93 -487622 5613.01 6581.32 7736.17 9111.88 10755.1 12744.2 15152.7 18076.1 21660.3 26119 31652.9 38561.5 47432 58795.7 73431.5 92652.9 118421 152845 199276 264302 354649 481120 661859 923394 1.30084e+06 1.85001e+06 2.66456e+06 3.8531e+06 5.57758e+06 8.02641e+06 1.14791e+07 1.64319e+07 2.36028e+07 
816.247 184.983 333.404 601.363 1085.7 1961.27 3546.47 -564810 7451.22 8851.54 10426.1 12306.9 14584 17341.5 20688.8 24793.3 29900.4 36240.1 44156.2 54323.2 67351.1 84135.2 106185 135757 175277 228605 303325 407189 552653 760637 1.06173e+06 1.49646e+06 2.12926e+06 3.06813e+06 4.43852e+06 6.4274e+06 9.25203e+06 1.32343e+07 1.8947e+07 2.72181e+07 
602.695 136.589 246.184 444.053 801.706 1448.29 2618.96 4692.9 -654671 10109.6 11908.5 14057.7 16659.9 19811.5 23637.8 28330.6 34170.7 41421.9 50478.4 62113.4 77027.2 96247 121507 155399 200712 261886 347649 466927 634072 873192 1.21955e+06 1.71988e+06 2.44853e+06 3.53001e+06 5.10914e+06 7.40171e+06 1.06581e+07 1.52488e+07 2.18345e+07 3.13696e+07 
444.485 100.735 181.566 327.506 591.305 1068.24 1931.76 3498.21 6343.75 -758868 13565.8 16015.2 18981.4 22574.5 26937.5 32289.6 38952 47226.2 57563.2 70848.2 87883.3 109846 138724 177490 229349 299400 397675 534445 726231 1.00079e+06 1.39874e+06 1.97396e+06 2.81216e+06 4.05679e+06 5.87499e+06 8.51563e+06 1.22671e+07 1.75554e+07 2.51418e+07 3.61261e+07 
327.057 74.1234 133.604 240.999 435.132 786.125 1421.66 2574.59 4669.08 8476.3 -880143 18205.3 21579.2 25667 30631.6 36723.2 44308.2 53731.1 65506.7 80647 100069 125121 158077 202347 261603 341700 454154 610775 830566 1.14547e+06 1.60222e+06 2.26291e+06 3.22632e+06 4.65758e+06 6.7495e+06 9.78902e+06 1.4108e+07 2.01958e+07 2.89294e+07 4.15749e+07 
239.974 54.3882 98.0349 176.844 319.307 576.895 1043.33 1889.54 3426.93 6221.75 11319.2 -1.02149e+06 24291.4 29114.8 34751.4 41669.2 50286 60993.9 74380.2 91599.7 113700 142219 179761 230224 297818 389251 517734 696832 948385 1.30912e+06 1.83278e+06 2.59087e+06 3.69716e+06 5.34161e+06 7.74656e+06 1.12426e+07 1.62115e+07 2.32146e+07 3.32617e+07 4.78091e+07 
175.757 39.8349 71.8048 129.532 233.892 422.594 764.316 1384.31 2510.82 4558.9 8294.82 15017.8 -1.18567e+06 32888.2 39262.2 47087.5 56838.4 68960.6 84121.3 103634 128693 161050 203673 261016 337889 441969 588379 792678 1.07993e+06 1.49232e+06 2.09157e+06 2.95994e+06 4.22837e+06 6.11516e+06 8.87648e+06 1.28931e+07 1.86033e+07 2.66504e+07 3.81956e+07 5.49123e+07 
128.313 29.0829 52.4255 94.5767 170.782 308.585 558.15 1010.99 1833.84 3330.05 6059.64 11055.2 20199.5 -1.37712e+06 44189.7 53009.5 64004.8 77679.9 94791.3 116830 145150 181745 229991 294961 382146 500309 666737 899249 1.22658e+06 1.6971e+06 2.38165e+06 3.37477e+06 4.82702e+06 6.989e+06 1.01557e+07 1.47652e+07 2.13206e+07 3.05574e+07 4.38099e+07 6.29991e+07 
93.2733 21.1416 38.1119 68.7579 124.166 224.369 405.855 735.191 1333.7 2422.12 4408.08 8043.26 14698.8 26935.7 -1.60061e+06 58788.6 71805.3 87178.4 106425 131232 163134 204390 258834 332231 430832 564629 753342 1.01735e+06 1.38955e+06 1.92535e+06 2.70595e+06 3.8399e+06 5.50019e+06 7.97418e+06 1.16014e+07 1.68854e+07 2.44029e+07 3.49938e+07 5.01896e+07 7.21928e+07 
67.5106 15.3027 27.5875 49.7735 89.8884 162.441 293.86 532.367 965.866 1754.33 3193.22 5827.53 10651.8 19524.1 35522.5 -1.86307e+06 80149.5 97349.4 118897 146694 182472 228785 289969 372558 483652 634610 847880 1.14673e+06 1.56874e+06 2.1773e+06 3.06533e+06 4.35733e+06 6.25187e+06 9.07799e+06 1.32261e+07 1.92747e+07 2.78838e+07 4.00105e+07 5.74104e+07 8.26054e+07 
48.6768 11.0342 19.8933 35.8939 64.8273 117.162 211.971 384.057 696.88 1265.96 2304.71 4206.87 7691.33 14101.7 25954.3 47945 -2.16879e+06 107924 131885 162829 202699 254367 322717 415121 539613 709062 948937 1.28573e+06 1.76229e+06 2.45095e+06 3.45787e+06 4.92563e+06 7.08183e+06 1.03026e+07 1.50364e+07 2.19471e+07 3.17885e+07 4.56481e+07 6.55354e+07 9.43321e+07 
34.863 7.90325 14.2496 25.7126 46.4427 83.944 151.889 275.234 499.493 907.548 1652.54 3017.13 5517.67 10119.6 18631.9 34432.7 63813.3 -2.52864e+06 145411 179666 223856 281194 357161 460044 598902 788269 1.05696e+06 1.43506e+06 1.97134e+06 2.74818e+06 3.88662e+06 5.54976e+06 7.99818e+06 1.16611e+07 1.70533e+07 2.49356e+07 3.61681e+07 5.19826e+07 7.4676e+07 1.07536e+08 
24.7655 5.61452 10.1237 18.2692 33.0013 59.6554 107.955 195.65 355.124 645.366 1175.4 2146.54 3926.77 7204.4 13269.9 24534.8 45495.3 84834.3 -2.9549e+06 195836 245671 308942 392911 506861 660968 871589 1.17123e+06 1.59397e+06 2.19515e+06 3.06845e+06 4.35164e+06 6.23097e+06 9.0044e+06 1.3161e+07 1.92909e+07 2.82655e+07 4.10638e+07 5.90781e+07 8.49294e+07 1.22361e+08 
17.4905 3.9655 7.15092 12.9058 23.3154 42.1522 76.2921 138.291 251.061 456.362 831.397 1518.78 2779.41 5101.54 9401.16 17391.8 32271.6 60222.5 112515 -3.45435e+06 266438 335513 427376 552346 721776 953967 1.28537e+06 1.75443e+06 2.42373e+06 3.39937e+06 4.83772e+06 6.95103e+06 1.00794e+07 1.47784e+07 2.17241e+07 3.19124e+07 4.64554e+07 6.69184e+07 9.62849e+07 1.38805e+08 
12.229 2.77282 5.00067 9.02605 16.3084 29.4886 53.3813 96.7805 175.741 319.538 582.313 1064.13 1948.22 3577.67 6596.61 12211.3 22676.6 42354.3 79672.4 150394 -4.04797e+06 360631 460205 596050 780761 1.03469e+06 1.3985e+06 1.91539e+06 2.65582e+06 3.73967e+06 5.34389e+06 7.70988e+06 1.12251e+07 1.65196e+07 2.43664e+07 3.59028e+07 5.23889e+07 7.55768e+07 1.08855e+08 1.57035e+08 
8.44015 1.91391 3.45204 6.23159 11.2609 20.3652 36.873 66.8657 121.45 220.893 402.687 736.169 1348.43 2477.58 4571.1 8467.93 15738.7 29425.2 55413.4 104744 199456 -4.75706e+06 484907 636810 836432 1.11184e+06 1.50817e+06 2.07372e+06 2.88755e+06 4.08459e+06 5.86462e+06 8.50157e+06 1.24363e+07 1.83814e+07 2.722e+07 4.02489e+07 5.88933e+07 8.51054e+07 1.22725e+08 1.77184e+08 
5.74857 1.3037 2.35171 4.2459 7.67386 13.8808 25.138 45.5968 82.8433 150.728 274.886 502.758 921.396 1694.04 3127.71 5798.91 10788.8 20193.9 38078.2 72089.7 137524 262001 -5.6163e+06 670735 883813 1.17902e+06 1.60607e+06 2.21864e+06 3.10494e+06 4.41618e+06 6.37707e+06 9.29768e+06 1.36786e+07 2.03236e+07 3.02401e+07 4.4905e+07 6.59256e+07 9.54635e+07 1.37858e+08 1.99217e+08 
3.86123 0.875778 1.58003 2.85314 5.1576 9.33135 16.9034 30.6695 55.7413 101.459 185.12 338.757 621.23 1143.01 2112.12 3919.79 7301.32 13684.5 25843.1 49017.1 93709.7 181021 352878 -6.64368e+06 915471 1.22652e+06 1.67937e+06 2.33313e+06 3.28546e+06 4.70475e+06 6.84257e+06 1.00487e+07 1.48902e+07 2.22708e+07 3.3338e+07 4.97714e+07 7.33779e+07 1.0653e+08 1.54112e+08 2.22958e+08 
2.53931 0.576028 1.0394 1.87724 3.39418 6.14242 11.13 20.2008 36.7284 66.8826 122.095 223.556 410.259 755.461 1397.28 2595.97 4841.8 9088.34 17192.3 32676.7 62620.6 121296 237210 467028 -7.90234e+06 1.25479e+06 1.72821e+06 2.41679e+06 3.42778e+06 4.9476e+06 7.25664e+06 1.07482e+07 1.60635e+07 2.42163e+07 3.65118e+07 5.48584e+07 8.1283e+07 1.18371e+08 1.71599e+08 2.48579e+08 
1.62795 0.369344 0.666575 1.20413 2.17763 3.94191 7.14494 12.9726 23.5961 42.99 78.5236 143.868 264.226 486.992 901.653 1677.16 3132.62 5889.83 11162.6 21265.1 40860.9 79388.6 155810 308086 617832 -9.47876e+06 1.74144e+06 2.463e+06 3.52222e+06 5.13066e+06 7.5993e+06 1.13688e+07 1.71625e+07 2.61153e+07 3.97097e+07 6.01129e+07 8.95936e+07 1.30946e+08 1.90293e+08 2.76071e+08 
1.01998 0.231448 0.41779 0.754884 1.36554 2.47265 4.48343 8.14359 14.8195 27.0153 49.3769 90.5333 166.42 307.046 569.16 1060.15 1983.48 3736.4 7096.76 13555.9 26129.2 50948.5 100416 199576 402588 823898 -1.14009e+07 2.42511e+06 3.50405e+06 5.16407e+06 7.74679e+06 1.17425e+07 1.79646e+07 2.768e+07 4.25698e+07 6.50942e+07 9.77846e+07 1.43614e+08 2.09378e+08 3.04331e+08 
0.617157 0.140067 0.252891 0.457048 0.827001 1.49799 2.71722 4.93766 8.99 16.3984 29.9929 55.036 101.266 187.045 347.161 647.604 1213.82 2291.31 4362.3 8357.08 16163.6 31640.9 62652.9 125233 254285 526317 1.09534e+06 -1.38296e+07 3.38602e+06 5.05896e+06 7.70561e+06 1.18673e+07 1.84549e+07 2.88813e+07 4.5051e+07 6.97593e+07 1.05826e+08 1.56372e+08 2.28895e+08 3.3345e+08 
0.357759 0.0812106 0.146659 0.265125 0.479868 0.869515 1.57787 2.86859 5.22566 9.53815 17.4584 32.0623 59.0547 109.208 202.967 379.221 712.158 1347.3 2571.54 4941.89 9593.41 18859.1 37531.7 75486.2 154379 322174 677451 1.44937e+06 -1.6948e+07 4.76136e+06 7.46206e+06 1.17104e+07 1.85714e+07 2.962e+07 4.70103e+07 7.39227e+07 1.13498e+08 1.68971e+08 2.48553e+08 3.63055e+08 
0.197725 0.044892 0.0810906 0.146632 0.265482 0.481229 0.873641 1.58907 2.89642 5.29034 9.69087 17.8131 32.8449 60.8155 113.191 211.841 398.643 755.958 1446.76 2789.7 5436.97 10737.2 21485.4 43507 89684.8 188885 401837 871570 1.91638e+06 -2.10488e+07 6.92342e+06 1.11203e+07 1.8075e+07 2.95411e+07 4.79498e+07 7.6928e+07 1.19979e+08 1.80386e+08 2.67048e+08 3.91376e+08 
0.101889 0.0231379 0.0418052 0.0756155 0.136947 0.248332 0.45103 0.820791 1.49693 2.73607 5.01595 9.2283 17.0346 31.5818 58.8669 110.362 208.117 395.618 759.243 1469.1 2874.96 5704.67 11480.7 23414.9 48675.4 103526 223065 491246 1.11137e+06 2.56195e+06 -2.64633e+07 9.80133e+06 1.64407e+07 2.77675e+07 4.64805e+07 7.66835e+07 1.2226e+08 1.86415e+08 2.78492e+08 4.10011e+08 
0.0320961 0.00729012 0.0131749 0.0238368 0.043184 0.078337 0.142341 0.259162 0.472922 0.865 1.58703 2.92243 5.40044 10.0251 18.7137 35.1439 66.4122 126.551 243.541 472.875 929.201 1852.58 3749.81 7703.16 16150.9 34695.8 75745.6 169485 390717 921838 2.1957e+06 -3.6566e+07 9.31988e+06 1.63878e+07 2.85152e+07 4.87633e+07 8.00173e+07 1.24308e+08 1.87975e+08 2.78412e+08 
0.015867 0.00360465 0.00651597 0.0117922 0.02137 0.0387801 0.0704947 0.128413 0.234462 0.429135 0.787955 1.45225 2.68655 4.99345 9.33454 17.5596 33.2513 63.5124 122.56 238.785 471.118 943.726 1921.1 3974.99 8405.78 18239.8 40354.5 91784.1 215779 521787 1.28258e+06 3.24554e+06 -4.8519e+07 1.56748e+07 2.86504e+07 5.12437e+07 8.72279e+07 1.38821e+08 2.13252e+08 3.183e+08 
0.00894866 0.00203332 0.00367634 0.00665489 0.0120634 0.0218989 0.0398237 0.0725753 0.132579 0.242812 0.446158 0.822965 1.52393 2.83577 5.30805 10.0007 18.9733 36.3196 70.261 137.32 271.94 547.101 1119.55 2331.89 4970.28 10886 24387.8 56338.8 134985 334483 849640 2.23837e+06 6.14804e+06 -6.26836e+07 3.20724e+07 6.12742e+07 1.10556e+08 1.83201e+08 2.89179e+08 4.37655e+08 
0.00313329 0.000712065 0.00128771 0.00233154 0.00422753 0.0076767 0.0139653 0.0254612 0.0465344 0.0852748 0.156792 0.28943 0.536442 0.999291 1.87277 3.53343 6.71531 12.8806 24.975 48.9524 97.2724 196.473 403.973 846.518 1817.32 4014.17 9095.64 21311.8 51953.8 131662 344901 944524 2.72515e+06 7.77781e+06 -8.85682e+07 4.62244e+07 9.02614e+07 1.5881e+08 2.61589e+08 4.05408e+08 
0.000933774 0.00021224 0.000383888 0.000695216 0.00126085 0.00229021 0.00416768 0.00760121 0.0138984 0.0254822 0.0468813 0.0865982 0.160637 0.299522 0.561945 1.0616 2.02072 3.88289 7.54424 14.8251 29.5483 59.893 123.672 260.545 562.922 1252.77 2867.36 6803.37 16842.6 43547.7 117309 332994 1.00486e+06 3.06345e+06 9.52968e+06 -1.27065e+08 6.46912e+07 1.24972e+08 2.19387e+08 3.53636e+08 
0.000230354 5.2364e-05 9.47267e-05 0.000171577 0.00031123 0.000565442 0.00102925 0.00187773 0.00343449 0.00629958 0.0115951 0.0214296 0.0397766 0.0742227 0.139371 0.263556 0.502284 0.966514 1.88091 3.70361 7.39934 15.0396 31.1587 65.9201 143.138 320.429 739.195 1771.18 4437.83 11655.6 32096.9 93772.6 293543 948554 3.19344e+06 1.11018e+07 -1.80814e+08 8.32145e+07 1.62486e+08 2.82171e+08 
4.57904e-05 1.04098e-05 1.88331e-05 3.41156e-05 6.1891e-05 0.000112459 0.000204736 0.000373585 0.000683455 0.00125392 0.00230867 0.00426818 0.00792561 0.014796 0.027798 0.0526 0.100321 0.193211 0.376379 0.742037 1.48468 3.02287 6.27559 13.3112 28.9927 65.1386 151 364.017 918.931 2437.39 6806.92 20261.9 64977.1 218625 781495 2.98299e+06 1.15742e+07 -2.47187e+08 9.78613e+07 1.99304e+08 
7.1529e-06 1.6262e-06 2.94227e-06 5.33022e-06 9.67066e-06 1.75738e-05 3.19977e-05 5.83944e-05 0.000106846 0.000196065 0.000361063 0.000667681 0.00124018 0.00231603 0.0043529 0.00824035 0.0157249 0.0303039 0.0590745 0.116569 0.233473 0.475926 0.989445 2.10244 4.58884 10.335 24.0355 58.1756 147.582 393.961 1110.26 3345.24 10897.9 37677.5 140543 571735 2.46746e+06 1.06845e+07 -3.27332e+08 1.19788e+08 
8.47645e-07 1.92719e-07 3.48701e-07 6.31741e-07 1.14624e-06 2.08314e-06 3.79323e-06 6.92314e-06 1.26689e-05 2.32509e-05 4.28242e-05 7.92044e-05 0.000147149 0.000274865 0.000516741 0.000978538 0.00186804 0.00360151 0.00702425 0.0138689 0.0277971 0.056708 0.118005 0.251028 0.548615 1.23744 2.88326 6.99441 17.791 47.6511 134.904 408.91 1342.46 4706.11 17976.2 76059.6 353640 1.79586e+06 9.88612e+06 -4.16496e+08 
dt_FE: 8.31949e-10
dt_EA: 8.31949e-10
dt_PE: 8.31949e-10
tolC: 1e-06
dt_grow: 1.03
dt_max: 0.1
steps: 0
