t: 6.62411e-07
dt: 7.36218e-09
N: 0.446239 0.492512 0.540246 0.588689 0.63689 0.683671 0.727949 0.768665 0.804806 0.835541 0.860562 0.879786 0.893352 0.901884 0.906088 0.906634 0.904097 0.89891 0.891182 0.880717 0.867035 0.849285 0.826195 0.79599 0.756306 0.70421 0.636558 0.551091 0.448604 0.335698 0.225525 0.133332 0.0684748 0.0303182 0.0114901 0.0036841 0.000981214 0.000211681 3.58418e-05 4.58729e-06 
eC: 1 1.15749 1.33977 1.55077 1.795 2.07768 2.40489 2.78363 3.22201 3.72944 4.31677 4.99661 5.78351 6.69433 7.7486 8.9689 10.3814 12.0163 13.9087 16.0991 18.6345 21.5692 24.9661 28.8979 33.4489 38.7167 44.814 51.8717 60.0407 69.4963 80.4411 93.1095 107.773 124.746 144.391 167.131 193.452 223.918 259.182 300 
dV: 1.08333 0.211322 0.327712 0.508206 0.788112 1.22218 1.89532 2.93921 4.55805 7.06849 10.9616 16.999 26.3615 40.8807 63.3966 98.3136 152.462 236.434 366.655 568.597 881.764 1367.42 2120.55 3288.49 5099.69 7908.45 12264.2 19019 29494.1 45738.6 70930.1 109996 170579 264529 410225 636165 986546 1.52991e+06 2.37254e+06 3.67926e+06 
kVec: 1.02964e+06 1.19292e+06 1.37441e+06 1.58323e+06 1.8232e+06 2.09795e+06 2.4122e+06 2.77118e+06 3.18021e+06 3.64354e+06 4.16851e+06 4.76184e+06 5.42532e+06 6.16617e+06 6.99046e+06 7.90033e+06 8.88696e+06 9.95798e+06 1.11126e+07 1.23093e+07 1.3549e+07 1.48196e+07 1.60905e+07 1.72824e+07 1.84388e+07 1.96024e+07 2.06428e+07 2.18093e+07 2.33986e+07 2.58646e+07 2.96974e+07 3.61563e+07 4.7116e+07 6.38682e+07 8.94956e+07 1.28172e+08 1.82276e+08 2.48898e+08 3.29189e+08 4.18365e+08 
cMat: 
-65358.6 531.684 624.759 727.735 848.354 990.371 1157.68 1354.97 1588.51 1866.97 2198.58 2594.56 3073.69 3653.59 4357.11 5219.19 6290.88 7620.07 9278.23 11405.1 14127.1 17629.1 22222.7 28371.9 36574.7 47621.8 63065.2 84484.5 114415 157109 218785 307648 436738 627986 906706 1.31069e+06 1.88411e+06 2.69274e+06 3.85264e+06 5.53192e+06 
2478.16 -78201.2 659.9 768.673 896.085 1046.1 1222.84 1431.25 1677.97 1972.13 2322.47 2740.82 3247.05 3859.77 4603.15 5514.12 6646.68 8051.47 9804.09 12052.4 14930.1 18632.8 23490.3 29993.9 38670.9 50358.4 66700.4 89370.3 121054 166259 231574 325697 462451 665079 960423 1.38855e+06 1.99627e+06 2.85324e+06 4.08251e+06 5.86222e+06 
1685.59 381.982 -89668.6 801.907 934.836 1091.35 1275.76 1493.2 1750.63 2057.58 2423.15 2859.71 3388 4027.46 4803.33 5754.2 6936.45 8403.02 10232.9 12580.6 15585.9 19453.5 24528 31323.4 40391.4 52608.3 69694.4 93402 126544 173841 242193 340714 483889 696063 1.00537e+06 1.4538e+06 2.09037e+06 2.98802e+06 4.27563e+06 6.13982e+06 
1120.72 253.973 457.726 -103153 962.418 1123.57 1313.43 1537.33 1802.39 2118.47 2494.93 2944.5 3488.58 4147.19 4946.37 5925.86 7143.84 8654.89 10540.5 12960 16057.7 20044.8 25277.2 32285.5 41639.7 54244.9 71878.9 96353.3 130576 179429 250048 351862 499856 719209 1.03904e+06 1.5028e+06 2.16118e+06 3.08954e+06 4.42124e+06 6.34926e+06 
734.644 166.484 300.051 541.18 -118995 1130.44 1333.37 1560.68 1829.82 2150.76 2533.03 2989.57 3542.12 4211.04 5022.77 6017.76 7255.15 8790.45 10706.5 13165.7 16314.6 20368.3 25689.2 32817.9 42335 55163.2 73114.5 98036.6 132896 182673 254649 358447 509367 733100 1.05938e+06 1.53258e+06 2.20441e+06 3.15171e+06 4.51058e+06 6.47797e+06 
474.972 107.639 193.997 349.902 626.062 -137578 1333.95 1561.4 1830.71 2151.87 2534.43 2991.35 3544.39 4213.97 5026.59 6022.77 7261.82 8799.4 10718.6 13182.3 16337.6 20400.5 25734.7 32883.4 42430.1 55302.1 73321.4 98346.7 133364 183384 255736 360113 511922 737028 1.0654e+06 1.54172e+06 2.21803e+06 3.17163e+06 4.53955e+06 6.52006e+06 
302.877 68.6389 123.709 223.132 402.833 727.688 -159408 1540.21 1805.91 2122.8 2500.3 2951.19 3497.01 4157.91 4960.07 5943.57 7167.04 8685.53 10581.3 13015.3 16133.5 20149.6 25423.9 32494.7 41940.6 54681.3 72524.5 97315.5 132019 181614 253379 356950 507642 731154 1.05729e+06 1.53049e+06 2.20244e+06 3.14985e+06 4.5089e+06 6.47659e+06 
190.706 43.2189 77.8955 140.501 253.659 458.226 828.588 -185108 1740.88 2068.05 2435.92 2875.36 3407.36 4051.61 4833.66 5792.65 6985.84 8467.03 10316.5 12691.9 15735.7 19657.1 24808.8 31717.9 40951.2 53410.5 70868 95134.4 129120 177713 248060 349630 497474 716829 1.037e+06 1.50168e+06 2.16162e+06 3.09203e+06 4.42673e+06 6.35917e+06 
118.991 26.9668 48.6043 87.6696 158.281 285.938 517.062 926.522 -215485 1995.94 2351.11 2775.42 3289.17 3911.4 4666.83 5593.32 6746.35 8177.96 9965.98 12263.1 15207.5 19002.1 23989.2 30680.4 39626.7 51704.3 68636.5 92185.6 125185 172395 240776 339558 483414 696931 1.0087e+06 1.46132e+06 2.10424e+06 3.01059e+06 4.31079e+06 6.19332e+06 
74.0633 16.7852 30.2539 54.5715 98.5277 177.997 321.885 582.898 1057.04 -251413 2260.44 2668.57 3162.82 3761.53 4488.53 5380.33 6490.47 7869.18 9591.6 11805.3 14643.8 18303.3 23115.1 29574.7 38215.9 49888.3 66263.6 89053.2 121010 166759 233069 328916 468583 675973 978934 1.41894e+06 2.04403e+06 2.9252e+06 4.18932e+06 6.01961e+06 
46.2955 10.4923 18.9119 34.1139 61.5938 111.278 201.239 364.438 660.918 1199.84 -294198 2576.99 3054.58 3633.21 4335.97 5198.24 6271.92 7605.74 9272.6 11415.7 14165 17711.1 22376.2 28642.6 37030.5 48368.3 64286.4 86456.4 117568 162143 226798 320320 456692 659290 955406 1.38566e+06 1.99702e+06 2.85876e+06 4.09502e+06 5.88501e+06 
29.3505 6.65208 11.9904 21.6293 39.0536 70.5585 127.607 231.105 419.139 760.965 1384.42 -345442 2971.02 3560.96 4250.35 5096.45 6150.35 7460 9097.25 11203.3 13906.3 17394.4 21986.1 28158 36425.3 47608.2 63322.7 85227.6 115994 160115 224163 316882 452189 653318 947461 1.37506e+06 1.98278e+06 2.83932e+06 4.06815e+06 5.84741e+06 
19.1182 4.33311 7.81069 14.0901 25.442 45.9684 83.1398 150.581 273.119 495.902 902.284 1633.58 -406823 3577.47 4270.81 5122.02 6182.7 7501.31 9150.44 11273 13998.8 17518.4 22154.9 28392.4 36754.5 48076 64001.9 86224.9 117472 162329 227514 321973 459948 665187 965555 1.40247e+06 2.02361e+06 2.89894e+06 4.15479e+06 5.97318e+06 
12.8772 2.91868 5.26128 9.49148 17.1392 30.9688 56.0145 101.46 184.04 334.195 608.13 1109.47 2027.17 -480961 4434.77 5319.9 6423.35 7795.76 9513.01 11724.7 14566.9 18239.4 23081.3 29601.6 38351.1 50209.7 66912 90246.3 123097 170316 239017 338683 484427 701398 1.0192e+06 1.4818e+06 2.13968e+06 3.06666e+06 4.39665e+06 6.32242e+06 
8.98824 2.0373 3.67264 6.62583 11.9652 21.6212 39.1101 70.8464 128.522 233.407 424.782 775.085 1416.44 2595.64 -571181 5665.14 6919.49 8400.9 10255.6 12646.1 15720.3 19696 24942.5 32015.3 41517 54410.2 72595.4 98036.6 133904 185536 260758 370030 530023 768428 1.11796e+06 1.62716e+06 2.35157e+06 3.37216e+06 4.83649e+06 6.95682e+06 
6.49092 1.47131 2.65245 4.78556 8.64248 15.6182 28.2537 51.1853 92.8649 168.673 307.018 560.298 1024.13 1877.18 3415.37 -681621 7706.11 9359.82 11431.5 14104.1 17544.1 21996.9 27879.6 35820.2 46501.5 61015.7 81520.9 110254 150830 209340 294721 418943 601097 872819 1.27165e+06 1.8532e+06 2.68094e+06 3.84688e+06 5.51982e+06 7.94225e+06 
4.82629 1.09403 1.97242 3.55887 6.4276 11.6166 21.0168 38.079 69.0954 125.52 228.511 417.109 762.593 1398.18 2573.36 4753.73 -816895 10700.6 13076.4 16144.4 20097.6 25220.4 31997.3 41159.1 53502.4 70303.2 94086.7 127479 174731 243011 342846 488374 702160 1.0215e+06 1.49085e+06 2.17605e+06 3.15182e+06 4.52599e+06 6.4978e+06 9.35299e+06 
3.65954 0.829597 1.49576 2.69903 4.87505 8.81153 15.9437 28.8911 52.4314 95.2645 173.466 316.705 579.185 1062.24 1955.77 3614.37 6698.43 -985045 15263.6 18859.3 23497.9 29516.7 37490.8 48290.4 62866.2 82743.8 110948 150637 206930 288474 407975 582553 839561 1.22405e+06 1.79007e+06 2.61747e+06 3.79653e+06 5.45656e+06 7.83868e+06 1.1288e+07 
2.8118 0.637456 1.14941 2.07423 3.74686 6.7731 12.2569 22.2136 40.3197 73.273 133.452 243.712 445.834 817.966 1506.62 2785.61 5165.4 9631.83 -1.19637e+06 22234.6 27892.7 35076.4 44610 57547.5 75044.3 98957.6 132977 180974 249231 348383 494072 707446 1.02233e+06 1.49426e+06 2.19023e+06 3.20918e+06 4.66227e+06 6.70755e+06 9.64263e+06 1.38925e+07 
2.18794 0.496058 0.894534 1.61443 2.91661 5.27297 9.54365 17.2992 31.406 57.0879 104.002 189.989 347.686 638.17 1176.02 2175.6 4036.97 7533.45 14074.9 -1.46056e+06 33329.6 41970.5 53461.9 69094.8 90289.5 119335 160791 219468 303193 425239 605167 869528 1.26086e+06 1.84868e+06 2.71754e+06 3.99203e+06 5.81127e+06 8.37105e+06 1.20446e+07 1.73636e+07 
1.71451 0.388751 0.701096 1.26546 2.28645 4.13432 7.48408 13.5687 24.6389 44.7994 81.6406 149.192 273.141 501.591 924.848 1712.04 3179.26 5938.09 11170.1 21085.3 -1.79683e+06 50560.7 64520.9 83566.5 109463 145063 196070 268538 372348 524303 749216 1.08093e+06 1.57377e+06 2.31606e+06 3.41619e+06 5.03358e+06 7.34495e+06 1.05959e+07 1.52615e+07 2.20164e+07 
1.34894 0.30589 0.551721 0.995963 1.79977 3.25487 5.89323 10.6868 19.4108 35.3042 64.3594 117.658 215.512 395.979 730.574 1353.39 2515.44 4702.87 8856.43 16740.6 31878 -2.2306e+06 77500.2 101778 133683 177699 241043 331431 461502 652820 937311 1.35876e+06 1.98763e+06 2.9378e+06 4.35043e+06 6.43278e+06 9.41262e+06 1.3602e+07 1.96146e+07 2.83185e+07 
1.06565 0.241674 0.435951 0.787089 1.42255 2.57316 4.65998 8.45256 15.3572 27.9414 50.9574 93.1993 170.805 314.034 579.803 1074.98 1999.99 3743.47 7058.79 13363.7 25493.7 48568.8 -2.79472e+06 124338 163838 218563 297727 411282 575581 818655 1.18216e+06 1.72357e+06 2.53568e+06 3.7675e+06 5.60578e+06 8.32431e+06 1.2221e+07 1.76967e+07 2.55556e+07 3.69301e+07 
0.844779 0.191607 0.345687 0.624224 1.12841 2.04156 3.69822 6.71003 12.1954 22.1978 40.5015 74.1149 135.916 250.074 462.101 857.591 1597.42 2993.97 5654.09 10724.2 20502.3 39604.6 77204.5 -3.52455e+06 200291 268344 367421 510454 718809 1.02933e+06 1.49705e+06 2.1985e+06 3.25774e+06 4.87253e+06 7.29387e+06 1.08893e+07 1.6054e+07 2.33073e+07 3.37174e+07 4.87798e+07 
0.66701 0.151307 0.273024 0.493102 0.891561 1.61345 2.92355 5.3062 9.64756 17.5683 32.0712 58.7222 107.764 198.439 367.029 681.892 1271.81 2387.26 4515.96 8583.29 16448.8 31861.3 62308.6 122676 -4.49263e+06 329599 453954 634826 900387 1.2996e+06 1.90612e+06 2.82326e+06 4.21944e+06 6.36098e+06 9.59068e+06 1.44098e+07 2.13509e+07 3.10928e+07 4.50745e+07 6.52952e+07 
0.52134 0.11828 0.213466 0.385613 0.697372 1.26237 2.28812 4.15439 7.55649 13.7673 25.1466 46.0729 84.6166 155.956 288.748 537.098 1003.2 1886.18 3574.75 6810.02 13085.4 25423.7 49896.9 98662.4 197856 -5.79772e+06 557683 788759 1.12797e+06 1.64306e+06 2.43363e+06 3.64077e+06 5.49617e+06 8.36325e+06 1.27168e+07 1.92507e+07 2.86918e+07 4.19347e+07 6.09402e+07 8.84098e+07 
0.402378 0.0913055 0.164817 0.297799 0.538701 0.975451 1.7687 3.21262 5.84626 10.6574 19.479 35.7151 65.6523 121.129 224.532 418.225 782.476 1474 2799.65 5347.76 10307.9 20099 39613.8 78732.3 158820 325025 -7.50226e+06 956697 1.38233e+06 2.03721e+06 3.05609e+06 4.63238e+06 7.087e+06 1.09197e+07 1.67936e+07 2.56795e+07 3.85757e+07 5.66552e+07 8.25988e+07 1.20058e+08 
0.300898 0.0682904 0.123298 0.222836 0.403209 0.730352 1.3248 2.40738 4.38313 7.99513 14.6232 26.8331 49.3728 91.1948 169.26 315.743 591.807 1117.14 2126.86 4074.54 7880.66 15426.7 30546.8 61058.2 123978 256609 534038 -9.79038e+06 1.65087e+06 2.46652e+06 3.75691e+06 5.78595e+06 8.99778e+06 1.40813e+07 2.19649e+07 3.40115e+07 5.1596e+07 7.62401e+07 1.11599e+08 1.62576e+08 
0.21389 0.0485525 0.0876817 0.158508 0.286894 0.519848 0.943344 1.71502 3.12421 5.70248 10.4376 19.1688 35.3064 65.2909 121.346 226.721 425.77 805.496 1537.42 2954.55 5735.51 11275.1 22438.7 45130.2 92296.7 192615 405021 866521 -1.2902e+07 2.84663e+06 4.46126e+06 7.0012e+06 1.11031e+07 1.77086e+07 2.81056e+07 4.41954e+07 6.78561e+07 1.01021e+08 1.486e+08 2.17056e+08 
0.14172 0.0321766 0.0581221 0.1051 0.190285 0.344923 0.626186 1.13898 2.07603 3.79188 6.94598 12.7676 23.5418 43.5898 81.13 151.838 285.729 541.837 1036.97 1999.53 3896.97 7695.91 15399.8 31183.8 64282 135384 288019 624702 1.37357e+06 -1.71821e+07 4.9624e+06 7.97052e+06 1.29553e+07 2.11737e+07 3.43682e+07 5.51385e+07 8.59955e+07 1.29293e+08 1.91408e+08 2.80521e+08 
0.0854941 0.0194148 0.0350784 0.0634482 0.114911 0.208373 0.378455 0.688718 1.25606 2.29581 4.20883 7.74338 14.2936 26.5 49.3947 92.6034 174.629 331.959 637.074 1232.7 2412.35 4786.74 9633.33 19647.2 40843.1 86867.5 187171 412200 932541 2.14971e+06 -2.30001e+07 8.2242e+06 1.37953e+07 2.32995e+07 3.90014e+07 6.43444e+07 1.02587e+08 1.56419e+08 2.3368e+08 3.44037e+08 
0.0458312 0.0104099 0.018813 0.0340374 0.0616641 0.11186 0.203254 0.370067 0.675304 1.23517 2.26618 4.17305 7.7115 14.3153 26.7219 50.1833 94.8326 180.707 347.761 675.236 1326.84 2645.38 5354.49 10999.6 23062.5 49543.4 108160 242014 557919 1.31633e+06 3.13532e+06 -3.13356e+07 1.33082e+07 2.34008e+07 4.0718e+07 6.9631e+07 1.1426e+08 1.77504e+08 2.68417e+08 3.97555e+08 
0.0215463 0.00489487 0.00884824 0.0160131 0.029019 0.0526607 0.0957269 0.174376 0.318383 0.582736 1.06999 1.97206 3.64815 6.78077 12.6757 23.8448 45.1529 86.2455 166.428 324.253 639.746 1281.52 2608.73 5397.76 11414.5 24768.3 54798.6 124636 293013 708550 1.74166e+06 4.40722e+06 -4.38898e+07 2.12853e+07 3.89053e+07 6.95854e+07 1.1845e+08 1.88509e+08 2.89582e+08 4.32229e+08 
0.00884556 0.00200989 0.00363399 0.00657822 0.0119245 0.0216466 0.0393648 0.0717391 0.131052 0.240015 0.441017 0.813483 1.50637 2.8031 5.2469 9.88544 18.7547 35.9011 69.4515 135.738 268.807 540.798 1106.65 2305.02 4913.01 10760.6 24106.8 55689.7 133429 330630 839851 2.21258e+06 6.07721e+06 -6.19319e+07 3.17029e+07 6.05683e+07 1.09282e+08 1.8109e+08 2.85847e+08 4.32613e+08 
0.00312114 0.000709305 0.00128272 0.00232251 0.00421115 0.00764695 0.0139112 0.0253625 0.0463541 0.0849443 0.156185 0.288308 0.534363 0.995418 1.86551 3.51973 6.68928 12.8306 24.8782 48.7627 96.8954 195.711 402.407 843.237 1810.28 3998.61 9060.39 21229.2 51752.4 131152 343564 940863 2.71458e+06 7.74766e+06 -8.84673e+07 4.60452e+07 8.99116e+07 1.58195e+08 2.60575e+08 4.03837e+08 
0.000932839 0.000212027 0.000383504 0.000694521 0.00125959 0.00228792 0.00416351 0.00759361 0.0138845 0.0254567 0.0468344 0.0865116 0.160476 0.299222 0.561383 1.06054 2.0187 3.879 7.53669 14.8103 29.5187 59.8331 123.548 260.285 562.359 1251.52 2864.49 6796.57 16825.7 43504.2 117192 332661 1.00386e+06 3.06038e+06 9.52014e+06 -1.277e+08 6.46265e+07 1.24847e+08 2.19168e+08 3.53282e+08 
0.000230301 5.23519e-05 9.4705e-05 0.000171537 0.000311159 0.000565312 0.00102901 0.0018773 0.0034337 0.00629813 0.0115925 0.0214246 0.0397675 0.0742056 0.139339 0.263496 0.502168 0.966292 1.88048 3.70276 7.39764 15.0362 31.1516 65.9049 143.105 320.355 739.025 1770.78 4436.81 11652.9 32089.5 93751 293475 948336 3.1927e+06 1.10993e+07 -1.82097e+08 8.31954e+07 1.62449e+08 2.82106e+08 
4.57882e-05 1.04093e-05 1.88322e-05 3.41139e-05 6.1888e-05 0.000112453 0.000204726 0.000373567 0.000683423 0.00125386 0.00230856 0.00426798 0.00792523 0.0147953 0.0277966 0.0525974 0.100316 0.193202 0.376361 0.742001 1.48461 3.02272 6.27529 13.3105 28.9913 65.1355 150.992 364 918.886 2437.27 6806.59 20261 64974 218615 781458 2.98285e+06 1.15736e+07 -2.48846e+08 9.78565e+07 1.99294e+08 
7.15284e-06 1.62619e-06 2.94225e-06 5.33017e-06 9.67058e-06 1.75737e-05 3.19975e-05 5.83939e-05 0.000106845 0.000196064 0.00036106 0.000667675 0.00124017 0.00231601 0.00435286 0.00824028 0.0157248 0.0303036 0.059074 0.116568 0.233471 0.475922 0.989437 2.10242 4.5888 10.335 24.0353 58.1752 147.581 393.958 1110.25 3345.21 10897.8 37677.1 140542 571730 2.46744e+06 1.06844e+07 -3.29177e+08 1.19787e+08 
8.47644e-07 1.92719e-07 3.487e-07 6.3174e-07 1.14624e-06 2.08314e-06 3.79322e-06 6.92314e-06 1.26689e-05 2.32509e-05 4.28241e-05 7.92043e-05 0.000147148 0.000274865 0.00051674 0.000978537 0.00186804 0.00360151 0.00702424 0.0138689 0.027797 0.056708 0.118005 0.251028 0.548614 1.23744 2.88325 6.9944 17.791 47.651 134.904 408.91 1342.45 4706.1 17976.1 76059.5 353639 1.79586e+06 9.88611e+06 -4.18363e+08 
dt_FE: 7.36218e-09
dt_EA: 7.36218e-09
dt_PE: 7.36218e-09
tolC: 1e-06
dt_grow: 1.03
dt_max: 0.1
steps: 0
