t: 5.24596e-07
dt: 3.44542e-09
N: 0.371768 0.413894 0.458373 0.50474 0.552323 0.600174 0.647355 0.692828 0.735446 0.774051 0.807901 0.836361 0.858918 0.875694 0.887015 0.893317 0.895124 0.893066 0.887475 0.878372 0.865547 0.848331 0.825572 0.795574 0.756035 0.704047 0.636477 0.551075 0.448634 0.33575 0.225576 0.13337 0.0684961 0.0303282 0.011494 0.00368536 0.000981551 0.000211754 3.58543e-05 4.58889e-06 
eC: 1 1.15749 1.33977 1.55077 1.795 2.07768 2.40489 2.78363 3.22201 3.72944 4.31677 4.99661 5.78351 6.69433 7.7486 8.9689 10.3814 12.0163 13.9087 16.0991 18.6345 21.5692 24.9661 28.8979 33.4489 38.7167 44.814 51.8717 60.0407 69.4963 80.4411 93.1095 107.773 124.746 144.391 167.131 193.452 223.918 259.182 300 
dV: 1.08333 0.211322 0.327712 0.508206 0.788112 1.22218 1.89532 2.93921 4.55805 7.06849 10.9616 16.999 26.3615 40.8807 63.3966 98.3136 152.462 236.434 366.655 568.597 881.764 1367.42 2120.55 3288.49 5099.69 7908.45 12264.2 19019 29494.1 45738.6 70930.1 109996 170579 264529 410225 636165 986546 1.52991e+06 2.37254e+06 3.67926e+06 
kVec: 1.02917e+06 1.1924e+06 1.37384e+06 1.58261e+06 1.82253e+06 2.09724e+06 2.41146e+06 2.77042e+06 3.17946e+06 3.64281e+06 4.16785e+06 4.76127e+06 5.42488e+06 6.16589e+06 6.99038e+06 7.90049e+06 8.88739e+06 9.9587e+06 1.11136e+07 1.23106e+07 1.35507e+07 1.48217e+07 1.60929e+07 1.72851e+07 1.84418e+07 1.96056e+07 2.06462e+07 2.18126e+07 2.34018e+07 2.58675e+07 2.96997e+07 3.61579e+07 4.71169e+07 6.38684e+07 8.94952e+07 1.28171e+08 1.82274e+08 2.48897e+08 3.29188e+08 4.18364e+08 
cMat: 
-67605.8 603.186 708.777 825.601 962.441 1123.56 1313.37 1537.18 1802.14 2118.04 2494.25 2943.48 3487.04 4144.92 4943.06 5921.07 7136.88 8644.82 10526 12938.9 16027 19999.9 25211.2 32187.3 41493.3 54026.1 71546.3 95846.1 129801 178237 248207 349021 495471 712439 1.02864e+06 1.48696e+06 2.13749e+06 3.05486e+06 4.37075e+06 6.27586e+06 
2862.07 -81091.8 762.128 887.752 1034.9 1208.16 1412.28 1652.97 1937.91 2277.65 2682.26 3165.42 3750.06 4457.7 5316.25 6368.34 7676.35 9298.76 11322.9 13919.5 17243 21519.3 27129.3 34640.4 44661.5 58159.7 77033.3 103215 139807 192015 267448 376152 534091 768109 1.10921e+06 1.60366e+06 2.30552e+06 3.29525e+06 4.71495e+06 6.77037e+06 
1985.76 450.005 -92823.4 944.71 1101.31 1285.7 1502.94 1759.11 2062.38 2423.99 2854.66 3368.96 3991.33 4744.66 5658.71 6778.9 8171.69 9899.42 12055.2 14821 18361.5 22917.7 28895.9 36901.4 47584.3 61976.8 82105.5 110035 149079 204798 285322 401389 570060 820017 1.18441e+06 1.71269e+06 2.46262e+06 3.52012e+06 5.03703e+06 7.23319e+06 
1349.46 305.81 551.149 -106605 1158.85 1352.89 1581.51 1851.1 2170.26 2550.85 3004.15 3545.48 4200.6 4993.64 5955.93 7135.34 8601.91 10421.4 12691.8 15605.2 19335.1 24136 30436.3 38875 50138.4 65316.4 86549.6 116019 157227 216051 301083 423677 601877 866001 1.25111e+06 1.80953e+06 2.60228e+06 3.72013e+06 5.32362e+06 7.64516e+06 
905.741 205.258 369.932 667.219 -122767 1393.72 1643.9 1924.16 2255.98 2651.67 3122.97 3685.84 4367.07 5191.78 6192.57 7419.28 8944.86 10837.7 13200.1 16231.9 20114.2 25112 31672.2 40461.1 52194.7 68010.5 90142.7 120869 163847 225218 313956 441929 627997 903837 1.30611e+06 1.88952e+06 2.71781e+06 3.88574e+06 5.56108e+06 7.98667e+06 
600.342 136.05 245.203 442.26 791.313 -141682 1686.05 1973.54 2313.93 2719.87 3203.41 3780.93 4479.95 5326.27 6353.38 7612.51 9178.61 11122 13547.8 16661.8 20650 25785.2 32527.5 41563.1 53629.6 69899.3 92674.8 124306 168565 231789 323239 455167 647046 931570 1.34661e+06 1.94866e+06 2.80349e+06 4.0088e+06 5.73778e+06 8.24105e+06 
392.603 88.9729 160.358 289.234 522.17 943.263 -163842 1996.49 2340.91 2751.68 3241 3825.47 4532.99 5389.67 6429.48 7704.33 9290.25 11258.6 13715.9 16871.1 20913 26118.8 32955.7 42121.1 54365.3 70880.4 94009.6 126145 171129 235416 328442 462694 658029 947756 1.37051e+06 1.98389e+06 2.85491e+06 4.08298e+06 5.84465e+06 8.39526e+06 
253.223 57.3869 103.431 186.56 336.813 608.442 1100.22 -189845 2311.58 2746 3234.46 3817.96 4524.36 5379.81 6418.24 7691.59 9275.94 11242.7 13698.5 16852.6 20894.2 26101.1 32941.7 42115.6 54375.9 70919.6 94099.9 126321 171448 235971 329380 464245 660556 951820 1.37695e+06 1.99396e+06 2.87024e+06 4.10566e+06 5.8779e+06 8.44383e+06 
161.273 36.5491 65.8753 118.822 214.525 387.543 700.795 1255.75 -220495 2705.18 3186.55 3761.63 4457.94 5301.27 6325.14 7580.85 9143.59 11083.9 13507.3 16620.6 20611.4 25754.3 32513.5 41582.4 53707.6 70076.9 93025.7 124943 169669 233654 326334 460216 655191 944578 1.36713e+06 1.98059e+06 2.85195e+06 4.08037e+06 5.84259e+06 8.39406e+06 
101.755 23.0611 41.5657 74.9755 135.367 244.55 442.236 800.84 1452.27 -256643 3105.61 3666.34 4345.39 5167.95 6166.77 7392.01 8917.22 10811.4 13177.9 16219.2 20119 25146.8 31757.8 40632.5 52504.6 68541.3 91039.2 122350 166255 229110 320212 451896 643784 928715 1.34495e+06 1.94947e+06 2.80829e+06 4.01892e+06 5.75568e+06 8.27031e+06 
63.7798 14.4549 26.0543 46.9976 84.8556 153.303 277.24 502.074 910.523 1652.97 -299577 3550.23 4208.19 5005.35 5973.52 7161.43 8640.61 10478.2 12774.5 15727.1 19514.6 24399.9 30826.9 39459.9 51015.6 66635.3 88565.1 119108 161970 223379 312452 441294 629169 908281 1.31623e+06 1.90897e+06 2.75122e+06 3.93841e+06 5.64156e+06 8.10757e+06 
39.9526 9.05496 16.3216 29.4422 53.1607 96.0458 173.701 314.585 570.542 1035.84 1884.51 -350889 4044.22 4847.26 5785.68 6937.41 8371.99 10154.7 12383.4 15250.2 18929.6 23677.7 29927.9 38329.4 49582.9 64805.4 86196.3 116014 157894 217952 305136 431348 615530 889312 1.28971e+06 1.87176e+06 2.69901e+06 3.86495e+06 5.53766e+06 7.95962e+06 
25.291 5.73216 10.3326 18.6394 33.6565 60.8104 109.983 199.2 361.302 656.016 1193.61 2161.02 -412262 4732.53 5649.74 6775.78 8178.93 9923.28 12104.9 14912.8 18518.6 23174.7 29308.2 37559.6 48621.5 63598.4 84666.5 114065 155400 214741 300973 425929 608453 879958 1.27731e+06 1.85528e+06 2.67697e+06 3.83494e+06 5.49626e+06 7.90176e+06 
16.3146 3.69778 6.6657 12.0251 21.7142 39.2354 70.9668 128.543 233.166 423.403 770.461 1405.63 2568.29 -486319 5618.56 6739.96 8137.97 9876.71 12052.4 14854.5 18455.3 23108.1 29242.5 37503.2 48588.4 63612.4 84773.1 114336 155955 215780 302818 429089 613738 888625 1.29126e+06 1.87735e+06 2.71083e+06 3.88526e+06 5.57027e+06 8.0101e+06 
10.8137 2.45107 4.41853 7.9715 14.3953 26.0124 47.0531 85.2349 154.624 280.811 511.053 932.501 1704.11 3122.81 -576374 6815.7 8324.8 10107.1 12338.4 15214.5 18913 23696.1 30008.1 38517.4 49948.8 65460.7 87339.2 117947 161099 223217 313716 445181 637668 924492 1.34501e+06 1.95762e+06 2.82917e+06 4.05703e+06 5.81876e+06 8.36972e+06 
7.41675 1.68117 3.03078 5.46814 9.87519 17.8459 32.2836 58.4861 106.111 192.732 350.809 640.216 1170.21 2144.93 3902.52 -686597 8805.27 10694.9 13062.1 16115.9 20046.5 25134.4 31856.2 40929.4 53134.3 69718.6 93148.6 125980 172343 239199 336759 478699 686834 997313 1.45303e+06 2.11754e+06 3.06333e+06 4.39557e+06 6.30714e+06 9.07508e+06 
5.27782 1.19639 2.15695 3.89182 7.02895 12.7034 22.9831 41.6416 75.5598 137.263 249.89 456.133 833.939 1528.99 2814.11 5198.47 -821614 11701.7 14299.8 17654.9 21977.8 27580 34990.8 45009.9 58508 76880.6 102889 139406 191078 265747 374922 534065 767852 1.11707e+06 1.63033e+06 2.37963e+06 3.4467e+06 4.94943e+06 7.10572e+06 1.0228e+07 
3.8711 0.877555 1.58223 2.85505 5.15687 9.32091 16.8654 30.5613 55.4624 100.772 183.493 335.014 612.667 1123.65 2068.83 3823.31 7085.66 -989466 16146 19949.6 24856.3 31223.1 39658.1 51082 66500.4 87527.2 117362 159346 218892 305150 431560 616230 888096 1.29482e+06 1.89355e+06 2.76879e+06 4.016e+06 5.772e+06 8.29182e+06 1.19405e+07 
2.90758 0.659171 1.18857 2.14489 3.8745 7.00383 12.6744 22.9703 41.6932 75.7691 137.998 252.014 461.022 845.831 1557.94 2880.51 5341.36 9959.95 -1.20047e+06 22992.1 28842.9 36271.3 46129.6 59507.9 77600.7 102329 137507 187139 257721 360251 510903 731545 1.05716e+06 1.54516e+06 2.26485e+06 3.3185e+06 4.82109e+06 6.93605e+06 9.97111e+06 1.43658e+07 
2.23094 0.505807 0.912114 1.64615 2.97393 5.37659 9.73121 17.6392 32.0233 58.2098 106.046 193.723 354.519 650.712 1199.14 2218.35 4116.31 7681.5 14351.5 -1.46433e+06 33984.6 42795.3 54512.6 70452.7 92064 121680 163951 223781 309151 433596 617060 886617 1.28564e+06 1.88501e+06 2.77095e+06 4.07048e+06 5.92547e+06 8.53556e+06 1.22813e+07 1.77048e+07 
1.73369 0.393101 0.708941 1.27962 2.31203 4.18058 7.56783 13.7205 24.9147 45.3007 82.5542 150.861 276.198 507.204 935.198 1731.19 3214.84 6004.54 11295.1 21321.3 -1.80029e+06 51126.4 65242.9 84501.7 110688 146687 198264 271543 376514 530170 757600 1.09302e+06 1.59138e+06 2.34198e+06 3.45441e+06 5.08991e+06 7.42714e+06 1.07145e+07 1.54323e+07 2.22628e+07 
1.35748 0.307827 0.555213 1.00227 1.81117 3.27547 5.93053 10.7544 19.5337 35.5277 64.7668 118.403 216.876 398.486 735.199 1361.95 2531.36 4732.64 8912.49 16846.6 32079.7 -2.23374e+06 77990.8 102422 134529 178824 242568 333529 464423 656952 943244 1.36736e+06 2.00021e+06 2.9564e+06 4.37797e+06 6.4735e+06 9.4722e+06 1.36881e+07 1.97387e+07 2.84977e+07 
1.06947 0.24254 0.437514 0.78991 1.42765 2.58239 4.67669 8.48286 15.4122 28.0415 51.14 93.5334 171.417 315.16 581.881 1078.83 2007.16 3756.89 7084.09 13411.6 25585.1 48742.9 -2.79756e+06 124784 164425 219346 298795 412757 577644 821589 1.18639e+06 1.72975e+06 2.54477e+06 3.78101e+06 5.62588e+06 8.35415e+06 1.22648e+07 1.77601e+07 2.56472e+07 3.70625e+07 
0.846501 0.191998 0.346392 0.625496 1.13071 2.04572 3.70575 6.72371 12.2202 22.243 40.5841 74.266 136.193 250.583 463.042 859.339 1600.68 3000.08 5665.62 10746.1 20544.1 39685.4 77361.9 -3.5271e+06 200700 268891 368169 511495 720274 1.03143e+06 1.5001e+06 2.20298e+06 3.26438e+06 4.88246e+06 7.30874e+06 1.09114e+07 1.60867e+07 2.33548e+07 3.37862e+07 4.88792e+07 
0.667752 0.151475 0.273327 0.493651 0.892553 1.61525 2.9268 5.31211 9.6583 17.5878 32.1069 58.7875 107.884 198.66 367.438 682.651 1273.23 2389.92 4520.99 8592.84 16467.1 31896.7 62378 122812 -4.4949e+06 329966 454459 635532 901389 1.30105e+06 1.90825e+06 2.82641e+06 4.22414e+06 6.36806e+06 9.60135e+06 1.44259e+07 2.13746e+07 3.11274e+07 4.51246e+07 6.53678e+07 
0.521627 0.118345 0.213583 0.385825 0.697755 1.26306 2.28938 4.15667 7.56064 13.7748 25.1605 46.0982 84.6631 156.041 288.907 537.393 1003.75 1887.22 3576.71 6813.76 13092.6 25437.6 49924.4 98716.6 197965 -5.79972e+06 557990 789193 1.12859e+06 1.64396e+06 2.43496e+06 3.64278e+06 5.49919e+06 8.36784e+06 1.27238e+07 1.92613e+07 2.87075e+07 4.19577e+07 6.09737e+07 8.84584e+07 
0.402468 0.0913259 0.164854 0.297866 0.538821 0.975668 1.76909 3.21334 5.84756 10.6598 19.4834 35.7231 65.667 121.156 224.582 418.318 782.65 1474.33 2800.27 5348.95 10310.2 20103.5 39622.6 78749.8 158855 325098 -7.50401e+06 956910 1.38264e+06 2.03766e+06 3.05677e+06 4.63341e+06 7.08858e+06 1.09221e+07 1.67974e+07 2.56852e+07 3.85843e+07 5.66678e+07 8.26172e+07 1.20085e+08 
0.300909 0.0682928 0.123303 0.222844 0.403223 0.730378 1.32484 2.40747 4.38328 7.99541 14.6237 26.834 49.3745 91.198 169.266 315.754 591.828 1117.18 2126.94 4074.69 7880.94 15427.2 30547.8 61060.3 123983 256618 534056 -9.7919e+06 1.65093e+06 2.46661e+06 3.75705e+06 5.78616e+06 8.9981e+06 1.40818e+07 2.19656e+07 3.40127e+07 5.15978e+07 7.62428e+07 1.11603e+08 1.62581e+08 
0.213878 0.0485498 0.0876769 0.158499 0.286878 0.519819 0.943292 1.71492 3.12404 5.70216 10.4371 19.1677 35.3045 65.2873 121.339 226.709 425.747 805.452 1537.33 2954.39 5735.19 11274.4 22437.5 45127.7 92291.6 192604 404998 866473 -1.29033e+07 2.84647e+06 4.46101e+06 7.00081e+06 1.11025e+07 1.77076e+07 2.8104e+07 4.41929e+07 6.78524e+07 1.01015e+08 1.48591e+08 2.17044e+08 
0.141709 0.032174 0.0581175 0.105091 0.19027 0.344896 0.626137 1.13889 2.07586 3.79158 6.94543 12.7666 23.5399 43.5864 81.1236 151.826 285.706 541.794 1036.89 1999.37 3896.67 7695.31 15398.5 31181.4 64276.9 135374 287996 624653 1.37347e+06 -1.71832e+07 4.96201e+06 7.9699e+06 1.29543e+07 2.1172e+07 3.43655e+07 5.51342e+07 8.59887e+07 1.29282e+08 1.91393e+08 2.80499e+08 
0.0854884 0.0194135 0.035076 0.063444 0.114903 0.208359 0.37843 0.688672 1.25598 2.29566 4.20856 7.74287 14.2926 26.4982 49.3914 92.5973 174.617 331.937 637.032 1232.62 2412.19 4786.42 9632.7 19645.9 40840.4 86861.8 187159 412172 932479 2.14957e+06 -2.30009e+07 8.22366e+06 1.37944e+07 2.32979e+07 3.89988e+07 6.43402e+07 1.0258e+08 1.56408e+08 2.33664e+08 3.44014e+08 
0.0458293 0.0104094 0.0188122 0.034036 0.0616615 0.111856 0.203245 0.370051 0.675275 1.23511 2.26609 4.17287 7.71117 14.3146 26.7208 50.1811 94.8285 180.699 347.746 675.207 1326.78 2645.26 5354.26 10999.2 23061.6 49541.3 108155 242003 557895 1.31627e+06 3.13519e+06 -3.13361e+07 1.33076e+07 2.33998e+07 4.07163e+07 6.96281e+07 1.14255e+08 1.77496e+08 2.68406e+08 3.97538e+08 
0.0215458 0.00489476 0.00884804 0.0160127 0.0290183 0.0526595 0.0957247 0.174372 0.318376 0.582723 1.06996 1.97201 3.64807 6.78061 12.6754 23.8442 45.1519 86.2435 166.424 324.246 639.732 1281.49 2608.67 5397.64 11414.2 24767.8 54797.3 124634 293007 708534 1.74162e+06 4.40712e+06 -4.38899e+07 2.12849e+07 3.89044e+07 6.95838e+07 1.18447e+08 1.88504e+08 2.89575e+08 4.32219e+08 
0.00884547 0.00200987 0.00363395 0.00657815 0.0119243 0.0216464 0.0393644 0.0717384 0.131051 0.240012 0.441013 0.813474 1.50635 2.80307 5.24684 9.88534 18.7545 35.9008 69.4508 135.737 268.804 540.792 1106.64 2304.99 4912.96 10760.5 24106.6 55689.1 133428 330626 839843 2.21256e+06 6.07715e+06 -6.19315e+07 3.17026e+07 6.05676e+07 1.09281e+08 1.81089e+08 2.85844e+08 4.32608e+08 
0.00312113 0.000709303 0.00128272 0.0023225 0.00421113 0.00764692 0.0139112 0.0253624 0.0463539 0.0849439 0.156184 0.288307 0.534361 0.995414 1.8655 3.51972 6.68925 12.8306 24.8781 48.7625 96.895 195.711 402.406 843.234 1810.27 3998.59 9060.36 21229.1 51752.2 131151 343563 940859 2.71457e+06 7.74763e+06 -8.84666e+07 4.6045e+07 8.99113e+07 1.58194e+08 2.60574e+08 4.03835e+08 
0.000932838 0.000212027 0.000383504 0.00069452 0.00125959 0.00228791 0.00416351 0.0075936 0.0138845 0.0254567 0.0468343 0.0865115 0.160476 0.299222 0.561382 1.06054 2.0187 3.879 7.53668 14.8103 29.5187 59.833 123.548 260.284 562.358 1251.52 2864.49 6796.56 16825.7 43504.1 117192 332660 1.00386e+06 3.06038e+06 9.52013e+06 -1.27699e+08 6.46264e+07 1.24847e+08 2.19168e+08 3.53282e+08 
0.000230301 5.23519e-05 9.47049e-05 0.000171537 0.000311159 0.000565312 0.00102901 0.0018773 0.0034337 0.00629813 0.0115925 0.0214246 0.0397675 0.0742056 0.139339 0.263496 0.502168 0.966292 1.88048 3.70276 7.39764 15.0362 31.1516 65.9049 143.105 320.355 739.025 1770.78 4436.81 11652.9 32089.5 93751 293475 948336 3.1927e+06 1.10993e+07 -1.82095e+08 8.31954e+07 1.62448e+08 2.82106e+08 
4.57882e-05 1.04093e-05 1.88322e-05 3.41139e-05 6.1888e-05 0.000112453 0.000204726 0.000373567 0.000683422 0.00125386 0.00230856 0.00426798 0.00792523 0.0147953 0.0277966 0.0525974 0.100316 0.193202 0.376361 0.742001 1.48461 3.02272 6.27529 13.3105 28.9913 65.1355 150.992 364 918.886 2437.27 6806.59 20261 64974 218615 781457 2.98285e+06 1.15736e+07 -2.48844e+08 9.78565e+07 1.99294e+08 
7.15284e-06 1.62619e-06 2.94225e-06 5.33017e-06 9.67058e-06 1.75737e-05 3.19975e-05 5.83939e-05 0.000106845 0.000196064 0.00036106 0.000667675 0.00124017 0.00231601 0.00435286 0.00824028 0.0157248 0.0303036 0.059074 0.116568 0.233471 0.475922 0.989437 2.10242 4.5888 10.335 24.0353 58.1752 147.581 393.958 1110.25 3345.21 10897.8 37677.1 140542 571730 2.46744e+06 1.06844e+07 -3.29176e+08 1.19787e+08 
8.47644e-07 1.92719e-07 3.487e-07 6.3174e-07 1.14624e-06 2.08314e-06 3.79322e-06 6.92314e-06 1.26689e-05 2.32509e-05 4.28241e-05 7.92043e-05 0.000147148 0.000274865 0.00051674 0.000978537 0.00186804 0.00360151 0.00702424 0.0138689 0.027797 0.056708 0.118005 0.251028 0.548614 1.23744 2.88325 6.9944 17.791 47.651 134.904 408.91 1342.45 4706.1 17976.1 76059.5 353639 1.79586e+06 9.88611e+06 -4.18362e+08 
dt_FE: 3.44542e-09
dt_EA: 3.44542e-09
dt_PE: 3.44542e-09
tolC: 1e-06
dt_grow: 1.03
dt_max: 0.1
steps: 0
