t: 9.36625e-08
dt: 2.3921e-09
N: 0.067968 0.0779893 0.0893611 0.102241 0.116784 0.13311 0.151371 0.171709 0.19421 0.21887 0.245763 0.274852 0.305794 0.338414 0.372405 0.407137 0.44166 0.475493 0.507781 0.536625 0.56134 0.580877 0.593417 0.596706 0.589982 0.571362 0.53664 0.485209 0.416418 0.331597 0.238056 0.153513 0.0801724 0.0354686 0.0135006 0.00433539 0.00115562 0.000249469 4.22592e-05 5.41046e-06 
eC: 1 1.15749 1.33977 1.55077 1.795 2.07768 2.40489 2.78363 3.22201 3.72944 4.31677 4.99661 5.78351 6.69433 7.7486 8.9689 10.3814 12.0163 13.9087 16.0991 18.6345 21.5692 24.9661 28.8979 33.4489 38.7167 44.814 51.8717 60.0407 69.4963 80.4411 93.1095 107.773 124.746 144.391 167.131 193.452 223.918 259.182 300 
dV: 1.08333 0.211322 0.327712 0.508206 0.788112 1.22218 1.89532 2.93921 4.55805 7.06849 10.9616 16.999 26.3615 40.8807 63.3966 98.3136 152.462 236.434 366.655 568.597 881.764 1367.42 2120.55 3288.49 5099.69 7908.45 12264.2 19019 29494.1 45738.6 70930.1 109996 170579 264529 410225 636165 986546 1.52991e+06 2.37254e+06 3.67926e+06 
kVec: 979164 1.13528e+06 1.30873e+06 1.50859e+06 1.73862e+06 2.00249e+06 2.30494e+06 2.65126e+06 3.04697e+06 3.49671e+06 4.00816e+06 4.5886e+06 5.24099e+06 5.97359e+06 6.79386e+06 7.70597e+06 8.70406e+06 9.79799e+06 1.09902e+07 1.2244e+07 1.35635e+07 1.49398e+07 1.63447e+07 1.77008e+07 1.90467e+07 2.04179e+07 2.16653e+07 2.30141e+07 2.47297e+07 2.72286e+07 3.09741e+07 3.72352e+07 4.79268e+07 6.43848e+07 8.97419e+07 1.28191e+08 1.82122e+08 2.48643e+08 3.28881e+08 4.18042e+08 
cMat: 
-121113 894.874 1051.53 1224.85 1427.86 1666.89 1948.49 2280.54 2673.62 3142.28 3700.42 4366.89 5173.31 6149.33 7333.43 8784.39 10588.1 12825.3 15616.1 19195.9 23777.3 29671.5 37402.8 47752.5 61558.7 80152 106145 142195 192571 264430 368235 517801 735071 1.05696e+06 1.52607e+06 2.20602e+06 3.17113e+06 4.53213e+06 6.48436e+06 9.31075e+06 
4502.36 -144403 1198.91 1396.54 1628.02 1900.57 2221.68 2600.31 3048.55 3583 4219.5 4979.56 5899.28 7012.47 8363.06 10018.1 12075.8 14628 17812.2 21897 27125.1 33852.3 42677.5 54493.3 70257.7 91491.8 121182 162369 219933 302062 420726 591730 840186 1.20832e+06 1.74491e+06 2.52274e+06 3.62684e+06 5.18381e+06 7.41715e+06 1.06506e+07 
3338.67 756.595 -165563 1588.34 1851.64 2161.65 2526.9 2957.59 3467.48 4075.46 4799.55 5664.25 6710.63 7977.22 9514 11397.4 13739.1 16643.9 20268.4 24918.5 30871.2 38531.6 48582.7 62042.5 80003.7 104202 138044 185002 250646 344328 479713 674856 958443 1.3787e+06 1.99134e+06 2.87956e+06 4.14042e+06 5.91839e+06 8.46877e+06 1.21612e+07 
2446.16 554.342 999.068 -190278 2100.65 2452.38 2866.8 3355.48 3934.04 4623.93 5445.62 6426.9 7614.44 9051.98 10796.3 12934.2 15592.7 18890.8 23006.4 28287.5 35048.8 43751.4 55171.9 70468.8 90885.9 118399 156888 210308 285005 391636 545773 768000 1.09102e+06 1.5698e+06 2.26789e+06 3.28013e+06 4.71715e+06 6.74347e+06 9.65013e+06 1.38584e+07 
1786.92 404.951 729.833 1316.35 -219049 2749.64 3243.23 3796.15 4450.79 5231.43 6161.26 7271.74 8615.73 10242.8 12217.2 14637.4 17647.2 21381.6 26042.2 32023.7 39683 49543.1 62485.5 79825 102974 134177 177841 238461 323252 444329 619399 871875 1.23897e+06 1.78317e+06 2.57681e+06 3.7278e+06 5.36193e+06 7.66612e+06 1.09714e+07 1.57568e+07 
1301.64 294.98 531.642 958.896 1715.7 -252418 3655.65 4278.98 5017 5897.14 6945.54 8197.7 9713.3 11548.3 13775.2 16505.2 19900.8 24114.5 29374 36125.6 44772.7 55906.8 70525.2 90116 116278 151554 200935 269516 365479 502558 700837 986879 1.40291e+06 2.0198e+06 2.91968e+06 4.22502e+06 6.07845e+06 8.69176e+06 1.24405e+07 1.7868e+07 
944.786 214.111 385.896 696.032 1256.59 2269.93 -291057 4804.49 5633.32 6621.82 7799.37 9205.89 10908.5 12970.1 15472.3 18540.2 22356.7 27093.5 33006.9 40599.7 50326.5 62854.1 79306.8 101363 130828 170572 226231 303564 411818 566522 790385 1.11346e+06 1.58353e+06 2.28074e+06 3.29808e+06 4.77416e+06 6.87025e+06 9.82557e+06 1.4065e+07 2.02029e+07 
682.818 154.744 278.903 503.06 908.22 1640.67 2966.74 -335720 6233.19 7404.61 8721.76 10295.2 12200 14506.7 17306.8 20740.5 25012.7 30316 36938.1 45443.1 56341.4 70381.8 88827.5 113565 146625 191235 253741 340627 462312 636298 888175 1.25184e+06 1.78119e+06 2.56659e+06 3.71297e+06 5.37673e+06 7.73963e+06 1.10709e+07 1.58498e+07 2.27689e+07 
491.212 111.323 200.646 361.914 653.41 1180.4 2134.51 3824.83 -387474 8239.56 9705.75 11457.4 13578.2 16146.9 19265.4 23090.1 27850 33759.9 41141.1 50624 62779 78443.7 99031.2 126654 163585 213444 283342 380557 516784 711673 993962 1.40175e+06 1.99561e+06 2.87704e+06 4.16408e+06 6.03257e+06 8.68662e+06 1.24282e+07 1.77956e+07 2.5567e+07 
351.778 79.7247 143.697 259.198 467.977 845.433 1528.86 2768.59 5020.63 -447182 10736.4 12674.9 15022.5 17866.1 21319.2 25555 30827.8 37376.2 45557.2 56071.4 69553.5 86935.2 109790 140471 181514 236954 314732 422976 574761 792057 1.10701e+06 1.56225e+06 2.22563e+06 3.21066e+06 4.64964e+06 6.73952e+06 9.70854e+06 1.38938e+07 1.9898e+07 2.85913e+07 
250.417 56.754 102.297 184.526 333.167 601.911 1088.52 1971.28 3574.97 6490.04 -516315 13939.2 16522.5 19652.4 23453.7 28117.8 33925.5 41140.2 50156.4 61748.9 76620 95801.1 121035 154931 200302 261629 347732 467651 635939 877050 1.22677e+06 1.73264e+06 2.47029e+06 3.56617e+06 5.16789e+06 7.49515e+06 1.08021e+07 1.54633e+07 2.21504e+07 3.18326e+07 
177.046 40.1261 72.3274 130.47 235.576 425.617 769.74 1394.05 2528.3 4590.23 8351 -596528 17921.6 21480.1 25638.6 30742.4 37099.6 44999.6 54875.7 67579.7 83884.5 104925 132623 169853 219722 287179 381970 514103 699692 965831 1.35218e+06 1.91147e+06 2.72766e+06 3.94089e+06 5.7152e+06 8.2945e+06 1.19604e+07 1.71271e+07 2.45396e+07 3.52723e+07 
124.447 28.2056 50.8423 91.7169 165.61 299.223 541.183 980.181 1777.82 3227.99 5873.25 10633.5 -689475 23286.9 27800.1 33340.9 40245.2 48828.4 59563.1 73379.6 91122.4 114033 144213 184815 239247 312942 416609 561265 764660 1.05665e+06 1.48096e+06 2.09582e+06 2.99395e+06 4.32991e+06 6.2851e+06 9.12909e+06 1.31723e+07 1.88701e+07 2.70448e+07 3.88813e+07 
86.8298 19.6804 35.4764 64.0003 115.568 208.82 377.702 684.136 1240.97 2253.45 4100.57 7481.08 13669 -797770 29903.3 35871.7 43312.2 52566.2 64145.5 79058.9 98223.1 122987 155636 199601 258599 338560 451182 608524 830030 1.14843e+06 1.61167e+06 2.28371e+06 3.26645e+06 4.72947e+06 6.8724e+06 9.99167e+06 1.44277e+07 2.06783e+07 2.96463e+07 4.26316e+07 
60.0666 13.6149 24.5435 44.279 79.9609 144.49 261.364 473.452 858.884 1559.81 2838.73 5179.73 9465.79 17346.2 -924352 37858.9 46241.5 56141.5 68536 84511.3 105056 131624 166685 213952 277449 363612 485140 655158 894851 1.2399e+06 1.74259e+06 2.47283e+06 3.54204e+06 5.13524e+06 7.4711e+06 1.0874e+07 1.57151e+07 2.25354e+07 3.23213e+07 4.6491e+07 
41.2165 9.34263 16.8427 30.3877 54.8786 99.1734 179.407 325.02 589.68 1071.05 1949.52 3557.82 6503.13 11919.8 21687.2 -1.07382e+06 48932.9 59433.7 72588.9 89559.5 111403 139678 177032 227454 295279 387442 517647 700100 957750 1.32928e+06 1.87144e+06 2.66024e+06 3.81689e+06 5.54229e+06 8.07479e+06 1.17676e+07 1.70236e+07 2.44272e+07 3.50502e+07 5.04323e+07 
28.0983 6.36938 11.4832 20.7194 37.4209 67.6307 122.358 221.693 402.268 730.765 1330.37 2428.38 4439.75 8140.07 14981.9 27675.8 -1.24978e+06 62297.9 76129.6 93991.5 117006 146831 186285 239625 311487 409300 547765 742175 1.01727e+06 1.41479e+06 1.99602e+06 2.84327e+06 4.08792e+06 5.94707e+06 8.67962e+06 1.26688e+07 1.83496e+07 2.63499e+07 3.78297e+07 5.44523e+07 
18.9876 4.30437 7.76077 14.0039 25.2942 45.7186 82.7239 149.902 272.04 494.28 900.027 1643.23 3005.1 5511.46 10147.5 18753.2 34754.8 -1.45999e+06 79195.4 97851.8 121919 153148 194521 250555 326181 429317 575655 781583 1.07366e+06 1.49675e+06 2.11678e+06 3.02258e+06 4.35607e+06 6.35101e+06 9.28778e+06 1.35808e+07 1.96983e+07 2.83114e+07 4.0671e+07 5.85676e+07 
12.7186 2.88341 5.19916 9.38237 16.9482 30.6369 55.4418 100.479 182.379 331.437 603.644 1102.39 2016.65 3699.92 6814.91 12600.2 23364.7 43567.8 -1.71439e+06 100574 126168 158661 201785 260305 339449 447616 601499 818603 1.12735e+06 1.57584e+06 2.23484e+06 3.2e+06 4.62433e+06 6.759e+06 9.90712e+06 1.45161e+07 2.10889e+07 3.03404e+07 4.36166e+07 6.28402e+07 
8.49941 1.92702 3.47496 6.2715 11.33 20.4837 37.0738 67.2017 122.002 221.767 404.014 738.044 1350.64 2479.07 4568.45 8451.45 15682.2 29264.9 54676.3 -2.02124e+06 129474 163041 207681 268410 350744 463576 624619 852559 1.1778e+06 1.65191e+06 2.35087e+06 3.37782e+06 4.89802e+06 7.1815e+06 1.05567e+07 1.55077e+07 2.25748e+07 3.25187e+07 4.67892e+07 6.74515e+07 
5.65627 1.28251 2.31296 4.17482 7.54314 13.6394 24.6905 44.7639 81.2854 147.796 269.338 492.193 901.111 1654.78 3051.13 5648.12 10488.6 19590.1 36850.9 69561.9 -2.39923e+06 166803 212859 275691 361125 478573 646847 885924 1.2284e+06 1.72971e+06 2.47171e+06 3.56605e+06 5.19197e+06 7.64084e+06 1.12702e+07 1.66061e+07 2.42314e+07 3.49565e+07 5.03488e+07 7.26335e+07 
3.75128 0.850651 1.53428 2.76967 5.00499 9.05146 16.3885 29.7189 53.9795 98.1775 178.977 327.195 599.317 1101.18 2031.65 3763.63 6995.18 13078.2 24628.9 46554.1 88649.4 -2.87134e+06 215520 283034 371758 494164 670315 921677 1.28339e+06 1.81543e+06 2.60657e+06 3.77858e+06 5.5274e+06 8.16974e+06 1.20981e+07 1.78889e+07 2.61756e+07 3.78257e+07 5.45461e+07 7.87509e+07 
2.49288 0.565351 1.01983 1.84124 3.32779 6.01943 10.9011 19.7732 35.9252 65.3635 119.205 218.022 399.565 734.623 1356.34 2514.71 4678.6 8757.14 16512.7 31261.9 59637.6 113617 -3.47083e+06 290866 383267 511286 696477 962117 1.34646e+06 1.91509e+06 2.76543e+06 4.03196e+06 5.93174e+06 8.81336e+06 1.31137e+07 1.94731e+07 2.85888e+07 4.1398e+07 5.97824e+07 8.63909e+07 
1.66999 0.378776 0.683366 1.23399 2.23067 4.03583 7.31076 13.2646 24.1082 43.8813 80.0648 146.513 268.683 494.354 913.496 1695.32 3157.83 5918.59 11177.2 21200 40529.6 78291.8 152621 -4.22901e+06 395943 530471 726330 1.00908e+06 1.42097e+06 2.03481e+06 2.95942e+06 4.34607e+06 6.44002e+06 9.63218e+06 1.44188e+07 2.15262e+07 3.17361e+07 4.60746e+07 6.66538e+07 9.64295e+07 
1.12225 0.254575 0.459365 0.829648 1.50006 2.71464 4.91889 8.92773 16.2321 29.5588 53.96 98.8006 181.314 333.876 617.53 1147.29 2139.83 4016.59 7598.14 14441.5 27675.2 53606.9 104835 206403 -5.21542e+06 554554 763781 1.0681e+06 1.51491e+06 2.18659e+06 3.20707e+06 4.75017e+06 7.09925e+06 1.07024e+07 1.61364e+07 2.42447e+07 3.5923e+07 5.23139e+07 7.58382e+07 1.0986e+08 
0.755488 0.171403 0.30934 0.558803 1.01058 1.82934 3.31577 6.02024 10.9503 19.9505 36.4407 66.7655 122.62 226 418.433 778.323 1453.77 2733.31 5180.27 9868.58 18962.4 36842.1 72307 142974 286719 -6.52821e+06 808154 1.14301e+06 1.63457e+06 2.381e+06 3.52663e+06 5.27595e+06 7.96465e+06 1.21194e+07 1.84282e+07 2.78968e+07 4.1578e+07 6.07687e+07 8.83101e+07 1.28117e+08 
0.513001 0.116408 0.210129 0.379671 0.686803 1.24362 2.25495 4.09585 7.45353 13.5874 24.8343 45.534 83.7017 154.43 286.261 533.205 997.597 1879.23 3569.34 6817.99 13141.8 25624.7 50504.5 100378 202483 414382 -8.22872e+06 1.21971e+06 1.76237e+06 2.59728e+06 3.89627e+06 5.90593e+06 9.03538e+06 1.39217e+07 2.14106e+07 3.27393e+07 4.91811e+07 7.2231e+07 1.05307e+08 1.53064e+08 
0.345058 0.0783126 0.141394 0.25554 0.462384 0.837538 1.51922 2.76069 5.02639 9.16849 16.7693 30.7711 56.6186 104.578 194.101 362.081 678.66 1281.09 2439 4672.52 9037.22 17690.7 35029.8 70019 142173 294269 612413 -1.05047e+07 1.89315e+06 2.82851e+06 4.30827e+06 6.63509e+06 1.03183e+07 1.61478e+07 2.51884e+07 3.9003e+07 5.91682e+07 8.7429e+07 1.27977e+08 1.86435e+08 
0.226375 0.0513866 0.0927998 0.16776 0.30364 0.550192 0.998408 1.81512 3.30657 6.03534 11.0469 20.2877 37.3673 69.102 128.429 239.955 450.623 852.514 1627.16 3127.02 6070.3 11933.2 23748.5 47764.5 97684.2 203858 428662 917102 -1.36006e+07 3.01279e+06 4.72167e+06 7.40987e+06 1.17512e+07 1.87423e+07 2.97461e+07 4.67751e+07 7.1817e+07 1.06917e+08 1.57274e+08 2.29726e+08 
0.142595 0.0323752 0.0584809 0.105748 0.19146 0.347053 0.630053 1.14601 2.08884 3.81529 6.98886 12.8464 23.6871 43.8589 81.6309 152.775 287.493 545.182 1043.38 2011.88 3921.03 7743.43 15494.8 31376.4 64678.9 136220 289797 628559 1.38205e+06 -1.78649e+07 4.99303e+06 8.01974e+06 1.30353e+07 2.13044e+07 3.45804e+07 5.5479e+07 8.65264e+07 1.30091e+08 1.9259e+08 2.82253e+08 
0.0841107 0.0191006 0.0345108 0.0624216 0.113051 0.205001 0.372331 0.677574 1.23574 2.25866 4.14073 7.61809 14.0623 26.0712 48.5954 91.105 171.803 326.588 626.766 1212.76 2373.32 4709.28 9477.46 19329.3 40182.2 85462 184143 405530 917452 2.11493e+06 -2.36557e+07 8.09113e+06 1.35721e+07 2.29225e+07 3.83703e+07 6.33033e+07 1.00927e+08 1.53888e+08 2.29899e+08 3.3847e+08 
0.0447641 0.0101675 0.0183749 0.0332449 0.0602283 0.109256 0.198521 0.36145 0.659579 1.20641 2.21342 4.07588 7.53194 13.9819 26.0997 49.0148 92.6244 176.499 339.664 659.513 1295.95 2583.78 5229.81 10743.5 22525.5 48389.8 105642 236378 544928 1.28568e+06 3.06232e+06 -3.19463e+07 1.29983e+07 2.28559e+07 3.97699e+07 6.80097e+07 1.11599e+08 1.73371e+08 2.62167e+08 3.88298e+08 
0.0212758 0.00483341 0.00873713 0.015812 0.0286546 0.0519994 0.0945248 0.172186 0.314385 0.575419 1.05655 1.9473 3.60234 6.69562 12.5165 23.5453 44.5859 85.1625 164.338 320.182 631.713 1265.42 2575.97 5329.98 11271.1 24457.3 54110.5 123071 289334 699653 1.71979e+06 4.35188e+06 -4.43354e+07 2.10181e+07 3.84167e+07 6.87116e+07 1.16962e+08 1.86142e+08 2.85945e+08 4.26802e+08 
0.00879858 0.00199921 0.00361468 0.00654328 0.0118611 0.0215316 0.0391558 0.0713581 0.130356 0.23874 0.438675 0.809162 1.49837 2.78821 5.21903 9.83294 18.6551 35.7104 69.0826 135.017 267.379 537.926 1100.78 2292.78 4886.92 10703.4 23978.8 55393.9 132721 328874 835391 2.20083e+06 6.04493e+06 -6.21984e+07 3.15345e+07 6.02466e+07 1.08701e+08 1.80129e+08 2.84329e+08 4.30315e+08 
0.00311479 0.000707863 0.00128011 0.00231778 0.00420258 0.00763139 0.0138829 0.0253109 0.0462598 0.0847715 0.155867 0.287721 0.533276 0.993394 1.86172 3.51258 6.67568 12.8046 24.8276 48.6635 96.6983 195.313 401.589 841.522 1806.59 3990.48 9041.96 21186 51647.2 130885 342866 938949 2.70906e+06 7.7319e+06 -8.85691e+07 4.59516e+07 8.97287e+07 1.57873e+08 2.60045e+08 4.03015e+08 
0.00093223 0.000211889 0.000383254 0.000694067 0.00125877 0.00228642 0.00416079 0.00758864 0.0138754 0.0254401 0.0468038 0.086455 0.160371 0.299027 0.561016 1.05984 2.01738 3.87647 7.53176 14.8006 29.4994 59.7939 123.467 260.114 561.992 1250.7 2862.62 6792.12 16814.7 43475.7 117115 332443 1.0032e+06 3.05838e+06 9.51392e+06 -1.27647e+08 6.45842e+07 1.24765e+08 2.19025e+08 3.53051e+08 
0.000230261 5.23428e-05 9.46884e-05 0.000171507 0.000311105 0.000565214 0.00102883 0.00187697 0.0034331 0.00629703 0.0115904 0.0214209 0.0397606 0.0741927 0.139315 0.26345 0.502081 0.966124 1.88015 3.70211 7.39635 15.0335 31.1461 65.8934 143.08 320.299 738.896 1770.47 4436.03 11650.9 32083.9 93734.7 293424 948170 3.19215e+06 1.10973e+07 -1.81915e+08 8.31809e+07 1.6242e+08 2.82057e+08 
4.57865e-05 1.04089e-05 1.88315e-05 3.41127e-05 6.18856e-05 0.000112449 0.000204719 0.000373553 0.000683397 0.00125381 0.00230847 0.00426782 0.00792493 0.0147948 0.0277956 0.0525954 0.100312 0.193194 0.376347 0.741973 1.48455 3.02261 6.27505 13.31 28.9902 65.133 150.987 363.986 918.852 2437.18 6806.34 20260.2 64971.5 218607 781428 2.98274e+06 1.15732e+07 -2.48582e+08 9.78528e+07 1.99287e+08 
7.1528e-06 1.62618e-06 2.94223e-06 5.33014e-06 9.67052e-06 1.75736e-05 3.19973e-05 5.83936e-05 0.000106845 0.000196062 0.000361058 0.000667671 0.00124016 0.00231599 0.00435283 0.00824023 0.0157247 0.0303035 0.0590736 0.116567 0.23347 0.475919 0.98943 2.10241 4.58877 10.3349 24.0351 58.1748 147.58 393.955 1110.25 3345.19 10897.7 37676.9 140541 571727 2.46742e+06 1.06843e+07 -3.28867e+08 1.19786e+08 
8.47643e-07 1.92718e-07 3.487e-07 6.31739e-07 1.14624e-06 2.08314e-06 3.79322e-06 6.92313e-06 1.26689e-05 2.32508e-05 4.28241e-05 7.92042e-05 0.000147148 0.000274865 0.00051674 0.000978536 0.00186804 0.00360151 0.00702423 0.0138689 0.027797 0.0567079 0.118005 0.251028 0.548614 1.23743 2.88325 6.99439 17.791 47.651 134.903 408.91 1342.45 4706.1 17976.1 76059.4 353639 1.79586e+06 9.8861e+06 -4.1804e+08 
dt_FE: 2.3921e-09
dt_EA: 2.3921e-09
dt_PE: 2.3921e-09
tolC: 1e-06
dt_grow: 1.03
dt_max: 0.1
steps: 0
