t: 3.30352e-07
dt: 2.39034e-09
N: 0.248035 0.279774 0.314399 0.351879 0.392047 0.434508 0.478839 0.524467 0.570582 0.616142 0.660294 0.702015 0.740008 0.77353 0.801941 0.824642 0.841226 0.85194 0.856885 0.855911 0.849231 0.836575 0.817118 0.789469 0.751736 0.701218 0.634817 0.550409 0.448728 0.336252 0.226133 0.133786 0.0687349 0.0304393 0.011537 0.00369925 0.000985266 0.000212558 3.59905e-05 4.60634e-06 
eC: 1 1.15749 1.33977 1.55077 1.795 2.07768 2.40489 2.78363 3.22201 3.72944 4.31677 4.99661 5.78351 6.69433 7.7486 8.9689 10.3814 12.0163 13.9087 16.0991 18.6345 21.5692 24.9661 28.8979 33.4489 38.7167 44.814 51.8717 60.0407 69.4963 80.4411 93.1095 107.773 124.746 144.391 167.131 193.452 223.918 259.182 300 
dV: 1.08333 0.211322 0.327712 0.508206 0.788112 1.22218 1.89532 2.93921 4.55805 7.06849 10.9616 16.999 26.3615 40.8807 63.3966 98.3136 152.462 236.434 366.655 568.597 881.764 1367.42 2120.55 3288.49 5099.69 7908.45 12264.2 19019 29494.1 45738.6 70930.1 109996 170579 264529 410225 636165 986546 1.52991e+06 2.37254e+06 3.67926e+06 
kVec: 1.02645e+06 1.18934e+06 1.3704e+06 1.57878e+06 1.81828e+06 2.09257e+06 2.40637e+06 2.76493e+06 3.17362e+06 3.63672e+06 4.16161e+06 4.75505e+06 5.4189e+06 6.16043e+06 6.98576e+06 7.89706e+06 8.8856e+06 9.959e+06 1.11165e+07 1.23165e+07 1.35601e+07 1.48351e+07 1.61107e+07 1.73075e+07 1.84688e+07 1.96367e+07 2.06806e+07 2.18488e+07 2.34377e+07 2.59006e+07 2.97276e+07 3.6179e+07 4.71305e+07 6.38744e+07 8.94946e+07 1.28165e+08 1.82264e+08 2.48885e+08 3.29175e+08 4.1835e+08 
cMat: 
-74922 721.986 848.374 988.208 1152 1344.85 1572.05 1839.94 2157.08 2535.2 2985.51 3523.22 4173.83 4961.29 5916.62 7087.26 8542.53 10347.5 12599.1 15487.3 19183.5 23939 30176.7 38526.8 49665.7 64666.8 85637.7 114724 155366 213342 297093 417763 593057 852757 1.23124e+06 1.77982e+06 2.55848e+06 3.65653e+06 5.23159e+06 7.51193e+06 
3517 -90053.5 936.529 1090.9 1271.72 1484.63 1735.46 2031.22 2381.36 2798.85 3296.05 3889.77 4608.2 5477.77 6532.78 7825.63 9432.95 11426.6 13913.9 17104.8 21188.7 26443.7 33337.4 42567.3 54881.6 71468.6 94661.1 126834 171800 235955 328649 462228 656309 943878 1.36303e+06 1.97063e+06 2.8331e+06 4.04932e+06 5.79389e+06 8.31965e+06 
2513.61 569.624 -102891 1195.83 1394.06 1627.46 1902.45 2226.71 2610.59 3068.33 3613.48 4264.49 5052.29 6005.88 7162.89 8580.85 10343.9 12530.9 15259.6 18760.7 23242.3 29009.7 36576.9 46710.5 60233.1 78451.3 103931 139284 188707 259237 361166 508085 721592 1.03799e+06 1.49924e+06 2.16796e+06 3.11723e+06 4.45583e+06 6.37596e+06 9.1559e+06 
1765.96 400.197 721.259 -117936 1516.52 1770.45 2069.63 2422.43 2840.11 3338.16 3931.37 4639.78 5497.11 6534.92 7794.21 9337.64 11256.9 13637.9 16609.1 20421.7 25302.9 31585.5 39830.4 50873.7 65613.5 85476.1 113263 151828 205755 282734 394011 554444 787645 1.13329e+06 1.63726e+06 2.36803e+06 3.40546e+06 4.86833e+06 6.96674e+06 1.00048e+07 
1230.01 278.744 502.373 906.094 -135512 1892.69 2232.45 2613.04 3063.66 3601.01 4241.04 5005.43 5930.55 7050.52 8409.6 10075.5 12147.3 14717.8 17925.9 22043.2 27315.4 34102.5 43011.3 54946.8 70881.2 92359.4 122415 164142 222507 305849 426357 600146 852830 1.22743e+06 1.77372e+06 2.566e+06 3.69083e+06 5.27689e+06 7.55204e+06 1.0846e+07 
849.092 192.422 346.802 625.509 1119.19 -155984 2384.66 2791.27 3272.7 3846.84 4530.73 5347.54 6336.2 7533.19 8985.88 10766.7 12981.7 15730.4 19161.3 23565.5 29206.2 36469.3 46005.2 58784.7 75850.9 98861.8 131074 175811 238410 327830 457172 643763 915148 1.31756e+06 1.90458e+06 2.75608e+06 3.96511e+06 5.66983e+06 8.11522e+06 1.16557e+07 
580.212 131.49 236.987 427.447 771.696 1394.01 -179819 2950.53 3459.54 4066.6 4789.75 5653.52 6699.13 7965.19 9501.88 11385.9 13729.7 16638.6 20270.2 24933.1 30906.5 38600 48703.9 62249.2 80344.4 104751 138933 186425 252906 347913 485392 683799 972476 1.40065e+06 2.02542e+06 2.93191e+06 4.21916e+06 6.03408e+06 8.63759e+06 1.2407e+07 
392.014 88.8408 160.122 288.813 521.421 941.93 1703.24 -207574 3578.55 4251.08 5007.27 5910.58 7004.17 8328.48 9936.08 11907.4 14360.1 17404.8 21206.7 26089.5 32346.3 40407.1 50997 65199.3 84179.3 109791 145676 195558 265419 365307 509913 718699 1.02261e+06 1.47351e+06 2.13166e+06 3.08685e+06 4.44342e+06 6.35597e+06 9.09957e+06 1.30719e+07 
261.774 59.3257 106.927 192.869 348.213 629.051 1137.52 2038.31 -240043 4390.99 5172.35 6105.8 7236.03 8604.91 10266.8 12305.1 14841.7 17991.2 21924.7 26978.3 33455.9 41803.9 52775.2 67495.7 87177.1 113747 150997 202805 275402 379262 529698 747013 1.06349e+06 1.53322e+06 2.2191e+06 3.21485e+06 4.62923e+06 6.62317e+06 9.48357e+06 1.36251e+07 
172.869 39.1778 70.6146 127.373 229.97 415.457 751.3 1360.52 2467.21 -278007 5276.01 6228.62 7382.24 8779.66 10476.5 12558.1 15149.2 18367.2 22387.4 27554.2 34179.5 42721.1 53952.3 69029.3 89198.3 116443 154664 207856 282445 389228 543997 767711 1.0937e+06 1.57776e+06 2.2849e+06 3.31189e+06 4.77091e+06 6.82762e+06 9.77814e+06 1.40502e+07 
112.787 25.5618 46.074 83.1097 150.057 271.099 490.267 887.859 1610.15 2923.09 -322697 6278.17 7441.69 8851.38 10563.5 12664.2 15279.9 18529.4 22590.3 27811.5 34509.4 43148.5 54513.7 69780.2 90215.2 117837 156617 210629 286425 395020 552534 780376 1.11261e+06 1.60619e+06 2.3276e+06 3.37579e+06 4.86521e+06 6.96461e+06 9.97645e+06 1.43373e+07 
72.7535 16.489 29.7215 53.6142 96.8053 174.899 316.309 572.857 1038.95 1886.26 3431.68 -375637 7364.51 8826.82 10535.7 12633 15245.3 18491.7 22550.1 27770.5 34470.6 43117 54498.6 69797.5 90290.2 118010 156963 211260 287525 396889 555650 785481 1.12088e+06 1.61943e+06 2.34855e+06 3.40846e+06 4.91488e+06 7.03805e+06 1.0084e+07 1.44944e+07 
46.6074 10.5635 19.0413 34.3496 62.0238 112.064 202.683 367.095 665.824 1208.94 2199.64 3982.44 -438479 8721.34 10411.6 12486.7 15072.5 18287.1 22307.4 27482 34126.9 42707.4 54010.5 69216.6 89602.1 117202 156027 210204 286379 395735 554647 784923 1.12129e+06 1.62163e+06 2.35388e+06 3.41901e+06 4.93326e+06 7.0672e+06 1.01288e+07 1.45617e+07 
29.723 6.73687 12.144 21.9081 39.5606 71.4818 129.292 234.189 424.799 771.386 1403.68 2560.87 4679.09 -513793 10236.3 12279.3 14826.3 17994.1 21957.8 27062.9 33623.1 42100.1 53276.1 68326 88521.8 115894 154446 208306 284130 393123 551696 781745 1.11815e+06 1.61896e+06 2.35251e+06 3.42028e+06 4.93879e+06 7.07845e+06 1.01483e+07 1.45934e+07 
18.956 4.29663 7.74552 13.9737 25.2343 45.5987 82.4823 149.414 271.05 492.251 895.857 1634.64 2987.25 5474.16 -604796 11947.7 14593.1 17717.3 21628.8 26670.4 33153.8 41538.4 52603.1 67519.6 87558.4 114750 153102 206757 282400 391291 549933 780386 1.11781e+06 1.6206e+06 2.35776e+06 3.43164e+06 4.95942e+06 7.11182e+06 1.02001e+07 1.46718e+07 
12.1911 2.76338 4.98177 8.98813 16.2321 29.3337 53.0654 96.1351 174.417 316.798 576.634 1052.34 1923.51 3525.67 6414.67 -715740 14473.5 17579.4 21470.5 26490.1 32950.9 41314.1 52362.8 67276.7 87338.2 114598 153111 207077 283285 393178 553539 786850 1.12897e+06 1.63931e+06 2.38838e+06 3.48065e+06 5.03528e+06 7.22512e+06 1.03672e+07 1.49169e+07 
7.99022 1.81124 3.26546 5.89192 10.6413 19.232 34.7946 63.0422 114.392 207.806 378.314 690.55 1262.52 2314.77 4260.35 7870.09 -851201 17715.5 21648.7 26728.1 33272.8 41754 52973.5 68141.5 88576.6 116391 155766 211050 289277 402320 567603 808533 1.16247e+06 1.69115e+06 2.4682e+06 3.60258e+06 5.21804e+06 7.49306e+06 1.07575e+07 1.54845e+07 
5.3599 1.21506 2.19075 3.95309 7.14018 12.9057 23.3517 42.315 76.7929 139.528 254.064 463.858 848.296 1555.8 2864.5 5293.74 9810.77 -1.01919e+06 22355.7 27622.1 34415.9 43231.3 54910.5 70727.9 92076.2 121190 162499 220629 303077 422509 597536 853230 1.22965e+06 1.7928e+06 2.6218e+06 3.83365e+06 5.56054e+06 7.99189e+06 1.14808e+07 1.65328e+07 
3.69801 0.838367 1.51168 2.72797 4.92779 8.90782 16.12 29.2147 53.0275 96.3669 175.513 320.524 586.35 1075.77 1981.47 3663.57 6793.41 12667.6 -1.23005e+06 29242.5 36683.8 46131.6 58670 75685.1 98696.5 130147 174889 238013 327783 458185 649791 930415 1.34455e+06 1.96521e+06 2.88054e+06 4.22064e+06 6.1317e+06 8.82161e+06 1.26818e+07 1.82711e+07 
2.64293 0.599215 1.08055 1.95015 3.52312 6.36949 11.5283 20.8967 37.937 68.9595 125.63 229.498 419.989 770.879 1420.58 2628.02 4876.47 9100.05 17001.9 -1.49353e+06 40260.6 50698.4 64579.5 83463.3 109065 144151 194228 265107 366242 513669 731013 1.05035e+06 1.52306e+06 2.23312e+06 3.28266e+06 4.82218e+06 7.01974e+06 1.01118e+07 1.45493e+07 2.09744e+07 
1.94408 0.440804 0.794973 1.4349 2.5926 4.6879 8.4862 15.3855 27.9381 50.798 92.5723 169.169 309.715 568.754 1048.69 1941.28 3604.97 6733.2 12665.8 23908.7 -1.82888e+06 57330.7 73160.3 94756.1 124120 164487 222324 304495 422205 594507 849536 1.22567e+06 1.7845e+06 2.62618e+06 3.87361e+06 5.70758e+06 8.32843e+06 1.20147e+07 1.73051e+07 2.49644e+07 
1.46271 0.331687 0.598249 1.07996 1.95155 3.52936 6.39022 11.588 21.0478 38.2815 69.787 127.58 233.687 429.373 792.186 1467.52 2727.57 5099.48 9603.32 18152.4 34566.3 -2.26146e+06 84036 110361 144956 192685 261370 359382 500422 707874 1.01636e+06 1.47335e+06 2.15525e+06 3.18556e+06 4.71731e+06 6.97527e+06 1.02064e+07 1.4749e+07 2.12687e+07 3.07066e+07 
1.1213 0.254296 0.45872 0.828196 1.49685 2.70755 4.90336 8.89402 16.1592 29.4006 53.6187 98.0668 179.725 330.435 610.084 1131.12 2104.44 3938.98 7427.45 14061.7 26825.1 51105.3 -2.82421e+06 130832 172394 229978 313277 432762 605642 861410 1.2439e+06 1.81358e+06 2.66811e+06 3.96427e+06 5.89856e+06 8.75906e+06 1.28593e+07 1.86209e+07 2.68902e+07 3.88588e+07 
0.871782 0.197732 0.356737 0.644177 1.16448 2.10682 3.81643 6.92452 12.5852 22.9073 41.7962 76.484 140.26 258.067 476.872 885.004 1648.48 3089.68 5834.82 11067 21157.6 40870.6 79672.3 -3.55249e+06 206694 276921 379165 526771 741786 1.06223e+06 1.5449e+06 2.26878e+06 3.36188e+06 5.02828e+06 7.52702e+06 1.12373e+07 1.65672e+07 2.40523e+07 3.47952e+07 5.0339e+07 
0.679518 0.154144 0.278143 0.502348 0.908279 1.6437 2.97837 5.4057 9.82847 17.8977 32.6726 59.8233 109.785 202.161 373.912 694.679 1295.66 2432.03 4600.64 8744.24 16757.2 32458.7 63477 124976 -4.51875e+06 335780 462466 646730 917271 1.32397e+06 1.94187e+06 2.87621e+06 4.29857e+06 6.48026e+06 9.77052e+06 1.46801e+07 2.17513e+07 3.16759e+07 4.59197e+07 6.65196e+07 
0.526613 0.119476 0.215625 0.389513 0.704425 1.27514 2.31126 4.19641 7.63292 13.9065 25.401 46.5389 85.4724 157.533 291.669 542.53 1013.35 1905.26 3610.9 6878.9 13217.8 25680.8 50401.6 99660.3 199858 -5.82183e+06 563324 796737 1.13938e+06 1.65968e+06 2.45824e+06 3.6776e+06 5.55176e+06 8.44784e+06 1.28454e+07 1.94454e+07 2.8982e+07 4.23588e+07 6.15565e+07 8.9304e+07 
0.404306 0.0917429 0.165606 0.299226 0.541282 0.980124 1.77717 3.22801 5.87426 10.7085 19.5724 35.8862 65.9669 121.709 225.607 420.229 786.225 1481.06 2813.06 5373.38 10357.3 20195.3 39803.6 79109.5 159581 326582 -7.5243e+06 961280 1.38896e+06 2.04697e+06 3.07073e+06 4.65457e+06 7.12095e+06 1.0972e+07 1.68741e+07 2.58025e+07 3.87605e+07 5.69266e+07 8.29945e+07 1.20633e+08 
0.301355 0.0683941 0.123486 0.223175 0.403821 0.731461 1.32681 2.41104 4.38978 8.00727 14.6454 26.8738 49.4477 91.3333 169.517 316.222 592.706 1118.83 2130.09 4080.73 7892.62 15450.1 30593.1 61150.9 124166 256999 534849 -9.81039e+06 1.65338e+06 2.47027e+06 3.76262e+06 5.79474e+06 9.01145e+06 1.41026e+07 2.19982e+07 3.40632e+07 5.16744e+07 7.63558e+07 1.11768e+08 1.62822e+08 
0.213842 0.0485416 0.087662 0.158472 0.286829 0.519731 0.943131 1.71463 3.1235 5.70119 10.4353 19.1644 35.2985 65.2762 121.319 226.67 425.674 805.315 1537.07 2953.89 5734.22 11272.5 22433.6 45120 92275.9 192571 404929 866326 -1.29201e+07 2.84599e+06 4.46026e+06 6.99963e+06 1.11006e+07 1.77046e+07 2.80992e+07 4.41854e+07 6.78409e+07 1.00998e+08 1.48566e+08 2.17007e+08 
0.141602 0.0321498 0.0580737 0.105012 0.190127 0.344636 0.625665 1.13803 2.0743 3.78872 6.94019 12.757 23.5222 43.5535 81.0624 151.711 285.491 541.385 1036.11 1997.87 3893.73 7689.5 15386.9 31157.8 64228.4 135271 287779 624182 1.37243e+06 -1.7198e+07 4.95826e+06 7.96388e+06 1.29445e+07 2.1156e+07 3.43396e+07 5.50926e+07 8.59238e+07 1.29185e+08 1.91248e+08 2.80287e+08 
0.0854269 0.0193995 0.0350508 0.0633984 0.11482 0.208209 0.378157 0.688177 1.25507 2.29401 4.20553 7.7373 14.2823 26.4791 49.3559 92.5307 174.492 331.698 636.573 1231.74 2410.46 4782.98 9625.76 19631.8 40811 86799.3 187024 411876 931808 2.14802e+06 -2.3013e+07 8.21774e+06 1.37844e+07 2.32812e+07 3.89707e+07 6.42939e+07 1.02506e+08 1.56296e+08 2.33496e+08 3.43766e+08 
0.0458073 0.0104044 0.0188031 0.0340196 0.0616319 0.111802 0.203147 0.369874 0.67495 1.23452 2.265 4.17087 7.70747 14.3078 26.708 50.157 94.7829 180.613 347.579 674.883 1326.15 2643.99 5351.69 10993.9 23050.5 49517.5 108104 241887 557627 1.31564e+06 3.13368e+06 -3.13447e+07 1.33013e+07 2.33886e+07 4.06967e+07 6.95946e+07 1.142e+08 1.77411e+08 2.68277e+08 3.97347e+08 
0.0215403 0.00489351 0.00884577 0.0160086 0.0290109 0.052646 0.0957002 0.174327 0.318294 0.582574 1.06969 1.97151 3.64714 6.77887 12.6721 23.8381 45.1403 86.2214 166.381 324.163 639.568 1281.16 2608 5396.25 11411.3 24761.4 54783.3 124602 292932 708353 1.74117e+06 4.40599e+06 -4.38944e+07 2.12794e+07 3.88944e+07 6.9566e+07 1.18416e+08 1.88456e+08 2.89501e+08 4.32109e+08 
0.00884446 0.00200964 0.00363353 0.0065774 0.011923 0.0216439 0.0393599 0.0717301 0.131036 0.239985 0.440962 0.813381 1.50618 2.80275 5.24624 9.88421 18.7524 35.8966 69.4429 135.721 268.773 540.731 1106.52 2304.73 4912.4 10759.2 24103.8 55682.7 133413 330588 839746 2.2123e+06 6.07645e+06 -6.19317e+07 3.16989e+07 6.05607e+07 1.09268e+08 1.81068e+08 2.85811e+08 4.32559e+08 
0.00312099 0.000709272 0.00128266 0.0023224 0.00421095 0.00764659 0.0139106 0.0253613 0.0463519 0.0849402 0.156177 0.288294 0.534338 0.995371 1.86542 3.51957 6.68896 12.83 24.877 48.7604 96.8908 195.702 402.388 843.197 1810.19 3998.42 9059.96 21228.2 51750 131145 343548 940818 2.71446e+06 7.74729e+06 -8.84627e+07 4.6043e+07 8.99073e+07 1.58187e+08 2.60562e+08 4.03818e+08 
0.000932825 0.000212024 0.000383498 0.00069451 0.00125957 0.00228788 0.00416345 0.00759349 0.0138843 0.0254563 0.0468337 0.0865103 0.160474 0.299218 0.561374 1.06052 2.01867 3.87894 7.53658 14.8101 29.5183 59.8321 123.546 260.281 562.351 1251.5 2864.45 6796.46 16825.5 43503.5 117190 332656 1.00384e+06 3.06033e+06 9.52e+06 -1.27691e+08 6.46255e+07 1.24845e+08 2.19165e+08 3.53277e+08 
0.0002303 5.23517e-05 9.47046e-05 0.000171536 0.000311158 0.00056531 0.00102901 0.00187729 0.00343369 0.0062981 0.0115924 0.0214246 0.0397673 0.0742053 0.139338 0.263495 0.502166 0.966289 1.88047 3.70275 7.39761 15.0361 31.1515 65.9047 143.104 320.354 739.022 1770.77 4436.79 11652.9 32089.4 93750.7 293474 948332 3.19269e+06 1.10992e+07 -1.82085e+08 8.31951e+07 1.62448e+08 2.82105e+08 
4.57882e-05 1.04093e-05 1.88322e-05 3.41139e-05 6.18879e-05 0.000112453 0.000204726 0.000373567 0.000683422 0.00125386 0.00230855 0.00426797 0.00792523 0.0147953 0.0277966 0.0525974 0.100316 0.193202 0.376361 0.742001 1.48461 3.02272 6.27528 13.3105 28.9913 65.1354 150.992 363.999 918.886 2437.27 6806.59 20260.9 64973.9 218615 781457 2.98285e+06 1.15736e+07 -2.48832e+08 9.78564e+07 1.99294e+08 
7.15284e-06 1.62619e-06 2.94225e-06 5.33017e-06 9.67058e-06 1.75737e-05 3.19975e-05 5.83939e-05 0.000106845 0.000196064 0.00036106 0.000667675 0.00124017 0.00231601 0.00435286 0.00824028 0.0157248 0.0303036 0.059074 0.116568 0.233471 0.475922 0.989437 2.10242 4.5888 10.335 24.0353 58.1752 147.581 393.958 1110.25 3345.21 10897.8 37677.1 140542 571730 2.46744e+06 1.06844e+07 -3.29163e+08 1.19787e+08 
8.47644e-07 1.92719e-07 3.487e-07 6.3174e-07 1.14624e-06 2.08314e-06 3.79322e-06 6.92314e-06 1.26689e-05 2.32509e-05 4.28241e-05 7.92043e-05 0.000147148 0.000274865 0.00051674 0.000978537 0.00186804 0.00360151 0.00702424 0.0138689 0.027797 0.056708 0.118005 0.251028 0.548614 1.23744 2.88325 6.9944 17.791 47.651 134.904 408.91 1342.45 4706.1 17976.1 76059.5 353639 1.79586e+06 9.88611e+06 -4.18349e+08 
dt_FE: 2.39034e-09
dt_EA: 2.39034e-09
dt_PE: 2.39034e-09
tolC: 1e-06
dt_grow: 1.03
dt_max: 0.1
steps: 0
