t: 6.22876e-09
dt: 1.88974e-09
N: 0.00376504 0.00434801 0.00501896 0.00579125 0.00667963 0.00769892 0.00886779 0.0102073 0.011739 0.0134835 0.0154705 0.0177296 0.0202772 0.0231471 0.0263726 0.0299703 0.0339337 0.0382992 0.0430769 0.0481448 0.0534997 0.0590935 0.0647216 0.0700272 0.0749321 0.0791984 0.08166 0.0822367 0.0806425 0.0759466 0.0793118 0.390281 0.310365 0.0196829 0.0079378 0.00278931 0.000780453 0.000169645 2.85214e-05 3.6054e-06 
eC: 1 1.15749 1.33977 1.55077 1.795 2.07768 2.40489 2.78363 3.22201 3.72944 4.31677 4.99661 5.78351 6.69433 7.7486 8.9689 10.3814 12.0163 13.9087 16.0991 18.6345 21.5692 24.9661 28.8979 33.4489 38.7167 44.814 51.8717 60.0407 69.4963 80.4411 93.1095 107.773 124.746 144.391 167.131 193.452 223.918 259.182 300 
dV: 1.08333 0.211322 0.327712 0.508206 0.788112 1.22218 1.89532 2.93921 4.55805 7.06849 10.9616 16.999 26.3615 40.8807 63.3966 98.3136 152.462 236.434 366.655 568.597 881.764 1367.42 2120.55 3288.49 5099.69 7908.45 12264.2 19019 29494.1 45738.6 70930.1 109996 170579 264529 410225 636165 986546 1.52991e+06 2.37254e+06 3.67926e+06 
kVec: 823518 956645 1.10404e+06 1.27442e+06 1.4712e+06 1.6979e+06 1.95898e+06 2.25953e+06 2.60517e+06 3.00111e+06 3.4553e+06 3.97596e+06 4.56884e+06 5.24447e+06 6.01376e+06 6.88703e+06 7.86795e+06 8.97446e+06 1.02216e+07 1.15954e+07 1.31173e+07 1.48009e+07 1.66459e+07 1.86063e+07 2.07315e+07 2.30658e+07 2.54264e+07 2.7961e+07 3.08017e+07 3.40807e+07 3.78842e+07 4.30698e+07 5.1711e+07 6.62167e+07 9.0248e+07 1.2776e+08 1.81062e+08 2.47267e+08 3.27363e+08 4.16514e+08 
cMat: 
-200009 956.518 1123.96 1309.22 1526.22 1781.71 2082.71 2437.63 2857.79 3358.74 3955.33 4667.7 5529.67 6572.92 7838.59 9389.5 11317.5 13708.8 16691.8 20518.2 25415.2 31715.4 39979.3 51041.9 65799.1 85673.3 113456 151991 205836 282645 393601 553469 785707 1.12977e+06 1.63119e+06 2.35798e+06 3.38958e+06 4.84433e+06 6.93103e+06 9.95212e+06 
4861.96 -236366 1294.67 1508.08 1758.05 2052.37 2399.12 2808 3292.04 3869.17 4556.51 5377.28 6370.45 7572.56 9031.02 10818.3 13040.3 15796.4 19234.8 23645.9 29291.6 36556.1 46086.1 58845.7 75869.2 98799.3 130861 175338 237499 326188 454329 638991 907292 1.30483e+06 1.88427e+06 2.72423e+06 3.91652e+06 5.59784e+06 8.00957e+06 1.15012e+07 
3647.89 826.669 -272346 1735.45 2023.13 2361.86 2760.94 3231.52 3788.63 4452.92 5244.08 6188.86 7332.16 8716.05 10395.2 12453 15011.6 18185.5 22145.6 27226.5 33730.4 42100.4 53082.4 67788.8 87413.5 113853 150830 202137 273861 376219 524144 737360 1.04721e+06 1.50639e+06 2.17578e+06 3.14626e+06 4.5239e+06 6.46654e+06 9.25313e+06 1.32875e+07 
2708.96 613.897 1106.4 -314379 2326.33 2715.85 3174.79 3715.97 4356.69 5120.7 6030.66 7117.36 8432.49 10024.5 11956.2 14323.8 17267.9 20920.3 25478.1 31326.6 38814.3 48451.8 61099.2 78039.5 100650 131119 173744 232902 315625 433711 604408 850509 1.20824e+06 1.73845e+06 2.51154e+06 3.63253e+06 5.22393e+06 7.46795e+06 1.06869e+07 1.53472e+07 
2009.69 455.433 820.816 1480.45 -363403 3092.42 3647.54 4269.39 5005.64 5883.6 6929.34 8178.25 9689.79 11519.7 13740.3 16462.1 19847.1 24047.1 29288.7 36015.9 44630 55719.3 70275.1 89776.3 115811 150904 200011 268188 363550 499720 696615 980565 1.39342e+06 2.00546e+06 2.89804e+06 4.19252e+06 6.03037e+06 8.62179e+06 1.23391e+07 1.77211e+07 
1489.95 337.654 608.553 1097.62 1963.91 -420417 4184.5 4898.01 5742.8 6750.27 7950.33 9383.64 11118.5 13218.9 15768 18893 22779.8 27603.1 33623.5 41351.7 51249.8 63994.7 80727.9 103153 133100 173478 230004 308506 418352 575262 802226 1.12965e+06 1.60586e+06 2.312e+06 3.34207e+06 4.83625e+06 6.95781e+06 9.94918e+06 1.42402e+07 2.04529e+07 
1103.44 250.064 450.696 812.91 1467.59 2651.1 -486703 5611.26 6579.28 7733.77 9109.05 10751.8 12740.3 15148 18070.5 21653.5 26110.9 31643 38549.5 47417.2 58777.4 73408.6 92624.1 118384 152797 199214 264220 354538 480971 661653 923107 1.30043e+06 1.84943e+06 2.66373e+06 3.8519e+06 5.57585e+06 8.02392e+06 1.14755e+07 1.64268e+07 2.35954e+07 
815.955 184.917 333.284 601.147 1085.31 1960.57 3545.2 -563736 7448.54 8848.37 10422.3 12302.5 14578.8 17335.2 20681.4 24784.5 29889.7 36227.1 44140.4 54303.7 67327 84105 106147 135708 175214 228523 303216 407043 552455 760364 1.06135e+06 1.49593e+06 2.12849e+06 3.06703e+06 4.43693e+06 6.4251e+06 9.24871e+06 1.32296e+07 1.89402e+07 2.72084e+07 
602.446 136.532 246.082 443.869 801.375 1447.7 2617.87 4690.96 -653415 10105.4 11903.6 14051.9 16653 19803.3 23628.1 28318.9 34156.6 41404.8 50457.5 62087.7 76995.3 96207.2 121457 155334 200629 261778 347505 466734 633810 872831 1.21904e+06 1.71917e+06 2.44752e+06 3.52855e+06 5.10703e+06 7.39865e+06 1.06537e+07 1.52425e+07 2.18255e+07 3.13567e+07 
444.273 100.687 181.48 327.35 591.024 1067.73 1930.84 3496.54 6340.73 -757398 13559.4 16007.6 18972.4 22563.8 26924.7 32274.2 38933.5 47203.7 57535.8 70814.5 87841.5 109793 138658 177406 229240 299258 397486 534191 725886 1.00032e+06 1.39808e+06 1.97302e+06 2.81082e+06 4.05486e+06 5.87219e+06 8.51158e+06 1.22613e+07 1.7547e+07 2.51299e+07 3.6109e+07 
326.878 74.0828 133.531 240.867 434.894 785.694 1420.88 2573.18 4666.53 8471.66 -878419 18195.3 21567.4 25652.9 30614.9 36703.1 44284 53701.7 65470.8 80602.9 100015 125052 157991 202236 261460 341513 453905 610440 830111 1.14484e+06 1.60135e+06 2.26167e+06 3.22455e+06 4.65503e+06 6.74581e+06 9.78366e+06 1.41003e+07 2.01847e+07 2.89136e+07 4.15521e+07 
239.823 54.354 97.9732 176.732 319.106 576.532 1042.67 1888.35 3424.78 6217.83 11312.1 -1.01947e+06 24276.2 29096.5 34729.6 41643 50254.4 60955.6 74333.4 91542.1 113628 142130 179648 230079 297630 389006 517408 696394 947789 1.30829e+06 1.83163e+06 2.58924e+06 3.69483e+06 5.33825e+06 7.74169e+06 1.12356e+07 1.62013e+07 2.32e+07 3.32408e+07 4.77791e+07 
175.63 39.8062 71.753 129.439 233.723 422.289 763.764 1383.31 2509.01 4555.61 8288.83 15006.9 -1.18329e+06 32864.4 39233.8 47053.5 56797.4 68910.8 84060.5 103560 128600 160933 203526 260827 337645 441650 587954 792105 1.07915e+06 1.49124e+06 2.09006e+06 2.95781e+06 4.22532e+06 6.11074e+06 8.87008e+06 1.28838e+07 1.85899e+07 2.66312e+07 3.8168e+07 5.48727e+07 
128.207 29.0588 52.3821 94.4985 170.64 308.329 557.689 1010.15 1832.33 3327.29 6054.63 11046.1 20182.8 -1.37432e+06 44153.2 52965.7 63951.8 77615.7 94712.9 116733 145030 181594 229801 294717 381829 499895 666185 898505 1.22557e+06 1.69569e+06 2.37968e+06 3.37198e+06 4.82303e+06 6.98322e+06 1.01473e+07 1.4753e+07 2.13029e+07 3.05321e+07 4.37737e+07 6.29469e+07 
93.185 21.1216 38.0758 68.6928 124.048 224.157 405.471 734.495 1332.44 2419.83 4403.9 8035.64 14684.9 26910.2 -1.5973e+06 58732.9 71737.3 87095.8 106324 131108 162979 204197 258589 331916 430424 564095 752629 1.01639e+06 1.38824e+06 1.92353e+06 2.70339e+06 3.83626e+06 5.49498e+06 7.96663e+06 1.15904e+07 1.68694e+07 2.43798e+07 3.49607e+07 5.0142e+07 7.21244e+07 
67.4376 15.2862 27.5577 49.7197 89.7912 162.265 293.542 531.791 964.822 1752.43 3189.77 5821.23 10640.3 19503 35484.1 -1.85916e+06 80062.9 97244.1 118768 146535 182275 228538 289656 372155 483129 633924 846963 1.14549e+06 1.56705e+06 2.17495e+06 3.06201e+06 4.35262e+06 6.24511e+06 9.06817e+06 1.32118e+07 1.92539e+07 2.78537e+07 3.99672e+07 5.73483e+07 8.25162e+07 
48.6169 11.0206 19.8689 35.8497 64.7475 117.018 211.71 383.584 696.023 1264.4 2301.87 4201.69 7681.87 14084.3 25922.3 47886 -2.16418e+06 107791 131723 162629 202450 254054 322320 414611 538949 708190 947770 1.28415e+06 1.76012e+06 2.44794e+06 3.45361e+06 4.91956e+06 7.07311e+06 1.02899e+07 1.50179e+07 2.19201e+07 3.17494e+07 4.55919e+07 6.54547e+07 9.4216e+07 
34.8143 7.89221 14.2296 25.6766 46.3778 83.8267 151.677 274.85 498.795 906.28 1650.23 3012.91 5509.96 10105.5 18605.8 34384.6 63724.2 -2.52318e+06 145208 179415 223543 280802 356661 459401 598065 787167 1.05548e+06 1.43306e+06 1.96859e+06 2.74434e+06 3.88119e+06 5.54201e+06 7.987e+06 1.16448e+07 1.70295e+07 2.49008e+07 3.61175e+07 5.19099e+07 7.45717e+07 1.07386e+08 
24.7263 5.60564 10.1077 18.2403 32.949 59.5611 107.784 195.341 354.562 644.345 1173.54 2143.15 3920.56 7193 13248.9 24496 45423.3 84700.1 -2.94844e+06 195526 245282 308453 392290 506060 659922 870210 1.16937e+06 1.59144e+06 2.19168e+06 3.0636e+06 4.34475e+06 6.22111e+06 8.99016e+06 1.31402e+07 1.92604e+07 2.82208e+07 4.09989e+07 5.89846e+07 8.4795e+07 1.22168e+08 
17.4593 3.95844 7.13819 12.8828 23.2739 42.0771 76.1563 138.044 250.614 455.549 829.917 1516.08 2774.46 5092.46 9384.42 17360.8 32214.2 60115.3 112315 -3.44671e+06 265963 334916 426615 551362 720491 952269 1.28308e+06 1.75131e+06 2.41941e+06 3.39332e+06 4.82911e+06 6.93865e+06 1.00614e+07 1.47521e+07 2.16854e+07 3.18555e+07 4.63727e+07 6.67992e+07 9.61135e+07 1.38558e+08 
12.2046 2.76729 4.9907 9.00806 16.2759 29.4298 53.2749 96.5875 175.39 318.901 581.152 1062.01 1944.34 3570.53 6583.46 12187 22631.3 42269.8 79513.5 150094 -4.03895e+06 359912 459287 594862 779204 1.03262e+06 1.39571e+06 1.91157e+06 2.65053e+06 3.73221e+06 5.33324e+06 7.69451e+06 1.12028e+07 1.64867e+07 2.43179e+07 3.58312e+07 5.22844e+07 7.54261e+07 1.08638e+08 1.56722e+08 
8.42141 1.90966 3.44437 6.21776 11.2359 20.32 36.7912 66.7172 121.181 220.403 401.793 734.534 1345.43 2472.08 4560.95 8449.13 15703.8 29359.9 55290.3 104511 199013 -4.74643e+06 483830 635396 834575 1.10937e+06 1.50482e+06 2.06911e+06 2.88114e+06 4.07552e+06 5.8516e+06 8.48269e+06 1.24087e+07 1.83406e+07 2.71595e+07 4.01596e+07 5.87626e+07 8.49164e+07 1.22453e+08 1.76791e+08 
5.73447 1.3005 2.34595 4.23549 7.65504 13.8467 25.0763 45.485 82.6401 150.358 274.212 501.525 919.136 1689.88 3120.04 5784.69 10762.4 20144.4 37984.8 71912.9 137187 261359 -5.60382e+06 669090 881645 1.17613e+06 1.60213e+06 2.2132e+06 3.09732e+06 4.40535e+06 6.36143e+06 9.27488e+06 1.3645e+07 2.02737e+07 3.01659e+07 4.47948e+07 6.57639e+07 9.52294e+07 1.3752e+08 1.98728e+08 
3.85089 0.873435 1.5758 2.8455 5.1438 9.30638 16.8582 30.5874 55.5922 101.188 184.625 337.85 619.568 1139.95 2106.47 3909.3 7281.78 13647.9 25774 48886 93458.9 180536 351934 -6.62918e+06 913021 1.22324e+06 1.67487e+06 2.32689e+06 3.27667e+06 4.69216e+06 6.82426e+06 1.00218e+07 1.48503e+07 2.22112e+07 3.32488e+07 4.96383e+07 7.31816e+07 1.06245e+08 1.537e+08 2.22361e+08 
2.53198 0.574365 1.0364 1.87182 3.38438 6.12469 11.0978 20.1424 36.6223 66.6895 121.743 222.911 409.075 753.28 1393.25 2588.47 4827.82 9062.1 17142.7 32582.3 62439.9 120946 236525 465679 -7.88564e+06 1.25117e+06 1.72322e+06 2.40981e+06 3.41789e+06 4.93332e+06 7.23569e+06 1.07172e+07 1.60171e+07 2.41464e+07 3.64064e+07 5.47001e+07 8.10484e+07 1.18029e+08 1.71104e+08 2.47862e+08 
1.62294 0.368208 0.664525 1.20042 2.17093 3.92979 7.12296 12.9327 23.5235 42.8578 78.2821 143.426 263.413 485.494 898.88 1672 3122.99 5871.72 11128.3 21199.7 40735.2 79144.4 155330 307138 615932 -9.45981e+06 1.73608e+06 2.45543e+06 3.51139e+06 5.11488e+06 7.57593e+06 1.13338e+07 1.71097e+07 2.6035e+07 3.95876e+07 5.9928e+07 8.93181e+07 1.30544e+08 1.89708e+08 2.75222e+08 
1.01672 0.23071 0.416457 0.752476 1.36118 2.46476 4.46912 8.11761 14.7722 26.9291 49.2194 90.2445 165.889 306.066 567.344 1056.77 1977.15 3724.48 7074.12 13512.7 26045.9 50786 100096 198940 401304 821270 -1.138e+07 2.41737e+06 3.49287e+06 5.14759e+06 7.72208e+06 1.1705e+07 1.79073e+07 2.75916e+07 4.24339e+07 6.48865e+07 9.74727e+07 1.43156e+08 2.0871e+08 3.0336e+08 
0.615165 0.139615 0.252075 0.455573 0.824332 1.49315 2.70845 4.92172 8.96099 16.3455 29.8961 54.8584 100.939 186.441 346.04 645.514 1209.91 2283.91 4348.22 8330.11 16111.4 31538.8 62450.7 124829 253465 524619 1.0918e+06 -1.38074e+07 3.37509e+06 5.04263e+06 7.68074e+06 1.1829e+07 1.83953e+07 2.87881e+07 4.49056e+07 6.95342e+07 1.05484e+08 1.55867e+08 2.28156e+08 3.32374e+08 
0.356624 0.080953 0.146194 0.264284 0.478346 0.866756 1.57286 2.85949 5.20908 9.50789 17.403 31.9606 58.8674 108.861 202.323 378.018 709.898 1343.03 2563.38 4926.21 9562.97 18799.2 37412.6 75246.7 153889 321152 675302 1.44477e+06 -1.69262e+07 4.74626e+06 7.43838e+06 1.16733e+07 1.85125e+07 2.9526e+07 4.68612e+07 7.36882e+07 1.13138e+08 1.68435e+08 2.47764e+08 3.61903e+08 
0.197135 0.0447581 0.0808487 0.146195 0.26469 0.479793 0.871034 1.58433 2.88778 5.27456 9.66195 17.7599 32.7469 60.6341 112.853 211.208 397.453 753.702 1442.45 2781.38 5420.75 10705.1 21421.3 43377.2 89417.2 188321 400638 868970 1.91066e+06 -2.10304e+07 6.90276e+06 1.10871e+07 1.80211e+07 2.94529e+07 4.78067e+07 7.66985e+07 1.19621e+08 1.79848e+08 2.66251e+08 3.90209e+08 
0.101635 0.0230801 0.0417008 0.0754266 0.136605 0.247712 0.449903 0.818741 1.49319 2.72924 5.00342 9.20525 16.992 31.5029 58.7199 110.086 207.597 394.63 757.347 1465.43 2867.78 5690.42 11452 23356.4 48553.9 103267 222508 490019 1.1086e+06 2.55555e+06 -2.64524e+07 9.77685e+06 1.63997e+07 2.76982e+07 4.63644e+07 7.6492e+07 1.21954e+08 1.85949e+08 2.77796e+08 4.08987e+08 
0.0322432 0.00732355 0.0132353 0.023946 0.043382 0.0786962 0.142993 0.26035 0.47509 0.868966 1.59431 2.93583 5.4252 10.0711 18.7994 35.305 66.7167 127.131 244.657 475.043 933.461 1861.08 3767 7738.48 16225 34854.8 76092.9 170262 392508 926064 2.20577e+06 -3.65318e+07 9.36261e+06 1.6463e+07 2.8646e+07 4.89869e+07 8.03842e+07 1.24878e+08 1.88837e+08 2.79688e+08 
0.0159514 0.00362381 0.00655061 0.0118549 0.0214836 0.0389862 0.0708694 0.129096 0.235708 0.431416 0.792143 1.45997 2.70083 5.02 9.38415 17.653 33.428 63.85 123.211 240.054 473.622 948.742 1931.31 3996.12 8450.45 18336.7 40569 92271.9 216926 524560 1.2894e+06 3.26279e+06 -4.84798e+07 1.57581e+07 2.88027e+07 5.15161e+07 8.76916e+07 1.39558e+08 2.14386e+08 3.19992e+08 
0.00894258 0.00203193 0.00367384 0.00665037 0.0120552 0.021884 0.0397966 0.0725259 0.132489 0.242647 0.445854 0.822405 1.52289 2.83384 5.30444 9.99387 18.9604 36.2949 70.2133 137.227 271.755 546.729 1118.79 2330.3 4966.9 10878.6 24371.2 56300.5 134893 334256 849063 2.23685e+06 6.14386e+06 -6.27037e+07 3.20506e+07 6.12326e+07 1.1048e+08 1.83077e+08 2.88982e+08 4.37358e+08 
0.00313236 0.000711854 0.00128733 0.00233085 0.00422628 0.00767443 0.0139612 0.0254537 0.0465206 0.0852495 0.156746 0.289344 0.536283 0.998995 1.87221 3.53238 6.71332 12.8768 24.9676 48.9379 97.2436 196.415 403.854 846.267 1816.78 4012.98 9092.95 21305.5 51938.4 131623 344799 944244 2.72434e+06 7.7755e+06 -8.8588e+07 4.62107e+07 9.02347e+07 1.58763e+08 2.61511e+08 4.05288e+08 
0.000933677 0.000212218 0.000383849 0.000695145 0.00126072 0.00228997 0.00416725 0.00760043 0.013897 0.0254796 0.0468764 0.0865893 0.16062 0.299491 0.561887 1.06149 2.02051 3.88248 7.54346 14.8236 29.5453 59.8868 123.659 260.518 562.864 1252.64 2867.06 6802.67 16840.8 43543.2 117297 332959 1.00476e+06 3.06313e+06 9.52869e+06 -1.27086e+08 6.46845e+07 1.24959e+08 2.19365e+08 3.53599e+08 
0.000230347 5.23625e-05 9.4724e-05 0.000171572 0.000311222 0.000565426 0.00102922 0.00187768 0.00343439 0.0062994 0.0115948 0.0214289 0.0397755 0.0742206 0.139367 0.263549 0.502269 0.966487 1.88085 3.7035 7.39913 15.0392 31.1578 65.9182 143.134 320.42 739.174 1771.13 4437.7 11655.3 32096 93769.9 293534 948526 3.19335e+06 1.11015e+07 -1.80835e+08 8.32122e+07 1.62481e+08 2.82163e+08 
4.57901e-05 1.04098e-05 1.8833e-05 3.41154e-05 6.18906e-05 0.000112458 0.000204735 0.000373583 0.000683451 0.00125391 0.00230865 0.00426816 0.00792557 0.0147959 0.0277978 0.0525996 0.10032 0.19321 0.376377 0.742032 1.48467 3.02285 6.27555 13.3111 28.9926 65.1382 150.999 364.015 918.925 2437.37 6806.88 20261.8 64976.7 218624 781490 2.98298e+06 1.15741e+07 -2.47206e+08 9.78606e+07 1.99303e+08 
7.15289e-06 1.6262e-06 2.94227e-06 5.33021e-06 9.67065e-06 1.75738e-05 3.19977e-05 5.83944e-05 0.000106846 0.000196065 0.000361063 0.00066768 0.00124018 0.00231603 0.00435289 0.00824034 0.0157249 0.0303039 0.0590744 0.116568 0.233473 0.475925 0.989444 2.10244 4.58883 10.335 24.0355 58.1756 147.582 393.961 1110.26 3345.23 10897.9 37677.4 140543 571734 2.46745e+06 1.06845e+07 -3.2735e+08 1.19787e+08 
8.47645e-07 1.92719e-07 3.48701e-07 6.31741e-07 1.14624e-06 2.08314e-06 3.79323e-06 6.92314e-06 1.26689e-05 2.32509e-05 4.28242e-05 7.92044e-05 0.000147149 0.000274865 0.000516741 0.000978538 0.00186804 0.00360151 0.00702424 0.0138689 0.027797 0.056708 0.118005 0.251028 0.548615 1.23744 2.88326 6.99441 17.791 47.6511 134.904 408.91 1342.46 4706.11 17976.2 76059.5 353640 1.79586e+06 9.88612e+06 -4.16513e+08 
dt_FE: 1.88974e-09
dt_EA: 1.88974e-09
dt_PE: 1.88974e-09
tolC: 1e-06
dt_grow: 1.03
dt_max: 0.1
steps: 0
