t
0.0000000283932892792227180
dt
0.0000000010743248170902607
DN
0.0000000000000002177980794
TC
57.0000
N
1.61048156e-02
4.69005801e-02
7.62838712e-02
1.04093274e-01
1.30166610e-01
1.54341544e-01
1.76455911e-01
1.96347970e-01
2.13856683e-01
2.28822204e-01
2.41086772e-01
2.50496374e-01
2.56903597e-01
2.60172267e-01
2.60184578e-01
2.56851488e-01
2.50127189e-01
2.40028187e-01
2.26657695e-01
2.10262034e-01
1.91931071e-01
1.80881737e-01
2.15659333e-01
2.91285430e-01
2.32404012e-01
9.93205279e-02
5.00418597e-02
3.27820021e-02
2.12595112e-02
1.32874239e-02
8.00061095e-03
4.64150474e-03
2.59457348e-03
1.39703997e-03
7.24008287e-04
3.60674461e-04
1.72417681e-04
7.89299082e-05
3.45193608e-05
1.43848661e-05
eC
1.00638940e+00
3.07804198e+00
5.27088624e+00
7.59201189e+00
1.00489234e+01
1.26495642e+01
1.54023425e+01
1.83161584e+01
2.14004324e+01
2.46651365e+01
2.81208258e+01
3.17786729e+01
3.56505041e+01
3.97488374e+01
4.40869232e+01
4.86787870e+01
5.35392748e+01
5.86841012e+01
6.41298999e+01
6.98942779e+01
7.59958720e+01
8.24544093e+01
8.92907710e+01
9.65270599e+01
1.04186672e+02
1.12294371e+02
1.20876370e+02
1.29960417e+02
1.39575880e+02
1.49753848e+02
1.60527227e+02
1.71930848e+02
1.84001582e+02
1.96778453e+02
2.10302771e+02
2.24618262e+02
2.39771209e+02
2.55810604e+02
2.72788303e+02
2.90759198e+02
