t
0.0000013226476462848761184
dt
0.0000000404211535006342517
DN
-0.0000000082838096895959510
TC
183.0000
N
6.33879309e-01
8.92442631e-01
9.14454235e-01
9.09368774e-01
8.99653362e-01
8.87758468e-01
8.73731044e-01
8.57248120e-01
8.37877084e-01
8.15116232e-01
7.88411914e-01
7.57184714e-01
7.20876039e-01
6.79023172e-01
6.31367368e-01
5.77991055e-01
5.19464543e-01
4.56961623e-01
3.92286251e-01
3.27755479e-01
2.65921602e-01
2.09183765e-01
1.59401831e-01
1.17638101e-01
8.40998175e-02
5.82699486e-02
3.91486783e-02
2.55131649e-02
1.61293754e-02
9.88919606e-03
5.87659522e-03
3.38140306e-03
1.88159919e-03
1.01100271e-03
5.23608561e-04
2.60876501e-04
1.24767373e-04
5.71471206e-05
2.50053424e-05
1.04247000e-05
eC
1.00638940e+00
3.07804198e+00
5.27088624e+00
7.59201189e+00
1.00489234e+01
1.26495642e+01
1.54023425e+01
1.83161584e+01
2.14004324e+01
2.46651365e+01
2.81208258e+01
3.17786729e+01
3.56505041e+01
3.97488374e+01
4.40869232e+01
4.86787870e+01
5.35392748e+01
5.86841012e+01
6.41298999e+01
6.98942779e+01
7.59958720e+01
8.24544093e+01
8.92907710e+01
9.65270599e+01
1.04186672e+02
1.12294371e+02
1.20876370e+02
1.29960417e+02
1.39575880e+02
1.49753848e+02
1.60527227e+02
1.71930848e+02
1.84001582e+02
1.96778453e+02
2.10302771e+02
2.24618262e+02
2.39771209e+02
2.55810604e+02
2.72788303e+02
2.90759198e+02
