t
0.0000002873375299565287513
dt
0.0000000077207767627491272
DN
-0.0000000010836051218954464
TC
128.0000
N
1.89083626e-01
4.49761113e-01
6.09223433e-01
7.05414782e-01
7.61723480e-01
7.92447595e-01
8.06240874e-01
8.08261445e-01
8.01499086e-01
7.87592206e-01
7.67334935e-01
7.41002705e-01
7.08579165e-01
6.69938301e-01
6.25015564e-01
5.73983830e-01
5.17429328e-01
4.56497702e-01
3.92956946e-01
3.29117229e-01
2.67576631e-01
2.10830261e-01
1.60854515e-01
1.18813027e-01
8.49894643e-02
5.89104653e-02
3.95901778e-02
2.58057930e-02
1.63164577e-02
1.00047712e-02
5.94564144e-03
3.42128906e-03
1.90386201e-03
1.02299431e-03
5.29831725e-04
2.63982256e-04
1.26254806e-04
5.78292003e-05
2.53040860e-05
1.05493504e-05
eC
1.00638940e+00
3.07804198e+00
5.27088624e+00
7.59201189e+00
1.00489234e+01
1.26495642e+01
1.54023425e+01
1.83161584e+01
2.14004324e+01
2.46651365e+01
2.81208258e+01
3.17786729e+01
3.56505041e+01
3.97488374e+01
4.40869232e+01
4.86787870e+01
5.35392748e+01
5.86841012e+01
6.41298999e+01
6.98942779e+01
7.59958720e+01
8.24544093e+01
8.92907710e+01
9.65270599e+01
1.04186672e+02
1.12294371e+02
1.20876370e+02
1.29960417e+02
1.39575880e+02
1.49753848e+02
1.60527227e+02
1.71930848e+02
1.84001582e+02
1.96778453e+02
2.10302771e+02
2.24618262e+02
2.39771209e+02
2.55810604e+02
2.72788303e+02
2.90759198e+02
