t
0.0000000306102103484009251
dt
0.0000000011375697088264348
DN
-0.0000000000000002177980794
TC
59.0000
N
1.74493226e-02
5.07240180e-02
8.23521276e-02
1.12167625e-01
1.40005469e-01
1.65702131e-01
1.89095751e-01
2.10026163e-01
2.28334927e-01
2.43865528e-01
2.56464039e-01
2.65980599e-01
2.72272224e-01
2.75207606e-01
2.74674698e-01
2.70591954e-01
2.62924092e-01
2.51702969e-01
2.37054125e-01
2.19253486e-01
1.99378390e-01
1.85972990e-01
2.14003956e-01
2.77650706e-01
2.19313114e-01
9.70269236e-02
5.07586637e-02
3.33325024e-02
2.15794553e-02
1.34663131e-02
8.09847751e-03
4.69447535e-03
2.62303713e-03
1.41215435e-03
7.31867105e-04
3.64637677e-04
1.74341344e-04
7.98237073e-05
3.49154137e-05
1.45517683e-05
eC
1.00638940e+00
3.07804198e+00
5.27088624e+00
7.59201189e+00
1.00489234e+01
1.26495642e+01
1.54023425e+01
1.83161584e+01
2.14004324e+01
2.46651365e+01
2.81208258e+01
3.17786729e+01
3.56505041e+01
3.97488374e+01
4.40869232e+01
4.86787870e+01
5.35392748e+01
5.86841012e+01
6.41298999e+01
6.98942779e+01
7.59958720e+01
8.24544093e+01
8.92907710e+01
9.65270599e+01
1.04186672e+02
1.12294371e+02
1.20876370e+02
1.29960417e+02
1.39575880e+02
1.49753848e+02
1.60527227e+02
1.71930848e+02
1.84001582e+02
1.96778453e+02
2.10302771e+02
2.24618262e+02
2.39771209e+02
2.55810604e+02
2.72788303e+02
2.90759198e+02
