t
0.0000036147871838319602970
dt
0.0000000357899731072471489
DN
-0.0000000000000004355961589
TC
1748.0000
N
2.05121171e-02
4.60567635e-02
5.54935004e-02
5.41032270e-02
4.70611392e-02
3.82875647e-02
3.00158185e-02
2.31368125e-02
1.77735873e-02
1.37225961e-02
1.06982653e-02
8.43852824e-03
6.73624449e-03
5.43865281e-03
4.43659391e-03
3.65282732e-03
3.03252102e-03
2.53636433e-03
2.13756902e-03
1.89556373e-03
3.88482020e-03
3.56184489e-02
2.37796810e-01
6.61434557e-01
6.26035550e-01
1.64531478e-01
9.55064641e-03
9.49047787e-05
1.55061334e-07
1.48016908e-09
4.72603680e-11
1.24736029e-12
2.66544943e-14
4.55396935e-16
6.13904133e-18
6.43908056e-20
5.17766537e-22
3.14221092e-24
1.41559892e-26
4.65205756e-29
eC
1.00638940e+00
3.07804198e+00
5.27088624e+00
7.59201189e+00
1.00489234e+01
1.26495642e+01
1.54023425e+01
1.83161584e+01
2.14004324e+01
2.46651365e+01
2.81208258e+01
3.17786729e+01
3.56505041e+01
3.97488374e+01
4.40869232e+01
4.86787870e+01
5.35392748e+01
5.86841012e+01
6.41298999e+01
6.98942779e+01
7.59958720e+01
8.24544093e+01
8.92907710e+01
9.65270599e+01
1.04186672e+02
1.12294371e+02
1.20876370e+02
1.29960417e+02
1.39575880e+02
1.49753848e+02
1.60527227e+02
1.71930848e+02
1.84001582e+02
1.96778453e+02
2.10302771e+02
2.24618262e+02
2.39771209e+02
2.55810604e+02
2.72788303e+02
2.90759198e+02
