t: 0.00011268
dt: 1.1268e-05
N: 0.485104 0.78545 0.846552 0.837806 0.790418 0.714273 0.620239 0.521377 0.428587 0.347973 0.281248 0.227488 0.184698 0.150737 0.123722 0.102126 0.0847591 0.0707062 0.0592673 0.0499696 0.0441481 0.0645102 0.228026 0.577273 0.540069 0.141483 0.00826453 9.80614e-05 1.09547e-06 3.90128e-08 1.25746e-09 3.32135e-11 7.10258e-13 1.21438e-14 1.63823e-16 1.71951e-18 1.38361e-20 8.40244e-23 3.78786e-25 1.24559e-27 
eC: 1.00639 3.07804 5.27089 7.59201 10.0489 12.6496 15.4023 18.3162 21.4004 24.6651 28.1208 31.7787 35.6505 39.7488 44.0869 48.6788 53.5393 58.6841 64.1299 69.8943 75.9959 82.4544 89.2908 96.5271 104.187 112.294 120.876 129.96 139.576 149.754 160.527 171.931 184.002 196.778 210.303 224.618 239.771 255.811 272.788 290.759 
dV: 2.71811 20.9912 63.6092 138.722 256.496 429.553 673.497 1007.55 1455.33 2045.74 2814.09 3803.42 5066.04 6665.5 8678.77 11199 14338.7 18233.7 23047.8 28977.8 36261 45182.1 56083.2 69374.4 85547.6 105192 129013 157855 192727 234836 285622 346808 420447 508992 615366 743056 896219 1.07981e+06 1.29972e+06 1.56298e+06 
kVec: 5860.51 13301.8 16077.1 15638.6 13535.3 10951.5 8547.88 6576.26 5062.42 3940.15 3122.57 2531.69 2106.54 1802.52 1587.93 1440.5 1344.53 1288.88 1265.5 1268.44 1292.48 1329.12 1355.12 1335.25 1296.18 1327.68 1443.78 1593.83 1755.42 1926.19 2106.55 2297.12 2498.55 2711.5 2936.7 3174.88 3426.81 3693.32 3975.26 4272.58 
cMat: 
-2.14482 2.74208 4.52383 7.25622 11.124 16.3525 23.2461 32.2107 43.7617 58.5335 77.2958 100.979 130.705 167.828 213.984 271.142 341.672 428.425 534.829 664.994 823.849 1017.3 1252.39 1537.58 1882.93 2300.44 2804.41 3411.83 4142.86 5021.4 6075.68 7339.02 8850.55 10656.2 12809.3 15372.1 18416 22022.8 26284.8 31305 
0.0765641 -6.83733 3.92468 6.4334 10.0334 14.9286 21.394 29.8069 40.6545 54.5396 72.1943 94.5028 122.532 157.569 201.167 255.199 321.92 404.046 504.84 628.224 778.906 962.529 1185.86 1456.99 1785.63 2183.35 2664.03 3244.19 3943.59 4785.78 5798.87 7016.29 8477.9 10231.1 12332.2 14848.2 17858.5 21457.3 25756.1 30886.9 
0.0148447 0.461237 -13.4202 5.2366 8.316 12.5345 18.1127 25.3659 34.7131 46.6787 61.9002 81.1468 105.345 135.614 173.301 220.031 277.764 348.857 436.144 543.033 673.614 832.791 1026.44 1261.62 1546.74 1891.9 2309.15 2812.9 3420.36 4152.05 5032.5 6090.91 7362.1 8887.57 10716.7 12908.3 15532.2 18671.7 22425.3 26910.5 
0.00551668 0.175171 1.21325 -21.9836 8.20271 12.5552 18.3215 25.8017 35.4189 47.7148 63.3512 83.1254 107.996 139.117 177.881 225.963 285.385 358.578 448.469 558.571 693.106 857.137 1056.73 1299.16 1593.13 1949.06 2379.38 2899 3525.67 4280.62 5189.18 6281.55 7593.75 9168.68 11057.5 13321 16031.7 19275.8 23155.8 27793.4 
0.00270591 0.0874089 0.616458 2.62448 -32.7707 13.6316 20.1718 28.6308 39.4522 53.2404 70.7456 92.8703 120.695 155.518 198.9 252.721 319.247 401.206 501.876 625.199 775.908 959.679 1183.32 1454.98 1784.43 2183.35 2665.7 3248.18 3950.72 4797.14 5815.86 7040.78 8512.3 10278.6 12397.1 14936.2 17977.3 21617.1 25971 31175.9 
0.0014163 0.0463066 0.330835 1.43029 4.85356 -46.3367 21.746 31.2856 43.3987 58.7235 78.0997 102.544 133.265 171.704 219.592 279.007 352.453 442.942 554.099 690.278 856.707 1059.66 1306.66 1606.7 1970.6 2411.23 2944.06 3587.51 4363.63 5298.74 6424.25 7777.62 9403.53 11355.3 13696.3 16502.1 19862.9 23885.7 28697.9 34451.2 
0.000711218 0.0234422 0.168877 0.7373 2.53713 7.68179 -63.7759 31.817 44.7429 60.9045 81.1587 106.595 138.502 178.397 228.087 289.733 365.936 459.822 575.153 716.446 889.128 1099.71 1355.99 1667.33 2044.91 2502.14 3055.04 3722.74 4528.12 5498.51 6666.49 8070.96 9758.3 11783.8 14213.4 17125.4 20613.5 24788.8 29783.7 35755.5 
0.000328705 0.0108938 0.0788845 0.346328 1.20112 3.68623 10.6124 -86.3937 42.5469 58.7357 78.7004 103.516 134.496 173.16 221.283 280.972 354.746 445.636 557.281 694.055 861.21 1065.05 1313.12 1614.48 1979.96 2422.53 2957.69 3603.99 4383.55 5322.82 6453.35 7812.8 9446.05 11406.7 13758.4 16577.2 19953.6 23995.2 28830.4 34611.3 
0.000138429 0.00460571 0.0334628 0.147367 0.51304 1.58505 4.626 13.1885 -115.142 52.8294 71.8275 94.9628 123.514 158.974 203.033 257.645 325.128 408.257 510.361 635.438 788.29 974.677 1201.5 1477.05 1811.21 2215.85 2705.13 3296.01 4008.72 4867.44 5901.01 7143.85 8637.02 10429.4 12579.4 15156.4 18243.2 21938.2 26358.6 31643.8 
5.32246e-05 0.00177613 0.0129349 0.057068 0.199019 0.616526 1.81011 5.23363 15.1862 -150.372 62.1402 83.4091 109.011 140.412 179.24 227.291 286.635 359.719 449.473 559.412 693.752 857.556 1056.89 1299.02 1592.65 1948.2 2378.11 2897.27 3523.47 4277.93 5186 6277.92 7589.75 9164.48 11053.3 13317.4 16029.2 19275.4 23158.8 27802.1 
1.87699e-05 0.00062786 0.00458071 0.0202345 0.0706238 0.218971 0.644153 1.87273 5.51395 16.5947 -191.97 70.4507 93.5262 121.01 154.546 195.857 246.802 309.512 386.509 480.809 596.028 736.503 907.434 1115.05 1366.82 1671.65 2040.23 2485.31 3022.13 3668.9 4447.34 5383.35 6507.86 7857.71 9476.81 11417.5 13742 16524.5 19853.2 23833.1 
6.09368e-06 0.000204244 0.0014923 0.00659806 0.0230395 0.0714482 0.21025 0.612138 1.81163 5.53549 17.5077 -239.613 77.9761 102.521 131.477 166.66 209.861 262.971 328.153 407.966 505.47 624.334 768.955 944.602 1157.58 1415.44 1727.2 2103.66 2557.69 3104.7 3763.04 4554.63 5505.62 6647.14 8016.34 9657.44 11623.1 13976.1 16790.9 20156.4 
1.82458e-06 6.12598e-05 0.000448149 0.00198295 0.00692641 0.0214792 0.063194 0.183981 0.545071 1.67353 5.3765 18.0378 -292.969 84.9841 110.777 140.951 177.492 222.235 277.089 344.23 426.238 526.196 647.8 795.478 974.527 1191.29 1453.35 1769.77 2151.38 2611.11 3164.39 3829.64 4628.82 5588.1 6738.68 8117.72 9769.48 11746.6 14111.9 16939.8 
5.03872e-07 1.69426e-05 0.000124078 0.000549374 0.00191947 0.00595205 0.0175062 0.0509443 0.150886 0.463607 1.49613 5.10053 18.2777 -351.786 91.7068 118.615 149.868 187.616 233.729 290.119 358.972 442.881 544.946 668.879 819.124 1001 1220.86 1486.32 1806.45 2192.09 2656.18 3214.17 3884.47 4689.04 5654.03 6810.6 8195.87 9854.01 11837.6 14209.2 
1.28152e-07 4.31474e-06 3.16284e-05 0.000140121 0.000489692 0.00151841 0.00446468 0.0129863 0.0384392 0.118051 0.381148 1.30479 4.75247 18.2932 -415.919 98.321 126.272 158.541 197.441 244.862 302.719 373.207 458.931 563.007 689.164 841.864 1026.44 1249.27 1517.98 1841.66 2231.17 2699.46 3261.98 3937.16 4746.94 5717.46 6879.86 8271.2 9935.6 11925.5 
2.99405e-08 1.00924e-06 7.40426e-06 3.28195e-05 0.000114723 0.00035572 0.0010457 0.00304031 0.00899394 0.0276018 0.0890625 0.30496 1.11496 4.36261 18.1287 -485.32 104.956 133.917 167.192 207.248 255.987 315.329 387.479 475.058 581.204 709.665 864.927 1052.35 1278.34 1550.54 1878.09 2271.86 2744.85 3312.53 3993.36 4809.31 5786.56 6956.26 8355.48 10028.3 
6.40369e-09 2.16085e-07 1.58647e-06 7.03533e-06 2.45977e-05 7.627e-05 0.000224168 0.000651527 0.00192639 0.00590803 0.0190487 0.0651783 0.238302 0.935567 3.95171 17.8142 -560.02 111.708 141.673 175.977 217.231 267.345 328.243 402.146 491.7 600.065 731.022 889.088 1079.66 1309.19 1585.35 1917.34 2316.09 2794.65 3368.58 4056.38 4880.11 5866.04 7045.4 8455.37 
1.24868e-09 4.21757e-08 3.09855e-07 1.37465e-06 4.80718e-06 1.49058e-05 4.38041e-05 0.000127277 0.000376164 0.00115301 0.00371492 0.0127009 0.0464001 0.182135 0.771571 3.53468 17.3717 -640.112 118.651 149.633 185.013 227.534 279.107 341.667 417.457 509.152 619.947 753.659 914.852 1108.97 1342.52 1623.25 1960.42 2365.05 2850.28 3431.77 4128.16 4961.64 5958.62 7150.5 
2.20949e-10 7.46939e-09 5.49088e-08 2.43692e-07 8.52352e-07 2.64299e-06 7.76619e-06 2.25603e-05 6.66532e-05 0.000204208 0.000657554 0.00224648 0.0082002 0.0321614 0.136198 0.625502 3.12279 16.8179 -725.722 125.844 157.869 194.39 238.264 291.402 355.754 433.592 527.628 641.098 777.87 942.562 1140.69 1378.82 1664.8 2007.97 2419.49 2912.61 3503.15 4209.91 5055.28 6065.9 
3.52917e-11 1.19405e-09 8.78246e-09 3.89911e-08 1.36401e-07 4.2297e-07 1.24276e-06 3.60945e-06 1.06609e-05 3.26496e-05 0.00010508 0.00035878 0.00130867 0.00512832 0.0216987 0.0996051 0.498297 2.72461 16.1663 -816.909 133.327 166.431 204.167 249.491 304.31 370.596 450.659 547.251 663.661 803.816 972.403 1175.01 1418.31 1710.25 2060.3 2479.74 2982.02 3583.12 4302.09 5161.56 
5.05074e-12 1.7102e-10 1.2585e-09 5.58908e-09 1.95553e-08 6.06417e-08 1.78164e-07 5.17381e-07 1.52778e-06 4.6774e-06 1.50477e-05 5.13515e-05 0.000187192 0.000733017 0.00309888 0.0142123 0.0710573 0.389164 2.34277 15.4018 -913.256 140.883 175.048 214.015 260.808 317.333 385.584 467.91 567.109 686.523 830.143 1002.73 1209.95 1458.58 1756.67 2113.84 2541.51 3053.31 3665.44 4397.16 
6.28286e-13 2.12902e-11 1.56741e-10 6.96295e-10 2.43659e-09 7.55628e-09 2.21992e-08 6.44573e-08 1.903e-07 5.82459e-07 1.87318e-06 6.38966e-06 2.32802e-05 9.11052e-05 0.000384874 0.00176365 0.0088097 0.0482147 0.290608 1.93682 14.1926 -1013.1 144.942 179.307 218.556 265.68 322.534 391.093 473.688 573.097 692.638 836.268 1008.7 1215.58 1463.58 1760.71 2116.48 2542.2 3051.34 3659.93 
5.84862e-14 1.98335e-12 1.46077e-11 6.49097e-11 2.27175e-10 7.04538e-10 2.06975e-09 6.0091e-09 1.7738e-08 5.42792e-08 1.74511e-07 5.95063e-07 2.16711e-06 8.47639e-06 3.57863e-05 0.000163869 0.000817872 0.00447204 0.0269336 0.179657 1.3334 10.9596 -1114.55 125.83 155.027 188.442 228.554 276.893 335.113 405.17 489.401 590.589 712.057 857.763 1032.42 1241.66 1492.17 1791.92 2150.38 2578.85 
3.18358e-15 1.08041e-13 7.96048e-13 3.53812e-12 1.23846e-11 3.841e-11 1.12836e-10 3.27568e-10 9.66802e-10 2.95791e-09 9.5075e-09 3.24097e-08 1.17987e-07 4.61285e-07 1.94647e-06 8.90761e-06 4.44262e-05 0.000242718 0.00146047 0.00973368 0.0722793 0.601124 5.57889 -1207.54 72.5351 89.0236 107.944 130.65 157.984 190.867 230.395 277.872 334.855 403.2 485.118 583.243 700.711 841.256 1009.32 1210.19 
3.01126e-16 1.02273e-14 7.53819e-14 3.35119e-13 1.17317e-12 3.63867e-12 1.0689e-11 3.10287e-11 9.15693e-11 2.80109e-10 9.00158e-10 3.06772e-09 1.11644e-08 4.36325e-08 1.84033e-07 8.41745e-07 4.19559e-06 2.2906e-05 0.000137717 0.000917015 0.00680343 0.0565935 0.530895 5.60255 -1261.45 83.1245 101.655 122.983 148.572 179.343 216.322 260.73 314.02 377.925 454.511 546.239 656.037 787.395 944.461 1132.17 
4.23975e-17 1.44114e-15 1.06258e-14 4.72482e-14 1.65424e-13 5.13096e-13 1.50726e-12 4.37513e-12 1.29103e-11 3.94869e-11 1.26873e-10 4.32284e-10 1.5728e-09 6.1448e-09 2.59076e-08 1.18446e-07 5.90072e-07 3.21958e-06 1.93434e-05 0.000128699 0.000953971 0.00792822 0.0743693 0.792423 9.5795 -1319.51 163.506 199.291 240.612 290.172 349.709 421.189 506.948 609.773 732.983 880.532 1057.13 1268.38 1520.95 1822.78 
3.17833e-18 1.08131e-16 7.97524e-16 3.54693e-15 1.24198e-14 3.85242e-14 1.13167e-13 3.28475e-13 9.69196e-13 2.96402e-12 9.52204e-12 3.24376e-11 1.17993e-10 4.60861e-10 1.94244e-09 8.87715e-09 4.42044e-08 2.41065e-07 1.44746e-06 9.62387e-06 7.128e-05 0.000591863 0.00554667 0.0590849 0.720397 10.0546 -1441.9 199.114 241.943 291.568 351.063 422.468 508.118 610.791 733.798 881.081 1057.34 1268.15 1520.18 1821.34 
1.7733e-19 6.03885e-18 4.45536e-17 1.98186e-16 6.94032e-16 2.15287e-15 6.32418e-15 1.83557e-14 5.41563e-14 1.65606e-13 5.31948e-13 1.81184e-12 6.5893e-12 2.57307e-11 1.0842e-10 4.95327e-10 2.46557e-09 1.34398e-08 8.06569e-08 5.35952e-07 3.96687e-06 3.29127e-05 0.000308172 0.00327965 0.039969 0.562021 9.13146 -1593.66 211.705 256.508 308.602 371.026 445.881 535.593 643.051 771.693 925.617 1109.7 1329.74 1592.65 
8.29019e-21 2.82625e-19 2.08579e-18 9.27978e-18 3.25002e-17 1.00819e-16 2.96163e-16 8.59573e-16 2.53593e-15 7.75401e-15 2.49042e-14 8.48129e-14 3.08396e-13 1.20402e-12 5.0721e-12 2.31658e-11 1.15274e-10 6.28113e-10 3.76786e-09 2.50239e-08 1.85107e-07 1.53478e-06 1.43596e-05 0.000152686 0.00185903 0.0261248 0.427189 8.1508 -1755.41 223.338 269.895 324.21 389.262 467.204 560.542 672.259 805.908 965.72 1156.73 1384.92 
3.24114e-22 1.10632e-20 8.16717e-20 3.63423e-19 1.27292e-18 3.94891e-18 1.16002e-17 3.36673e-17 9.93209e-17 3.03668e-16 9.75223e-16 3.3208e-15 1.20733e-14 4.71277e-14 1.98491e-13 9.06348e-13 4.50872e-12 2.45593e-11 1.47267e-10 9.77633e-10 7.22804e-09 5.98951e-08 5.60014e-07 5.95015e-06 7.2384e-05 0.00101625 0.0166057 0.318552 7.20397 -1926.19 235.645 284.085 340.779 408.642 489.888 587.111 703.398 842.424 1008.56 1207.02 
1.04869e-23 3.58466e-22 2.64709e-21 1.1781e-20 4.12677e-20 1.28028e-19 3.76093e-19 1.09151e-18 3.21991e-18 9.84408e-18 3.16115e-17 1.07631e-16 3.91263e-16 1.52705e-15 6.43042e-15 2.93564e-14 1.46001e-13 7.95049e-13 4.76584e-12 3.16258e-11 2.3372e-10 1.93573e-09 1.80885e-08 1.92064e-07 2.33473e-06 3.27513e-05 0.000534661 0.0102484 0.232799 6.30136 -2106.55 248.682 299.149 358.388 429.258 514.041 615.428 736.615 881.413 1054.35 
2.77689e-25 9.50789e-24 7.02326e-23 3.12623e-22 1.09519e-21 3.39781e-21 9.98148e-21 2.89682e-20 8.54517e-20 2.61234e-19 8.3882e-19 2.85578e-18 1.03803e-17 4.05076e-17 1.70552e-16 7.78467e-16 3.87079e-15 2.10732e-14 1.26285e-13 8.3774e-13 6.18865e-12 5.12338e-11 4.78515e-10 5.07796e-09 6.16876e-08 8.64709e-07 1.41045e-05 0.000270105 0.00613033 0.166532 5.45149 -2297.12 262.488 315.133 377.092 451.173 539.737 645.576 772.01 922.988 
5.94717e-27 2.04025e-25 1.50757e-24 6.71163e-24 2.35144e-23 7.29562e-23 2.1432e-22 6.2199e-22 1.83472e-21 5.60867e-21 1.80083e-20 6.13049e-20 2.22812e-19 8.69396e-19 3.65998e-18 1.6703e-17 8.30374e-17 4.51973e-16 2.70785e-15 1.79579e-14 1.32617e-13 1.09747e-12 1.02457e-11 1.08673e-10 1.31942e-09 1.84831e-08 3.01264e-07 5.76455e-06 0.000130713 0.00354763 0.11646 4.66153 -2498.55 277.106 332.089 396.949 474.455 567.054 677.647 809.685 
1.01734e-28 3.49817e-27 2.58572e-26 1.15134e-25 4.03409e-25 1.25168e-24 3.67703e-24 1.06713e-23 3.14769e-23 9.62198e-23 3.08926e-22 1.0516e-21 3.8217e-21 1.49105e-20 6.27631e-20 2.86392e-19 1.42354e-18 7.74689e-18 4.64029e-17 3.07658e-16 2.27136e-15 1.87904e-14 1.75355e-13 1.85912e-12 2.25609e-11 3.15867e-10 5.14518e-09 9.83797e-08 2.22898e-06 6.04413e-05 0.00198229 0.0795127 3.93704 -2711.5 292.58 350.07 418.022 499.176 596.075 711.738 
1.37173e-30 4.72976e-29 3.49736e-28 1.55751e-27 5.45772e-27 1.69347e-26 4.97494e-26 1.44379e-25 4.25864e-25 1.30175e-24 4.17926e-24 1.42256e-23 5.16948e-23 2.01673e-22 8.48817e-22 3.87275e-21 1.92472e-20 1.04726e-19 6.27177e-19 4.15737e-18 3.0685e-17 2.53776e-16 2.3675e-15 2.50908e-14 3.0435e-13 4.25901e-12 6.93367e-11 1.32494e-09 2.99977e-08 8.12768e-07 2.66325e-05 0.00106726 0.0529246 3.28189 -2936.7 308.959 369.135 440.377 525.413 626.891 
1.43757e-32 4.97308e-31 3.67875e-30 1.63858e-29 5.74228e-29 1.78184e-28 5.23464e-28 1.51915e-27 4.48085e-27 1.36964e-26 4.39704e-26 1.49661e-25 5.43825e-25 2.12143e-24 8.92806e-24 4.07303e-23 2.02401e-22 1.10113e-21 6.5933e-21 4.36967e-20 3.22449e-19 2.66609e-18 2.4865e-17 2.63433e-16 3.19422e-15 4.468e-14 7.27036e-13 1.38851e-11 3.14174e-10 8.50636e-09 2.78513e-07 1.11511e-05 0.000552449 0.0342916 2.69808 -3174.88 326.295 389.343 464.084 553.249 
1.15369e-34 4.00677e-33 2.96527e-32 1.32101e-31 4.62982e-31 1.43671e-30 4.22079e-30 1.22492e-29 3.61295e-29 1.10433e-28 3.54517e-28 1.20661e-27 4.38424e-27 1.71015e-26 7.19666e-26 3.28286e-25 1.63118e-24 8.87307e-24 5.31222e-23 3.52006e-22 2.59704e-21 2.14683e-20 2.00171e-19 2.1201e-18 2.56985e-17 3.5933e-16 5.84454e-15 1.11566e-13 2.52299e-12 6.82687e-11 2.23368e-09 8.93624e-08 4.42333e-06 0.000274302 0.0215941 2.18578 -3426.81 344.641 410.758 489.217 
6.97922e-37 2.43537e-35 1.80324e-34 8.03489e-34 2.8163e-33 8.73984e-33 2.56766e-32 7.45166e-32 2.19787e-31 6.71784e-31 2.15653e-30 7.33954e-30 2.66672e-29 1.04014e-28 4.37684e-28 1.9964e-27 9.91878e-27 5.39489e-26 3.22947e-25 2.13964e-24 1.57833e-23 1.30447e-22 1.21602e-21 1.28762e-20 1.56032e-19 2.181e-18 3.54609e-17 6.76622e-16 1.5294e-14 4.13611e-13 1.35246e-11 5.40705e-10 2.67435e-08 1.65701e-06 0.000130322 0.0131938 1.74344 -3693.32 364.056 433.448 
3.12989e-39 1.0984e-37 8.13764e-37 3.62674e-36 1.27133e-35 3.94554e-35 1.15918e-34 3.36409e-34 9.92233e-34 3.03273e-33 9.73529e-33 3.3132e-32 1.20375e-31 4.69498e-31 1.97549e-30 9.01018e-30 4.47619e-29 2.4344e-28 1.45711e-27 9.65271e-27 7.11937e-26 5.88307e-25 5.48312e-24 5.80467e-23 7.03224e-22 9.82678e-21 1.59721e-19 3.04648e-18 6.88321e-17 1.8606e-15 6.0807e-14 2.42955e-12 1.20085e-10 7.43466e-09 5.84227e-07 5.90914e-05 0.00780758 1.36791 -3975.26 384.6 
1.02227e-41 3.61228e-40 2.67799e-39 1.19379e-38 4.18522e-38 1.29894e-37 3.81632e-37 1.10755e-36 3.2667e-36 9.98441e-36 3.20501e-35 1.09072e-34 3.96269e-34 1.54549e-33 6.50261e-33 2.96565e-32 1.47321e-31 8.01148e-31 4.79481e-30 3.176e-29 2.34216e-28 1.93515e-27 1.80329e-26 1.90867e-25 2.31181e-24 3.22968e-23 5.24792e-22 1.00065e-20 2.26002e-19 6.10651e-18 1.99475e-16 7.96577e-15 3.93486e-13 2.4345e-11 1.91162e-09 1.93186e-07 2.55012e-05 0.00446638 1.05472 -4272.58 
cycle: 0
true_cycle: 268
nIterations: 0
nTrueIterations: 0
Branch: 0
dt_FE: 1.1268e-05
dt_EA: 1.1268e-05
dt_PE: 1.1268e-05
