t: 0.000136343
dt: 1.36343e-05
N: 0.554044 0.84758 0.89915 0.891871 0.851534 0.782579 0.691817 0.591067 0.492403 0.403913 0.328939 0.267497 0.217981 0.178324 0.146567 0.121056 0.100468 0.083766 0.0701466 0.0590482 0.0516763 0.0698881 0.226443 0.562298 0.52456 0.137292 0.00803004 9.85776e-05 1.26308e-06 4.57103e-08 1.47363e-09 3.89294e-11 8.32616e-13 1.42379e-14 1.92102e-16 2.01661e-18 1.62289e-20 9.85683e-23 4.44407e-25 1.46156e-27 
eC: 1.00639 3.07804 5.27089 7.59201 10.0489 12.6496 15.4023 18.3162 21.4004 24.6651 28.1208 31.7787 35.6505 39.7488 44.0869 48.6788 53.5393 58.6841 64.1299 69.8943 75.9959 82.4544 89.2908 96.5271 104.187 112.294 120.876 129.96 139.576 149.754 160.527 171.931 184.002 196.778 210.303 224.618 239.771 255.811 272.788 290.759 
dV: 2.71811 20.9912 63.6092 138.722 256.496 429.553 673.497 1007.55 1455.33 2045.74 2814.09 3803.42 5066.04 6665.5 8678.77 11199 14338.7 18233.7 23047.8 28977.8 36261 45182.1 56083.2 69374.4 85547.6 105192 129013 157855 192727 234836 285622 346808 420447 508992 615366 743056 896219 1.07981e+06 1.29972e+06 1.56298e+06 
kVec: 5877.97 13337 16115 15670.5 13557.3 10962.6 8548.39 6567.29 5045.3 3916.24 3093.17 2497.95 2069.43 1762.81 1546.24 1397.33 1300.25 1243.78 1219.81 1222.34 1246.15 1282.89 1310.05 1293.58 1259.28 1294 1411.1 1561.37 1723.07 1893.95 2074.41 2265.07 2466.57 2679.61 2904.87 3143.12 3395.11 3661.68 3943.68 4241.04 
cMat: 
-1.5681 2.37494 3.91814 6.28468 9.63457 14.1631 20.1337 27.898 37.9025 50.6965 66.9466 87.4585 113.204 145.358 185.334 234.839 295.925 371.063 463.221 575.958 713.543 881.089 1084.71 1331.72 1630.83 1992.44 2428.93 2955.02 3588.17 4349.08 5262.21 6356.39 7665.55 9229.4 11094.3 13313.9 15950.3 19074.2 22765.5 27113.6 
0.0543924 -5.11008 2.78816 4.57039 7.12787 10.6055 15.1987 21.1753 28.8816 38.7458 51.288 67.1363 87.0487 111.94 142.912 181.298 228.697 287.041 358.646 446.301 553.347 683.796 842.452 1035.07 1268.54 1551.09 1892.57 2304.72 2801.59 3399.9 4119.61 4984.49 6022.84 7268.33 8761 10548.4 12687 15243.6 18297.6 21942.5 
0.00975629 0.303136 -10.218 3.44162 5.46547 8.23797 11.9041 16.671 22.8143 30.6784 40.6823 53.3316 69.2355 89.1287 113.897 144.61 182.553 229.277 286.644 356.894 442.715 547.33 674.603 829.165 1016.55 1243.4 1517.63 1848.7 2247.94 2728.83 3307.48 4003.09 4838.55 5841.12 7043.27 8483.63 10208.2 12271.5 14738.5 17686.2 
0.00367778 0.116781 0.808835 -17.0592 5.46846 8.37011 12.2143 17.2011 23.6126 31.8098 42.2341 55.4168 71.9972 92.7446 118.587 150.642 190.256 239.052 298.978 372.38 462.07 571.423 704.487 866.107 1062.09 1299.37 1586.25 1932.66 2350.44 2853.74 3459.45 4187.69 5062.49 6112.44 7371.63 8880.65 10687.8 12850.5 15437.2 18528.9 
0.00191684 0.0619197 0.436693 1.85916 -25.9075 9.65648 14.2895 20.2818 27.9476 37.715 50.1156 65.7885 85.4995 110.168 140.899 179.025 226.152 284.211 355.524 442.886 549.646 679.828 838.254 1030.7 1264.08 1546.67 1888.36 2300.98 2798.66 3398.25 4119.91 4987.62 6030.04 7281.29 8782.03 10580.7 12734.9 15313.4 18397.6 22084.7 
0.00107772 0.0352366 0.251746 1.08837 3.69327 -37.2271 16.5474 23.8065 33.0239 44.6851 59.4293 78.0298 101.407 130.657 167.096 212.308 268.196 337.053 421.637 525.261 651.903 806.338 994.287 1222.61 1499.51 1834.81 2240.25 2729.88 3320.47 4032.03 4888.47 5918.31 7155.53 8640.68 10422 12557.2 15114.5 18175.6 21837.4 26215.4 
0.000577166 0.0190238 0.137047 0.598333 2.05892 6.23391 -52.0033 25.8201 36.3097 49.4251 65.8618 86.5038 112.397 144.773 185.097 235.124 296.963 373.154 466.747 581.409 721.543 892.433 1100.41 1353.07 1659.49 2030.53 2479.22 3021.07 3674.65 4462.14 5409.97 6549.73 7919.03 9562.77 11534.4 13897.6 16728.2 20116.5 24170 29016.3 
0.000280844 0.00930757 0.0673985 0.295901 1.02623 3.14949 9.06719 -71.5881 36.3518 50.1835 67.2412 88.4432 114.912 147.947 189.063 240.061 303.093 380.749 476.137 592.996 735.812 909.969 1121.92 1379.4 1691.67 2069.8 2527.04 3079.22 3745.28 4547.78 5513.7 6675.21 8070.65 9745.77 11755.1 14163.4 17048.2 20501.4 24632.5 29571.7 
0.000122969 0.00409134 0.0297257 0.130909 0.455744 1.40803 4.10937 11.7156 -97.1423 46.9295 63.8058 84.3574 109.72 141.22 180.358 228.871 288.818 362.663 453.364 564.472 700.254 865.825 1067.32 1312.09 1608.93 1968.38 2403.02 2927.91 3561.03 4323.84 5241.99 6346.03 7672.44 9264.68 11174.6 13463.8 16205.8 19488.2 23414.9 28109.9 
4.86582e-05 0.00162375 0.0118251 0.0521719 0.181945 0.563631 1.65481 4.78462 13.8834 -129.258 56.809 76.2531 99.6584 128.365 163.862 207.791 262.043 328.857 410.911 511.417 634.232 783.983 966.214 1187.57 1456.01 1781.05 2174.08 2648.7 3221.17 3910.91 4741.07 5739.31 6938.6 8378.22 10105 12174.8 14654 17621.7 21171.9 25416.8 
1.75244e-05 0.0005862 0.00427677 0.0188919 0.0659377 0.204441 0.601411 1.74847 5.14808 15.4936 -167.989 65.776 87.3205 112.981 144.291 182.861 230.426 288.975 360.863 448.906 556.479 687.633 847.223 1041.06 1276.12 1560.73 1904.85 2320.4 2821.61 3425.46 4152.24 5026.15 6076.04 7336.32 8847.99 10659.9 12830.1 15428 18535.9 22251.7 
5.77808e-06 0.000193666 0.00141501 0.00625634 0.0218463 0.0677478 0.199361 0.580435 1.71781 5.2488 16.601 -213.092 73.9377 97.211 124.667 158.029 198.992 249.352 311.158 386.837 479.291 591.999 729.131 895.68 1097.63 1342.13 1637.75 1994.71 2425.23 2943.9 3568.15 4318.75 5220.48 6302.88 7601.16 9157.27 11021.1 13252.2 15921.3 19112.5 
1.75009e-06 5.8759e-05 0.000429854 0.001902 0.00664365 0.0206023 0.0606142 0.17647 0.52282 1.60521 5.15701 17.3014 -264.246 81.5148 106.255 135.197 170.246 213.163 265.777 330.177 408.837 504.715 621.355 763.004 934.744 1142.66 1394.02 1697.52 2063.55 2504.52 3035.21 3673.31 4439.86 5359.98 6463.58 7786.33 9370.66 11267.1 13535.8 16248.3 
4.87504e-07 1.63923e-05 0.000120047 0.000531528 0.00185712 0.00575871 0.0169375 0.0492894 0.145984 0.448548 1.44753 4.93485 17.6839 -321.177 88.7279 114.762 144.999 181.522 226.136 280.694 347.311 428.495 527.244 647.151 792.516 968.484 1181.21 1438.04 1747.77 2120.88 2569.9 3109.77 3758.29 4536.72 5470.36 6589.37 7929.64 9533.92 11453.1 13747.6 
1.24811e-07 4.20225e-06 3.08039e-05 0.000136468 0.000476925 0.00147883 0.00434829 0.0126477 0.0374371 0.114973 0.371211 1.27078 4.62857 17.8163 -383.7 95.7577 122.98 154.408 192.294 238.478 294.827 363.477 446.967 548.33 671.197 819.916 999.681 1216.71 1478.41 1793.65 2173 2629.08 3176.94 3834.52 4623.18 5568.4 6700.49 8055.57 9676.57 11614.6 
2.93092e-08 9.87966e-07 7.24815e-06 3.21275e-05 0.000112304 0.000348221 0.00102366 0.00297621 0.00880432 0.0270199 0.0871848 0.298531 1.09145 4.27063 17.7465 -451.729 102.743 131.093 163.667 202.878 250.59 308.681 379.309 465.043 568.95 694.703 846.691 1030.16 1251.39 1517.85 1838.49 2223.96 2686.98 3242.69 3909.17 4707.92 5664.56 6809.6 8179.32 9816.9 
6.29378e-09 2.12376e-07 1.55924e-06 6.91458e-06 2.41756e-05 7.49609e-05 0.000220321 0.000640345 0.00189332 0.00580663 0.0187217 0.0640596 0.234212 0.91951 3.88388 17.5085 -525.259 109.791 139.242 172.956 213.503 262.756 322.609 395.244 483.26 589.766 718.475 873.828 1061.13 1286.72 1558.14 1884.43 2276.34 2746.69 3310.76 3986.75 4796.35 5765.36 6924.48 8310.25 
1.23113e-09 4.1583e-08 3.05501e-07 1.35533e-06 4.73962e-06 1.46963e-05 4.31885e-05 0.000125488 0.000370878 0.00113681 0.00366271 0.0125224 0.045748 0.179575 0.760727 3.485 17.1275 -604.352 116.984 147.53 182.413 224.336 275.185 336.865 411.591 501.997 611.234 743.068 901.995 1093.39 1323.65 1600.44 1932.87 2331.81 2810.23 3383.55 4070.15 4891.91 5874.88 7050.02 
2.18394e-10 7.38301e-09 5.42738e-08 2.40874e-07 8.42495e-07 2.61242e-06 7.67638e-06 2.22993e-05 6.58823e-05 0.000201846 0.000649949 0.0022205 0.00810536 0.0317894 0.134623 0.618268 3.08668 16.6234 -689.106 124.389 156.044 192.142 235.508 288.032 351.639 428.578 521.526 633.684 768.875 931.662 1127.49 1362.87 1645.54 1984.75 2391.51 2878.93 3462.64 4161.22 4996.82 5995.75 
3.49544e-11 1.18264e-09 8.69853e-09 3.86185e-08 1.35098e-07 4.18928e-07 1.23088e-06 3.57496e-06 1.0559e-05 3.23376e-05 0.000104076 0.000355351 0.00129617 0.00507932 0.0214913 0.0986533 0.493535 2.69858 16.0118 -779.565 132.053 164.84 202.216 247.107 301.402 367.055 446.352 542.021 657.319 796.135 963.11 1163.78 1404.76 1693.9 2040.61 2456.04 2953.52 3548.88 4260.98 5112.24 
5.01096e-12 1.69673e-10 1.24859e-09 5.54506e-09 1.94013e-08 6.01641e-08 1.76761e-07 5.13306e-07 1.51575e-06 4.64056e-06 1.49291e-05 5.09471e-05 0.000185718 0.000727244 0.00307448 0.0141004 0.0704977 0.386099 2.32431 15.2805 -875.315 139.773 173.669 212.33 258.754 314.834 382.547 464.224 562.642 681.116 823.605 994.829 1200.42 1447.09 1742.84 2097.19 2521.5 3029.27 3636.57 4362.53 
6.24674e-13 2.11678e-11 1.5584e-10 6.92292e-10 2.42259e-09 7.51284e-09 2.20715e-08 6.40868e-08 1.89206e-07 5.79111e-07 1.86241e-06 6.35292e-06 2.31464e-05 9.05815e-05 0.000382661 0.00175351 0.00875906 0.0479376 0.288937 1.92569 14.111 -974.746 144.109 178.276 217.3 264.152 320.68 388.845 470.965 569.803 688.656 831.46 1002.91 1208.59 1455.17 1750.59 2104.31 2527.58 3033.8 3638.89 
5.86061e-14 1.98742e-12 1.46377e-11 6.50428e-11 2.27641e-10 7.05983e-10 2.07399e-09 6.02143e-09 1.77744e-08 5.43906e-08 1.74868e-07 5.96284e-07 2.17156e-06 8.49378e-06 3.58597e-05 0.000164205 0.00081955 0.00448122 0.0269888 0.180026 1.33614 10.9821 -1076.03 126.088 155.345 188.828 229.023 277.461 335.8 406.001 490.405 591.801 713.517 859.522 1034.54 1244.21 1495.23 1795.59 2154.79 2584.14 
3.29635e-15 1.11868e-13 8.24248e-13 3.66346e-12 1.28233e-11 3.97706e-11 1.16833e-10 3.39172e-10 1.00105e-09 3.06269e-09 9.84429e-09 3.35578e-08 1.22166e-07 4.77626e-07 2.01542e-06 9.22316e-06 4.59999e-05 0.000251316 0.00151221 0.0100785 0.0748397 0.622418 5.77651 -1169.48 75.1046 92.1772 111.767 135.278 163.58 197.628 238.556 287.715 346.717 417.483 502.303 603.904 725.533 871.057 1045.08 1253.06 
3.1128e-16 1.05721e-14 7.79237e-14 3.46419e-13 1.21273e-12 3.76137e-12 1.10494e-11 3.2075e-11 9.4657e-11 2.89555e-10 9.30511e-10 3.17116e-09 1.15409e-08 4.51037e-08 1.90238e-07 8.70128e-07 4.33706e-06 2.36784e-05 0.000142361 0.000947936 0.00703284 0.0585019 0.548797 5.79147 -1225.55 85.9274 105.083 127.13 153.581 185.39 223.616 269.522 324.608 390.669 469.837 564.658 678.159 813.945 976.308 1170.35 
4.26044e-17 1.44818e-15 1.06777e-14 4.74788e-14 1.66231e-13 5.15601e-13 1.51462e-12 4.39648e-12 1.29733e-11 3.96797e-11 1.27492e-10 4.34394e-10 1.58048e-09 6.1748e-09 2.60341e-08 1.19024e-07 5.92952e-07 3.23529e-06 1.94379e-05 0.000129327 0.000958628 0.00796692 0.0747323 0.796291 9.62626 -1286.05 164.305 200.264 241.787 291.588 351.416 423.245 509.423 612.75 736.561 884.83 1062.29 1274.57 1528.38 1831.68 
3.17908e-18 1.08156e-16 7.97712e-16 3.54777e-15 1.24227e-14 3.85333e-14 1.13194e-13 3.28553e-13 9.69425e-13 2.96472e-12 9.52429e-12 3.24453e-11 1.18021e-10 4.6097e-10 1.9429e-09 8.87925e-09 4.42148e-08 2.41122e-07 1.44781e-06 9.62615e-06 7.12968e-05 0.000592003 0.00554799 0.0590988 0.720567 10.0569 -1409.27 199.162 242 291.637 351.146 422.568 508.238 610.936 733.971 881.289 1057.59 1268.45 1520.54 1821.77 
1.7733e-19 6.03885e-18 4.45536e-17 1.98186e-16 6.94032e-16 2.15287e-15 6.32418e-15 1.83557e-14 5.41563e-14 1.65606e-13 5.31947e-13 1.81183e-12 6.58929e-12 2.57307e-11 1.0842e-10 4.95327e-10 2.46557e-09 1.34398e-08 8.06569e-08 5.35952e-07 3.96687e-06 3.29127e-05 0.000308172 0.00327964 0.039969 0.562021 9.13145 -1561.19 211.705 256.508 308.602 371.026 445.881 535.593 643.05 771.693 925.617 1109.7 1329.74 1592.65 
8.29018e-21 2.82624e-19 2.08579e-18 9.27978e-18 3.25002e-17 1.00819e-16 2.96163e-16 8.59572e-16 2.53592e-15 7.75401e-15 2.49042e-14 8.48129e-14 3.08396e-13 1.20402e-12 5.0721e-12 2.31658e-11 1.15274e-10 6.28113e-10 3.76786e-09 2.50239e-08 1.85107e-07 1.53478e-06 1.43596e-05 0.000152686 0.00185902 0.0261248 0.427189 8.1508 -1723.06 223.338 269.895 324.21 389.262 467.204 560.542 672.259 805.908 965.719 1156.73 1384.91 
3.24114e-22 1.10632e-20 8.16717e-20 3.63423e-19 1.27292e-18 3.94891e-18 1.16002e-17 3.36673e-17 9.93209e-17 3.03668e-16 9.75223e-16 3.3208e-15 1.20733e-14 4.71277e-14 1.98491e-13 9.06348e-13 4.50872e-12 2.45593e-11 1.47267e-10 9.77633e-10 7.22804e-09 5.98951e-08 5.60014e-07 5.95015e-06 7.2384e-05 0.00101625 0.0166057 0.318552 7.20397 -1893.95 235.645 284.085 340.779 408.642 489.888 587.111 703.398 842.424 1008.56 1207.02 
1.04869e-23 3.58466e-22 2.64709e-21 1.1781e-20 4.12677e-20 1.28028e-19 3.76093e-19 1.09151e-18 3.21991e-18 9.84408e-18 3.16115e-17 1.07631e-16 3.91263e-16 1.52705e-15 6.43042e-15 2.93564e-14 1.46001e-13 7.95049e-13 4.76584e-12 3.16258e-11 2.3372e-10 1.93573e-09 1.80885e-08 1.92064e-07 2.33473e-06 3.27513e-05 0.000534661 0.0102484 0.232799 6.30136 -2074.41 248.682 299.149 358.388 429.258 514.041 615.428 736.615 881.413 1054.35 
2.77689e-25 9.50789e-24 7.02326e-23 3.12623e-22 1.09519e-21 3.39781e-21 9.98148e-21 2.89682e-20 8.54517e-20 2.61234e-19 8.3882e-19 2.85578e-18 1.03803e-17 4.05076e-17 1.70552e-16 7.78467e-16 3.87079e-15 2.10732e-14 1.26285e-13 8.3774e-13 6.18865e-12 5.12338e-11 4.78515e-10 5.07796e-09 6.16876e-08 8.64709e-07 1.41045e-05 0.000270105 0.00613033 0.166532 5.45149 -2265.07 262.488 315.133 377.092 451.173 539.737 645.576 772.01 922.988 
5.94717e-27 2.04025e-25 1.50757e-24 6.71163e-24 2.35144e-23 7.29562e-23 2.1432e-22 6.2199e-22 1.83472e-21 5.60867e-21 1.80083e-20 6.13049e-20 2.22812e-19 8.69396e-19 3.65998e-18 1.6703e-17 8.30374e-17 4.51973e-16 2.70785e-15 1.79579e-14 1.32617e-13 1.09747e-12 1.02457e-11 1.08673e-10 1.31942e-09 1.84831e-08 3.01264e-07 5.76455e-06 0.000130713 0.00354763 0.11646 4.66153 -2466.57 277.106 332.089 396.949 474.455 567.054 677.647 809.685 
1.01734e-28 3.49817e-27 2.58572e-26 1.15134e-25 4.03409e-25 1.25168e-24 3.67703e-24 1.06713e-23 3.14769e-23 9.62198e-23 3.08926e-22 1.0516e-21 3.8217e-21 1.49105e-20 6.27631e-20 2.86392e-19 1.42354e-18 7.74689e-18 4.64029e-17 3.07658e-16 2.27136e-15 1.87904e-14 1.75355e-13 1.85912e-12 2.25609e-11 3.15867e-10 5.14518e-09 9.83797e-08 2.22898e-06 6.04413e-05 0.00198229 0.0795127 3.93704 -2679.61 292.58 350.07 418.022 499.176 596.075 711.738 
1.37173e-30 4.72976e-29 3.49736e-28 1.55751e-27 5.45772e-27 1.69347e-26 4.97494e-26 1.44379e-25 4.25864e-25 1.30175e-24 4.17926e-24 1.42256e-23 5.16948e-23 2.01673e-22 8.48817e-22 3.87275e-21 1.92472e-20 1.04726e-19 6.27177e-19 4.15737e-18 3.0685e-17 2.53776e-16 2.3675e-15 2.50908e-14 3.0435e-13 4.25901e-12 6.93367e-11 1.32494e-09 2.99977e-08 8.12768e-07 2.66325e-05 0.00106726 0.0529246 3.28189 -2904.87 308.959 369.135 440.377 525.413 626.891 
1.43757e-32 4.97308e-31 3.67875e-30 1.63858e-29 5.74228e-29 1.78184e-28 5.23464e-28 1.51915e-27 4.48085e-27 1.36964e-26 4.39704e-26 1.49661e-25 5.43825e-25 2.12143e-24 8.92806e-24 4.07303e-23 2.02401e-22 1.10113e-21 6.5933e-21 4.36967e-20 3.22449e-19 2.66609e-18 2.4865e-17 2.63433e-16 3.19422e-15 4.468e-14 7.27036e-13 1.38851e-11 3.14174e-10 8.50636e-09 2.78513e-07 1.11511e-05 0.000552449 0.0342916 2.69808 -3143.12 326.295 389.343 464.084 553.249 
1.15369e-34 4.00677e-33 2.96527e-32 1.32101e-31 4.62982e-31 1.43671e-30 4.22079e-30 1.22492e-29 3.61295e-29 1.10433e-28 3.54517e-28 1.20661e-27 4.38424e-27 1.71015e-26 7.19666e-26 3.28286e-25 1.63118e-24 8.87307e-24 5.31222e-23 3.52006e-22 2.59704e-21 2.14683e-20 2.00171e-19 2.1201e-18 2.56985e-17 3.5933e-16 5.84454e-15 1.11566e-13 2.52299e-12 6.82687e-11 2.23368e-09 8.93624e-08 4.42333e-06 0.000274302 0.0215941 2.18578 -3395.11 344.641 410.758 489.217 
6.97922e-37 2.43537e-35 1.80324e-34 8.03489e-34 2.8163e-33 8.73984e-33 2.56766e-32 7.45166e-32 2.19787e-31 6.71784e-31 2.15653e-30 7.33954e-30 2.66672e-29 1.04014e-28 4.37684e-28 1.9964e-27 9.91878e-27 5.39489e-26 3.22947e-25 2.13964e-24 1.57833e-23 1.30447e-22 1.21602e-21 1.28762e-20 1.56032e-19 2.181e-18 3.54609e-17 6.76622e-16 1.5294e-14 4.13611e-13 1.35246e-11 5.40705e-10 2.67435e-08 1.65701e-06 0.000130322 0.0131938 1.74344 -3661.68 364.056 433.448 
3.12989e-39 1.0984e-37 8.13764e-37 3.62674e-36 1.27133e-35 3.94554e-35 1.15918e-34 3.36409e-34 9.92233e-34 3.03273e-33 9.73529e-33 3.3132e-32 1.20375e-31 4.69498e-31 1.97549e-30 9.01018e-30 4.47619e-29 2.4344e-28 1.45711e-27 9.65271e-27 7.11937e-26 5.88307e-25 5.48312e-24 5.80467e-23 7.03224e-22 9.82678e-21 1.59721e-19 3.04648e-18 6.88321e-17 1.8606e-15 6.0807e-14 2.42955e-12 1.20085e-10 7.43466e-09 5.84227e-07 5.90914e-05 0.00780758 1.36791 -3943.68 384.6 
1.02227e-41 3.61228e-40 2.67799e-39 1.19379e-38 4.18522e-38 1.29894e-37 3.81632e-37 1.10755e-36 3.2667e-36 9.98441e-36 3.20501e-35 1.09072e-34 3.96269e-34 1.54549e-33 6.50261e-33 2.96565e-32 1.47321e-31 8.01148e-31 4.79481e-30 3.176e-29 2.34216e-28 1.93515e-27 1.80329e-26 1.90867e-25 2.31181e-24 3.22968e-23 5.24792e-22 1.00065e-20 2.26002e-19 6.10651e-18 1.99475e-16 7.96577e-15 3.93486e-13 2.4345e-11 1.91162e-09 1.93186e-07 2.55012e-05 0.00446638 1.05472 -4241.04 
cycle: 0
true_cycle: 270
nIterations: 0
nTrueIterations: 0
Branch: 0
dt_FE: 1.36343e-05
dt_EA: 1.36343e-05
dt_PE: 1.36343e-05
