t: 0.000468817
dt: 4.68817e-05
N: 0.999886 0.999851 0.999803 0.999733 0.999633 0.999486 0.999266 0.99893 0.998405 0.997566 0.996196 0.993902 0.989967 0.983053 0.970636 0.947991 0.906604 0.832845 0.710944 0.538108 0.345647 0.186115 0.0861431 0.035581 0.0134845 0.00475565 0.00156836 0.000483616 0.000139096 3.7184e-05 9.20119e-06 2.09817e-06 4.38812e-07 8.37453e-08 1.45065e-08 2.26789e-09 3.18078e-10 3.97686e-11 4.40272e-12 4.28534e-13 
eC: 1.00639 3.07804 5.27089 7.59201 10.0489 12.6496 15.4023 18.3162 21.4004 24.6651 28.1208 31.7787 35.6505 39.7488 44.0869 48.6788 53.5393 58.6841 64.1299 69.8943 75.9959 82.4544 89.2908 96.5271 104.187 112.294 120.876 129.96 139.576 149.754 160.527 171.931 184.002 196.778 210.303 224.618 239.771 255.811 272.788 290.759 
dV: 2.71811 20.9912 63.6092 138.722 256.496 429.553 673.497 1007.55 1455.33 2045.74 2814.09 3803.42 5066.04 6665.5 8678.77 11199 14338.7 18233.7 23047.8 28977.8 36261 45182.1 56083.2 69374.4 85547.6 105192 129013 157855 192727 234836 285622 346808 420447 508992 615366 743056 896219 1.07981e+06 1.29972e+06 1.56298e+06 
kVec: 43317.9 120307 185334 237571 276421 301636 313441 312652 300745 279821 252433 221284 188882 157288 128013 102071 80125.5 62664.5 50125.1 42901 41184.1 44736.8 52824.9 64426.8 78549.9 94441 111634 129895 149145 169390 190678 213076 236663 261521 287737 315401 344603 375403 407576 438183 
cMat: 
-4.92025 0.0149437 0.0187781 0.0240961 0.0311248 0.040305 0.052192 0.0674342 0.0867551 0.110941 0.140848 0.177452 0.221925 0.275723 0.340673 0.41904 0.513591 0.627671 0.765292 0.931246 1.13125 1.37211 1.66193 2.01039 2.429 2.93147 3.53413 4.2564 5.12141 6.15663 7.39473 8.87446 10.6418 12.7513 15.2674 18.2665 21.8387 26.09 31.1454 37.1514 
0.00193044 -17.8742 0.0641643 0.0828185 0.107639 0.140282 0.182838 0.237754 0.307763 0.395811 0.505074 0.639116 0.802185 0.999578 1.23797 1.52567 1.87289 2.29199 2.7978 3.40806 4.14392 5.03059 6.09813 7.38235 8.92597 10.7799 13.0048 15.6729 18.8705 22.7001 27.2839 32.7673 39.3232 47.1577 56.5154 67.6875 81.0199 96.9236 115.887 138.489 
0.000800468 0.0211733 -36.5868 0.16003 0.209343 0.274683 0.360502 0.472036 0.615133 0.796076 1.02154 1.29889 1.63683 2.04618 2.54067 3.13754 3.85802 4.72788 5.77811 7.04576 8.57503 10.4186 12.6393 15.3119 18.5257 22.3871 27.0229 32.5843 39.2515 47.2391 56.8028 68.2468 81.9336 98.2944 117.842 141.187 169.055 202.31 241.975 289.272 
0.000470959 0.0125304 0.0733747 -63.3592 0.343003 0.453271 0.599273 0.790512 1.03764 1.35207 1.74575 2.23162 2.82472 3.54372 4.41245 5.46103 6.72683 8.25535 10.1014 12.3304 15.0206 18.2653 22.1753 26.8832 32.5467 39.3541 47.5297 57.341 69.1068 83.207 100.094 120.307 144.487 173.398 207.949 249.221 298.5 357.315 427.486 511.174 
0.000328976 0.00880705 0.0519066 0.185489 -101.36 0.68823 0.916951 1.21911 1.61273 2.11709 2.75217 3.53908 4.50185 5.67011 7.08186 8.78565 10.8421 13.3255 16.3252 19.9484 24.3231 29.6014 35.965 43.6303 52.8552 63.9474 77.2737 93.2715 112.462 135.467 163.026 196.02 235.5 282.715 339.152 406.582 487.108 583.236 697.943 834.77 
0.000254341 0.00685271 0.0406628 0.146345 0.410898 -154.926 1.33552 1.79033 2.38809 3.16021 4.13896 5.35763 6.85299 8.66977 10.8655 13.5146 16.7109 20.5699 25.2315 30.8632 37.665 45.8748 55.7766 67.7084 82.0735 99.3524 120.119 145.055 174.978 210.857 253.85 305.335 366.954 440.661 528.782 634.086 759.865 910.038 1089.26 1303.09 
0.000210013 0.00569522 0.0340297 0.123376 0.349085 0.851601 -229.975 2.54423 3.42347 4.56958 6.03387 7.86809 10.1274 12.877 16.2011 20.2093 25.0421 30.8743 37.9181 46.4279 56.7079 69.1198 84.0947 102.146 123.886 150.045 181.492 219.267 264.606 318.985 384.162 462.229 555.682 667.489 801.185 960.978 1151.87 1379.82 1651.92 1976.57 
0.000181319 0.00494874 0.0297746 0.108752 0.310134 0.762847 1.70011 -334.568 4.79266 6.45611 8.60107 11.308 14.6592 18.7483 23.6942 29.654 36.8327 45.4882 55.9361 68.5563 83.8021 102.213 124.432 151.224 183.5 222.348 269.064 325.193 392.579 473.418 570.33 686.433 825.443 991.785 1190.72 1428.53 1712.67 2052.01 2457.11 2940.53 
0.000161412 0.00443261 0.0268483 0.0987763 0.283888 0.704098 1.58294 3.3163 -479.77 8.95762 12.0493 15.987 20.8953 26.9077 34.1886 42.9565 53.5025 66.2001 81.5121 99.9977 122.325 149.289 181.835 221.088 268.389 325.334 393.828 476.144 574.989 693.592 835.802 1006.2 1210.26 1454.47 1746.58 2095.82 2513.13 3011.59 3606.71 4316.96 
0.000146716 0.00405207 0.0246973 0.091485 0.264892 0.662285 1.50183 3.17538 6.36706 -681.003 16.6416 22.3068 29.4324 38.2129 48.8724 61.7057 77.1145 95.6295 117.92 144.803 177.255 216.44 263.738 320.79 389.551 472.349 571.959 691.691 835.491 1008.06 1215.02 1463.04 1760.07 2115.61 2540.94 3049.49 3657.26 4383.26 5250.14 6284.81 
0.000135224 0.00375371 0.0230073 0.0857529 0.249989 0.629703 1.43965 3.07108 6.21759 12.0812 -960.219 30.7853 41.0667 53.8469 69.4356 88.2201 110.736 137.717 170.119 209.127 256.169 312.941 381.455 464.1 563.715 683.681 828.028 1001.56 1210 1460.18 1760.24 2119.88 2550.65 3066.31 3683.24 4420.96 5302.67 6356 7613.81 9115.18 
0.000125762 0.00350629 0.0215947 0.080919 0.237301 0.601701 1.38577 2.98049 6.08965 11.9541 22.7252 -1349.29 56.8495 75.4341 98.2882 125.917 159.005 198.529 245.827 302.608 370.959 453.366 552.77 672.656 817.157 991.19 1200.61 1452.39 1754.86 2117.93 2553.43 3075.43 3700.73 4449.32 5344.99 6416.08 7696.32 9225.84 11052.4 13232.7 
0.000117613 0.00329097 0.0203497 0.0765925 0.225726 0.575533 1.33383 2.88931 5.95189 11.7947 22.6691 42.5117 -1894.96 105.155 138.815 179.804 228.962 287.518 357.274 440.666 540.749 661.199 806.359 981.354 1192.25 1446.23 1751.86 2119.35 2560.83 3090.8 3726.52 4488.57 5401.47 6494.4 7802.15 9366.1 11235.5 13469 16136.3 19320.5 
0.000110284 0.00309498 0.0191995 0.0725207 0.214572 0.549527 1.28001 2.78893 5.78463 11.5574 22.4335 42.5737 79.3634 -2665.58 195.565 256.984 331.09 419.306 523.888 648.19 796.674 974.832 1189.18 1447.35 1758.38 2132.89 2583.56 3125.41 3776.4 4557.89 5495.34 6619.12 7965.38 9577.2 11505.9 13812.4 16569.6 19863.8 23798 28494.6 
0.000103331 0.00290673 0.018078 0.0684756 0.203228 0.522259 1.22122 2.67283 5.57357 11.2091 21.9368 42.0658 79.4477 148.301 -3758.89 366.805 480.142 615.66 775.828 964.889 1189.17 1456.93 1778.12 2164.38 2629.36 3189.08 3862.5 4672.16 5644.86 6812.55 8213.29 9892.45 11904.1 14312.5 17194.4 20641 24761 29683.5 35562.5 42580.7 
9.62e-05 0.00271133 0.0168973 0.0641443 0.190825 0.491661 1.15299 2.53186 5.30039 10.7117 21.0952 40.7886 77.888 147.498 277.627 -5308.49 694.251 905.901 1156.66 1450.95 1796.95 2206.78 2695.85 3282.34 3987.35 4835.46 5855.58 7081.91 8555.1 10323.6 12444.9 14987.9 18034.3 21681.7 26046.1 31265.6 37504.9 44959.6 53862.6 64491 
8.8068e-05 0.00248608 0.0155193 0.0590167 0.175896 0.454091 1.06716 2.34894 4.93098 9.99884 19.7782 38.472 74.0826 141.941 271.442 518.558 -7483.29 1319.9 1717.92 2185.04 2729.4 3367.13 4121.64 5021.79 6100.98 7397.63 8956.39 10829.8 13080 15781.1 19021.1 22904.9 27557.4 33127.6 39792.6 47763.6 57291.6 68675.6 82271.2 98501.4 
7.77521e-05 0.00219783 0.013739 0.0523214 0.156172 0.403789 0.950463 2.09563 4.40755 8.95746 17.7691 34.7007 67.2045 129.859 251.436 488.811 953.498 -10474.6 2485.42 3228.31 4091.49 5090.48 6257.19 7636.48 9281.83 11254 13622.3 16467.3 19884 23984.7 28903.1 34798.7 41860.9 50315.7 60432 72530.1 86991.2 104269 124903 149535 
6.40212e-05 0.00181182 0.0113394 0.0432355 0.12921 0.334489 0.788315 1.7403 3.66503 7.45929 14.8234 29.0175 56.3963 109.571 213.978 421.487 838.107 1678.48 -14488.8 4505.03 5841.71 7378.6 9145.39 11203.5 13635.7 16537.2 20014.1 24187.2 29196.9 35208.4 42418.1 51059.3 61410 73801 88626.5 106356 127547 152865 183100 219194 
4.68981e-05 0.00132862 0.00832388 0.031771 0.0950477 0.246305 0.581068 1.28403 2.7067 5.51417 10.9698 21.5033 41.8747 81.6119 160.205 318.291 641.724 1312.46 2712.01 -19815.5 7531.47 9751.88 12276.9 15161.2 18514.6 22477.5 27205.6 32870.1 39664.9 47816.2 57590.6 69304.6 83334.8 100130 120223 144251 172970 207280 248252 297161 
2.92438e-05 0.000829257 0.00520019 0.0198668 0.059489 0.154296 0.364315 0.805689 1.69961 3.46488 6.89763 13.5312 26.3769 51.4893 101.351 202.345 411.474 853.841 1805.17 3866.03 -26948.9 11156.9 14426.8 18102.9 22277.3 27124.8 32855.3 39693.5 47883.8 57703 69474.4 83579.7 100473 120692 144882 173807 208376 249674 298989 357855 
1.53278e-05 0.000435024 0.00273029 0.0104396 0.0312858 0.08121 0.19189 0.424655 0.896354 1.82828 3.64126 7.1462 13.9373 27.2259 53.6586 107.382 219.357 459.062 985.303 2163.17 4821.24 -36410.6 14515.5 18745.3 23444.6 28753 34914 42201.9 50900.4 61315.6 73795.3 88746.1 106649 128076 153708 184355 220980 264732 316976 379334 
6.92272e-06 0.000196635 0.00123507 0.00472603 0.0141738 0.0368177 0.087054 0.192767 0.407099 0.830707 1.65502 3.24894 6.33788 12.3842 24.4191 48.9146 100.123 210.408 455.374 1015.46 2324.64 5412.57 -48274.5 17063.3 22005.7 27430.9 33532.3 40615 49000 59009.7 70991 85339 102517 123074 147663 177060 212189 254152 304255 364057 
2.79622e-06 7.94852e-05 0.000499603 0.00191308 0.00574143 0.0149236 0.0353076 0.0782253 0.165278 0.337383 0.672354 1.32013 2.57554 5.03298 9.925 19.8863 40.7331 85.7437 186.272 418.728 974.008 2333.94 5697.59 -62134.5 18873.8 24305.2 30195.2 36796.5 44465.8 53553.7 64404.2 77387.1 92925.8 111518 133754 160335 192098 230035 275330 329389 
1.03829e-06 2.95359e-05 0.000185769 0.000711807 0.00213758 0.00555951 0.0131605 0.0291719 0.0616617 0.125913 0.250986 0.492869 0.961634 1.87916 3.70552 7.42432 15.2087 32.0292 69.6745 157.15 368.366 897.103 2258.21 5800.46 -77490.7 20260 26048.3 32250.4 39185 47252.5 56821.6 68247.5 81913.6 98260.8 117809 141174 169092 202433 242238 289742 
3.59397e-07 1.02307e-05 6.43863e-05 0.000246855 0.000741744 0.00193023 0.00457158 0.0101382 0.0214377 0.043789 0.0873052 0.171467 0.334563 0.653761 1.28902 2.58231 5.28909 11.1382 24.2357 54.7201 128.641 315.558 807.359 2142.39 5810.81 -93991.8 21475 27561 34006 41203.3 49591.7 59550.7 71442.3 85659.4 102656 122970 147238 176219 210814 252098 
1.16507e-07 3.31876e-06 2.08982e-05 8.01675e-05 0.000241015 0.000627512 0.00148691 0.00329884 0.00697809 0.0142576 0.0284323 0.0558478 0.108974 0.212936 0.419803 0.840854 1.72188 3.62526 7.88697 17.809 41.8987 103.033 265.382 715.68 2008.9 5774.51 -111458 22661.5 29025.3 35689.6 43131.3 51822.8 62150.8 74482.1 89218.4 106827 127860 152975 182953 218723 
3.53622e-08 1.00797e-06 6.35057e-06 2.43739e-05 7.33142e-05 0.000190973 0.000452718 0.00100479 0.00212615 0.00434532 0.00866703 0.0170261 0.0332239 0.064918 0.127974 0.256288 0.524706 1.10443 2.40207 5.42259 12.7568 31.3861 81.0066 219.793 626.817 1867.68 5711.03 -129832 23888.1 30527.8 37408.8 45100.9 54105.7 64813.9 77597.2 92866.8 111103 132875 158861 189863 
1.00233e-08 2.85897e-07 1.80213e-06 6.92003e-06 2.08244e-05 5.42686e-05 0.000128701 0.00028575 0.000604842 0.00123645 0.00246664 0.00484619 0.00945707 0.0184783 0.0364236 0.0729338 0.14929 0.314156 0.683067 1.54149 3.62523 8.91768 23.0227 62.5692 179.412 542.863 1723.18 5627.41 -149125 25186.2 32106.4 39211.2 47170.6 56510.3 67623.4 80887.3 96723.7 115628 138187 165099 
2.64352e-09 7.54518e-08 4.75826e-07 1.82794e-06 5.50319e-06 1.43473e-05 3.40382e-05 7.55998e-05 0.000160067 0.000327296 0.000653045 0.00128317 0.00250416 0.00489287 0.00964396 0.0193085 0.0395163 0.0831367 0.180713 0.407685 0.958434 2.35677 6.08274 16.5325 47.4649 144.305 464.847 1577.75 5525.6 -169384 26570.8 33778.3 41118.1 49366.6 59067.7 70616.2 84395.9 100841 120462 143867 
6.45978e-10 1.84503e-08 1.16405e-07 4.4737e-07 1.34739e-06 3.5141e-06 8.34001e-06 1.85293e-05 3.92426e-05 8.02585e-05 0.000160164 0.000314741 0.000614259 0.00120019 0.00236548 0.00473552 0.00969014 0.0203826 0.0442945 0.0998979 0.234771 0.577074 1.4888 4.04501 11.6123 35.3358 114.292 393.344 1433.06 5405.82 -190676 28050.3 35551.8 43140.8 51702.7 61794.2 73811 88145 105244 125637 
1.45591e-10 4.16134e-09 2.62652e-08 1.00982e-07 3.04253e-07 7.93799e-07 1.88454e-06 4.18819e-06 8.8723e-06 1.81493e-05 3.62243e-05 7.1192e-05 0.000138948 0.000271489 0.000535059 0.00107106 0.00219138 0.00460865 0.0100131 0.0225768 0.0530416 0.130331 0.336106 0.912789 2.6193 7.96873 25.7895 89.0594 328.684 1290.59 5267.85 -213076 29630.7 37432.5 45287 54188.5 64700.6 77220.2 92149.1 109950 
3.01174e-11 8.61495e-10 5.43965e-09 2.09215e-08 6.30573e-08 1.64572e-07 3.90827e-07 8.68811e-07 1.84094e-06 3.76656e-06 7.51881e-06 1.47783e-05 2.88447e-05 5.63597e-05 0.000111072 0.000222322 0.00045482 0.000956378 0.00207751 0.00468314 0.0109995 0.0270188 0.0696523 0.189081 0.542332 1.64918 5.33554 18.431 68.2103 271.017 1151.77 5111.54 -236663 31317.5 39425.5 47563.7 56832.4 67796.4 80854.9 96420.8 
5.68898e-12 1.62868e-10 1.02876e-09 3.95811e-09 1.19336e-08 3.11549e-08 7.40084e-08 1.64564e-07 3.48774e-07 7.13722e-07 1.42493e-06 2.80096e-06 5.46728e-06 1.06827e-05 2.10524e-05 4.2136e-05 8.61924e-05 0.000181219 0.000393591 0.000887058 0.00208298 0.00511512 0.0131821 0.0357714 0.102558 0.311721 1.008 3.48058 12.882 51.2949 220.329 1017.98 4937.03 -261521 33116.2 41535.8 49978.4 59643.1 71091.6 84726.1 
9.75936e-13 2.79656e-11 1.7671e-10 6.80103e-10 2.05112e-09 5.3564e-09 1.27276e-08 2.83076e-08 6.00071e-08 1.22818e-07 2.45235e-07 4.82098e-07 9.41068e-07 1.8388e-06 3.62367e-06 7.25232e-06 1.48339e-05 3.11847e-05 6.77207e-05 0.000152599 0.000358256 0.000879546 0.00226602 0.00614711 0.0176173 0.0535244 0.172997 0.59704 2.20866 8.79358 37.8332 176.456 890.493 4744.77 -287737 35032.2 43768.9 52538.7 62629.5 74596.1 
1.51174e-13 4.33643e-12 2.74109e-11 1.05528e-10 3.18355e-10 8.31594e-10 1.97648e-09 4.39692e-09 9.32252e-09 1.90837e-08 3.81097e-08 7.49248e-08 1.46262e-07 2.85794e-07 5.63196e-07 1.12712e-06 2.30525e-06 4.84574e-06 1.05217e-05 2.37055e-05 5.56432e-05 0.000136579 0.000351786 0.000954028 0.00273329 0.00830103 0.0268183 0.0925093 0.342041 1.36109 5.85429 27.3361 139.09 770.485 4535.6 -315401 37071.3 46130.7 55253 65801.3 
2.10166e-14 6.03574e-13 3.81657e-12 1.46975e-11 4.43511e-11 1.15882e-10 2.75485e-10 6.1298e-10 1.2999e-09 2.66137e-09 5.31531e-09 1.04509e-08 2.04024e-08 3.98666e-08 7.85618e-08 1.57219e-07 3.21534e-07 6.75822e-07 1.46727e-06 3.30534e-06 7.75726e-06 1.9037e-05 4.90227e-05 0.000132914 0.000380686 0.00115576 0.00373251 0.0128696 0.0475605 0.189156 0.813134 3.79537 19.3255 107.805 658.943 4310.75 -344603 39239.2 48628.1 58130.2 
2.60544e-15 7.4927e-14 4.73948e-13 1.82567e-12 5.51053e-12 1.44015e-11 3.42443e-11 7.62118e-11 1.61645e-10 3.30992e-10 6.61132e-10 1.30001e-09 2.53802e-09 4.95941e-09 9.77303e-09 1.95573e-08 3.99953e-08 8.40585e-08 1.82481e-07 4.1103e-07 9.64504e-07 2.36658e-06 6.09308e-06 1.65163e-05 4.7293e-05 0.000143539 0.0004634 0.00159718 0.00589991 0.0234533 0.100765 0.470053 2.39228 13.3502 82.0789 556.642 4071.84 -375403 41542 51268.2 
2.86071e-16 8.23978e-15 5.21385e-14 2.00893e-13 6.06516e-13 1.58546e-12 3.77073e-12 8.39346e-12 1.78053e-11 3.64639e-11 7.28415e-11 1.43242e-10 2.79664e-10 5.46489e-10 1.07691e-09 2.155e-09 4.40684e-09 9.2613e-09 2.01035e-08 4.52775e-08 1.06233e-07 2.60623e-07 6.70896e-07 1.81821e-06 5.20512e-06 1.57939e-05 5.09739e-05 0.00017563 0.000648519 0.00257687 0.0110658 0.0515917 0.262412 1.46359 8.99921 61.3217 464.12 3820.85 -407576 43985.8 
2.76192e-17 7.96991e-16 5.04487e-15 1.94432e-14 5.87145e-14 1.53515e-13 3.65179e-13 8.13013e-13 1.72494e-12 3.53298e-12 7.05827e-12 1.3881e-11 2.71023e-11 5.29613e-11 1.04365e-10 2.08841e-10 4.27049e-10 8.97426e-10 1.9479e-09 4.3867e-09 1.02912e-08 2.52444e-08 6.49744e-08 1.76058e-07 5.03914e-07 1.52868e-06 4.93241e-06 1.69895e-05 6.27128e-05 0.000249091 0.0010692 0.00498243 0.0253282 0.14118 0.867556 5.91083 44.9057 381.661 3560.16 -438183 
cycle: 0
true_cycle: 0
nIterations: 0
nTrueIterations: 0
Branch: 0
dt_FE: 4.68817e-05
dt_EA: 4.68817e-05
dt_PE: 4.68817e-05
