t: 1.84241e-05
dt: 1.84241e-06
N: 0.524267 0.882308 0.96626 0.98764 0.993512 0.994948 0.994685 0.993296 0.99058 0.985782 0.977439 0.963099 0.939207 0.901523 0.846343 0.772196 0.681125 0.578712 0.472712 0.371007 0.280043 0.206482 0.164733 0.150974 0.0984056 0.0312044 0.0078003 0.00232382 0.000672104 0.000180016 4.45741e-05 1.01687e-05 2.12754e-06 4.06196e-07 7.03897e-08 1.10086e-08 1.54451e-09 1.93166e-10 2.1391e-11 2.08258e-12 
eC: 1.00639 3.07804 5.27089 7.59201 10.0489 12.6496 15.4023 18.3162 21.4004 24.6651 28.1208 31.7787 35.6505 39.7488 44.0869 48.6788 53.5393 58.6841 64.1299 69.8943 75.9959 82.4544 89.2908 96.5271 104.187 112.294 120.876 129.96 139.576 149.754 160.527 171.931 184.002 196.778 210.303 224.618 239.771 255.811 272.788 290.759 
dV: 2.71811 20.9912 63.6092 138.722 256.496 429.553 673.497 1007.55 1455.33 2045.74 2814.09 3803.42 5066.04 6665.5 8678.77 11199 14338.7 18233.7 23047.8 28977.8 36261 45182.1 56083.2 69374.4 85547.6 105192 129013 157855 192727 234836 285622 346808 420447 508992 615366 743056 896219 1.07981e+06 1.29972e+06 1.56298e+06 
kVec: 42091.5 117010 180415 231476 269590 294491 306381 306038 294903 275046 249000 219470 188995 159686 133111 110307 91867.9 78052 68866.1 64126 63494.8 66511.1 72627.6 81356.4 92553.4 106274 122234 139889 158849 178941 200131 222455 245978 270778 296941 324556 353712 384469 416603 447173 
cMat: 
-32.7755 62.442 78.4637 100.685 130.054 168.413 218.083 281.772 362.504 463.562 588.53 741.481 927.308 1152.1 1423.5 1750.95 2146.03 2622.71 3197.75 3891.19 4726.89 5733.31 6944.34 8400.38 10149.5 12249.1 14767.2 17785.3 21399.7 25725.3 30898.7 37081.7 44466.6 53281 63794.6 76326.3 91252.3 109016 130140 155236 
1.52918 -83.2111 50.8269 65.6037 85.2651 111.123 144.833 188.334 243.791 313.537 400.088 506.268 635.441 791.803 980.64 1208.54 1483.59 1815.57 2216.24 2699.65 3282.55 3984.92 4830.55 5847.84 7070.6 8539.16 10301.6 12415.1 14948.1 17981.6 21612.6 25956.2 31149.4 37355.4 44768 53617.8 64178.9 76776.8 91798.2 109702 
0.136809 3.61875 -150.631 27.351 35.779 46.9464 61.6138 80.6761 105.133 136.058 174.593 221.995 279.752 349.715 434.229 536.241 659.379 808.048 987.544 1204.2 1465.57 1780.65 2160.19 2616.97 3166.24 3826.2 4618.51 5569.02 6708.52 8073.69 9708.22 11664.1 14003.4 16799.6 20140.5 24130.5 28893.4 34576.9 41356.3 49439.8 
0.0218263 0.580716 3.4005 -236.912 15.8963 21.0066 27.7729 36.6358 48.089 62.6608 80.9058 103.423 130.91 164.231 204.492 253.088 311.751 382.589 468.141 571.445 696.122 846.492 1027.7 1245.88 1508.36 1823.84 2202.73 2657.43 3202.71 3856.18 4638.8 5575.55 6696.16 8036.03 9637.26 11550 13833.8 16559.6 19811.6 23690 
0.00582045 0.15582 0.918363 3.28179 -355.491 12.1766 16.2232 21.5693 28.5335 37.4569 48.693 62.6156 79.6494 100.319 125.297 155.441 191.825 235.762 288.835 352.94 430.338 523.726 636.315 771.933 935.145 1131.39 1367.17 1650.21 1989.75 2396.76 2884.35 3468.11 4166.61 5001.97 6000.49 7193.48 8618.21 10319 12348.4 14769.2 
0.00250159 0.0674004 0.399942 1.43939 4.04142 -520.902 13.1356 17.6089 23.4882 31.0824 40.709 52.6953 67.4031 85.2721 106.869 132.924 164.361 202.317 248.167 303.558 370.457 451.205 548.595 665.951 807.24 977.188 1181.43 1426.7 1721.01 2073.9 2496.76 3003.15 3609.21 4334.16 5200.88 6236.59 7473.71 8950.75 10713.5 12816.6 
0.00152117 0.0412517 0.246484 0.893638 2.52849 6.16832 -750.344 18.4284 24.7969 33.0984 43.7045 56.9902 73.3546 93.271 117.348 146.38 181.385 223.629 274.648 336.287 410.747 500.649 609.115 739.865 897.332 1086.8 1314.59 1588.2 1916.6 2310.48 2782.56 3348.02 4024.92 4834.76 5803.15 6960.56 8343.25 9994.36 11965.2 14316.7 
0.00113591 0.0310024 0.186529 0.681297 1.9429 4.77902 10.6507 -1065.62 30.0246 40.4457 53.8832 70.8414 91.8357 117.453 148.437 185.774 230.746 284.97 350.423 429.485 524.996 640.337 779.533 947.375 1149.58 1392.95 1685.61 2037.24 2459.39 2965.83 3572.95 4300.31 5171.16 6213.24 7459.55 8949.34 10729.4 12855.2 15393.1 18421.6 
0.00095314 0.0261746 0.15854 0.583274 1.67636 4.1577 9.34727 19.5828 -1494.68 52.8948 71.151 94.4034 123.387 158.89 201.884 253.658 315.932 390.912 481.329 590.487 722.33 881.553 1073.74 1305.53 1584.84 1921.1 2325.56 2811.63 3395.31 4095.67 4935.42 5941.64 7146.58 8588.66 10313.6 12375.8 14840.1 17783.5 21297.7 25491.7 
0.000857111 0.0236721 0.144281 0.534452 1.54749 3.86905 8.77364 18.5504 37.1962 -2072.92 97.22 130.315 171.943 223.239 285.511 360.483 450.501 558.665 688.886 845.934 1035.52 1264.44 1540.75 1874.05 2275.75 2759.45 3341.37 4040.84 4880.91 5889.08 7098.1 8547.01 10282.3 12359.4 14844.1 17815.1 21365.6 25606.9 30671.2 36715.6 
0.000802029 0.0222637 0.136459 0.508611 1.48271 3.73484 8.53871 18.215 36.8773 71.6553 -2844.26 182.591 243.572 319.372 411.831 523.244 656.787 816.815 1009 1240.36 1519.37 1856.09 2262.45 2752.63 3343.46 4055 4911.13 5940.36 7176.65 8660.51 10440.2 12573.3 15128.2 18186.6 21845.7 26221.2 31450.8 37698.2 45158.4 54063.2 
0.000761065 0.0212188 0.130683 0.489693 1.43606 3.64128 8.38622 18.0369 36.8524 72.3417 137.525 -3861.86 344.033 456.501 594.806 762.007 962.241 1201.43 1487.66 1831.28 2244.92 2743.61 3345.17 4070.68 4945.15 5998.33 7265.67 8789.37 10619.8 12817 15452.4 18611.4 22395.5 26925.7 32346 38827.9 46575.4 55831.5 66885.1 80079.8 
0.000712668 0.0199415 0.123308 0.464108 1.36777 3.48741 8.08229 17.5076 36.0652 71.4693 137.362 257.597 -5189.34 637.18 841.141 1089.51 1387.38 1742.2 2164.89 2670.19 3276.64 4006.5 4886.09 5946.46 7224.35 8763.35 10615.3 12842.1 15517.2 18728.5 22580.7 27198.3 32729.9 39352.5 47276.7 56753.4 68081 81614.7 97777.3 117071 
0.000640828 0.017984 0.111563 0.421396 1.24681 3.19314 7.43774 16.2057 33.6127 67.1568 130.354 247.383 461.157 -6905.04 1136.37 1493.26 1923.86 2436.46 3044.16 3766.44 4629.23 5664.45 6909.94 8410.14 10217.4 12393.6 15012.3 18160.8 21943.5 26484.5 31931.8 38461.7 46284.5 55650.2 66857.1 80259.9 96280.9 115423 138283 165573 
0.000540718 0.0152105 0.0945994 0.358323 1.06346 2.73291 6.39047 13.9865 29.1657 58.6554 114.792 220.124 415.739 776.04 -9111.08 1919.44 2512.52 3221.66 4059.8 5049.13 6222.78 7623.93 9304.64 11325.9 13759.1 16688 20211.9 24448.7 29538.8 35649.1 42979 51765.8 62292.3 74895.2 89975.8 108012 129571 155330 186093 222819 
0.000421368 0.011876 0.0740121 0.28096 0.835838 2.15353 5.05026 11.0899 23.2164 46.9184 92.3997 178.659 341.159 646.061 1216.04 -11943.9 3040.9 3967.96 5066.32 6355.34 7870.85 9665.97 11808.1 14377 17465.1 21179.9 25648.2 31019.6 37472.4 45218.4 54510.3 65648.8 78992.6 94968.4 114085 136947 164276 196928 235925 282478 
0.000300684 0.00848805 0.0529865 0.201496 0.60055 1.55037 3.64353 8.0198 16.8355 34.1383 67.5271 131.352 252.935 484.618 926.765 1770.47 -15576.9 4506.43 5865.38 7460.21 9318.8 11496.1 14072.2 17145.5 20830.1 25257.2 30579.1 36975.3 44658.2 53880.3 64942.3 78202.4 94087.2 113105 135861 163076 195606 234474 280892 336306 
0.000195961 0.00553928 0.0346268 0.131867 0.393607 1.01769 2.39549 5.2817 11.1085 22.5758 44.784 87.4574 169.378 327.288 633.703 1231.97 2403.14 -20206.3 6264.08 8136.42 10311.9 12829.7 15770.2 19246.5 23393.3 28363.8 34332.7 41503.1 50114.2 60449.4 72845.6 87704.3 105503 126812 152309 182800 219247 262793 314797 376878 
0.000116786 0.00330508 0.020685 0.078869 0.235702 0.610167 1.43803 3.17462 6.68566 13.6071 27.0404 52.933 102.877 199.877 390.333 768.865 1528.86 3061.84 -26021.2 8217.96 10656.3 13459.9 16682.8 20437.2 24874 30166.8 36509.3 44121.8 53260.2 64226.3 77378.1 93141.1 112023 134626 161670 194012 232668 278853 334007 399848 
6.38646e-05 0.00180928 0.0113353 0.043265 0.129434 0.335413 0.791285 1.74856 3.68591 7.50907 14.9384 29.2827 57.024 111.137 218.163 433.44 873.885 1787.27 3693.15 -33167.6 10256.2 13279.9 16718.4 20646.1 25212.7 30609.3 37048 44761.6 54014.8 65115 78425.5 94377.3 113483 136354 163717 196438 235546 282268 338064 404667 
3.21757e-05 0.000912396 0.00572155 0.0218586 0.0654532 0.169766 0.40084 0.886466 1.87001 3.81226 7.58917 14.8878 29.0214 56.6515 111.512 222.631 452.728 939.445 1986.16 4253.63 -41719.4 12275.4 15873.2 19917.9 24510.8 29844.3 36149.3 43673.1 52684.5 63488.2 76439.8 91959.3 110546 132793 159408 191232 229267 274706 328965 393733 
1.49442e-05 0.000424138 0.00266197 0.0101783 0.0305029 0.0791777 0.187088 0.414028 0.873923 1.78253 3.55014 6.96737 13.5885 26.5446 52.3158 104.695 213.868 447.574 960.645 2109.04 4700.59 -51694.4 14152.3 18276.2 22857.9 28033.4 34040.3 41145.8 49626.6 59781.2 71948.5 86525.2 103980 124871 149862 179741 215450 258107 309043 369842 
6.32738e-06 0.000179725 0.00112886 0.0043196 0.0129549 0.0336515 0.0795675 0.176189 0.372089 0.759268 1.51269 2.96954 5.79283 11.3192 22.3191 44.708 91.5123 192.313 416.213 928.13 2124.73 4947.1 -63180 15595.9 20113.3 25071.9 30648.6 37122.2 44786.1 53935 64885.9 78000.1 93700.9 112490 134964 161833 193942 232295 278090 332749 
2.46165e-06 6.99748e-05 0.000439826 0.00168418 0.00505446 0.013138 0.0310831 0.0688656 0.145502 0.297015 0.591907 1.16218 2.26737 4.43078 8.73748 17.5069 35.8594 75.4845 163.984 368.627 857.468 2054.68 5015.87 -76143.4 16615.6 21397.1 26582.4 32393.8 39145.5 47146 56698.2 68127.7 81807.3 98174.9 117750 141151 169113 202512 242387 289978 
9.48915e-07 2.69934e-05 0.000169778 0.000650534 0.00195357 0.00508094 0.0120276 0.0266608 0.0563537 0.115074 0.22938 0.450442 0.878855 1.7174 3.38654 6.78522 13.8995 29.272 63.6768 143.622 336.656 819.878 2063.82 5301.15 -89900.4 18516 23806.1 29474.3 35811.9 43184.9 51930.3 62372.6 74862.3 89802.3 107668 129022 154536 185008 221386 264801 
3.49846e-07 9.95882e-06 6.26752e-05 0.000240295 0.000722032 0.00187894 0.00445009 0.00986873 0.0208679 0.0426253 0.084985 0.16691 0.325672 0.636387 1.25477 2.51368 5.14853 10.8422 23.5916 53.2659 125.222 307.172 785.903 2085.45 5656.38 -104827 20904.3 26828.6 33102.3 40108.3 48273.8 57968.1 69543.7 83383 99928.3 119702 143325 171536 205212 245398 
1.1578e-07 3.29804e-06 2.07678e-05 7.96671e-05 0.000239511 0.000623596 0.00147763 0.00327825 0.00693453 0.0141687 0.0282549 0.0554992 0.108294 0.211607 0.417183 0.835606 1.71113 3.60264 7.83774 17.6978 41.6371 102.39 263.725 711.213 1996.36 5738.47 -121575 22520 28844.2 35466.8 42862.1 51499.4 61762.9 74017.2 88661.5 106160 127062 152020 181811 217357 
3.52971e-08 1.00612e-06 6.33887e-06 2.4329e-05 7.31792e-05 0.000190622 0.000451884 0.00100294 0.00212224 0.00433732 0.00865107 0.0169947 0.0331628 0.0647985 0.127738 0.255816 0.52374 1.1024 2.39765 5.41261 12.7333 31.3283 80.8575 219.388 625.663 1864.24 5700.52 -139640 23844.1 30471.6 37339.9 45017.9 54006.1 64694.6 77454.3 92695.8 110899 132631 158568 189514 
1.0018e-08 2.85745e-07 1.80117e-06 6.91634e-06 2.08133e-05 5.42397e-05 0.000128632 0.000285598 0.00060452 0.00123579 0.00246533 0.00484361 0.00945203 0.0184685 0.0364042 0.0728949 0.149211 0.313989 0.682702 1.54066 3.6233 8.91293 23.0104 62.5358 179.316 542.574 1722.26 5624.41 -158764 25172.8 32089.3 39190.3 47145.5 56480.2 67587.4 80844.2 96672.2 115566 138113 165011 
2.64314e-09 7.5441e-08 4.75758e-07 1.82768e-06 5.5024e-06 1.43452e-05 3.40334e-05 7.5589e-05 0.000160044 0.000327249 0.000652952 0.00128299 0.0025038 0.00489217 0.00964259 0.0193058 0.0395107 0.0831248 0.180687 0.407626 0.958297 2.35643 6.08188 16.5302 47.4581 144.285 464.781 1577.52 5524.81 -178915 26567 33773.5 41112.3 49359.6 59059.3 70606.1 84383.9 100827 120445 143846 
6.45955e-10 1.84497e-08 1.16401e-07 4.47354e-07 1.34734e-06 3.51398e-06 8.33971e-06 1.85286e-05 3.92412e-05 8.02556e-05 0.000160158 0.000314729 0.000614237 0.00120015 0.0023654 0.00473535 0.0096898 0.0203819 0.0442929 0.0998944 0.234763 0.577053 1.48874 4.04487 11.6118 35.3346 114.288 393.33 1433.01 5405.63 -200124 28049.3 35550.5 43139.3 51700.9 61792 73808.4 88141.9 105240 125633 
1.45589e-10 4.16131e-09 2.6265e-08 1.00981e-07 3.0425e-07 7.93792e-07 1.88453e-06 4.18815e-06 8.87223e-06 1.81491e-05 3.6224e-05 7.11915e-05 0.000138947 0.000271487 0.000535055 0.00107105 0.00219137 0.00460861 0.010013 0.0225766 0.0530411 0.13033 0.336103 0.912781 2.61928 7.96866 25.7892 89.0587 328.681 1290.58 5267.8 -222453 29630.4 37432.2 45286.6 54188 64700 77219.6 92148.3 109949 
3.01174e-11 8.61494e-10 5.43964e-09 2.09215e-08 6.30572e-08 1.64572e-07 3.90827e-07 8.68809e-07 1.84093e-06 3.76656e-06 7.5188e-06 1.47782e-05 2.88446e-05 5.63596e-05 0.000111072 0.000222321 0.000454819 0.000956377 0.00207751 0.00468313 0.0109995 0.0270188 0.0696522 0.189081 0.542331 1.64918 5.33553 18.4309 68.2102 271.016 1151.77 5111.53 -245977 31317.5 39425.5 47563.7 56832.3 67796.3 80854.7 96420.6 
5.68898e-12 1.62867e-10 1.02876e-09 3.95811e-09 1.19336e-08 3.11549e-08 7.40084e-08 1.64564e-07 3.48774e-07 7.13722e-07 1.42493e-06 2.80096e-06 5.46728e-06 1.06827e-05 2.10524e-05 4.2136e-05 8.61924e-05 0.000181219 0.000393591 0.000887058 0.00208298 0.00511512 0.0131821 0.0357713 0.102558 0.311721 1.008 3.48058 12.882 51.2949 220.329 1017.98 4937.03 -270778 33116.2 41535.8 49978.4 59643.1 71091.5 84726.1 
9.75935e-13 2.79656e-11 1.7671e-10 6.80103e-10 2.05112e-09 5.3564e-09 1.27275e-08 2.83076e-08 6.00071e-08 1.22818e-07 2.45235e-07 4.82098e-07 9.41068e-07 1.8388e-06 3.62367e-06 7.25232e-06 1.48339e-05 3.11847e-05 6.77207e-05 0.000152599 0.000358256 0.000879546 0.00226602 0.00614711 0.0176173 0.0535244 0.172997 0.59704 2.20866 8.79358 37.8332 176.456 890.493 4744.77 -296941 35032.2 43768.9 52538.7 62629.5 74596.1 
1.51174e-13 4.33643e-12 2.74109e-11 1.05528e-10 3.18355e-10 8.31594e-10 1.97648e-09 4.39692e-09 9.32252e-09 1.90837e-08 3.81097e-08 7.49248e-08 1.46262e-07 2.85794e-07 5.63196e-07 1.12712e-06 2.30525e-06 4.84574e-06 1.05217e-05 2.37055e-05 5.56432e-05 0.000136579 0.000351786 0.000954028 0.00273329 0.00830103 0.0268183 0.0925093 0.342041 1.36109 5.85429 27.3361 139.09 770.485 4535.6 -324556 37071.3 46130.7 55253 65801.3 
2.10166e-14 6.03574e-13 3.81657e-12 1.46975e-11 4.43511e-11 1.15882e-10 2.75485e-10 6.1298e-10 1.2999e-09 2.66137e-09 5.31531e-09 1.04509e-08 2.04024e-08 3.98666e-08 7.85618e-08 1.57219e-07 3.21534e-07 6.75822e-07 1.46727e-06 3.30534e-06 7.75726e-06 1.9037e-05 4.90227e-05 0.000132914 0.000380686 0.00115576 0.00373251 0.0128696 0.0475605 0.189156 0.813134 3.79537 19.3255 107.805 658.943 4310.75 -353712 39239.2 48628.1 58130.2 
2.60544e-15 7.4927e-14 4.73948e-13 1.82567e-12 5.51053e-12 1.44015e-11 3.42443e-11 7.62118e-11 1.61645e-10 3.30992e-10 6.61132e-10 1.30001e-09 2.53802e-09 4.95941e-09 9.77303e-09 1.95573e-08 3.99953e-08 8.40585e-08 1.82481e-07 4.1103e-07 9.64504e-07 2.36658e-06 6.09308e-06 1.65163e-05 4.7293e-05 0.000143539 0.0004634 0.00159718 0.00589991 0.0234533 0.100765 0.470053 2.39228 13.3502 82.0789 556.642 4071.84 -384469 41542 51268.2 
2.86071e-16 8.23978e-15 5.21385e-14 2.00893e-13 6.06516e-13 1.58546e-12 3.77073e-12 8.39346e-12 1.78053e-11 3.64639e-11 7.28415e-11 1.43242e-10 2.79664e-10 5.46489e-10 1.07691e-09 2.155e-09 4.40684e-09 9.2613e-09 2.01035e-08 4.52775e-08 1.06233e-07 2.60623e-07 6.70896e-07 1.81821e-06 5.20512e-06 1.57939e-05 5.09739e-05 0.00017563 0.000648519 0.00257687 0.0110658 0.0515917 0.262412 1.46359 8.99921 61.3217 464.12 3820.85 -416603 43985.8 
2.76192e-17 7.96991e-16 5.04487e-15 1.94432e-14 5.87145e-14 1.53515e-13 3.65179e-13 8.13013e-13 1.72494e-12 3.53298e-12 7.05827e-12 1.3881e-11 2.71023e-11 5.29613e-11 1.04365e-10 2.08841e-10 4.27049e-10 8.97426e-10 1.9479e-09 4.3867e-09 1.02912e-08 2.52444e-08 6.49744e-08 1.76058e-07 5.03914e-07 1.52868e-06 4.93241e-06 1.69895e-05 6.27128e-05 0.000249091 0.0010692 0.00498243 0.0253282 0.14118 0.867556 5.91083 44.9057 381.661 3560.16 -447173 
cycle: 0
true_cycle: 0
nIterations: 0
nTrueIterations: 0
Branch: 0
dt_FE: 1.84241e-06
dt_EA: 1.84241e-06
dt_PE: 1.84241e-06
