t: 2.56193e-08
dt: 2.39644e-09
N: 0.0165131 0.0190432 0.0219462 0.0252759 0.0290908 0.0334468 0.0384149 0.0440729 0.0504957 0.0577481 0.0659294 0.0751282 0.0853652 0.0967246 0.109273 0.12299 0.137744 0.153559 0.170328 0.187427 0.204681 0.221721 0.237643 0.251089 0.261656 0.268379 0.267854 0.259884 0.24367 0.21727 0.184864 0.257547 0.160936 0.0409139 0.0163726 0.00541847 0.00145894 0.000315306 5.33821e-05 6.82875e-06 
eC: 1 1.15749 1.33977 1.55077 1.795 2.07768 2.40489 2.78363 3.22201 3.72944 4.31677 4.99661 5.78351 6.69433 7.7486 8.9689 10.3814 12.0163 13.9087 16.0991 18.6345 21.5692 24.9661 28.8979 33.4489 38.7167 44.814 51.8717 60.0407 69.4963 80.4411 93.1095 107.773 124.746 144.391 167.131 193.452 223.918 259.182 300 
dV: 1.08333 0.211322 0.327712 0.508206 0.788112 1.22218 1.89532 2.93921 4.55805 7.06849 10.9616 16.999 26.3615 40.8807 63.3966 98.3136 152.462 236.434 366.655 568.597 881.764 1367.42 2120.55 3288.49 5099.69 7908.45 12264.2 19019 29494.1 45738.6 70930.1 109996 170579 264529 410225 636165 986546 1.52991e+06 2.37254e+06 3.67926e+06 
kVec: 881769 1.02353e+06 1.18072e+06 1.36219e+06 1.5715e+06 1.81223e+06 2.08896e+06 2.40687e+06 2.77156e+06 3.18805e+06 3.66423e+06 4.20802e+06 4.82414e+06 5.52235e+06 6.31231e+06 7.20208e+06 8.19174e+06 9.29621e+06 1.05256e+07 1.1857e+07 1.33047e+07 1.48729e+07 1.65488e+07 1.82721e+07 2.0085e+07 2.2024e+07 2.3917e+07 2.59403e+07 2.82805e+07 3.12066e+07 3.5003e+07 4.07815e+07 5.05533e+07 6.60315e+07 9.05851e+07 1.28389e+08 1.81841e+08 2.48082e+08 3.28171e+08 4.17286e+08 
cMat: 
-173725 944.278 1109.58 1292.47 1506.69 1758.91 2056.06 2406.44 2821.22 3315.76 3904.71 4607.97 5458.91 6488.81 7738.29 9269.35 11172.7 13533.3 16478.2 20255.7 25089.9 31309.6 39467.7 50388.8 64957.2 84577 112005 150046 203202 279028 388565 546387 775653 1.11531e+06 1.61032e+06 2.32781e+06 3.3462e+06 4.78234e+06 6.84234e+06 9.82477e+06 
4790.2 -205757 1275.56 1485.82 1732.1 2022.08 2363.71 2766.55 3243.45 3812.07 4489.26 5297.92 6276.43 7460.79 8897.73 10658.6 12847.8 15563.2 18951 23296.9 28859.3 36016.6 45405.9 57977.1 74749.4 97341.1 128930 172750 233993 321373 447624 629560 893901 1.28557e+06 1.85646e+06 2.68402e+06 3.85872e+06 5.51522e+06 7.89135e+06 1.13315e+07 
3585.83 812.606 -236774 1705.93 1988.71 2321.68 2713.97 3176.54 3724.18 4377.16 5154.87 6083.58 7207.42 8567.77 10218.3 12241.1 14756.2 17876.1 21768.8 26763.3 33156.6 41384.1 52179.3 66635.5 85926.4 111916 148264 198698 269202 369819 515227 724816 1.0294e+06 1.48076e+06 2.13876e+06 3.09273e+06 4.44693e+06 6.35653e+06 9.09571e+06 1.30615e+07 
2655.87 601.865 1084.72 -273002 2280.74 2662.63 3112.57 3643.15 4271.31 5020.34 5912.47 6977.88 8267.22 9828.01 11721.9 14043.1 16929.5 20510.3 24978.7 30712.6 38053.6 47502.2 59901.8 76510.1 98677.6 128549 170339 228338 309439 425211 592563 833841 1.18456e+06 1.70438e+06 2.46232e+06 3.56134e+06 5.12155e+06 7.32159e+06 1.04774e+07 1.50465e+07 
1964.34 445.157 802.297 1447.04 -315229 3022.65 3565.25 4173.07 4892.7 5750.85 6773 7993.74 9471.17 11259.8 13430.2 16090.7 19399.3 23504.5 28627.9 35203.3 43623.1 54462.2 68689.6 87750.7 113198 147499 195499 262137 355347 488445 680898 958442 1.36198e+06 1.96021e+06 2.83266e+06 4.09793e+06 5.89431e+06 8.42727e+06 1.20607e+07 1.73212e+07 
1451.29 328.893 592.762 1069.14 1912.95 -364292 4075.92 4770.91 5593.79 6575.12 7744.04 9140.16 10830 12875.9 15358.9 18402.8 22188.7 26886.8 32751 40278.8 49920 62334.2 78633.2 100476 129646 168977 224036 300501 407496 560336 781410 1.10034e+06 1.56419e+06 2.25201e+06 3.25535e+06 4.71076e+06 6.77727e+06 9.69102e+06 1.38707e+07 1.99222e+07 
1070.54 242.61 437.26 788.676 1423.84 2572.07 -421255 5443.98 6383.14 7503.21 8837.49 10431.2 12360.5 14696.4 17531.8 21008 25332.5 30699.7 37400.2 46003.7 57025.2 71220.2 89862.8 114855 148242 193275 256343 343969 466632 641928 895588 1.26167e+06 1.7943e+06 2.58432e+06 3.73707e+06 5.40962e+06 7.78471e+06 1.11334e+07 1.59371e+07 2.2892e+07 
788.037 178.59 321.881 580.579 1048.17 1893.49 3423.9 -487336 7193.69 8545.62 10065.7 11881.6 14079.9 16742.1 19973.7 23936.5 28867 34987.6 42630.1 52445.7 65023.4 81227.3 102515 131065 169219 220704 292842 393116 533553 734348 1.02504e+06 1.44475e+06 2.05567e+06 2.96209e+06 4.28512e+06 6.20526e+06 8.93227e+06 1.27769e+07 1.82922e+07 2.62775e+07 
578.82 131.178 236.432 426.462 769.947 1390.92 2515.21 4506.99 -564131 9709.1 11436.8 13500.8 15999.9 19026.7 22701.4 27208.3 32817.1 39781 48478.7 59652.8 73975.8 92434.3 116694 149243 192761 251512 333877 448430 608954 838601 1.17124e+06 1.65175e+06 2.35153e+06 3.39017e+06 4.90675e+06 7.1085e+06 1.02359e+07 1.46448e+07 2.09695e+07 3.01269e+07 
424.339 96.1693 173.337 312.662 564.505 1019.82 1844.21 3339.66 6056.22 -652990 12951 15289.3 18121.1 21551.3 25716.6 30826.1 37186.5 45085.7 54954.2 67637.1 83900.1 104867 132436 169445 218954 285830 379651 510222 693315 955432 1.33534e+06 1.88449e+06 2.6847e+06 3.87292e+06 5.60871e+06 8.12967e+06 1.17111e+07 1.67597e+07 2.40023e+07 3.44888e+07 
310.125 70.2859 126.687 228.522 412.604 745.426 1348.06 2441.3 4427.36 8037.48 -756172 17262.8 20462 24338.2 29045.8 34822 42014.4 50949.4 62115.3 76471.8 94888.7 118643 149894 191871 248060 324010 430642 579154 787567 1.08617e+06 1.51927e+06 2.14576e+06 3.05929e+06 4.41645e+06 6.40007e+06 9.28223e+06 1.33776e+07 1.91502e+07 2.74317e+07 3.94225e+07 
225.809 51.1778 92.2482 166.405 300.46 542.843 981.746 1778.01 3224.65 5854.5 10651.1 -876137 22857.6 27396.3 32700.2 39209.6 47317.8 57393.6 69989.8 86192.8 106988 133824 169150 216634 280238 366275 487174 655700 892405 1.23184e+06 1.7246e+06 2.43794e+06 3.47892e+06 5.02632e+06 7.28931e+06 1.0579e+07 1.52546e+07 2.18443e+07 3.12984e+07 4.49871e+07 
163.962 37.1617 66.9861 120.839 218.195 394.234 713.023 1291.41 2342.32 4252.96 7738.17 14009.9 -1.01516e+06 30681.1 36627.3 43927.5 53024.1 64332.7 78476 96679.6 120056 150242 190005 243499 315214 412309 548893 739482 1.00746e+06 1.39217e+06 1.95121e+06 2.7613e+06 3.94461e+06 5.70477e+06 8.28079e+06 1.20278e+07 1.73548e+07 2.48619e+07 3.56323e+07 5.12272e+07 
118.55 26.8701 48.4366 87.3807 157.788 285.106 515.683 934.063 1694.31 3076.68 5598.59 10214.1 18662.6 -1.17691e+06 40827.5 48976.2 59134.9 71769.6 87579 107941 134106 167916 212492 272519 353070 462243 616007 830829 1.13326e+06 1.56797e+06 2.20044e+06 3.118e+06 4.45975e+06 6.45723e+06 9.38301e+06 1.36418e+07 1.96984e+07 2.82324e+07 4.04766e+07 5.82057e+07 
85.2507 19.3232 34.8338 62.8439 113.486 205.07 370.947 671.956 1218.99 2213.79 4028.93 7351.44 13434.5 24618.9 -1.36529e+06 53732 65629.2 79680 97271.1 119944 149102 186810 236571 303655 393775 516064 688545 929847 1.27003e+06 1.75975e+06 2.47321e+06 3.50962e+06 5.02711e+06 7.2883e+06 1.06035e+07 1.54331e+07 2.23039e+07 3.19839e+07 4.58726e+07 6.59833e+07 
60.9708 13.8203 24.9151 44.9518 81.1808 146.705 265.393 480.796 872.302 1584.39 2883.89 5263.01 9619.93 17632.8 32081.3 -1.5862e+06 72385.3 87919 107379 132483 164796 206622 261879 336468 436800 573134 765745 1.03564e+06 1.41678e+06 1.96638e+06 2.76839e+06 3.93523e+06 5.64624e+06 8.19859e+06 1.19449e+07 1.74076e+07 2.51827e+07 3.61346e+07 5.1849e+07 7.46034e+07 
43.3927 9.83636 17.7338 31.9974 57.79 104.444 188.96 342.365 621.23 1128.54 2054.52 3750.19 6856.4 12570.9 23136.8 42740.3 -1.84333e+06 96207.9 117568 145153 180695 226755 287684 370058 481036 632090 845926 1.14616e+06 1.57099e+06 2.18489e+06 3.0825e+06 4.39092e+06 6.31306e+06 9.18419e+06 1.34041e+07 1.95646e+07 2.83377e+07 4.06928e+07 5.84212e+07 8.40919e+07 
30.6418 6.94633 12.5242 22.5993 40.8195 73.7801 133.499 241.909 439.015 797.662 1452.45 2651.81 4849.59 8894.32 16375.9 30263.6 56086.8 -2.14594e+06 127804 157912 196751 247148 313916 404342 526387 692825 928983 1.26131e+06 1.73265e+06 2.41543e+06 3.41603e+06 4.8778e+06 7.02976e+06 1.02492e+07 1.49885e+07 2.19164e+07 3.17888e+07 4.56885e+07 6.56343e+07 9.45155e+07 
21.4382 4.8602 8.76357 15.8147 28.5675 51.6407 93.4512 169.364 307.412 558.661 1017.49 1858.15 3399.21 6236.48 11487 21238.6 39383 73436.7 -2.50489e+06 169525 212665 267435 340123 438764 572166 754490 1.01387e+06 1.37981e+06 1.90023e+06 2.6562e+06 3.76699e+06 5.39383e+06 7.79465e+06 1.13928e+07 1.66992e+07 2.4468e+07 3.55469e+07 5.11409e+07 7.3519e+07 1.05922e+08 
14.9045 3.37921 6.09368 10.9977 19.8683 35.9201 65.0125 117.845 213.942 388.89 708.477 1294.23 2368.48 4347.29 8011.22 14820.4 27500.4 51318.8 95880.2 -2.92692e+06 227046 285908 364190 470683 615064 812926 1.09533e+06 1.49505e+06 2.06539e+06 2.89678e+06 4.12248e+06 5.92334e+06 8.58915e+06 1.25935e+07 1.85122e+07 2.71942e+07 3.95871e+07 5.70247e+07 8.20495e+07 1.18283e+08 
10.2552 2.32528 4.19355 7.56924 13.6762 24.7291 44.7655 81.16 147.376 267.964 488.327 892.38 1633.77 3000.23 5531.91 10240.4 19016.5 35518.2 66813.1 126120 -3.43133e+06 302425 385927 499847 654745 867685 1.17278e+06 1.60624e+06 2.22717e+06 3.13608e+06 4.48138e+06 6.46549e+06 9.41339e+06 1.38533e+07 2.04337e+07 3.0108e+07 4.39332e+07 6.33786e+07 9.12858e+07 1.31689e+08 
6.96584 1.57959 2.84904 5.14307 9.29389 16.8079 30.4321 55.1858 100.236 182.308 332.347 607.577 1112.89 2044.8 3772.63 6988.77 12989.5 24285.3 45733.9 86447.4 164615 -4.03896e+06 400205 525573 690326 917625 1.24472e+06 1.71148e+06 2.38316e+06 3.37111e+06 4.8402e+06 7.01653e+06 1.02639e+07 1.51706e+07 2.24653e+07 3.32183e+07 4.8606e+07 7.02394e+07 1.01288e+08 1.46234e+08 
4.67424 1.06005 1.91221 3.4524 6.23972 11.2866 20.44 37.0754 67.361 122.559 223.514 408.799 749.199 1377.44 2543.18 4715.17 8772.54 16419.9 30961.9 58617.1 111823 213037 -4.78343e+06 545384 718640 958680 1.30592e+06 1.804e+06 2.52467e+06 3.59086e+06 5.18528e+06 7.56007e+06 1.11222e+07 1.65254e+07 2.45886e+07 3.65128e+07 5.3605e+07 7.76227e+07 1.12094e+08 1.61986e+08 
3.10114 0.703381 1.269 2.29149 4.14232 7.49447 13.576 24.6322 44.7686 81.4869 148.679 272.072 498.941 918.008 1696.35 3148.17 5864.05 10990.7 20755.9 39368.1 75262.9 145387 283414 -5.68739e+06 735259 985077 1.34878e+06 1.87385e+06 2.63871e+06 3.77862e+06 5.4956e+06 8.07059e+06 1.1959e+07 1.78868e+07 2.67754e+07 3.99739e+07 5.89334e+07 8.55598e+07 1.23775e+08 1.79068e+08 
2.0209 0.45843 0.827206 1.494 2.70125 4.88842 8.85775 16.0767 29.2301 53.2282 97.1691 177.916 326.503 601.231 1112.02 2065.99 3853.33 7232.92 13682.4 26005.6 49836.4 96533.1 188782 371682 -6.81572e+06 998619 1.37539e+06 1.92339e+06 2.72799e+06 3.93753e+06 5.77517e+06 8.55391e+06 1.27841e+07 1.92725e+07 2.90578e+07 4.36589e+07 6.46888e+07 9.42049e+07 1.36566e+08 1.97831e+08 
1.28951 0.292559 0.527997 0.953794 1.72491 3.12241 5.65954 10.2757 18.6906 34.0526 62.1989 113.959 209.295 385.748 714.204 1328.48 2481.37 4665.36 8841.95 16844.2 32366.1 62884.1 123417 244036 489388 -8.26058e+06 1.3794e+06 1.95095e+06 2.78997e+06 4.06402e+06 6.01945e+06 9.00527e+06 1.35945e+07 2.06861e+07 3.14543e+07 4.76157e+07 7.09675e+07 1.03723e+08 1.50732e+08 2.18677e+08 
0.810583 0.183933 0.33202 0.599911 1.0852 1.96503 3.563 6.47176 11.7772 21.4692 39.2401 71.9473 132.255 244.011 452.315 842.506 1576.28 2969.34 5639.83 10773 20765 40489.1 79801.1 158605 319939 654757 -1.00679e+07 1.92725e+06 2.78468e+06 4.10391e+06 6.15642e+06 9.33184e+06 1.42766e+07 2.19974e+07 3.38304e+07 5.17308e+07 7.771e+07 1.14131e+08 1.66394e+08 2.41854e+08 
0.49609 0.11259 0.203282 0.36739 0.66477 1.20413 2.18419 3.96905 7.22645 13.1816 24.1093 44.2397 81.4007 150.353 279.059 520.565 975.711 1841.82 3506.56 6717.69 12992.8 25433.9 50362.4 100667 204403 423070 880467 -1.24169e+07 2.72179e+06 4.06655e+06 6.19401e+06 9.53929e+06 1.48346e+07 2.32157e+07 3.62134e+07 5.60747e+07 8.50662e+07 1.25697e+08 1.83993e+08 2.68038e+08 
0.293385 0.0665978 0.12027 0.217419 0.393522 0.713056 1.29395 2.35242 4.28536 7.82188 14.3169 26.2931 48.4286 89.5572 166.446 310.985 584.014 1104.87 2108.82 4052.66 7867.19 15465.6 30778.4 61903.4 126600 264203 555552 1.18858e+06 -1.55336e+07 3.90462e+06 6.11935e+06 9.6033e+06 1.52297e+07 2.42903e+07 3.85514e+07 6.06212e+07 9.30758e+07 1.38567e+08 2.03829e+08 2.97728e+08 
0.166985 0.0379129 0.0684838 0.123836 0.224209 0.406414 0.73782 1.34203 2.44613 4.46787 8.18427 15.0437 27.7387 51.3608 95.5934 178.907 336.667 638.432 1221.84 2356 4591.71 9067.9 18145.1 36743.1 75741.8 159520 339365 736071 1.61845e+06 -1.9761e+07 5.84707e+06 9.39147e+06 1.5265e+07 2.49484e+07 4.04952e+07 6.49683e+07 1.01326e+08 1.52342e+08 2.25531e+08 3.30531e+08 
0.0899826 0.0204341 0.03692 0.0667794 0.120944 0.219313 0.398324 0.724877 1.32201 2.41634 4.4298 8.14992 15.044 27.8912 51.9879 97.4652 183.797 349.387 670.521 1297.42 2539 5038.05 10139.1 20678.7 42987.4 91428.2 196998 433841 981501 2.26257e+06 -2.54645e+07 8.65599e+06 1.45195e+07 2.45227e+07 4.1049e+07 6.77226e+07 1.07973e+08 1.64631e+08 2.45948e+08 3.62099e+08 
0.0392625 0.00891786 0.0161166 0.029159 0.0528262 0.0958281 0.174122 0.317028 0.578516 1.05814 1.94138 3.57495 6.60626 12.2635 22.892 42.9908 81.2407 154.807 297.919 578.458 1136.67 2266.23 4587.06 9423.13 19757.1 42442.6 92658.1 207327 477956 1.12767e+06 2.68596e+06 -3.44345e+07 1.14008e+07 2.00469e+07 3.48821e+07 5.96512e+07 9.78836e+07 1.52063e+08 2.29947e+08 3.40576e+08 
0.0194077 0.00440902 0.00796999 0.0144236 0.0261386 0.0474337 0.0862252 0.157068 0.286781 0.524895 0.963784 1.77632 3.28605 6.10772 11.4175 21.478 40.6711 77.6849 149.908 292.069 576.246 1154.31 2349.79 4861.99 10281.5 22309.9 49359.4 112265 263929 638221 1.56879e+06 3.96977e+06 -4.63911e+07 1.91726e+07 3.50436e+07 6.26785e+07 1.06692e+08 1.69798e+08 2.60839e+08 3.89327e+08 
0.00874891 0.00198793 0.00359428 0.00650634 0.0117942 0.0214101 0.0389347 0.0709552 0.12962 0.237392 0.436198 0.804594 1.48991 2.77247 5.18956 9.77742 18.5498 35.5088 68.6926 134.255 265.869 534.889 1094.56 2279.83 4859.33 10643 23843.4 55081.1 131971 327017 830674 2.1884e+06 6.0108e+06 -6.30247e+07 3.13565e+07 5.99064e+07 1.08088e+08 1.79112e+08 2.82723e+08 4.27886e+08 
0.00310573 0.000705802 0.00127639 0.00231104 0.00419035 0.00760918 0.0138425 0.0252372 0.0461251 0.0845247 0.155413 0.286884 0.531724 0.990502 1.8563 3.50235 6.65624 12.7673 24.7553 48.5218 96.4168 194.745 400.42 839.072 1801.33 3978.86 9015.64 21124.3 51496.8 130504 341867 936216 2.70118e+06 7.70939e+06 -8.90091e+07 4.58178e+07 8.94675e+07 1.57414e+08 2.59288e+08 4.01842e+08 
0.000931215 0.000211658 0.000382837 0.000693312 0.0012574 0.00228393 0.00415626 0.00758039 0.0138603 0.0254124 0.0467529 0.086361 0.160197 0.298702 0.560405 1.05869 2.01518 3.87225 7.52357 14.7845 29.4674 59.7289 123.333 259.832 561.38 1249.34 2859.5 6784.74 16796.4 43428.4 116988 332082 1.00211e+06 3.05505e+06 9.50357e+06 -1.27672e+08 6.4514e+07 1.24629e+08 2.18786e+08 3.52667e+08 
0.000230191 5.23269e-05 9.46597e-05 0.000171455 0.00031101 0.000565042 0.00102852 0.0018764 0.00343206 0.00629512 0.0115869 0.0214144 0.0397485 0.0741702 0.139272 0.26337 0.501928 0.96583 1.87958 3.70099 7.3941 15.029 31.1367 65.8734 143.036 320.202 738.672 1769.93 4434.68 11647.4 32074.2 93706.2 293335 947882 3.19118e+06 1.1094e+07 -1.81571e+08 8.31557e+07 1.62371e+08 2.81971e+08 
4.57835e-05 1.04083e-05 1.88303e-05 3.41104e-05 6.18816e-05 0.000112442 0.000204705 0.000373528 0.000683352 0.00125373 0.00230832 0.00426754 0.00792441 0.0147938 0.0277937 0.052592 0.100306 0.193182 0.376322 0.741924 1.48446 3.02241 6.27464 13.3092 28.9883 65.1288 150.977 363.962 918.791 2437.01 6805.89 20258.9 64967.2 218592 781377 2.98254e+06 1.15724e+07 -2.48003e+08 9.78464e+07 1.99274e+08 
7.15272e-06 1.62616e-06 2.94219e-06 5.33008e-06 9.67041e-06 1.75734e-05 3.19969e-05 5.83929e-05 0.000106843 0.00019606 0.000361054 0.000667663 0.00124015 0.00231597 0.00435278 0.00824013 0.0157245 0.0303031 0.059073 0.116566 0.233467 0.475913 0.989419 2.10238 4.58872 10.3348 24.0349 58.1741 147.578 393.951 1110.24 3345.15 10897.6 37676.5 140539 571720 2.46739e+06 1.06842e+07 -3.28153e+08 1.19784e+08 
8.47642e-07 1.92718e-07 3.48699e-07 6.31739e-07 1.14624e-06 2.08314e-06 3.79322e-06 6.92312e-06 1.26689e-05 2.32508e-05 4.2824e-05 7.92041e-05 0.000147148 0.000274864 0.000516739 0.000978535 0.00186803 0.0036015 0.00702422 0.0138688 0.027797 0.0567078 0.118005 0.251027 0.548613 1.23743 2.88325 6.99438 17.791 47.6509 134.903 408.909 1342.45 4706.09 17976.1 76059.3 353638 1.79586e+06 9.88609e+06 -4.17283e+08 
dt_FE: 2.39644e-09
dt_EA: 2.39644e-09
dt_PE: 2.39644e-09
tolC: 1e-06
dt_grow: 1.03
dt_max: 0.1
steps: 0
