t: 6.0633e-06
dt: 5.37968e-07
N: 0.93853 0.939453 0.939553 0.939196 0.938577 0.937779 0.936818 0.935682 0.934341 0.932756 0.930877 0.928641 0.92597 0.922763 0.918893 0.914192 0.908445 0.901361 0.892557 0.88151 0.867508 0.849578 0.826383 0.796112 0.756383 0.704252 0.636574 0.551085 0.448584 0.335671 0.2255 0.133315 0.0684647 0.0303134 0.0114882 0.00368349 0.00098105 0.000211645 3.58358e-05 4.5865e-06 
eC: 1 1.15749 1.33977 1.55077 1.795 2.07768 2.40489 2.78363 3.22201 3.72944 4.31677 4.99661 5.78351 6.69433 7.7486 8.9689 10.3814 12.0163 13.9087 16.0991 18.6345 21.5692 24.9661 28.8979 33.4489 38.7167 44.814 51.8717 60.0407 69.4963 80.4411 93.1095 107.773 124.746 144.391 167.131 193.452 223.918 259.182 300 
dV: 1.08333 0.211322 0.327712 0.508206 0.788112 1.22218 1.89532 2.93921 4.55805 7.06849 10.9616 16.999 26.3615 40.8807 63.3966 98.3136 152.462 236.434 366.655 568.597 881.764 1367.42 2120.55 3288.49 5099.69 7908.45 12264.2 19019 29494.1 45738.6 70930.1 109996 170579 264529 410225 636165 986546 1.52991e+06 2.37254e+06 3.67926e+06 
kVec: 1.0301e+06 1.19339e+06 1.37488e+06 1.5837e+06 1.82367e+06 2.0984e+06 2.41262e+06 2.77155e+06 3.18051e+06 3.64375e+06 4.16862e+06 4.76183e+06 5.42517e+06 6.16588e+06 6.99003e+06 7.89976e+06 8.88625e+06 9.95715e+06 1.11116e+07 1.23082e+07 1.35478e+07 1.48183e+07 1.60891e+07 1.72809e+07 1.84372e+07 1.96007e+07 2.06412e+07 2.18077e+07 2.33971e+07 2.58634e+07 2.96964e+07 3.61556e+07 4.71157e+07 6.38683e+07 8.9496e+07 1.28173e+08 1.82276e+08 2.48899e+08 3.2919e+08 4.18366e+08 
cMat: 
-60897.9 59.0192 69.3509 80.7817 94.1709 109.935 128.508 150.407 176.332 207.242 244.052 288.008 341.193 405.564 483.658 579.353 698.314 845.86 1029.92 1266.02 1568.17 1956.91 2466.81 3149.4 4059.95 5286.23 7000.51 9378.15 12700.5 17439.8 24286.1 34150.3 48479.8 69709.2 100648 145493 209144 298905 427660 614067 
295.663 -71090.4 78.731 91.7085 106.91 124.808 145.894 170.759 200.194 235.29 277.089 327.001 387.397 460.499 549.19 657.876 792.999 960.601 1169.7 1437.94 1781.27 2223.04 2802.57 3578.5 4613.72 6008.14 7957.86 10662.5 14442.7 19836 27628.5 38858 55173.8 79348.9 114586 165665 238170 340413 487074 699407 
221.615 50.2214 -82607.4 105.431 122.908 143.486 167.731 196.32 230.165 270.521 318.586 375.982 445.439 529.513 631.522 756.537 911.975 1104.79 1345.38 1654.05 2049.17 2557.66 3224.83 4118.27 5310.5 6916.72 9163.12 12280.1 16637.5 22855.9 31842.5 44795.7 63619.7 91515.4 132182 191140 274833 392852 562141 807237 
165.674 37.5446 67.6651 -96105.4 142.273 166.096 194.163 227.261 266.446 313.171 368.822 435.283 515.713 613.075 731.216 876.014 1056.07 1279.44 1558.18 1915.87 2373.8 2963.21 3736.7 4772.73 6155.55 8018.97 10625.8 14243.8 19302.9 26524.8 36964.3 52015.3 73893.1 106320 153600 222158 319485 456724 653587 938605 
124.27 28.162 50.7557 91.5444 -111950 191.222 225.548 264.001 309.527 363.816 428.48 505.708 599.175 712.327 849.638 1017.95 1227.26 1486.97 1811.09 2227.07 2759.73 3445.44 4345.51 5551.38 7161.27 9331.24 12367.8 16583.6 22480.3 30900.5 43075.7 60633.9 86163 124009 179202 259248 372892 533135 762997 1.09579e+06 
93.4262 21.1723 38.1589 68.8252 123.145 -130545 262.386 307.126 360.098 423.271 498.52 588.394 697.177 828.883 988.724 1184.67 1428.39 1730.83 2108.33 2592.93 3213.58 4012.74 5061.98 6468.12 8345.93 10877.8 14422.2 19344.7 26232.4 36071.4 50303 70833.8 100694 144972 209562 303253 436284 623856 892923 1.28249e+06 
70.3413 15.941 28.7308 51.821 93.5555 169.001 -152428 357.704 419.413 493.009 580.679 685.398 812.16 965.649 1151.95 1380.36 1664.5 2017.16 2457.43 3022.73 3746.91 4679.62 5904.56 7546.71 9740.45 12699.4 16843.4 22601 30660.7 42178.8 58845.8 82899.4 117897 169806 245549 355447 511505 731534 1.04717e+06 1.50415e+06 
53.0221 12.0162 21.6574 39.0635 70.525 127.401 230.373 -178258 484.019 574.982 677.261 799.438 947.352 1126.47 1343.91 1610.53 1942.28 2354.1 2868.32 3528.74 4375.02 5465.28 6897.62 8818.55 11385.7 14849.8 19703.5 26450.3 35899.4 49409.7 68968.5 97207.9 138313 199301 288319 417513 600997 859680 1.23077e+06 1.76805e+06 
40.0259 9.07105 16.3495 29.4902 53.2426 96.1835 173.929 311.663 -208828 671.393 790.865 933.592 1106.41 1315.71 1569.82 1881.48 2269.33 2750.89 3352.35 4125.05 5115.49 6391.91 8069.46 10320.3 13329.6 17392.3 23087.9 31009.3 42109.7 57990 80992.1 114220 162611 234433 339306 491559 707821 1.0127e+06 1.45006e+06 2.08331e+06 
30.283 6.86314 12.3702 22.3132 40.286 72.7796 131.612 238.335 432.204 -245019 924.248 1091.13 1293.22 1538.02 1835.27 2199.91 2653.82 3217.55 3921.82 4826.93 5987.55 7483.86 9451.32 12092.5 15625.7 20398.3 27093.9 36412.1 49478.6 68184.6 95297.1 134487 191594 276392 400267 580175 835765 1.19606e+06 1.71293e+06 2.4613e+06 
22.9499 5.2013 9.37511 16.9111 30.5336 55.163 99.7592 180.661 327.633 594.789 -288147 1277.48 1514.23 1801.07 2149.45 2576.9 3109.15 3770.35 4596.66 5659.07 7021.95 8779.83 11092.4 14198.8 18356.9 23977.4 31868.4 42858.6 58281.5 80378.5 112429 158791 226394 326826 473618 686904 989971 1.41716e+06 2.03e+06 2.91735e+06 
17.4224 3.94865 7.11745 12.8391 23.1821 41.8833 75.7471 137.183 248.8 451.706 821.789 -339799 1763.59 2113.77 2523 3025.24 3650.83 4428.24 5400.1 6650.25 8254.74 10325.3 13050.9 16714.5 21621.9 28260.1 37588.1 50590.9 68854 95043.6 133062 188100 268418 387808 562410 816229 1.17697e+06 1.68541e+06 2.41484e+06 3.471e+06 
13.271 3.00785 5.42183 9.7807 17.6607 31.9092 57.7119 104.527 189.587 344.233 626.325 1133.96 -401627 2483.32 2964.6 3555.47 4291.75 5207.07 6351.82 7825.22 9717.31 12160.5 15379 19708.8 25513.3 33372.2 44427.3 59853.4 81543.5 112682 157930 223499 319275 461743 670245 973528 1.4047e+06 2.01232e+06 2.88407e+06 4.14631e+06 
10.137 2.2976 4.14171 7.47173 13.4921 24.3787 44.0949 79.8696 144.877 263.08 478.722 873.381 1595.79 -476234 3491.07 4187.85 5056.49 6136.85 7488.68 9229.76 11467.1 14358.1 18169.7 23302.5 30190.2 39525.3 52673.4 71042.3 96902.1 134074 188155 266613 381343 552143 802320 1.16648e+06 1.68436e+06 2.41409e+06 3.46106e+06 4.97704e+06 
7.76273 1.75952 3.17189 5.72242 10.3338 18.6732 33.7775 61.1867 110.998 201.583 366.865 669.405 1223.31 2241.74 -566943 4892.71 5976.04 7255.47 8857.27 10921.9 13576.9 17010.5 21541.6 27650.1 35856.3 46991.6 62697.3 84669.7 115646 160238 225204 319578 457756 663655 965531 1.4053e+06 2.03094e+06 2.91238e+06 4.17705e+06 6.00828e+06 
5.96546 1.3522 2.43772 4.39815 7.94283 14.3538 25.9664 47.0416 85.3471 155.018 282.163 514.94 941.226 1725.21 3138.88 -677860 7082.27 8602.11 10506.1 12962.3 16123.8 20216.2 25622.6 32920.4 42737 56076.2 74921.4 101329 138619 192393 270862 385028 552435 802160 1.1687e+06 1.70318e+06 2.4639e+06 3.53545e+06 5.07297e+06 7.29929e+06 
4.60749 1.04444 1.883 3.39753 6.13621 11.0899 20.064 36.3528 65.963 119.829 218.151 398.2 728.021 1334.79 2456.7 4538.22 -813584 10215.5 12483.6 15412.5 19186.5 24077.1 30546.7 39293.2 51076.9 67116.1 89821.4 121700 166809 231994 327304 466234 670328 975188 1.42327e+06 2.0774e+06 3.00894e+06 4.32081e+06 6.20323e+06 8.92898e+06 
3.57079 0.809478 1.45949 2.63357 4.75683 8.59784 15.557 28.1905 51.1598 92.9542 169.259 309.025 565.139 1036.48 1908.34 3526.72 6535.98 -982159 14893.5 18402 22928.1 28800.9 36581.6 47119.3 61341.6 80737.2 108258 146984 201912 281478 398081 568426 819201 1.19437e+06 1.74666e+06 2.554e+06 3.70446e+06 5.32424e+06 7.64858e+06 1.10142e+07 
2.77626 0.629399 1.13489 2.04801 3.69951 6.6875 12.102 21.9328 39.8101 72.3469 131.765 240.632 440.199 807.628 1487.58 2750.41 5100.12 9510.1 -1.19387e+06 21953.6 27540.2 34633.1 44046.2 56820.2 74095.8 97707 131297 178687 246081 343980 487827 698505 1.00941e+06 1.47537e+06 2.16255e+06 3.16862e+06 4.60334e+06 6.62278e+06 9.52076e+06 1.37169e+07 
2.1734 0.492761 0.888587 1.6037 2.89722 5.23791 9.48021 17.1843 31.1973 56.7084 103.311 188.727 345.375 633.928 1168.21 2161.13 4010.13 7483.37 13981.4 -1.4584e+06 33108.1 41691.5 53106.6 68635.5 89689.3 118542 159722 218009 301177 422412 601144 863748 1.25248e+06 1.83639e+06 2.69947e+06 3.96549e+06 5.77264e+06 8.3154e+06 1.19646e+07 1.72481e+07 
1.70841 0.387368 0.698601 1.26095 2.27831 4.1196 7.45745 13.5204 24.5513 44.64 81.3501 148.661 272.169 499.806 921.558 1705.94 3167.95 5916.96 11130.4 21010.3 -1.79497e+06 50380.7 64291.3 83269.2 109074 144547 195372 267582 371023 522438 746550 1.07708e+06 1.56817e+06 2.30782e+06 3.40403e+06 5.01567e+06 7.31881e+06 1.05582e+07 1.52072e+07 2.19381e+07 
1.34633 0.305296 0.55065 0.994029 1.79628 3.24855 5.88178 10.666 19.3731 35.2357 64.2345 117.43 215.093 395.21 729.156 1350.76 2510.55 4693.74 8839.24 16708.1 31816.1 -2.229e+06 77349.7 101580 133423 177354 240575 330788 460606 651552 935491 1.35612e+06 1.98377e+06 2.9321e+06 4.34198e+06 6.42029e+06 9.39434e+06 1.35755e+07 1.95765e+07 2.82635e+07 
1.0645 0.241414 0.435482 0.786241 1.42102 2.57039 4.65496 8.44346 15.3406 27.9113 50.9025 93.0989 170.621 313.696 579.178 1073.82 1997.84 3739.44 7051.18 13349.3 25466.2 48516.4 -2.79334e+06 124204 163661 218327 297407 410839 574961 817773 1.18088e+06 1.72171e+06 2.53295e+06 3.76345e+06 5.59975e+06 8.31534e+06 1.22079e+07 1.76776e+07 2.5528e+07 3.68903e+07 
0.844272 0.191492 0.34548 0.623849 1.12773 2.04034 3.696 6.706 12.1881 22.1845 40.4772 74.0705 135.834 249.924 461.823 857.076 1596.46 2992.18 5650.7 10717.8 20490 39580.9 77158.2 -3.52336e+06 200171 268183 367200 510148 718378 1.02871e+06 1.49615e+06 2.19718e+06 3.25579e+06 4.8696e+06 7.28949e+06 1.08827e+07 1.60444e+07 2.32933e+07 3.36972e+07 4.87505e+07 
0.666799 0.151259 0.272937 0.492946 0.891279 1.61294 2.92262 5.30452 9.64451 17.5627 32.061 58.7036 107.73 198.377 366.913 681.676 1271.41 2386.51 4514.53 8580.58 16443.6 31851.2 62288.9 122637 -4.49162e+06 329495 453810 634625 900102 1.29919e+06 1.90552e+06 2.82237e+06 4.21811e+06 6.35897e+06 9.58765e+06 1.44053e+07 2.13441e+07 3.1083e+07 4.50602e+07 6.52745e+07 
0.521265 0.118263 0.213435 0.385558 0.697272 1.26219 2.28779 4.15379 7.55541 13.7653 25.143 46.0663 84.6045 155.933 288.707 537.021 1003.06 1885.91 3574.24 6809.04 13083.5 25420 49889.8 98648.2 197828 -5.79687e+06 557603 788646 1.12781e+06 1.64282e+06 2.43328e+06 3.64025e+06 5.49538e+06 8.36205e+06 1.2715e+07 1.9248e+07 2.86876e+07 4.19287e+07 6.09314e+07 8.83971e+07 
0.402361 0.0913016 0.16481 0.297787 0.538678 0.975409 1.76862 3.21248 5.846 10.657 19.4782 35.7136 65.6495 121.123 224.522 418.207 782.442 1473.93 2799.53 5347.53 10307.5 20098.2 39612.1 78728.9 158813 325011 -7.50154e+06 956655 1.38227e+06 2.03712e+06 3.05595e+06 4.63218e+06 7.08669e+06 1.09192e+07 1.67929e+07 2.56784e+07 3.85741e+07 5.66527e+07 8.25952e+07 1.20053e+08 
0.300902 0.0682912 0.1233 0.222839 0.403214 0.730362 1.32481 2.40741 4.38318 7.99523 14.6234 26.8334 49.3734 91.1959 169.262 315.747 591.814 1117.15 2126.89 4074.59 7880.76 15426.9 30547.1 61059 123980 256612 534044 -9.78979e+06 1.65089e+06 2.46655e+06 3.75696e+06 5.78603e+06 8.9979e+06 1.40814e+07 2.19652e+07 3.4012e+07 5.15967e+07 7.6241e+07 1.116e+08 1.62578e+08 
0.213898 0.0485543 0.087685 0.158513 0.286904 0.519867 0.943379 1.71508 3.12432 5.70269 10.438 19.1695 35.3077 65.2933 121.35 226.73 425.786 805.526 1537.47 2954.66 5735.72 11275.5 22439.5 45131.8 92300.1 192622 405036 866554 -1.29016e+07 2.84673e+06 4.46143e+06 7.00146e+06 1.11035e+07 1.77093e+07 2.81066e+07 4.4197e+07 6.78587e+07 1.01024e+08 1.48605e+08 2.17064e+08 
0.141726 0.0321779 0.0581244 0.105104 0.190293 0.344937 0.626212 1.13902 2.07611 3.79203 6.94626 12.7681 23.5427 43.5916 81.1333 151.844 285.74 541.858 1037.02 1999.61 3897.13 7696.23 15400.4 31185.1 64284.6 135390 288031 624727 1.37363e+06 -1.71818e+07 4.9626e+06 7.97085e+06 1.29559e+07 2.11746e+07 3.43696e+07 5.51408e+07 8.5999e+07 1.29298e+08 1.91416e+08 2.80532e+08 
0.0854968 0.0194154 0.0350795 0.0634503 0.114914 0.20838 0.378467 0.68874 1.2561 2.29588 4.20897 7.74363 14.294 26.5008 49.3962 92.6064 174.634 331.97 637.094 1232.74 2412.43 4786.89 9633.64 19647.8 40844.4 86870.3 187177 412213 932571 2.14978e+06 -2.29998e+07 8.22447e+06 1.37957e+07 2.33002e+07 3.90026e+07 6.43465e+07 1.0259e+08 1.56424e+08 2.33687e+08 3.44048e+08 
0.0458322 0.0104101 0.0188133 0.0340381 0.0616654 0.111863 0.203258 0.370075 0.675317 1.23519 2.26623 4.17313 7.71166 14.3156 26.7225 50.1843 94.8345 180.711 347.768 675.25 1326.87 2645.43 5354.6 10999.9 23063 49544.4 108162 242019 557931 1.31635e+06 3.13539e+06 -3.13355e+07 1.33085e+07 2.34013e+07 4.07189e+07 6.96325e+07 1.14262e+08 1.77507e+08 2.68423e+08 3.97563e+08 
0.0215466 0.00489493 0.00884834 0.0160132 0.0290193 0.0526612 0.0957279 0.174378 0.318386 0.582743 1.07 1.97208 3.64819 6.78084 12.6758 23.845 45.1534 86.2464 166.429 324.257 639.753 1281.53 2608.76 5397.82 11414.6 24768.6 54799.2 124638 293017 708558 1.74168e+06 4.40727e+06 -4.389e+07 2.12856e+07 3.89057e+07 6.95862e+07 1.18451e+08 1.88511e+08 2.89585e+08 4.32234e+08 
0.00884561 0.0020099 0.003634 0.00657825 0.0119245 0.0216467 0.039365 0.0717395 0.131053 0.240016 0.441019 0.813487 1.50638 2.80311 5.24692 9.88549 18.7548 35.9013 69.4519 135.739 268.808 540.801 1106.66 2305.03 4913.04 10760.6 24106.9 55689.9 133430 330631 839855 2.21259e+06 6.07724e+06 -6.19322e+07 3.17031e+07 6.05686e+07 1.09282e+08 1.81091e+08 2.85848e+08 4.32615e+08 
0.00312115 0.000709307 0.00128272 0.00232251 0.00421116 0.00764696 0.0139112 0.0253626 0.0463542 0.0849444 0.156185 0.288308 0.534364 0.99542 1.86551 3.51974 6.68929 12.8307 24.8782 48.7628 96.8956 195.712 402.408 843.239 1810.28 3998.62 9060.41 21229.2 51752.5 131152 343565 940865 2.71459e+06 7.74767e+06 -8.84678e+07 4.60453e+07 8.99118e+07 1.58195e+08 2.60575e+08 4.03838e+08 
0.00093284 0.000212028 0.000383505 0.000694521 0.00125959 0.00228792 0.00416351 0.00759361 0.0138845 0.0254567 0.0468344 0.0865117 0.160476 0.299223 0.561383 1.06054 2.0187 3.879 7.5367 14.8103 29.5188 59.8331 123.548 260.285 562.36 1251.52 2864.49 6796.57 16825.7 43504.2 117192 332661 1.00386e+06 3.06038e+06 9.52015e+06 -1.27701e+08 6.46265e+07 1.24847e+08 2.19168e+08 3.53282e+08 
0.000230301 5.23519e-05 9.4705e-05 0.000171537 0.000311159 0.000565312 0.00102901 0.0018773 0.0034337 0.00629813 0.0115925 0.0214246 0.0397675 0.0742057 0.139339 0.263496 0.502168 0.966293 1.88048 3.70276 7.39764 15.0362 31.1516 65.905 143.105 320.355 739.026 1770.78 4436.81 11652.9 32089.5 93751.1 293475 948336 3.1927e+06 1.10993e+07 -1.82097e+08 8.31955e+07 1.62449e+08 2.82106e+08 
4.57882e-05 1.04093e-05 1.88322e-05 3.41139e-05 6.1888e-05 0.000112453 0.000204726 0.000373567 0.000683423 0.00125386 0.00230856 0.00426798 0.00792523 0.0147953 0.0277966 0.0525974 0.100316 0.193202 0.376361 0.742001 1.48461 3.02272 6.27529 13.3105 28.9913 65.1355 150.992 364 918.886 2437.27 6806.6 20261 64974 218615 781458 2.98285e+06 1.15736e+07 -2.48846e+08 9.78565e+07 1.99294e+08 
7.15284e-06 1.62619e-06 2.94225e-06 5.33018e-06 9.67058e-06 1.75737e-05 3.19975e-05 5.83939e-05 0.000106845 0.000196064 0.00036106 0.000667675 0.00124017 0.00231601 0.00435286 0.00824028 0.0157248 0.0303036 0.059074 0.116568 0.233471 0.475922 0.989437 2.10242 4.5888 10.335 24.0353 58.1752 147.581 393.958 1110.25 3345.21 10897.8 37677.1 140542 571730 2.46744e+06 1.06844e+07 -3.29178e+08 1.19787e+08 
8.47644e-07 1.92719e-07 3.487e-07 6.3174e-07 1.14624e-06 2.08314e-06 3.79322e-06 6.92314e-06 1.26689e-05 2.32509e-05 4.28241e-05 7.92043e-05 0.000147148 0.000274865 0.00051674 0.000978537 0.00186804 0.00360151 0.00702424 0.0138689 0.027797 0.056708 0.118005 0.251028 0.548614 1.23744 2.88325 6.9944 17.791 47.651 134.904 408.91 1342.45 4706.1 17976.1 76059.5 353639 1.79586e+06 9.88611e+06 -4.18364e+08 
dt_FE: 5.37968e-07
dt_EA: 5.37968e-07
dt_PE: 5.37968e-07
tolC: 1e-06
dt_grow: 1.03
dt_max: 0.1
steps: 0
