t: 3.77019e-08
dt: 2.17786e-09
N: 0.0250963 0.0289149 0.0332875 0.0382914 0.0440091 0.0505177 0.0579144 0.066304 0.0757828 0.086427 0.09836 0.111681 0.126382 0.142538 0.160192 0.179247 0.199437 0.220716 0.242839 0.264851 0.286428 0.306981 0.325245 0.339429 0.348979 0.35261 0.3463 0.329831 0.302303 0.262001 0.212237 0.218147 0.125736 0.0422856 0.0166065 0.00541442 0.00145004 0.000313324 5.30836e-05 6.79593e-06 
eC: 1 1.15749 1.33977 1.55077 1.795 2.07768 2.40489 2.78363 3.22201 3.72944 4.31677 4.99661 5.78351 6.69433 7.7486 8.9689 10.3814 12.0163 13.9087 16.0991 18.6345 21.5692 24.9661 28.8979 33.4489 38.7167 44.814 51.8717 60.0407 69.4963 80.4411 93.1095 107.773 124.746 144.391 167.131 193.452 223.918 259.182 300 
dV: 1.08333 0.211322 0.327712 0.508206 0.788112 1.22218 1.89532 2.93921 4.55805 7.06849 10.9616 16.999 26.3615 40.8807 63.3966 98.3136 152.462 236.434 366.655 568.597 881.764 1367.42 2120.55 3288.49 5099.69 7908.45 12264.2 19019 29494.1 45738.6 70930.1 109996 170579 264529 410225 636165 986546 1.52991e+06 2.37254e+06 3.67926e+06 
kVec: 908785 1.05454e+06 1.21627e+06 1.40287e+06 1.61798e+06 1.8652e+06 2.14915e+06 2.47508e+06 2.84855e+06 3.27451e+06 3.76081e+06 4.31519e+06 4.94195e+06 5.65044e+06 6.44976e+06 7.34693e+06 8.34039e+06 9.44368e+06 1.06648e+07 1.19767e+07 1.33909e+07 1.49073e+07 1.65083e+07 1.81279e+07 1.98059e+07 2.15771e+07 2.32742e+07 2.50865e+07 2.72233e+07 3.00019e+07 3.37718e+07 3.97149e+07 4.98155e+07 6.56202e+07 9.0412e+07 1.28394e+08 1.81973e+08 2.48283e+08 3.28407e+08 4.1753e+08 
cMat: 
-160875 936.037 1099.9 1281.19 1493.54 1743.56 2038.12 2385.44 2796.6 3286.82 3870.64 4567.76 5411.27 6432.18 7670.75 9188.45 11075.2 13415.2 16334.4 20078.9 24871 31036.3 39123.3 49949 64390.3 83838.8 111027 148736 201428 276593 385174 541619 768883 1.10558e+06 1.59627e+06 2.30749e+06 3.317e+06 4.7406e+06 6.78263e+06 9.73902e+06 
4742 -190785 1262.73 1470.87 1714.67 2001.73 2339.93 2738.71 3210.81 3773.71 4444.09 5244.6 6213.27 7385.71 8808.19 10551.3 12718.5 15406.6 18760.2 23062.4 28568.9 35654.1 44949 57393.7 73997.2 96361.5 127632 171011 231639 318139 443119 623225 884905 1.27264e+06 1.83778e+06 2.65701e+06 3.81988e+06 5.45972e+06 7.81194e+06 1.12174e+07 
3544.25 803.183 -219384 1686.15 1965.65 2294.76 2682.5 3139.71 3680.99 4326.41 5095.09 6013.03 7123.84 8468.42 10099.8 12099.2 14585.1 17668.8 21516.4 26452.9 32772.1 40904.3 51574.3 65862.8 84930 110618 146544 196394 266080 365530 509252 716411 1.01746e+06 1.46359e+06 2.11396e+06 3.05687e+06 4.39537e+06 6.28282e+06 8.99024e+06 1.291e+07 
2620.41 593.829 1070.23 -252784 2250.28 2627.07 3071.01 3594.5 4214.27 4953.3 5833.52 6884.7 8156.83 9696.78 11565.4 13855.6 16703.4 20236.4 24645.2 30302.5 37545.5 46867.9 59101.9 75488.5 97360 126833 168064 225289 305307 419533 584650 822706 1.16874e+06 1.68162e+06 2.42944e+06 3.51378e+06 5.05317e+06 7.22383e+06 1.03375e+07 1.48455e+07 
1934.16 438.317 789.969 1424.81 -291702 2976.21 3510.46 4108.95 4817.52 5662.49 6668.93 7870.91 9325.64 11086.8 13223.9 15843.5 19101.3 23143.4 28188 34662.4 42952.8 53625.4 67634.2 86402.4 111459 145233 192495 258109 349887 480940 670436 943715 1.34105e+06 1.9301e+06 2.78913e+06 4.03497e+06 5.80374e+06 8.29778e+06 1.18754e+07 1.70551e+07 
1425.66 323.084 582.293 1050.25 1879.16 -336899 4003.93 4686.65 5494.99 6458.99 7607.27 8978.73 10638.7 12648.5 15087.6 18077.7 21796.8 26412 32172.6 39567.4 49038.3 61233.3 77244.4 98701.7 127357 165993 220079 295194 400299 550439 767609 1.0809e+06 1.53657e+06 2.21224e+06 3.19785e+06 4.62756e+06 6.65757e+06 9.51986e+06 1.36258e+07 1.95704e+07 
1048.83 237.69 428.393 772.683 1394.97 2519.91 -389339 5333.58 6253.7 7351.06 8658.28 10219.7 12109.8 14398.4 17176.2 20582 24818.8 30077.1 36641.8 45070.8 55868.8 69776 88040.5 112526 145236 189356 251145 336994 457169 628911 877427 1.23608e+06 1.75791e+06 2.53191e+06 3.66129e+06 5.29992e+06 7.62685e+06 1.09076e+07 1.56139e+07 2.24278e+07 
769.71 174.437 314.395 567.077 1023.8 1849.46 3344.28 -450114 7026.4 8346.88 9831.65 11605.3 13752.5 16352.8 19509.2 23379.8 28195.7 34173.9 41638.7 51226 63511.2 79338.3 100131 128017 165284 215571 286031 383974 521144 717270 1.0012e+06 1.41115e+06 2.00786e+06 2.8932e+06 4.18547e+06 6.06095e+06 8.72454e+06 1.24798e+07 1.78668e+07 2.56663e+07 
563.405 127.684 230.135 415.104 749.442 1353.88 2448.22 4386.96 -520684 9450.53 11132.2 13141.2 15573.8 18520 22096.8 26483.7 31943.1 38721.6 47187.6 58064.2 72005.7 89972.6 113586 145268 187627 244813 324985 436487 592736 816268 1.14005e+06 1.60776e+06 2.28891e+06 3.29988e+06 4.77607e+06 6.91918e+06 9.96329e+06 1.42547e+07 2.04111e+07 2.93246e+07 
411.423 93.2422 168.061 303.146 547.323 988.779 1788.08 3238.01 5871.89 -602261 12556.8 14824 17569.6 20895.4 24933.9 29887.9 36054.7 43713.5 53281.5 65578.5 81346.5 101675 128405 164288 212290 277131 368096 494692 672213 926352 1.2947e+06 1.82713e+06 2.60299e+06 3.75504e+06 5.438e+06 7.88223e+06 1.13547e+07 1.62496e+07 2.32717e+07 3.3439e+07 
299.357 67.8456 122.289 220.588 398.279 719.545 1301.26 2356.54 4273.64 7758.42 -696888 16663.4 19751.6 23493.2 28037.4 33613 40555.6 49180.4 59958.7 73816.8 91594.2 114524 144689 185209 239447 312760 415690 559046 760223 1.04846e+06 1.46653e+06 2.07126e+06 2.95307e+06 4.26312e+06 6.17787e+06 8.95996e+06 1.29132e+07 1.84853e+07 2.64793e+07 3.80538e+07 
216.884 49.1552 88.6023 159.828 288.585 521.388 942.945 1707.74 3097.21 5623.11 10230.1 -806791 21954.2 26313.5 31407.8 37660 45447.7 55125.3 67223.6 82786.3 102760 128535 162465 208072 269163 351799 467920 629785 857135 1.18316e+06 1.65644e+06 2.34159e+06 3.34143e+06 4.82766e+06 7.00122e+06 1.01609e+07 1.46517e+07 2.0981e+07 3.00614e+07 4.32091e+07 
156.609 35.4952 63.9821 115.42 208.411 376.555 681.048 1233.5 2237.28 4062.24 7391.15 13381.7 -934057 29305.2 34984.8 41957.6 50646.2 61447.7 74956.8 92344.1 114672 143504 181484 232580 301078 393819 524279 706320 962281 1.32974e+06 1.86371e+06 2.63747e+06 3.76771e+06 5.44895e+06 7.90944e+06 1.14884e+07 1.65766e+07 2.3747e+07 3.40344e+07 4.89299e+07 
112.538 25.5072 45.9799 82.9489 149.785 270.645 489.528 886.688 1608.38 2920.63 5314.63 9696.01 17716 -1.08202e+06 38756.8 46492.2 56135.6 68129.5 83137 102466 127304 159400 201715 258697 335162 438798 584764 788690 1.07578e+06 1.48845e+06 2.08884e+06 2.95985e+06 4.23356e+06 6.12973e+06 8.90711e+06 1.29499e+07 1.86993e+07 2.68005e+07 3.84237e+07 5.52536e+07 
80.3773 18.2185 32.8425 59.2514 106.999 193.347 349.741 633.543 1149.3 2087.24 3798.61 6931.19 12666.5 23211.5 -1.25427e+06 50660.4 61877.5 75125 91710.5 113088 140579 176131 223048 286296 371265 486563 649184 876692 1.19743e+06 1.65915e+06 2.33182e+06 3.30899e+06 4.73973e+06 6.87166e+06 9.99735e+06 1.45508e+07 2.10289e+07 3.01555e+07 4.32503e+07 6.22113e+07 
57.0598 12.9338 23.3169 42.0684 75.9734 137.295 248.37 449.955 816.347 1482.76 2698.9 4925.41 9002.86 16501.7 30023.5 -1.45629e+06 67742.1 82279.4 100491 123985 154225 193368 245081 314885 408781 536370 716626 969211 1.3259e+06 1.84025e+06 2.59081e+06 3.6828e+06 5.28406e+06 7.67269e+06 1.11787e+07 1.6291e+07 2.35673e+07 3.38167e+07 4.85231e+07 6.98179e+07 
40.2881 9.13259 16.465 29.7081 53.6552 96.9709 175.44 317.87 576.783 1047.79 1907.52 3481.87 6365.84 11671.5 21481.4 39682.3 -1.6916e+06 89324.4 109157 134768 167767 210531 267101 343581 446619 586865 785401 1.06415e+06 1.45859e+06 2.02857e+06 2.86195e+06 4.07676e+06 5.86137e+06 8.52708e+06 1.24451e+07 1.81648e+07 2.63102e+07 3.77813e+07 5.42413e+07 7.80753e+07 
28.2107 6.3952 11.5305 20.8062 37.5808 67.9263 122.907 222.716 404.183 734.375 1337.21 2441.42 4464.82 8188.63 15076.6 27862.4 51636.8 -1.96892e+06 117664 145383 181141 227539 289009 372261 484623 637856 855277 1.16123e+06 1.59518e+06 2.22379e+06 3.145e+06 4.49079e+06 6.47201e+06 9.43599e+06 1.37993e+07 2.01776e+07 2.92667e+07 4.20636e+07 6.04268e+07 8.70166e+07 
19.5646 4.43544 7.99766 14.4325 26.0708 47.1274 85.2838 154.563 280.546 509.835 928.561 1695.76 3102.13 5691.43 10483.1 19382.4 35941 67018.5 -2.29864e+06 154709 194078 244062 310397 400417 522160 688550 925261 1.25922e+06 1.73416e+06 2.42406e+06 3.43776e+06 4.92243e+06 7.11342e+06 1.03971e+07 1.52397e+07 2.23296e+07 3.24402e+07 4.66713e+07 6.70937e+07 9.66645e+07 
13.4844 3.05723 5.51306 9.9498 17.9752 32.4976 58.818 106.616 193.557 351.836 640.972 1170.91 2142.81 3933.07 7247.89 13408.3 24880.1 46429 86744.5 -2.68774e+06 205412 258666 329489 425835 556459 735468 990965 1.35259e+06 1.86859e+06 2.62077e+06 3.72968e+06 5.35895e+06 7.77076e+06 1.13935e+07 1.67483e+07 2.46031e+07 3.58151e+07 5.15912e+07 7.42316e+07 1.07013e+08 
9.2011 2.08628 3.76252 6.79123 12.2705 22.1873 40.1643 72.8179 132.228 240.421 438.134 800.656 1465.85 2691.85 4963.31 9187.85 17061.9 31867.5 59945.7 113157 -3.15509e+06 271340 346259 448470 587447 778500 1.05223e+06 1.44114e+06 1.99825e+06 2.81374e+06 4.02076e+06 5.80094e+06 8.44583e+06 1.24294e+07 1.83334e+07 2.70133e+07 3.94175e+07 5.68642e+07 8.19029e+07 1.18154e+08 
6.20273 1.40655 2.53693 4.57965 8.27574 14.9666 27.0983 49.1401 89.2549 162.336 295.938 541.017 990.969 1820.8 3359.34 6223.15 11566.5 21624.8 40723.7 76977 146582 -3.72174e+06 356362 467997 614701 817099 1.10836e+06 1.52399e+06 2.12208e+06 3.0018e+06 4.30996e+06 6.24787e+06 9.13953e+06 1.35086e+07 2.00042e+07 2.95793e+07 4.32812e+07 6.25447e+07 9.01919e+07 1.30214e+08 
4.13712 0.938242 1.69248 3.05568 5.52271 9.98969 18.0913 32.8151 59.6205 108.476 197.83 361.824 663.109 1219.16 2250.95 4173.35 7764.49 14533.1 27404.1 51881.4 98973.1 188557 -4.42109e+06 482714 636061 848518 1.15586e+06 1.59671e+06 2.23456e+06 3.17823e+06 4.58944e+06 6.69134e+06 9.84416e+06 1.46264e+07 2.17631e+07 3.23171e+07 4.74452e+07 6.8703e+07 9.92133e+07 1.43372e+08 
2.73534 0.620412 1.11931 2.0212 3.65371 6.61044 11.9746 21.7266 39.4878 71.8749 131.141 239.979 440.087 809.722 1496.25 2776.82 5172.34 9694.29 18307.6 34724.3 66385.1 128237 249983 -5.27803e+06 648530 868880 1.18968e+06 1.65282e+06 2.32746e+06 3.3329e+06 4.84736e+06 7.1186e+06 1.05484e+07 1.57769e+07 2.36171e+07 3.52587e+07 5.19818e+07 7.54674e+07 1.09175e+08 1.57946e+08 
1.7819 0.404212 0.729374 1.31731 2.38178 4.31028 7.81016 14.1753 25.7731 46.9331 85.6771 156.874 287.888 530.125 980.507 1821.65 3397.61 6377.5 12064.2 22930 43942.4 85116.4 166456 327724 -6.35846e+06 880515 1.21272e+06 1.69592e+06 2.40535e+06 3.47185e+06 5.09215e+06 7.54226e+06 1.12721e+07 1.69932e+07 2.56212e+07 3.84955e+07 5.70382e+07 8.30635e+07 1.20415e+08 1.74434e+08 
1.14105 0.258877 0.467209 0.843984 1.52632 2.76293 5.00796 9.09263 16.5387 30.1322 55.038 100.839 185.199 341.337 631.978 1175.54 2195.69 4128.24 7823.98 14905 28639.8 55644.3 109208 215940 433045 -7.75653e+06 1.22059e+06 1.72634e+06 2.46876e+06 3.59613e+06 5.32643e+06 7.96849e+06 1.20294e+07 1.83045e+07 2.7833e+07 4.21337e+07 6.27971e+07 9.17816e+07 1.33379e+08 1.93501e+08 
0.723732 0.164225 0.296446 0.535633 0.968928 1.75448 3.18124 5.77834 10.5153 19.1689 35.0357 64.2385 118.085 217.866 403.851 752.235 1407.39 2651.19 5035.55 9618.68 18540.2 36150.9 71250.8 141611 285659 584602 -9.52382e+06 1.72075e+06 2.48632e+06 3.6642e+06 5.49679e+06 8.33197e+06 1.27469e+07 1.96405e+07 3.02056e+07 4.6188e+07 6.93837e+07 1.01902e+08 1.48565e+08 2.1594e+08 
0.449205 0.101949 0.18407 0.332669 0.601944 1.09033 1.97776 3.59394 6.54349 11.9358 21.8308 40.0587 73.7077 136.143 252.685 471.367 883.498 1667.76 3175.16 6082.81 11764.9 23030.2 45602.7 91152.7 185085 383087 797255 -1.1844e+07 2.46456e+06 3.68223e+06 5.60863e+06 8.63775e+06 1.34326e+07 2.10217e+07 3.2791e+07 5.07752e+07 7.70268e+07 1.13817e+08 1.66604e+08 2.42706e+08 
0.270641 0.0614349 0.110946 0.200564 0.363015 0.657778 1.19364 2.17006 3.95315 7.21551 13.2071 24.2548 44.6742 82.6144 153.542 286.877 538.739 1019.22 1945.34 3738.48 7257.3 14266.7 28392.3 57104.5 116786 243721 512484 1.09643e+06 -1.49532e+07 3.60192e+06 5.64496e+06 8.85882e+06 1.40491e+07 2.24072e+07 3.55628e+07 5.59217e+07 8.58603e+07 1.27824e+08 1.88027e+08 2.74647e+08 
0.157443 0.0357462 0.0645701 0.116759 0.211396 0.383189 0.695655 1.26533 2.30634 4.21255 7.71656 14.184 26.1535 48.4256 90.1305 168.683 317.428 601.948 1152.02 2221.36 4329.3 8549.69 17108.2 34643.4 71413.4 150404 319972 694006 1.52596e+06 -1.92024e+07 5.51292e+06 8.85477e+06 1.43926e+07 2.35227e+07 3.8181e+07 6.12556e+07 9.55358e+07 1.43636e+08 2.12643e+08 3.11642e+08 
0.086961 0.0197479 0.0356802 0.0645369 0.116882 0.211948 0.384948 0.700535 1.27761 2.3352 4.28105 7.87624 14.5388 26.9546 50.2422 94.1923 177.625 337.655 648.004 1253.85 2453.74 4868.87 9798.62 19984.3 41543.9 88358 190383 419272 948541 2.18659e+06 -2.49583e+07 8.36531e+06 1.4032e+07 2.36992e+07 3.96705e+07 6.54484e+07 1.04347e+08 1.59103e+08 2.37689e+08 3.49939e+08 
0.0413461 0.00939111 0.0169719 0.0307064 0.0556295 0.100913 0.183363 0.333852 0.609217 1.11429 2.04441 3.76466 6.95683 12.9143 24.1069 45.2722 85.552 163.023 313.728 609.156 1196.99 2386.49 4830.49 9923.19 20805.6 44695 97575.2 218330 503320 1.18751e+06 2.82849e+06 -3.36191e+07 1.20058e+07 2.11107e+07 3.67332e+07 6.28168e+07 1.03078e+08 1.60133e+08 2.42149e+08 3.58649e+08 
0.0202219 0.00459398 0.00830434 0.0150287 0.0272352 0.0494236 0.0898425 0.163657 0.298812 0.546915 1.00422 1.85084 3.4239 6.36395 11.8965 22.379 42.3773 80.9439 156.197 304.321 600.421 1202.74 2448.37 5065.96 10712.8 23245.8 51430.1 116975 275002 664995 1.6346e+06 4.1363e+06 -4.56787e+07 1.99769e+07 3.65137e+07 6.53079e+07 1.11168e+08 1.76921e+08 2.71781e+08 4.0566e+08 
0.00873639 0.00198508 0.00358914 0.00649703 0.0117773 0.0213795 0.038879 0.0708537 0.129435 0.237053 0.435574 0.803443 1.48778 2.7685 5.18214 9.76344 18.5232 35.4581 68.5944 134.063 265.489 534.124 1093 2276.57 4852.38 10627.8 23809.3 55002.4 131783 326549 829486 2.18527e+06 6.00221e+06 -6.28632e+07 3.13116e+07 5.98208e+07 1.07933e+08 1.78855e+08 2.82319e+08 4.27274e+08 
0.00310499 0.000705634 0.00127608 0.00231049 0.00418935 0.00760737 0.0138392 0.0252312 0.0461141 0.0845046 0.155376 0.286816 0.531597 0.990266 1.85585 3.50152 6.65466 12.7642 24.7494 48.5103 96.3939 194.698 400.325 838.872 1800.91 3977.91 9013.5 21119.3 51484.6 130473 341786 935993 2.70053e+06 7.70756e+06 -8.89394e+07 4.58069e+07 8.94462e+07 1.57376e+08 2.59226e+08 4.01747e+08 
0.000931219 0.000211659 0.000382838 0.000693315 0.0012574 0.00228394 0.00415628 0.00758042 0.0138604 0.0254125 0.046753 0.0863614 0.160197 0.298703 0.560408 1.05869 2.01519 3.87226 7.5236 14.7846 29.4675 59.7291 123.334 259.833 561.383 1249.35 2859.51 6784.76 16796.5 43428.6 116988 332083 1.00211e+06 3.05507e+06 9.50361e+06 -1.27713e+08 6.45142e+07 1.2463e+08 2.18787e+08 3.52669e+08 
0.000230193 5.23274e-05 9.46605e-05 0.000171457 0.000311013 0.000565047 0.00102853 0.00187642 0.00343209 0.00629517 0.011587 0.0214146 0.0397488 0.0741708 0.139274 0.263372 0.501933 0.965839 1.87959 3.70102 7.39417 15.0291 31.137 65.874 143.038 320.205 738.679 1769.95 4434.72 11647.5 32074.5 93707 293337 947891 3.19121e+06 1.10941e+07 -1.81713e+08 8.31564e+07 1.62372e+08 2.81974e+08 
4.57836e-05 1.04083e-05 1.88303e-05 3.41105e-05 6.18817e-05 0.000112442 0.000204706 0.000373529 0.000683353 0.00125373 0.00230832 0.00426754 0.00792443 0.0147938 0.0277938 0.0525921 0.100306 0.193182 0.376323 0.741926 1.48446 3.02241 6.27465 13.3092 28.9884 65.1289 150.977 363.963 918.793 2437.02 6805.9 20258.9 64967.4 218593 781378 2.98255e+06 1.15724e+07 -2.48206e+08 9.78466e+07 1.99274e+08 
7.15272e-06 1.62616e-06 2.9422e-06 5.33008e-06 9.67041e-06 1.75734e-05 3.19969e-05 5.83929e-05 0.000106844 0.00019606 0.000361054 0.000667664 0.00124015 0.00231597 0.00435278 0.00824014 0.0157245 0.0303031 0.059073 0.116566 0.233467 0.475913 0.98942 2.10238 4.58872 10.3348 24.0349 58.1742 147.578 393.951 1110.24 3345.15 10897.6 37676.5 140539 571720 2.46739e+06 1.06842e+07 -3.2839e+08 1.19784e+08 
8.47642e-07 1.92718e-07 3.48699e-07 6.31739e-07 1.14624e-06 2.08314e-06 3.79322e-06 6.92312e-06 1.26689e-05 2.32508e-05 4.2824e-05 7.92041e-05 0.000147148 0.000274864 0.000516739 0.000978535 0.00186803 0.0036015 0.00702422 0.0138688 0.027797 0.0567078 0.118005 0.251027 0.548613 1.23743 2.88325 6.99438 17.791 47.6509 134.903 408.909 1342.45 4706.09 17976.1 76059.3 353638 1.79586e+06 9.88609e+06 -4.17527e+08 
dt_FE: 2.17786e-09
dt_EA: 2.17786e-09
dt_PE: 2.17786e-09
tolC: 1e-06
dt_grow: 1.03
dt_max: 0.1
steps: 0
