t: 1.30783e-07
dt: 2.39133e-09
N: 0.0974859 0.111551 0.127414 0.145255 0.165236 0.187457 0.212046 0.239097 0.268605 0.300421 0.334485 0.37056 0.408015 0.44643 0.485227 0.523469 0.559921 0.593957 0.62459 0.649909 0.669341 0.681969 0.686217 0.680143 0.662914 0.632509 0.585164 0.519858 0.436325 0.337849 0.234562 0.143015 0.0740722 0.0329005 0.0124907 0.00400761 0.00106779 0.000230433 3.90257e-05 4.99562e-06 
eC: 1 1.15749 1.33977 1.55077 1.795 2.07768 2.40489 2.78363 3.22201 3.72944 4.31677 4.99661 5.78351 6.69433 7.7486 8.9689 10.3814 12.0163 13.9087 16.0991 18.6345 21.5692 24.9661 28.8979 33.4489 38.7167 44.814 51.8717 60.0407 69.4963 80.4411 93.1095 107.773 124.746 144.391 167.131 193.452 223.918 259.182 300 
dV: 1.08333 0.211322 0.327712 0.508206 0.788112 1.22218 1.89532 2.93921 4.55805 7.06849 10.9616 16.999 26.3615 40.8807 63.3966 98.3136 152.462 236.434 366.655 568.597 881.764 1367.42 2120.55 3288.49 5099.69 7908.45 12264.2 19019 29494.1 45738.6 70930.1 109996 170579 264529 410225 636165 986546 1.52991e+06 2.37254e+06 3.67926e+06 
kVec: 999314 1.15836e+06 1.33512e+06 1.53869e+06 1.77289e+06 2.04137e+06 2.34889e+06 2.70076e+06 3.10244e+06 3.55844e+06 4.07637e+06 4.66332e+06 5.32181e+06 6.05971e+06 6.88394e+06 7.7978e+06 8.79415e+06 9.88182e+06 1.10617e+07 1.22946e+07 1.3583e+07 1.49161e+07 1.62637e+07 1.75469e+07 1.88055e+07 2.00774e+07 2.1221e+07 2.24722e+07 2.41116e+07 2.65759e+07 3.03455e+07 3.66904e+07 4.75069e+07 6.41059e+07 8.9594e+07 1.28154e+08 1.8217e+08 2.48742e+08 3.29007e+08 4.18177e+08 
cMat: 
-105888 866.533 1018.23 1186.05 1382.64 1614.1 1886.78 2208.31 2588.94 3042.77 3583.23 4228.59 5009.47 5954.58 7101.18 8506.18 10252.8 12419.1 15121.6 18588 23024.2 28731.8 36218.3 46240.2 59609.1 77613.5 102783 137692 186472 256055 356573 501402 711791 1.02349e+06 1.47774e+06 2.13615e+06 3.0707e+06 4.3886e+06 6.27899e+06 9.01587e+06 
4338.47 -126598 1155.27 1345.7 1568.76 1831.39 2140.81 2505.66 2937.58 3452.58 4065.91 4798.3 5684.54 6757.21 8058.64 9653.46 11636.2 14095.5 17163.8 21099.9 26137.8 32620.1 41124 52509.7 67700.3 88161.5 116771 156459 211927 291067 405411 570190 809603 1.16434e+06 1.68139e+06 2.43091e+06 3.49482e+06 4.99512e+06 7.14717e+06 1.02629e+07 
3199.16 724.979 -144944 1521.97 1774.26 2071.32 2421.31 2834 3322.58 3905.16 4598.99 5427.56 6430.21 7643.87 9116.44 10921.1 13165 15948.4 19421.4 23877.3 29581.2 36921.5 46552.6 59449.9 76660.5 99847.4 132276 177271 240173 329939 459667 646655 918393 1.32109e+06 1.90813e+06 2.75923e+06 3.9674e+06 5.67107e+06 8.11488e+06 1.1653e+07 
2328.96 527.782 951.2 -166378 2000 2334.88 2729.44 3194.71 3745.55 4402.39 5184.7 6118.97 7249.61 8618.28 10279 12314.5 14845.6 17985.7 21904.1 26932.2 33369.6 41655.1 52528.5 67092.5 86531.4 112726 149372 200232 271350 372872 519624 731203 1.03875e+06 1.49459e+06 2.15923e+06 3.12297e+06 4.49114e+06 6.42038e+06 9.18777e+06 1.31944e+07 
1688.89 382.736 689.795 1244.13 -191330 2598.8 3065.31 3587.9 4206.62 4944.44 5823.26 6872.82 8143.08 9680.88 11547 13834.4 16679.1 20208.6 24613.6 30266.9 37506.1 46825.3 59057.6 75446 97325.2 126816 168085 225379 305519 419953 585420 824045 1.171e+06 1.68534e+06 2.43545e+06 3.5233e+06 5.06778e+06 7.24556e+06 1.03695e+07 1.48924e+07 
1220.04 276.487 498.312 898.78 1608.14 -220266 3426.47 4010.72 4702.48 5527.44 6510.1 7683.77 9104.35 10824.3 12911.6 15470.5 18653.2 22602.7 27532.5 33860.8 41965.8 52401.9 66103.8 84466.4 108988 142052 188338 252620 342566 471052 656900 925009 1.31496e+06 1.89318e+06 2.73664e+06 3.96015e+06 5.69738e+06 8.14685e+06 1.16606e+07 1.67478e+07 
877.235 198.802 358.305 646.267 1166.74 2107.64 -253763 4460.97 5230.55 6148.38 7241.73 8547.68 10128.6 12042.7 14366.1 17214.6 20758.2 25156.3 30647 37696.9 46728.3 58360.1 73636.5 94116 121474 158376 210056 281859 382373 526017 733874 1.03385e+06 1.47031e+06 2.11768e+06 3.06228e+06 4.43282e+06 6.37904e+06 9.12306e+06 1.30594e+07 1.87585e+07 
627.265 142.155 256.212 462.132 834.329 1507.19 2725.37 -292472 5726.07 6802.18 8012.17 9457.56 11207.4 13326.5 15898.8 19053 22977.7 27849.6 33932.9 41746 51757.6 64655.7 81600.6 104326 134696 175677 233097 312914 424700 584530 815915 1.14999e+06 1.63628e+06 2.35778e+06 3.41089e+06 4.93929e+06 7.10995e+06 1.01702e+07 1.45603e+07 2.09164e+07 
445.86 101.045 182.121 328.5 593.084 1071.42 1937.44 3471.7 -337334 7478.84 8809.67 10399.6 12324.6 14656.1 17486.7 20958.3 25278.7 30643 37342.8 45950.1 56983 71201.4 89888.1 114960 148482 193737 257183 345422 469072 645968 902195 1.27233e+06 1.81137e+06 2.61142e+06 3.77963e+06 5.47562e+06 7.88462e+06 1.12807e+07 1.61527e+07 2.32065e+07 
315.052 71.4013 128.695 232.137 419.119 757.168 1369.24 2479.54 4496.47 -389124 9615.5 11351.6 13454.1 16000.9 19093.4 22887 27609.3 33474.1 40800.9 50217.4 62292 77859 98327.6 125805 162563 212216 281873 378816 514755 709365 991432 1.39915e+06 1.99327e+06 2.87546e+06 4.16421e+06 6.0359e+06 8.69495e+06 1.24433e+07 1.78206e+07 2.56063e+07 
220.96 50.078 90.2633 162.82 293.976 531.108 960.478 1739.4 3154.44 5726.61 -449160 12299.5 14579 17340.7 20694.8 24810.3 29934.8 36300.9 44256.5 54485.4 67607.1 84531.9 106798 136706 176740 230853 306828 412641 561133 773882 1.08247e+06 1.52883e+06 2.17971e+06 3.14667e+06 4.55998e+06 6.61349e+06 9.53141e+06 1.36443e+07 1.95448e+07 2.80881e+07 
153.679 34.8301 62.7813 113.25 204.484 369.442 668.146 1210.06 2194.6 3984.39 7248.8 -518963 15556.2 18645.1 22254.7 26684.9 32203 39060.4 47632.9 58660.2 72813 91076.8 115118 147435 190722 249275 331556 446250 607344 838356 1.17371e+06 1.65919e+06 2.36765e+06 3.42076e+06 4.96088e+06 7.19976e+06 1.03818e+07 1.48666e+07 2.13007e+07 3.06169e+07 
106.122 24.0524 43.3558 78.2117 141.224 255.163 461.495 835.85 1516.04 2752.67 5008.42 9067.75 -600113 19857.9 23706.5 28431.5 34319.1 41638.5 50792.5 62574.6 77704.8 97241.9 122978 157602 204018 266861 355264 478620 652065 901061 1.26289e+06 1.78722e+06 2.55309e+06 3.69234e+06 5.35963e+06 7.78484e+06 1.12327e+07 1.60915e+07 2.30625e+07 3.31561e+07 
72.6532 16.4672 29.6842 53.551 96.6996 174.726 316.035 572.438 1038.35 1885.53 3431.08 6259.65 11437.3 -695094 25021 30014.9 36240.6 43983.8 53672.5 66151.1 82186.4 102907 130225 167012 216378 283284 377518 509171 694512 960927 1.34853e+06 1.91085e+06 2.73314e+06 3.9573e+06 5.75035e+06 8.36034e+06 1.20721e+07 1.73022e+07 2.4806e+07 3.56712e+07 
49.2685 11.1673 20.1313 36.319 65.5864 118.515 214.379 388.34 704.483 1279.41 2328.42 4248.58 7764.14 14227.9 -806799 31053.1 37928.7 46049 56215.4 69318.8 86169.9 107962 136721 175490 227573 298246 397927 537382 733985 1.017e+06 1.42933e+06 2.0283e+06 2.90529e+06 4.21209e+06 6.12803e+06 8.91916e+06 1.289e+07 1.84843e+07 2.65109e+07 3.81334e+07 
33.129 7.50941 13.5378 24.425 44.1103 79.7136 144.204 261.245 473.973 860.891 1566.99 2859.71 5227.08 9580.92 17431.7 -939654 39331.2 47771.6 58345.5 71986.1 89543.3 112270 142295 182823 237339 311418 416075 562726 769820 1.06845e+06 1.50423e+06 2.13824e+06 3.06794e+06 4.45478e+06 6.49036e+06 9.45857e+06 1.36832e+07 1.96341e+07 2.81726e+07 4.05364e+07 
22.1468 5.02029 9.05099 16.3309 29.4949 53.3059 96.4415 174.737 317.064 575.983 1048.59 1914.02 3499.37 6415.93 11808.6 21813.8 -1.09751e+06 49102.6 60004.6 74083.3 92223.4 115731 146828 188870 245511 322606 431744 584975 801801 1.11513e+06 1.57325e+06 2.24104e+06 3.22206e+06 4.68743e+06 6.8412e+06 9.9854e+06 1.4463e+07 2.07688e+07 2.9817e+07 4.29188e+07 
14.6991 3.3322 6.00795 10.841 19.5814 35.3928 64.0401 116.045 210.598 382.644 696.75 1272.09 2326.38 4266.66 7855.63 14517.6 26905.2 -1.28812e+06 61308.6 75751.3 94382.8 118558 150587 193965 252511 332353 445639 605057 831163 1.1587e+06 1.63869e+06 2.33991e+06 3.37222e+06 4.91659e+06 7.19007e+06 1.05135e+07 1.52493e+07 2.19171e+07 3.14852e+07 4.53397e+07 
9.70037 2.19915 3.96534 7.15583 12.9262 23.3664 42.2848 76.6341 139.098 252.783 460.393 840.778 1538.08 2821.89 5197.66 9610.04 17820 33228.7 -1.52151e+06 76706.9 96226.6 121009 153899 198532 258894 341392 458757 624340 859818 1.20188e+06 1.70449e+06 2.4406e+06 3.52693e+06 5.15501e+06 7.55605e+06 1.10713e+07 1.60843e+07 2.31403e+07 3.32659e+07 4.79275e+07 
6.42151 1.45591 2.62541 4.73827 8.56011 15.4759 28.0102 50.7725 92.1752 167.55 305.242 557.61 1020.44 1873 3451.57 6385.27 11848.3 22110.3 41309.3 -1.8066e+06 97820.9 123181 156908 202790 264995 350243 471915 644129 889856 1.24806e+06 1.77614e+06 2.55202e+06 3.70057e+06 5.42579e+06 7.97585e+06 1.17164e+07 1.70558e+07 2.45686e+07 3.53504e+07 5.09612e+07 
4.26366 0.96675 1.74349 3.14695 5.68597 10.2813 18.6115 33.7427 61.2724 111.408 203.025 371.012 679.251 1247.36 2299.92 4257.51 7906.23 14766.9 27778 52435.3 -2.16228e+06 125735 160451 207814 272214 360745 487589 667803 925959 1.30384e+06 1.86316e+06 2.68807e+06 3.91367e+06 5.75961e+06 8.49541e+06 1.25176e+07 1.82655e+07 2.635e+07 3.79526e+07 5.47507e+07 
2.84647 0.645474 1.16421 2.10163 3.79779 6.86825 12.4356 22.5507 40.9596 74.4971 135.808 248.276 454.762 835.575 1541.62 2855.84 5307.94 9923.76 18688.4 35325.2 67267.2 -2.61252e+06 163537 214767 282090 374972 508635 699369 973837 1.37755e+06 1.97787e+06 2.86719e+06 4.19419e+06 6.1992e+06 9.18005e+06 1.35741e+07 1.9862e+07 2.87021e+07 4.13896e+07 5.97562e+07 
1.9239 0.436314 0.787058 1.42099 2.56825 4.64554 8.41304 15.2601 27.7255 50.4448 91.9975 168.26 308.368 566.951 1046.77 1940.75 3610.74 6758.39 12743.8 24126.6 46025.8 87685.1 -3.19058e+06 224478 295790 394589 537511 742521 1.03914e+06 1.47798e+06 2.13424e+06 3.1117e+06 4.57786e+06 6.80178e+06 1.01206e+07 1.50285e+07 2.20636e+07 3.19492e+07 4.61375e+07 6.66729e+07 
1.32449 0.300411 0.541986 0.978689 1.76917 3.20086 5.79825 10.5203 19.1205 34.8028 63.5003 116.201 213.096 392.078 724.504 1344.57 2504.51 4694.1 8864.77 16814 32144.5 62094.1 121045 -3.9297e+06 314027 420723 576060 800316 1.12698e+06 1.61383e+06 2.34715e+06 3.44692e+06 5.10765e+06 7.63939e+06 1.14357e+07 1.70727e+07 2.51703e+07 3.65423e+07 5.28639e+07 7.64794e+07 
0.922631 0.209293 0.377656 0.682075 1.23324 2.23178 4.04395 7.33972 13.3448 24.301 44.3619 81.2265 149.063 274.488 507.688 943.216 1759.21 3302.15 6246.63 11872.7 22752.5 44071.6 86187.4 169689 -4.90074e+06 455913 627924 878113 1.24545e+06 1.79765e+06 2.63662e+06 3.90524e+06 5.83648e+06 8.79873e+06 1.32662e+07 1.99322e+07 2.95333e+07 4.30086e+07 6.23486e+07 9.03185e+07 
0.647714 0.146951 0.265211 0.479087 0.866416 1.56837 2.84276 5.16142 9.3882 17.1045 31.2423 57.2411 105.128 193.76 358.742 667.292 1246.38 2343.39 4441.28 8460.78 16257.4 31586.4 61992.1 122578 245817 -6.20254e+06 692867 979957 1.40139e+06 2.04134e+06 3.02354e+06 4.52331e+06 6.82845e+06 1.03905e+07 1.57994e+07 2.39172e+07 3.56467e+07 5.20997e+07 7.57122e+07 1.09841e+08 
0.459279 0.104217 0.188124 0.339912 0.61488 1.11339 2.01881 3.66692 6.67298 12.1645 22.2336 40.7656 74.9363 138.258 256.283 477.367 893.126 1682.44 3195.55 6103.99 11765.5 22941.3 45215.6 89865.9 181279 370987 -7.89772e+06 1.09198e+06 1.57781e+06 2.32529e+06 3.48825e+06 5.28745e+06 8.08917e+06 1.24638e+07 1.91684e+07 2.93108e+07 4.40307e+07 6.46668e+07 9.42792e+07 1.37035e+08 
0.321833 0.0730417 0.131877 0.23834 0.431262 0.781167 1.41697 2.57488 4.68808 8.55139 15.6406 28.7 52.8079 97.5397 181.036 337.711 632.982 1194.86 2274.84 4358.03 8428.95 16500 32672 65306.3 132604 274462 571193 -1.01731e+07 1.76573e+06 2.63813e+06 4.0183e+06 6.18851e+06 9.6238e+06 1.5061e+07 2.34931e+07 3.63779e+07 5.51858e+07 8.15445e+07 1.19363e+08 1.73887e+08 
0.218653 0.0496337 0.0896342 0.162037 0.293282 0.531424 0.96435 1.75321 3.19378 5.82946 10.6701 19.5956 36.0926 66.7448 124.048 231.77 435.251 823.433 1571.65 3020.35 5863.23 11526.1 22938.4 46135.1 94352 196904 414040 885817 -1.32714e+07 2.91002e+06 4.5606e+06 7.15711e+06 1.13503e+07 1.81029e+07 2.87314e+07 4.51795e+07 6.93672e+07 1.0327e+08 1.51909e+08 2.2189e+08 
0.141261 0.0320724 0.0579339 0.104759 0.189669 0.343806 0.624159 1.13529 2.0693 3.7796 6.92349 12.7263 23.4656 43.4487 80.8673 151.346 284.804 540.082 1033.62 1993.06 3884.36 7671 15349.9 31082.9 64073.8 134946 287086 622680 1.36913e+06 -1.75378e+07 4.94633e+06 7.94472e+06 1.29134e+07 2.11051e+07 3.42569e+07 5.496e+07 8.57171e+07 1.28874e+08 1.90788e+08 2.79613e+08 
0.0844965 0.0191882 0.0346691 0.0627079 0.11357 0.205942 0.374039 0.680682 1.24141 2.26902 4.15972 7.65303 14.1268 26.1907 48.8183 91.5229 172.591 328.086 629.64 1218.32 2384.2 4730.88 9520.93 19417.9 40366.5 85853.9 184987 407390 921660 2.12463e+06 -2.33323e+07 8.12824e+06 1.36343e+07 2.30276e+07 3.85463e+07 6.35936e+07 1.0139e+08 1.54594e+08 2.30953e+08 3.40022e+08 
0.0453192 0.0102936 0.0186028 0.0336572 0.0609752 0.110611 0.200983 0.365933 0.667759 1.22137 2.24087 4.12643 7.62535 14.1553 26.4234 49.6226 93.7731 178.688 343.876 667.693 1312.02 2615.82 5294.68 10876.8 22804.9 48989.9 106952 239310 551686 1.30162e+06 3.1003e+06 -3.16219e+07 1.31595e+07 2.31394e+07 4.02631e+07 6.88532e+07 1.12983e+08 1.75521e+08 2.65419e+08 3.93114e+08 
0.0214169 0.00486546 0.00879508 0.0159168 0.0288446 0.0523442 0.0951517 0.173328 0.31647 0.579235 1.06356 1.96021 3.62623 6.74002 12.5995 23.7015 44.8816 85.7272 165.428 322.305 635.902 1273.81 2593.05 5365.33 11345.9 24619.5 54469.3 123888 291253 704293 1.7312e+06 4.38074e+06 -4.40911e+07 2.11574e+07 3.86715e+07 6.91673e+07 1.17738e+08 1.87376e+08 2.87842e+08 4.29632e+08 
0.00882201 0.00200454 0.00362431 0.0065607 0.0118927 0.021589 0.03926 0.0715481 0.130703 0.239376 0.439843 0.811316 1.50236 2.79563 5.23292 9.85912 18.7048 35.8055 69.2666 135.377 268.091 539.358 1103.71 2298.88 4899.93 10731.9 24042.6 55541.4 133074 329749 837615 2.20669e+06 6.06102e+06 -6.20433e+07 3.16185e+07 6.0407e+07 1.08991e+08 1.80608e+08 2.85086e+08 4.31461e+08 
0.00311798 0.000708587 0.00128142 0.00232016 0.00420689 0.00763921 0.0138971 0.0253368 0.0463072 0.0848583 0.156027 0.288016 0.533822 0.994411 1.86362 3.51617 6.68251 12.8177 24.853 48.7133 96.7973 195.513 402 842.383 1808.44 3994.56 9051.22 21207.7 51700 131019 343217 939910 2.71184e+06 7.73982e+06 -8.8493e+07 4.59986e+07 8.98206e+07 1.58035e+08 2.60311e+08 4.03428e+08 
0.000932536 0.000211959 0.00038338 0.000694295 0.00125918 0.00228717 0.00416216 0.00759114 0.01388 0.0254485 0.0468192 0.0864835 0.160424 0.299125 0.5612 1.06019 2.01804 3.87774 7.53424 14.8055 29.5092 59.8136 123.508 260.2 562.177 1251.11 2863.56 6794.36 16820.3 43490 117154 332553 1.00353e+06 3.05939e+06 9.51705e+06 -1.27646e+08 6.46055e+07 1.24806e+08 2.19097e+08 3.53167e+08 
0.000230281 5.23474e-05 9.46967e-05 0.000171522 0.000311132 0.000565263 0.00102892 0.00187714 0.0034334 0.00629758 0.0115915 0.0214228 0.0397641 0.0741992 0.139327 0.263473 0.502125 0.966209 1.88031 3.70244 7.397 15.0349 31.1489 65.8992 143.092 320.327 738.961 1770.62 4436.42 11651.9 32086.7 93742.9 293450 948254 3.19243e+06 1.10983e+07 -1.81977e+08 8.31882e+07 1.62434e+08 2.82082e+08 
4.57874e-05 1.04091e-05 1.88319e-05 3.41133e-05 6.18868e-05 0.000112451 0.000204723 0.00037356 0.00068341 0.00125384 0.00230851 0.0042679 0.00792508 0.014795 0.0277961 0.0525964 0.100314 0.193198 0.376354 0.741987 1.48458 3.02266 6.27517 13.3103 28.9908 65.1343 150.989 363.993 918.869 2437.22 6806.47 20260.6 64972.8 218611 781443 2.98279e+06 1.15734e+07 -2.48685e+08 9.78547e+07 1.99291e+08 
7.15282e-06 1.62618e-06 2.94224e-06 5.33016e-06 9.67055e-06 1.75736e-05 3.19974e-05 5.83938e-05 0.000106845 0.000196063 0.000361059 0.000667673 0.00124017 0.002316 0.00435285 0.00824025 0.0157247 0.0303035 0.0590738 0.116567 0.23347 0.47592 0.989434 2.10241 4.58879 10.3349 24.0352 58.175 147.58 393.956 1110.25 3345.2 10897.8 37677 140541 571728 2.46743e+06 1.06844e+07 -3.28995e+08 1.19786e+08 
8.47644e-07 1.92718e-07 3.487e-07 6.3174e-07 1.14624e-06 2.08314e-06 3.79322e-06 6.92313e-06 1.26689e-05 2.32509e-05 4.28241e-05 7.92043e-05 0.000147148 0.000274865 0.00051674 0.000978537 0.00186804 0.00360151 0.00702423 0.0138689 0.027797 0.0567079 0.118005 0.251028 0.548614 1.23744 2.88325 6.9944 17.791 47.651 134.903 408.91 1342.45 4706.1 17976.1 76059.4 353639 1.79586e+06 9.8861e+06 -4.18175e+08 
dt_FE: 2.39133e-09
dt_EA: 2.39133e-09
dt_PE: 2.39133e-09
tolC: 1e-06
dt_grow: 1.03
dt_max: 0.1
steps: 0
