t: 3.04247e-06
dt: 2.26233e-07
N: 0.895024 0.911186 0.922418 0.929563 0.933585 0.935402 0.935781 0.935266 0.934184 0.932697 0.930853 0.92863 0.925964 0.922759 0.91889 0.914191 0.908444 0.901361 0.892557 0.88151 0.867508 0.849578 0.826383 0.796113 0.756383 0.704253 0.636575 0.551086 0.448584 0.335672 0.225501 0.133315 0.0684649 0.0303135 0.0114883 0.0036835 0.000981053 0.000211646 3.58359e-05 4.58652e-06 
eC: 1 1.15749 1.33977 1.55077 1.795 2.07768 2.40489 2.78363 3.22201 3.72944 4.31677 4.99661 5.78351 6.69433 7.7486 8.9689 10.3814 12.0163 13.9087 16.0991 18.6345 21.5692 24.9661 28.8979 33.4489 38.7167 44.814 51.8717 60.0407 69.4963 80.4411 93.1095 107.773 124.746 144.391 167.131 193.452 223.918 259.182 300 
dV: 1.08333 0.211322 0.327712 0.508206 0.788112 1.22218 1.89532 2.93921 4.55805 7.06849 10.9616 16.999 26.3615 40.8807 63.3966 98.3136 152.462 236.434 366.655 568.597 881.764 1367.42 2120.55 3288.49 5099.69 7908.45 12264.2 19019 29494.1 45738.6 70930.1 109996 170579 264529 410225 636165 986546 1.52991e+06 2.37254e+06 3.67926e+06 
kVec: 1.0301e+06 1.19339e+06 1.37488e+06 1.58371e+06 1.82368e+06 2.09841e+06 2.41263e+06 2.77156e+06 3.18052e+06 3.64376e+06 4.16863e+06 4.76184e+06 5.42519e+06 6.16589e+06 6.99004e+06 7.89978e+06 8.88627e+06 9.95716e+06 1.11117e+07 1.23082e+07 1.35478e+07 1.48183e+07 1.60891e+07 1.72809e+07 1.84372e+07 1.96007e+07 2.06412e+07 2.18077e+07 2.33972e+07 2.58634e+07 2.96964e+07 3.61556e+07 4.71157e+07 6.38682e+07 8.9496e+07 1.28173e+08 1.82276e+08 2.48899e+08 3.2919e+08 4.18366e+08 
cMat: 
-60971.2 100.791 118.434 137.955 160.821 187.743 219.46 256.859 301.132 353.918 416.782 491.847 582.674 692.604 825.971 989.394 1192.55 1444.52 1758.86 2162.05 2678.06 3341.93 4212.71 5378.41 6933.41 9027.59 11955.2 16015.6 21689.4 29782.9 41474.7 58320.4 82791.8 119046 171883 248466 357168 510458 730339 1.04868e+06 
433.697 -71358.4 115.487 134.524 156.822 183.076 214.007 250.479 293.657 345.138 406.451 479.665 568.258 675.488 805.586 965.013 1163.22 1409.07 1715.79 2109.26 2612.88 3260.88 4110.98 5249.16 6767.69 8813.11 11673.1 15640.5 21185.4 29096.6 40527.1 56999.4 80932.4 116394 168081 243007 349362 499339 714470 1.02593e+06 
284.438 64.4582 -82830.3 135.319 157.75 184.162 215.28 251.972 295.412 347.209 408.898 482.566 571.713 679.62 810.546 971.001 1170.5 1417.98 1726.77 2122.94 2630.07 3282.71 4139.01 5285.72 6815.92 8877.47 11760.7 15761.3 21353.9 29335.1 40869.2 57494.4 81654.7 117458 169653 245324 352743 504218 721497 1.03607e+06 
191.923 43.493 78.3858 -96287.9 164.815 192.411 224.926 263.268 308.661 362.789 427.257 504.248 597.421 710.209 847.067 1014.81 1223.39 1482.15 1805.06 2219.41 2749.89 3432.69 4328.73 5528.91 7130.81 9289.47 12309.3 16500.5 22361.2 30727.3 42820.8 60256.4 85600.5 123165 177936 257356 370103 529086 757139 1.08731e+06 
134.371 30.4511 54.8813 98.9855 -112098 206.765 243.882 285.46 334.686 393.389 463.309 546.814 647.878 770.227 918.7 1100.69 1327.02 1607.83 1958.3 2408.09 2984.05 3725.5 4698.73 6002.61 7743.36 10089.7 13373.1 17931.6 24307.6 33412.2 46577 65562.5 93166.6 134089 193769 280320 403202 576470 825016 1.18486e+06 
96.9952 21.9812 39.6166 71.4545 127.85 -130664 272.409 318.858 373.854 439.44 517.564 610.872 723.81 860.547 1026.49 1229.93 1482.96 1796.95 2188.88 2691.98 3336.34 4166.03 5255.36 6715.21 8664.76 11293.4 14973.2 20083.7 27234.5 37449.4 52224.6 73539.7 104541 150511 217567 314838 452951 647688 927034 1.33148e+06 
71.4957 16.2026 29.2023 52.6715 95.0909 171.775 -152522 363.574 426.296 501.1 590.209 696.646 825.489 981.497 1170.85 1403.01 1691.82 2050.27 2497.76 3072.34 3808.41 4756.42 6001.46 7670.56 9900.3 12907.8 17119.8 22971.9 31163.9 42871 59811.5 84259.9 119832 172593 249579 361280 519899 743540 1.06435e+06 1.52884e+06 
53.3651 12.0939 21.7975 39.3162 70.9812 128.225 231.863 -178332 487.15 578.701 681.642 804.61 953.48 1133.76 1352.6 1620.95 1954.85 2369.32 2886.87 3551.57 4403.32 5500.64 6942.24 8875.6 11459.4 14945.8 19830.9 26621.4 36131.7 49729.3 69414.7 97836.7 139208 200590 290184 420214 604885 865241 1.23873e+06 1.77948e+06 
40.1216 9.09273 16.3885 29.5607 53.3698 96.4133 174.345 312.407 -208885 672.997 792.754 935.823 1109.05 1318.86 1573.57 1885.97 2274.75 2757.47 3360.36 4134.9 5127.71 6407.18 8088.74 10344.9 13361.4 17433.8 23143 31083.4 42210.3 58128.6 81185.6 114493 162999 234993 340117 492733 709512 1.01512e+06 1.45353e+06 2.08828e+06 
30.3095 6.86913 12.381 22.3327 40.3212 72.8431 131.727 238.543 432.581 -245064 925.055 1092.08 1294.34 1539.36 1836.87 2201.83 2656.14 3220.36 3925.24 4831.15 5992.77 7490.39 9459.57 12103.1 15639.3 20416.1 27117.5 36443.9 49521.8 68244.1 95380.3 134604 191761 276633 400616 580681 836494 1.1971e+06 1.71442e+06 2.46344e+06 
22.9577 5.20308 9.37832 16.9169 30.544 55.1819 99.7933 180.723 327.745 594.993 -288181 1277.92 1514.75 1801.69 2150.18 2577.78 3110.21 3771.64 4598.23 5661.01 7024.35 8782.83 11096.2 14203.7 18363.2 23985.6 31879.3 42873.2 58301.5 80406 112468 158845 226471 326938 473780 687139 990310 1.41764e+06 2.0307e+06 2.91834e+06 
17.4251 3.94927 7.11856 12.8411 23.1857 41.8898 75.7588 137.204 248.838 451.777 821.917 -339825 1763.86 2114.1 2523.39 3025.71 3651.39 4428.92 5400.94 6651.29 8256.02 10326.9 13052.9 16717.1 21625.3 28264.5 37594 50598.7 68864.7 95058.4 133083 188130 268460 387868 562498 816356 1.17716e+06 1.68567e+06 2.41522e+06 3.47154e+06 
13.2721 3.0081 5.42228 9.78151 17.6621 31.9118 57.7166 104.535 189.602 344.261 626.376 1134.05 -401647 2483.52 2964.85 3555.77 4292.1 5207.5 6352.34 7825.86 9718.11 12161.5 15380.2 19710.4 25515.4 33374.9 44430.9 59858.4 81550.2 112691 157943 223517 319302 461781 670300 973608 1.40481e+06 2.01248e+06 2.8843e+06 4.14666e+06 
10.1375 2.29771 4.1419 7.47208 13.4927 24.3799 44.097 79.8734 144.884 263.092 478.745 873.423 1595.87 -476249 3491.23 4188.05 5056.73 6137.14 7489.04 9230.2 11467.6 14358.8 18170.6 23303.6 30191.6 39527.2 52675.9 71045.7 96906.7 134080 188164 266626 381361 552170 802358 1.16654e+06 1.68444e+06 2.41421e+06 3.46123e+06 4.97728e+06 
7.76295 1.75957 3.17198 5.72258 10.3341 18.6738 33.7785 61.1884 111.001 201.588 366.875 669.424 1223.35 2241.8 -566955 4892.85 5976.21 7255.67 8857.52 10922.2 13577.3 17011 21542.2 27650.9 35857.3 46992.9 62699.1 84672 115650 160243 225211 319587 457769 663674 965558 1.40534e+06 2.031e+06 2.91246e+06 4.17717e+06 6.00845e+06 
5.96555 1.35222 2.43776 4.39822 7.94296 14.354 25.9669 47.0424 85.3485 155.021 282.168 514.948 941.242 1725.24 3138.93 -677869 7082.39 8602.25 10506.3 12962.6 16124.1 20216.5 25623 32921 42737.7 56077.1 74922.7 101330 138622 192396 270867 385034 552444 802174 1.16872e+06 1.70321e+06 2.46395e+06 3.53551e+06 5.07305e+06 7.29941e+06 
4.60754 1.04445 1.88302 3.39756 6.13626 11.09 20.0642 36.3531 65.9636 119.83 218.153 398.204 728.028 1334.8 2456.72 4538.26 -813591 10215.6 12483.7 15412.7 19186.6 24077.3 30547 39293.6 51077.4 67116.7 89822.2 121701 166811 231997 327307 466238 670334 975197 1.42328e+06 2.07742e+06 3.00896e+06 4.32085e+06 6.20329e+06 8.92906e+06 
3.57081 0.809483 1.4595 2.63358 4.75685 8.59788 15.5571 28.1906 51.1601 92.9547 169.26 309.026 565.142 1036.49 1908.35 3526.73 6536.02 -982163 14893.5 18402.1 22928.2 28801.1 36581.8 47119.5 61341.9 80737.6 108258 146985 201913 281479 398083 568429 819205 1.19438e+06 1.74667e+06 2.55401e+06 3.70448e+06 5.32426e+06 7.64862e+06 1.10143e+07 
2.77627 0.629401 1.13489 2.04801 3.69952 6.68751 12.102 21.9329 39.8102 72.3471 131.765 240.632 440.2 807.63 1487.58 2750.41 5100.13 9510.12 -1.19387e+06 21953.7 27540.3 34633.1 44046.3 56820.3 74096 97707.2 131297 178687 246082 343981 487828 698506 1.00941e+06 1.47538e+06 2.16256e+06 3.16863e+06 4.60335e+06 6.62279e+06 9.52078e+06 1.3717e+07 
2.1734 0.492761 0.888588 1.6037 2.89722 5.23792 9.48021 17.1843 31.1973 56.7084 103.311 188.727 345.375 633.928 1168.21 2161.13 4010.14 7483.37 13981.4 -1.4584e+06 33108.1 41691.5 53106.6 68635.6 89689.4 118542 159723 218009 301177 422413 601145 863748 1.25248e+06 1.83639e+06 2.69947e+06 3.96549e+06 5.77264e+06 8.31541e+06 1.19646e+07 1.72482e+07 
1.7084 0.387367 0.698601 1.26095 2.27831 4.1196 7.45745 13.5204 24.5513 44.6399 81.3501 148.661 272.169 499.806 921.557 1705.94 3167.95 5916.96 11130.4 21010.3 -1.79497e+06 50380.7 64291.3 83269.1 109073 144547 195372 267582 371023 522437 746550 1.07708e+06 1.56817e+06 2.30782e+06 3.40403e+06 5.01567e+06 7.31881e+06 1.05582e+07 1.52072e+07 2.1938e+07 
1.34632 0.305296 0.550649 0.994028 1.79628 3.24854 5.88178 10.666 19.3731 35.2356 64.2344 117.429 215.093 395.21 729.155 1350.76 2510.55 4693.74 8839.22 16708.1 31816 -2.229e+06 77349.6 101580 133423 177354 240574 330787 460605 651551 935490 1.35612e+06 1.98377e+06 2.9321e+06 4.34197e+06 6.42028e+06 9.39433e+06 1.35755e+07 1.95764e+07 2.82634e+07 
1.0645 0.241413 0.435481 0.786239 1.42102 2.57039 4.65495 8.44344 15.3406 27.9112 50.9024 93.0988 170.62 313.695 579.177 1073.82 1997.83 3739.43 7051.17 13349.3 25466.2 48516.3 -2.79334e+06 124204 163661 218327 297406 410839 574960 817771 1.18088e+06 1.72171e+06 2.53294e+06 3.76344e+06 5.59974e+06 8.31532e+06 1.22078e+07 1.76776e+07 2.5528e+07 3.68902e+07 
0.84427 0.191492 0.345479 0.623848 1.12773 2.04033 3.69599 6.70599 12.188 22.1844 40.4771 74.0703 135.834 249.923 461.822 857.074 1596.46 2992.17 5650.69 10717.8 20489.9 39580.8 77158 -3.52336e+06 200171 268182 367199 510147 718376 1.02871e+06 1.49615e+06 2.19718e+06 3.25578e+06 4.86959e+06 7.28948e+06 1.08827e+07 1.60443e+07 2.32932e+07 3.36971e+07 4.87504e+07 
0.666798 0.151259 0.272937 0.492945 0.891277 1.61294 2.92262 5.30451 9.64449 17.5627 32.061 58.7035 107.73 198.376 366.913 681.675 1271.41 2386.5 4514.52 8580.56 16443.5 31851.1 62288.8 122637 -4.49162e+06 329495 453809 634624 900100 1.29919e+06 1.90552e+06 2.82237e+06 4.2181e+06 6.35896e+06 9.58762e+06 1.44053e+07 2.13441e+07 3.10829e+07 4.50601e+07 6.52744e+07 
0.521264 0.118263 0.213435 0.385557 0.69727 1.26219 2.28778 4.15378 7.55539 13.7653 25.143 46.0662 84.6043 155.933 288.706 537.019 1003.06 1885.9 3574.23 6809.03 13083.5 25420 49889.7 98648 197828 -5.79686e+06 557602 788645 1.1278e+06 1.64282e+06 2.43327e+06 3.64025e+06 5.49537e+06 8.36203e+06 1.27149e+07 1.92479e+07 2.86876e+07 4.19286e+07 6.09313e+07 8.83969e+07 
0.40236 0.0913014 0.164809 0.297786 0.538677 0.975407 1.76862 3.21248 5.84599 10.657 19.4782 35.7135 65.6494 121.123 224.522 418.206 782.44 1473.93 2799.52 5347.52 10307.4 20098.1 39612 78728.7 158813 325010 -7.50154e+06 956653 1.38227e+06 2.03712e+06 3.05595e+06 4.63217e+06 7.08667e+06 1.09192e+07 1.67929e+07 2.56783e+07 3.8574e+07 5.66526e+07 8.25951e+07 1.20052e+08 
0.300901 0.0682911 0.1233 0.222839 0.403213 0.73036 1.32481 2.40741 4.38317 7.99521 14.6234 26.8334 49.3733 91.1958 169.262 315.746 591.813 1117.15 2126.89 4074.59 7880.74 15426.8 30547.1 61058.8 123980 256612 534043 -9.78978e+06 1.65089e+06 2.46655e+06 3.75695e+06 5.78602e+06 8.99788e+06 1.40814e+07 2.19651e+07 3.40119e+07 5.15966e+07 7.62409e+07 1.116e+08 1.62577e+08 
0.213897 0.0485543 0.0876848 0.158513 0.286904 0.519866 0.943377 1.71508 3.12432 5.70268 10.438 19.1694 35.3077 65.2932 121.35 226.729 425.785 805.525 1537.47 2954.66 5735.71 11275.5 22439.5 45131.8 92300 192622 405035 866552 -1.29016e+07 2.84673e+06 4.46142e+06 7.00145e+06 1.11035e+07 1.77092e+07 2.81066e+07 4.4197e+07 6.78586e+07 1.01024e+08 1.48605e+08 2.17064e+08 
0.141726 0.0321778 0.0581244 0.105104 0.190293 0.344937 0.626211 1.13902 2.07611 3.79203 6.94625 12.7681 23.5427 43.5915 81.1332 151.844 285.74 541.858 1037.01 1999.61 3897.13 7696.22 15400.4 31185.1 64284.5 135390 288030 624727 1.37363e+06 -1.71818e+07 4.96259e+06 7.97084e+06 1.29559e+07 2.11745e+07 3.43696e+07 5.51407e+07 8.59989e+07 1.29298e+08 1.91415e+08 2.80532e+08 
0.0854967 0.0194154 0.0350795 0.0634502 0.114914 0.20838 0.378467 0.688739 1.2561 2.29588 4.20896 7.74362 14.294 26.5008 49.3962 92.6063 174.634 331.969 637.094 1232.74 2412.43 4786.89 9633.63 19647.8 40844.4 86870.2 187177 412213 932570 2.14978e+06 -2.29998e+07 8.22446e+06 1.37957e+07 2.33002e+07 3.90026e+07 6.43464e+07 1.0259e+08 1.56424e+08 2.33687e+08 3.44047e+08 
0.0458322 0.0104101 0.0188133 0.0340381 0.0616654 0.111863 0.203258 0.370075 0.675317 1.23519 2.26623 4.17313 7.71166 14.3155 26.7225 50.1843 94.8344 180.711 347.768 675.25 1326.87 2645.43 5354.6 10999.9 23063 49544.4 108162 242019 557930 1.31635e+06 3.13539e+06 -3.13355e+07 1.33085e+07 2.34013e+07 4.07188e+07 6.96324e+07 1.14262e+08 1.77507e+08 2.68423e+08 3.97563e+08 
0.0215466 0.00489492 0.00884834 0.0160132 0.0290193 0.0526612 0.0957279 0.174378 0.318386 0.582743 1.07 1.97208 3.64819 6.78084 12.6758 23.845 45.1534 86.2464 166.429 324.257 639.753 1281.53 2608.75 5397.82 11414.6 24768.6 54799.2 124638 293016 708558 1.74168e+06 4.40727e+06 -4.38899e+07 2.12856e+07 3.89057e+07 6.95861e+07 1.18451e+08 1.88511e+08 2.89585e+08 4.32234e+08 
0.0088456 0.0020099 0.003634 0.00657825 0.0119245 0.0216467 0.039365 0.0717394 0.131053 0.240016 0.441019 0.813487 1.50638 2.80311 5.24692 9.88549 18.7548 35.9013 69.4519 135.739 268.808 540.801 1106.66 2305.03 4913.04 10760.6 24106.9 55689.9 133430 330631 839855 2.21259e+06 6.07724e+06 -6.19322e+07 3.17031e+07 6.05686e+07 1.09282e+08 1.81091e+08 2.85848e+08 4.32615e+08 
0.00312115 0.000709307 0.00128272 0.00232251 0.00421116 0.00764696 0.0139112 0.0253626 0.0463542 0.0849444 0.156185 0.288308 0.534364 0.99542 1.86551 3.51974 6.68929 12.8307 24.8782 48.7628 96.8956 195.712 402.408 843.239 1810.28 3998.62 9060.41 21229.2 51752.5 131152 343565 940865 2.71459e+06 7.74767e+06 -8.84678e+07 4.60453e+07 8.99118e+07 1.58195e+08 2.60575e+08 4.03838e+08 
0.00093284 0.000212028 0.000383505 0.000694521 0.00125959 0.00228792 0.00416351 0.00759361 0.0138845 0.0254567 0.0468344 0.0865117 0.160476 0.299223 0.561383 1.06054 2.0187 3.879 7.5367 14.8103 29.5188 59.8331 123.548 260.285 562.359 1251.52 2864.49 6796.57 16825.7 43504.2 117192 332661 1.00386e+06 3.06038e+06 9.52015e+06 -1.27701e+08 6.46265e+07 1.24847e+08 2.19168e+08 3.53282e+08 
0.000230301 5.23519e-05 9.4705e-05 0.000171537 0.000311159 0.000565312 0.00102901 0.0018773 0.0034337 0.00629813 0.0115925 0.0214246 0.0397675 0.0742057 0.139339 0.263496 0.502168 0.966293 1.88048 3.70276 7.39764 15.0362 31.1516 65.905 143.105 320.355 739.026 1770.78 4436.81 11652.9 32089.5 93751.1 293475 948336 3.1927e+06 1.10993e+07 -1.82097e+08 8.31955e+07 1.62449e+08 2.82106e+08 
4.57882e-05 1.04093e-05 1.88322e-05 3.41139e-05 6.1888e-05 0.000112453 0.000204726 0.000373567 0.000683423 0.00125386 0.00230856 0.00426798 0.00792523 0.0147953 0.0277966 0.0525974 0.100316 0.193202 0.376361 0.742001 1.48461 3.02272 6.27529 13.3105 28.9913 65.1355 150.992 364 918.886 2437.27 6806.6 20261 64974 218615 781458 2.98285e+06 1.15736e+07 -2.48846e+08 9.78565e+07 1.99294e+08 
7.15284e-06 1.62619e-06 2.94225e-06 5.33018e-06 9.67058e-06 1.75737e-05 3.19975e-05 5.83939e-05 0.000106845 0.000196064 0.00036106 0.000667675 0.00124017 0.00231601 0.00435286 0.00824028 0.0157248 0.0303036 0.059074 0.116568 0.233471 0.475922 0.989437 2.10242 4.5888 10.335 24.0353 58.1752 147.581 393.958 1110.25 3345.21 10897.8 37677.1 140542 571730 2.46744e+06 1.06844e+07 -3.29178e+08 1.19787e+08 
8.47644e-07 1.92719e-07 3.487e-07 6.3174e-07 1.14624e-06 2.08314e-06 3.79322e-06 6.92314e-06 1.26689e-05 2.32509e-05 4.28241e-05 7.92043e-05 0.000147148 0.000274865 0.00051674 0.000978537 0.00186804 0.00360151 0.00702424 0.0138689 0.027797 0.056708 0.118005 0.251028 0.548614 1.23744 2.88325 6.9944 17.791 47.651 134.904 408.91 1342.45 4706.1 17976.1 76059.5 353639 1.79586e+06 9.88611e+06 -4.18364e+08 
dt_FE: 2.26233e-07
dt_EA: 2.26233e-07
dt_PE: 2.26233e-07
tolC: 1e-06
dt_grow: 1.03
dt_max: 0.1
steps: 0
