t: 1.78767e-06
dt: 1.45201e-07
N: 0.781983 0.819073 0.850804 0.876733 0.896811 0.911362 0.921105 0.926945 0.929819 0.930576 0.929898 0.928226 0.925797 0.922689 0.918857 0.914173 0.908433 0.901354 0.892552 0.881506 0.867506 0.849576 0.826382 0.796112 0.756383 0.704253 0.636575 0.551086 0.448585 0.335672 0.225501 0.133315 0.068465 0.0303136 0.0114883 0.00368351 0.000981055 0.000211647 3.5836e-05 4.58653e-06 
eC: 1 1.15749 1.33977 1.55077 1.795 2.07768 2.40489 2.78363 3.22201 3.72944 4.31677 4.99661 5.78351 6.69433 7.7486 8.9689 10.3814 12.0163 13.9087 16.0991 18.6345 21.5692 24.9661 28.8979 33.4489 38.7167 44.814 51.8717 60.0407 69.4963 80.4411 93.1095 107.773 124.746 144.391 167.131 193.452 223.918 259.182 300 
dV: 1.08333 0.211322 0.327712 0.508206 0.788112 1.22218 1.89532 2.93921 4.55805 7.06849 10.9616 16.999 26.3615 40.8807 63.3966 98.3136 152.462 236.434 366.655 568.597 881.764 1367.42 2120.55 3288.49 5099.69 7908.45 12264.2 19019 29494.1 45738.6 70930.1 109996 170579 264529 410225 636165 986546 1.52991e+06 2.37254e+06 3.67926e+06 
kVec: 1.03008e+06 1.19338e+06 1.37488e+06 1.58371e+06 1.82368e+06 2.09842e+06 2.41264e+06 2.77157e+06 3.18054e+06 3.64378e+06 4.16866e+06 4.76186e+06 5.42521e+06 6.16592e+06 6.99007e+06 7.8998e+06 8.88629e+06 9.95718e+06 1.11117e+07 1.23082e+07 1.35478e+07 1.48184e+07 1.60891e+07 1.7281e+07 1.84373e+07 1.96008e+07 2.06412e+07 2.18077e+07 2.33972e+07 2.58634e+07 2.96964e+07 3.61556e+07 4.71157e+07 6.38682e+07 8.9496e+07 1.28173e+08 1.82276e+08 2.48899e+08 3.2919e+08 4.18366e+08 
cMat: 
-61371.8 209.325 245.969 286.51 333.998 389.911 455.782 533.453 625.4 735.029 865.586 1021.48 1210.12 1438.42 1715.4 2054.8 2476.73 3000.03 3652.85 4490.22 5561.87 6940.62 8749.1 11170 14399.5 18748.8 24828.9 33261.7 45045.2 61854.2 86136 121122 171945 247239 356972 516022 741777 1.06014e+06 1.51679e+06 2.17793e+06 
883.5 -72278.2 235.264 274.043 319.467 372.95 435.961 510.26 598.219 703.094 827.996 977.143 1157.62 1376.06 1641.09 1965.86 2369.64 2870.46 3495.3 4296.86 5322.79 6642.87 8374.63 10693.3 13786.7 17953.5 23779.6 31861.8 43157.5 59273.8 82559.3 116116 164870 237110 342404 495039 711698 1.01722e+06 1.45547e+06 2.08997e+06 
546.996 123.958 -83644.2 260.228 303.366 354.157 413.998 484.561 568.099 667.708 786.342 928.01 1099.45 1306.96 1558.74 1867.31 2250.96 2726.88 3320.7 4082.57 5057.82 6312.89 7959.62 10164.8 13107.5 17072 22616.7 30310.1 41065 56413.4 78594.5 110566 157028 225881 326255 471776 678351 969647 1.38749e+06 1.99245e+06 
335.87 76.1138 137.177 -97003.6 288.429 336.724 393.626 460.724 540.163 634.888 747.71 882.444 1045.5 1242.88 1482.39 1775.93 2140.95 2593.8 3158.89 3884.01 4812.38 6007.28 7575.37 9675.71 12479.1 16256.8 21541.5 28876.3 39132.6 53773.5 74937.4 105450 149803 215541 311392 450378 647688 925912 1.32501e+06 1.90282e+06 
208.772 47.3116 85.2687 153.793 -112724 321.249 378.917 443.516 520 611.205 719.839 849.58 1006.6 1196.7 1427.38 1710.13 2061.78 2498.08 3042.59 3741.43 4636.29 5788.28 7300.38 9326.21 12030.8 15676.3 20777.7 27860.1 37766.6 51912.3 72366.3 101864 144752 208333 301057 435531 626451 895656 1.28182e+06 1.84091e+06 
133.092 30.1613 54.3597 98.0459 175.428 -131206 373.785 437.52 512.982 602.976 710.172 838.204 993.172 1180.8 1408.5 1687.64 2034.83 2465.67 3003.45 3693.79 4577.95 5716.4 7211.12 9214.24 11889.3 15496.2 20545.3 27557.7 37369.7 51386 71659.8 100907 143446 206522 298534 432003 621514 888722 1.27203e+06 1.82698e+06 
87.8349 19.9054 35.876 64.7087 116.822 211.031 -152988 446.664 523.719 615.618 725.092 855.853 1014.14 1205.8 1438.43 1723.65 2078.46 2518.82 3068.59 3774.47 4678.76 5843.42 7372.99 9423.54 12162.9 15857.7 21032.3 28221.7 38285.9 52668.4 73480.5 103516 147217 212036 306616 443845 638714 913464 1.30759e+06 1.87823e+06 
60.2246 13.6485 24.5993 44.3699 80.1051 144.707 261.667 -178727 549.768 653.087 769.26 908.034 1076.04 1279.49 1526.47 1829.31 2206.12 2673.88 3257.95 4008.09 4969.32 6207.69 7834.6 10016.5 12932.4 16867 22380 30043.3 40776 56121.5 78337.2 110413 157102 226374 327485 474229 682636 976459 1.39795e+06 2.00822e+06 
42.7828 9.69584 17.4756 31.5214 56.9097 102.808 185.909 333.129 -209215 717.637 845.337 997.895 1182.61 1406.33 1677.95 2011.07 2425.63 2940.37 3583.25 4409.17 5467.83 6832.17 8625.26 11031.1 14247.7 18590.2 24678.1 33145.2 45010.1 61984.2 86570.6 122087 173811 250580 362677 525416 756574 1.08245e+06 1.54994e+06 2.2268e+06 
31.2647 7.08561 12.7712 23.0365 41.5919 75.1388 135.879 246.061 446.214 -245335 954.208 1126.5 1335.14 1587.87 1894.76 2271.22 2739.85 3321.85 4048.94 4983.4 6181.64 7726.45 9757.69 12484.5 16132.2 21059.6 27972.1 37592.4 51082.5 70394.9 98386.2 138847 197805 285351 413241 598982 862856 1.23483e+06 1.76845e+06 2.54108e+06 
23.2749 5.27497 9.5079 17.1506 30.966 55.9443 101.172 183.22 332.274 603.214 -288402 1295.57 1535.68 1826.58 2179.89 2613.39 3153.18 3823.76 4661.76 5739.22 7121.41 8904.18 11249.5 14399.9 18616.9 24317 32319.7 43465.6 59107 81516.9 114022 161040 229600 331455 480326 696633 1.00399e+06 1.43723e+06 2.05875e+06 2.95867e+06 
17.5237 3.97162 7.15886 12.9138 23.317 42.1269 76.1877 137.981 250.247 454.334 826.569 -340002 1773.85 2126.07 2537.67 3042.84 3672.06 4454 5431.51 6688.94 8302.76 10385.4 13126.8 16811.8 21747.7 28424.5 37806.8 50885.2 69254.5 95596.5 133836 189195 269980 390064 565682 820978 1.18382e+06 1.69522e+06 2.42889e+06 3.49119e+06 
13.302 3.01487 5.43448 9.80351 17.7018 31.9836 57.8464 104.77 190.029 345.036 627.785 1136.6 -401787 2489.11 2971.52 3563.77 4301.76 5219.21 6366.63 7843.46 9739.97 12188.9 15414.8 19754.7 25572.8 33450 44530.9 59993 81733.6 112944 158299 224020 320020 462819 671808 975798 1.40797e+06 2.01701e+06 2.89079e+06 4.15598e+06 
10.1467 2.29981 4.14569 7.47891 13.505 24.4022 44.1373 79.9464 145.016 263.333 479.183 874.221 1597.33 -476361 3494.42 4191.87 5061.35 6142.75 7495.88 9238.63 11478.1 14372 18187.2 23324.9 30219.2 39563.3 52724.1 71110.6 96995.3 134203 188336 266869 381710 552674 803092 1.1676e+06 1.68598e+06 2.41641e+06 3.46439e+06 4.98183e+06 
7.7661 1.76029 3.17326 5.7249 10.3383 18.6813 33.7922 61.2133 111.046 201.67 367.024 669.695 1223.85 2242.71 -567043 4894.84 5978.63 7258.62 8861.12 10926.6 13582.8 17017.9 21551 27662.1 35871.8 47012 62724.5 84706.4 115697 160308 225302 319716 457955 663943 965950 1.40591e+06 2.03183e+06 2.91364e+06 4.17887e+06 6.01089e+06 
5.96678 1.3525 2.43826 4.39912 7.94459 14.357 25.9722 47.0521 85.366 155.053 282.226 515.054 941.435 1725.59 3139.57 -677939 7083.84 8604.01 10508.4 12965.2 16127.4 20220.6 25628.3 32927.7 42746.5 56088.6 74938 101351 138650 192436 270922 385113 552558 802338 1.16896e+06 1.70356e+06 2.46445e+06 3.53624e+06 5.07409e+06 7.3009e+06 
4.60807 1.04457 1.88323 3.39795 6.13697 11.0913 20.0665 36.3573 65.9712 119.844 218.179 398.25 728.112 1334.96 2457 4538.79 -813646 10216.7 12485.1 15414.5 19188.9 24080.1 30550.5 39298.1 51083.3 67124.5 89832.6 121715 166830 232023 327344 466292 670412 975310 1.42344e+06 2.07766e+06 3.00931e+06 4.32135e+06 6.20401e+06 8.93009e+06 
3.57106 0.809539 1.4596 2.63377 4.75718 8.59848 15.5582 28.1926 51.1637 92.9612 169.271 309.048 565.181 1036.56 1908.48 3526.98 6536.47 -982207 14894.6 18403.4 22929.8 28803.1 36584.4 47122.8 61346.2 80743.2 108266 146995 201927 281499 398111 568468 819262 1.19446e+06 1.74679e+06 2.55419e+06 3.70474e+06 5.32463e+06 7.64915e+06 1.1015e+07 
2.77638 0.629428 1.13494 2.0481 3.69968 6.6878 12.1025 21.9338 39.8119 72.3502 131.771 240.643 440.219 807.665 1487.65 2750.53 5100.35 9510.53 -1.19391e+06 21954.6 27541.4 34634.6 44048.1 56822.8 74099.2 97711.4 131303 178695 246092 343995 487849 698536 1.00946e+06 1.47544e+06 2.16265e+06 3.16876e+06 4.60355e+06 6.62308e+06 9.52119e+06 1.37176e+07 
2.17346 0.492775 0.888612 1.60374 2.8973 5.23806 9.48047 17.1847 31.1981 56.71 103.314 188.732 345.385 633.945 1168.24 2161.19 4010.24 7483.57 13981.8 -1.45843e+06 33109 41692.7 53108 68637.4 89691.8 118545 159727 218015 301185 422424 601161 863772 1.25252e+06 1.83644e+06 2.69955e+06 3.9656e+06 5.77279e+06 8.31563e+06 1.19649e+07 1.72486e+07 
1.70843 0.387374 0.698613 1.26097 2.27835 4.11967 7.45758 13.5206 24.5517 44.6407 81.3514 148.663 272.174 499.814 921.572 1705.97 3168 5917.06 11130.5 21010.7 -1.79499e+06 50381.6 64292.4 83270.5 109075 144549 195375 267587 371029 522446 746562 1.0771e+06 1.5682e+06 2.30786e+06 3.40409e+06 5.01576e+06 7.31893e+06 1.05584e+07 1.52075e+07 2.19384e+07 
1.34634 0.305299 0.550655 0.994038 1.7963 3.24858 5.88184 10.6661 19.3733 35.236 64.235 117.431 215.095 395.214 729.162 1350.77 2510.57 4693.79 8839.32 16708.3 31816.3 -2.22902e+06 77350.4 101581 133424 177356 240577 330791 460610 651558 935500 1.35614e+06 1.98379e+06 2.93213e+06 4.34202e+06 6.42034e+06 9.39443e+06 1.35757e+07 1.95766e+07 2.82637e+07 
1.0645 0.241415 0.435484 0.786244 1.42103 2.5704 4.65498 8.4435 15.3407 27.9114 50.9027 93.0993 170.622 313.697 579.181 1073.83 1997.85 3739.45 7051.22 13349.4 25466.3 48516.7 -2.79336e+06 124205 163662 218328 297408 410841 574964 817777 1.18089e+06 1.72172e+06 2.53296e+06 3.76346e+06 5.59977e+06 8.31538e+06 1.22079e+07 1.76777e+07 2.55281e+07 3.68905e+07 
0.844273 0.191493 0.34548 0.62385 1.12773 2.04034 3.696 6.70602 12.1881 22.1845 40.4773 74.0706 135.835 249.924 461.824 857.078 1596.46 2992.18 5650.71 10717.8 20490 39580.9 77158.3 -3.52337e+06 200171 268183 367201 510149 718379 1.02871e+06 1.49616e+06 2.19719e+06 3.2558e+06 4.86961e+06 7.2895e+06 1.08827e+07 1.60444e+07 2.32933e+07 3.36973e+07 4.87506e+07 
0.666799 0.151259 0.272937 0.492946 0.891279 1.61294 2.92262 5.30452 9.64451 17.5627 32.061 58.7036 107.73 198.377 366.913 681.676 1271.41 2386.51 4514.53 8580.57 16443.6 31851.2 62288.9 122637 -4.49163e+06 329495 453810 634625 900102 1.29919e+06 1.90552e+06 2.82237e+06 4.21811e+06 6.35897e+06 9.58764e+06 1.44053e+07 2.13441e+07 3.1083e+07 4.50602e+07 6.52745e+07 
0.521265 0.118263 0.213435 0.385557 0.697271 1.26219 2.28779 4.15379 7.5554 13.7653 25.143 46.0662 84.6044 155.933 288.707 537.02 1003.06 1885.91 3574.23 6809.03 13083.5 25420 49889.7 98648.1 197828 -5.79687e+06 557603 788645 1.1278e+06 1.64282e+06 2.43327e+06 3.64025e+06 5.49537e+06 8.36204e+06 1.27149e+07 1.9248e+07 2.86876e+07 4.19286e+07 6.09313e+07 8.8397e+07 
0.40236 0.0913014 0.164809 0.297786 0.538677 0.975407 1.76862 3.21248 5.84599 10.657 19.4782 35.7135 65.6494 121.123 224.522 418.206 782.44 1473.93 2799.52 5347.52 10307.4 20098.1 39612 78728.7 158813 325010 -7.50154e+06 956653 1.38227e+06 2.03712e+06 3.05595e+06 4.63217e+06 7.08668e+06 1.09192e+07 1.67929e+07 2.56783e+07 3.8574e+07 5.66526e+07 8.25951e+07 1.20052e+08 
0.300901 0.0682911 0.1233 0.222839 0.403213 0.73036 1.32481 2.40741 4.38317 7.99521 14.6234 26.8334 49.3733 91.1957 169.262 315.746 591.813 1117.15 2126.89 4074.58 7880.74 15426.8 30547.1 61058.8 123979 256612 534043 -9.78978e+06 1.65089e+06 2.46655e+06 3.75695e+06 5.78601e+06 8.99788e+06 1.40814e+07 2.19651e+07 3.40119e+07 5.15966e+07 7.62409e+07 1.116e+08 1.62577e+08 
0.213897 0.0485542 0.0876848 0.158513 0.286904 0.519866 0.943377 1.71508 3.12432 5.70268 10.438 19.1694 35.3077 65.2932 121.35 226.729 425.785 805.525 1537.47 2954.66 5735.71 11275.5 22439.5 45131.7 92299.9 192622 405035 866552 -1.29016e+07 2.84673e+06 4.46142e+06 7.00145e+06 1.11035e+07 1.77092e+07 2.81065e+07 4.41969e+07 6.78585e+07 1.01024e+08 1.48605e+08 2.17064e+08 
0.141726 0.0321778 0.0581244 0.105104 0.190293 0.344936 0.626211 1.13902 2.07611 3.79202 6.94625 12.7681 23.5427 43.5915 81.1331 151.844 285.74 541.858 1037.01 1999.61 3897.13 7696.21 15400.3 31185 64284.5 135389 288030 624726 1.37363e+06 -1.71818e+07 4.96259e+06 7.97083e+06 1.29558e+07 2.11745e+07 3.43696e+07 5.51407e+07 8.59988e+07 1.29298e+08 1.91415e+08 2.80532e+08 
0.0854967 0.0194154 0.0350794 0.0634502 0.114914 0.208379 0.378466 0.688739 1.2561 2.29588 4.20896 7.74362 14.294 26.5008 49.3962 92.6063 174.634 331.969 637.093 1232.74 2412.43 4786.88 9633.63 19647.8 40844.4 86870.2 187177 412212 932570 2.14978e+06 -2.29998e+07 8.22446e+06 1.37957e+07 2.33002e+07 3.90026e+07 6.43464e+07 1.0259e+08 1.56424e+08 2.33687e+08 3.44047e+08 
0.0458322 0.0104101 0.0188133 0.0340381 0.0616654 0.111863 0.203258 0.370075 0.675317 1.23519 2.26623 4.17313 7.71166 14.3155 26.7225 50.1843 94.8344 180.711 347.768 675.25 1326.87 2645.43 5354.6 10999.9 23063 49544.4 108162 242018 557930 1.31635e+06 3.13539e+06 -3.13355e+07 1.33085e+07 2.34013e+07 4.07188e+07 6.96324e+07 1.14262e+08 1.77507e+08 2.68423e+08 3.97563e+08 
0.0215465 0.00489492 0.00884834 0.0160132 0.0290193 0.0526612 0.0957279 0.174378 0.318386 0.582743 1.07 1.97208 3.64819 6.78084 12.6758 23.845 45.1534 86.2464 166.429 324.257 639.753 1281.53 2608.75 5397.82 11414.6 24768.6 54799.2 124638 293016 708558 1.74168e+06 4.40726e+06 -4.38899e+07 2.12856e+07 3.89057e+07 6.95861e+07 1.18451e+08 1.88511e+08 2.89585e+08 4.32234e+08 
0.0088456 0.0020099 0.003634 0.00657825 0.0119245 0.0216467 0.039365 0.0717394 0.131053 0.240016 0.441019 0.813487 1.50638 2.80311 5.24692 9.88549 18.7548 35.9013 69.4519 135.739 268.808 540.801 1106.66 2305.03 4913.04 10760.6 24106.9 55689.9 133430 330631 839855 2.21259e+06 6.07724e+06 -6.19322e+07 3.1703e+07 6.05685e+07 1.09282e+08 1.81091e+08 2.85848e+08 4.32615e+08 
0.00312115 0.000709307 0.00128272 0.00232251 0.00421116 0.00764696 0.0139112 0.0253626 0.0463542 0.0849444 0.156185 0.288308 0.534364 0.99542 1.86551 3.51974 6.68929 12.8307 24.8782 48.7628 96.8956 195.712 402.408 843.239 1810.28 3998.62 9060.41 21229.2 51752.5 131152 343565 940865 2.71459e+06 7.74767e+06 -8.84678e+07 4.60453e+07 8.99118e+07 1.58195e+08 2.60575e+08 4.03838e+08 
0.00093284 0.000212028 0.000383505 0.000694521 0.00125959 0.00228792 0.00416351 0.00759361 0.0138845 0.0254567 0.0468344 0.0865117 0.160476 0.299223 0.561383 1.06054 2.0187 3.879 7.5367 14.8103 29.5188 59.8331 123.548 260.285 562.359 1251.52 2864.49 6796.57 16825.7 43504.2 117192 332661 1.00386e+06 3.06038e+06 9.52015e+06 -1.27701e+08 6.46265e+07 1.24847e+08 2.19168e+08 3.53282e+08 
0.000230301 5.23519e-05 9.4705e-05 0.000171537 0.000311159 0.000565312 0.00102901 0.0018773 0.0034337 0.00629813 0.0115925 0.0214246 0.0397675 0.0742057 0.139339 0.263496 0.502168 0.966293 1.88048 3.70276 7.39764 15.0362 31.1516 65.9049 143.105 320.355 739.026 1770.78 4436.81 11652.9 32089.5 93751.1 293475 948336 3.1927e+06 1.10993e+07 -1.82097e+08 8.31955e+07 1.62449e+08 2.82106e+08 
4.57882e-05 1.04093e-05 1.88322e-05 3.41139e-05 6.1888e-05 0.000112453 0.000204726 0.000373567 0.000683423 0.00125386 0.00230856 0.00426798 0.00792523 0.0147953 0.0277966 0.0525974 0.100316 0.193202 0.376361 0.742001 1.48461 3.02272 6.27529 13.3105 28.9913 65.1355 150.992 364 918.886 2437.27 6806.6 20261 64974 218615 781458 2.98285e+06 1.15736e+07 -2.48846e+08 9.78565e+07 1.99294e+08 
7.15284e-06 1.62619e-06 2.94225e-06 5.33018e-06 9.67058e-06 1.75737e-05 3.19975e-05 5.83939e-05 0.000106845 0.000196064 0.00036106 0.000667675 0.00124017 0.00231601 0.00435286 0.00824028 0.0157248 0.0303036 0.059074 0.116568 0.233471 0.475922 0.989437 2.10242 4.5888 10.335 24.0353 58.1752 147.581 393.958 1110.25 3345.21 10897.8 37677.1 140542 571730 2.46744e+06 1.06844e+07 -3.29178e+08 1.19787e+08 
8.47644e-07 1.92719e-07 3.487e-07 6.3174e-07 1.14624e-06 2.08314e-06 3.79322e-06 6.92314e-06 1.26689e-05 2.32509e-05 4.28241e-05 7.92043e-05 0.000147148 0.000274865 0.00051674 0.000978537 0.00186804 0.00360151 0.00702424 0.0138689 0.027797 0.056708 0.118005 0.251028 0.548614 1.23744 2.88325 6.9944 17.791 47.651 134.904 408.91 1342.45 4706.1 17976.1 76059.5 353639 1.79586e+06 9.88611e+06 -4.18364e+08 
dt_FE: 1.45201e-07
dt_EA: 1.45201e-07
dt_PE: 1.45201e-07
tolC: 1e-06
dt_grow: 1.03
dt_max: 0.1
steps: 0
