t
0.0000000012385657102494697
dt
0.0000000000360757002985283
DN
-0.0000000000000002177980794
TC
355.0000
N
4.16723928e-05
1.17303817e-04
1.83167669e-04
2.38116652e-04
2.81159511e-04
3.11592987e-04
3.29158698e-04
3.34208101e-04
3.27826914e-04
3.11847826e-04
2.88692241e-04
2.61047802e-04
2.31477894e-04
2.02099271e-04
1.74418123e-04
1.49327931e-04
1.27212487e-04
1.08113306e-04
9.36537460e-05
1.64575159e-04
2.42378474e-03
3.45688834e-02
2.38209783e-01
6.64662515e-01
6.29291903e-01
1.65402782e-01
9.60202581e-03
9.59028807e-05
4.49183523e-07
8.77942812e-08
2.14895867e-08
4.84744272e-09
1.00355646e-09
1.89751241e-10
3.25912203e-11
5.05587454e-12
7.04098779e-13
8.74631308e-14
9.62553761e-15
9.31794509e-16
eC
1.00638940e+00
3.07804198e+00
5.27088624e+00
7.59201189e+00
1.00489234e+01
1.26495642e+01
1.54023425e+01
1.83161584e+01
2.14004324e+01
2.46651365e+01
2.81208258e+01
3.17786729e+01
3.56505041e+01
3.97488374e+01
4.40869232e+01
4.86787870e+01
5.35392748e+01
5.86841012e+01
6.41298999e+01
6.98942779e+01
7.59958720e+01
8.24544093e+01
8.92907710e+01
9.65270599e+01
1.04186672e+02
1.12294371e+02
1.20876370e+02
1.29960417e+02
1.39575880e+02
1.49753848e+02
1.60527227e+02
1.71930848e+02
1.84001582e+02
1.96778453e+02
2.10302771e+02
2.24618262e+02
2.39771209e+02
2.55810604e+02
2.72788303e+02
2.90759198e+02
