t: 1.30742e-08
dt: 1.74045e-10
N: 0.00811783 0.0093697 0.0108088 0.012463 0.014363 0.0165388 0.0190288 0.0218754 0.0251213 0.0288058 0.0329869 0.0377202 0.0430307 0.048978 0.0556178 0.062966 0.070986 0.0797269 0.0891762 0.099047 0.109293 0.119769 0.13002 0.139308 0.14744 0.153902 0.156549 0.155243 0.149466 0.137686 0.127586 0.33084 0.239257 0.0311639 0.0127015 0.00433818 0.00118818 0.000257177 4.34152e-05 5.53251e-06 
eC: 1 1.15749 1.33977 1.55077 1.795 2.07768 2.40489 2.78363 3.22201 3.72944 4.31677 4.99661 5.78351 6.69433 7.7486 8.9689 10.3814 12.0163 13.9087 16.0991 18.6345 21.5692 24.9661 28.8979 33.4489 38.7167 44.814 51.8717 60.0407 69.4963 80.4411 93.1095 107.773 124.746 144.391 167.131 193.452 223.918 259.182 300 
dV: 1.08333 0.211322 0.327712 0.508206 0.788112 1.22218 1.89532 2.93921 4.55805 7.06849 10.9616 16.999 26.3615 40.8807 63.3966 98.3136 152.462 236.434 366.655 568.597 881.764 1367.42 2120.55 3288.49 5099.69 7908.45 12264.2 19019 29494.1 45738.6 70930.1 109996 170579 264529 410225 636165 986546 1.52991e+06 2.37254e+06 3.67926e+06 
kVec: 845956 982408 1.13358e+06 1.30822e+06 1.50983e+06 1.74193e+06 2.00904e+06 2.31628e+06 2.66925e+06 3.07309e+06 3.53575e+06 4.0653e+06 4.66711e+06 5.3514e+06 6.1286e+06 7.00814e+06 7.9923e+06 9.09782e+06 1.03378e+07 1.16948e+07 1.31873e+07 1.48253e+07 1.66033e+07 1.84697e+07 2.04706e+07 2.26471e+07 2.48206e+07 2.71502e+07 2.97902e+07 3.29311e+07 3.67455e+07 4.22057e+07 5.13607e+07 6.62901e+07 9.05227e+07 1.28127e+08 1.81461e+08 2.47657e+08 3.27733e+08 4.1686e+08 
cMat: 
-189916 952.339 1119.05 1303.5 1519.55 1773.93 2073.61 2426.98 2845.3 3344.06 3938.04 4647.31 5505.51 6544.2 7804.34 9348.47 11268 13648.9 16618.9 20428.6 25304.1 31576.8 39804.6 50818.9 65511.6 85298.9 112961 151326 204936 281410 391882 551051 782274 1.12483e+06 1.62407e+06 2.34768e+06 3.37477e+06 4.82316e+06 6.90075e+06 9.90863e+06 
4837.44 -224613 1288.14 1500.47 1749.18 2042.02 2387.02 2793.83 3275.43 3849.66 4533.53 5350.16 6338.32 7534.37 8985.47 10763.7 12974.5 15716.7 19137.8 23526.6 29143.9 36371.8 45853.7 58548.9 75486.5 98301 130201 174453 236301 324542 452038 635768 902716 1.29825e+06 1.87477e+06 2.71049e+06 3.89677e+06 5.56961e+06 7.96917e+06 1.14432e+07 
3626.67 821.859 -258686 1725.35 2011.36 2348.12 2744.87 3212.72 3766.59 4427.01 5213.57 6152.85 7289.49 8665.34 10334.7 12380.5 14924.2 18079.6 22016.7 27068 33534.2 41855.4 52773.5 67394.3 86904.8 113190 149952 200960 272267 374030 521094 733069 1.04112e+06 1.49762e+06 2.16312e+06 3.12795e+06 4.49757e+06 6.42891e+06 9.19929e+06 1.32102e+07 
2690.78 609.777 1098.98 -298488 2310.72 2697.63 3153.49 3691.04 4327.45 5086.33 5990.19 7069.6 8375.9 9957.2 11876 14227.7 17152 20779.9 25307.1 31116.3 38553.8 48126.6 60689.2 77515.8 99974.7 130239 172578 231339 313507 430800 600352 844802 1.20013e+06 1.72678e+06 2.49468e+06 3.60815e+06 5.18888e+06 7.41784e+06 1.06152e+07 1.52443e+07 
1994.14 451.91 814.467 1469 -344898 3068.5 3619.33 4236.37 4966.92 5838.09 6875.74 8114.99 9614.84 11430.6 13634 16334.8 19693.6 23861.1 29062.1 35737.3 44284.8 55288.3 69731.6 89081.8 114915 149737 198464 266114 360738 495854 691227 972981 1.38264e+06 1.98995e+06 2.87563e+06 4.16009e+06 5.98372e+06 8.55511e+06 1.22437e+07 1.7584e+07 
1476.68 334.646 603.132 1087.84 1946.41 -398853 4147.22 4854.37 5691.64 6690.14 7879.51 9300.04 11019.4 13101.2 15627.6 18724.7 22576.9 27357.2 33323.9 40983.4 50793.2 63424.6 80008.8 102234 131914 171933 227955 305758 414625 570138 795079 1.11959e+06 1.59156e+06 2.29141e+06 3.31229e+06 4.79316e+06 6.89583e+06 9.86054e+06 1.41134e+07 2.02707e+07 
1092.12 247.501 446.076 804.576 1452.55 2623.92 -461552 5553.73 6511.83 7654.48 9015.66 10641.5 12609.6 14992.7 17885.2 21431.5 25843.2 31318.6 38154.3 46931.1 58174.8 72656 91674.5 117171 151231 197172 261511 350904 476040 654870 913644 1.2871e+06 1.83047e+06 2.63642e+06 3.81241e+06 5.51868e+06 7.94166e+06 1.13578e+07 1.62584e+07 2.33535e+07 
806.336 182.737 329.355 594.06 1072.51 1937.46 3503.41 -534367 7360.74 8744.06 10299.5 12157.5 14406.9 17130.9 20437.6 24492.3 29537.3 35800 43620.1 53663.5 66533.3 83113.5 104896 134109 173149 225829 299642 402244 545942 751400 1.04884e+06 1.47829e+06 2.1034e+06 3.03087e+06 4.38463e+06 6.34935e+06 9.13969e+06 1.30736e+07 1.87169e+07 2.68876e+07 
594.288 134.683 242.75 437.858 790.523 1428.09 2582.42 4627.44 -619081 9968.57 11742.4 13861.6 16427.5 19535.2 23308.1 27935.4 33694.1 40844.1 49774.3 61247 75952.7 94904.5 119812 153231 197912 258233 342799 460414 625227 861012 1.20254e+06 1.69589e+06 2.41437e+06 3.48077e+06 5.03788e+06 7.29846e+06 1.05094e+07 1.50361e+07 2.15299e+07 3.0932e+07 
437.373 99.1232 178.661 322.266 581.844 1051.14 1900.86 3442.24 6242.25 -717229 13348.8 15759 18677.7 22213.3 26506.5 31773 38328.8 46470.6 56642.1 69714.6 86477.2 108088 136504 174650 225680 294610 391312 525894 714611 984780 1.37636e+06 1.94238e+06 2.76717e+06 3.99188e+06 5.78099e+06 8.37938e+06 1.20708e+07 1.72745e+07 2.47395e+07 3.55481e+07 
321.062 72.7647 131.155 236.582 427.156 771.715 1395.6 2527.4 4583.5 8320.94 -831360 17871.6 21183.7 25196.5 30070.2 36050.1 43496.1 52746.2 64306 79168.8 98235.2 122827 155180 198638 256808 335437 445830 599580 815342 1.12447e+06 1.57286e+06 2.22144e+06 3.16718e+06 4.57221e+06 6.62579e+06 9.60959e+06 1.38494e+07 1.98256e+07 2.83992e+07 4.08129e+07 
234.942 53.2478 95.9793 173.136 312.612 564.799 1021.45 1849.92 3355.08 6091.29 11081.9 -964253 23782.1 28504.4 34022.8 40795.5 49231.6 59715 72820.6 89679 111316 139237 175992 225396 291573 381089 506878 682221 928500 1.28167e+06 1.79436e+06 2.53655e+06 3.61963e+06 5.22961e+06 7.58413e+06 1.10069e+07 1.58716e+07 2.27279e+07 3.25643e+07 4.68067e+07 
171.551 38.8817 70.0866 126.433 228.295 412.482 746.026 1351.19 2450.74 4449.81 8096.33 14658.4 -1.11847e+06 32101.2 38322.6 45960.7 55478.3 67310.4 82108.3 101154 125613 157196 198800 254770 329804 431393 574299 773709 1.05409e+06 1.4566e+06 2.04152e+06 2.88911e+06 4.12719e+06 5.96882e+06 8.66407e+06 1.25845e+07 1.81581e+07 2.60127e+07 3.72816e+07 5.35983e+07 
124.817 28.2904 50.997 91.9996 166.128 300.176 542.942 983.437 1783.87 3239.31 5894.53 10754 19649.1 -1.29811e+06 42985.6 51565.1 62260.7 75563.3 92208.4 113646 141195 176792 223724 286924 371733 486676 648569 874746 1.19316e+06 1.65085e+06 2.31676e+06 3.28281e+06 4.69549e+06 6.79856e+06 9.87899e+06 1.43629e+07 2.07396e+07 2.97248e+07 4.26162e+07 6.12824e+07 
90.386 20.4871 36.9321 66.6295 120.322 217.423 393.292 712.433 1292.42 2347.15 4271.62 7794.27 14243.8 26101.9 -1.50762e+06 56968.7 69582.5 84479.7 103130 127170 158084 198063 250822 321947 417496 547151 730022 985859 1.34654e+06 1.86575e+06 2.62219e+06 3.72103e+06 5.32993e+06 7.72733e+06 1.12422e+07 1.63627e+07 2.36475e+07 3.39105e+07 4.86359e+07 6.9958e+07 
65.1437 14.7662 26.6203 48.0284 86.737 156.746 283.557 513.702 932.004 1692.83 3081.27 5623.22 10278.3 18839.6 34277.1 -1.75347e+06 77339.5 93936.4 114728 141551 176075 220764 279803 359496 466695 612361 818154 1.10652e+06 1.51375e+06 2.10097e+06 2.95786e+06 4.20456e+06 6.03268e+06 8.75972e+06 1.27624e+07 1.8599e+07 2.69062e+07 3.86077e+07 5.53976e+07 7.97094e+07 
46.7523 10.5979 19.1068 34.4748 62.2642 112.53 203.59 368.872 669.328 1215.91 2213.59 4040.54 7387.24 13544.2 24928.1 46049.4 -2.0397e+06 103657 126671 156391 194685 244310 309958 398709 518279 681028 911419 1.23489e+06 1.69262e+06 2.35405e+06 3.32115e+06 4.73088e+06 6.80183e+06 9.89525e+06 1.44419e+07 2.10794e+07 3.05317e+07 4.38433e+07 6.29443e+07 9.06025e+07 
33.3146 7.55223 13.6167 24.5706 44.38 80.2157 145.143 263.01 477.309 867.24 1579.14 2883.12 5272.61 9670.14 17804.3 32903.4 60979.1 -2.37647e+06 138952 171686 213913 268705 341297 439611 572302 753258 1.01002e+06 1.37133e+06 1.88378e+06 2.62612e+06 3.714e+06 5.30327e+06 7.64294e+06 1.11432e+07 1.62959e+07 2.38281e+07 3.45617e+07 4.96738e+07 7.13593e+07 1.0276e+08 
23.5351 5.33559 9.62075 17.3615 31.3617 56.6917 102.592 185.93 337.481 613.304 1117.01 2039.9 3731.69 6846.48 12610.6 23315.9 43235.1 80619.7 -2.77544e+06 186107 233466 293594 373391 481680 628131 828289 1.11304e+06 1.51478e+06 2.0861e+06 2.91601e+06 4.13545e+06 5.92141e+06 8.55706e+06 1.25071e+07 1.83326e+07 2.68613e+07 3.90238e+07 5.61431e+07 8.07101e+07 1.16282e+08 
16.5256 3.74676 6.75646 12.1939 22.0293 39.827 72.0837 130.662 237.212 431.188 785.536 1435 2626.09 4820.13 8882.57 16432.4 30491.4 56900.5 106309 -3.2433e+06 251740 317005 403801 521877 681962 901344 1.21447e+06 1.65766e+06 2.29003e+06 3.21185e+06 4.57086e+06 6.56759e+06 9.52336e+06 1.39632e+07 2.05257e+07 3.0152e+07 4.38928e+07 6.3227e+07 9.09736e+07 1.31148e+08 
11.4852 2.60417 4.69651 8.47706 15.3165 27.695 50.1345 90.894 165.052 300.103 546.895 999.408 1829.72 3360.06 6195.39 11468.6 21297.3 39778.2 74826.5 141247 -3.80027e+06 338696 432214 559797 733272 971752 1.31344e+06 1.79889e+06 2.49429e+06 3.51221e+06 5.01886e+06 7.24094e+06 1.05424e+07 1.55149e+07 2.28844e+07 3.37191e+07 4.92024e+07 7.09799e+07 1.02234e+08 1.47484e+08 
7.87834 1.78651 3.22226 5.8168 10.5114 19.0096 34.4187 62.4149 113.366 206.19 375.883 687.167 1258.67 2312.67 4266.83 7904.28 14691.1 27466.6 51724.9 97771.7 186179 -4.46731e+06 452630 594422 780756 1.03783e+06 1.40778e+06 1.93568e+06 2.69535e+06 3.81271e+06 5.47425e+06 7.93568e+06 1.16085e+07 1.71579e+07 2.54081e+07 3.75698e+07 5.49732e+07 7.94405e+07 1.14556e+08 1.65391e+08 
5.3341 1.2097 2.18216 3.93978 7.12059 12.88 23.3256 42.3094 76.8704 139.861 255.067 466.51 854.965 1571.9 2902.21 5380.82 10011 18738 35332.8 66892.1 127609 243111 -5.27862e+06 622376 820091 1.09402e+06 1.49028e+06 2.05868e+06 2.88107e+06 4.09778e+06 5.91729e+06 8.62733e+06 1.26924e+07 1.88583e+07 2.80598e+07 4.16674e+07 6.11724e+07 8.85807e+07 1.27919e+08 1.84854e+08 
3.56401 0.808366 1.45841 2.63352 4.7606 8.61307 15.6023 28.3087 51.4506 93.6494 170.871 312.681 573.411 1055.03 1949.54 3618.06 6739.3 12631.2 23853.9 45244.1 86496.4 167087 325716 -6.25399e+06 845003 1.13211e+06 1.5501e+06 2.15354e+06 3.03256e+06 4.34261e+06 6.31586e+06 9.27518e+06 1.3744e+07 2.05565e+07 3.07719e+07 4.59403e+07 6.77297e+07 9.83302e+07 1.42249e+08 2.05795e+08 
2.33352 0.529345 0.955169 1.72511 3.11911 5.64463 10.228 18.5637 33.7518 61.4623 112.2 205.439 377.011 694.237 1284.05 2385.59 4449.41 8351.81 15799 30028.5 57545.8 111466 217986 429179 -7.45719e+06 1.1531e+06 1.58815e+06 2.22093e+06 3.14999e+06 4.54664e+06 6.66855e+06 9.87714e+06 1.47617e+07 2.22538e+07 3.35528e+07 5.04126e+07 7.46957e+07 1.08778e+08 1.57692e+08 2.28434e+08 
1.49128 0.338336 0.610612 1.10303 1.99481 3.61097 6.54508 11.8835 21.6151 39.3808 71.9311 131.79 242.043 446.106 825.955 1536.35 2869.62 5395.35 10225.4 19479.8 37430.4 72723.5 142729 282220 565962 -8.97721e+06 1.59523e+06 2.25622e+06 3.22651e+06 4.69991e+06 6.9613e+06 1.04143e+07 1.57216e+07 2.39228e+07 3.63759e+07 5.50661e+07 8.20718e+07 1.19953e+08 1.74317e+08 2.52893e+08 
0.933812 0.211896 0.382496 0.691113 1.25018 2.26376 4.10467 7.45563 13.5676 24.7331 45.2056 82.8852 152.361 281.107 521.078 970.589 1815.92 3420.75 6497.23 12410.7 23921.9 46644.5 91932.9 182716 368578 754296 -1.085e+07 2.22024e+06 3.20803e+06 4.72781e+06 7.09235e+06 1.07505e+07 1.6447e+07 2.53416e+07 3.89735e+07 5.95951e+07 8.95239e+07 1.31481e+08 1.9169e+08 2.78622e+08 
0.56623 0.128509 0.232023 0.419333 0.758759 1.37438 2.493 4.53021 8.24816 15.0452 27.518 50.4945 92.9096 171.61 318.513 594.165 1113.66 2102.23 4002.33 7667.47 14829.8 29029.9 57482.8 114899 233302 482886 1.00495e+06 -1.32453e+07 3.10661e+06 4.6415e+06 7.06976e+06 1.0888e+07 1.6932e+07 2.64981e+07 4.13335e+07 6.40029e+07 9.70933e+07 1.43468e+08 2.10007e+08 3.05935e+08 
0.329927 0.0748928 0.13525 0.2445 0.442537 0.80187 1.45512 2.64543 4.81912 8.79613 16.1002 29.568 54.4605 100.712 187.177 349.72 656.755 1242.49 2371.48 4557.43 8847.08 17391.9 34611.9 69613.7 142369 297110 624749 1.33662e+06 -1.63667e+07 4.39095e+06 6.88154e+06 1.07994e+07 1.71266e+07 2.73157e+07 4.33531e+07 6.81718e+07 1.04669e+08 1.55826e+08 2.29217e+08 3.34811e+08 
0.183963 0.0417676 0.0754468 0.136427 0.247005 0.447736 0.812837 1.47848 2.69484 4.92214 9.0164 16.5733 30.559 56.5829 105.313 197.097 370.898 703.345 1346.07 2595.54 5058.56 9989.87 19990 40479 83442.8 175739 373870 810910 1.783e+06 -2.05326e+07 6.44156e+06 1.03463e+07 1.6817e+07 2.7485e+07 4.46125e+07 7.1574e+07 1.11629e+08 1.67831e+08 2.48462e+08 3.64137e+08 
0.0963055 0.0218699 0.0395143 0.0714718 0.129442 0.234723 0.426313 0.775812 1.4149 2.58614 4.74108 8.7226 16.1011 29.8511 55.641 104.314 196.712 373.938 717.637 1388.59 2717.41 5392.06 10851.5 22131.7 46008.1 97852.6 210841 464326 1.05047e+06 2.42156e+06 -2.60938e+07 9.26422e+06 1.55398e+07 2.62459e+07 4.39334e+07 7.24813e+07 1.1556e+08 1.76199e+08 2.63231e+08 3.87543e+08 
0.0353866 0.00803752 0.0145256 0.0262806 0.0476113 0.0863683 0.156934 0.285732 0.521407 0.953681 1.74974 3.22204 5.95411 11.0529 20.6322 38.7469 73.2209 139.525 268.509 521.355 1024.46 2042.51 4134.24 8492.91 17806.8 38252.8 83511.2 186861 430774 1.01635e+06 2.42081e+06 -3.5674e+07 1.02754e+07 1.80679e+07 3.14387e+07 5.37626e+07 8.82208e+07 1.37052e+08 2.07247e+08 3.06955e+08 
0.0175961 0.00399746 0.00722604 0.0130773 0.0236988 0.043006 0.0781766 0.142407 0.260012 0.475899 0.87382 1.61051 2.97931 5.5376 10.3517 19.4731 36.8747 70.4335 135.915 264.806 522.457 1046.57 2130.45 4408.15 9321.78 20227.4 44752 101786 239293 578647 1.42235e+06 3.59921e+06 -4.7582e+07 1.7383e+07 3.17725e+07 5.68278e+07 9.67334e+07 1.53948e+08 2.36491e+08 3.52986e+08 
0.00883785 0.00200814 0.00363082 0.00657248 0.0119141 0.0216277 0.0393305 0.0716765 0.130938 0.239805 0.440633 0.812773 1.50506 2.80065 5.24232 9.87682 18.7383 35.8698 69.391 135.62 268.572 540.326 1105.69 2303.01 4908.73 10751.2 24085.8 55641.1 133313 330341 839119 2.21065e+06 6.07191e+06 -6.29584e+07 3.16752e+07 6.05154e+07 1.09186e+08 1.80932e+08 2.85597e+08 4.32235e+08 
0.00311732 0.000708436 0.00128115 0.00231966 0.00420599 0.00763758 0.0138942 0.0253314 0.0462973 0.0848402 0.155993 0.287954 0.533708 0.994198 1.86322 3.51542 6.68108 12.8149 24.8477 48.7029 96.7766 195.471 401.914 842.204 1808.06 3993.71 9049.29 21203.2 51689 130991 343143 939710 2.71126e+06 7.73817e+06 -8.88652e+07 4.59888e+07 8.98014e+07 1.58001e+08 2.60255e+08 4.03342e+08 
0.000932227 0.000211888 0.000383253 0.000694065 0.00125877 0.00228641 0.00416078 0.00758862 0.0138754 0.02544 0.0468036 0.0864548 0.160371 0.299026 0.561014 1.05984 2.01737 3.87645 7.53174 14.8006 29.4994 59.7938 123.467 260.114 561.99 1250.7 2862.61 6792.11 16814.7 43475.6 117115 332442 1.0032e+06 3.05837e+06 9.51389e+06 -1.27412e+08 6.4584e+07 1.24765e+08 2.19024e+08 3.5305e+08 
0.000230253 5.23411e-05 9.46853e-05 0.000171502 0.000311095 0.000565195 0.0010288 0.00187691 0.00343299 0.00629682 0.0115901 0.0214202 0.0397593 0.0741903 0.13931 0.263441 0.502064 0.966092 1.88009 3.70199 7.39611 15.0331 31.1451 65.8913 143.075 320.289 738.872 1770.41 4435.89 11650.5 32082.9 93731.6 293414 948139 3.19204e+06 1.1097e+07 -1.81205e+08 8.31782e+07 1.62415e+08 2.82048e+08 
4.57861e-05 1.04089e-05 1.88314e-05 3.41124e-05 6.18852e-05 0.000112448 0.000204717 0.00037355 0.000683391 0.0012538 0.00230845 0.00426778 0.00792487 0.0147946 0.0277953 0.052595 0.100312 0.193193 0.376344 0.741967 1.48454 3.02258 6.275 13.3099 28.99 65.1325 150.985 363.983 918.845 2437.16 6806.29 20260 64971 218605 781422 2.98271e+06 1.15731e+07 -2.47584e+08 9.78521e+07 1.99285e+08 
7.15279e-06 1.62618e-06 2.94222e-06 5.33013e-06 9.67051e-06 1.75736e-05 3.19972e-05 5.83935e-05 0.000106845 0.000196062 0.000361058 0.00066767 0.00124016 0.00231599 0.00435283 0.00824022 0.0157247 0.0303034 0.0590736 0.116567 0.233469 0.475918 0.989429 2.1024 4.58877 10.3349 24.0351 58.1747 147.58 393.955 1110.25 3345.18 10897.7 37676.9 140541 571726 2.46742e+06 1.06843e+07 -3.27718e+08 1.19786e+08 
8.47643e-07 1.92718e-07 3.487e-07 6.31739e-07 1.14624e-06 2.08314e-06 3.79322e-06 6.92313e-06 1.26689e-05 2.32508e-05 4.28241e-05 7.92042e-05 0.000147148 0.000274865 0.00051674 0.000978536 0.00186804 0.00360151 0.00702423 0.0138689 0.027797 0.0567079 0.118005 0.251028 0.548614 1.23743 2.88325 6.99439 17.791 47.651 134.903 408.909 1342.45 4706.1 17976.1 76059.4 353639 1.79586e+06 9.8861e+06 -4.16858e+08 
dt_FE: 1.74045e-10
dt_EA: 1.74045e-10
dt_PE: 1.74045e-10
tolC: 1e-06
dt_grow: 1.03
dt_max: 0.1
steps: 0
