t: 2.09902e-08
dt: 2.39716e-09
N: 0.0133367 0.0153855 0.0177382 0.0204391 0.0235367 0.027078 0.0311224 0.0357356 0.0409821 0.046919 0.0536325 0.0612021 0.0696539 0.0790675 0.0895113 0.100985 0.113399 0.126795 0.14111 0.15585 0.170892 0.185958 0.200304 0.212779 0.223053 0.230313 0.231522 0.226491 0.214494 0.193623 0.168877 0.278786 0.181899 0.0389867 0.0157346 0.00525529 0.00142062 0.000307068 5.1956e-05 6.64176e-06 
eC: 1 1.15749 1.33977 1.55077 1.795 2.07768 2.40489 2.78363 3.22201 3.72944 4.31677 4.99661 5.78351 6.69433 7.7486 8.9689 10.3814 12.0163 13.9087 16.0991 18.6345 21.5692 24.9661 28.8979 33.4489 38.7167 44.814 51.8717 60.0407 69.4963 80.4411 93.1095 107.773 124.746 144.391 167.131 193.452 223.918 259.182 300 
dV: 1.08333 0.211322 0.327712 0.508206 0.788112 1.22218 1.89532 2.93921 4.55805 7.06849 10.9616 16.999 26.3615 40.8807 63.3966 98.3136 152.462 236.434 366.655 568.597 881.764 1367.42 2120.55 3288.49 5099.69 7908.45 12264.2 19019 29494.1 45738.6 70930.1 109996 170579 264529 410225 636165 986546 1.52991e+06 2.37254e+06 3.67926e+06 
kVec: 869675 1.00964e+06 1.1648e+06 1.34396e+06 1.55067e+06 1.78849e+06 2.06197e+06 2.37628e+06 2.73702e+06 3.14925e+06 3.62087e+06 4.15986e+06 4.77116e+06 5.46468e+06 6.25035e+06 7.13668e+06 8.1245e+06 9.22932e+06 1.04623e+07 1.18022e+07 1.32649e+07 1.48563e+07 1.65661e+07 1.83367e+07 2.02115e+07 2.22283e+07 2.42129e+07 2.63357e+07 2.8773e+07 3.17695e+07 3.55763e+07 4.12654e+07 5.08603e+07 6.61731e+07 9.06186e+07 1.28348e+08 1.8175e+08 2.47967e+08 3.28046e+08 4.17161e+08 
cMat: 
-179266 947.328 1113.16 1296.64 1511.55 1764.59 2062.7 2414.21 2830.33 3326.47 3917.32 4622.86 5476.54 6509.77 7763.28 9299.29 11208.8 13577 16531.5 20321.1 25171 31410.7 39595.2 50551.5 65166.9 84850.1 112366 150530 203858 279929 389820 548152 778158 1.11891e+06 1.61552e+06 2.33533e+06 3.35701e+06 4.79778e+06 6.86444e+06 9.8565e+06 
4808.06 -212211 1280.32 1491.36 1738.56 2029.62 2372.53 2776.87 3255.54 3826.28 4506 5317.67 6299.83 7488.61 8930.9 10698.4 12895.7 15621.2 19021.6 23383.8 28966.9 36150.9 45575.2 58193.3 75028.1 97704 129410 173394 234866 322572 449293 631908 897234 1.29037e+06 1.86339e+06 2.69403e+06 3.8731e+06 5.53579e+06 7.92077e+06 1.13737e+07 
3601.26 816.102 -244273 1713.27 1997.27 2331.67 2725.64 3190.21 3740.2 4396 5177.04 6109.75 7238.43 8604.63 10262.3 12293.8 14819.7 17953 21862.5 26878.4 33299.2 41562.2 52403.8 66922.2 86296 112397 148902 199553 270360 371410 517443 727934 1.03383e+06 1.48713e+06 2.14797e+06 3.10604e+06 4.46606e+06 6.38387e+06 9.13485e+06 1.31177e+07 
2669.05 604.852 1090.1 -281723 2292.05 2675.84 3128.02 3661.23 4292.5 5045.25 5941.81 7012.5 8308.25 9876.78 11780.1 14112.8 17013.5 20612.1 25102.7 30865 38242.4 47737.9 60199 76889.8 99167.3 129187 171184 229471 310974 427321 595503 837978 1.19043e+06 1.71284e+06 2.47453e+06 3.57901e+06 5.14697e+06 7.35793e+06 1.05294e+07 1.51211e+07 
1975.58 447.704 806.886 1455.32 -325379 3039.94 3585.64 4196.94 4920.69 5783.75 6811.74 8039.46 9525.35 11324.2 13507.1 16182.8 19510.3 23639 28791.7 35404.7 43872.6 54773.8 69082.5 88252.7 113846 148343 196617 263637 357380 491239 684793 963925 1.36977e+06 1.97143e+06 2.84886e+06 4.12137e+06 5.92803e+06 8.47548e+06 1.21297e+07 1.74203e+07 
1460.85 331.06 596.668 1076.18 1925.56 -376114 4102.78 4802.35 5630.65 6618.44 7795.07 9200.38 10901.4 12960.8 15460.1 18524 22334.9 27064 32966.8 40544.2 50248.9 62744.9 79151.4 101138 130501 170091 225512 302481 410182 564028 786559 1.10759e+06 1.5745e+06 2.26685e+06 3.2768e+06 4.7418e+06 6.82193e+06 9.75487e+06 1.39621e+07 2.00535e+07 
1078.66 244.449 440.576 794.657 1434.64 2591.58 -435036 5485.27 6431.55 7560.12 8904.52 10510.3 12454.2 14807.9 17664.7 21167.3 25524.6 30932.5 37683.9 46352.5 57457.6 71760.3 90544.3 115726 149366 194741 258287 346578 470171 646797 902380 1.27123e+06 1.80791e+06 2.60392e+06 3.76541e+06 5.45065e+06 7.84375e+06 1.12178e+07 1.60579e+07 2.30656e+07 
794.91 180.147 324.688 585.642 1057.31 1910 3453.76 -503415 7256.43 8620.15 10153.5 11985.2 14202.7 16888.1 20147.9 24145.2 29118.8 35292.7 43001.9 52903.1 65590.5 81935.8 103409 132208 170695 222629 295396 396545 538206 740753 1.03398e+06 1.45735e+06 2.0736e+06 2.98793e+06 4.3225e+06 6.25938e+06 9.01017e+06 1.28884e+07 1.84517e+07 2.65066e+07 
584.62 132.492 238.801 430.735 777.662 1404.86 2540.41 4552.15 -582910 9806.38 11551.4 13636.1 16160.2 19217.3 22928.9 27480.9 33145.9 40179.6 48964.5 60250.5 74717 93360.4 117863 150738 194692 254032 337222 452923 615055 847004 1.18297e+06 1.6683e+06 2.37509e+06 3.42413e+06 4.95591e+06 7.17972e+06 1.03385e+07 1.47915e+07 2.11796e+07 3.04288e+07 
429.216 97.2745 175.329 316.256 570.993 1031.54 1865.4 3378.04 6125.83 -674934 13099.8 15465.1 18329.4 21799 26012.2 31180.4 37613.9 45603.9 55585.7 68414.4 84864.4 106072 133958 171393 221471 289115 384014 516086 701284 966413 1.35069e+06 1.90615e+06 2.71556e+06 3.91743e+06 5.67317e+06 8.2231e+06 1.18457e+07 1.69523e+07 2.42781e+07 3.48851e+07 
314.207 71.2112 128.355 231.531 418.036 755.239 1365.81 2473.44 4485.64 8143.29 -781841 17490 20731.4 24658.6 29428.2 35280.4 42567.5 51620.1 62933 77478.6 96137.8 120205 151867 194397 251326 328275 436311 586779 797935 1.10047e+06 1.53928e+06 2.17401e+06 3.09956e+06 4.47459e+06 6.48433e+06 9.40443e+06 1.35537e+07 1.94023e+07 2.77928e+07 3.99415e+07 
229.209 51.9484 93.6372 168.911 304.984 551.016 996.528 1804.78 3273.21 5942.65 10811.4 -906197 23201.8 27808.8 33192.5 39800 48030.2 58257.8 71043.6 87490.7 108599 135839 171697 219896 284458 371790 494509 665573 905842 1.25039e+06 1.75057e+06 2.47465e+06 3.53131e+06 5.102e+06 7.39906e+06 1.07383e+07 1.54843e+07 2.21733e+07 3.17696e+07 4.56645e+07 
166.778 37.8 68.1367 122.915 221.943 401.006 725.271 1313.6 2382.56 4326.01 7871.09 14250.6 -1.05037e+06 31208.1 37256.5 44682 53934.9 65437.8 79824 98340.3 122118 152822 193269 247682 320628 419392 558322 752184 1.02477e+06 1.41608e+06 1.98473e+06 2.80874e+06 4.01237e+06 5.80277e+06 8.42304e+06 1.22344e+07 1.7653e+07 2.5289e+07 3.62444e+07 5.21072e+07 
120.868 27.3953 49.3835 89.0889 160.872 290.679 525.764 952.322 1727.43 3136.82 5708.03 10413.7 19027.4 -1.21817e+06 41625.6 49933.6 60290.9 73172.5 89291 110051 136727 171199 216646 277846 359971 471278 628049 847070 1.15541e+06 1.59862e+06 2.24346e+06 3.17895e+06 4.54693e+06 6.58346e+06 9.56643e+06 1.39085e+07 2.00835e+07 2.87843e+07 4.12678e+07 5.93435e+07 
87.1421 19.7519 35.6067 64.2382 116.004 209.62 379.177 686.864 1246.03 2262.91 4118.31 7514.54 13732.6 25165.1 -1.41368e+06 54924.2 67085.3 81447.8 99429.1 122606 152410 190955 241820 310392 402512 527514 703821 950477 1.29821e+06 1.79879e+06 2.52808e+06 3.58748e+06 5.13864e+06 7.45e+06 1.08388e+07 1.57755e+07 2.27988e+07 3.26935e+07 4.68904e+07 6.74472e+07 
62.5006 14.1671 25.5402 46.0797 83.2177 150.386 272.052 492.859 894.189 1624.14 2956.25 5395.07 9861.31 18075.2 32886.3 -1.64298e+06 74201.6 90125 110073 135808 168931 211807 268450 344910 447760 587515 784958 1.06163e+06 1.45233e+06 2.01572e+06 2.83785e+06 4.03397e+06 5.78791e+06 8.4043e+06 1.22446e+07 1.78444e+07 2.58145e+07 3.70413e+07 5.31499e+07 7.64753e+07 
44.6179 10.1141 18.2345 32.9009 59.4216 107.392 194.295 352.032 638.771 1160.4 2112.53 3856.08 7049.99 12925.8 23790.1 43947.1 -1.90984e+06 98924.3 120888 149251 185797 233157 295807 380506 494617 649937 869810 1.17852e+06 1.61534e+06 2.24658e+06 3.16953e+06 4.5149e+06 6.4913e+06 9.44349e+06 1.37826e+07 2.0117e+07 2.91378e+07 4.18417e+07 6.00707e+07 8.64662e+07 
31.6107 7.16597 12.9202 23.3139 42.1102 76.113 137.72 249.558 452.896 822.884 1498.38 2735.66 5002.94 9175.55 16893.7 31220.5 57860.3 -2.22384e+06 131846 162905 202972 254962 323842 417127 543031 714732 958358 1.30119e+06 1.78744e+06 2.4918e+06 3.52404e+06 5.03203e+06 7.25204e+06 1.05732e+07 1.54624e+07 2.26094e+07 3.2794e+07 4.71332e+07 6.77096e+07 9.75041e+07 
22.1932 5.03136 9.07219 16.3716 29.5735 53.4592 96.7422 175.329 318.238 578.335 1053.32 1923.59 3518.91 6456.11 11891.6 21986.5 40769.9 76022.9 -2.59605e+06 175495 220154 276854 352101 454216 592315 781061 1.04957e+06 1.42841e+06 1.96715e+06 2.74974e+06 3.89965e+06 5.58378e+06 8.06915e+06 1.1794e+07 1.72873e+07 2.53297e+07 3.67987e+07 5.29419e+07 7.61081e+07 1.09652e+08 
15.4837 3.51053 6.33048 11.4251 20.6404 37.316 67.539 122.424 222.256 404.003 736.01 1344.53 2460.53 4516.24 8322.54 15396.4 28569 53313.1 99606.2 -3.03316e+06 235869 297019 378342 488974 638966 844517 1.1379e+06 1.55314e+06 2.14565e+06 3.00936e+06 4.28268e+06 6.15352e+06 8.92294e+06 1.30829e+07 1.92316e+07 2.8251e+07 4.11255e+07 5.92407e+07 8.5238e+07 1.22879e+08 
10.6909 2.42407 4.37171 7.8908 14.2572 25.7797 46.6673 84.6079 153.637 279.348 509.073 930.291 1703.18 3127.69 5766.93 10675.5 19824.4 37027.2 69651.6 131478 -3.55474e+06 315273 402323 521082 682561 904548 1.2226e+06 1.67448e+06 2.32179e+06 3.26931e+06 4.67177e+06 6.74017e+06 9.8133e+06 1.44419e+07 2.13018e+07 3.13871e+07 4.57997e+07 6.60711e+07 9.51639e+07 1.37284e+08 
7.28592 1.65218 2.97996 5.3794 9.72094 17.5802 31.8305 57.7216 104.842 190.685 347.618 635.495 1164.02 2138.76 3945.98 7309.91 13586.4 25401.2 47835.4 90419.6 172179 -4.18161e+06 418594 549724 722047 959791 1.30192e+06 1.79013e+06 2.49267e+06 3.52601e+06 5.06261e+06 7.33895e+06 1.07356e+07 1.58677e+07 2.34975e+07 3.47447e+07 5.08395e+07 7.34669e+07 1.05942e+08 1.52954e+08 
4.90317 1.11197 2.00587 3.62149 6.54533 11.8394 21.4412 38.8913 70.6602 128.562 234.461 428.822 785.894 1444.91 2667.75 4946.11 9202.21 17224.2 32478.4 61488.1 117300 223471 -4.94753e+06 572096 753838 1.00563e+06 1.36988e+06 1.89236e+06 2.64832e+06 3.76673e+06 5.43925e+06 7.93035e+06 1.1667e+07 1.73348e+07 2.57929e+07 3.83012e+07 5.62304e+07 8.14245e+07 1.17584e+08 1.6992e+08 
3.25978 0.739362 1.33392 2.40872 4.35422 7.87785 14.2704 25.8922 47.0587 85.6553 156.285 285.99 524.464 964.969 1783.12 3309.22 6164.02 11553 21817.7 41381.9 79112.9 152824 297912 -5.87418e+06 772871 1.03547e+06 1.41778e+06 1.96971e+06 2.77369e+06 3.97191e+06 5.77673e+06 8.48344e+06 1.25708e+07 1.88018e+07 2.81451e+07 4.20187e+07 6.19482e+07 8.99366e+07 1.30107e+08 1.88228e+08 
2.12656 0.482398 0.870455 1.57211 2.84248 5.14401 9.32087 16.9173 30.7584 56.0112 102.249 187.218 343.574 632.666 1170.17 2174.01 4054.8 7611.09 14397.8 27365.3 52442.1 101580 198653 391115 -7.02603e+06 1.05083e+06 1.4473e+06 2.02395e+06 2.87062e+06 4.1434e+06 6.07712e+06 9.00114e+06 1.34525e+07 2.02801e+07 3.0577e+07 4.59416e+07 6.8071e+07 9.91303e+07 1.43707e+08 2.08174e+08 
1.3566 0.307781 0.555468 1.00342 1.81466 3.28486 5.954 10.8103 19.663 35.8243 65.435 119.888 220.184 405.818 751.363 1397.6 2610.47 4908.1 9301.99 17720.6 34050 66155.9 129839 256733 514850 -8.49428e+06 1.45117e+06 2.05246e+06 2.93513e+06 4.27546e+06 6.33263e+06 9.4738e+06 1.43018e+07 2.17623e+07 3.30908e+07 5.00931e+07 7.46599e+07 1.0912e+08 1.58575e+08 2.30054e+08 
0.850808 0.193061 0.348497 0.629681 1.13906 2.06254 3.73982 6.79292 12.3616 22.5346 41.1874 75.5177 138.818 256.12 474.761 884.315 1654.5 3116.69 5919.71 11307.6 21795.5 42498.4 83761.2 166475 335816 687249 -1.03219e+07 2.02288e+06 2.92287e+06 4.30757e+06 6.46193e+06 9.79493e+06 1.49851e+07 2.3089e+07 3.55093e+07 5.42979e+07 8.15663e+07 1.19794e+08 1.74651e+08 2.53856e+08 
0.518473 0.11767 0.212454 0.383966 0.694764 1.25846 2.28274 4.14813 7.5525 13.7763 25.1971 46.2357 85.0735 157.136 291.65 544.052 1019.73 1924.93 3664.77 7020.79 13579.1 26581.5 52634.7 105209 213625 442159 920193 -1.26854e+07 2.84459e+06 4.25003e+06 6.47349e+06 9.9697e+06 1.5504e+07 2.42632e+07 3.78474e+07 5.86048e+07 8.89044e+07 1.31368e+08 1.92294e+08 2.80132e+08 
0.304702 0.0691668 0.124909 0.225806 0.408702 0.740563 1.34387 2.44317 4.45067 8.12361 14.8692 27.3074 50.2967 93.0119 172.866 322.982 606.542 1147.49 2190.17 4208.99 8170.67 16062.2 31965.6 64291.4 131484 274395 576983 1.23443e+06 -1.58049e+07 4.05524e+06 6.35541e+06 9.97375e+06 1.58172e+07 2.52273e+07 4.00385e+07 6.29597e+07 9.66663e+07 1.43912e+08 2.11692e+08 3.09213e+08 
0.17203 0.0390582 0.0705527 0.127577 0.230982 0.418692 0.76011 1.38257 2.52003 4.60285 8.43152 15.4982 28.5767 52.9124 98.4814 184.311 346.838 657.72 1258.75 2427.17 4730.42 9341.85 18693.3 37853.2 78030 164339 349618 758308 1.66734e+06 -2.00172e+07 6.02371e+06 9.67519e+06 1.57261e+07 2.57021e+07 4.17186e+07 6.69311e+07 1.04387e+08 1.56945e+08 2.32344e+08 3.40516e+08 
0.0917474 0.0208348 0.0376441 0.0680891 0.123316 0.223614 0.406136 0.739093 1.34793 2.46373 4.51668 8.30976 15.339 28.4383 53.0076 99.3767 187.402 356.24 683.672 1322.87 2588.8 5136.85 10337.9 21084.2 43830.5 93221.3 200862 442349 1.00075e+06 2.30695e+06 -2.56852e+07 8.82575e+06 1.48043e+07 2.50037e+07 4.18541e+07 6.90508e+07 1.10091e+08 1.6786e+08 2.50772e+08 3.69201e+08 
0.0381393 0.00866275 0.0156556 0.0283249 0.051315 0.0930868 0.169141 0.307958 0.561966 1.02787 1.88585 3.47268 6.41727 11.9127 22.2372 41.7609 78.9167 150.379 289.396 561.911 1104.16 2201.4 4455.84 9153.56 19191.9 41228.5 90007.4 201396 464283 1.09541e+06 2.60912e+06 -3.48294e+07 1.10747e+07 1.94734e+07 3.38843e+07 5.79448e+07 9.50834e+07 1.47713e+08 2.23368e+08 3.30833e+08 
0.0189228 0.00429886 0.00777087 0.0140633 0.0254856 0.0462486 0.084071 0.153144 0.279616 0.511781 0.939705 1.73194 3.20395 5.95513 11.1322 20.9414 39.655 75.7441 146.163 284.772 561.85 1125.48 2291.08 4740.52 10024.6 21752.5 48126.2 109461 257335 622276 1.52959e+06 3.87059e+06 -4.67532e+07 1.86936e+07 3.41681e+07 6.11125e+07 1.04027e+08 1.65556e+08 2.54322e+08 3.796e+08 
0.00876649 0.00199192 0.0036015 0.00651941 0.0118179 0.0214531 0.0390129 0.0710978 0.12988 0.237869 0.437075 0.806211 1.4929 2.77804 5.19999 9.79707 18.587 35.5802 68.8307 134.525 266.404 535.964 1096.76 2284.41 4869.09 10664.4 23891.3 55191.8 132236 327674 832343 2.1928e+06 6.02288e+06 -6.30533e+07 3.14195e+07 6.00268e+07 1.08305e+08 1.79472e+08 2.83291e+08 4.28745e+08 
0.00310774 0.00070626 0.00127721 0.00231254 0.00419307 0.00761411 0.0138515 0.0252536 0.046155 0.0845795 0.155514 0.28707 0.532068 0.991144 1.8575 3.50462 6.66056 12.7756 24.7714 48.5533 96.4793 194.871 400.68 839.616 1802.5 3981.44 9021.49 21138 51530.2 130588 342089 936823 2.70293e+06 7.71439e+06 -8.90044e+07 4.58475e+07 8.95255e+07 1.57516e+08 2.59456e+08 4.02103e+08 
0.000931368 0.000211693 0.000382899 0.000693426 0.00125761 0.00228431 0.00415695 0.00758163 0.0138626 0.0254166 0.0467605 0.0863752 0.160223 0.298751 0.560497 1.05886 2.01552 3.87288 7.52481 14.787 29.4722 59.7387 123.353 259.874 561.472 1249.55 2859.97 6785.85 16799.2 43435.6 117007 332136 1.00227e+06 3.05556e+06 9.50513e+06 -1.27622e+08 6.45245e+07 1.2465e+08 2.18822e+08 3.52725e+08 
0.0002302 5.23289e-05 9.46633e-05 0.000171462 0.000311022 0.000565064 0.00102856 0.00187648 0.00343219 0.00629536 0.0115874 0.0214152 0.03975 0.074173 0.139278 0.26338 0.501947 0.965867 1.87965 3.70113 7.39439 15.0296 31.1379 65.876 143.042 320.214 738.7 1770 4434.86 11647.8 32075.4 93709.8 293346 947919 3.1913e+06 1.10944e+07 -1.8148e+08 8.31589e+07 1.62377e+08 2.81982e+08 
4.57839e-05 1.04083e-05 1.88304e-05 3.41107e-05 6.18821e-05 0.000112443 0.000204707 0.000373531 0.000683357 0.00125374 0.00230834 0.00426757 0.00792448 0.0147939 0.027794 0.0525924 0.100307 0.193183 0.376325 0.74193 1.48447 3.02243 6.27469 13.3093 28.9886 65.1293 150.978 363.965 918.799 2437.03 6805.95 20259 64967.8 218594 781383 2.98257e+06 1.15725e+07 -2.47888e+08 9.78472e+07 1.99275e+08 
7.15273e-06 1.62616e-06 2.9422e-06 5.33009e-06 9.67042e-06 1.75734e-05 3.19969e-05 5.8393e-05 0.000106844 0.00019606 0.000361054 0.000667664 0.00124015 0.00231597 0.00435279 0.00824015 0.0157245 0.0303032 0.0590731 0.116566 0.233467 0.475914 0.989421 2.10239 4.58873 10.3348 24.0349 58.1742 147.578 393.951 1110.24 3345.16 10897.6 37676.5 140540 571721 2.4674e+06 1.06842e+07 -3.28029e+08 1.19785e+08 
8.47642e-07 1.92718e-07 3.48699e-07 6.31739e-07 1.14624e-06 2.08314e-06 3.79322e-06 6.92312e-06 1.26689e-05 2.32508e-05 4.2824e-05 7.92041e-05 0.000147148 0.000274864 0.000516739 0.000978535 0.00186803 0.0036015 0.00702422 0.0138688 0.027797 0.0567079 0.118005 0.251027 0.548613 1.23743 2.88325 6.99438 17.791 47.6509 134.903 408.909 1342.45 4706.09 17976.1 76059.3 353638 1.79586e+06 9.88609e+06 -4.17158e+08 
dt_FE: 2.39716e-09
dt_EA: 2.39716e-09
dt_PE: 2.39716e-09
tolC: 1e-06
dt_grow: 1.03
dt_max: 0.1
steps: 0
