t: 0.00103667
dt: 3.11002e-05
N: 0.99855 0.999997 0.999995 0.99999 0.999977 0.99994 0.999779 0.998821 0.994281 0.980014 0.948723 0.896431 0.824601 0.738801 0.646105 0.55305 0.464627 0.384055 0.313001 0.251974 0.201363 0.169211 0.196345 0.289441 0.232982 0.0569613 0.00345193 8.76253e-05 3.23878e-06 1.25947e-07 4.08014e-09 1.08263e-10 2.32509e-12 3.99123e-14 5.4042e-16 5.69162e-18 4.59409e-20 2.79791e-22 1.26462e-24 4.1685e-27 
eC: 1.00639 3.07804 5.27089 7.59201 10.0489 12.6496 15.4023 18.3162 21.4004 24.6651 28.1208 31.7787 35.6505 39.7488 44.0869 48.6788 53.5393 58.6841 64.1299 69.8943 75.9959 82.4544 89.2908 96.5271 104.187 112.294 120.876 129.96 139.576 149.754 160.527 171.931 184.002 196.778 210.303 224.618 239.771 255.811 272.788 290.759 
dV: 2.71811 20.9912 63.6092 138.722 256.496 429.553 673.497 1007.55 1455.33 2045.74 2814.09 3803.42 5066.04 6665.5 8678.77 11199 14338.7 18233.7 23047.8 28977.8 36261 45182.1 56083.2 69374.4 85547.6 105192 129013 157855 192727 234836 285622 346808 420447 508992 615366 743056 896219 1.07981e+06 1.29972e+06 1.56298e+06 
kVec: 6115.93 13830.8 16673.2 16183.1 13975.4 11273.2 8754.36 6675.58 5061.83 3844.97 2937.02 2260.22 1754.86 1377.96 1099.28 897.447 757.01 666.503 617.159 602.095 615.565 651.309 698.442 743.286 796.67 890.807 1025.95 1179.52 1342.66 1514.75 1696.33 1888.02 2090.48 2304.4 2530.49 2769.5 3022.22 3289.46 3572.09 3870.07 
cMat: 
-0.00637929 0.00772008 0.0127364 0.0204292 0.0313185 0.0460391 0.0654474 0.0906863 0.123207 0.164796 0.217619 0.284296 0.367987 0.472506 0.602454 0.763375 0.961946 1.20619 1.50576 1.87223 2.31947 2.8641 3.526 4.32893 5.30122 6.47669 7.89557 9.6057 11.6639 14.1373 17.1055 20.6623 24.9179 30.0014 36.0635 43.2787 51.8486 62.0032 74.0025 88.1364 
1.00693e-06 -0.0285708 5.16154e-05 8.46089e-05 0.000131954 0.000196334 0.000281364 0.000392005 0.000534667 0.000717277 0.000949463 0.00124285 0.00161148 0.00207227 0.00264565 0.00335625 0.00423374 0.00531381 0.0066394 0.0082621 0.0102438 0.0126587 0.0155958 0.0191617 0.0234837 0.0287144 0.0350359 0.0426659 0.0518641 0.0629403 0.0762638 0.0922748 0.111497 0.134554 0.162187 0.195276 0.234866 0.282196 0.338732 0.406209 
4.75618e-07 1.47778e-05 -0.0667818 0.000167778 0.000266441 0.0004016 0.000580324 0.000812711 0.00111219 0.00149557 0.00198326 0.00259991 0.00337522 0.00434501 0.00555248 0.0070497 0.00889943 0.0111772 0.0139739 0.0173986 0.0215823 0.0266822 0.0328868 0.0404217 0.0495569 0.0606156 0.0739841 0.0901241 0.109587 0.13303 0.161239 0.19515 0.235878 0.284754 0.343358 0.413576 0.497646 0.598233 0.718498 0.862199 
3.48089e-07 1.10529e-05 7.65534e-05 -0.134185 0.000517571 0.000792203 0.00115604 0.00162803 0.00223485 0.00301069 0.00399731 0.00524501 0.00681429 0.00877796 0.0112238 0.0142577 0.0180071 0.0226254 0.0282973 0.0352445 0.0437333 0.0540833 0.0666773 0.081974 0.100523 0.122981 0.150133 0.18292 0.222461 0.270097 0.327425 0.396351 0.479147 0.578521 0.6977 0.840524 1.01156 1.21626 1.46108 1.7537 
3.0018e-07 9.6967e-06 6.83867e-05 0.000291147 -0.251825 0.00151222 0.00223775 0.00317615 0.00437663 0.00590622 0.00784816 0.0103026 0.0133893 0.0172524 0.0220649 0.0280356 0.0354157 0.0445077 0.0556756 0.0693564 0.0860753 0.106462 0.131272 0.161409 0.197956 0.24221 0.295719 0.360336 0.438273 0.532171 0.645182 0.781068 0.944312 1.14026 1.37528 1.65695 1.99431 2.39809 2.88109 3.4585 
2.98504e-07 9.75976e-06 6.97279e-05 0.000301453 0.00102295 -0.462673 0.00458326 0.00659386 0.00914687 0.0123768 0.0164606 0.0216125 0.0280874 0.036189 0.046282 0.0588045 0.0742842 0.0933561 0.116784 0.145485 0.180563 0.223338 0.275395 0.338635 0.41533 0.5082 0.6205 0.756116 0.919695 1.11678 1.354 1.63924 1.98192 2.39328 2.88667 3.47805 4.18638 5.03423 6.04848 7.26107 
4.13081e-07 1.36154e-05 9.80853e-05 0.00042823 0.00147358 0.00446164 -0.854498 0.0184796 0.0259871 0.0353738 0.0471377 0.0619113 0.0804431 0.103615 0.132475 0.168279 0.212538 0.267068 0.334053 0.416118 0.516413 0.63872 0.787572 0.968399 1.1877 1.45327 1.77439 2.1622 2.62997 3.19358 3.87195 4.68768 5.6677 6.84413 8.25523 9.94659 11.9725 14.3975 17.2986 20.7671 
8.09866e-07 2.68401e-05 0.000194356 0.000853286 0.00295933 0.00908216 0.0261469 -1.58793 0.104827 0.144714 0.193903 0.255043 0.331372 0.426633 0.5452 0.69226 0.874027 1.09796 1.37303 1.71002 2.12185 2.62407 3.23527 3.97776 4.87824 5.96865 7.28719 8.87953 10.8002 13.1144 15.8998 19.2492 23.2733 28.1038 33.898 40.843 49.1618 59.1197 71.0324 85.2756 
1.3855e-06 4.60973e-05 0.00033492 0.00147496 0.00513488 0.0158643 0.0463004 0.132 -2.90127 0.528756 0.718902 0.950458 1.23622 1.59113 2.0321 2.5787 3.25412 4.08614 5.10807 6.35993 7.88979 9.75528 12.0255 14.7834 18.1279 22.1778 27.075 32.9889 40.1222 48.7169 59.0616 71.5009 86.4456 104.385 125.904 151.697 182.592 219.574 263.817 316.715 
1.63143e-06 5.44416e-05 0.000396478 0.00174924 0.00610032 0.0188977 0.0554833 0.160421 0.465487 -5.138 1.90471 2.55664 3.34139 4.30388 5.49404 6.9669 8.78589 11.0261 13.7772 17.147 21.2648 26.2857 32.3956 39.8174 48.8177 59.7159 72.8935 88.8068 108.001 131.126 158.961 192.43 232.64 280.908 338.805 408.202 491.325 590.826 709.862 852.185 
1.33907e-06 4.47926e-05 0.000326795 0.00144356 0.00503842 0.0156217 0.0459549 0.133604 0.393374 1.1839 -8.91431 5.02607 6.67231 8.63305 11.0255 13.9727 17.6072 22.0811 27.5742 34.3017 42.5216 52.5433 64.7378 79.5496 97.5108 119.258 145.553 177.306 215.604 261.746 317.28 384.057 464.282 560.582 676.091 814.54 980.374 1178.88 1416.36 1700.3 
8.16964e-07 2.73825e-05 0.000200069 0.000884586 0.00308885 0.00957888 0.0281877 0.0820679 0.242881 0.74213 2.34722 -15.3037 10.4541 13.7447 17.6268 22.3437 28.1356 35.2559 43.9947 54.695 67.7672 83.703 103.092 126.64 155.194 189.764 231.562 282.032 342.904 416.239 504.502 610.629 738.125 891.166 1074.73 1294.75 1558.28 1873.74 2251.11 2702.32 
3.92529e-07 1.31791e-05 9.6412e-05 0.0004266 0.00149011 0.00462091 0.0135952 0.0395806 0.117263 0.360033 1.15667 3.88054 -25.7904 18.283 23.8318 30.3234 38.1845 47.8104 59.6112 74.0556 91.6982 113.203 139.364 171.134 209.654 256.287 312.665 380.738 462.835 561.739 680.769 823.887 995.816 1202.19 1449.72 1746.4 2101.75 2527.1 3035.95 3644.33 
1.54971e-07 5.21087e-06 3.81614e-05 0.000168965 0.000590352 0.00183061 0.0053842 0.0156684 0.0464064 0.142587 0.460151 1.56872 5.62148 -42.0085 28.2054 36.4812 46.0933 57.7032 71.8856 89.2289 110.405 136.212 167.604 205.72 251.93 307.868 375.489 457.133 555.591 674.198 816.935 988.551 1194.71 1442.16 1738.95 2094.67 2520.72 3030.7 3640.77 4370.17 
5.17556e-08 1.74256e-06 1.27735e-05 5.65896e-05 0.000197768 0.00061323 0.00180312 0.00524466 0.0155242 0.0476763 0.153931 0.526956 1.91934 7.38793 -65.4586 39.7081 50.9963 64.0286 79.739 98.8905 122.257 150.724 185.345 227.377 278.327 339.997 414.541 504.534 613.055 743.776 901.084 1090.21 1317.39 1590.07 1917.11 2309.06 2778.51 3340.42 4012.61 4816.26 
1.4904e-08 5.02389e-07 3.68574e-06 1.63371e-05 5.71075e-05 0.000177073 0.000520537 0.00151343 0.00447707 0.0137398 0.0443342 0.151805 0.555013 2.17165 9.02422 -97.3307 52.2458 66.6621 83.2258 103.165 127.427 156.967 192.882 236.478 289.316 353.262 430.549 523.847 636.341 771.84 934.887 1130.9 1366.35 1648.93 1987.84 2394.01 2880.47 3462.74 4159.25 4991.97 
3.74586e-09 1.264e-07 9.28013e-07 4.11534e-06 1.43885e-05 4.46144e-05 0.000131128 0.000381113 0.00112685 0.00345592 0.0111426 0.0381263 0.139396 0.547263 2.31157 10.4205 -138.446 65.3443 82.8722 102.938 127.07 156.384 192.007 235.237 287.621 351.01 427.614 520.075 631.552 765.813 927.358 1121.55 1354.81 1634.74 1970.46 2372.79 2854.64 3431.36 4121.23 4946 
8.27639e-10 2.79545e-08 2.05375e-07 9.11133e-07 3.18624e-06 9.87971e-06 2.90338e-05 8.43605e-05 0.000249325 0.000764225 0.00246228 0.00841829 0.0307544 0.12072 0.511404 2.34282 11.5141 -189.284 78.6433 99.1782 122.628 150.812 184.995 226.46 276.695 337.471 410.906 499.532 606.373 735.037 889.835 1075.91 1299.39 1567.58 1889.2 2274.61 2736.19 3288.62 3949.43 4739.42 
1.61355e-10 5.45475e-09 4.00988e-08 1.77963e-07 6.22456e-07 1.93012e-06 5.6715e-06 1.64753e-05 4.86755e-05 0.000149129 0.000480199 0.00164056 0.00598844 0.0234868 0.099463 0.456792 2.28051 12.2818 -250.044 91.9015 115.289 141.959 173.999 212.805 259.8 316.644 385.317 468.182 568.064 688.335 833.021 1006.92 1215.77 1466.38 1766.91 2127.02 2558.28 3074.42 3691.78 4429.81 
2.77876e-11 9.40163e-10 6.91505e-09 3.07004e-08 1.07398e-07 3.33034e-07 9.7851e-07 2.84198e-06 8.39409e-06 2.57073e-05 8.27372e-05 0.000282493 0.00103041 0.00403789 0.0170849 0.0784261 0.392344 2.14528 12.7289 -320.698 104.978 131.043 160.755 196.442 239.605 291.797 354.836 430.889 522.547 632.901 765.641 925.169 1116.74 1346.6 1622.22 1952.48 2347.95 2821.24 3387.34 4064.06 
4.22001e-12 1.42891e-10 1.05151e-09 4.66981e-09 1.63389e-08 5.06676e-08 1.4886e-07 4.32284e-07 1.2765e-06 3.90808e-06 1.25727e-05 4.29054e-05 0.000156404 0.000612453 0.00258919 0.0118747 0.05937 0.325156 1.95744 12.8685 -400.914 117.711 146.257 178.815 217.912 265.139 322.165 390.949 473.832 573.606 693.604 837.802 1010.94 1218.68 1467.74 1766.16 2123.49 2551.11 3062.56 3673.93 
5.57968e-13 1.89074e-11 1.39198e-10 6.18365e-10 2.16389e-09 6.71057e-09 1.97146e-08 5.72432e-08 1.69001e-07 5.1727e-07 1.66353e-06 5.67452e-06 2.06747e-05 8.09086e-05 0.000341798 0.00156626 0.00782371 0.0428185 0.258083 1.72005 12.6041 -489.874 128.72 159.239 194.095 235.944 286.436 347.322 420.673 508.956 615.117 742.672 895.81 1079.53 1299.78 1563.65 1879.6 2257.67 2709.83 3250.31 
6.08864e-14 2.06475e-12 1.52072e-11 6.75735e-11 2.36498e-10 7.33452e-10 2.15469e-09 6.25571e-09 1.84659e-08 5.65068e-08 1.81672e-07 6.19484e-07 2.25605e-06 8.82425e-06 3.7255e-05 0.000170594 0.000851437 0.00465557 0.0280389 0.18703 1.38812 11.4094 -586.695 130.994 161.389 196.175 237.933 288.256 348.865 421.798 509.486 614.827 741.279 892.965 1074.79 1292.62 1553.41 1865.46 2238.63 2684.68 
5.35125e-15 1.81606e-13 1.33807e-12 5.94721e-12 2.08172e-11 6.45631e-11 1.89665e-10 5.50608e-10 1.62509e-09 4.97193e-09 1.59811e-08 5.44773e-08 1.98323e-07 7.75372e-07 3.27181e-06 1.49728e-05 7.46757e-05 0.000407984 0.0024549 0.0163613 0.121494 1.01043 9.37752 -687.53 121.924 149.639 181.442 219.609 265.554 320.827 387.269 467.073 562.856 677.737 815.432 980.37 1177.82 1414.06 1696.56 2034.21 
5.02182e-16 1.70558e-14 1.25713e-13 5.58871e-13 1.95647e-12 6.06814e-12 1.78259e-11 5.1746e-11 1.52708e-10 4.67133e-10 1.50118e-09 5.11597e-09 1.86187e-08 7.2765e-08 3.06907e-07 1.40376e-06 6.99689e-06 3.81999e-05 0.000229668 0.00152929 0.0113459 0.0943799 0.885363 9.34326 -781.811 138.625 169.528 205.096 247.77 299.086 360.756 434.814 523.684 630.258 757.979 910.951 1094.06 1313.12 1575.06 1888.1 
4.65715e-17 1.58303e-15 1.16719e-14 5.18998e-14 1.8171e-13 5.63611e-13 1.65565e-12 4.80586e-12 1.41813e-11 4.33745e-11 1.39363e-10 4.74843e-10 1.72765e-09 6.74976e-09 2.84582e-08 1.30107e-07 6.48165e-07 3.53655e-06 2.12478e-05 0.000141369 0.00104789 0.00870876 0.0816909 0.870437 10.5226 -887.243 179.604 218.911 264.3 318.739 384.138 462.655 556.858 669.806 805.145 967.22 1161.2 1393.25 1670.69 2002.24 
3.19375e-18 1.08656e-16 8.01394e-16 3.56415e-15 1.248e-14 3.87112e-14 1.13716e-13 3.30069e-13 9.73899e-13 2.9784e-12 9.56824e-12 3.25951e-11 1.18565e-10 4.63097e-10 1.95187e-09 8.92023e-09 4.44189e-08 2.42235e-07 1.45449e-06 9.67058e-06 7.16259e-05 0.000594735 0.00557359 0.0593716 0.723893 10.1034 -1025.16 200.081 243.117 292.983 352.766 424.518 510.584 613.755 737.359 885.356 1062.47 1274.31 1527.56 1830.18 
1.77331e-19 6.03891e-18 4.45541e-17 1.98188e-16 6.94039e-16 2.15289e-15 6.32425e-15 1.83559e-14 5.41569e-14 1.65607e-13 5.31953e-13 1.81185e-12 6.58937e-12 2.5731e-11 1.08421e-10 4.95332e-10 2.46559e-09 1.34399e-08 8.06578e-08 5.35958e-07 3.96691e-06 3.29131e-05 0.000308175 0.00327968 0.0399695 0.562027 9.13155 -1179.44 211.707 256.511 308.605 371.03 445.886 535.599 643.057 771.701 925.627 1109.71 1329.76 1592.67 
8.29017e-21 2.82624e-19 2.08578e-18 9.27976e-18 3.25001e-17 1.00819e-16 2.96162e-16 8.59571e-16 2.53592e-15 7.75399e-15 2.49041e-14 8.48127e-14 3.08396e-13 1.20402e-12 5.07209e-12 2.31658e-11 1.15273e-10 6.28111e-10 3.76785e-09 2.50239e-08 1.85106e-07 1.53477e-06 1.43596e-05 0.000152686 0.00185902 0.0261247 0.427188 8.15079 -1342.65 223.337 269.894 324.209 389.261 467.203 560.541 672.257 805.907 965.718 1156.72 1384.91 
3.24114e-22 1.10632e-20 8.16717e-20 3.63423e-19 1.27292e-18 3.94891e-18 1.16002e-17 3.36673e-17 9.93209e-17 3.03668e-16 9.75223e-16 3.3208e-15 1.20733e-14 4.71277e-14 1.98491e-13 9.06348e-13 4.50872e-12 2.45593e-11 1.47267e-10 9.77633e-10 7.22804e-09 5.98951e-08 5.60014e-07 5.95015e-06 7.2384e-05 0.00101625 0.0166057 0.318552 7.20397 -1514.75 235.645 284.085 340.778 408.642 489.888 587.111 703.398 842.424 1008.56 1207.02 
1.04869e-23 3.58466e-22 2.64709e-21 1.1781e-20 4.12677e-20 1.28028e-19 3.76093e-19 1.09151e-18 3.21991e-18 9.84408e-18 3.16115e-17 1.07631e-16 3.91263e-16 1.52705e-15 6.43042e-15 2.93564e-14 1.46001e-13 7.95049e-13 4.76584e-12 3.16258e-11 2.3372e-10 1.93573e-09 1.80885e-08 1.92064e-07 2.33473e-06 3.27513e-05 0.000534661 0.0102484 0.232799 6.30136 -1696.33 248.682 299.149 358.388 429.258 514.041 615.428 736.615 881.413 1054.35 
2.77689e-25 9.50789e-24 7.02326e-23 3.12623e-22 1.09519e-21 3.39781e-21 9.98148e-21 2.89682e-20 8.54517e-20 2.61234e-19 8.3882e-19 2.85578e-18 1.03803e-17 4.05076e-17 1.70552e-16 7.78467e-16 3.87079e-15 2.10732e-14 1.26285e-13 8.3774e-13 6.18865e-12 5.12338e-11 4.78515e-10 5.07796e-09 6.16876e-08 8.64709e-07 1.41045e-05 0.000270105 0.00613033 0.166532 5.45149 -1888.02 262.488 315.133 377.092 451.173 539.737 645.576 772.01 922.988 
5.94717e-27 2.04025e-25 1.50757e-24 6.71163e-24 2.35144e-23 7.29562e-23 2.1432e-22 6.2199e-22 1.83472e-21 5.60867e-21 1.80083e-20 6.13049e-20 2.22812e-19 8.69396e-19 3.65998e-18 1.6703e-17 8.30374e-17 4.51973e-16 2.70785e-15 1.79579e-14 1.32617e-13 1.09747e-12 1.02457e-11 1.08673e-10 1.31942e-09 1.84831e-08 3.01264e-07 5.76455e-06 0.000130713 0.00354763 0.11646 4.66153 -2090.48 277.106 332.089 396.949 474.455 567.054 677.647 809.685 
1.01734e-28 3.49817e-27 2.58572e-26 1.15134e-25 4.03409e-25 1.25168e-24 3.67703e-24 1.06713e-23 3.14769e-23 9.62198e-23 3.08926e-22 1.0516e-21 3.8217e-21 1.49105e-20 6.27631e-20 2.86392e-19 1.42354e-18 7.74689e-18 4.64029e-17 3.07658e-16 2.27136e-15 1.87904e-14 1.75355e-13 1.85912e-12 2.25609e-11 3.15867e-10 5.14518e-09 9.83797e-08 2.22898e-06 6.04413e-05 0.00198229 0.0795127 3.93704 -2304.4 292.58 350.07 418.022 499.176 596.075 711.738 
1.37173e-30 4.72976e-29 3.49736e-28 1.55751e-27 5.45772e-27 1.69347e-26 4.97494e-26 1.44379e-25 4.25864e-25 1.30175e-24 4.17926e-24 1.42256e-23 5.16948e-23 2.01673e-22 8.48817e-22 3.87275e-21 1.92472e-20 1.04726e-19 6.27177e-19 4.15737e-18 3.0685e-17 2.53776e-16 2.3675e-15 2.50908e-14 3.0435e-13 4.25901e-12 6.93367e-11 1.32494e-09 2.99977e-08 8.12768e-07 2.66325e-05 0.00106726 0.0529246 3.28189 -2530.49 308.959 369.135 440.377 525.413 626.891 
1.43757e-32 4.97308e-31 3.67875e-30 1.63858e-29 5.74228e-29 1.78184e-28 5.23464e-28 1.51915e-27 4.48085e-27 1.36964e-26 4.39704e-26 1.49661e-25 5.43825e-25 2.12143e-24 8.92806e-24 4.07303e-23 2.02401e-22 1.10113e-21 6.5933e-21 4.36967e-20 3.22449e-19 2.66609e-18 2.4865e-17 2.63433e-16 3.19422e-15 4.468e-14 7.27036e-13 1.38851e-11 3.14174e-10 8.50636e-09 2.78513e-07 1.11511e-05 0.000552449 0.0342916 2.69808 -2769.5 326.295 389.343 464.084 553.249 
1.15369e-34 4.00677e-33 2.96527e-32 1.32101e-31 4.62982e-31 1.43671e-30 4.22079e-30 1.22492e-29 3.61295e-29 1.10433e-28 3.54517e-28 1.20661e-27 4.38424e-27 1.71015e-26 7.19666e-26 3.28286e-25 1.63118e-24 8.87307e-24 5.31222e-23 3.52006e-22 2.59704e-21 2.14683e-20 2.00171e-19 2.1201e-18 2.56985e-17 3.5933e-16 5.84454e-15 1.11566e-13 2.52299e-12 6.82687e-11 2.23368e-09 8.93624e-08 4.42333e-06 0.000274302 0.0215941 2.18578 -3022.22 344.641 410.758 489.217 
6.97922e-37 2.43537e-35 1.80324e-34 8.03489e-34 2.8163e-33 8.73984e-33 2.56766e-32 7.45166e-32 2.19787e-31 6.71784e-31 2.15653e-30 7.33954e-30 2.66672e-29 1.04014e-28 4.37684e-28 1.9964e-27 9.91878e-27 5.39489e-26 3.22947e-25 2.13964e-24 1.57833e-23 1.30447e-22 1.21602e-21 1.28762e-20 1.56032e-19 2.181e-18 3.54609e-17 6.76622e-16 1.5294e-14 4.13611e-13 1.35246e-11 5.40705e-10 2.67435e-08 1.65701e-06 0.000130322 0.0131938 1.74344 -3289.46 364.056 433.448 
3.12989e-39 1.0984e-37 8.13764e-37 3.62674e-36 1.27133e-35 3.94554e-35 1.15918e-34 3.36409e-34 9.92233e-34 3.03273e-33 9.73529e-33 3.3132e-32 1.20375e-31 4.69498e-31 1.97549e-30 9.01018e-30 4.47619e-29 2.4344e-28 1.45711e-27 9.65271e-27 7.11937e-26 5.88307e-25 5.48312e-24 5.80467e-23 7.03224e-22 9.82678e-21 1.59721e-19 3.04648e-18 6.88321e-17 1.8606e-15 6.0807e-14 2.42955e-12 1.20085e-10 7.43466e-09 5.84227e-07 5.90914e-05 0.00780758 1.36791 -3572.09 384.6 
1.02227e-41 3.61228e-40 2.67799e-39 1.19379e-38 4.18522e-38 1.29894e-37 3.81632e-37 1.10755e-36 3.2667e-36 9.98441e-36 3.20501e-35 1.09072e-34 3.96269e-34 1.54549e-33 6.50261e-33 2.96565e-32 1.47321e-31 8.01148e-31 4.79481e-30 3.176e-29 2.34216e-28 1.93515e-27 1.80329e-26 1.90867e-25 2.31181e-24 3.22968e-23 5.24792e-22 1.00065e-20 2.26002e-19 6.10651e-18 1.99475e-16 7.96577e-15 3.93486e-13 2.4345e-11 1.91162e-09 1.93186e-07 2.55012e-05 0.00446638 1.05472 -3870.07 
cycle: 0
true_cycle: 0
nIterations: 0
nTrueIterations: 0
Branch: 0
dt_FE: 3.11002e-05
dt_EA: 3.11002e-05
dt_PE: 3.11002e-05
