t: 9.91488e-09
dt: 2.97446e-10
N: 5.68152e-05 0.000129256 0.00015652 0.000152505 0.000132189 0.000107076 8.36024e-05 6.42295e-05 4.92174e-05 3.79307e-05 2.95333e-05 2.32746e-05 1.85686e-05 1.49862e-05 1.22225e-05 1.00624e-05 8.35411e-06 7.01654e-06 7.82169e-06 9.18436e-05 0.00236286 0.034525 0.238219 0.664773 0.629406 0.165429 0.00960065 9.47808e-05 1.18385e-07 1.73622e-11 1.30489e-13 3.44151e-15 7.35387e-17 1.25639e-18 1.69365e-20 1.77638e-22 1.42835e-24 8.6681e-27 3.90497e-29 1.28325e-31 
eC: 1.00639 3.07804 5.27089 7.59201 10.0489 12.6496 15.4023 18.3162 21.4004 24.6651 28.1208 31.7787 35.6505 39.7488 44.0869 48.6788 53.5393 58.6841 64.1299 69.8943 75.9959 82.4544 89.2908 96.5271 104.187 112.294 120.876 129.96 139.576 149.754 160.527 171.931 184.002 196.778 210.303 224.618 239.771 255.811 272.788 290.759 
dV: 2.71811 20.9912 63.6092 138.722 256.496 429.553 673.497 1007.55 1455.33 2045.74 2814.09 3803.42 5066.04 6665.5 8678.77 11199 14338.7 18233.7 23047.8 28977.8 36261 45182.1 56083.2 69374.4 85547.6 105192 129013 157855 192727 234836 285622 346808 420447 508992 615366 743056 896219 1.07981e+06 1.29972e+06 1.56298e+06 
kVec: 5740.18 13066.9 15839.7 15461.4 13443.2 10946.6 8620.51 6712.76 5248.97 4164.6 3375.08 2804.63 2394.21 2100.73 1893.64 1751.5 1659.21 1606.08 1584.36 1588.28 1612.6 1647.85 1666.55 1626.51 1559.45 1572.24 1682.4 1830.98 1991.7 2161.7 2341.35 2531.26 2732.08 2944.47 3169.14 3406.83 3658.31 3924.38 4205.91 4502.84 
cMat: 
-9.71028 5.32521 8.78543 14.0918 21.6031 31.7571 45.1447 62.5541 84.9866 113.674 150.111 196.103 253.832 325.928 415.564 526.566 663.537 832.015 1038.65 1291.44 1599.94 1975.62 2432.19 2986.03 3656.71 4467.53 5446.26 6625.88 8045.57 9751.71 11799.2 14252.6 17188 20694.6 24876.1 29853.1 35764.5 42768.9 51045.9 60795.3 
0.356813 -29.4338 18.2902 29.9816 46.7586 69.572 99.7028 138.909 189.462 254.171 336.448 440.412 571.037 734.321 937.502 1189.31 1500.25 1882.98 2352.71 2927.72 3629.94 4485.68 5526.47 6790.04 8321.58 10175.1 12415.2 15118.9 18378.3 22303.2 27024.5 32698.1 39509.7 47680.1 57472 69197.3 83226.2 99997.7 120032 143942 
0.0967258 3.00535 -52.1592 34.1209 54.1858 81.6729 118.02 165.28 226.186 304.152 403.333 528.74 686.415 883.64 1129.2 1433.69 1809.87 2273.1 2841.85 3538.32 4389.17 5426.34 6688.16 8220.51 10078.3 12327.3 15046.1 18328.4 22286.5 27054.2 32791 39687.4 47970.3 57910.1 69828.4 84108.5 101206 121662 146120 175344 
0.0340076 1.07985 7.47913 -78.7239 50.5657 77.3967 112.943 159.055 218.34 294.138 390.53 512.428 665.743 857.59 1096.55 1392.95 1759.26 2210.46 2764.59 3443.32 4272.66 5283.83 6514.24 8008.71 9820.89 12015 14667.7 17870.9 21734 26388 31988.8 38722.7 46811.8 56520.4 68164 82117.6 98827.8 118826 142744 171333 
0.0129093 0.417008 2.94098 12.5208 -109.985 65.0331 96.2349 136.591 188.218 253.998 337.511 443.063 575.81 741.941 948.905 1205.67 1523.06 1914.06 2394.34 2982.68 3701.68 4578.41 5645.35 6941.4 8513.13 10416.3 12717.4 15496.3 18848 22886.1 27746.2 33590 40610.3 49037 59144 71257.4 85765.5 103130 123902 148733 
0.00495629 0.162049 1.15775 5.00527 16.9849 -146.483 76.0995 109.483 151.873 205.501 273.308 358.849 466.356 600.875 768.456 976.377 1233.4 1550.06 1939.06 2415.61 2998.02 3708.25 4572.6 5622.62 6896.04 8438.05 10302.6 12554.4 15270.4 18542.8 22481.5 27217.6 32907.4 39737.4 47929.7 57748.8 69509.7 83587.3 100428 120561 
0.00187265 0.0617238 0.444657 1.94132 6.6803 20.2263 -188.139 83.7747 117.809 160.363 213.692 280.667 364.678 469.724 600.556 762.872 963.515 1210.72 1514.39 1886.41 2341.09 2895.55 3570.35 4390.11 5384.3 6588.19 8043.96 9802.03 11922.6 14477.7 17553 21251 25693.8 31026.9 37424 45091.6 54275.7 65269.3 78420.9 94144.9 
0.000686729 0.0227592 0.164805 0.723547 2.50937 7.70125 22.1714 -234.455 88.8886 122.71 164.42 216.264 280.988 361.765 462.304 587.004 741.134 931.02 1164.27 1450.01 1799.23 2225.09 2743.36 3372.96 4136.52 5061.13 6179.19 7529.42 9158.08 11120.4 13482.3 16322.4 19734.6 23830.7 28743.9 34632.9 41686.9 50130.7 60232.2 72309.8 
0.000242246 0.00805982 0.0585587 0.257887 0.897801 2.77377 8.09533 23.0793 -284.855 92.4496 125.695 166.181 216.144 278.199 355.299 450.869 568.963 714.435 893.113 1111.99 1379.48 1705.65 2102.59 2584.78 3169.55 3877.65 4733.88 5767.9 7015.12 8517.84 10326.5 12501.5 15114.5 18251.1 22013.5 26523.2 31925 38391.1 46126.6 55375.5 
8.16263e-05 0.0027239 0.0198372 0.0875207 0.30522 0.945516 2.77602 8.0264 23.2899 -338.899 95.2995 127.918 167.181 215.338 274.886 348.578 439.589 551.672 689.321 857.924 1063.95 1315.16 1620.87 1992.2 2442.52 2987.79 3647.11 4443.31 5403.66 6560.72 7953.36 9627.95 11639.8 14054.8 16951.6 20423.8 24582.7 29561.1 35516.9 42637.8 
2.61138e-05 0.000873516 0.00637296 0.0281515 0.098256 0.304645 0.896183 2.60546 7.67133 23.0876 -396.35 98.0151 130.119 168.356 215.013 272.487 343.365 430.612 537.735 668.93 829.229 1024.67 1262.48 1551.33 1901.59 2325.7 2838.49 3457.71 4204.57 5104.39 6187.4 7489.64 9054.12 10932.1 13184.7 15884.6 19118.6 22989.8 27620.9 33158.1 
7.88795e-06 0.000264383 0.00193171 0.00854085 0.0298235 0.0924859 0.272157 0.792381 2.34507 7.1654 22.6628 -457.154 100.936 132.708 170.19 215.733 271.654 340.403 424.777 528.091 654.305 808.168 995.373 1222.74 1498.43 1832.21 2235.77 2723.08 3310.8 4018.87 4871.06 5895.74 7126.73 8604.38 10376.7 12501 15045.5 18091.3 21734.9 26091.4 
2.23787e-06 7.51362e-05 0.000549662 0.00243212 0.00849536 0.0263446 0.0775084 0.225656 0.668539 2.05261 6.59436 22.1236 -521.391 104.234 135.869 172.879 217.696 272.575 339.854 422.204 522.787 645.388 794.538 975.666 1195.27 1461.14 1782.56 2170.65 2638.7 3202.57 3881.18 4697.12 5677.32 6853.89 8265.1 9956.52 11982.4 14407.4 17308.5 20777 
5.93296e-07 1.99495e-05 0.000146098 0.000646873 0.00226013 0.00700839 0.0206131 0.0599856 0.177664 0.545886 1.76166 6.00574 21.5215 -589.229 107.982 139.666 176.465 220.913 275.21 341.607 422.68 521.481 641.66 787.588 964.498 1178.65 1437.54 1750.1 2127.04 2581.13 3127.59 3784.61 4573.87 5521.22 6657.47 8019.3 9650.42 11602.8 13938.5 16730.9 
1.46244e-07 4.92388e-06 3.60936e-05 0.000159903 0.000558825 0.00173278 0.00509499 0.0148196 0.043866 0.134717 0.434957 1.489 5.42341 20.8758 -660.885 112.202 144.098 180.923 225.315 279.431 345.456 425.895 523.722 642.491 786.458 960.715 1171.35 1425.64 1732.28 2101.66 2546.16 3080.56 3722.5 4493 5417.09 6524.63 7851.13 9438.9 11338.3 13609.1 
3.33456e-08 1.12403e-06 8.24635e-06 3.65521e-05 0.00012777 0.000396177 0.00116463 0.00338609 0.0100168 0.030741 0.0991917 0.339644 1.24177 4.85878 20.1905 -736.608 116.893 149.147 186.206 230.818 285.101 351.192 431.547 529.087 647.304 790.376 963.296 1172.04 1423.73 1726.89 2091.68 2530.24 3057.02 3689.27 4447.53 5356.28 6444.67 7747.4 9305.76 11168.9 
6.99667e-09 2.36094e-07 1.73338e-06 7.6868e-06 2.68755e-05 8.33326e-05 0.000244926 0.000711859 0.00210477 0.00645511 0.0208125 0.0712138 0.260369 1.0222 4.31763 19.4638 -816.66 122.053 154.792 192.272 237.347 292.101 358.638 439.384 537.231 655.631 798.714 971.417 1179.64 1430.42 1732.16 2094.88 2530.56 3053.44 3680.5 4431.99 5332.01 6409.23 7697.81 9238.33 
1.34368e-09 4.53844e-08 3.33429e-07 1.47923e-06 5.1729e-06 1.60398e-05 4.71367e-05 0.00013696 0.000404782 0.00124073 0.00399754 0.0136672 0.0499301 0.195991 0.830271 3.80359 18.6933 -901.317 127.678 161.017 199.088 244.844 300.341 367.66 449.217 547.888 667.111 810.997 984.453 1193.34 1444.66 1746.75 2109.57 2544.98 3067.13 3692.86 4442.23 5339.12 6411.94 7694.5 
2.34867e-10 7.93991e-09 5.83677e-08 2.59043e-07 9.06045e-07 2.80948e-06 8.2554e-06 2.39814e-05 7.08518e-05 0.000217072 0.000698975 0.002388 0.00871675 0.0341873 0.144778 0.664904 3.3195 17.8773 -990.842 133.771 167.814 206.635 253.273 309.758 378.164 460.906 560.865 681.483 826.871 1001.94 1212.54 1465.67 1769.67 2134.46 2571.9 3096.09 3723.82 4475.11 5373.73 6448.01 
3.71445e-11 1.25674e-09 9.24355e-09 4.10382e-08 1.43563e-07 4.45177e-07 1.308e-06 3.79895e-06 1.12206e-05 3.43638e-05 0.000110597 0.000377616 0.00137738 0.00539757 0.0228379 0.104834 0.524458 2.86766 17.015 -1085.38 140.327 175.169 214.887 262.589 320.287 390.053 474.319 575.982 698.504 846.018 1023.45 1236.7 1492.77 1800.04 2168.47 2609.93 3138.58 3771.24 4527.95 5432.55 
5.27154e-12 1.78497e-10 1.31352e-09 5.83341e-09 2.04102e-08 6.32927e-08 1.85953e-07 5.39998e-07 1.59457e-06 4.88188e-06 1.57055e-05 5.35964e-05 0.000195376 0.000765061 0.00323435 0.0148336 0.0741636 0.406176 2.44518 16.0751 -1184.47 147.042 182.7 223.371 272.21 331.205 402.44 488.364 591.9 716.535 866.433 1046.56 1262.84 1522.34 1833.47 2206.25 2652.62 3186.79 3825.67 4589.38 
6.48425e-13 2.19726e-11 1.61765e-10 7.18613e-10 2.51469e-09 7.79848e-09 2.29107e-08 6.65234e-08 1.96399e-07 6.01129e-07 1.93322e-06 6.59446e-06 2.40264e-05 9.40254e-05 0.00039721 0.00182018 0.00909208 0.0497602 0.299923 1.9989 14.6475 -1286.11 149.588 185.055 225.562 274.195 332.872 403.629 488.871 591.467 714.839 863.073 1041.04 1254.54 1510.5 1817.15 2184.32 2623.68 3149.14 3777.24 
5.77139e-14 1.95716e-12 1.44148e-11 6.40526e-11 2.24175e-10 6.95235e-10 2.04242e-09 5.92975e-09 1.75038e-08 5.35625e-08 1.72206e-07 5.87206e-07 2.1385e-06 8.36447e-06 3.53138e-05 0.000161705 0.000807073 0.00441299 0.0265779 0.177285 1.3158 10.8149 -1388.04 124.168 152.98 185.954 225.536 273.237 330.688 399.82 482.939 582.791 702.655 846.436 1018.79 1225.27 1472.47 1768.26 2121.99 2544.79 
2.52461e-15 8.56777e-14 6.31274e-13 2.80577e-12 9.8211e-12 3.04595e-11 8.94798e-11 2.59765e-10 7.66684e-10 2.34565e-09 7.53954e-09 2.57012e-08 9.35646e-08 3.65804e-07 1.54357e-06 7.06383e-06 3.52304e-05 0.000192478 0.00115817 0.0077189 0.0573182 0.476697 4.42411 -1477.99 57.5211 70.5967 85.6003 103.607 125.283 151.36 182.705 220.355 265.544 319.742 384.704 462.517 555.671 667.125 800.403 959.696 
2.42636e-16 8.24074e-15 6.07397e-14 2.70025e-13 9.45294e-13 2.9319e-12 8.61278e-12 2.50017e-11 7.37829e-11 2.25701e-10 7.25312e-10 2.47184e-09 8.99585e-09 3.51573e-08 1.48286e-07 6.78244e-07 3.38064e-06 1.84567e-05 0.000110967 0.000738894 0.00548193 0.0456008 0.427774 4.51431 -1519.02 66.9784 81.9097 99.0946 119.713 144.507 174.304 210.086 253.025 304.517 366.227 440.137 528.609 634.451 761.009 912.261 
4.12149e-17 1.40095e-15 1.03294e-14 4.59303e-14 1.6081e-13 4.98785e-13 1.46522e-12 4.25309e-12 1.25501e-11 3.83855e-11 1.23334e-10 4.20227e-10 1.52893e-09 5.97341e-09 2.5185e-08 1.15142e-07 5.73613e-07 3.12977e-06 1.88039e-05 0.000125109 0.000927362 0.00770708 0.0722949 0.77032 9.3123 -1562.73 158.946 193.732 233.901 282.078 339.955 409.441 492.808 592.765 712.538 855.971 1027.64 1233 1478.53 1771.94 
3.17404e-18 1.07985e-16 7.96449e-16 3.54216e-15 1.2403e-14 3.84723e-14 1.13015e-13 3.28033e-13 9.6789e-13 2.96002e-12 9.50921e-12 3.23939e-11 1.17834e-10 4.6024e-10 1.93982e-09 8.86519e-09 4.41448e-08 2.4074e-07 1.44551e-06 9.61091e-06 7.1184e-05 0.000591066 0.0055392 0.0590053 0.719426 10.041 -1680.21 198.846 241.617 291.175 350.59 421.899 507.433 609.968 732.809 879.894 1055.91 1266.44 1518.13 1818.88 
1.7733e-19 6.03887e-18 4.45538e-17 1.98187e-16 6.94034e-16 2.15288e-15 6.3242e-15 1.83557e-14 5.41565e-14 1.65606e-13 5.31949e-13 1.81184e-12 6.58932e-12 2.57308e-11 1.0842e-10 4.95329e-10 2.46558e-09 1.34398e-08 8.06572e-08 5.35954e-07 3.96688e-06 3.29128e-05 0.000308173 0.00327966 0.0399692 0.562023 9.13149 -1830.78 211.705 256.509 308.603 371.027 445.883 535.595 643.053 771.696 925.62 1109.7 1329.75 1592.66 
8.29019e-21 2.82625e-19 2.08579e-18 9.27979e-18 3.25002e-17 1.00819e-16 2.96163e-16 8.59573e-16 2.53593e-15 7.75402e-15 2.49042e-14 8.4813e-14 3.08397e-13 1.20402e-12 5.0721e-12 2.31659e-11 1.15274e-10 6.28113e-10 3.76786e-09 2.5024e-08 1.85107e-07 1.53478e-06 1.43596e-05 0.000152686 0.00185903 0.0261248 0.427189 8.15081 -1991.69 223.338 269.895 324.21 389.263 467.205 560.542 672.259 805.909 965.721 1156.73 1384.92 
3.24114e-22 1.10632e-20 8.16717e-20 3.63423e-19 1.27292e-18 3.94891e-18 1.16002e-17 3.36673e-17 9.93209e-17 3.03668e-16 9.75223e-16 3.3208e-15 1.20733e-14 4.71277e-14 1.98491e-13 9.06348e-13 4.50872e-12 2.45594e-11 1.47267e-10 9.77633e-10 7.22804e-09 5.98951e-08 5.60014e-07 5.95015e-06 7.2384e-05 0.00101625 0.0166057 0.318552 7.20397 -2161.7 235.645 284.085 340.779 408.642 489.888 587.111 703.398 842.424 1008.56 1207.02 
1.04869e-23 3.58466e-22 2.64709e-21 1.1781e-20 4.12677e-20 1.28028e-19 3.76093e-19 1.09151e-18 3.21991e-18 9.84408e-18 3.16115e-17 1.07631e-16 3.91263e-16 1.52705e-15 6.43042e-15 2.93564e-14 1.46001e-13 7.95049e-13 4.76584e-12 3.16258e-11 2.3372e-10 1.93573e-09 1.80885e-08 1.92064e-07 2.33473e-06 3.27513e-05 0.000534661 0.0102484 0.232799 6.30136 -2341.35 248.682 299.149 358.388 429.258 514.041 615.428 736.615 881.413 1054.35 
2.77689e-25 9.50789e-24 7.02326e-23 3.12623e-22 1.09519e-21 3.39781e-21 9.98148e-21 2.89682e-20 8.54517e-20 2.61234e-19 8.3882e-19 2.85578e-18 1.03803e-17 4.05076e-17 1.70552e-16 7.78467e-16 3.87079e-15 2.10732e-14 1.26285e-13 8.3774e-13 6.18865e-12 5.12338e-11 4.78515e-10 5.07796e-09 6.16876e-08 8.64709e-07 1.41045e-05 0.000270105 0.00613033 0.166532 5.45149 -2531.26 262.488 315.133 377.092 451.173 539.737 645.576 772.01 922.988 
5.94717e-27 2.04025e-25 1.50757e-24 6.71163e-24 2.35144e-23 7.29562e-23 2.1432e-22 6.2199e-22 1.83472e-21 5.60867e-21 1.80083e-20 6.13049e-20 2.22812e-19 8.69396e-19 3.65998e-18 1.6703e-17 8.30374e-17 4.51973e-16 2.70785e-15 1.79579e-14 1.32617e-13 1.09747e-12 1.02457e-11 1.08673e-10 1.31942e-09 1.84831e-08 3.01264e-07 5.76455e-06 0.000130713 0.00354763 0.11646 4.66153 -2732.08 277.106 332.089 396.949 474.455 567.054 677.647 809.685 
1.01734e-28 3.49817e-27 2.58572e-26 1.15134e-25 4.03409e-25 1.25168e-24 3.67703e-24 1.06713e-23 3.14769e-23 9.62198e-23 3.08926e-22 1.0516e-21 3.8217e-21 1.49105e-20 6.27631e-20 2.86392e-19 1.42354e-18 7.74689e-18 4.64029e-17 3.07658e-16 2.27136e-15 1.87904e-14 1.75355e-13 1.85912e-12 2.25609e-11 3.15867e-10 5.14518e-09 9.83797e-08 2.22898e-06 6.04413e-05 0.00198229 0.0795127 3.93704 -2944.47 292.58 350.07 418.022 499.176 596.075 711.738 
1.37173e-30 4.72976e-29 3.49736e-28 1.55751e-27 5.45772e-27 1.69347e-26 4.97494e-26 1.44379e-25 4.25864e-25 1.30175e-24 4.17926e-24 1.42256e-23 5.16948e-23 2.01673e-22 8.48817e-22 3.87275e-21 1.92472e-20 1.04726e-19 6.27177e-19 4.15737e-18 3.0685e-17 2.53776e-16 2.3675e-15 2.50908e-14 3.0435e-13 4.25901e-12 6.93367e-11 1.32494e-09 2.99977e-08 8.12768e-07 2.66325e-05 0.00106726 0.0529246 3.28189 -3169.14 308.959 369.135 440.377 525.413 626.891 
1.43757e-32 4.97308e-31 3.67875e-30 1.63858e-29 5.74228e-29 1.78184e-28 5.23464e-28 1.51915e-27 4.48085e-27 1.36964e-26 4.39704e-26 1.49661e-25 5.43825e-25 2.12143e-24 8.92806e-24 4.07303e-23 2.02401e-22 1.10113e-21 6.5933e-21 4.36967e-20 3.22449e-19 2.66609e-18 2.4865e-17 2.63433e-16 3.19422e-15 4.468e-14 7.27036e-13 1.38851e-11 3.14174e-10 8.50636e-09 2.78513e-07 1.11511e-05 0.000552449 0.0342916 2.69808 -3406.83 326.295 389.343 464.084 553.249 
1.15369e-34 4.00677e-33 2.96527e-32 1.32101e-31 4.62982e-31 1.43671e-30 4.22079e-30 1.22492e-29 3.61295e-29 1.10433e-28 3.54517e-28 1.20661e-27 4.38424e-27 1.71015e-26 7.19666e-26 3.28286e-25 1.63118e-24 8.87307e-24 5.31222e-23 3.52006e-22 2.59704e-21 2.14683e-20 2.00171e-19 2.1201e-18 2.56985e-17 3.5933e-16 5.84454e-15 1.11566e-13 2.52299e-12 6.82687e-11 2.23368e-09 8.93624e-08 4.42333e-06 0.000274302 0.0215941 2.18578 -3658.31 344.641 410.758 489.217 
6.97922e-37 2.43537e-35 1.80324e-34 8.03489e-34 2.8163e-33 8.73984e-33 2.56766e-32 7.45166e-32 2.19787e-31 6.71784e-31 2.15653e-30 7.33954e-30 2.66672e-29 1.04014e-28 4.37684e-28 1.9964e-27 9.91878e-27 5.39489e-26 3.22947e-25 2.13964e-24 1.57833e-23 1.30447e-22 1.21602e-21 1.28762e-20 1.56032e-19 2.181e-18 3.54609e-17 6.76622e-16 1.5294e-14 4.13611e-13 1.35246e-11 5.40705e-10 2.67435e-08 1.65701e-06 0.000130322 0.0131938 1.74344 -3924.38 364.056 433.448 
3.12989e-39 1.0984e-37 8.13764e-37 3.62674e-36 1.27133e-35 3.94554e-35 1.15918e-34 3.36409e-34 9.92233e-34 3.03273e-33 9.73529e-33 3.3132e-32 1.20375e-31 4.69498e-31 1.97549e-30 9.01018e-30 4.47619e-29 2.4344e-28 1.45711e-27 9.65271e-27 7.11937e-26 5.88307e-25 5.48312e-24 5.80467e-23 7.03224e-22 9.82678e-21 1.59721e-19 3.04648e-18 6.88321e-17 1.8606e-15 6.0807e-14 2.42955e-12 1.20085e-10 7.43466e-09 5.84227e-07 5.90914e-05 0.00780758 1.36791 -4205.91 384.6 
1.02227e-41 3.61228e-40 2.67799e-39 1.19379e-38 4.18522e-38 1.29894e-37 3.81632e-37 1.10755e-36 3.2667e-36 9.98441e-36 3.20501e-35 1.09072e-34 3.96269e-34 1.54549e-33 6.50261e-33 2.96565e-32 1.47321e-31 8.01148e-31 4.79481e-30 3.176e-29 2.34216e-28 1.93515e-27 1.80329e-26 1.90867e-25 2.31181e-24 3.22968e-23 5.24792e-22 1.00065e-20 2.26002e-19 6.10651e-18 1.99475e-16 7.96577e-15 3.93486e-13 2.4345e-11 1.91162e-09 1.93186e-07 2.55012e-05 0.00446638 1.05472 -4502.84 
cycle: 0
true_cycle: 0
nIterations: 0
nTrueIterations: 0
Branch: 0
dt_FE: 2.97446e-10
dt_EA: 2.97446e-10
dt_PE: 2.97446e-10
