t: 2.0822e-07
dt: 6.24659e-09
N: 0.00119252 0.00271108 0.00328201 0.00319794 0.00277245 0.00224628 0.00175424 0.00134798 0.00103306 0.000796236 0.000620002 0.000488636 0.000389848 0.000314642 0.00025662 0.000211269 0.000175395 0.000146738 0.000125487 0.000191517 0.00244698 0.0345854 0.238196 0.664588 0.629219 0.165379 0.00959788 9.47876e-05 1.20414e-07 9.82841e-11 2.73763e-12 7.2251e-14 1.54387e-15 2.63767e-17 3.55565e-19 3.72934e-21 2.99869e-23 1.81979e-25 8.19817e-28 2.69409e-30 
eC: 1.00639 3.07804 5.27089 7.59201 10.0489 12.6496 15.4023 18.3162 21.4004 24.6651 28.1208 31.7787 35.6505 39.7488 44.0869 48.6788 53.5393 58.6841 64.1299 69.8943 75.9959 82.4544 89.2908 96.5271 104.187 112.294 120.876 129.96 139.576 149.754 160.527 171.931 184.002 196.778 210.303 224.618 239.771 255.811 272.788 290.759 
dV: 2.71811 20.9912 63.6092 138.722 256.496 429.553 673.497 1007.55 1455.33 2045.74 2814.09 3803.42 5066.04 6665.5 8678.77 11199 14338.7 18233.7 23047.8 28977.8 36261 45182.1 56083.2 69374.4 85547.6 105192 129013 157855 192727 234836 285622 346808 420447 508992 615366 743056 896219 1.07981e+06 1.29972e+06 1.56298e+06 
kVec: 5740.47 13067.4 15840.3 15461.7 13443.3 10946.4 8620.19 6712.3 5248.4 4163.96 3374.38 2803.9 2393.46 2099.97 1892.87 1750.72 1658.44 1605.3 1583.58 1587.5 1611.82 1647.08 1665.79 1625.79 1558.79 1571.63 1681.8 1830.39 1991.1 2161.1 2340.76 2530.67 2731.49 2943.88 3168.56 3406.24 3657.72 3923.8 4205.33 4502.26 
cMat: 
-9.68461 5.31916 8.77545 14.0758 21.5785 31.7211 45.0935 62.4831 84.8901 113.545 149.94 195.881 253.544 325.558 415.092 525.968 662.783 831.07 1037.47 1289.97 1598.12 1973.37 2429.43 2982.64 3652.56 4462.46 5440.07 6618.36 8036.43 9740.64 11785.8 14236.4 17168.5 20671.1 24847.8 29819.2 35723.8 42720.4 50988 60726.2 
0.355891 -29.3567 18.243 29.9042 46.6379 69.3924 99.4454 138.551 188.973 253.515 335.579 439.275 569.562 732.425 935.081 1186.24 1496.37 1878.12 2346.64 2920.16 3620.57 4474.1 5512.2 6772.51 8300.09 10148.8 12383.1 15079.9 18330.9 22245.6 26954.7 32613.7 39407.6 47556.9 57323.6 69018.6 83011.3 99739.5 119722 143571 
0.0964235 2.99595 -52.0322 34.0142 54.0164 81.4176 117.651 164.764 225.478 303.201 402.072 527.087 684.269 880.878 1125.67 1429.21 1804.21 2265.99 2832.97 3527.26 4375.45 5409.38 6667.25 8194.81 10046.8 12288.8 14999 18271.1 22216.9 26969.6 32688.5 39563.4 47820.4 57729 69610.1 83845.5 100889 121282 145663 174796 
0.0339041 1.07656 7.45635 -78.5421 50.4117 77.1609 112.599 158.571 217.675 293.242 389.34 510.867 663.715 854.978 1093.21 1388.71 1753.9 2203.73 2756.17 3432.83 4259.65 5267.74 6494.4 7984.31 9790.98 11978.4 14623.1 17816.5 21667.8 26307.6 31891.4 38604.8 46669.2 56348.3 67956.3 81867.4 98526.8 118464 142309 170811 
0.0128752 0.415907 2.93321 12.4878 -109.739 64.8614 95.9808 136.23 187.721 253.327 336.62 441.893 574.29 739.982 946.399 1202.49 1519.04 1909.01 2388.01 2974.81 3691.91 4566.32 5630.45 6923.07 8490.65 10388.8 12683.9 15455.4 18798.2 22825.7 27672.9 33501.3 40503 48907.5 58987.8 71069.2 85539 102858 123575 148340 
0.00494569 0.161702 1.15527 4.99456 16.9486 -146.167 75.9367 109.249 151.548 205.062 272.723 358.082 465.358 599.589 766.812 974.288 1230.76 1546.75 1934.91 2410.44 2991.61 3700.31 4562.82 5610.59 6881.29 8419.99 10280.6 12527.5 15237.7 18503.1 22433.4 27159.3 32837 39652.4 47827.2 57625.2 69361 83408.4 100213 120303 
0.00186952 0.0616207 0.443914 1.93808 6.66913 20.1925 -187.755 83.6348 117.612 160.095 213.335 280.198 364.069 468.939 599.553 761.597 961.905 1208.7 1511.86 1883.26 2337.18 2890.71 3564.39 4382.77 5375.3 6577.18 8030.52 9785.66 11902.7 14453.5 17523.6 21215.5 25650.8 30975.1 37361.5 45016.2 54185 65160.2 78289.8 93987.6 
0.000685847 0.02273 0.164593 0.722618 2.50615 7.69136 22.1429 -234.011 88.7745 122.553 164.209 215.987 280.627 361.301 461.71 586.251 740.182 929.824 1162.77 1448.15 1796.92 2222.23 2739.84 3368.63 4131.21 5054.64 6171.26 7519.76 9146.32 11106.1 13465 16301.5 19709.3 23800.1 28707 34588.5 41633.4 50066.3 60154.8 72216.9 
0.000242008 0.00805189 0.058501 0.257633 0.896918 2.77104 8.08737 23.0566 -284.362 92.3586 125.572 166.018 215.932 277.926 354.95 450.425 568.403 713.732 892.234 1110.9 1378.12 1703.97 2100.52 2582.23 3166.43 3873.83 4729.22 5762.22 7008.21 8509.46 10316.4 12489.2 15099.6 18233.2 21991.9 26497.1 31893.5 38353.3 46081.2 55321.1 
8.15644e-05 0.00272184 0.0198221 0.0874543 0.304989 0.944799 2.77392 8.02032 23.2723 -338.367 95.2272 127.821 167.054 215.175 274.678 348.314 439.255 551.254 688.798 857.274 1063.15 1314.17 1619.64 1990.69 2440.67 2985.53 3644.35 4439.94 5399.56 6555.74 7947.32 9620.65 11631 14044.2 16938.8 20408.3 24564 29538.7 35489.9 42605.5 
2.60983e-05 0.000873001 0.00636919 0.0281348 0.098198 0.304465 0.895654 2.60392 7.6668 23.074 -395.788 97.9572 130.042 168.257 214.886 272.326 343.162 430.357 537.417 668.535 828.739 1024.06 1261.73 1550.41 1900.47 2324.32 2836.81 3455.67 4202.09 5101.38 6183.74 7485.22 9048.78 10925.7 13176.9 15875.3 19107.3 22976.2 27604.6 33138.5 
7.88428e-06 0.00026426 0.00193081 0.00853687 0.0298096 0.0924429 0.272031 0.792012 2.34398 7.16207 22.6523 -456.568 100.889 132.646 170.111 215.632 271.528 340.244 424.58 527.845 654 807.792 994.91 1222.17 1497.73 1831.36 2234.73 2721.81 3309.26 4017 4868.79 5892.99 7123.42 8600.37 10371.9 12495.2 15038.5 18082.9 21724.8 26079.2 
2.23704e-06 7.51083e-05 0.000549458 0.00243122 0.0084922 0.0263348 0.0774797 0.225572 0.668291 2.05185 6.59191 22.1154 -520.786 104.196 135.819 172.815 217.615 272.474 339.728 422.047 522.593 645.148 794.243 975.304 1194.83 1460.59 1781.89 2169.85 2637.72 3201.38 3879.74 4695.38 5675.21 6851.35 8262.03 9952.82 11978 14402.1 17302 20769.3 
5.93118e-07 1.99435e-05 0.000146055 0.000646679 0.00225945 0.00700629 0.0206069 0.0599676 0.177611 0.545722 1.76113 6.00394 21.515 -588.609 107.95 139.624 176.412 220.847 275.127 341.505 422.553 521.325 641.467 787.352 964.209 1178.3 1437.11 1749.58 2126.41 2580.35 3126.65 3783.47 4572.5 5519.57 6655.48 8016.9 9647.53 11599.4 13934.3 16725.9 
1.46208e-07 4.92268e-06 3.60848e-05 0.000159864 0.000558688 0.00173235 0.00509375 0.014816 0.0438553 0.134684 0.434851 1.48863 5.42209 20.8707 -660.253 112.174 144.063 180.879 225.26 279.363 345.372 425.791 523.594 642.334 786.266 960.48 1171.06 1425.29 1731.86 2101.15 2545.53 3079.81 3721.59 4491.9 5415.77 6523.03 7849.21 9436.6 11335.5 13605.8 
3.33389e-08 1.1238e-06 8.24469e-06 3.65447e-05 0.000127745 0.000396097 0.0011644 0.00338541 0.0100148 0.0307348 0.0991718 0.339576 1.24152 4.8578 20.1864 -735.965 116.869 149.117 186.169 230.772 285.044 351.121 431.46 528.981 647.174 790.217 963.102 1171.8 1423.44 1726.54 2091.26 2529.73 3056.4 3688.52 4446.63 5355.2 6443.38 7745.84 9303.89 11166.6 
6.9955e-09 2.36055e-07 1.73309e-06 7.68551e-06 2.6871e-05 8.33187e-05 0.000244885 0.00071174 0.00210442 0.00645403 0.0208091 0.0712019 0.260325 1.02203 4.31691 19.4606 -816.009 122.032 154.766 192.24 237.307 292.052 358.578 439.311 537.141 655.521 798.581 971.255 1179.44 1430.18 1731.87 2094.53 2530.14 3052.93 3679.89 4431.25 5331.12 6408.16 7696.52 9236.79 
1.34349e-09 4.5378e-08 3.33382e-07 1.47903e-06 5.17218e-06 1.60376e-05 4.71301e-05 0.000136941 0.000404726 0.00124055 0.00399699 0.0136653 0.0499231 0.195964 0.830155 3.80306 18.6907 -900.659 127.66 160.994 199.06 244.81 300.299 367.609 449.154 547.811 667.018 810.883 984.315 1193.17 1444.46 1746.5 2109.27 2544.63 3066.7 3692.34 4441.61 5338.37 6411.04 7693.43 
2.34839e-10 7.93898e-09 5.83608e-08 2.59012e-07 9.05938e-07 2.80915e-06 8.25443e-06 2.39786e-05 7.08435e-05 0.000217046 0.000698893 0.00238771 0.00871572 0.0341833 0.144761 0.664826 3.31911 17.8752 -990.177 133.756 167.794 206.611 253.243 309.722 378.119 460.851 560.799 681.403 826.773 1001.82 1212.4 1465.5 1769.46 2134.21 2571.6 3095.72 3723.38 4474.58 5373.1 6447.25 
3.71408e-11 1.25662e-09 9.24263e-09 4.10341e-08 1.43548e-07 4.45132e-07 1.30787e-06 3.79857e-06 1.12195e-05 3.43603e-05 0.000110586 0.000377579 0.00137724 0.00539703 0.0228356 0.104824 0.524406 2.86737 17.0133 -1084.71 140.313 175.151 214.865 262.563 320.255 390.014 474.272 575.925 698.435 845.933 1023.35 1236.58 1492.62 1799.86 2168.25 2609.67 3138.26 3770.86 4527.5 5432.01 
5.27109e-12 1.78481e-10 1.31341e-09 5.83292e-09 2.04084e-08 6.32874e-08 1.85937e-07 5.39952e-07 1.59443e-06 4.88146e-06 1.57041e-05 5.35918e-05 0.000195359 0.000764996 0.00323408 0.0148323 0.0741573 0.406142 2.44497 16.0737 -1183.79 147.029 182.685 223.352 272.187 331.177 402.406 488.323 591.85 716.474 866.36 1046.47 1262.74 1522.21 1833.31 2206.06 2652.39 3186.52 3825.35 4588.99 
6.48384e-13 2.19712e-11 1.61755e-10 7.18568e-10 2.51454e-09 7.79799e-09 2.29093e-08 6.65192e-08 1.96387e-07 6.01091e-07 1.9331e-06 6.59405e-06 2.40249e-05 9.40195e-05 0.000397185 0.00182006 0.00909151 0.049757 0.299904 1.99878 14.6466 -1285.44 149.579 185.043 225.547 274.178 332.851 403.604 488.841 591.43 714.795 863.018 1040.97 1254.46 1510.4 1817.04 2184.18 2623.52 3148.95 3777.01 
5.77157e-14 1.95722e-12 1.44153e-11 6.40546e-11 2.24182e-10 6.95256e-10 2.04248e-09 5.92994e-09 1.75043e-08 5.35642e-08 1.72212e-07 5.87224e-07 2.13856e-06 8.36472e-06 3.53149e-05 0.00016171 0.000807097 0.00441313 0.0265787 0.17729 1.31584 10.8153 -1387.37 124.172 152.984 185.959 225.543 273.245 330.698 399.833 482.954 582.809 702.676 846.463 1018.82 1225.31 1472.52 1768.31 2122.06 2544.87 
2.526e-15 8.5725e-14 6.31623e-13 2.80731e-12 9.82652e-12 3.04763e-11 8.95291e-11 2.59908e-10 7.67107e-10 2.34695e-09 7.5437e-09 2.57154e-08 9.36162e-08 3.66006e-07 1.54442e-06 7.06772e-06 3.52498e-05 0.000192584 0.00115881 0.00772316 0.0573498 0.47696 4.42655 -1477.32 57.5528 70.6356 85.6475 103.664 125.352 151.443 182.806 220.477 265.69 319.918 384.916 462.773 555.977 667.493 800.844 960.226 
2.42758e-16 8.24489e-15 6.07703e-14 2.70161e-13 9.4577e-13 2.93337e-12 8.61712e-12 2.50143e-11 7.382e-11 2.25815e-10 7.25677e-10 2.47309e-09 9.00038e-09 3.5175e-08 1.48361e-07 6.78586e-07 3.38234e-06 1.8466e-05 0.000111023 0.000739266 0.00548469 0.0456238 0.42799 4.51659 -1518.38 67.0121 81.951 99.1445 119.773 144.58 174.392 210.192 253.152 304.67 366.411 440.359 528.875 634.77 761.392 912.72 
4.12173e-17 1.40103e-15 1.033e-14 4.5933e-14 1.60819e-13 4.98814e-13 1.46531e-12 4.25335e-12 1.25509e-11 3.83878e-11 1.23341e-10 4.20252e-10 1.52902e-09 5.97376e-09 2.51865e-08 1.15149e-07 5.73647e-07 3.12996e-06 1.8805e-05 0.000125117 0.000927418 0.00770754 0.0722992 0.770366 9.31285 -1562.12 158.955 193.744 233.915 282.095 339.975 409.465 492.837 592.8 712.58 856.022 1027.7 1233.07 1478.62 1772.05 
3.17405e-18 1.07985e-16 7.96451e-16 3.54217e-15 1.24031e-14 3.84724e-14 1.13015e-13 3.28034e-13 9.67893e-13 2.96003e-12 9.50923e-12 3.2394e-11 1.17834e-10 4.60241e-10 1.93983e-09 8.86521e-09 4.41449e-08 2.40741e-07 1.44552e-06 9.61094e-06 7.11842e-05 0.000591067 0.00553922 0.0590054 0.719428 10.041 -1679.61 198.847 241.617 291.176 350.591 421.9 507.435 609.97 732.811 879.896 1055.91 1266.45 1518.14 1818.89 
1.7733e-19 6.03887e-18 4.45538e-17 1.98187e-16 6.94034e-16 2.15288e-15 6.3242e-15 1.83557e-14 5.41565e-14 1.65606e-13 5.31949e-13 1.81184e-12 6.58932e-12 2.57308e-11 1.0842e-10 4.95329e-10 2.46558e-09 1.34398e-08 8.06572e-08 5.35954e-07 3.96688e-06 3.29128e-05 0.000308173 0.00327966 0.0399692 0.562023 9.13149 -1830.18 211.705 256.509 308.603 371.027 445.883 535.595 643.053 771.696 925.62 1109.7 1329.75 1592.66 
8.29019e-21 2.82625e-19 2.08579e-18 9.27979e-18 3.25002e-17 1.00819e-16 2.96163e-16 8.59573e-16 2.53593e-15 7.75402e-15 2.49042e-14 8.4813e-14 3.08397e-13 1.20402e-12 5.0721e-12 2.31659e-11 1.15274e-10 6.28113e-10 3.76786e-09 2.5024e-08 1.85107e-07 1.53478e-06 1.43596e-05 0.000152686 0.00185903 0.0261248 0.427189 8.15081 -1991.09 223.338 269.895 324.21 389.263 467.205 560.542 672.259 805.909 965.721 1156.73 1384.92 
3.24114e-22 1.10632e-20 8.16717e-20 3.63423e-19 1.27292e-18 3.94891e-18 1.16002e-17 3.36673e-17 9.93209e-17 3.03668e-16 9.75223e-16 3.3208e-15 1.20733e-14 4.71277e-14 1.98491e-13 9.06348e-13 4.50872e-12 2.45594e-11 1.47267e-10 9.77633e-10 7.22804e-09 5.98951e-08 5.60014e-07 5.95015e-06 7.2384e-05 0.00101625 0.0166057 0.318552 7.20397 -2161.1 235.645 284.085 340.779 408.642 489.888 587.111 703.398 842.424 1008.56 1207.02 
1.04869e-23 3.58466e-22 2.64709e-21 1.1781e-20 4.12677e-20 1.28028e-19 3.76093e-19 1.09151e-18 3.21991e-18 9.84408e-18 3.16115e-17 1.07631e-16 3.91263e-16 1.52705e-15 6.43042e-15 2.93564e-14 1.46001e-13 7.95049e-13 4.76584e-12 3.16258e-11 2.3372e-10 1.93573e-09 1.80885e-08 1.92064e-07 2.33473e-06 3.27513e-05 0.000534661 0.0102484 0.232799 6.30136 -2340.76 248.682 299.149 358.388 429.258 514.041 615.428 736.615 881.413 1054.35 
2.77689e-25 9.50789e-24 7.02326e-23 3.12623e-22 1.09519e-21 3.39781e-21 9.98148e-21 2.89682e-20 8.54517e-20 2.61234e-19 8.3882e-19 2.85578e-18 1.03803e-17 4.05076e-17 1.70552e-16 7.78467e-16 3.87079e-15 2.10732e-14 1.26285e-13 8.3774e-13 6.18865e-12 5.12338e-11 4.78515e-10 5.07796e-09 6.16876e-08 8.64709e-07 1.41045e-05 0.000270105 0.00613033 0.166532 5.45149 -2530.67 262.488 315.133 377.092 451.173 539.737 645.576 772.01 922.988 
5.94717e-27 2.04025e-25 1.50757e-24 6.71163e-24 2.35144e-23 7.29562e-23 2.1432e-22 6.2199e-22 1.83472e-21 5.60867e-21 1.80083e-20 6.13049e-20 2.22812e-19 8.69396e-19 3.65998e-18 1.6703e-17 8.30374e-17 4.51973e-16 2.70785e-15 1.79579e-14 1.32617e-13 1.09747e-12 1.02457e-11 1.08673e-10 1.31942e-09 1.84831e-08 3.01264e-07 5.76455e-06 0.000130713 0.00354763 0.11646 4.66153 -2731.49 277.106 332.089 396.949 474.455 567.054 677.647 809.685 
1.01734e-28 3.49817e-27 2.58572e-26 1.15134e-25 4.03409e-25 1.25168e-24 3.67703e-24 1.06713e-23 3.14769e-23 9.62198e-23 3.08926e-22 1.0516e-21 3.8217e-21 1.49105e-20 6.27631e-20 2.86392e-19 1.42354e-18 7.74689e-18 4.64029e-17 3.07658e-16 2.27136e-15 1.87904e-14 1.75355e-13 1.85912e-12 2.25609e-11 3.15867e-10 5.14518e-09 9.83797e-08 2.22898e-06 6.04413e-05 0.00198229 0.0795127 3.93704 -2943.88 292.58 350.07 418.022 499.176 596.075 711.738 
1.37173e-30 4.72976e-29 3.49736e-28 1.55751e-27 5.45772e-27 1.69347e-26 4.97494e-26 1.44379e-25 4.25864e-25 1.30175e-24 4.17926e-24 1.42256e-23 5.16948e-23 2.01673e-22 8.48817e-22 3.87275e-21 1.92472e-20 1.04726e-19 6.27177e-19 4.15737e-18 3.0685e-17 2.53776e-16 2.3675e-15 2.50908e-14 3.0435e-13 4.25901e-12 6.93367e-11 1.32494e-09 2.99977e-08 8.12768e-07 2.66325e-05 0.00106726 0.0529246 3.28189 -3168.56 308.959 369.135 440.377 525.413 626.891 
1.43757e-32 4.97308e-31 3.67875e-30 1.63858e-29 5.74228e-29 1.78184e-28 5.23464e-28 1.51915e-27 4.48085e-27 1.36964e-26 4.39704e-26 1.49661e-25 5.43825e-25 2.12143e-24 8.92806e-24 4.07303e-23 2.02401e-22 1.10113e-21 6.5933e-21 4.36967e-20 3.22449e-19 2.66609e-18 2.4865e-17 2.63433e-16 3.19422e-15 4.468e-14 7.27036e-13 1.38851e-11 3.14174e-10 8.50636e-09 2.78513e-07 1.11511e-05 0.000552449 0.0342916 2.69808 -3406.24 326.295 389.343 464.084 553.249 
1.15369e-34 4.00677e-33 2.96527e-32 1.32101e-31 4.62982e-31 1.43671e-30 4.22079e-30 1.22492e-29 3.61295e-29 1.10433e-28 3.54517e-28 1.20661e-27 4.38424e-27 1.71015e-26 7.19666e-26 3.28286e-25 1.63118e-24 8.87307e-24 5.31222e-23 3.52006e-22 2.59704e-21 2.14683e-20 2.00171e-19 2.1201e-18 2.56985e-17 3.5933e-16 5.84454e-15 1.11566e-13 2.52299e-12 6.82687e-11 2.23368e-09 8.93624e-08 4.42333e-06 0.000274302 0.0215941 2.18578 -3657.72 344.641 410.758 489.217 
6.97922e-37 2.43537e-35 1.80324e-34 8.03489e-34 2.8163e-33 8.73984e-33 2.56766e-32 7.45166e-32 2.19787e-31 6.71784e-31 2.15653e-30 7.33954e-30 2.66672e-29 1.04014e-28 4.37684e-28 1.9964e-27 9.91878e-27 5.39489e-26 3.22947e-25 2.13964e-24 1.57833e-23 1.30447e-22 1.21602e-21 1.28762e-20 1.56032e-19 2.181e-18 3.54609e-17 6.76622e-16 1.5294e-14 4.13611e-13 1.35246e-11 5.40705e-10 2.67435e-08 1.65701e-06 0.000130322 0.0131938 1.74344 -3923.8 364.056 433.448 
3.12989e-39 1.0984e-37 8.13764e-37 3.62674e-36 1.27133e-35 3.94554e-35 1.15918e-34 3.36409e-34 9.92233e-34 3.03273e-33 9.73529e-33 3.3132e-32 1.20375e-31 4.69498e-31 1.97549e-30 9.01018e-30 4.47619e-29 2.4344e-28 1.45711e-27 9.65271e-27 7.11937e-26 5.88307e-25 5.48312e-24 5.80467e-23 7.03224e-22 9.82678e-21 1.59721e-19 3.04648e-18 6.88321e-17 1.8606e-15 6.0807e-14 2.42955e-12 1.20085e-10 7.43466e-09 5.84227e-07 5.90914e-05 0.00780758 1.36791 -4205.33 384.6 
1.02227e-41 3.61228e-40 2.67799e-39 1.19379e-38 4.18522e-38 1.29894e-37 3.81632e-37 1.10755e-36 3.2667e-36 9.98441e-36 3.20501e-35 1.09072e-34 3.96269e-34 1.54549e-33 6.50261e-33 2.96565e-32 1.47321e-31 8.01148e-31 4.79481e-30 3.176e-29 2.34216e-28 1.93515e-27 1.80329e-26 1.90867e-25 2.31181e-24 3.22968e-23 5.24792e-22 1.00065e-20 2.26002e-19 6.10651e-18 1.99475e-16 7.96577e-15 3.93486e-13 2.4345e-11 1.91162e-09 1.93186e-07 2.55012e-05 0.00446638 1.05472 -4502.26 
cycle: 0
true_cycle: 0
nIterations: 0
nTrueIterations: 0
Branch: 0
dt_FE: 6.24659e-09
dt_EA: 6.24659e-09
dt_PE: 6.24659e-09
