t: 0.00517791
dt: 6.1356e-05
N: 1 1 1 1 1 1 1 0.999999 0.999997 0.999992 0.999974 0.999903 0.999564 0.997861 0.990838 0.968766 0.915586 0.815541 0.666684 0.489968 0.320769 0.188622 0.104772 0.0568244 0.0215082 0.00331764 0.000214598 1.09224e-05 5.11804e-07 2.01941e-08 6.58798e-10 1.75773e-11 3.79143e-13 6.53087e-15 8.86724e-17 9.35939e-19 7.56793e-21 4.61561e-23 2.08859e-25 6.89097e-28 
eC: 1.00639 3.07804 5.27089 7.59201 10.0489 12.6496 15.4023 18.3162 21.4004 24.6651 28.1208 31.7787 35.6505 39.7488 44.0869 48.6788 53.5393 58.6841 64.1299 69.8943 75.9959 82.4544 89.2908 96.5271 104.187 112.294 120.876 129.96 139.576 149.754 160.527 171.931 184.002 196.778 210.303 224.618 239.771 255.811 272.788 290.759 
dV: 2.71811 20.9912 63.6092 138.722 256.496 429.553 673.497 1007.55 1455.33 2045.74 2814.09 3803.42 5066.04 6665.5 8678.77 11199 14338.7 18233.7 23047.8 28977.8 36261 45182.1 56083.2 69374.4 85547.6 105192 129013 157855 192727 234836 285622 346808 420447 508992 615366 743056 896219 1.07981e+06 1.29972e+06 1.56298e+06 
kVec: 6251.66 14113.6 16996.6 16486.5 14233.1 11480.8 8917.34 6802.21 5159.58 3918.84 2988.7 2287.69 1752.42 1336.8 1008.73 747.119 539.879 382.436 275.422 220.809 217.655 259.907 337.55 440.465 562.254 698.786 845.939 1001.47 1165.31 1337.97 1520.06 1712.23 1915.13 2129.46 2355.93 2595.3 2848.35 3115.9 3398.83 3697.08 
cMat: 
-2.25541e-05 2.15656e-08 3.55786e-08 5.70679e-08 8.74865e-08 1.28608e-07 1.82824e-07 2.53327e-07 3.44172e-07 4.60348e-07 6.07907e-07 7.94165e-07 1.02795e-06 1.31992e-06 1.68292e-06 2.13245e-06 2.68714e-06 3.36943e-06 4.20626e-06 5.22997e-06 6.47931e-06 8.00071e-06 9.84969e-06 1.20926e-05 1.48087e-05 1.80923e-05 2.20558e-05 2.6833e-05 3.25823e-05 3.94918e-05 4.77834e-05 5.77191e-05 6.96068e-05 0 0.000100741 0 0.000144836 0.000173202 0.000206722 0.000246204 
2.60388e-09 -9.81327e-05 1.33475e-07 2.18794e-07 3.41226e-07 5.07709e-07 7.27591e-07 1.0137e-06 1.38262e-06 1.85484e-06 2.45526e-06 3.21395e-06 4.1672e-06 5.35878e-06 6.84152e-06 8.67909e-06 1.09482e-05 1.37412e-05 1.71691e-05 2.13653e-05 2.64899e-05 3.27347e-05 4.033e-05 4.9551e-05 6.07276e-05 7.42539e-05 9.06011e-05 0.000110332 0.000134118 0.00016276 0.000197214 0.000238618 0.000288326 0.00034795 0.000419407 0.000504974 0.000607352 0 0.000875942 0.00105043 
1.40307e-09 4.35944e-08 -0.000236903 4.94944e-07 7.85998e-07 1.18472e-06 1.71195e-06 2.39749e-06 3.28096e-06 4.4119e-06 5.85058e-06 7.6697e-06 9.95686e-06 1.28177e-05 1.63797e-05 2.07965e-05 2.62532e-05 3.29726e-05 4.12228e-05 5.13255e-05 6.36675e-05 7.87123e-05 9.70158e-05 0.000119243 0.000146192 0.000178815 0.000218252 0.000265865 0.000323279 0.000392437 0.000475653 0.00057569 0.000695839 0 0.0010129 0 0.00146805 0.00176478 0 0.00254348 
1.032e-09 3.27691e-08 2.26962e-07 -0.000480132 1.53447e-06 2.34869e-06 3.42738e-06 4.8267e-06 6.62577e-06 8.92595e-06 1.1851e-05 1.55502e-05 2.02027e-05 2.60245e-05 3.32759e-05 4.22706e-05 5.33866e-05 6.70788e-05 8.38945e-05 0.000104491 0.000129659 0.000160344 0.000197682 0.000243033 0.000298026 0.000364608 0.000445108 0.000542312 0.000659543 0.000800771 0.000970735 0.00117508 0.00142055 0.00171517 0.00206851 0.00249195 0.00299904 0.00360591 0.00433173 0.00519929 
8.60863e-10 2.78084e-08 1.96121e-07 8.34958e-07 -0.000904768 4.33677e-06 6.41748e-06 9.10865e-06 1.25514e-05 1.6938e-05 2.25071e-05 2.95459e-05 3.83982e-05 4.94768e-05 6.32783e-05 8.04011e-05 0.000101566 0.00012764 0.000159668 0.000198902 0.000246849 0.000305314 0.000376464 0.000462892 0.000567703 0.000694615 0.000848071 0.00103338 0.00125689 0.00152617 0.00185027 0.00223997 0.00270812 0.00327006 0.00394405 0.00475184 0.00571933 0.00687732 0.00826247 0.00991836 
7.6459e-10 2.49987e-08 1.78602e-07 7.72146e-07 2.62021e-06 -0.0016681 1.17396e-05 1.68896e-05 2.34289e-05 3.1702e-05 4.21623e-05 5.53585e-05 7.19432e-05 9.26949e-05 0.000118547 0.000150622 0.000190272 0.000239123 0.000299132 0.000372648 0.000462495 0.000572059 0.0007054 0.000867383 0.00106383 0.00130171 0.00158935 0.00193672 0.00235572 0.00286054 0.00346814 0.00419876 0.00507652 0.00613016 0.00739396 0.00890871 0.010723 0.0128947 0.0154926 0.0185986 
7.06021e-10 2.32709e-08 1.67643e-07 7.31913e-07 2.51859e-06 7.62565e-06 -0.00310876 3.15845e-05 4.4416e-05 6.04594e-05 8.05657e-05 0.000105816 0.00013749 0.000177094 0.00022642 0.000287616 0.000363262 0.000456462 0.00057095 0.000711211 0.000882631 0.00109167 0.00134608 0.00165515 0.00202997 0.00248386 0.00303271 0.00369553 0.00449503 0.00545833 0.00661777 0.00801198 0.00968699 0.0116977 0.0141095 0.0170003 0.0204629 0.0246076 0.029566 0.0354943 
6.71479e-10 2.22538e-08 1.61145e-07 7.07479e-07 2.45365e-06 7.53022e-06 2.1679e-05 -0.00598817 8.69147e-05 0.000119985 0.000160769 0.000211462 0.000274748 0.000353731 0.000452038 0.000573969 0.000724675 0.000910345 0.00113841 0.00141781 0.00175928 0.00217568 0.00268244 0.00329805 0.00404466 0.00494874 0.00604197 0.00736222 0.0089547 0.0108734 0.0131829 0.01596 0.0192964 0.0233015 0.0281056 0.0338638 0.0407611 0.0490175 0.0588946 0.070704 
6.5554e-10 2.18106e-08 1.58465e-07 6.97866e-07 2.42953e-06 7.50608e-06 2.19067e-05 6.24547e-05 -0.0121013 0.000250177 0.000340143 0.000449702 0.000584906 0.000752833 0.000961473 0.00122009 0.00153966 0.00193333 0.00241684 0.00300915 0.00373299 0.00461564 0.0056898 0.00699464 0.00857709 0.0104933 0.0128103 0.0156085 0.0189835 0.02305 0.0279446 0.0338301 0.0409011 0.0493892 0.0595706 0.0717742 0.0863918 0.10389 0.124823 0.149851 
6.57159e-10 2.19297e-08 1.59706e-07 7.04614e-07 2.45728e-06 7.61219e-06 2.23493e-05 6.46192e-05 0.000187503 -0.0258931 0.00076724 0.00102984 0.00134595 0.00173365 0.00221306 0.00280635 0.00353905 0.00444142 0.0055496 0.006907 0.0085657 0.0105882 0.0130493 0.0160389 0.0196643 0.0240542 0.0293623 0.0357724 0.0435039 0.0528192 0.0640311 0.077513 0.09371 0.113153 0.136475 0.164428 0.197911 0.237991 0.28594 0.34327 
6.81541e-10 2.27978e-08 1.66327e-07 7.34723e-07 2.56438e-06 7.95091e-06 2.33894e-05 6.79996e-05 0.000200213 0.000602561 -0.0588939 0.00255809 0.00339597 0.00439391 0.0056116 0.00711162 0.00896146 0.0112385 0.0140343 0.0174583 0.021642 0.0267427 0.0329492 0.0404879 0.0496296 0.0606982 0.0740814 0.0902425 0.109735 0.133219 0.161484 0.195472 0.236303 0.285316 0.344106 0.414572 0.498975 0.600009 0.720877 0.86539 
7.62052e-10 2.5542e-08 1.86622e-07 8.25128e-07 2.88123e-06 8.93503e-06 2.6293e-05 7.65517e-05 0.000226556 0.000692247 0.00218945 -0.141911 0.0097514 0.0128208 0.016442 0.0208419 0.0262444 0.0328862 0.0410376 0.0510187 0.0632122 0.0780768 0.0961626 0.118128 0.144763 0.177009 0.215997 0.263075 0.319855 0.388262 0.470591 0.569585 0.688511 0.831266 1.00249 1.20772 1.45354 1.74779 2.0998 2.52068 
9.76702e-10 3.27926e-08 2.39896e-07 1.06148e-06 3.70773e-06 1.14979e-05 3.3828e-05 9.84858e-05 0.000291779 0.000895847 0.00287806 0.00965569 -0.3552 0.0454923 0.0592992 0.0754516 0.0950119 0.118963 0.148327 0.184268 0.228166 0.281675 0.34677 0.425822 0.521668 0.637702 0.777983 0.947364 1.15164 1.39774 1.69391 2.05002 2.47782 2.99133 3.60724 4.34544 5.22964 6.28802 7.55415 9.06795 
1.26928e-09 4.26795e-08 3.12559e-07 1.38391e-06 4.83526e-06 1.49936e-05 4.40991e-05 0.000128332 0.00038009 0.00116786 0.00376885 0.0128485 0.0460425 -0.887887 0.231015 0.298798 0.377526 0.472616 0.588777 0.730826 0.904272 1.11564 1.37275 1.68495 2.06342 2.52158 3.07543 3.74413 4.55055 5.522 6.69108 8.0967 9.78523 11.812 14.2428 17.1563 20.6459 24.8228 29.8196 35.7937 
1.33986e-09 4.51116e-08 3.30683e-07 1.465e-06 5.11984e-06 1.58754e-05 4.66793e-05 0.000135775 0.000401891 0.00123425 0.00398499 0.0136419 0.0496882 0.19126 -2.13782 1.02797 1.3202 1.65758 2.06429 2.56009 3.165 3.90197 4.79824 5.88638 7.20538 8.80189 10.7317 13.0615 15.8709 19.255 23.3274 28.2235 34.1048 41.1639 49.6303 59.7774 71.9305 86.4774 103.879 124.684 
1.04153e-09 3.51084e-08 2.5757e-07 1.14168e-06 3.99084e-06 1.23744e-05 3.63767e-05 0.000105763 0.00031287 0.000960178 0.0030982 0.0106086 0.0387859 0.151761 0.630638 -4.89866 3.65109 4.65854 5.81606 7.20948 8.90497 10.9693 13.4791 16.5258 20.2182 24.687 30.088 36.6079 44.4694 53.9384 65.3326 79.0306 95.4843 115.232 138.916 167.301 201.296 241.986 290.66 348.853 
5.90622e-10 1.99298e-08 1.46323e-07 6.48879e-07 2.26869e-06 7.0345e-06 2.06754e-05 6.00913e-05 0.000177673 0.000544906 0.00175689 0.00601149 0.0219789 0.0862888 0.364472 1.64303 -10.7292 10.303 13.0667 16.2306 20.0356 24.6576 30.2743 37.0905 45.3502 55.3449 67.4232 82.0019 99.5788 120.748 146.219 176.839 213.617 257.755 310.689 374.126 450.1 541.034 649.808 779.851 
2.47856e-10 8.37164e-09 6.15045e-08 2.72861e-07 9.54198e-07 2.95872e-06 8.69487e-06 2.52638e-05 7.46665e-05 0.000228866 0.00073739 0.00252106 0.00921014 0.0361527 0.153152 0.701613 3.44818 -22.496 23.5516 29.7013 36.7239 45.1642 55.4012 67.8189 82.8629 101.064 123.056 149.597 181.593 220.125 266.483 322.206 389.132 469.449 565.765 681.187 819.417 984.857 1182.75 1419.33 
7.82854e-11 2.64652e-09 1.9455e-08 8.63437e-08 3.02001e-07 9.36451e-07 2.75168e-06 7.99343e-06 2.36162e-05 7.23539e-05 0.000232981 0.000795962 0.00290545 0.0113952 0.0482571 0.221625 1.10645 5.95884 -44.6894 44.5884 55.9354 68.8752 84.4204 103.248 126.049 153.628 186.947 227.151 275.611 333.964 404.162 488.535 589.862 711.455 857.261 1031.98 1241.22 1491.63 1791.16 2149.24 
1.89466e-11 6.41038e-10 4.71493e-09 2.09327e-08 7.32282e-08 2.27075e-07 6.67184e-07 1.93776e-06 5.7234e-06 1.75282e-05 5.64132e-05 0.000192614 0.000702572 0.00275318 0.0116491 0.0534738 0.267515 1.46273 8.67901 -82.7224 71.5775 89.3497 109.609 133.941 163.371 198.958 241.94 293.796 356.292 431.535 522.042 630.814 761.431 918.161 1106.09 1331.27 1600.92 1923.63 2309.61 2771.03 
3.58907e-12 1.21528e-10 8.94296e-10 3.97162e-09 1.38961e-08 4.30922e-08 1.26604e-07 3.67652e-07 1.08565e-06 3.32378e-06 1.06929e-05 3.64906e-05 0.00013302 0.000520884 0.00220208 0.0100993 0.0504935 0.276541 1.66478 10.9446 -140.934 100.112 124.39 152.08 185.331 225.498 273.997 332.498 402.989 487.846 589.902 712.541 859.794 1036.47 1248.3 1502.1 1806.01 2169.69 2604.67 3124.64 
5.44931e-13 1.84656e-11 1.35946e-10 6.03917e-10 2.11333e-09 6.55378e-09 1.9254e-08 5.59057e-08 1.65052e-07 5.05184e-07 1.62466e-06 5.54194e-06 2.01916e-05 7.90182e-05 0.000333812 0.00152966 0.00764091 0.0418181 0.252053 1.67986 12.3096 -220.595 125.713 155.518 189.56 230.432 279.743 339.207 410.844 497.064 600.745 725.319 874.879 1054.3 1269.41 1527.12 1835.68 2204.92 2646.52 3174.37 
6.78241e-14 2.30002e-12 1.694e-11 7.52733e-11 2.63446e-10 8.17026e-10 2.40021e-09 6.96852e-09 2.05701e-08 6.29456e-08 2.02373e-07 6.90072e-07 2.51312e-06 9.82974e-06 4.15e-05 0.000190033 0.000948455 0.00518606 0.0312338 0.208341 1.5463 12.7095 -319.716 145.92 179.779 218.529 265.045 321.102 388.617 469.861 567.54 684.884 825.745 994.714 1197.26 1439.91 1730.42 2078.02 2493.72 2990.59 
7.1031e-15 2.41058e-13 1.77612e-12 7.89415e-12 2.76321e-11 8.56992e-11 2.51756e-10 7.30861e-10 2.1571e-09 6.5996e-09 2.12129e-08 7.23116e-08 2.63248e-07 1.02921e-06 4.34291e-06 1.98744e-05 9.91223e-05 0.000541546 0.00325856 0.0217175 0.161267 1.34121 12.4474 -434.297 161.838 198.627 240.84 291.503 352.489 425.857 514.05 619.98 747.119 899.609 1082.38 1301.31 1563.41 1876.99 2251.97 2700.15 
6.40639e-16 2.17583e-14 1.60373e-13 7.12957e-13 2.49589e-12 7.74119e-12 2.27406e-11 6.60128e-11 1.94811e-10 5.95925e-10 1.91506e-09 6.52649e-09 2.3752e-08 9.28269e-08 3.91525e-07 1.79079e-06 8.926e-06 4.87319e-05 0.000292989 0.00195093 0.0144741 0.120401 1.12947 11.9193 -560.761 176.845 216.269 261.643 316.082 381.547 460.22 554.696 668.069 804.026 966.961 1162.11 1395.7 1675.16 2009.32 2408.67 
4.92207e-17 1.67307e-15 1.23359e-14 5.4852e-14 1.92046e-13 5.95671e-13 1.74983e-12 5.07924e-12 1.4988e-11 4.58418e-11 1.47291e-10 5.01854e-10 1.82592e-09 7.13371e-09 3.00771e-08 1.37508e-07 6.85035e-07 3.73772e-06 2.24565e-05 0.000149411 0.0011075 0.00920415 0.0863378 0.919951 11.1212 -698.439 189.82 231.364 279.335 336.871 405.989 488.973 588.534 707.907 850.945 1022.24 1227.26 1472.5 1765.72 2116.13 
3.20412e-18 1.09009e-16 8.03997e-16 3.57573e-15 1.25206e-14 3.88369e-14 1.14086e-13 3.31142e-13 9.77063e-13 2.98807e-12 9.59933e-12 3.27009e-11 1.1895e-10 4.64601e-10 1.95821e-09 8.9492e-09 4.45632e-08 2.43021e-07 1.45921e-06 9.70199e-06 7.18586e-05 0.000596667 0.0055917 0.0595645 0.726244 10.1362 -845.883 200.731 243.907 293.935 353.912 425.897 512.242 615.749 739.754 888.232 1065.92 1278.45 1532.52 1836.12 
1.77345e-19 6.03938e-18 4.45575e-17 1.98204e-16 6.94093e-16 2.15306e-15 6.32473e-15 1.83573e-14 5.4161e-14 1.6562e-13 5.31994e-13 1.81199e-12 6.58987e-12 2.57329e-11 1.08429e-10 4.9537e-10 2.46578e-09 1.34409e-08 8.0664e-08 5.35999e-07 3.96721e-06 3.29156e-05 0.000308199 0.00327993 0.0399725 0.56207 9.13225 -1001.47 211.723 256.53 308.629 371.058 445.92 535.64 643.107 771.76 925.698 1109.8 1329.86 1592.79 
8.29019e-21 2.82625e-19 2.08579e-18 9.27979e-18 3.25002e-17 1.00819e-16 2.96163e-16 8.59573e-16 2.53593e-15 7.75401e-15 2.49042e-14 8.4813e-14 3.08397e-13 1.20402e-12 5.0721e-12 2.31658e-11 1.15274e-10 6.28113e-10 3.76786e-09 2.5024e-08 1.85107e-07 1.53478e-06 1.43596e-05 0.000152686 0.00185903 0.0261248 0.427189 8.15081 -1165.31 223.338 269.895 324.21 389.262 467.204 560.542 672.259 805.909 965.72 1156.73 1384.92 
3.24114e-22 1.10632e-20 8.16717e-20 3.63423e-19 1.27292e-18 3.94891e-18 1.16002e-17 3.36673e-17 9.93209e-17 3.03668e-16 9.75223e-16 3.3208e-15 1.20733e-14 4.71277e-14 1.98491e-13 9.06348e-13 4.50872e-12 2.45594e-11 1.47267e-10 9.77633e-10 7.22804e-09 5.98951e-08 5.60014e-07 5.95015e-06 7.2384e-05 0.00101625 0.0166057 0.318552 7.20397 -1337.97 235.645 284.085 340.779 408.642 489.888 587.111 703.398 842.424 1008.56 1207.02 
1.04869e-23 3.58466e-22 2.64709e-21 1.1781e-20 4.12677e-20 1.28028e-19 3.76093e-19 1.09151e-18 3.21991e-18 9.84408e-18 3.16115e-17 1.07631e-16 3.91263e-16 1.52705e-15 6.43042e-15 2.93564e-14 1.46001e-13 7.95049e-13 4.76584e-12 3.16258e-11 2.3372e-10 1.93573e-09 1.80885e-08 1.92064e-07 2.33473e-06 3.27513e-05 0.000534661 0.0102484 0.232799 6.30136 -1520.06 248.682 299.149 358.388 429.258 514.041 615.428 736.615 881.413 1054.35 
2.77689e-25 9.50789e-24 7.02326e-23 3.12623e-22 1.09519e-21 3.39781e-21 9.98148e-21 2.89682e-20 8.54517e-20 2.61234e-19 8.3882e-19 2.85578e-18 1.03803e-17 4.05076e-17 1.70552e-16 7.78467e-16 3.87079e-15 2.10732e-14 1.26285e-13 8.3774e-13 6.18865e-12 5.12338e-11 4.78515e-10 5.07796e-09 6.16876e-08 8.64709e-07 1.41045e-05 0.000270105 0.00613033 0.166532 5.45149 -1712.23 262.488 315.133 377.092 451.173 539.737 645.576 772.01 922.988 
5.94717e-27 2.04025e-25 1.50757e-24 6.71163e-24 2.35144e-23 7.29562e-23 2.1432e-22 6.2199e-22 1.83472e-21 5.60867e-21 1.80083e-20 6.13049e-20 2.22812e-19 8.69396e-19 3.65998e-18 1.6703e-17 8.30374e-17 4.51973e-16 2.70785e-15 1.79579e-14 1.32617e-13 1.09747e-12 1.02457e-11 1.08673e-10 1.31942e-09 1.84831e-08 3.01264e-07 5.76455e-06 0.000130713 0.00354763 0.11646 4.66153 -1915.13 277.106 332.089 396.949 474.455 567.054 677.647 809.685 
1.01734e-28 3.49817e-27 2.58572e-26 1.15134e-25 4.03409e-25 1.25168e-24 3.67703e-24 1.06713e-23 3.14769e-23 9.62198e-23 3.08926e-22 1.0516e-21 3.8217e-21 1.49105e-20 6.27631e-20 2.86392e-19 1.42354e-18 7.74689e-18 4.64029e-17 3.07658e-16 2.27136e-15 1.87904e-14 1.75355e-13 1.85912e-12 2.25609e-11 3.15867e-10 5.14518e-09 9.83797e-08 2.22898e-06 6.04413e-05 0.00198229 0.0795127 3.93704 -2129.46 292.58 350.07 418.022 499.176 596.075 711.738 
1.37173e-30 4.72976e-29 3.49736e-28 1.55751e-27 5.45772e-27 1.69347e-26 4.97494e-26 1.44379e-25 4.25864e-25 1.30175e-24 4.17926e-24 1.42256e-23 5.16948e-23 2.01673e-22 8.48817e-22 3.87275e-21 1.92472e-20 1.04726e-19 6.27177e-19 4.15737e-18 3.0685e-17 2.53776e-16 2.3675e-15 2.50908e-14 3.0435e-13 4.25901e-12 6.93367e-11 1.32494e-09 2.99977e-08 8.12768e-07 2.66325e-05 0.00106726 0.0529246 3.28189 -2355.93 308.959 369.135 440.377 525.413 626.891 
1.43757e-32 4.97308e-31 3.67875e-30 1.63858e-29 5.74228e-29 1.78184e-28 5.23464e-28 1.51915e-27 4.48085e-27 1.36964e-26 4.39704e-26 1.49661e-25 5.43825e-25 2.12143e-24 8.92806e-24 4.07303e-23 2.02401e-22 1.10113e-21 6.5933e-21 4.36967e-20 3.22449e-19 2.66609e-18 2.4865e-17 2.63433e-16 3.19422e-15 4.468e-14 7.27036e-13 1.38851e-11 3.14174e-10 8.50636e-09 2.78513e-07 1.11511e-05 0.000552449 0.0342916 2.69808 -2595.3 326.295 389.343 464.084 553.249 
1.15369e-34 4.00677e-33 2.96527e-32 1.32101e-31 4.62982e-31 1.43671e-30 4.22079e-30 1.22492e-29 3.61295e-29 1.10433e-28 3.54517e-28 1.20661e-27 4.38424e-27 1.71015e-26 7.19666e-26 3.28286e-25 1.63118e-24 8.87307e-24 5.31222e-23 3.52006e-22 2.59704e-21 2.14683e-20 2.00171e-19 2.1201e-18 2.56985e-17 3.5933e-16 5.84454e-15 1.11566e-13 2.52299e-12 6.82687e-11 2.23368e-09 8.93624e-08 4.42333e-06 0.000274302 0.0215941 2.18578 -2848.35 344.641 410.758 489.217 
6.97922e-37 2.43537e-35 1.80324e-34 8.03489e-34 2.8163e-33 8.73984e-33 2.56766e-32 7.45166e-32 2.19787e-31 6.71784e-31 2.15653e-30 7.33954e-30 2.66672e-29 1.04014e-28 4.37684e-28 1.9964e-27 9.91878e-27 5.39489e-26 3.22947e-25 2.13964e-24 1.57833e-23 1.30447e-22 1.21602e-21 1.28762e-20 1.56032e-19 2.181e-18 3.54609e-17 6.76622e-16 1.5294e-14 4.13611e-13 1.35246e-11 5.40705e-10 2.67435e-08 1.65701e-06 0.000130322 0.0131938 1.74344 -3115.9 364.056 433.448 
3.12989e-39 1.0984e-37 8.13764e-37 3.62674e-36 1.27133e-35 3.94554e-35 1.15918e-34 3.36409e-34 9.92233e-34 3.03273e-33 9.73529e-33 3.3132e-32 1.20375e-31 4.69498e-31 1.97549e-30 9.01018e-30 4.47619e-29 2.4344e-28 1.45711e-27 9.65271e-27 7.11937e-26 5.88307e-25 5.48312e-24 5.80467e-23 7.03224e-22 9.82678e-21 1.59721e-19 3.04648e-18 6.88321e-17 1.8606e-15 6.0807e-14 2.42955e-12 1.20085e-10 7.43466e-09 5.84227e-07 5.90914e-05 0.00780758 1.36791 -3398.83 384.6 
1.02227e-41 3.61228e-40 2.67799e-39 1.19379e-38 4.18522e-38 1.29894e-37 3.81632e-37 1.10755e-36 3.2667e-36 9.98441e-36 3.20501e-35 1.09072e-34 3.96269e-34 1.54549e-33 6.50261e-33 2.96565e-32 1.47321e-31 8.01148e-31 4.79481e-30 3.176e-29 2.34216e-28 1.93515e-27 1.80329e-26 1.90867e-25 2.31181e-24 3.22968e-23 5.24792e-22 1.00065e-20 2.26002e-19 6.10651e-18 1.99475e-16 7.96577e-15 3.93486e-13 2.4345e-11 1.91162e-09 1.93186e-07 2.55012e-05 0.00446638 1.05472 -3697.08 
cycle: 0
true_cycle: 0
nIterations: 0
nTrueIterations: 0
Branch: 0
dt_FE: 6.1356e-05
dt_EA: 6.1356e-05
dt_PE: 6.1356e-05
