t: 2.2223e-05
dt: 6.66691e-07
N: 0.119994 0.25249 0.296961 0.290404 0.256987 0.213618 0.170875 0.133909 0.104172 0.08117 0.0636928 0.0504644 0.0404048 0.0326833 0.0266898 0.0219843 0.0182498 0.0152565 0.0128377 0.0109457 0.0115097 0.0410972 0.235747 0.644903 0.609303 0.160068 0.00930196 9.55267e-05 3.37752e-07 8.76734e-09 2.82083e-10 7.44615e-12 1.59137e-13 2.71925e-15 3.66621e-17 3.84589e-19 3.09288e-21 1.87724e-23 8.45822e-26 2.77995e-28 
eC: 1.00639 3.07804 5.27089 7.59201 10.0489 12.6496 15.4023 18.3162 21.4004 24.6651 28.1208 31.7787 35.6505 39.7488 44.0869 48.6788 53.5393 58.6841 64.1299 69.8943 75.9959 82.4544 89.2908 96.5271 104.187 112.294 120.876 129.96 139.576 149.754 160.527 171.931 184.002 196.778 210.303 224.618 239.771 255.811 272.788 290.759 
dV: 2.71811 20.9912 63.6092 138.722 256.496 429.553 673.497 1007.55 1455.33 2045.74 2814.09 3803.42 5066.04 6665.5 8678.77 11199 14338.7 18233.7 23047.8 28977.8 36261 45182.1 56083.2 69374.4 85547.6 105192 129013 157855 192727 234836 285622 346808 420447 508992 615366 743056 896219 1.07981e+06 1.29972e+06 1.56298e+06 
kVec: 5770.55 13124.9 15895.8 15499.2 13457 10936.8 8590.8 6667.49 5192.24 4099.75 3304.63 2730.39 2317.44 2022.29 1814.11 1671.28 1578.59 1525.22 1503.4 1507.31 1531.74 1567.43 1587.88 1552.48 1491.79 1508.83 1620.36 1769.3 1930.25 2100.45 2280.28 2470.37 2671.34 2883.88 3108.69 3346.51 3598.1 3864.3 4145.93 4442.96 
cMat: 
-7.22448 4.68648 7.73166 12.4016 19.0119 27.9481 39.7299 55.0511 74.7929 100.039 132.106 172.582 223.386 286.835 365.72 463.407 583.949 732.22 914.074 1136.54 1408.04 1738.65 2140.46 2627.88 3218.11 3931.68 4793.01 5831.14 7080.55 8582.05 10383.9 12543.1 15126.4 18212.4 21892.3 26272.4 31474.7 37639 44923.3 53503.2 
0.266755 -21.9839 13.6739 22.4145 34.957 52.0125 74.5384 103.849 141.643 190.02 251.53 329.255 426.911 548.983 700.882 889.133 1121.6 1407.73 1758.9 2188.78 2713.77 3353.52 4131.62 5076.28 6221.27 7606.98 9281.67 11303 13739.8 16674 20203.7 24445.3 29537.7 35645.9 42966.4 51732.3 62220.4 74758.9 89736.3 107612 
0.0680127 2.11321 -39.7688 23.9921 38.1007 57.4283 82.9856 116.217 159.042 213.864 283.603 371.783 482.652 621.331 793.997 1008.1 1272.61 1598.33 1998.24 2487.97 3086.24 3815.53 4702.77 5780.24 7086.57 8667.95 10579.6 12887.6 15670.8 19023.1 23057 27906.2 33730.3 40719.4 49099.8 59140.8 71162.8 85546.5 102744 123293 
0.0241354 0.766372 5.30797 -60.8918 35.8867 54.9288 80.1561 112.882 154.957 208.751 277.161 363.672 472.481 608.636 778.224 988.583 1248.55 1568.77 1962.04 2443.74 3032.33 3749.96 4623.19 5683.82 6969.93 8527.09 10409.8 12683.1 15424.7 18727.7 22702.6 27481.7 33222.5 40112.8 48376.3 58279.2 70138.6 84331.5 101306 121596 
0.00959303 0.309884 2.18548 9.30436 -85.8464 48.3269 71.5133 101.502 139.867 188.749 250.809 329.246 427.891 551.345 705.143 895.951 1131.8 1422.36 1779.26 2216.47 2750.76 3402.27 4195.13 5158.24 6326.21 7740.45 9450.48 11515.5 14006.2 17006.9 20618.5 24961.1 30178 36440 43950.6 52952.2 63733.4 76637.4 92072.9 110525 
0.00389795 0.127446 0.910528 3.93647 13.3581 -115.415 59.8496 86.1047 119.443 161.62 214.947 282.223 366.773 472.567 604.364 767.887 970.026 1219.07 1525 1899.79 2357.84 2916.41 3596.2 4422 5423.5 6636.23 8102.68 9873.6 12009.7 14583.3 17680.9 21405.7 25880.5 31252.1 37695.1 45417.4 54667 65738.5 78982.9 94817.2 
0.00155279 0.0511811 0.368707 1.60974 5.53926 16.7715 -150.198 69.4655 97.6864 132.972 177.192 232.727 302.389 389.492 497.978 632.569 798.941 1003.92 1255.72 1564.2 1941.22 2400.98 2960.51 3640.25 4464.63 5462.89 6670.01 8127.79 9886.18 12004.8 14554.8 17621.2 21305.1 25727.4 31031.8 37389.7 45005.1 54120.9 65026.1 78064.4 
0.000594808 0.0197128 0.142745 0.626697 2.17348 6.67041 19.2037 -190.314 76.9906 106.285 142.412 187.317 243.377 313.342 400.423 508.432 641.931 806.4 1008.43 1255.93 1558.4 1927.25 2376.15 2921.48 3582.83 4383.68 5352.09 6521.58 7932.24 9631.89 11677.6 14137.6 17093.1 20640.9 24896.4 29997.2 36106.9 43420.5 52169.9 62630.9 
0.000217021 0.00722057 0.0524611 0.231034 0.804315 2.48494 7.25238 20.6761 -235.487 82.823 112.607 148.877 193.638 249.231 318.303 403.921 509.718 640.043 800.115 996.204 1235.84 1528.04 1883.65 2315.63 2839.51 3473.88 4240.95 5167.3 6284.65 7630.9 9251.27 11199.7 13540.6 16350.7 19721.3 23761.4 28600.7 34393.5 41323.6 49609.4 
7.50035e-05 0.0025029 0.0182277 0.0804197 0.280456 0.868802 2.55079 7.37518 21.4003 -285.297 87.5673 117.539 153.617 197.867 252.583 320.296 403.923 506.912 633.393 788.317 977.628 1208.46 1489.36 1830.57 2244.35 2745.38 3351.21 4082.8 4965.23 6028.41 7308.06 8846.78 10695.4 12914.5 15576.2 18766.7 22588.2 27162.6 32635.2 39178.4 
2.44512e-05 0.000817904 0.00596722 0.0263592 0.0920006 0.28525 0.839128 2.43958 7.18293 21.6177 -339.38 91.775 121.835 157.638 201.324 255.139 321.505 403.197 503.5 626.342 776.436 959.43 1182.1 1452.56 1780.53 2177.63 2657.77 3237.57 3936.89 4779.42 5793.48 7012.81 8477.69 10236.1 12345.3 14873.3 17901.4 21526.2 25862.4 31047.1 
7.49006e-06 0.000251047 0.00183427 0.00811003 0.0283191 0.0878207 0.258429 0.752412 2.22678 6.80396 21.5197 -397.512 95.8446 126.014 161.605 204.851 257.951 323.232 403.351 501.453 621.3 767.402 945.164 1161.06 1422.84 1739.79 2123 2585.72 3143.8 3816.15 4625.35 5598.34 6767.24 8170.35 9853.3 11870.5 14286.6 17178.7 20638.6 24775.3 
2.14749e-06 7.21016e-05 0.000527463 0.00233389 0.00815225 0.0252806 0.0743781 0.216542 0.641539 1.96971 6.32804 21.2301 -459.616 100.025 130.382 165.897 208.904 261.567 326.128 405.152 501.673 619.323 762.449 936.262 1147 1402.13 1710.56 2082.99 2532.13 3073.23 3724.43 4507.42 5448.03 6577.09 7931.3 9554.4 11498.5 13825.6 16609.4 19937.8 
5.73914e-07 1.92978e-05 0.000141325 0.000625741 0.00218629 0.00677944 0.0199397 0.0580259 0.17186 0.528052 1.70411 5.80954 20.8184 -525.729 104.455 135.103 170.7 213.696 266.219 330.447 408.872 504.445 620.697 761.858 932.989 1140.15 1390.57 1692.93 2057.56 2496.8 3025.41 3660.97 4424.45 5340.85 6439.98 7757.32 9335.16 11223.8 13483.1 16184.3 
1.42342e-07 4.79252e-06 3.51307e-05 0.000155637 0.000543916 0.00168655 0.00495907 0.0144243 0.0426957 0.131123 0.423353 1.44927 5.27873 20.3189 -595.973 109.208 140.254 176.096 219.304 271.976 336.24 414.533 509.75 625.351 765.477 935.085 1140.1 1387.61 1686.07 2045.59 2478.23 2998.38 3623.19 4373.13 5272.57 6350.56 7641.68 9187.09 11035.8 13246.1 
3.26129e-08 1.09933e-06 8.06514e-06 3.57489e-05 0.000124963 0.000387471 0.00113904 0.00331168 0.00979672 0.0300655 0.097012 0.33218 1.21448 4.75201 19.7468 -670.521 114.324 145.87 182.115 225.746 278.836 343.474 422.064 517.461 633.08 773.008 942.128 1146.28 1392.44 1688.94 2045.72 2474.64 2989.84 3608.2 4349.8 5238.58 6303.06 7577.16 9101.27 10923.4 
6.86904e-09 2.31788e-07 1.70176e-06 7.54658e-06 2.63852e-05 8.18125e-05 0.000240458 0.000698873 0.00206637 0.00633736 0.0204329 0.0699148 0.255619 1.00355 4.23887 19.1088 -749.586 119.826 151.968 188.765 233.017 286.773 352.095 431.369 527.431 643.671 784.144 953.697 1158.12 1404.32 1700.56 2056.67 2484.4 2997.74 3613.37 4351.15 5234.74 6292.32 7557.39 9069.81 
1.32319e-09 4.46923e-08 3.28344e-07 1.45668e-06 5.09402e-06 1.57952e-05 4.64179e-05 0.000134872 0.00039861 0.00122181 0.00393658 0.0134588 0.0491687 0.193002 0.817609 3.74559 18.4082 -833.402 125.731 158.561 196.052 241.111 295.761 362.054 442.366 539.533 656.938 798.629 969.44 1175.14 1422.63 1720.11 2077.4 2506.17 3020.36 3636.54 4374.49 5257.7 6314.16 7577.17 
2.31854e-10 7.83804e-09 5.76188e-08 2.55719e-07 8.9442e-07 2.77343e-06 8.14949e-06 2.36737e-05 6.99428e-05 0.000214287 0.000690007 0.00235736 0.00860492 0.0337487 0.14292 0.656373 3.27691 17.648 -922.204 132.055 165.661 203.984 250.023 305.784 373.312 454.992 553.669 672.74 816.262 989.082 1196.98 1446.87 1746.96 2107.08 2538.9 3056.36 3676.05 4417.69 5304.79 6365.28 
3.67413e-11 1.2431e-09 9.14321e-09 4.05927e-08 1.42004e-07 4.40344e-07 1.2938e-06 3.75772e-06 1.10988e-05 3.39907e-05 0.000109397 0.000373517 0.00136243 0.00533898 0.02259 0.103697 0.518765 2.83653 16.8303 -1016.12 138.803 173.267 212.554 259.739 316.81 385.819 469.17 569.73 690.922 836.834 1012.35 1223.28 1476.57 1780.5 2144.93 2581.6 3104.51 3730.3 4478.8 5373.58 
5.22321e-12 1.7686e-10 1.30148e-09 5.77992e-09 2.0223e-08 6.27124e-08 1.84248e-07 5.35047e-07 1.57995e-06 4.83712e-06 1.55615e-05 5.3105e-05 0.000193584 0.000758046 0.0032047 0.0146976 0.0734836 0.402452 2.42276 15.9277 -1114.71 145.694 181.025 221.323 269.714 328.168 398.75 483.887 586.473 709.965 858.489 1036.97 1251.26 1508.38 1816.66 2186.02 2628.3 3157.57 3790.6 4547.3 
6.44011e-13 2.1823e-11 1.60664e-10 7.13722e-10 2.49758e-09 7.7454e-09 2.27547e-08 6.60706e-08 1.95062e-07 5.97037e-07 1.92006e-06 6.54957e-06 2.38628e-05 9.33853e-05 0.000394506 0.00180779 0.00903019 0.0494214 0.297881 1.9853 14.5478 -1216.04 148.57 183.795 224.026 272.329 330.606 400.882 485.543 587.441 709.973 857.197 1033.95 1246 1500.21 1804.78 2169.45 2605.82 3127.71 3751.53 
5.79012e-14 1.96351e-12 1.44616e-11 6.42605e-11 2.24903e-10 6.97491e-10 2.04905e-09 5.949e-09 1.75606e-08 5.37364e-08 1.72765e-07 5.89111e-07 2.14544e-06 8.39161e-06 3.54284e-05 0.00016223 0.000809692 0.00442732 0.0266642 0.17786 1.32007 10.85 -1317.94 124.571 153.476 186.557 226.268 274.123 331.761 401.118 484.506 584.682 704.935 849.184 1022.1 1229.25 1477.25 1774 2128.88 2553.05 
2.67425e-15 9.07563e-14 6.68693e-13 2.97208e-12 1.04032e-11 3.2265e-11 9.47837e-11 2.75163e-10 8.12129e-10 2.48469e-09 7.98645e-09 2.72247e-08 9.91107e-08 3.87487e-07 1.63507e-06 7.48254e-06 3.73187e-05 0.000203887 0.00122682 0.00817644 0.0607158 0.504953 4.68635 -1408.64 60.9306 74.7813 90.6743 109.748 132.709 160.331 193.535 233.417 281.284 338.695 407.507 489.933 588.608 706.669 847.847 1016.58 
2.55797e-16 8.68775e-15 6.40345e-14 2.84673e-13 9.96571e-13 3.09094e-12 9.07998e-12 2.63579e-11 7.77852e-11 2.37944e-10 7.64656e-10 2.60593e-09 9.48383e-09 3.70644e-08 1.5633e-07 7.15035e-07 3.56402e-06 1.94579e-05 0.000116986 0.000778975 0.0057793 0.0480744 0.450979 4.75919 -1452.64 70.6116 86.3529 104.47 126.207 152.346 183.759 221.482 266.75 321.035 386.093 464.012 557.283 668.867 802.29 961.746 
4.14796e-17 1.40995e-15 1.03958e-14 4.62253e-14 1.61843e-13 5.01989e-13 1.47463e-12 4.28041e-12 1.26308e-11 3.86321e-11 1.24126e-10 4.22926e-10 1.53875e-09 6.01178e-09 2.53468e-08 1.15881e-07 5.77298e-07 3.14988e-06 1.89247e-05 0.000125913 0.000933319 0.00775659 0.0727593 0.775268 9.37212 -1499.62 159.967 194.977 235.403 283.89 342.138 412.071 495.974 596.572 717.115 861.469 1034.24 1240.92 1488.02 1783.32 
3.175e-18 1.08018e-16 7.96689e-16 3.54322e-15 1.24068e-14 3.84839e-14 1.13049e-13 3.28132e-13 9.68182e-13 2.96091e-12 9.51208e-12 3.24037e-11 1.17869e-10 4.60378e-10 1.94041e-09 8.86786e-09 4.41581e-08 2.40813e-07 1.44595e-06 9.61381e-06 7.12054e-05 0.000591244 0.00554087 0.0590231 0.719643 10.044 -1618.23 198.906 241.69 291.263 350.695 422.026 507.586 610.152 733.03 880.159 1056.23 1266.83 1518.59 1819.43 
1.7733e-19 6.03887e-18 4.45538e-17 1.98187e-16 6.94034e-16 2.15288e-15 6.3242e-15 1.83557e-14 5.41565e-14 1.65606e-13 5.31949e-13 1.81184e-12 6.58931e-12 2.57308e-11 1.0842e-10 4.95328e-10 2.46558e-09 1.34398e-08 8.06571e-08 5.35953e-07 3.96688e-06 3.29128e-05 0.000308173 0.00327965 0.0399691 0.562023 9.13148 -1769.1 211.705 256.509 308.602 371.027 445.882 535.595 643.052 771.695 925.62 1109.7 1329.75 1592.66 
8.29019e-21 2.82625e-19 2.08579e-18 9.27979e-18 3.25002e-17 1.00819e-16 2.96163e-16 8.59573e-16 2.53593e-15 7.75401e-15 2.49042e-14 8.4813e-14 3.08397e-13 1.20402e-12 5.0721e-12 2.31659e-11 1.15274e-10 6.28113e-10 3.76786e-09 2.5024e-08 1.85107e-07 1.53478e-06 1.43596e-05 0.000152686 0.00185903 0.0261248 0.427189 8.15081 -1930.24 223.338 269.895 324.21 389.263 467.204 560.542 672.259 805.909 965.72 1156.73 1384.92 
3.24114e-22 1.10632e-20 8.16717e-20 3.63423e-19 1.27292e-18 3.94891e-18 1.16002e-17 3.36673e-17 9.93209e-17 3.03668e-16 9.75223e-16 3.3208e-15 1.20733e-14 4.71277e-14 1.98491e-13 9.06348e-13 4.50872e-12 2.45594e-11 1.47267e-10 9.77633e-10 7.22804e-09 5.98951e-08 5.60014e-07 5.95015e-06 7.2384e-05 0.00101625 0.0166057 0.318552 7.20397 -2100.45 235.645 284.085 340.779 408.642 489.888 587.111 703.398 842.424 1008.56 1207.02 
1.04869e-23 3.58466e-22 2.64709e-21 1.1781e-20 4.12677e-20 1.28028e-19 3.76093e-19 1.09151e-18 3.21991e-18 9.84408e-18 3.16115e-17 1.07631e-16 3.91263e-16 1.52705e-15 6.43042e-15 2.93564e-14 1.46001e-13 7.95049e-13 4.76584e-12 3.16258e-11 2.3372e-10 1.93573e-09 1.80885e-08 1.92064e-07 2.33473e-06 3.27513e-05 0.000534661 0.0102484 0.232799 6.30136 -2280.28 248.682 299.149 358.388 429.258 514.041 615.428 736.615 881.413 1054.35 
2.77689e-25 9.50789e-24 7.02326e-23 3.12623e-22 1.09519e-21 3.39781e-21 9.98148e-21 2.89682e-20 8.54517e-20 2.61234e-19 8.3882e-19 2.85578e-18 1.03803e-17 4.05076e-17 1.70552e-16 7.78467e-16 3.87079e-15 2.10732e-14 1.26285e-13 8.3774e-13 6.18865e-12 5.12338e-11 4.78515e-10 5.07796e-09 6.16876e-08 8.64709e-07 1.41045e-05 0.000270105 0.00613033 0.166532 5.45149 -2470.37 262.488 315.133 377.092 451.173 539.737 645.576 772.01 922.988 
5.94717e-27 2.04025e-25 1.50757e-24 6.71163e-24 2.35144e-23 7.29562e-23 2.1432e-22 6.2199e-22 1.83472e-21 5.60867e-21 1.80083e-20 6.13049e-20 2.22812e-19 8.69396e-19 3.65998e-18 1.6703e-17 8.30374e-17 4.51973e-16 2.70785e-15 1.79579e-14 1.32617e-13 1.09747e-12 1.02457e-11 1.08673e-10 1.31942e-09 1.84831e-08 3.01264e-07 5.76455e-06 0.000130713 0.00354763 0.11646 4.66153 -2671.34 277.106 332.089 396.949 474.455 567.054 677.647 809.685 
1.01734e-28 3.49817e-27 2.58572e-26 1.15134e-25 4.03409e-25 1.25168e-24 3.67703e-24 1.06713e-23 3.14769e-23 9.62198e-23 3.08926e-22 1.0516e-21 3.8217e-21 1.49105e-20 6.27631e-20 2.86392e-19 1.42354e-18 7.74689e-18 4.64029e-17 3.07658e-16 2.27136e-15 1.87904e-14 1.75355e-13 1.85912e-12 2.25609e-11 3.15867e-10 5.14518e-09 9.83797e-08 2.22898e-06 6.04413e-05 0.00198229 0.0795127 3.93704 -2883.88 292.58 350.07 418.022 499.176 596.075 711.738 
1.37173e-30 4.72976e-29 3.49736e-28 1.55751e-27 5.45772e-27 1.69347e-26 4.97494e-26 1.44379e-25 4.25864e-25 1.30175e-24 4.17926e-24 1.42256e-23 5.16948e-23 2.01673e-22 8.48817e-22 3.87275e-21 1.92472e-20 1.04726e-19 6.27177e-19 4.15737e-18 3.0685e-17 2.53776e-16 2.3675e-15 2.50908e-14 3.0435e-13 4.25901e-12 6.93367e-11 1.32494e-09 2.99977e-08 8.12768e-07 2.66325e-05 0.00106726 0.0529246 3.28189 -3108.69 308.959 369.135 440.377 525.413 626.891 
1.43757e-32 4.97308e-31 3.67875e-30 1.63858e-29 5.74228e-29 1.78184e-28 5.23464e-28 1.51915e-27 4.48085e-27 1.36964e-26 4.39704e-26 1.49661e-25 5.43825e-25 2.12143e-24 8.92806e-24 4.07303e-23 2.02401e-22 1.10113e-21 6.5933e-21 4.36967e-20 3.22449e-19 2.66609e-18 2.4865e-17 2.63433e-16 3.19422e-15 4.468e-14 7.27036e-13 1.38851e-11 3.14174e-10 8.50636e-09 2.78513e-07 1.11511e-05 0.000552449 0.0342916 2.69808 -3346.51 326.295 389.343 464.084 553.249 
1.15369e-34 4.00677e-33 2.96527e-32 1.32101e-31 4.62982e-31 1.43671e-30 4.22079e-30 1.22492e-29 3.61295e-29 1.10433e-28 3.54517e-28 1.20661e-27 4.38424e-27 1.71015e-26 7.19666e-26 3.28286e-25 1.63118e-24 8.87307e-24 5.31222e-23 3.52006e-22 2.59704e-21 2.14683e-20 2.00171e-19 2.1201e-18 2.56985e-17 3.5933e-16 5.84454e-15 1.11566e-13 2.52299e-12 6.82687e-11 2.23368e-09 8.93624e-08 4.42333e-06 0.000274302 0.0215941 2.18578 -3598.1 344.641 410.758 489.217 
6.97922e-37 2.43537e-35 1.80324e-34 8.03489e-34 2.8163e-33 8.73984e-33 2.56766e-32 7.45166e-32 2.19787e-31 6.71784e-31 2.15653e-30 7.33954e-30 2.66672e-29 1.04014e-28 4.37684e-28 1.9964e-27 9.91878e-27 5.39489e-26 3.22947e-25 2.13964e-24 1.57833e-23 1.30447e-22 1.21602e-21 1.28762e-20 1.56032e-19 2.181e-18 3.54609e-17 6.76622e-16 1.5294e-14 4.13611e-13 1.35246e-11 5.40705e-10 2.67435e-08 1.65701e-06 0.000130322 0.0131938 1.74344 -3864.3 364.056 433.448 
3.12989e-39 1.0984e-37 8.13764e-37 3.62674e-36 1.27133e-35 3.94554e-35 1.15918e-34 3.36409e-34 9.92233e-34 3.03273e-33 9.73529e-33 3.3132e-32 1.20375e-31 4.69498e-31 1.97549e-30 9.01018e-30 4.47619e-29 2.4344e-28 1.45711e-27 9.65271e-27 7.11937e-26 5.88307e-25 5.48312e-24 5.80467e-23 7.03224e-22 9.82678e-21 1.59721e-19 3.04648e-18 6.88321e-17 1.8606e-15 6.0807e-14 2.42955e-12 1.20085e-10 7.43466e-09 5.84227e-07 5.90914e-05 0.00780758 1.36791 -4145.93 384.6 
1.02227e-41 3.61228e-40 2.67799e-39 1.19379e-38 4.18522e-38 1.29894e-37 3.81632e-37 1.10755e-36 3.2667e-36 9.98441e-36 3.20501e-35 1.09072e-34 3.96269e-34 1.54549e-33 6.50261e-33 2.96565e-32 1.47321e-31 8.01148e-31 4.79481e-30 3.176e-29 2.34216e-28 1.93515e-27 1.80329e-26 1.90867e-25 2.31181e-24 3.22968e-23 5.24792e-22 1.00065e-20 2.26002e-19 6.10651e-18 1.99475e-16 7.96577e-15 3.93486e-13 2.4345e-11 1.91162e-09 1.93186e-07 2.55012e-05 0.00446638 1.05472 -4442.96 
cycle: 0
true_cycle: 0
nIterations: 0
nTrueIterations: 0
Branch: 0
dt_FE: 6.66691e-07
dt_EA: 6.66691e-07
dt_PE: 6.66691e-07
