t: 6.4023e-07
dt: 1.92069e-08
N: 0.0036625 0.00831328 0.010058 0.00980107 0.00850059 0.0068909 0.00538407 0.00413882 0.00317284 0.00244601 0.00190491 0.00150146 0.00119799 0.000966927 0.000788637 0.000649272 0.000539022 0.00045089 0.000381619 0.000408476 0.00263009 0.034717 0.238145 0.664186 0.628813 0.165271 0.00959186 9.48025e-05 1.24829e-07 2.74392e-10 8.41151e-12 2.22001e-13 4.74377e-15 8.10464e-17 1.09253e-18 1.1459e-20 9.21402e-23 5.59167e-25 2.51905e-27 8.27815e-30 
eC: 1.00639 3.07804 5.27089 7.59201 10.0489 12.6496 15.4023 18.3162 21.4004 24.6651 28.1208 31.7787 35.6505 39.7488 44.0869 48.6788 53.5393 58.6841 64.1299 69.8943 75.9959 82.4544 89.2908 96.5271 104.187 112.294 120.876 129.96 139.576 149.754 160.527 171.931 184.002 196.778 210.303 224.618 239.771 255.811 272.788 290.759 
dV: 2.71811 20.9912 63.6092 138.722 256.496 429.553 673.497 1007.55 1455.33 2045.74 2814.09 3803.42 5066.04 6665.5 8678.77 11199 14338.7 18233.7 23047.8 28977.8 36261 45182.1 56083.2 69374.4 85547.6 105192 129013 157855 192727 234836 285622 346808 420447 508992 615366 743056 896219 1.07981e+06 1.29972e+06 1.56298e+06 
kVec: 5741.11 13068.6 15841.4 15462.4 13443.6 10946.2 8619.5 6711.29 5247.16 4162.56 3372.87 2802.32 2391.84 2098.31 1891.19 1749.03 1656.75 1603.6 1581.88 1585.81 1610.14 1645.4 1664.15 1624.24 1557.37 1570.29 1680.49 1829.09 1989.81 2159.81 2339.47 2529.39 2730.21 2942.61 3167.28 3404.97 3656.45 3922.54 4204.07 4501 
cMat: 
-9.62893 5.306 8.75375 14.041 21.5252 31.6426 44.9819 62.3286 84.6802 113.264 149.57 195.396 252.917 324.753 414.066 524.667 661.144 829.015 1034.91 1286.78 1594.17 1968.49 2423.42 2975.27 3643.52 4451.42 5426.62 6601.99 8016.56 9716.55 11756.6 14201.2 17126.1 20620 24786.4 29745.4 35635.5 42614.7 50861.9 60576.1 
0.353892 -29.1895 18.1405 29.7362 46.3759 69.0026 98.8867 137.772 187.912 252.091 333.694 436.807 566.363 728.31 929.829 1179.57 1487.97 1867.57 2333.45 2903.76 3600.23 4448.97 5481.23 6734.46 8253.47 10091.8 12313.6 14995.2 18227.9 22120.7 26803.3 32430.5 39186.3 47289.8 57001.5 68630.9 82545 99179.2 119049 142764 
0.095768 2.97559 -51.7566 33.783 53.6492 80.8641 116.851 163.643 223.946 301.14 399.338 523.504 679.617 874.889 1118.02 1419.49 1791.94 2250.59 2813.71 3503.28 4345.7 5372.6 6621.92 8139.1 9978.52 12205.2 14897.1 18146.9 22065.8 26786.2 32466.3 39294.4 47495.3 57336.6 69136.9 83275.5 100204 120457 144673 173608 
0.0336795 1.06943 7.40695 -78.1475 50.0778 76.6498 111.853 157.52 216.233 291.3 386.761 507.483 659.318 849.314 1085.97 1379.51 1742.28 2189.13 2737.91 3410.09 4231.43 5232.84 6451.38 7931.42 9726.12 11899 14526.2 17698.4 21524.3 26133.3 31680.1 38349.1 46360 55975 67506.2 81325.1 97874.2 117679 141367 169680 
0.0128012 0.413518 2.91637 12.416 -109.205 64.4888 95.4295 135.448 186.642 251.872 334.687 439.355 570.991 735.731 940.963 1195.58 1510.31 1898.04 2374.3 2957.72 3670.7 4540.09 5598.1 6883.31 8441.88 10329.1 12611 15366.6 18690.2 22694.5 27513.9 33308.8 40270.4 48626.6 58649 70661 85047.7 102267 122865 147488 
0.00492266 0.160949 1.14989 4.97131 16.8697 -145.481 75.5832 108.74 150.842 204.107 271.454 356.415 463.192 596.798 763.242 969.753 1225.03 1539.55 1925.9 2399.22 2977.68 3683.09 4541.58 5584.47 6849.26 8380.8 10232.7 12469.2 15166.8 18417 22329 27032.9 32684.1 39467.8 47604.5 57357 69038.1 83020.2 99746.3 119743 
0.00186272 0.0613966 0.4423 1.93103 6.64488 20.1191 -186.922 83.3306 117.184 159.512 212.56 279.179 362.745 467.234 597.373 758.828 958.408 1204.3 1506.36 1876.41 2328.68 2880.2 3551.43 4366.84 5355.75 6553.26 8001.32 9750.07 11859.4 14400.9 17459.9 21138.3 25557.6 30862.5 37225.6 44852.5 53988 64923.3 78005.2 93645.9 
0.000683931 0.0226664 0.164133 0.720598 2.49915 7.66986 22.081 -233.048 88.5264 122.21 163.75 215.383 279.843 360.291 460.42 584.612 738.114 927.226 1159.52 1444.11 1791.9 2216.02 2732.18 3359.21 4119.66 5040.51 6154.02 7498.74 9120.76 11075.1 13427.4 16255.9 19654.2 23733.6 28626.8 34491.8 41517 49926.4 59986.7 72015.1 
0.000241489 0.00803464 0.0583757 0.257082 0.894997 2.76511 8.07004 23.0072 -283.292 92.1608 125.303 165.662 215.469 277.33 354.19 449.46 567.185 712.203 890.323 1108.52 1375.17 1700.32 2096.02 2576.7 3159.65 3865.54 4719.09 5749.88 6993.2 8491.23 10294.3 12462.4 15067.2 18194.1 21944.8 26440.4 31825.2 38271.2 45982.5 55202.6 
8.14297e-05 0.00271734 0.0197894 0.0873099 0.304485 0.943239 2.76934 8.00708 23.2338 -337.212 95.07 127.61 166.779 214.82 274.224 347.739 438.53 550.344 687.661 855.858 1061.39 1312 1616.96 1987.41 2436.64 2980.6 3638.33 4432.61 5390.65 6544.92 7934.2 9604.76 11611.8 14021 16910.8 20374.6 24523.5 29489.9 35431.3 42535.1 
2.60648e-05 0.000871878 0.006361 0.0280987 0.0980718 0.304074 0.894503 2.60057 7.65694 23.0443 -394.567 97.8313 129.875 168.04 214.61 271.976 342.721 429.804 536.726 667.675 827.673 1022.74 1260.11 1548.42 1898.03 2321.34 2833.16 3451.22 4196.69 5094.82 6175.79 7475.59 9037.14 10911.6 13160 15854.8 19082.8 22946.7 27569.1 33095.9 
7.87629e-06 0.000263993 0.00192885 0.00852822 0.0297794 0.0923492 0.271755 0.79121 2.3416 7.15481 22.6293 -455.295 100.787 132.511 169.938 215.414 271.253 339.9 424.149 527.31 653.338 806.973 993.901 1220.93 1496.21 1829.5 2232.47 2719.05 3305.91 4012.93 4863.86 5887.02 7116.2 8591.66 10361.4 12482.6 15023.3 18064.5 21702.8 26052.8 
2.23523e-06 7.50475e-05 0.000549013 0.00242925 0.00848534 0.0263135 0.077417 0.22539 0.66775 2.05019 6.58659 22.0975 -519.472 104.111 135.709 172.675 217.439 272.254 339.453 421.706 522.171 644.627 793.601 974.515 1193.86 1459.41 1780.45 2168.09 2635.59 3198.79 3876.6 4691.58 5670.63 6845.81 8255.35 9944.77 11968.3 14390.5 17288.1 20752.5 
5.92731e-07 1.99305e-05 0.000145959 0.000646257 0.00225797 0.00700172 0.0205934 0.0599285 0.177495 0.545366 1.75998 6.00003 21.501 -587.262 107.88 139.533 176.297 220.703 274.948 341.282 422.278 520.984 641.049 786.838 963.58 1177.53 1436.17 1748.44 2125.02 2578.67 3124.61 3781 4569.52 5515.97 6651.13 8011.67 9641.24 11591.8 13925.2 16715 
1.4613e-07 4.92006e-06 3.60656e-05 0.000159779 0.000558391 0.00173143 0.00509104 0.0148081 0.0438319 0.134612 0.434619 1.48784 5.4192 20.8596 -658.88 112.114 143.986 180.783 225.14 279.214 345.188 425.565 523.315 641.992 785.848 959.969 1170.44 1424.54 1730.94 2100.03 2544.18 3078.17 3719.61 4489.51 5412.89 6519.56 7845.04 9431.57 11329.5 13598.6 
3.33243e-08 1.12331e-06 8.24108e-06 3.65287e-05 0.000127689 0.000395923 0.00116389 0.00338393 0.0100104 0.0307213 0.0991283 0.339427 1.24097 4.85567 20.1776 -734.57 116.818 149.052 186.087 230.671 284.919 350.967 431.271 528.749 646.891 789.87 962.68 1171.29 1422.82 1725.78 2090.35 2528.62 3055.07 3686.91 4444.69 5352.86 6440.55 7742.45 9299.81 11161.7 
6.99296e-09 2.35969e-07 1.73246e-06 7.68272e-06 2.68612e-05 8.32884e-05 0.000244796 0.000711481 0.00210365 0.00645168 0.0208015 0.071176 0.26023 1.02166 4.31534 19.4535 -814.595 121.988 154.71 192.17 237.221 291.946 358.447 439.151 536.946 655.283 798.29 970.902 1179.01 1429.66 1731.24 2093.77 2529.22 3051.82 3678.55 4429.64 5329.18 6405.83 7693.72 9233.43 
1.34308e-09 4.53642e-08 3.33281e-07 1.47858e-06 5.17061e-06 1.60327e-05 4.71158e-05 0.000136899 0.000404603 0.00124018 0.00399577 0.0136611 0.0499079 0.195904 0.829902 3.8019 18.685 -899.229 127.622 160.945 199 244.736 300.208 367.497 449.017 547.644 666.815 810.637 984.016 1192.81 1444.02 1745.97 2108.63 2543.85 3065.77 3691.22 4440.26 5336.75 6409.09 7691.09 
2.34779e-10 7.93694e-09 5.83458e-08 2.58946e-07 9.05706e-07 2.80843e-06 8.25232e-06 2.39724e-05 7.08253e-05 0.00021699 0.000698714 0.0023871 0.00871349 0.0341745 0.144724 0.664655 3.31826 17.8707 -988.733 133.721 167.751 206.558 253.178 309.642 378.022 460.733 560.655 681.228 826.562 1001.56 1212.09 1465.12 1769.01 2133.66 2570.94 3094.93 3722.43 4473.43 5371.72 6445.6 
3.71327e-11 1.25635e-09 9.24062e-09 4.10252e-08 1.43517e-07 4.45036e-07 1.30759e-06 3.79775e-06 1.12171e-05 3.43529e-05 0.000110562 0.000377497 0.00137694 0.00539586 0.0228307 0.104801 0.524292 2.86675 17.0097 -1083.25 140.282 175.113 214.818 262.506 320.185 389.93 474.169 575.8 698.283 845.75 1023.13 1236.31 1492.3 1799.47 2167.78 2609.1 3137.58 3770.05 4526.52 5430.83 
5.27013e-12 1.78449e-10 1.31317e-09 5.83184e-09 2.04047e-08 6.32757e-08 1.85903e-07 5.39853e-07 1.59414e-06 4.88057e-06 1.57013e-05 5.3582e-05 0.000195323 0.000764856 0.00323349 0.0148296 0.0741437 0.406067 2.44453 16.0708 -1182.33 147.002 182.651 223.311 272.137 331.116 402.332 488.233 591.741 716.343 866.201 1046.28 1262.5 1521.93 1832.97 2205.65 2651.91 3185.94 3824.65 4588.15 
6.48296e-13 2.19682e-11 1.61733e-10 7.1847e-10 2.51419e-09 7.79693e-09 2.29061e-08 6.65102e-08 1.9636e-07 6.01009e-07 1.93284e-06 6.59315e-06 2.40216e-05 9.40067e-05 0.000397131 0.00181982 0.00909027 0.0497503 0.299863 1.99851 14.6446 -1283.97 149.558 185.018 225.517 274.141 332.806 403.549 488.774 591.349 714.697 862.901 1040.83 1254.29 1510.2 1816.79 2183.88 2623.16 3148.52 3776.49 
5.77195e-14 1.95735e-12 1.44163e-11 6.40589e-11 2.24197e-10 6.95303e-10 2.04262e-09 5.93033e-09 1.75055e-08 5.35678e-08 1.72223e-07 5.87263e-07 2.13871e-06 8.36528e-06 3.53173e-05 0.000161721 0.000807152 0.00441343 0.0265805 0.177302 1.31592 10.816 -1385.9 124.18 152.995 185.972 225.558 273.263 330.72 399.86 482.986 582.848 702.723 846.519 1018.89 1225.39 1472.61 1768.43 2122.2 2545.04 
2.52903e-15 8.58278e-14 6.3238e-13 2.81068e-12 9.8383e-12 3.05129e-11 8.96365e-11 2.6022e-10 7.68027e-10 2.34976e-09 7.55275e-09 2.57463e-08 9.37285e-08 3.66445e-07 1.54628e-06 7.0762e-06 3.52921e-05 0.000192815 0.0011602 0.00773242 0.0574186 0.477532 4.43186 -1475.87 57.6218 70.7203 85.7502 103.788 125.502 151.625 183.025 220.741 266.009 320.302 385.378 463.328 556.644 668.293 801.805 961.377 
2.43024e-16 8.25391e-15 6.08368e-14 2.70457e-13 9.46806e-13 2.93659e-12 8.62655e-12 2.50417e-11 7.39008e-11 2.26062e-10 7.26471e-10 2.4758e-09 9.01024e-09 3.52135e-08 1.48523e-07 6.79329e-07 3.38604e-06 1.84863e-05 0.000111144 0.000740075 0.0054907 0.0456737 0.428458 4.52153 -1516.99 67.0855 82.0407 99.2531 119.905 144.738 174.582 210.422 253.429 305.004 366.813 440.841 529.454 635.465 762.226 913.72 
4.12227e-17 1.40121e-15 1.03314e-14 4.5939e-14 1.6084e-13 4.98879e-13 1.4655e-12 4.2539e-12 1.25525e-11 3.83928e-11 1.23357e-10 4.20306e-10 1.52922e-09 5.97454e-09 2.51898e-08 1.15164e-07 5.73722e-07 3.13037e-06 1.88074e-05 0.000125133 0.000927538 0.00770854 0.0723086 0.770466 9.31406 -1560.79 158.976 193.769 233.945 282.131 340.019 409.518 492.901 592.877 712.673 856.133 1027.84 1233.23 1478.81 1772.28 
3.17407e-18 1.07986e-16 7.96456e-16 3.54219e-15 1.24032e-14 3.84727e-14 1.13016e-13 3.28036e-13 9.67899e-13 2.96005e-12 9.50929e-12 3.23942e-11 1.17835e-10 4.60244e-10 1.93984e-09 8.86527e-09 4.41452e-08 2.40742e-07 1.44553e-06 9.61099e-06 7.11846e-05 0.000591071 0.00553925 0.0590058 0.719433 10.0411 -1678.3 198.848 241.619 291.178 350.593 421.902 507.438 609.974 732.816 879.901 1055.92 1266.45 1518.15 1818.9 
1.7733e-19 6.03887e-18 4.45538e-17 1.98187e-16 6.94034e-16 2.15288e-15 6.3242e-15 1.83557e-14 5.41565e-14 1.65606e-13 5.31949e-13 1.81184e-12 6.58932e-12 2.57308e-11 1.0842e-10 4.95329e-10 2.46558e-09 1.34398e-08 8.06572e-08 5.35954e-07 3.96688e-06 3.29128e-05 0.000308173 0.00327966 0.0399692 0.562023 9.13149 -1828.88 211.705 256.509 308.603 371.027 445.883 535.595 643.053 771.696 925.62 1109.7 1329.75 1592.66 
8.29019e-21 2.82625e-19 2.08579e-18 9.27979e-18 3.25002e-17 1.00819e-16 2.96163e-16 8.59573e-16 2.53593e-15 7.75402e-15 2.49042e-14 8.4813e-14 3.08397e-13 1.20402e-12 5.0721e-12 2.31659e-11 1.15274e-10 6.28113e-10 3.76786e-09 2.5024e-08 1.85107e-07 1.53478e-06 1.43596e-05 0.000152686 0.00185903 0.0261248 0.427189 8.15081 -1989.8 223.338 269.895 324.21 389.263 467.205 560.542 672.259 805.909 965.721 1156.73 1384.92 
3.24114e-22 1.10632e-20 8.16717e-20 3.63423e-19 1.27292e-18 3.94891e-18 1.16002e-17 3.36673e-17 9.93209e-17 3.03668e-16 9.75223e-16 3.3208e-15 1.20733e-14 4.71277e-14 1.98491e-13 9.06348e-13 4.50872e-12 2.45594e-11 1.47267e-10 9.77633e-10 7.22804e-09 5.98951e-08 5.60014e-07 5.95015e-06 7.2384e-05 0.00101625 0.0166057 0.318552 7.20397 -2159.81 235.645 284.085 340.779 408.642 489.888 587.111 703.398 842.424 1008.56 1207.02 
1.04869e-23 3.58466e-22 2.64709e-21 1.1781e-20 4.12677e-20 1.28028e-19 3.76093e-19 1.09151e-18 3.21991e-18 9.84408e-18 3.16115e-17 1.07631e-16 3.91263e-16 1.52705e-15 6.43042e-15 2.93564e-14 1.46001e-13 7.95049e-13 4.76584e-12 3.16258e-11 2.3372e-10 1.93573e-09 1.80885e-08 1.92064e-07 2.33473e-06 3.27513e-05 0.000534661 0.0102484 0.232799 6.30136 -2339.47 248.682 299.149 358.388 429.258 514.041 615.428 736.615 881.413 1054.35 
2.77689e-25 9.50789e-24 7.02326e-23 3.12623e-22 1.09519e-21 3.39781e-21 9.98148e-21 2.89682e-20 8.54517e-20 2.61234e-19 8.3882e-19 2.85578e-18 1.03803e-17 4.05076e-17 1.70552e-16 7.78467e-16 3.87079e-15 2.10732e-14 1.26285e-13 8.3774e-13 6.18865e-12 5.12338e-11 4.78515e-10 5.07796e-09 6.16876e-08 8.64709e-07 1.41045e-05 0.000270105 0.00613033 0.166532 5.45149 -2529.39 262.488 315.133 377.092 451.173 539.737 645.576 772.01 922.988 
5.94717e-27 2.04025e-25 1.50757e-24 6.71163e-24 2.35144e-23 7.29562e-23 2.1432e-22 6.2199e-22 1.83472e-21 5.60867e-21 1.80083e-20 6.13049e-20 2.22812e-19 8.69396e-19 3.65998e-18 1.6703e-17 8.30374e-17 4.51973e-16 2.70785e-15 1.79579e-14 1.32617e-13 1.09747e-12 1.02457e-11 1.08673e-10 1.31942e-09 1.84831e-08 3.01264e-07 5.76455e-06 0.000130713 0.00354763 0.11646 4.66153 -2730.21 277.106 332.089 396.949 474.455 567.054 677.647 809.685 
1.01734e-28 3.49817e-27 2.58572e-26 1.15134e-25 4.03409e-25 1.25168e-24 3.67703e-24 1.06713e-23 3.14769e-23 9.62198e-23 3.08926e-22 1.0516e-21 3.8217e-21 1.49105e-20 6.27631e-20 2.86392e-19 1.42354e-18 7.74689e-18 4.64029e-17 3.07658e-16 2.27136e-15 1.87904e-14 1.75355e-13 1.85912e-12 2.25609e-11 3.15867e-10 5.14518e-09 9.83797e-08 2.22898e-06 6.04413e-05 0.00198229 0.0795127 3.93704 -2942.61 292.58 350.07 418.022 499.176 596.075 711.738 
1.37173e-30 4.72976e-29 3.49736e-28 1.55751e-27 5.45772e-27 1.69347e-26 4.97494e-26 1.44379e-25 4.25864e-25 1.30175e-24 4.17926e-24 1.42256e-23 5.16948e-23 2.01673e-22 8.48817e-22 3.87275e-21 1.92472e-20 1.04726e-19 6.27177e-19 4.15737e-18 3.0685e-17 2.53776e-16 2.3675e-15 2.50908e-14 3.0435e-13 4.25901e-12 6.93367e-11 1.32494e-09 2.99977e-08 8.12768e-07 2.66325e-05 0.00106726 0.0529246 3.28189 -3167.28 308.959 369.135 440.377 525.413 626.891 
1.43757e-32 4.97308e-31 3.67875e-30 1.63858e-29 5.74228e-29 1.78184e-28 5.23464e-28 1.51915e-27 4.48085e-27 1.36964e-26 4.39704e-26 1.49661e-25 5.43825e-25 2.12143e-24 8.92806e-24 4.07303e-23 2.02401e-22 1.10113e-21 6.5933e-21 4.36967e-20 3.22449e-19 2.66609e-18 2.4865e-17 2.63433e-16 3.19422e-15 4.468e-14 7.27036e-13 1.38851e-11 3.14174e-10 8.50636e-09 2.78513e-07 1.11511e-05 0.000552449 0.0342916 2.69808 -3404.97 326.295 389.343 464.084 553.249 
1.15369e-34 4.00677e-33 2.96527e-32 1.32101e-31 4.62982e-31 1.43671e-30 4.22079e-30 1.22492e-29 3.61295e-29 1.10433e-28 3.54517e-28 1.20661e-27 4.38424e-27 1.71015e-26 7.19666e-26 3.28286e-25 1.63118e-24 8.87307e-24 5.31222e-23 3.52006e-22 2.59704e-21 2.14683e-20 2.00171e-19 2.1201e-18 2.56985e-17 3.5933e-16 5.84454e-15 1.11566e-13 2.52299e-12 6.82687e-11 2.23368e-09 8.93624e-08 4.42333e-06 0.000274302 0.0215941 2.18578 -3656.45 344.641 410.758 489.217 
6.97922e-37 2.43537e-35 1.80324e-34 8.03489e-34 2.8163e-33 8.73984e-33 2.56766e-32 7.45166e-32 2.19787e-31 6.71784e-31 2.15653e-30 7.33954e-30 2.66672e-29 1.04014e-28 4.37684e-28 1.9964e-27 9.91878e-27 5.39489e-26 3.22947e-25 2.13964e-24 1.57833e-23 1.30447e-22 1.21602e-21 1.28762e-20 1.56032e-19 2.181e-18 3.54609e-17 6.76622e-16 1.5294e-14 4.13611e-13 1.35246e-11 5.40705e-10 2.67435e-08 1.65701e-06 0.000130322 0.0131938 1.74344 -3922.54 364.056 433.448 
3.12989e-39 1.0984e-37 8.13764e-37 3.62674e-36 1.27133e-35 3.94554e-35 1.15918e-34 3.36409e-34 9.92233e-34 3.03273e-33 9.73529e-33 3.3132e-32 1.20375e-31 4.69498e-31 1.97549e-30 9.01018e-30 4.47619e-29 2.4344e-28 1.45711e-27 9.65271e-27 7.11937e-26 5.88307e-25 5.48312e-24 5.80467e-23 7.03224e-22 9.82678e-21 1.59721e-19 3.04648e-18 6.88321e-17 1.8606e-15 6.0807e-14 2.42955e-12 1.20085e-10 7.43466e-09 5.84227e-07 5.90914e-05 0.00780758 1.36791 -4204.07 384.6 
1.02227e-41 3.61228e-40 2.67799e-39 1.19379e-38 4.18522e-38 1.29894e-37 3.81632e-37 1.10755e-36 3.2667e-36 9.98441e-36 3.20501e-35 1.09072e-34 3.96269e-34 1.54549e-33 6.50261e-33 2.96565e-32 1.47321e-31 8.01148e-31 4.79481e-30 3.176e-29 2.34216e-28 1.93515e-27 1.80329e-26 1.90867e-25 2.31181e-24 3.22968e-23 5.24792e-22 1.00065e-20 2.26002e-19 6.10651e-18 1.99475e-16 7.96577e-15 3.93486e-13 2.4345e-11 1.91162e-09 1.93186e-07 2.55012e-05 0.00446638 1.05472 -4501 
cycle: 0
true_cycle: 0
nIterations: 0
nTrueIterations: 0
Branch: 0
dt_FE: 1.92069e-08
dt_EA: 1.92069e-08
dt_PE: 1.92069e-08
