t: 4.37276e-06
dt: 1.31183e-07
N: 0.0247652 0.0554624 0.0667606 0.065096 0.0566624 0.0461386 0.0361998 0.0279218 0.02146 0.0165748 0.0129251 0.0101968 0.00814077 0.00657311 0.00536225 0.00441503 0.00366528 0.00306553 0.00258306 0.00227276 0.00420301 0.0358471 0.237709 0.660738 0.625332 0.164344 0.00954021 9.49307e-05 1.62721e-07 1.78567e-09 5.71036e-11 1.50716e-12 3.22063e-14 5.50254e-16 7.41782e-18 7.7804e-20 6.25625e-22 3.7968e-24 1.71051e-26 5.62123e-29 
eC: 1.00639 3.07804 5.27089 7.59201 10.0489 12.6496 15.4023 18.3162 21.4004 24.6651 28.1208 31.7787 35.6505 39.7488 44.0869 48.6788 53.5393 58.6841 64.1299 69.8943 75.9959 82.4544 89.2908 96.5271 104.187 112.294 120.876 129.96 139.576 149.754 160.527 171.931 184.002 196.778 210.303 224.618 239.771 255.811 272.788 290.759 
dV: 2.71811 20.9912 63.6092 138.722 256.496 429.553 673.497 1007.55 1455.33 2045.74 2814.09 3803.42 5066.04 6665.5 8678.77 11199 14338.7 18233.7 23047.8 28977.8 36261 45182.1 56083.2 69374.4 85547.6 105192 129013 157855 192727 234836 285622 346808 420447 508992 615366 743056 896219 1.07981e+06 1.29972e+06 1.56298e+06 
kVec: 5746.51 13078.9 15851.2 15468.9 13445.6 10944 8613.74 6702.79 5236.68 4150.7 3360.08 2788.91 2378.02 2084.24 1876.95 1734.7 1642.36 1589.19 1567.46 1571.39 1595.74 1631.09 1650.15 1611.05 1545.29 1558.94 1669.38 1818.04 1978.8 2148.84 2328.54 2518.48 2719.34 2931.76 3156.46 3394.17 3645.67 3911.78 4193.33 4490.28 
cMat: 
-9.16118 5.19362 8.56834 13.7436 21.0693 30.9724 44.0292 61.0084 82.8866 110.865 146.402 191.258 247.56 317.874 405.296 513.554 647.141 811.456 1012.99 1259.53 1560.41 1926.8 2372.09 2912.25 3566.35 4357.14 5311.68 6462.16 7846.76 9510.75 11507.6 13900.4 16763.3 20183.2 24261.4 29115.4 34880.7 41712.1 49784.6 59293 
0.337066 -27.7853 17.278 28.3225 44.171 65.7219 94.1852 131.222 178.977 240.105 317.829 416.04 539.436 693.683 885.621 1123.49 1417.22 1778.77 2222.51 2765.7 3429.06 4237.44 5220.63 6414.28 7861.06 9612.02 11728.1 14282.2 17361.3 21069 25529 30888.6 37323.2 45041.4 54291.4 65367.9 78620.4 94463.8 113389 135976 
0.0902825 2.80515 -49.4387 31.8479 50.5762 76.2323 110.158 154.27 211.118 283.891 376.465 493.518 640.689 824.777 1053.98 1338.19 1689.3 2121.68 2652.54 3302.62 4096.78 5064.87 6242.63 7672.9 9406.96 11506.1 14043.8 17107.5 20801.9 25252 30606.6 37043.7 44774.8 54052.4 65176.8 78505.6 94464 113557 136386 163664 
0.0317987 1.00971 6.99333 -74.8246 47.2813 72.3695 105.607 148.724 204.158 275.033 365.163 479.144 622.5 801.887 1025.32 1302.47 1644.99 2066.88 2585.02 3219.66 3995.14 4940.63 6091.12 7488.52 9182.99 11234.6 13715 16710.1 20322.3 24674 29911 36207.6 43771.2 52849.3 63736.5 76783.7 92408.6 111108 133473 160204 
0.0121794 0.393431 2.7747 11.8129 -104.709 61.3563 90.794 128.868 177.576 239.638 318.429 418.014 543.255 699.994 895.256 1137.51 1436.95 1805.85 2258.97 2814.05 3492.4 4319.56 5326.18 6548.95 8031.82 9827.36 11998.4 14620.2 17782.4 21592.2 26177.5 31690.9 38314.3 46264.6 55800.1 67228.7 80916.5 97299.7 116897 140324 
0.00472812 0.154589 1.10445 4.77484 16.203 -139.704 72.5961 104.443 144.881 196.041 260.726 342.329 444.887 573.212 733.079 931.428 1176.62 1478.71 1849.79 2304.4 2860 3537.53 4362.1 5363.77 6578.57 8049.59 9828.35 11976.4 14567.4 17689.2 21446.5 25964.6 31392.5 37908 45723.2 55090.2 66309.7 79739.2 95804.3 115011 
0.00180501 0.0594944 0.428596 1.87121 6.43901 19.4957 -179.894 80.7489 113.554 154.57 205.974 270.529 351.506 452.758 578.865 735.318 928.714 1166.99 1459.69 1818.28 2256.53 2790.97 3441.39 4231.54 5189.82 6350.23 7753.42 9447.99 11492 13954.7 16919 20483.4 24765.7 29906.3 36072.3 43462.9 52315.3 62911.8 75588.4 90744.5 
0.000667597 0.0221251 0.160214 0.703389 2.43946 7.48669 21.5537 -224.916 86.4122 119.292 159.84 210.239 273.16 351.686 449.424 570.651 720.486 905.082 1131.83 1409.62 1749.11 2163.1 2666.93 3278.99 4021.28 4920.13 6007.05 7319.66 8902.94 10810.6 13106.7 15867.7 19184.8 23166.8 27943.1 33668.1 40525.5 48734.1 58554.1 70295.3 
0.000237059 0.00788724 0.0573048 0.252365 0.878578 2.71438 7.922 22.5851 -274.245 90.47 123.004 162.623 211.516 272.243 347.692 441.215 556.78 699.138 873.989 1088.18 1349.94 1669.13 2057.57 2529.43 3101.68 3794.62 4632.52 5644.4 6864.91 8335.46 10105.4 12233.8 14790.8 17860.3 21542.2 25955.3 31241.4 37569.1 45139 54189.8 
8.02764e-05 0.00267886 0.0195091 0.0860733 0.300173 0.92988 2.73011 7.89367 22.9048 -327.437 93.7235 125.802 164.417 211.777 270.34 342.814 432.319 542.549 677.921 843.737 1046.36 1293.42 1594.06 1959.26 2402.13 2938.38 3586.8 4369.83 5314.3 6452.22 7821.83 9468.73 11447.3 13822.4 16671.3 20086 24176.1 29072.2 34929.5 41932.7 
2.5777e-05 0.000862252 0.00629077 0.0277884 0.0969889 0.300716 0.884626 2.57186 7.5724 22.7899 -384.22 96.7511 128.441 166.185 212.24 268.973 338.937 425.058 530.8 660.303 818.535 1011.45 1246.19 1531.32 1877.07 2295.71 2801.88 3413.12 4150.35 5038.57 6107.6 7393.05 8937.36 10791.1 13014.7 15679.8 18872.1 22693.3 27264.7 32730.5 
7.8077e-06 0.000261694 0.00191205 0.00845396 0.0295201 0.091545 0.269388 0.78432 2.32121 7.0925 22.4323 -444.5 99.9091 131.357 168.458 213.538 268.891 336.94 420.456 522.718 647.648 799.946 985.246 1210.3 1483.18 1813.57 2213.03 2695.37 3277.12 3977.98 4821.5 5835.76 7054.23 8516.84 10271.2 12373.9 14892.4 17907.2 21513.8 25825.9 
2.2197e-06 7.45259e-05 0.000545197 0.00241236 0.00842635 0.0261306 0.0768789 0.223823 0.663109 2.03594 6.5408 21.9439 -508.322 103.388 134.766 171.475 215.928 270.361 337.094 418.774 518.541 640.146 788.084 967.741 1185.56 1449.27 1768.08 2153.02 2617.27 3176.56 3849.66 4658.97 5631.21 6798.22 8197.97 9875.65 11885.1 14290.4 17167.9 20608.2 
5.89405e-07 1.98187e-05 0.00014514 0.000642631 0.0022453 0.00696243 0.0204779 0.0595922 0.176499 0.542306 1.7501 5.96636 21.3803 -575.827 107.274 138.75 175.308 219.464 273.405 339.367 419.908 518.061 637.452 782.422 958.172 1170.92 1428.11 1738.63 2113.09 2564.2 3107.07 3759.79 4543.87 5485.01 6613.81 7966.71 9587.13 11526.8 13847.1 16621.2 
1.45461e-07 4.89754e-06 3.59005e-05 0.000159047 0.000555835 0.00172351 0.00506774 0.0147403 0.0436313 0.133996 0.43263 1.48103 5.3944 20.7641 -647.211 111.601 143.327 179.955 224.11 277.936 343.608 423.617 520.92 639.054 782.251 955.575 1165.08 1418.02 1723.02 2090.41 2532.53 3064.08 3702.58 4468.96 5388.11 6489.72 7809.13 9388.4 11277.6 13536.3 
3.31988e-08 1.11908e-06 8.21003e-06 3.63911e-05 0.000127208 0.000394432 0.0011595 0.00337117 0.00997271 0.0306056 0.0987548 0.338148 1.2363 4.83737 20.1015 -722.708 116.378 148.49 185.386 229.801 283.845 349.645 429.646 526.757 644.453 786.894 959.053 1166.87 1417.46 1719.28 2082.47 2519.09 3043.55 3673.02 4427.94 5332.69 6416.28 7713.27 9264.77 11119.7 
6.97108e-09 2.35231e-07 1.72704e-06 7.65869e-06 2.67772e-05 8.30278e-05 0.000244031 0.000709255 0.00209707 0.0064315 0.0207364 0.0709534 0.259416 1.01846 4.30184 19.3926 -802.572 121.606 154.226 191.569 236.479 291.033 357.326 437.778 535.266 653.233 795.793 967.865 1175.32 1425.18 1725.82 2087.22 2521.31 3042.27 3667.04 4415.79 5312.51 6385.8 7669.65 9204.55 
1.33957e-09 4.52456e-08 3.32409e-07 1.47471e-06 5.15708e-06 1.59908e-05 4.69925e-05 0.000136541 0.000403544 0.00123693 0.00398532 0.0136254 0.0497774 0.195392 0.827731 3.79196 18.6361 -887.068 127.288 160.524 198.479 244.095 299.423 366.536 447.843 546.212 665.071 808.516 981.442 1189.69 1440.24 1741.41 2103.11 2537.2 3057.75 3681.56 4428.64 5322.79 6392.33 7670.97 
2.34262e-10 7.91946e-09 5.82173e-08 2.58376e-07 9.03711e-07 2.80224e-06 8.23414e-06 2.39196e-05 7.06694e-05 0.000216513 0.000697175 0.00238185 0.0086943 0.0340993 0.144405 0.663192 3.31096 17.8313 -976.454 133.427 167.382 206.103 252.621 308.961 377.19 459.719 559.421 679.728 824.741 999.357 1209.42 1461.9 1765.11 2128.96 2565.28 3088.11 3714.23 4463.58 5359.89 6431.41 
3.70635e-11 1.254e-09 9.22339e-09 4.09487e-08 1.4325e-07 4.44206e-07 1.30515e-06 3.79067e-06 1.11961e-05 3.42888e-05 0.000110356 0.000376793 0.00137438 0.0053858 0.0227881 0.104606 0.523314 2.8614 16.9779 -1070.87 140.02 174.787 214.418 262.017 319.588 389.202 473.284 574.726 696.981 844.172 1021.22 1234 1489.52 1796.11 2163.74 2604.24 3131.73 3763.01 4518.08 5420.7 
5.26181e-12 1.78167e-10 1.3111e-09 5.82265e-09 2.03725e-08 6.31759e-08 1.8561e-07 5.39002e-07 1.59163e-06 4.87287e-06 1.56765e-05 5.34975e-05 0.000195015 0.00076365 0.00322839 0.0148062 0.0740268 0.405427 2.44067 16.0454 -1169.86 146.771 182.363 222.959 271.708 330.594 401.698 487.464 590.808 715.213 864.835 1044.63 1260.51 1519.53 1830.08 2202.18 2647.72 3180.91 3818.62 4580.92 
6.47537e-13 2.19425e-11 1.61543e-10 7.17629e-10 2.51125e-09 7.7878e-09 2.28793e-08 6.64323e-08 1.9613e-07 6.00305e-07 1.93057e-06 6.58543e-06 2.39935e-05 9.38966e-05 0.000396666 0.00181769 0.00907963 0.049692 0.299512 1.99617 14.6274 -1271.45 149.383 184.801 225.253 273.82 332.416 403.076 488.202 590.657 713.86 861.891 1039.61 1252.82 1508.43 1814.66 2181.33 2620.09 3144.83 3772.07 
5.77526e-14 1.95847e-12 1.44245e-11 6.40955e-11 2.24326e-10 6.95701e-10 2.04379e-09 5.93373e-09 1.75155e-08 5.35984e-08 1.72322e-07 5.87599e-07 2.13993e-06 8.37007e-06 3.53375e-05 0.000161814 0.000807613 0.00441595 0.0265957 0.177404 1.31668 10.8222 -1373.38 124.251 153.082 186.078 225.687 273.42 330.909 400.088 483.262 583.182 703.125 847.004 1019.48 1226.09 1473.46 1769.44 2123.41 2546.5 
2.555e-15 8.6709e-14 6.38873e-13 2.83954e-12 9.93932e-12 3.08262e-11 9.05569e-11 2.62892e-10 7.75913e-10 2.37389e-09 7.6303e-09 2.60106e-08 9.46909e-08 3.70207e-07 1.56215e-06 7.14886e-06 3.56545e-05 0.000194795 0.00117211 0.00781182 0.0580082 0.482435 4.47737 -1463.49 58.2135 71.4465 86.6307 104.854 126.791 153.181 184.905 223.008 268.74 323.591 389.334 468.085 562.36 675.155 810.037 971.248 
2.45303e-16 8.33132e-15 6.14074e-14 2.72993e-13 9.55685e-13 2.96413e-12 8.70746e-12 2.52765e-11 7.45939e-11 2.28182e-10 7.33284e-10 2.49902e-09 9.09474e-09 3.55437e-08 1.49916e-07 6.85699e-07 3.4178e-06 1.86596e-05 0.000112186 0.000747016 0.00554219 0.0461021 0.432476 4.56393 -1505.12 67.7146 82.8101 100.184 121.029 146.096 176.22 212.395 255.806 307.864 370.253 444.975 534.419 641.425 769.374 922.289 
4.12685e-17 1.40277e-15 1.03428e-14 4.599e-14 1.61019e-13 4.99433e-13 1.46713e-12 4.25862e-12 1.25665e-11 3.84355e-11 1.23494e-10 4.20773e-10 1.53092e-09 5.98117e-09 2.52177e-08 1.15292e-07 5.74359e-07 3.13384e-06 1.88283e-05 0.000125272 0.000928568 0.0077171 0.0723889 0.771322 9.32441 -1549.5 159.152 193.984 234.205 282.445 340.397 409.973 493.449 593.536 713.464 857.084 1028.98 1234.6 1480.45 1774.24 
3.17424e-18 1.07992e-16 7.96498e-16 3.54237e-15 1.24038e-14 3.84747e-14 1.13022e-13 3.28053e-13 9.67949e-13 2.9602e-12 9.50979e-12 3.23959e-11 1.17841e-10 4.60268e-10 1.93994e-09 8.86573e-09 4.41475e-08 2.40755e-07 1.4456e-06 9.6115e-06 7.11883e-05 0.000591102 0.00553954 0.0590089 0.71947 10.0416 -1667.2 198.858 241.632 291.193 350.611 421.924 507.464 610.006 732.854 879.947 1055.98 1266.52 1518.23 1819 
1.7733e-19 6.03887e-18 4.45538e-17 1.98187e-16 6.94034e-16 2.15288e-15 6.3242e-15 1.83557e-14 5.41565e-14 1.65606e-13 5.31949e-13 1.81184e-12 6.58932e-12 2.57308e-11 1.0842e-10 4.95329e-10 2.46558e-09 1.34398e-08 8.06572e-08 5.35954e-07 3.96688e-06 3.29128e-05 0.000308173 0.00327966 0.0399692 0.562023 9.13149 -1817.83 211.705 256.509 308.603 371.027 445.883 535.595 643.053 771.695 925.62 1109.7 1329.75 1592.66 
8.29019e-21 2.82625e-19 2.08579e-18 9.27979e-18 3.25002e-17 1.00819e-16 2.96163e-16 8.59573e-16 2.53593e-15 7.75401e-15 2.49042e-14 8.4813e-14 3.08397e-13 1.20402e-12 5.0721e-12 2.31659e-11 1.15274e-10 6.28113e-10 3.76786e-09 2.5024e-08 1.85107e-07 1.53478e-06 1.43596e-05 0.000152686 0.00185903 0.0261248 0.427189 8.15081 -1978.79 223.338 269.895 324.21 389.263 467.205 560.542 672.259 805.909 965.721 1156.73 1384.92 
3.24114e-22 1.10632e-20 8.16717e-20 3.63423e-19 1.27292e-18 3.94891e-18 1.16002e-17 3.36673e-17 9.93209e-17 3.03668e-16 9.75223e-16 3.3208e-15 1.20733e-14 4.71277e-14 1.98491e-13 9.06348e-13 4.50872e-12 2.45594e-11 1.47267e-10 9.77633e-10 7.22804e-09 5.98951e-08 5.60014e-07 5.95015e-06 7.2384e-05 0.00101625 0.0166057 0.318552 7.20397 -2148.84 235.645 284.085 340.779 408.642 489.888 587.111 703.398 842.424 1008.56 1207.02 
1.04869e-23 3.58466e-22 2.64709e-21 1.1781e-20 4.12677e-20 1.28028e-19 3.76093e-19 1.09151e-18 3.21991e-18 9.84408e-18 3.16115e-17 1.07631e-16 3.91263e-16 1.52705e-15 6.43042e-15 2.93564e-14 1.46001e-13 7.95049e-13 4.76584e-12 3.16258e-11 2.3372e-10 1.93573e-09 1.80885e-08 1.92064e-07 2.33473e-06 3.27513e-05 0.000534661 0.0102484 0.232799 6.30136 -2328.54 248.682 299.149 358.388 429.258 514.041 615.428 736.615 881.413 1054.35 
2.77689e-25 9.50789e-24 7.02326e-23 3.12623e-22 1.09519e-21 3.39781e-21 9.98148e-21 2.89682e-20 8.54517e-20 2.61234e-19 8.3882e-19 2.85578e-18 1.03803e-17 4.05076e-17 1.70552e-16 7.78467e-16 3.87079e-15 2.10732e-14 1.26285e-13 8.3774e-13 6.18865e-12 5.12338e-11 4.78515e-10 5.07796e-09 6.16876e-08 8.64709e-07 1.41045e-05 0.000270105 0.00613033 0.166532 5.45149 -2518.48 262.488 315.133 377.092 451.173 539.737 645.576 772.01 922.988 
5.94717e-27 2.04025e-25 1.50757e-24 6.71163e-24 2.35144e-23 7.29562e-23 2.1432e-22 6.2199e-22 1.83472e-21 5.60867e-21 1.80083e-20 6.13049e-20 2.22812e-19 8.69396e-19 3.65998e-18 1.6703e-17 8.30374e-17 4.51973e-16 2.70785e-15 1.79579e-14 1.32617e-13 1.09747e-12 1.02457e-11 1.08673e-10 1.31942e-09 1.84831e-08 3.01264e-07 5.76455e-06 0.000130713 0.00354763 0.11646 4.66153 -2719.34 277.106 332.089 396.949 474.455 567.054 677.647 809.685 
1.01734e-28 3.49817e-27 2.58572e-26 1.15134e-25 4.03409e-25 1.25168e-24 3.67703e-24 1.06713e-23 3.14769e-23 9.62198e-23 3.08926e-22 1.0516e-21 3.8217e-21 1.49105e-20 6.27631e-20 2.86392e-19 1.42354e-18 7.74689e-18 4.64029e-17 3.07658e-16 2.27136e-15 1.87904e-14 1.75355e-13 1.85912e-12 2.25609e-11 3.15867e-10 5.14518e-09 9.83797e-08 2.22898e-06 6.04413e-05 0.00198229 0.0795127 3.93704 -2931.76 292.58 350.07 418.022 499.176 596.075 711.738 
1.37173e-30 4.72976e-29 3.49736e-28 1.55751e-27 5.45772e-27 1.69347e-26 4.97494e-26 1.44379e-25 4.25864e-25 1.30175e-24 4.17926e-24 1.42256e-23 5.16948e-23 2.01673e-22 8.48817e-22 3.87275e-21 1.92472e-20 1.04726e-19 6.27177e-19 4.15737e-18 3.0685e-17 2.53776e-16 2.3675e-15 2.50908e-14 3.0435e-13 4.25901e-12 6.93367e-11 1.32494e-09 2.99977e-08 8.12768e-07 2.66325e-05 0.00106726 0.0529246 3.28189 -3156.46 308.959 369.135 440.377 525.413 626.891 
1.43757e-32 4.97308e-31 3.67875e-30 1.63858e-29 5.74228e-29 1.78184e-28 5.23464e-28 1.51915e-27 4.48085e-27 1.36964e-26 4.39704e-26 1.49661e-25 5.43825e-25 2.12143e-24 8.92806e-24 4.07303e-23 2.02401e-22 1.10113e-21 6.5933e-21 4.36967e-20 3.22449e-19 2.66609e-18 2.4865e-17 2.63433e-16 3.19422e-15 4.468e-14 7.27036e-13 1.38851e-11 3.14174e-10 8.50636e-09 2.78513e-07 1.11511e-05 0.000552449 0.0342916 2.69808 -3394.17 326.295 389.343 464.084 553.249 
1.15369e-34 4.00677e-33 2.96527e-32 1.32101e-31 4.62982e-31 1.43671e-30 4.22079e-30 1.22492e-29 3.61295e-29 1.10433e-28 3.54517e-28 1.20661e-27 4.38424e-27 1.71015e-26 7.19666e-26 3.28286e-25 1.63118e-24 8.87307e-24 5.31222e-23 3.52006e-22 2.59704e-21 2.14683e-20 2.00171e-19 2.1201e-18 2.56985e-17 3.5933e-16 5.84454e-15 1.11566e-13 2.52299e-12 6.82687e-11 2.23368e-09 8.93624e-08 4.42333e-06 0.000274302 0.0215941 2.18578 -3645.67 344.641 410.758 489.217 
6.97922e-37 2.43537e-35 1.80324e-34 8.03489e-34 2.8163e-33 8.73984e-33 2.56766e-32 7.45166e-32 2.19787e-31 6.71784e-31 2.15653e-30 7.33954e-30 2.66672e-29 1.04014e-28 4.37684e-28 1.9964e-27 9.91878e-27 5.39489e-26 3.22947e-25 2.13964e-24 1.57833e-23 1.30447e-22 1.21602e-21 1.28762e-20 1.56032e-19 2.181e-18 3.54609e-17 6.76622e-16 1.5294e-14 4.13611e-13 1.35246e-11 5.40705e-10 2.67435e-08 1.65701e-06 0.000130322 0.0131938 1.74344 -3911.78 364.056 433.448 
3.12989e-39 1.0984e-37 8.13764e-37 3.62674e-36 1.27133e-35 3.94554e-35 1.15918e-34 3.36409e-34 9.92233e-34 3.03273e-33 9.73529e-33 3.3132e-32 1.20375e-31 4.69498e-31 1.97549e-30 9.01018e-30 4.47619e-29 2.4344e-28 1.45711e-27 9.65271e-27 7.11937e-26 5.88307e-25 5.48312e-24 5.80467e-23 7.03224e-22 9.82678e-21 1.59721e-19 3.04648e-18 6.88321e-17 1.8606e-15 6.0807e-14 2.42955e-12 1.20085e-10 7.43466e-09 5.84227e-07 5.90914e-05 0.00780758 1.36791 -4193.33 384.6 
1.02227e-41 3.61228e-40 2.67799e-39 1.19379e-38 4.18522e-38 1.29894e-37 3.81632e-37 1.10755e-36 3.2667e-36 9.98441e-36 3.20501e-35 1.09072e-34 3.96269e-34 1.54549e-33 6.50261e-33 2.96565e-32 1.47321e-31 8.01148e-31 4.79481e-30 3.176e-29 2.34216e-28 1.93515e-27 1.80329e-26 1.90867e-25 2.31181e-24 3.22968e-23 5.24792e-22 1.00065e-20 2.26002e-19 6.10651e-18 1.99475e-16 7.96577e-15 3.93486e-13 2.4345e-11 1.91162e-09 1.93186e-07 2.55012e-05 0.00446638 1.05472 -4490.28 
cycle: 0
true_cycle: 0
nIterations: 0
nTrueIterations: 0
Branch: 0
dt_FE: 1.31183e-07
dt_EA: 1.31183e-07
dt_PE: 1.31183e-07
