t
0.0001084581648330349275223
dt
0.0000031589756757194673659
DN
0.0000000000000013067884766
TC
740.0000
N
4.68306365e-01
7.63710380e-01
8.25641190e-01
8.16735278e-01
7.68785914e-01
6.92840289e-01
6.00218120e-01
5.03681421e-01
4.13566470e-01
3.35531426e-01
2.71068264e-01
2.19192181e-01
1.77931489e-01
1.45200335e-01
1.19170941e-01
9.83671809e-02
8.16395927e-02
6.81054298e-02
5.70896748e-02
4.81393431e-02
4.26173207e-02
6.34111522e-02
2.28380312e-01
5.80422641e-01
5.43294859e-01
1.42348891e-01
8.31286535e-03
9.79397835e-05
1.05995869e-06
3.75953044e-08
1.21174517e-09
3.20058344e-11
6.84426407e-13
1.17020178e-14
1.57862769e-16
1.65693302e-18
1.33324513e-20
8.09653341e-23
3.64993086e-25
1.20022688e-27
eC
1.00638940e+00
3.07804198e+00
5.27088624e+00
7.59201189e+00
1.00489234e+01
1.26495642e+01
1.54023425e+01
1.83161584e+01
2.14004324e+01
2.46651365e+01
2.81208258e+01
3.17786729e+01
3.56505041e+01
3.97488374e+01
4.40869232e+01
4.86787870e+01
5.35392748e+01
5.86841012e+01
6.41298999e+01
6.98942779e+01
7.59958720e+01
8.24544093e+01
8.92907710e+01
9.65270599e+01
1.04186672e+02
1.12294371e+02
1.20876370e+02
1.29960417e+02
1.39575880e+02
1.49753848e+02
1.60527227e+02
1.71930848e+02
1.84001582e+02
1.96778453e+02
2.10302771e+02
2.24618262e+02
2.39771209e+02
2.55810604e+02
2.72788303e+02
2.90759198e+02
