t
0.0000000003578712851850964
dt
0.0000000000104244063646145
DN
0.0000000000000008711923178
TC
313.0000
N
2.05075698e-06
4.66569659e-06
5.64987844e-06
5.50496247e-06
4.77155186e-06
3.86501470e-06
3.01768740e-06
2.31839180e-06
1.77650901e-06
1.36910736e-06
1.06599996e-06
8.40092943e-07
6.70228898e-07
5.40923093e-07
4.41167276e-07
3.63203045e-07
3.01844032e-07
2.81164198e-07
2.14949433e-06
8.70386952e-05
2.35880693e-03
3.45220698e-02
2.38220609e-01
6.64782272e-01
6.29414782e-01
1.65431486e-01
9.60077964e-03
9.47804225e-05
1.18286775e-07
1.34610097e-11
4.79878277e-15
1.24220803e-16
2.65436675e-18
4.53491184e-20
6.11318739e-22
6.41179435e-24
5.15559102e-26
3.12873480e-28
1.40949246e-30
4.63187570e-33
eC
1.00638940e+00
3.07804198e+00
5.27088624e+00
7.59201189e+00
1.00489234e+01
1.26495642e+01
1.54023425e+01
1.83161584e+01
2.14004324e+01
2.46651365e+01
2.81208258e+01
3.17786729e+01
3.56505041e+01
3.97488374e+01
4.40869232e+01
4.86787870e+01
5.35392748e+01
5.86841012e+01
6.41298999e+01
6.98942779e+01
7.59958720e+01
8.24544093e+01
8.92907710e+01
9.65270599e+01
1.04186672e+02
1.12294371e+02
1.20876370e+02
1.29960417e+02
1.39575880e+02
1.49753848e+02
1.60527227e+02
1.71930848e+02
1.84001582e+02
1.96778453e+02
2.10302771e+02
2.24618262e+02
2.39771209e+02
2.55810604e+02
2.72788303e+02
2.90759198e+02
