t
0.0000001776578529842128258
dt
0.0000000051745015432295060
DN
0.0000000000000006533942383
TC
523.0000
N
1.01757365e-03
2.31360363e-03
2.80094832e-03
2.72918706e-03
2.36599385e-03
1.91689413e-03
1.49695091e-03
1.15024501e-03
8.81503536e-04
6.79411098e-04
5.29028932e-04
4.16934850e-04
3.32641489e-04
2.68470528e-04
2.18962007e-04
1.80265861e-04
1.49656246e-04
1.25209133e-04
1.07356742e-04
1.76158961e-04
2.43402321e-03
3.45761079e-02
2.38199609e-01
6.64616947e-01
6.29247972e-01
1.65387069e-01
9.59830561e-03
9.47865484e-05
1.20100956e-07
8.58162433e-11
2.33593689e-12
6.16493231e-14
1.31733301e-15
2.25062981e-17
3.03391558e-19
3.18211539e-21
2.55867630e-23
1.55276659e-25
6.99520932e-28
2.29876923e-30
eC
1.00638940e+00
3.07804198e+00
5.27088624e+00
7.59201189e+00
1.00489234e+01
1.26495642e+01
1.54023425e+01
1.83161584e+01
2.14004324e+01
2.46651365e+01
2.81208258e+01
3.17786729e+01
3.56505041e+01
3.97488374e+01
4.40869232e+01
4.86787870e+01
5.35392748e+01
5.86841012e+01
6.41298999e+01
6.98942779e+01
7.59958720e+01
8.24544093e+01
8.92907710e+01
9.65270599e+01
1.04186672e+02
1.12294371e+02
1.20876370e+02
1.29960417e+02
1.39575880e+02
1.49753848e+02
1.60527227e+02
1.71930848e+02
1.84001582e+02
1.96778453e+02
2.10302771e+02
2.24618262e+02
2.39771209e+02
2.55810604e+02
2.72788303e+02
2.90759198e+02
