t
0.0002711541262391306528722
dt
0.0000078976929982271124134
DN
0.0000000000000015245865561
TC
771.0000
N
7.99814528e-01
9.75321959e-01
9.88681862e-01
9.86913932e-01
9.75918871e-01
9.49776599e-01
9.01083317e-01
8.27858210e-01
7.36406874e-01
6.37621239e-01
5.41451110e-01
4.54111461e-01
3.78187261e-01
3.13887772e-01
2.60231218e-01
2.15803282e-01
1.79149428e-01
1.48943992e-01
1.24045703e-01
1.03551625e-01
8.80953181e-02
9.56290349e-02
2.19464086e-01
4.92494292e-01
4.51322550e-01
1.17348003e-01
6.90971211e-03
1.00253599e-04
2.01448411e-06
7.57997185e-08
2.44609849e-09
6.46750023e-11
1.38442012e-12
2.36931346e-14
3.19924312e-16
3.36095231e-18
2.70670438e-20
1.64507904e-22
7.42185943e-25
2.44239538e-27
eC
1.00638940e+00
3.07804198e+00
5.27088624e+00
7.59201189e+00
1.00489234e+01
1.26495642e+01
1.54023425e+01
1.83161584e+01
2.14004324e+01
2.46651365e+01
2.81208258e+01
3.17786729e+01
3.56505041e+01
3.97488374e+01
4.40869232e+01
4.86787870e+01
5.35392748e+01
5.86841012e+01
6.41298999e+01
6.98942779e+01
7.59958720e+01
8.24544093e+01
8.92907710e+01
9.65270599e+01
1.04186672e+02
1.12294371e+02
1.20876370e+02
1.29960417e+02
1.39575880e+02
1.49753848e+02
1.60527227e+02
1.71930848e+02
1.84001582e+02
1.96778453e+02
2.10302771e+02
2.24618262e+02
2.39771209e+02
2.55810604e+02
2.72788303e+02
2.90759198e+02
