t
0.0037617772881978284518767
dt
0.0000570910563061153414604
DN
0.0000000000000015245865561
TC
879.0000
N
9.99999987e-01
9.99999977e-01
9.99999954e-01
9.99999904e-01
9.99999787e-01
9.99999505e-01
9.99998780e-01
9.99996793e-01
9.99990936e-01
9.99971996e-01
9.99898417e-01
9.99526598e-01
9.97663834e-01
9.90487608e-01
9.69990659e-01
9.24932631e-01
8.45558577e-01
7.30156353e-01
5.88831009e-01
4.40736756e-01
3.06118448e-01
2.00043857e-01
1.32220056e-01
9.24998813e-02
4.46322119e-02
8.03525986e-03
5.12590753e-04
2.37338321e-05
1.09430559e-06
4.31071823e-08
1.40492874e-09
3.74600713e-11
8.07651918e-13
1.39076496e-14
1.88787034e-16
1.99231411e-18
1.61076723e-20
9.82296622e-23
4.44462359e-25
1.46634654e-27
eC
1.00638940e+00
3.07804198e+00
5.27088624e+00
7.59201189e+00
1.00489234e+01
1.26495642e+01
1.54023425e+01
1.83161584e+01
2.14004324e+01
2.46651365e+01
2.81208258e+01
3.17786729e+01
3.56505041e+01
3.97488374e+01
4.40869232e+01
4.86787870e+01
5.35392748e+01
5.86841012e+01
6.41298999e+01
6.98942779e+01
7.59958720e+01
8.24544093e+01
8.92907710e+01
9.65270599e+01
1.04186672e+02
1.12294371e+02
1.20876370e+02
1.29960417e+02
1.39575880e+02
1.49753848e+02
1.60527227e+02
1.71930848e+02
1.84001582e+02
1.96778453e+02
2.10302771e+02
2.24618262e+02
2.39771209e+02
2.55810604e+02
2.72788303e+02
2.90759198e+02
