t: 4.65016e-09
dt: 6.9407e-10
N: 0.0027968 0.00323015 0.00372901 0.00430334 0.00496419 0.00572266 0.00659275 0.0075903 0.00873153 0.010032 0.0115143 0.0132008 0.0151044 0.017251 0.0196664 0.0223643 0.0253414 0.0286266 0.0322299 0.0360625 0.040125 0.044385 0.0486922 0.0527804 0.0565945 0.0599588 0.0619828 0.0626049 0.0616068 0.0582741 0.0648851 0.407806 0.332679 0.0157407 0.00623132 0.0022045 0.000620738 0.000135189 2.2699e-05 2.85796e-06 
eC: 1 1.15749 1.33977 1.55077 1.795 2.07768 2.40489 2.78363 3.22201 3.72944 4.31677 4.99661 5.78351 6.69433 7.7486 8.9689 10.3814 12.0163 13.9087 16.0991 18.6345 21.5692 24.9661 28.8979 33.4489 38.7167 44.814 51.8717 60.0407 69.4963 80.4411 93.1095 107.773 124.746 144.391 167.131 193.452 223.918 259.182 300 
dV: 1.08333 0.211322 0.327712 0.508206 0.788112 1.22218 1.89532 2.93921 4.55805 7.06849 10.9616 16.999 26.3615 40.8807 63.3966 98.3136 152.462 236.434 366.655 568.597 881.764 1367.42 2120.55 3288.49 5099.69 7908.45 12264.2 19019 29494.1 45738.6 70930.1 109996 170579 264529 410225 636165 986546 1.52991e+06 2.37254e+06 3.67926e+06 
kVec: 817960 950263 1.09673e+06 1.26605e+06 1.46163e+06 1.687e+06 1.94659e+06 2.24549e+06 2.58932e+06 2.9833e+06 3.43541e+06 3.95389e+06 4.54459e+06 5.2181e+06 5.98548e+06 6.85726e+06 7.83746e+06 8.94436e+06 1.01934e+07 1.15716e+07 1.31012e+07 1.47966e+07 1.6659e+07 1.86436e+07 2.0801e+07 2.31763e+07 2.55854e+07 2.81733e+07 3.10657e+07 3.43789e+07 3.81741e+07 4.3275e+07 5.17614e+07 6.61448e+07 9.01262e+07 1.27622e+08 1.80926e+08 2.47142e+08 3.27249e+08 4.16411e+08 
cMat: 
-202541 957.447 1125.05 1310.49 1527.7 1783.44 2084.74 2440 2860.57 3362 3959.17 4672.24 5535.04 6579.31 7846.21 9398.63 11328.5 13722.1 16708.1 20538.2 25439.9 31746.2 40018.2 51091.5 65863.1 85756.5 113567 152138 206036 282919 393984 554007 786470 1.13087e+06 1.63278e+06 2.36027e+06 3.39287e+06 4.84903e+06 6.93777e+06 9.96179e+06 
4867.42 -239314 1296.13 1509.77 1760.02 2054.67 2401.82 2811.15 3295.73 3873.52 4561.63 5383.32 6377.6 7581.06 9041.16 10830.4 13054.9 15814.1 19256.4 23672.4 29324.5 36597.2 46137.9 58911.7 75954.4 98910.2 131008 175534 237765 326554 454840 639709 908311 1.3063e+06 1.88639e+06 2.72729e+06 3.92092e+06 5.60413e+06 8.01856e+06 1.15141e+07 
3652.62 827.741 -275773 1737.7 2025.76 2364.92 2764.52 3235.71 3793.54 4458.69 5250.88 6196.89 7341.66 8727.35 10408.7 12469.1 15031 18209 22174.3 27261.8 33774.2 42155 53151.2 67876.7 87526.8 114000 151025 202399 274216 376707 524823 738316 1.04857e+06 1.50834e+06 2.1786e+06 3.15034e+06 4.52976e+06 6.47492e+06 9.26513e+06 1.33048e+07 
2713.01 614.815 1108.06 -318366 2329.81 2719.92 3179.54 3721.54 4363.21 5128.36 6039.69 7128.02 8445.11 10039.5 11974.1 14345.2 17293.7 20951.6 25516.2 31373.4 38872.4 48524.3 61190.7 78156.3 100801 131315 174004 233251 316097 434360 605313 851782 1.21004e+06 1.74105e+06 2.5153e+06 3.63796e+06 5.23175e+06 7.47913e+06 1.07029e+07 1.53702e+07 
2013.16 456.219 822.233 1483 -368047 3097.76 3653.84 4276.77 5014.28 5893.76 6941.3 8192.38 9706.52 11539.6 13764 16490.6 19881.4 24088.6 29339.3 36078.1 44707.1 55815.6 70396.5 89931.3 116011 151164 200357 268651 364177 500583 697818 982259 1.39583e+06 2.00893e+06 2.90305e+06 4.19976e+06 6.04078e+06 8.63668e+06 1.23604e+07 1.77517e+07 
1492.92 338.327 609.765 1099.8 1967.82 -425830 4192.83 4907.76 5754.24 6763.71 7966.16 9402.33 11140.6 13245.2 15799.5 18930.6 22825.2 27658 33690.4 41434.1 51351.9 64122.2 80888.7 103358 133365 173824 230462 309121 419185 576408 803824 1.1319e+06 1.60906e+06 2.31661e+06 3.34872e+06 4.84588e+06 6.97167e+06 9.96899e+06 1.42686e+07 2.04937e+07 
1105.97 250.638 451.731 814.776 1470.96 2657.19 -493018 5624.14 6594.38 7751.52 9129.96 10776.4 12769.5 15182.8 18111.9 21703.2 26170.8 31715.6 38638 47526.1 58912.3 73577.1 92836.7 118656 153148 199671 264827 355352 482075 663172 925226 1.30342e+06 1.85368e+06 2.66984e+06 3.86074e+06 5.58865e+06 8.04233e+06 1.15018e+07 1.64645e+07 2.36496e+07 
818.112 185.406 334.165 602.736 1088.18 1965.75 3554.57 -571112 7468.24 8871.76 10449.9 12335 14617.3 17381.1 20736 24850 29968.7 36322.9 44257.1 54447.3 67505 84327.4 106428 136067 175678 229127 304018 408119 553915 762374 1.06416e+06 1.49988e+06 2.13412e+06 3.07514e+06 4.44866e+06 6.44208e+06 9.27317e+06 1.32646e+07 1.89903e+07 2.72803e+07 
604.28 136.948 246.831 445.22 803.814 1452.1 2625.84 4705.24 -662041 10136.2 11939.8 14094.6 16703.7 19863.6 23700 28405.1 34260.5 41530.8 50611.1 62276.7 77229.6 96500 121826 155807 201240 262574 348562 468154 635739 875487 1.22275e+06 1.7244e+06 2.45496e+06 3.53928e+06 5.12257e+06 7.42116e+06 1.06861e+07 1.52889e+07 2.18919e+07 3.14521e+07 
445.828 101.039 182.115 328.496 593.092 1071.46 1937.6 3508.78 6362.91 -767493 13606.8 16063.6 19038.8 22642.7 27018.9 32387.2 39069.7 47368.9 57737.1 71062.3 88148.9 110178 139143 178026 230042 300305 398877 536060 728425 1.00382e+06 1.40297e+06 1.97992e+06 2.82066e+06 4.06905e+06 5.89274e+06 8.54136e+06 1.23042e+07 1.76084e+07 2.52178e+07 3.62353e+07 
328.191 74.3805 134.068 241.835 436.641 788.851 1426.59 2583.52 4685.28 8505.71 -890253 18268.4 21654.1 25756 30737.9 36850.6 44461.9 53917.5 65733.9 80926.8 100416 125555 158626 203049 262511 342885 455729 612893 833447 1.14944e+06 1.60778e+06 2.27076e+06 3.23751e+06 4.67374e+06 6.77292e+06 9.82298e+06 1.4157e+07 2.02659e+07 2.90298e+07 4.17191e+07 
240.928 54.6046 98.4249 177.547 320.578 579.19 1047.48 1897.06 3440.57 6246.5 11364.2 -1.03336e+06 24388.1 29230.7 34889.7 41835 50486.1 61236.6 74676.2 91964.1 114152 142785 180476 231140 299002 390800 519794 699604 952159 1.31433e+06 1.84008e+06 2.60118e+06 3.71186e+06 5.36287e+06 7.77738e+06 1.12874e+07 1.6276e+07 2.3307e+07 3.3394e+07 4.79993e+07 
176.557 40.0163 72.1318 130.122 234.957 424.519 767.796 1390.62 2522.26 4579.66 8332.6 15086.2 -1.19962e+06 33037.9 39441 47301.9 57097.3 69274.6 84504.4 104106 129279 161783 204601 262204 339428 443982 591059 796288 1.08485e+06 1.49911e+06 2.1011e+06 2.97342e+06 4.24763e+06 6.14301e+06 8.91691e+06 1.29518e+07 1.8688e+07 2.67718e+07 3.83695e+07 5.51624e+07 
128.981 29.2342 52.6983 95.0688 171.67 310.19 561.055 1016.25 1843.39 3347.38 6091.17 11112.7 20304.6 -1.39353e+06 44419.7 53285.4 64337.8 78084.1 95284.5 117438 145905 182690 231188 296496 384134 502912 670206 903928 1.23296e+06 1.70593e+06 2.39405e+06 3.39233e+06 4.85214e+06 7.02537e+06 1.02086e+07 1.48421e+07 2.14315e+07 3.07164e+07 4.40379e+07 6.33269e+07 
93.8269 21.2671 38.3381 69.166 124.903 225.7 408.264 739.554 1341.62 2436.5 4434.24 8090.99 14786 27095.5 -1.61995e+06 59137.5 72231.5 87695.7 107056 132011 164102 205603 260370 334203 433389 567980 757813 1.02339e+06 1.3978e+06 1.93678e+06 2.72201e+06 3.86269e+06 5.53283e+06 8.0215e+06 1.16702e+07 1.69856e+07 2.45477e+07 3.52015e+07 5.04874e+07 7.26212e+07 
67.9664 15.4061 27.7738 50.1095 90.4953 163.538 295.844 535.961 972.387 1766.18 3214.78 5866.88 10723.7 19655.9 35762.3 -1.88588e+06 80690.6 98006.6 119700 147684 183704 230329 291927 375073 486917 638894 853604 1.15447e+06 1.57934e+06 2.192e+06 3.08602e+06 4.38675e+06 6.29408e+06 9.13928e+06 1.33154e+07 1.94049e+07 2.80721e+07 4.02806e+07 5.7798e+07 8.31632e+07 
49.0493 11.1186 20.0456 36.1686 65.3234 118.059 213.593 386.996 702.213 1275.65 2322.34 4239.06 7750.19 14209.6 26152.9 48311.9 -2.19571e+06 108749 132895 164075 204251 256314 325187 418298 543743 714488 956199 1.29557e+06 1.77578e+06 2.46971e+06 3.48433e+06 4.96332e+06 7.13602e+06 1.03814e+07 1.51515e+07 2.2115e+07 3.20318e+07 4.59974e+07 6.60369e+07 9.5054e+07 
35.1645 7.97159 14.3728 25.9349 46.8443 84.6698 153.203 277.614 503.812 915.395 1666.83 3043.22 5565.38 10207.1 18793 34730.4 64365.1 -2.56044e+06 146668 181219 225791 283626 360249 464022 604080 795084 1.0661e+06 1.44747e+06 1.98839e+06 2.77194e+06 3.92023e+06 5.59775e+06 8.06733e+06 1.17619e+07 1.72007e+07 2.51513e+07 3.64808e+07 5.2432e+07 7.53217e+07 1.08466e+08 
25.0066 5.66918 10.2223 18.447 33.3225 60.2362 109.006 197.555 358.581 651.649 1186.85 2167.44 3965 7274.54 13399 24773.7 45938.2 85660.2 -2.9925e+06 197743 248062 311950 396736 511796 667402 880075 1.18263e+06 1.60948e+06 2.21652e+06 3.09832e+06 4.394e+06 6.29163e+06 9.09206e+06 1.32891e+07 1.94787e+07 2.85407e+07 4.14636e+07 5.96533e+07 8.57562e+07 1.23552e+08 
17.6809 4.00869 7.2288 13.0463 23.5693 42.6113 77.123 139.797 253.795 461.332 840.451 1535.32 2809.68 5157.1 9503.54 17581.2 32623.1 60878.4 113741 -3.49868e+06 269339 339167 432030 558361 729637 964356 1.29937e+06 1.77354e+06 2.45012e+06 3.43639e+06 4.8904e+06 7.02673e+06 1.01891e+07 1.49393e+07 2.19606e+07 3.22599e+07 4.69613e+07 6.76471e+07 9.73335e+07 1.40316e+08 
12.377 2.8064 5.06122 9.13535 16.5059 29.8457 54.0277 97.9523 177.869 323.407 589.364 1077.02 1971.81 3620.99 6676.49 12359.2 22951.1 42867.1 80637.1 152215 -4.10018e+06 364998 465777 603268 790215 1.04721e+06 1.41543e+06 1.93858e+06 2.68798e+06 3.78495e+06 5.4086e+06 7.80324e+06 1.13611e+07 1.67197e+07 2.46615e+07 3.63375e+07 5.30232e+07 7.64919e+07 1.10173e+08 1.58937e+08 
8.55305 1.93951 3.49821 6.31495 11.4116 20.6376 37.3663 67.7602 123.075 223.848 408.074 746.017 1366.46 2510.73 4632.24 8581.21 15949.2 29818.8 56154.6 106145 202124 -4.81835e+06 491394 645328 847621 1.12671e+06 1.52834e+06 2.10146e+06 2.92618e+06 4.13923e+06 5.94307e+06 8.61529e+06 1.26027e+07 1.86273e+07 2.75841e+07 4.07873e+07 5.96812e+07 8.62439e+07 1.24367e+08 1.79555e+08 
5.83275 1.32279 2.38615 4.30808 7.78624 14.084 25.5061 46.2646 84.0565 152.935 278.912 510.12 934.889 1718.84 3173.51 5883.83 10946.8 20489.6 38635.8 73145.4 139538 265838 -5.68801e+06 680557 896755 1.19629e+06 1.62959e+06 2.25113e+06 3.1504e+06 4.48085e+06 6.47046e+06 9.43384e+06 1.38789e+07 2.06212e+07 3.06829e+07 4.55626e+07 6.6891e+07 9.68615e+07 1.39877e+08 2.02134e+08 
3.92231 0.889633 1.60503 2.89827 5.2392 9.47897 17.1708 31.1547 56.6231 103.064 188.049 344.116 631.058 1161.09 2145.53 3981.8 7416.83 13901 26252 49792.6 95192.2 183884 358461 -6.7268e+06 929953 1.24592e+06 1.70593e+06 2.37004e+06 3.33743e+06 4.77918e+06 6.95082e+06 1.02076e+07 1.51257e+07 2.26232e+07 3.38655e+07 5.05588e+07 7.45388e+07 1.08216e+08 1.5655e+08 2.26485e+08 
2.58217 0.58575 1.05695 1.90893 3.45147 6.2461 11.3178 20.5417 37.3483 68.0115 124.156 227.329 417.184 768.213 1420.87 2639.79 4923.53 9241.74 17482.5 33228.2 63677.6 123344 241213 474910 -7.9977e+06 1.27597e+06 1.75738e+06 2.45758e+06 3.48564e+06 5.03111e+06 7.37912e+06 1.09296e+07 1.63346e+07 2.46251e+07 3.71281e+07 5.57844e+07 8.2655e+07 1.20369e+08 1.74495e+08 2.52775e+08 
1.65685 0.375902 0.678409 1.22551 2.21629 4.0119 7.27179 13.2029 24.015 43.7533 79.9177 146.423 268.917 495.638 917.662 1706.93 3188.24 5994.4 11360.8 21642.7 41586.3 80798.1 158576 313556 628801 -9.58665e+06 1.77236e+06 2.50673e+06 3.58476e+06 5.22175e+06 7.73423e+06 1.15706e+07 1.74672e+07 2.6579e+07 4.04148e+07 6.11801e+07 9.11844e+07 1.33271e+08 1.93672e+08 2.80972e+08 
1.03851 0.235653 0.425381 0.768599 1.39035 2.51757 4.56488 8.29155 15.0888 27.5061 50.274 92.1781 169.444 312.624 579.501 1079.41 2019.51 3804.28 7225.69 13802.2 26604 51874.2 102240 203202 409903 838867 -1.15197e+07 2.46917e+06 3.56771e+06 5.25789e+06 7.88754e+06 1.19558e+07 1.8291e+07 2.81828e+07 4.33432e+07 6.62769e+07 9.95612e+07 1.46223e+08 2.13182e+08 3.0986e+08 
0.628324 0.142601 0.257467 0.465318 0.841966 1.52509 2.76639 5.027 9.15267 16.6951 30.5356 56.0318 103.098 190.429 353.442 659.322 1235.79 2332.77 4441.23 8508.3 16456.1 32213.4 63786.5 127499 258886 535841 1.11516e+06 -1.39556e+07 3.44728e+06 5.1505e+06 7.84504e+06 1.2082e+07 1.87888e+07 2.94039e+07 4.58662e+07 7.10215e+07 1.07741e+08 1.59202e+08 2.33036e+08 3.39484e+08 
0.364008 0.0826291 0.149221 0.269756 0.48825 0.884703 1.60543 2.9187 5.31693 9.70476 17.7633 32.6223 60.0862 111.115 206.512 385.845 724.597 1370.83 2616.45 5028.21 9760.97 19188.5 38187.3 76804.7 157075 327802 689284 1.47469e+06 -1.70724e+07 4.84453e+06 7.5924e+06 1.1915e+07 1.88958e+07 3.01374e+07 4.78314e+07 7.52139e+07 1.15481e+08 1.71922e+08 2.52894e+08 3.69397e+08 
0.200905 0.0456141 0.0823949 0.148991 0.269752 0.488969 0.887693 1.61463 2.94301 5.37543 9.84674 18.0996 33.3732 61.7937 115.011 215.248 405.054 768.117 1470.03 2834.57 5524.42 10909.9 21831 44206.8 91127.3 191923 408301 885589 1.9472e+06 -2.11563e+07 7.03478e+06 1.12992e+07 1.83657e+07 3.00162e+07 4.8721e+07 7.81654e+07 1.21909e+08 1.83287e+08 2.71343e+08 3.97671e+08 
0.103227 0.0234417 0.0423542 0.0766085 0.138745 0.251593 0.456953 0.83157 1.51659 2.772 5.08182 9.3495 17.2583 31.9965 59.64 111.811 210.85 400.813 769.214 1488.39 2912.72 5779.59 11631.5 23722.4 49314.7 104885 225994 497697 1.12597e+06 2.5956e+06 -2.65332e+07 9.93005e+06 1.66567e+07 2.81322e+07 4.70909e+07 7.76906e+07 1.23865e+08 1.88863e+08 2.82149e+08 4.15396e+08 
0.0313165 0.00711305 0.0128549 0.0232578 0.0421351 0.0764343 0.138883 0.252867 0.461435 0.84399 1.54848 2.85144 5.26927 9.78162 18.2591 34.2902 64.7991 123.477 237.625 461.389 906.631 1807.59 3658.73 7516.06 15758.6 33853 73905.8 165368 381226 899447 2.14237e+06 -3.67595e+07 9.09351e+06 1.59898e+07 2.78226e+07 4.75789e+07 7.80737e+07 1.21288e+08 1.8341e+08 2.71649e+08 
0.0154352 0.00350656 0.00633866 0.0114713 0.0207885 0.0377247 0.0685763 0.124919 0.228081 0.417457 0.766512 1.41273 2.61344 4.85757 9.08052 17.0818 32.3464 61.7841 119.224 232.287 458.298 918.045 1868.82 3866.82 8177.03 17743.4 39256.3 89286.4 209907 507587 1.24768e+06 3.15722e+06 -4.87329e+07 1.52483e+07 2.78707e+07 4.98492e+07 8.48542e+07 1.35043e+08 2.07449e+08 3.09638e+08 
0.00897854 0.00204011 0.00368862 0.00667711 0.0121037 0.021972 0.0399566 0.0728176 0.133022 0.243623 0.447647 0.825712 1.52901 2.84524 5.32577 10.0341 19.0366 36.4408 70.4956 137.779 272.848 548.928 1123.29 2339.67 4986.87 10922.3 24469.2 56526.9 135435 335600 852477 2.24584e+06 6.16857e+06 -6.25939e+07 3.21795e+07 6.14788e+07 1.10925e+08 1.83813e+08 2.90144e+08 4.39116e+08 
0.00313775 0.000713079 0.00128954 0.00233486 0.00423355 0.00768763 0.0139852 0.0254974 0.0466007 0.0853962 0.157016 0.289842 0.537206 1.00071 1.87543 3.53846 6.72487 12.8989 25.0105 49.0221 97.4109 196.752 404.548 847.723 1819.91 4019.88 9108.59 21342.1 52027.7 131849 345392 945868 2.72903e+06 7.78888e+06 -8.84773e+07 4.62902e+07 9.03899e+07 1.59036e+08 2.61961e+08 4.05985e+08 
0.000934225 0.000212342 0.000384074 0.000695552 0.00126146 0.00229131 0.00416969 0.00760488 0.0139051 0.0254945 0.0469039 0.0866401 0.160714 0.299667 0.562216 1.06211 2.0217 3.88476 7.54788 14.8323 29.5626 59.9219 123.732 260.671 563.194 1253.38 2868.74 6806.66 16850.7 43568.8 117366 333155 1.00535e+06 3.06493e+06 9.53428e+06 -1.26968e+08 6.47224e+07 1.25032e+08 2.19493e+08 3.53807e+08 
0.000230384 5.23708e-05 9.47391e-05 0.000171599 0.000311271 0.000565516 0.00102938 0.00187798 0.00343494 0.0063004 0.0115966 0.0214324 0.0397818 0.0742324 0.139389 0.263591 0.50235 0.966641 1.88116 3.7041 7.40031 15.0416 31.1628 65.9287 143.156 320.471 739.292 1771.42 4438.41 11657.1 32101.1 93784.9 293581 948678 3.19386e+06 1.11033e+07 -1.80711e+08 8.32255e+07 1.62507e+08 2.82208e+08 
4.57917e-05 1.04101e-05 1.88337e-05 3.41166e-05 6.18927e-05 0.000112462 0.000204742 0.000373595 0.000683475 0.00125396 0.00230873 0.0042683 0.00792584 0.0147965 0.0277987 0.0526015 0.100324 0.193217 0.37639 0.742058 1.48472 3.02295 6.27577 13.3116 28.9936 65.1405 151.004 364.027 918.957 2437.45 6807.12 20262.5 64978.9 218632 781517 2.98308e+06 1.15745e+07 -2.47087e+08 9.7864e+07 1.9931e+08 
7.15294e-06 1.62621e-06 2.94228e-06 5.33025e-06 9.67071e-06 1.75739e-05 3.19979e-05 5.83947e-05 0.000106847 0.000196066 0.000361065 0.000667684 0.00124019 0.00231604 0.00435292 0.00824039 0.015725 0.030304 0.0590748 0.116569 0.233474 0.475928 0.98945 2.10245 4.58886 10.3351 24.0356 58.1759 147.583 393.963 1110.27 3345.25 10898 37677.6 140544 571738 2.46747e+06 1.06845e+07 -3.27238e+08 1.19788e+08 
8.47646e-07 1.92719e-07 3.48701e-07 6.31741e-07 1.14624e-06 2.08315e-06 3.79323e-06 6.92315e-06 1.26689e-05 2.32509e-05 4.28242e-05 7.92044e-05 0.000147149 0.000274865 0.000516741 0.000978539 0.00186804 0.00360152 0.00702425 0.0138689 0.0277971 0.0567081 0.118005 0.251028 0.548615 1.23744 2.88326 6.99441 17.791 47.6511 134.904 408.911 1342.46 4706.11 17976.2 76059.6 353640 1.79586e+06 9.88612e+06 -4.16409e+08 
dt_FE: 6.9407e-10
dt_EA: 6.9407e-10
dt_PE: 6.9407e-10
tolC: 1e-06
dt_grow: 1.03
dt_max: 0.1
steps: 0
