t: 6.72084e-06
dt: 4.9319e-07
N: 0.9397 0.939992 0.939773 0.939275 0.938603 0.937786 0.93682 0.935682 0.934341 0.932756 0.930877 0.928641 0.925969 0.922763 0.918892 0.914192 0.908444 0.901361 0.892556 0.881509 0.867508 0.849577 0.826382 0.796111 0.756382 0.704251 0.636573 0.551084 0.448582 0.33567 0.225499 0.133314 0.0684643 0.0303133 0.0114882 0.00368347 0.000981044 0.000211644 3.58356e-05 4.58648e-06 
eC: 1 1.15749 1.33977 1.55077 1.795 2.07768 2.40489 2.78363 3.22201 3.72944 4.31677 4.99661 5.78351 6.69433 7.7486 8.9689 10.3814 12.0163 13.9087 16.0991 18.6345 21.5692 24.9661 28.8979 33.4489 38.7167 44.814 51.8717 60.0407 69.4963 80.4411 93.1095 107.773 124.746 144.391 167.131 193.452 223.918 259.182 300 
dV: 1.08333 0.211322 0.327712 0.508206 0.788112 1.22218 1.89532 2.93921 4.55805 7.06849 10.9616 16.999 26.3615 40.8807 63.3966 98.3136 152.462 236.434 366.655 568.597 881.764 1367.42 2120.55 3288.49 5099.69 7908.45 12264.2 19019 29494.1 45738.6 70930.1 109996 170579 264529 410225 636165 986546 1.52991e+06 2.37254e+06 3.67926e+06 
kVec: 1.0301e+06 1.19339e+06 1.37488e+06 1.5837e+06 1.82367e+06 2.0984e+06 2.41261e+06 2.77154e+06 3.18051e+06 3.64374e+06 4.16861e+06 4.76182e+06 5.42516e+06 6.16587e+06 6.99001e+06 7.89974e+06 8.88623e+06 9.95712e+06 1.11116e+07 1.23081e+07 1.35477e+07 1.48183e+07 1.6089e+07 1.72809e+07 1.84372e+07 1.96007e+07 2.06411e+07 2.18076e+07 2.33971e+07 2.58633e+07 2.96964e+07 3.61556e+07 4.71157e+07 6.38683e+07 8.9496e+07 1.28173e+08 1.82276e+08 2.48899e+08 3.2919e+08 4.18366e+08 
cMat: 
-60897.2 57.8958 68.0308 79.244 92.3783 107.843 126.062 147.544 172.975 203.297 239.407 282.525 334.698 397.844 474.451 568.324 685.021 829.759 1010.32 1241.92 1538.32 1919.66 2419.85 3089.45 3982.67 5185.6 6867.25 9199.63 12458.8 17107.8 23823.8 33500.2 47557 68382.2 98732.4 142723 205163 293216 419519 602378 
293.031 -71084.3 78.0301 90.892 105.958 123.697 144.595 169.238 198.412 233.196 274.622 324.09 383.948 456.399 544.301 652.019 785.939 952.049 1159.29 1425.14 1765.41 2203.24 2777.62 3546.64 4572.65 5954.65 7887.01 10567.6 14314.1 19659.4 27382.5 38512.1 54682.6 78642.4 113565 164190 236049 337383 482738 693180 
220.809 50.0388 -82602.6 105.048 122.461 142.965 167.121 195.606 229.328 269.538 317.427 374.616 443.82 527.588 629.226 753.787 908.66 1100.78 1340.49 1648.03 2041.72 2548.36 3213.11 4103.29 5291.19 6891.57 9129.81 12235.5 16577 22772.8 31726.7 44632.8 63388.4 91182.7 131701 190445 273834 391423 560098 804303 
165.459 37.4958 67.5772 -96101.7 142.088 165.88 193.911 226.966 266.099 312.764 368.343 434.717 515.042 612.278 730.266 874.875 1054.69 1277.78 1556.16 1913.38 2370.71 2959.35 3731.84 4766.53 6147.55 8008.55 10612 14225.3 19277.8 26490.3 36916.3 51947.7 73797.1 106182 153401 221869 319069 456130 652737 937385 
124.219 28.1504 50.7348 91.5066 -111947 191.143 225.455 263.892 309.399 363.666 428.303 505.499 598.927 712.033 849.287 1017.53 1226.75 1486.35 1810.34 2226.15 2758.59 3444.02 4343.72 5549.08 7158.31 9327.39 12362.7 16576.7 22471.1 30887.8 43057.9 60608.9 86127.4 123958 179128 259140 372738 532914 762682 1.09534e+06 
93.4148 21.1698 38.1542 68.8168 123.13 -130543 262.354 307.088 360.054 423.219 498.458 588.322 697.092 828.781 988.602 1184.53 1428.22 1730.62 2108.08 2592.61 3213.19 4012.25 5061.36 6467.33 8344.91 10876.5 14420.4 19342.3 26229.2 36067 50296.8 70825.1 100682 144955 209536 303216 436231 623779 892814 1.28233e+06 
70.3387 15.9404 28.7297 51.8191 93.552 168.995 -152426 357.691 419.397 492.99 580.658 685.372 812.129 965.613 1151.9 1380.31 1664.44 2017.09 2457.34 3022.62 3746.77 4679.44 5904.33 7546.42 9740.08 12698.9 16842.8 22600.1 30659.5 42177.2 58843.6 82896.3 117892 169800 245540 355433 511486 731507 1.04713e+06 1.50409e+06 
53.0214 12.016 21.6571 39.063 70.5241 127.4 230.37 -178257 484.012 574.974 677.252 799.428 947.339 1126.46 1343.89 1610.51 1942.26 2354.07 2868.28 3528.7 4374.96 5465.21 6897.53 8818.44 11385.6 14849.6 19703.2 26450 35899 49409.1 68967.6 97206.6 138311 199298 288315 417508 600989 859669 1.23075e+06 1.76802e+06 
40.0258 9.07102 16.3494 29.4901 53.2423 96.1831 173.928 311.661 -208827 671.39 790.861 933.588 1106.4 1315.71 1569.82 1881.47 2269.32 2750.88 3352.33 4125.03 5115.47 6391.89 8069.43 10320.2 13329.5 17392.2 23087.8 31009.2 42109.5 57989.8 80991.8 114220 162610 234432 339305 491557 707818 1.01269e+06 1.45006e+06 2.0833e+06 
30.283 6.86314 12.3702 22.3132 40.286 72.7796 131.612 238.335 432.203 -245019 924.248 1091.13 1293.22 1538.01 1835.27 2199.91 2653.82 3217.55 3921.81 4826.93 5987.55 7483.86 9451.32 12092.5 15625.7 20398.3 27093.9 36412.1 49478.6 68184.6 95297.1 134487 191594 276392 400267 580175 835765 1.19606e+06 1.71293e+06 2.4613e+06 
22.9499 5.20131 9.37513 16.9111 30.5336 55.1631 99.7594 180.661 327.634 594.79 -288148 1277.48 1514.23 1801.08 2149.45 2576.9 3109.15 3770.36 4596.67 5659.08 7021.96 8779.84 11092.4 14198.9 18357 23977.4 31868.4 42858.7 58281.6 80378.7 112430 158791 226394 326827 473619 686905 989973 1.41716e+06 2.03001e+06 2.91735e+06 
17.4224 3.94866 7.11748 12.8391 23.1822 41.8834 75.7473 137.183 248.8 451.708 821.791 -339799 1763.59 2113.78 2523.01 3025.25 3650.84 4428.25 5400.11 6650.27 8254.76 10325.3 13050.9 16714.6 21622 28260.2 37588.3 50591 68854.2 95043.9 133063 188101 268419 387809 562412 816232 1.17698e+06 1.68542e+06 2.41485e+06 3.47101e+06 
13.2711 3.00786 5.42185 9.78074 17.6607 31.9093 57.7121 104.527 189.588 344.234 626.327 1133.96 -401627 2483.33 2964.61 3555.49 4291.77 5207.09 6351.85 7825.25 9717.35 12160.6 15379 19708.8 25513.4 33372.3 44427.4 59853.7 81543.8 112682 157931 223500 319277 461744 670247 973532 1.4047e+06 2.01232e+06 2.88408e+06 4.14633e+06 
10.137 2.29761 4.14172 7.47176 13.4921 24.3788 44.0951 79.87 144.878 263.081 478.725 873.385 1595.8 -476235 3491.08 4187.87 5056.51 6136.88 7488.71 9229.8 11467.1 14358.2 18169.8 23302.6 30190.3 39525.5 52673.6 71042.6 96902.5 134074 188156 266614 381345 552146 802324 1.16649e+06 1.68437e+06 2.4141e+06 3.46108e+06 4.97706e+06 
7.76276 1.75953 3.1719 5.72244 10.3338 18.6733 33.7777 61.187 110.999 201.584 366.866 669.408 1223.32 2241.75 -566945 4892.74 5976.07 7255.5 8857.32 10921.9 13577 17010.6 21541.7 27650.2 35856.4 46991.8 62697.6 84670.1 115647 160239 225205 319579 457758 663659 965535 1.40531e+06 2.03095e+06 2.91239e+06 4.17707e+06 6.00831e+06 
5.96548 1.35221 2.43773 4.39817 7.94287 14.3539 25.9666 47.0419 85.3475 155.019 282.165 514.942 941.231 1725.22 3138.89 -677862 7082.3 8602.15 10506.2 12962.4 16123.9 20216.3 25622.7 32920.6 42737.2 56076.5 74921.8 101329 138620 192394 270864 385030 552438 802164 1.16871e+06 1.70319e+06 2.46392e+06 3.53547e+06 5.07299e+06 7.29932e+06 
4.60751 1.04444 1.88301 3.39754 6.13624 11.09 20.0641 36.3529 65.9633 119.83 218.152 398.202 728.025 1334.8 2456.71 4538.24 -813586 10215.5 12483.6 15412.6 19186.5 24077.2 30546.8 39293.4 51077.2 67116.4 89821.8 121701 166810 231996 327305 466236 670331 975193 1.42327e+06 2.07741e+06 3.00895e+06 4.32083e+06 6.20326e+06 8.92902e+06 
3.57081 0.809483 1.4595 2.63358 4.75685 8.59788 15.5571 28.1906 51.1601 92.9547 169.26 309.026 565.142 1036.49 1908.35 3526.73 6536.02 -982161 14893.5 18402.1 22928.2 28801.1 36581.8 47119.5 61341.9 80737.6 108258 146985 201913 281479 398083 568429 819205 1.19438e+06 1.74667e+06 2.55401e+06 3.70448e+06 5.32426e+06 7.64862e+06 1.10143e+07 
2.77627 0.629402 1.13489 2.04802 3.69953 6.68753 12.102 21.9329 39.8103 72.3473 131.766 240.633 440.202 807.632 1487.59 2750.42 5100.14 9510.15 -1.19387e+06 21953.7 27540.3 34633.2 44046.4 56820.5 74096.2 97707.5 131297 178688 246083 343982 487830 698508 1.00942e+06 1.47538e+06 2.16256e+06 3.16864e+06 4.60337e+06 6.62281e+06 9.52081e+06 1.3717e+07 
2.17341 0.492763 0.888592 1.6037 2.89723 5.23794 9.48025 17.1843 31.1974 56.7087 103.312 188.727 345.377 633.931 1168.21 2161.14 4010.15 7483.41 13981.4 -1.4584e+06 33108.2 41691.7 53106.8 68635.9 89689.8 118542 159723 218010 301179 422415 601147 863752 1.25249e+06 1.8364e+06 2.69949e+06 3.96551e+06 5.77267e+06 8.31545e+06 1.19646e+07 1.72482e+07 
1.70841 0.387369 0.698605 1.26096 2.27832 4.11962 7.45749 13.5205 24.5514 44.6402 81.3505 148.662 272.171 499.808 921.562 1705.95 3167.97 5916.99 11130.4 21010.4 -1.79497e+06 50381 64291.7 83269.6 109074 144548 195373 267584 371025 522440 746554 1.07709e+06 1.56818e+06 2.30783e+06 3.40405e+06 5.0157e+06 7.31885e+06 1.05582e+07 1.52073e+07 2.19382e+07 
1.34633 0.305298 0.550652 0.994034 1.79629 3.24856 5.88181 10.6661 19.3732 35.2358 64.2348 117.43 215.094 395.212 729.159 1350.76 2510.56 4693.77 8839.28 16708.2 31816.2 -2.22901e+06 77350.1 101581 133424 177355 240576 330789 460608 651555 935496 1.35613e+06 1.98378e+06 2.93211e+06 4.342e+06 6.42032e+06 9.39439e+06 1.35756e+07 1.95766e+07 2.82636e+07 
1.0645 0.241415 0.435484 0.786244 1.42103 2.5704 4.65498 8.4435 15.3407 27.9114 50.9027 93.0994 170.622 313.697 579.181 1073.83 1997.85 3739.45 7051.22 13349.4 25466.3 48516.7 -2.79335e+06 124205 163662 218328 297408 410841 574964 817777 1.18089e+06 1.72172e+06 2.53296e+06 3.76346e+06 5.59977e+06 8.31538e+06 1.22079e+07 1.76777e+07 2.55281e+07 3.68905e+07 
0.844276 0.191493 0.345481 0.623852 1.12773 2.04035 3.69601 6.70604 12.1881 22.1846 40.4774 74.0708 135.835 249.925 461.825 857.08 1596.47 2992.19 5650.73 10717.8 20490.1 39581.1 77158.5 -3.52337e+06 200172 268184 367202 510150 718381 1.02872e+06 1.49616e+06 2.19719e+06 3.2558e+06 4.86963e+06 7.28953e+06 1.08828e+07 1.60444e+07 2.32934e+07 3.36974e+07 4.87507e+07 
0.666802 0.15126 0.272938 0.492948 0.891283 1.61295 2.92264 5.30455 9.64455 17.5628 32.0612 58.7039 107.731 198.378 366.915 681.679 1271.42 2386.52 4514.55 8580.61 16443.6 31851.3 62289.2 122637 -4.49163e+06 329497 453812 634628 900106 1.2992e+06 1.90553e+06 2.82238e+06 4.21813e+06 6.359e+06 9.58769e+06 1.44054e+07 2.13442e+07 3.10831e+07 4.50604e+07 6.52748e+07 
0.521268 0.118264 0.213436 0.38556 0.697274 1.26219 2.2878 4.15381 7.55544 13.7654 25.1431 46.0665 84.6048 155.934 288.708 537.023 1003.06 1885.92 3574.25 6809.07 13083.6 25420.1 49890 98648.6 197829 -5.79688e+06 557606 788650 1.12781e+06 1.64283e+06 2.43329e+06 3.64027e+06 5.4954e+06 8.36208e+06 1.2715e+07 1.92481e+07 2.86878e+07 4.19288e+07 6.09317e+07 8.83975e+07 
0.402362 0.0913019 0.16481 0.297788 0.53868 0.975412 1.76863 3.21249 5.84602 10.657 19.4783 35.7137 65.6497 121.124 224.523 418.209 782.445 1473.94 2799.54 5347.55 10307.5 20098.2 39612.2 78729.2 158814 325012 -7.50156e+06 956659 1.38228e+06 2.03713e+06 3.05596e+06 4.6322e+06 7.08671e+06 1.09192e+07 1.6793e+07 2.56784e+07 3.85742e+07 5.66529e+07 8.25955e+07 1.20053e+08 
0.300903 0.0682914 0.1233 0.22284 0.403215 0.730364 1.32482 2.40742 4.38319 7.99525 14.6235 26.8335 49.3735 91.1962 169.263 315.748 591.816 1117.16 2126.9 4074.61 7880.78 15426.9 30547.2 61059.2 123980 256613 534046 -9.7898e+06 1.6509e+06 2.46656e+06 3.75697e+06 5.78604e+06 8.99792e+06 1.40815e+07 2.19652e+07 3.40121e+07 5.15968e+07 7.62413e+07 1.11601e+08 1.62578e+08 
0.213898 0.0485545 0.0876852 0.158514 0.286905 0.519868 0.943381 1.71508 3.12433 5.7027 10.4381 19.1695 35.3078 65.2935 121.351 226.73 425.787 805.528 1537.48 2954.67 5735.74 11275.5 22439.6 45131.9 92300.4 192622 405037 866556 -1.29016e+07 2.84674e+06 4.46144e+06 7.00148e+06 1.11035e+07 1.77093e+07 2.81067e+07 4.41971e+07 6.78588e+07 1.01025e+08 1.48606e+08 2.17065e+08 
0.141726 0.0321779 0.0581246 0.105104 0.190294 0.344938 0.626213 1.13902 2.07611 3.79204 6.94627 12.7681 23.5428 43.5917 81.1334 151.844 285.741 541.86 1037.02 1999.62 3897.14 7696.24 15400.4 31185.2 64284.7 135390 288031 624729 1.37363e+06 -1.71818e+07 4.96261e+06 7.97086e+06 1.29559e+07 2.11746e+07 3.43697e+07 5.51409e+07 8.59991e+07 1.29298e+08 1.91416e+08 2.80533e+08 
0.0854969 0.0194154 0.0350795 0.0634503 0.114915 0.20838 0.378467 0.688741 1.2561 2.29589 4.20897 7.74364 14.294 26.5008 49.3963 92.6065 174.635 331.97 637.095 1232.75 2412.43 4786.9 9633.65 19647.8 40844.5 86870.4 187178 412213 932572 2.14978e+06 -2.29999e+07 8.22448e+06 1.37957e+07 2.33002e+07 3.90027e+07 6.43466e+07 1.0259e+08 1.56424e+08 2.33688e+08 3.44048e+08 
0.0458322 0.0104101 0.0188134 0.0340382 0.0616654 0.111863 0.203258 0.370075 0.675318 1.23519 2.26623 4.17314 7.71167 14.3156 26.7225 50.1843 94.8346 180.711 347.769 675.251 1326.87 2645.43 5354.61 10999.9 23063 49544.5 108162 242019 557931 1.31636e+06 3.13539e+06 -3.13356e+07 1.33085e+07 2.34013e+07 4.07189e+07 6.96325e+07 1.14262e+08 1.77507e+08 2.68423e+08 3.97564e+08 
0.0215466 0.00489493 0.00884834 0.0160132 0.0290193 0.0526613 0.095728 0.174378 0.318387 0.582743 1.07 1.97208 3.6482 6.78084 12.6758 23.845 45.1534 86.2465 166.429 324.257 639.754 1281.53 2608.76 5397.82 11414.6 24768.6 54799.2 124638 293017 708558 1.74168e+06 4.40727e+06 -4.389e+07 2.12856e+07 3.89057e+07 6.95862e+07 1.18451e+08 1.88511e+08 2.89585e+08 4.32234e+08 
0.00884561 0.0020099 0.003634 0.00657825 0.0119245 0.0216467 0.039365 0.0717395 0.131053 0.240016 0.441019 0.813487 1.50638 2.80311 5.24692 9.88549 18.7548 35.9013 69.4519 135.739 268.808 540.801 1106.66 2305.03 4913.04 10760.6 24106.9 55690 133430 330631 839856 2.21259e+06 6.07724e+06 -6.19322e+07 3.17031e+07 6.05686e+07 1.09282e+08 1.81091e+08 2.85848e+08 4.32615e+08 
0.00312115 0.000709307 0.00128272 0.00232251 0.00421116 0.00764696 0.0139113 0.0253626 0.0463542 0.0849444 0.156185 0.288308 0.534364 0.99542 1.86551 3.51974 6.68929 12.8307 24.8782 48.7628 96.8956 195.712 402.408 843.239 1810.28 3998.62 9060.41 21229.2 51752.5 131152 343565 940865 2.71459e+06 7.74768e+06 -8.84679e+07 4.60453e+07 8.99118e+07 1.58195e+08 2.60575e+08 4.03838e+08 
0.00093284 0.000212028 0.000383505 0.000694521 0.00125959 0.00228792 0.00416351 0.00759361 0.0138845 0.0254567 0.0468344 0.0865117 0.160476 0.299223 0.561383 1.06054 2.0187 3.879 7.5367 14.8103 29.5188 59.8331 123.548 260.285 562.36 1251.52 2864.49 6796.57 16825.7 43504.2 117192 332661 1.00386e+06 3.06038e+06 9.52015e+06 -1.27701e+08 6.46265e+07 1.24847e+08 2.19168e+08 3.53282e+08 
0.000230301 5.23519e-05 9.4705e-05 0.000171537 0.000311159 0.000565312 0.00102901 0.0018773 0.0034337 0.00629813 0.0115925 0.0214246 0.0397675 0.0742057 0.139339 0.263496 0.502168 0.966293 1.88048 3.70276 7.39764 15.0362 31.1516 65.905 143.105 320.355 739.026 1770.78 4436.81 11652.9 32089.5 93751.1 293475 948336 3.1927e+06 1.10993e+07 -1.82098e+08 8.31955e+07 1.62449e+08 2.82106e+08 
4.57882e-05 1.04093e-05 1.88322e-05 3.41139e-05 6.1888e-05 0.000112453 0.000204726 0.000373567 0.000683423 0.00125386 0.00230856 0.00426798 0.00792523 0.0147953 0.0277966 0.0525974 0.100316 0.193202 0.376361 0.742001 1.48461 3.02272 6.27529 13.3105 28.9913 65.1355 150.992 364 918.886 2437.27 6806.6 20261 64974 218615 781458 2.98285e+06 1.15736e+07 -2.48847e+08 9.78565e+07 1.99294e+08 
7.15284e-06 1.62619e-06 2.94225e-06 5.33018e-06 9.67058e-06 1.75737e-05 3.19975e-05 5.83939e-05 0.000106845 0.000196064 0.00036106 0.000667675 0.00124017 0.00231601 0.00435286 0.00824028 0.0157248 0.0303036 0.059074 0.116568 0.233471 0.475922 0.989437 2.10242 4.5888 10.335 24.0353 58.1752 147.581 393.958 1110.25 3345.21 10897.8 37677.1 140542 571730 2.46744e+06 1.06844e+07 -3.29178e+08 1.19787e+08 
8.47644e-07 1.92719e-07 3.487e-07 6.3174e-07 1.14624e-06 2.08314e-06 3.79322e-06 6.92314e-06 1.26689e-05 2.32509e-05 4.28241e-05 7.92043e-05 0.000147148 0.000274865 0.00051674 0.000978537 0.00186804 0.00360151 0.00702424 0.0138689 0.027797 0.056708 0.118005 0.251028 0.548614 1.23744 2.88325 6.9944 17.791 47.651 134.904 408.91 1342.45 4706.1 17976.1 76059.5 353639 1.79586e+06 9.88611e+06 -4.18364e+08 
dt_FE: 4.9319e-07
dt_EA: 4.9319e-07
dt_PE: 4.9319e-07
tolC: 1e-06
dt_grow: 1.03
dt_max: 0.1
steps: 0
