t: 1.87665e-06
dt: 3.18748e-08
N: 0.797477 0.83282 0.862516 0.886273 0.904194 0.91676 0.924808 0.929311 0.931218 0.93134 0.93028 0.928403 0.925874 0.922721 0.918872 0.91418 0.908437 0.901356 0.892553 0.881507 0.867506 0.849576 0.826381 0.796111 0.756382 0.704251 0.636573 0.551084 0.448583 0.335671 0.2255 0.133314 0.0684645 0.0303133 0.0114882 0.00368348 0.000981047 0.000211645 3.58357e-05 4.58649e-06 
eC: 1 1.15749 1.33977 1.55077 1.795 2.07768 2.40489 2.78363 3.22201 3.72944 4.31677 4.99661 5.78351 6.69433 7.7486 8.9689 10.3814 12.0163 13.9087 16.0991 18.6345 21.5692 24.9661 28.8979 33.4489 38.7167 44.814 51.8717 60.0407 69.4963 80.4411 93.1095 107.773 124.746 144.391 167.131 193.452 223.918 259.182 300 
dV: 1.08333 0.211322 0.327712 0.508206 0.788112 1.22218 1.89532 2.93921 4.55805 7.06849 10.9616 16.999 26.3615 40.8807 63.3966 98.3136 152.462 236.434 366.655 568.597 881.764 1367.42 2120.55 3288.49 5099.69 7908.45 12264.2 19019 29494.1 45738.6 70930.1 109996 170579 264529 410225 636165 986546 1.52991e+06 2.37254e+06 3.67926e+06 
kVec: 1.03008e+06 1.19338e+06 1.37488e+06 1.58371e+06 1.82368e+06 2.09841e+06 2.41263e+06 2.77156e+06 3.18053e+06 3.64377e+06 4.16864e+06 4.76184e+06 5.42519e+06 6.16589e+06 6.99004e+06 7.89976e+06 8.88626e+06 9.95714e+06 1.11116e+07 1.23082e+07 1.35478e+07 1.48183e+07 1.60891e+07 1.72809e+07 1.84372e+07 1.96007e+07 2.06412e+07 2.18077e+07 2.33971e+07 2.58634e+07 2.96964e+07 3.61556e+07 4.71157e+07 6.38683e+07 8.9496e+07 1.28173e+08 1.82276e+08 2.48899e+08 3.2919e+08 4.18366e+08 
cMat: 
-61292.7 194.449 228.488 266.149 310.262 362.201 423.391 495.542 580.955 682.793 804.072 948.89 1124.12 1336.2 1593.5 1908.78 2300.72 2786.83 3393.26 4171.12 5166.61 6447.38 8127.33 10376.2 13376.2 17416.4 23064.4 30897.9 41844 57458.4 80014.6 112514 159725 229669 331603 479350 689062 984795 1.409e+06 2.02315e+06 
816.373 -72125.2 217.389 253.222 295.194 344.614 402.837 471.492 552.767 649.674 765.086 902.901 1069.66 1271.51 1516.4 1816.5 2189.59 2652.37 3229.73 3970.39 4918.37 6138.15 7738.34 9880.79 12739.2 16589.4 21972.9 29441 39878.5 54770.3 76286.6 107293 152344 219095 316389 457427 657624 939935 1.34489e+06 1.93117e+06 
504.058 114.227 -83503.3 239.801 279.552 326.357 381.501 446.525 523.505 615.295 724.616 855.164 1013.14 1204.37 1436.38 1720.73 2074.27 2512.83 3060.03 3762.1 4660.8 5817.34 7334.81 9366.91 12078.6 15731.9 20841.3 27930.8 37841.5 51985.2 72425.1 101887 144702 208150 300645 434743 625102 893533 1.27858e+06 1.83604e+06 
309.878 70.2236 126.561 -96874.3 266.108 310.666 363.164 425.07 498.361 585.756 689.847 814.155 964.591 1146.7 1367.67 1638.5 1975.27 2393.07 2914.43 3583.44 4439.96 5542.39 6989.14 8926.94 11513.4 14998.7 19874.5 26641.7 36104.3 49612.1 69138.2 97289.7 138210 198861 287295 415525 597565 854259 1.22247e+06 1.75557e+06 
193.834 43.9264 79.1675 142.789 -112606 298.263 351.804 411.782 482.792 567.472 668.333 788.79 934.578 1111.07 1325.24 1587.77 1914.25 2319.34 2824.89 3473.72 4304.55 5374.12 6778.02 8658.9 11170 14554.6 19291 25866.7 35064.3 48197.8 67188.3 94575.3 134395 193426 279515 404368 581627 831570 1.1901e+06 1.70919e+06 
124.985 28.3242 51.0487 92.074 164.743 -131099 351.018 410.871 481.737 566.249 666.916 787.15 932.679 1108.87 1322.71 1584.84 1910.89 2315.49 2820.52 3468.81 4299.11 5368.22 6771.89 8653.01 11165.1 14552.3 19293.9 25879.2 35093.6 48256.1 67295 94760.9 134708 193943 280350 405690 583658 834590 1.19455e+06 1.7157e+06 
83.7113 18.9709 34.1917 61.6708 111.338 201.124 -152892 425.694 499.132 586.717 691.051 815.674 966.53 1149.19 1370.9 1642.73 1980.88 2400.57 2924.53 3597.27 4459.1 5569.09 7026.86 8981.14 11591.9 15113.2 20044.9 26896.8 36488.5 50195.8 70030.8 98656.4 140306 202082 292222 423008 608728 870580 1.24621e+06 1.79005e+06 
58.2737 13.2063 23.8024 42.9326 77.5101 140.02 253.19 -178643 531.958 631.931 744.34 878.619 1041.18 1238.04 1477.02 1770.05 2134.65 2587.26 3152.41 3878.25 4808.34 6006.59 7580.8 9691.99 12513.4 16320.6 21655 29070.1 39455.1 54303.5 75799.5 106836 152012 219040 316876 458866 660523 944827 1.35267e+06 1.94316e+06 
41.9296 9.50249 17.1271 30.8928 55.7749 100.758 182.201 326.486 -209142 703.325 828.479 977.995 1159.03 1378.29 1644.49 1970.96 2377.26 2881.73 3511.79 4321.24 5358.79 6695.92 8453.26 10811.1 13963.6 18219.5 24186 32484.2 44112.5 60748.1 84844.2 119653 170345 245583 355444 514938 741486 1.06086e+06 1.51903e+06 2.18239e+06 
30.9208 7.00769 12.6308 22.7832 41.1345 74.3124 134.384 243.355 441.306 -245273 943.714 1114.11 1320.45 1570.41 1873.92 2246.24 2709.72 3285.32 4004.41 4928.6 6113.65 7641.48 9650.38 12347.2 15954.8 20828 27664.5 37179 50520.7 69620.7 97304.2 137320 195630 282213 408697 592395 853367 1.22125e+06 1.749e+06 2.51314e+06 
23.1479 5.24618 9.45601 17.057 30.797 55.639 100.62 182.22 330.46 599.922 -288350 1288.5 1527.3 1816.62 2168 2599.13 3135.98 3802.89 4636.32 5707.9 7082.54 8855.58 11188.1 14321.4 18515.3 24184.3 32143.3 43228.4 58784.4 81072.1 113400 160161 228347 329646 477705 692831 998513 1.42938e+06 2.04752e+06 2.94252e+06 
17.4806 3.96185 7.14124 12.882 23.2596 42.0233 76.0002 137.641 249.631 453.216 824.535 -339959 1769.48 2120.84 2531.43 3035.35 3663.03 4443.03 5418.14 6672.47 8282.32 10359.8 13094.5 16770.4 21694.2 28354.5 37713.7 50759.9 69084 95361.2 133507 188729 269315 389104 564289 818957 1.18091e+06 1.69104e+06 2.42291e+06 3.4826e+06 
13.2882 3.01174 5.42885 9.79336 17.6835 31.9505 57.7866 104.662 189.832 344.679 627.135 1135.43 -401753 2486.53 2968.44 3560.08 4297.3 5213.81 6360.04 7835.34 9729.89 12176.3 15398.9 19734.3 25546.3 33415.3 44484.8 59930.9 81649 112827 158135 223788 319688 462340 671112 974788 1.40651e+06 2.01492e+06 2.8878e+06 4.15168e+06 
10.1424 2.29884 4.14394 7.47576 13.4993 24.3919 44.1187 79.9128 144.955 263.222 478.981 873.853 1596.66 -476333 3492.95 4190.11 5059.22 6140.17 7492.72 9234.74 11473.3 14365.9 18179.5 23315.1 30206.5 39546.7 52701.8 71080.6 96954.4 134146 188256 266757 381549 552442 802753 1.16711e+06 1.68527e+06 2.41539e+06 3.46293e+06 4.97973e+06 
7.76473 1.75998 3.17271 5.7239 10.3364 18.6781 33.7863 61.2025 111.027 201.635 366.959 669.578 1223.63 2242.32 -567022 4893.98 5977.58 7257.34 8859.56 10924.7 13580.4 17014.9 21547.2 27657.3 35865.5 47003.7 62713.5 84691.5 115676 160280 225263 319660 457875 663827 965780 1.40566e+06 2.03147e+06 2.91313e+06 4.17813e+06 6.00984e+06 
5.9663 1.35239 2.43807 4.39877 7.94396 14.3558 25.9701 47.0483 85.3592 155.04 282.203 515.013 941.36 1725.46 3139.32 -677922 7083.28 8603.33 10507.6 12964.2 16126.1 20219 25626.2 32925.1 42743.1 56084.1 74932.1 101343 138639 192421 270901 385082 552514 802274 1.16887e+06 1.70342e+06 2.46425e+06 3.53596e+06 5.07369e+06 7.30032e+06 
4.60789 1.04453 1.88316 3.39782 6.13673 11.0909 20.0657 36.3559 65.9686 119.84 218.17 398.234 728.083 1334.91 2456.91 4538.61 -813634 10216.3 12484.6 15413.8 19188.1 24079.1 30549.3 39296.6 51081.3 67121.8 89829.1 121711 166824 232014 327332 466274 670385 975271 1.42339e+06 2.07757e+06 3.00919e+06 4.32118e+06 6.20376e+06 8.92974e+06 
3.57099 0.809522 1.45957 2.63371 4.75708 8.5983 15.5579 28.192 51.1626 92.9593 169.268 309.041 565.17 1036.54 1908.44 3526.91 6536.34 -982199 14894.3 18403 22929.3 28802.5 36583.6 47121.8 61344.9 80741.6 108263 146992 201922 281493 398103 568457 819245 1.19443e+06 1.74675e+06 2.55413e+06 3.70466e+06 5.32452e+06 7.649e+06 1.10148e+07 
2.77636 0.629421 1.13493 2.04808 3.69964 6.68773 12.1024 21.9336 39.8115 72.3495 131.77 240.64 440.215 807.657 1487.63 2750.5 5100.3 9510.43 -1.1939e+06 21954.4 27541.2 34634.3 44047.7 56822.2 74098.4 97710.4 131301 178693 246090 343992 487845 698529 1.00945e+06 1.47542e+06 2.16263e+06 3.16873e+06 4.6035e+06 6.62301e+06 9.52109e+06 1.37174e+07 
2.17345 0.492773 0.888608 1.60373 2.89729 5.23804 9.48043 17.1847 31.198 56.7098 103.313 188.731 345.383 633.943 1168.23 2161.18 4010.23 7483.55 13981.7 -1.45843e+06 33108.8 41692.5 53107.8 68637.1 89691.4 118545 159726 218014 301184 422422 601158 863768 1.25251e+06 1.83644e+06 2.69954e+06 3.96558e+06 5.77277e+06 8.3156e+06 1.19648e+07 1.72485e+07 
1.70843 0.387374 0.698613 1.26097 2.27835 4.11967 7.45757 13.5206 24.5517 44.6407 81.3514 148.663 272.174 499.814 921.572 1705.97 3168 5917.06 11130.5 21010.7 -1.79499e+06 50381.6 64292.4 83270.5 109075 144549 195375 267587 371029 522446 746562 1.0771e+06 1.5682e+06 2.30786e+06 3.40408e+06 5.01575e+06 7.31893e+06 1.05584e+07 1.52075e+07 2.19384e+07 
1.34634 0.3053 0.550656 0.99404 1.7963 3.24858 5.88185 10.6662 19.3733 35.2361 64.2352 117.431 215.096 395.215 729.164 1350.77 2510.58 4693.8 8839.33 16708.3 31816.4 -2.22902e+06 77350.6 101582 133424 177356 240577 330791 460611 651559 935502 1.35614e+06 1.98379e+06 2.93213e+06 4.34203e+06 6.42036e+06 9.39445e+06 1.35757e+07 1.95767e+07 2.82638e+07 
1.06451 0.241416 0.435485 0.786247 1.42103 2.57041 4.655 8.44353 15.3408 27.9115 50.9029 93.0997 170.622 313.698 579.183 1073.83 1997.85 3739.47 7051.24 13349.4 25466.4 48516.8 -2.79336e+06 124205 163663 218329 297409 410843 574966 817780 1.18089e+06 1.72173e+06 2.53297e+06 3.76348e+06 5.59979e+06 8.31541e+06 1.2208e+07 1.76777e+07 2.55282e+07 3.68906e+07 
0.844277 0.191493 0.345482 0.623853 1.12774 2.04035 3.69602 6.70605 12.1881 22.1846 40.4775 74.0709 135.835 249.925 461.826 857.082 1596.47 2992.2 5650.73 10717.9 20490.1 39581.1 77158.7 -3.52338e+06 200172 268184 367202 510151 718382 1.02872e+06 1.49616e+06 2.1972e+06 3.25581e+06 4.86963e+06 7.28954e+06 1.08828e+07 1.60445e+07 2.32934e+07 3.36974e+07 4.87508e+07 
0.666802 0.15126 0.272939 0.492948 0.891283 1.61295 2.92264 5.30455 9.64455 17.5628 32.0612 58.7039 107.731 198.378 366.915 681.679 1271.42 2386.52 4514.55 8580.62 16443.6 31851.3 62289.2 122637 -4.49164e+06 329497 453812 634628 900106 1.2992e+06 1.90553e+06 2.82238e+06 4.21813e+06 6.359e+06 9.58769e+06 1.44054e+07 2.13442e+07 3.10831e+07 4.50604e+07 6.52748e+07 
0.521267 0.118263 0.213436 0.385559 0.697274 1.26219 2.2878 4.15381 7.55543 13.7653 25.1431 46.0664 84.6048 155.934 288.708 537.023 1003.06 1885.92 3574.25 6809.07 13083.6 25420.1 49890 98648.6 197829 -5.79688e+06 557605 788649 1.12781e+06 1.64283e+06 2.43329e+06 3.64027e+06 5.4954e+06 8.36208e+06 1.2715e+07 1.9248e+07 2.86877e+07 4.19288e+07 6.09316e+07 8.83975e+07 
0.402362 0.0913018 0.16481 0.297787 0.53868 0.975411 1.76863 3.21249 5.84602 10.657 19.4782 35.7137 65.6497 121.124 224.523 418.208 782.444 1473.94 2799.54 5347.55 10307.5 20098.2 39612.2 78729.1 158813 325012 -7.50156e+06 956658 1.38228e+06 2.03713e+06 3.05596e+06 4.63219e+06 7.08671e+06 1.09192e+07 1.6793e+07 2.56784e+07 3.85742e+07 5.66529e+07 8.25955e+07 1.20053e+08 
0.300903 0.0682914 0.1233 0.22284 0.403215 0.730363 1.32481 2.40742 4.38319 7.99525 14.6234 26.8335 49.3735 91.1961 169.263 315.748 591.816 1117.16 2126.9 4074.6 7880.77 15426.9 30547.2 61059.1 123980 256613 534046 -9.7898e+06 1.65089e+06 2.46656e+06 3.75697e+06 5.78604e+06 8.99792e+06 1.40815e+07 2.19652e+07 3.4012e+07 5.15968e+07 7.62412e+07 1.11601e+08 1.62578e+08 
0.213898 0.0485544 0.0876851 0.158514 0.286905 0.519868 0.94338 1.71508 3.12433 5.7027 10.438 19.1695 35.3078 65.2934 121.351 226.73 425.787 805.528 1537.48 2954.67 5735.73 11275.5 22439.6 45131.9 92300.3 192622 405036 866555 -1.29016e+07 2.84674e+06 4.46143e+06 7.00147e+06 1.11035e+07 1.77093e+07 2.81066e+07 4.41971e+07 6.78588e+07 1.01025e+08 1.48605e+08 2.17064e+08 
0.141726 0.0321779 0.0581245 0.105104 0.190293 0.344937 0.626212 1.13902 2.07611 3.79204 6.94626 12.7681 23.5428 43.5916 81.1334 151.844 285.741 541.859 1037.02 1999.62 3897.14 7696.23 15400.4 31185.1 64284.7 135390 288031 624728 1.37363e+06 -1.71818e+07 4.9626e+06 7.97086e+06 1.29559e+07 2.11746e+07 3.43696e+07 5.51408e+07 8.59991e+07 1.29298e+08 1.91416e+08 2.80533e+08 
0.0854969 0.0194154 0.0350795 0.0634503 0.114914 0.20838 0.378467 0.68874 1.2561 2.29589 4.20897 7.74363 14.294 26.5008 49.3963 92.6064 174.635 331.97 637.095 1232.74 2412.43 4786.89 9633.65 19647.8 40844.4 86870.4 187178 412213 932571 2.14978e+06 -2.29999e+07 8.22447e+06 1.37957e+07 2.33002e+07 3.90026e+07 6.43465e+07 1.0259e+08 1.56424e+08 2.33688e+08 3.44048e+08 
0.0458322 0.0104101 0.0188134 0.0340381 0.0616654 0.111863 0.203258 0.370075 0.675318 1.23519 2.26623 4.17314 7.71166 14.3156 26.7225 50.1843 94.8345 180.711 347.769 675.251 1326.87 2645.43 5354.61 10999.9 23063 49544.5 108162 242019 557931 1.31636e+06 3.13539e+06 -3.13356e+07 1.33085e+07 2.34013e+07 4.07189e+07 6.96325e+07 1.14262e+08 1.77507e+08 2.68423e+08 3.97563e+08 
0.0215466 0.00489493 0.00884834 0.0160132 0.0290193 0.0526612 0.095728 0.174378 0.318386 0.582743 1.07 1.97208 3.6482 6.78084 12.6758 23.845 45.1534 86.2464 166.429 324.257 639.753 1281.53 2608.76 5397.82 11414.6 24768.6 54799.2 124638 293017 708558 1.74168e+06 4.40727e+06 -4.389e+07 2.12856e+07 3.89057e+07 6.95862e+07 1.18451e+08 1.88511e+08 2.89585e+08 4.32234e+08 
0.00884561 0.0020099 0.003634 0.00657825 0.0119245 0.0216467 0.039365 0.0717395 0.131053 0.240016 0.441019 0.813487 1.50638 2.80311 5.24692 9.88549 18.7548 35.9013 69.4519 135.739 268.808 540.801 1106.66 2305.03 4913.04 10760.6 24106.9 55690 133430 330631 839855 2.21259e+06 6.07724e+06 -6.19322e+07 3.17031e+07 6.05686e+07 1.09282e+08 1.81091e+08 2.85848e+08 4.32615e+08 
0.00312115 0.000709307 0.00128272 0.00232251 0.00421116 0.00764696 0.0139112 0.0253626 0.0463542 0.0849444 0.156185 0.288308 0.534364 0.99542 1.86551 3.51974 6.68929 12.8307 24.8782 48.7628 96.8956 195.712 402.408 843.239 1810.28 3998.62 9060.41 21229.2 51752.5 131152 343565 940865 2.71459e+06 7.74768e+06 -8.84679e+07 4.60453e+07 8.99118e+07 1.58195e+08 2.60575e+08 4.03838e+08 
0.00093284 0.000212028 0.000383505 0.000694521 0.00125959 0.00228792 0.00416351 0.00759361 0.0138845 0.0254567 0.0468344 0.0865117 0.160476 0.299223 0.561383 1.06054 2.0187 3.879 7.5367 14.8103 29.5188 59.8331 123.548 260.285 562.36 1251.52 2864.49 6796.57 16825.7 43504.2 117192 332661 1.00386e+06 3.06038e+06 9.52015e+06 -1.27701e+08 6.46265e+07 1.24847e+08 2.19168e+08 3.53282e+08 
0.000230301 5.23519e-05 9.4705e-05 0.000171537 0.000311159 0.000565312 0.00102901 0.0018773 0.0034337 0.00629813 0.0115925 0.0214246 0.0397675 0.0742057 0.139339 0.263496 0.502168 0.966293 1.88048 3.70276 7.39764 15.0362 31.1516 65.905 143.105 320.355 739.026 1770.78 4436.81 11652.9 32089.5 93751.1 293475 948336 3.1927e+06 1.10993e+07 -1.82097e+08 8.31955e+07 1.62449e+08 2.82106e+08 
4.57882e-05 1.04093e-05 1.88322e-05 3.41139e-05 6.1888e-05 0.000112453 0.000204726 0.000373567 0.000683423 0.00125386 0.00230856 0.00426798 0.00792523 0.0147953 0.0277966 0.0525974 0.100316 0.193202 0.376361 0.742001 1.48461 3.02272 6.27529 13.3105 28.9913 65.1355 150.992 364 918.886 2437.27 6806.6 20261 64974 218615 781458 2.98285e+06 1.15736e+07 -2.48846e+08 9.78565e+07 1.99294e+08 
7.15284e-06 1.62619e-06 2.94225e-06 5.33018e-06 9.67058e-06 1.75737e-05 3.19975e-05 5.83939e-05 0.000106845 0.000196064 0.00036106 0.000667675 0.00124017 0.00231601 0.00435286 0.00824028 0.0157248 0.0303036 0.059074 0.116568 0.233471 0.475922 0.989437 2.10242 4.5888 10.335 24.0353 58.1752 147.581 393.958 1110.25 3345.21 10897.8 37677.1 140542 571730 2.46744e+06 1.06844e+07 -3.29178e+08 1.19787e+08 
8.47644e-07 1.92719e-07 3.487e-07 6.3174e-07 1.14624e-06 2.08314e-06 3.79322e-06 6.92314e-06 1.26689e-05 2.32509e-05 4.28241e-05 7.92043e-05 0.000147148 0.000274865 0.00051674 0.000978537 0.00186804 0.00360151 0.00702424 0.0138689 0.027797 0.056708 0.118005 0.251028 0.548614 1.23744 2.88325 6.9944 17.791 47.651 134.904 408.91 1342.45 4706.1 17976.1 76059.5 353639 1.79586e+06 9.88611e+06 -4.18364e+08 
dt_FE: 3.18748e-08
dt_EA: 3.18748e-08
dt_PE: 3.18748e-08
tolC: 1e-06
dt_grow: 1.03
dt_max: 0.1
steps: 0
