t: 2.87457e-08
dt: 2.39022e-09
N: 0.0187014 0.0215614 0.0248411 0.0286007 0.0329049 0.0378156 0.043411 0.0497762 0.0569928 0.0651292 0.0742924 0.0845752 0.0959925 0.108629 0.122547 0.137708 0.153949 0.171279 0.189556 0.20807 0.226605 0.244735 0.261455 0.27528 0.285763 0.291847 0.289936 0.279825 0.260683 0.230597 0.193396 0.245733 0.149932 0.0416039 0.0165595 0.00545422 0.00146589 0.000316792 5.36475e-05 6.86467e-06 
eC: 1 1.15749 1.33977 1.55077 1.795 2.07768 2.40489 2.78363 3.22201 3.72944 4.31677 4.99661 5.78351 6.69433 7.7486 8.9689 10.3814 12.0163 13.9087 16.0991 18.6345 21.5692 24.9661 28.8979 33.4489 38.7167 44.814 51.8717 60.0407 69.4963 80.4411 93.1095 107.773 124.746 144.391 167.131 193.452 223.918 259.182 300 
dV: 1.08333 0.211322 0.327712 0.508206 0.788112 1.22218 1.89532 2.93921 4.55805 7.06849 10.9616 16.999 26.3615 40.8807 63.3966 98.3136 152.462 236.434 366.655 568.597 881.764 1367.42 2120.55 3288.49 5099.69 7908.45 12264.2 19019 29494.1 45738.6 70930.1 109996 170579 264529 410225 636165 986546 1.52991e+06 2.37254e+06 3.67926e+06 
kVec: 889274 1.03214e+06 1.19059e+06 1.37349e+06 1.58441e+06 1.82695e+06 2.10569e+06 2.42583e+06 2.79297e+06 3.2121e+06 3.6911e+06 4.23784e+06 4.85694e+06 5.55803e+06 6.35062e+06 7.24249e+06 8.23326e+06 9.33745e+06 1.05646e+07 1.18907e+07 1.33291e+07 1.48829e+07 1.65379e+07 1.82322e+07 2.00072e+07 2.1899e+07 2.37366e+07 2.56999e+07 2.79821e+07 3.08659e+07 3.46551e+07 4.04829e+07 5.0353e+07 6.59265e+07 9.05467e+07 1.28399e+08 1.81885e+08 2.48143e+08 3.28241e+08 4.17357e+08 
cMat: 
-170219 942.177 1107.11 1289.59 1503.33 1755 2051.49 2401.08 2814.94 3308.38 3896.03 4597.72 5446.77 6474.38 7721.07 9248.72 11147.8 13503.2 16441.6 20210.6 25034.1 31239.9 39379.9 50276.7 64812.6 84388.8 111755 149712 202750 278407 387700 545171 773927 1.11283e+06 1.60674e+06 2.32263e+06 3.33876e+06 4.7717e+06 6.82712e+06 9.80291e+06 
4777.9 -201673 1272.29 1482 1727.65 2016.89 2357.65 2759.45 3235.12 3802.28 4477.74 5284.32 6260.32 7441.64 8874.89 10631.2 12814.8 15523.3 18902.3 23237.1 28785.2 35924.1 45289.4 57828.3 74557.5 97091.2 128599 172306 233393 320548 446475 627944 891606 1.28227e+06 1.8517e+06 2.67713e+06 3.84881e+06 5.50106e+06 7.87109e+06 1.13024e+07 
3575.22 810.2 -232030 1700.88 1982.83 2314.81 2705.93 3167.14 3713.15 4364.21 5139.61 6065.57 7186.09 8542.41 10188.1 12204.9 14712.5 17823.2 21704.4 26684.1 33058.4 41261.7 52024.9 66438.3 85672 111585 147825 198110 268405 368724 513702 722670 1.02635e+06 1.47638e+06 2.13243e+06 3.08358e+06 4.43377e+06 6.33771e+06 9.06879e+06 1.30228e+07 
2646.81 599.812 1081.02 -267486 2272.96 2653.54 3101.95 3630.72 4256.74 5003.22 5892.3 6954.08 8239.02 9794.49 11681.9 13995.2 16871.7 20440.4 24893.5 30607.9 37923.8 47340.2 59697.5 76249.1 98341 128111 169757 227559 308383 423760 590541 830996 1.18052e+06 1.69857e+06 2.45392e+06 3.54919e+06 5.10409e+06 7.29662e+06 1.04417e+07 1.49951e+07 
1956.63 443.409 799.145 1441.36 -308809 3010.78 3551.24 4156.67 4873.48 5728.26 6746.39 7962.33 9433.96 11215.5 13377.5 16027.5 19323.1 23412.2 28515.4 35065 43451.7 54248.3 68419.8 87406 112754 146920 194731 261107 353951 486526 678223 954677 1.35663e+06 1.95251e+06 2.82153e+06 4.08183e+06 5.87115e+06 8.39417e+06 1.20133e+07 1.72532e+07 
1444.73 327.406 590.083 1064.3 1904.3 -356815 4057.5 4749.35 5568.5 6545.4 7709.04 9098.84 10781 12817.7 15289.5 18319.6 22088.4 26765.3 32603 40096.7 49694.4 62052.5 78277.8 100022 129060 168213 223023 299143 405655 557803 777878 1.09536e+06 1.55712e+06 2.24183e+06 3.24063e+06 4.68946e+06 6.74664e+06 9.64721e+06 1.3808e+07 1.98322e+07 
1064.98 241.349 434.988 784.579 1416.45 2558.71 -412543 5415.7 6349.97 7464.23 8791.58 10377 12296.2 14620.1 17440.7 20898.9 25200.9 30540.2 37205.9 45764.6 56728.9 70850.2 89395.9 114258 147472 192271 255011 342182 464208 638593 890935 1.25511e+06 1.78498e+06 2.57089e+06 3.71766e+06 5.38152e+06 7.74426e+06 1.10755e+07 1.58543e+07 2.27731e+07 
783.335 177.524 319.96 577.115 1041.92 1882.19 3403.47 -477173 7150.77 8494.64 10005.7 11810.7 13995.9 16642.2 19854.6 23793.6 28694.8 34778.8 42375.8 52132.8 64635.4 80742.7 101904 130283 168210 219387 291094 390771 530369 729967 1.01892e+06 1.43613e+06 2.0434e+06 2.94442e+06 4.25956e+06 6.16824e+06 8.87898e+06 1.27007e+07 1.8183e+07 2.61207e+07 
574.86 130.28 234.814 423.544 764.679 1381.4 2498 4476.15 -552265 9642.67 11358.5 13408.4 15890.4 18896.5 22546.1 27022.1 32592.5 39508.8 48147 59244.7 73469.6 91801.8 115895 148221 191442 249791 331592 445361 604787 832863 1.16322e+06 1.64045e+06 2.33544e+06 3.36697e+06 4.87317e+06 7.05986e+06 1.01659e+07 1.45446e+07 2.0826e+07 2.99208e+07 
421.015 95.416 171.979 310.213 560.083 1011.83 1829.76 3313.49 6008.78 -639131 12849.5 15169.6 17979.1 21382.5 25515.2 30584.6 36895.2 44732.5 54523.7 67107.3 83242.9 104046 131399 168118 217239 283591 376677 506225 687884 947948 1.32488e+06 1.86973e+06 2.66367e+06 3.84258e+06 5.56477e+06 8.06598e+06 1.16194e+07 1.66284e+07 2.38143e+07 3.42186e+07 
307.348 69.6566 125.553 226.476 408.91 738.752 1335.99 2419.44 4387.72 7965.51 -739968 17108.2 20278.8 24120.3 28785.8 34510.2 41638.2 50493.2 61559.2 75787.2 94039.1 117581 148552 190153 245839 321109 426786 573969 780515 1.07644e+06 1.50567e+06 2.12655e+06 3.0319e+06 4.37691e+06 6.34277e+06 9.19913e+06 1.32579e+07 1.89788e+07 2.71861e+07 3.90696e+07 
223.502 50.6551 91.3059 164.705 297.391 537.298 971.718 1759.85 3191.72 5794.7 10542.3 -857173 22624.1 27116.4 32366.2 38809.1 46834.4 56807.4 69274.9 85312.4 105895 132457 167422 214421 277376 362533 482198 649002 883290 1.21926e+06 1.70698e+06 2.41304e+06 3.44339e+06 4.97497e+06 7.21485e+06 1.0471e+07 1.50988e+07 2.16212e+07 3.09787e+07 4.45276e+07 
162.057 36.7299 66.2078 119.435 215.66 389.654 704.738 1276.41 2315.11 4203.54 7648.25 13847.2 -992968 30324.6 36201.7 43417.1 52408 63585.2 77564.1 95556.3 118661 148496 187797 240670 311551 407518 542516 730890 995754 1.37599e+06 1.92854e+06 2.72922e+06 3.89877e+06 5.63849e+06 8.18458e+06 1.18881e+07 1.71532e+07 2.4573e+07 3.52183e+07 5.0632e+07 
116.988 26.5159 47.7983 86.2292 155.708 281.348 508.887 921.753 1671.98 3036.13 5524.8 10079.5 18416.6 -1.15092e+06 40289.4 48330.8 58355.6 70823.7 86424.8 106518 132339 165703 209692 268927 348417 456151 607889 819879 1.11832e+06 1.54731e+06 2.17144e+06 3.07691e+06 4.40098e+06 6.37214e+06 9.25936e+06 1.3462e+07 1.94388e+07 2.78604e+07 3.99432e+07 5.74386e+07 
83.9803 19.0352 34.3147 61.9074 111.795 202.015 365.419 661.943 1200.82 2180.8 3968.89 7241.89 13234.3 24252 -1.33485e+06 52931.3 64651.2 78492.6 95821.6 118157 146880 184026 233046 299130 387908 508374 678285 915991 1.25111e+06 1.73352e+06 2.43635e+06 3.45732e+06 4.95219e+06 7.17969e+06 1.04455e+07 1.52031e+07 2.19716e+07 3.15073e+07 4.51891e+07 6.50001e+07 
59.9476 13.5884 24.497 44.1975 79.8184 144.243 260.94 472.727 857.663 1557.8 2835.49 5174.69 9458.49 17336.8 31543 -1.55055e+06 71170.6 86443.6 105577 130260 162030 203155 257485 330821 429469 563516 752894 1.01826e+06 1.393e+06 1.93338e+06 2.72193e+06 3.86919e+06 5.55149e+06 8.061e+06 1.17444e+07 1.71154e+07 2.47601e+07 3.55282e+07 5.09789e+07 7.33514e+07 
42.5772 9.6515 17.4005 31.3961 56.7039 102.481 185.409 335.931 609.555 1107.33 2015.91 3679.71 6727.54 12334.6 22702 41937.1 -1.80162e+06 94399.8 115359 142425 177299 222493 282278 363103 471995 620211 830027 1.12462e+06 1.54146e+06 2.14383e+06 3.02457e+06 4.3084e+06 6.19441e+06 9.01158e+06 1.31522e+07 1.91969e+07 2.78052e+07 3.9928e+07 5.73232e+07 8.25115e+07 
30.0004 6.80091 12.262 22.1262 39.9649 72.2355 130.704 236.845 429.824 780.963 1422.04 2596.3 4748.07 8708.12 16033.1 29630 54912.7 -2.09721e+06 125129 154606 192632 241974 307344 395877 515367 678321 909535 1.2349e+06 1.69638e+06 2.36486e+06 3.34452e+06 4.77568e+06 6.88259e+06 1.00346e+07 1.46747e+07 2.14576e+07 3.11233e+07 4.47321e+07 6.42603e+07 9.25369e+07 
20.9414 4.74757 8.56047 15.4482 27.9054 50.4439 91.2854 165.439 300.288 545.713 993.906 1815.09 3320.43 6091.95 11220.8 20746.3 38470.2 71734.8 -2.448e+06 165596 207736 261238 332241 428595 558906 737005 990373 1.34784e+06 1.85619e+06 2.59464e+06 3.67969e+06 5.26883e+06 7.61401e+06 1.11288e+07 1.63122e+07 2.39009e+07 3.47231e+07 4.99557e+07 7.18152e+07 1.03467e+08 
14.5259 3.29337 5.93887 10.7183 19.3636 35.0076 63.361 114.851 208.507 379.011 690.479 1261.35 2308.31 4236.86 7807.7 14443.9 26801.7 50015.1 93444.5 -2.8608e+06 221278 278645 354938 458726 599439 792274 1.06751e+06 1.45707e+06 2.01292e+06 2.82319e+06 4.01775e+06 5.77286e+06 8.37096e+06 1.22735e+07 1.80419e+07 2.65034e+07 3.85814e+07 5.5576e+07 7.99651e+07 1.15278e+08 
9.97249 2.26118 4.07795 7.36058 13.2992 24.0474 43.5315 78.9226 143.313 260.577 474.866 867.78 1588.74 2917.52 5379.41 9958.12 18492.3 34539.1 64971.3 122644 -3.35478e+06 294088 375288 486068 636696 843766 1.14045e+06 1.56196e+06 2.16577e+06 3.04963e+06 4.35784e+06 6.28726e+06 9.15389e+06 1.34715e+07 1.98704e+07 2.9278e+07 4.27221e+07 6.16314e+07 8.87693e+07 1.28059e+08 
6.75985 1.53288 2.76479 4.99099 9.01905 16.3108 29.5322 53.5538 97.2716 176.917 322.519 589.61 1079.98 1984.34 3661.07 6782.11 12605.4 23567.1 44381.5 83891 159747 -3.9508e+06 388370 510031 669912 890490 1.20792e+06 1.66087e+06 2.31269e+06 3.27142e+06 4.69707e+06 6.80905e+06 9.96043e+06 1.4722e+07 2.18009e+07 3.2236e+07 4.71687e+07 6.81623e+07 9.82928e+07 1.4191e+08 
4.52824 1.02694 1.85248 3.34456 6.04483 10.9341 19.8016 35.9174 65.257 118.731 216.532 396.031 725.798 1334.42 2463.75 4567.89 8498.53 15907.1 29994.8 56786.2 108330 206382 -4.68243e+06 528349 696193 928735 1.26513e+06 1.74766e+06 2.44581e+06 3.4787e+06 5.02332e+06 7.32393e+06 1.07748e+07 1.60092e+07 2.38206e+07 3.53724e+07 5.19306e+07 7.51981e+07 1.08593e+08 1.56926e+08 
3.00097 0.680661 1.22801 2.21748 4.00852 7.25239 13.1374 23.8365 43.3225 78.8548 143.877 263.284 482.824 888.355 1641.55 3046.48 5674.63 10635.7 20085.4 38096.4 72831.8 140690 274259 -5.57291e+06 711510 953258 1.30522e+06 1.81332e+06 2.55348e+06 3.65656e+06 5.31809e+06 7.8099e+06 1.15727e+07 1.7309e+07 2.59105e+07 3.86827e+07 5.70298e+07 8.27961e+07 1.19777e+08 1.73284e+08 
1.95492 0.443462 0.800197 1.44522 2.61305 4.72881 8.56854 15.5518 28.2758 51.4903 93.9965 172.107 315.843 581.601 1075.72 1998.54 3727.52 6996.77 13235.7 25156.5 48209.3 93381.3 182619 359547 -6.68741e+06 966014 1.33048e+06 1.86059e+06 2.63892e+06 3.80897e+06 5.58661e+06 8.27463e+06 1.23667e+07 1.86432e+07 2.81091e+07 4.22334e+07 6.25767e+07 9.11291e+07 1.32108e+08 1.91372e+08 
1.24814 0.283175 0.51106 0.923198 1.66958 3.02225 5.47799 9.94604 18.091 32.9603 60.2037 110.303 202.581 373.374 691.294 1285.87 2401.77 4515.71 8558.32 16303.9 31327.8 60866.9 119459 236208 473689 -8.11865e+06 1.33515e+06 1.88837e+06 2.70047e+06 3.93365e+06 5.82635e+06 8.7164e+06 1.31584e+07 2.00225e+07 3.04453e+07 4.60883e+07 6.86911e+07 1.00396e+08 1.45897e+08 2.11662e+08 
0.786135 0.178386 0.322006 0.581817 1.05247 1.90576 3.45554 6.27657 11.422 20.8217 38.0566 69.7774 128.266 236.652 438.673 817.096 1528.74 2879.78 5469.74 10448 20138.8 39267.9 77394.3 153821 310290 635009 -9.91426e+06 1.86912e+06 2.7007e+06 3.98014e+06 5.97074e+06 9.05039e+06 1.3846e+07 2.1334e+07 3.28101e+07 5.01705e+07 7.53663e+07 1.10688e+08 1.61375e+08 2.34559e+08 
0.482724 0.109557 0.197805 0.357491 0.646859 1.17169 2.12534 3.86211 7.03175 12.8264 23.4597 43.0477 79.2075 146.302 271.54 506.539 949.422 1792.2 3412.08 6536.69 12642.8 24748.7 49005.4 97954.2 198895 411672 856744 -1.22548e+07 2.64845e+06 3.95698e+06 6.02713e+06 9.28227e+06 1.44349e+07 2.25902e+07 3.52377e+07 5.45639e+07 8.27743e+07 1.2231e+08 1.79035e+08 2.60816e+08 
0.286786 0.0650997 0.117564 0.212528 0.38467 0.697017 1.26484 2.29951 4.18897 7.64593 13.9949 25.7016 47.3392 87.5426 162.702 303.99 570.877 1080.02 2061.38 3961.49 7690.23 15117.7 30086 60510.9 123752 258260 543056 1.16184e+06 -1.53695e+07 3.81678e+06 5.9817e+06 9.38728e+06 1.48871e+07 2.37439e+07 3.76842e+07 5.92576e+07 9.09822e+07 1.3545e+08 1.99244e+08 2.91031e+08 
0.164142 0.0372673 0.0673177 0.121728 0.220391 0.399494 0.725257 1.31918 2.40448 4.3918 8.04492 14.7876 27.2664 50.4863 93.9658 175.86 330.935 627.562 1201.04 2315.88 4513.52 8913.5 17836.2 36117.5 74452.2 156804 333587 723538 1.59089e+06 -1.96042e+07 5.74751e+06 9.23156e+06 1.5005e+07 2.45236e+07 3.98057e+07 6.38621e+07 9.96011e+07 1.49748e+08 2.21691e+08 3.24903e+08 
0.0890408 0.0202202 0.0365336 0.0660804 0.119678 0.217017 0.394155 0.717289 1.30817 2.39105 4.38344 8.06461 14.8865 27.5993 51.4438 96.4451 181.873 345.73 663.503 1283.84 2512.43 4985.31 10033 20462.2 42537.5 90471.2 194936 429300 971227 2.23889e+06 -2.53251e+07 8.56538e+06 1.43676e+07 2.4266e+07 4.06193e+07 6.70137e+07 1.06843e+08 1.62908e+08 2.43374e+08 3.58309e+08 
0.0398873 0.00905977 0.0163731 0.029623 0.0536667 0.097353 0.176893 0.322072 0.587722 1.07497 1.97228 3.63184 6.71138 12.4587 23.2563 43.6749 82.5335 157.271 302.659 587.663 1154.76 2302.29 4660.06 9573.07 20071.5 43118 94132.5 210626 485561 1.14561e+06 2.7287e+06 -3.42004e+07 1.15822e+07 2.03659e+07 3.54372e+07 6.06004e+07 9.94412e+07 1.54483e+08 2.33606e+08 3.45995e+08 
0.0196622 0.00446684 0.00807451 0.0146128 0.0264814 0.0480558 0.0873561 0.159128 0.290542 0.531779 0.976424 1.79961 3.32914 6.18783 11.5672 21.7597 41.2045 78.7038 151.874 295.899 583.804 1169.45 2380.61 4925.76 10416.3 22602.5 50006.8 113738 267391 646592 1.58936e+06 4.02183e+06 -4.61826e+07 1.94241e+07 3.55032e+07 6.35005e+07 1.08092e+08 1.72025e+08 2.6426e+08 3.94433e+08 
0.00874261 0.0019865 0.00359169 0.00650166 0.0117857 0.0213947 0.0389067 0.0709042 0.129527 0.237221 0.435884 0.804015 1.48884 2.77047 5.18583 9.77039 18.5364 35.4833 68.6432 134.159 265.678 534.504 1093.77 2278.19 4855.83 10635.3 23826.2 55041.5 131876 326782 830077 2.18683e+06 6.00648e+06 -6.29897e+07 3.13339e+07 5.98633e+07 1.0801e+08 1.78983e+08 2.8252e+08 4.27578e+08 
0.00310514 0.000705668 0.00127614 0.0023106 0.00418955 0.00760773 0.0138399 0.0252324 0.0461164 0.0845086 0.155384 0.286829 0.531623 0.990313 1.85594 3.50168 6.65498 12.7648 24.7506 48.5126 96.3985 194.708 400.344 838.913 1800.99 3978.1 9013.93 21120.3 51487 130479 341802 936038 2.70066e+06 7.70793e+06 -8.89977e+07 4.58091e+07 8.94505e+07 1.57384e+08 2.59238e+08 4.01766e+08 
0.000931182 0.000211651 0.000382823 0.000693287 0.00125735 0.00228385 0.00415611 0.00758011 0.0138598 0.0254115 0.0467512 0.0863579 0.160191 0.298691 0.560385 1.05865 2.01511 3.87211 7.5233 14.784 29.4663 59.7267 123.329 259.822 561.36 1249.3 2859.4 6784.49 16795.8 43426.9 116984 332070 1.00207e+06 3.05494e+06 9.50323e+06 -1.2769e+08 6.45116e+07 1.24625e+08 2.18778e+08 3.52654e+08 
0.000230189 5.23265e-05 9.4659e-05 0.000171454 0.000311008 0.000565038 0.00102851 0.00187639 0.00343204 0.00629507 0.0115868 0.0214142 0.0397482 0.0741696 0.139271 0.263368 0.501925 0.965824 1.87956 3.70096 7.39405 15.0289 31.1365 65.873 143.035 320.2 738.667 1769.92 4434.65 11647.3 32074 93705.6 293333 947876 3.19116e+06 1.10939e+07 -1.81616e+08 8.31551e+07 1.6237e+08 2.81969e+08 
4.57834e-05 1.04082e-05 1.88303e-05 3.41104e-05 6.18815e-05 0.000112442 0.000204705 0.000373528 0.000683351 0.00125373 0.00230831 0.00426753 0.0079244 0.0147938 0.0277937 0.0525919 0.100306 0.193181 0.376322 0.741923 1.48445 3.0224 6.27463 13.3091 28.9883 65.1287 150.976 363.961 918.79 2437.01 6805.88 20258.8 64967.1 218592 781375 2.98254e+06 1.15724e+07 -2.48064e+08 9.78462e+07 1.99274e+08 
7.15271e-06 1.62616e-06 2.94219e-06 5.33008e-06 9.67041e-06 1.75734e-05 3.19969e-05 5.83929e-05 0.000106843 0.00019606 0.000361054 0.000667663 0.00124015 0.00231597 0.00435278 0.00824013 0.0157245 0.0303031 0.059073 0.116566 0.233467 0.475913 0.989419 2.10238 4.58872 10.3348 24.0349 58.1741 147.578 393.951 1110.23 3345.15 10897.6 37676.5 140539 571720 2.46739e+06 1.06842e+07 -3.28223e+08 1.19784e+08 
8.47642e-07 1.92718e-07 3.48699e-07 6.31739e-07 1.14624e-06 2.08314e-06 3.79322e-06 6.92312e-06 1.26689e-05 2.32508e-05 4.2824e-05 7.92041e-05 0.000147148 0.000274864 0.000516739 0.000978535 0.00186803 0.0036015 0.00702422 0.0138688 0.027797 0.0567078 0.118005 0.251027 0.548613 1.23743 2.88325 6.99438 17.791 47.6509 134.903 408.909 1342.45 4706.09 17976.1 76059.3 353638 1.79586e+06 9.88609e+06 -4.17355e+08 
dt_FE: 2.39022e-09
dt_EA: 2.39022e-09
dt_PE: 2.39022e-09
tolC: 1e-06
dt_grow: 1.03
dt_max: 0.1
steps: 0
