t
0.0020709628908150323929604
dt
0.0000593664373770722841330
DN
-0.0000000000000002177980794
TC
284.0000
N
9.99999615e-01
9.99999801e-01
9.99999611e-01
9.99999187e-01
9.99998194e-01
9.99995737e-01
9.99989223e-01
9.99970438e-01
9.99905370e-01
9.99564199e-01
9.97660573e-01
9.90217434e-01
9.70249987e-01
9.30348842e-01
8.66342358e-01
7.79383336e-01
6.75588976e-01
5.63950370e-01
4.53753690e-01
3.52555097e-01
2.65504832e-01
1.98886299e-01
1.70507067e-01
1.74635946e-01
1.14772146e-01
2.50256525e-02
1.55738598e-03
5.66299006e-05
2.45448199e-06
9.62417699e-08
3.12835608e-09
8.32461147e-11
1.79212701e-12
3.08253383e-14
4.18075287e-16
4.40916287e-18
3.56297040e-20
2.17195945e-22
9.82449247e-25
3.24045090e-27
eC
1.00638940e+00
3.07804198e+00
5.27088624e+00
7.59201189e+00
1.00489234e+01
1.26495642e+01
1.54023425e+01
1.83161584e+01
2.14004324e+01
2.46651365e+01
2.81208258e+01
3.17786729e+01
3.56505041e+01
3.97488374e+01
4.40869232e+01
4.86787870e+01
5.35392748e+01
5.86841012e+01
6.41298999e+01
6.98942779e+01
7.59958720e+01
8.24544093e+01
8.92907710e+01
9.65270599e+01
1.04186672e+02
1.12294371e+02
1.20876370e+02
1.29960417e+02
1.39575880e+02
1.49753848e+02
1.60527227e+02
1.71930848e+02
1.84001582e+02
1.96778453e+02
2.10302771e+02
2.24618262e+02
2.39771209e+02
2.55810604e+02
2.72788303e+02
2.90759198e+02
