t
0.0000014267864397405315570
dt
0.0000001297078590673211502
DN
-0.0000000000000004355961589
TC
196.0000
N
8.14586265e-03
1.84404321e-02
2.22878202e-02
2.17211853e-02
1.88525972e-02
1.52962487e-02
1.19613070e-02
9.20103768e-03
7.05716450e-03
5.44251378e-03
4.23964951e-03
3.34229619e-03
2.66708727e-03
2.15283364e-03
1.75595120e-03
1.44567002e-03
1.20018368e-03
1.00389517e-03
8.47291647e-04
8.02901185e-04
2.96293612e-03
3.49561033e-02
2.38052250e-01
6.63455288e-01
6.28075683e-01
1.65074892e-01
9.58091689e-03
9.48296357e-05
1.32853691e-07
5.94438589e-10
1.87228801e-11
4.94149979e-13
1.05591741e-14
1.80402400e-16
2.43189914e-18
2.55071396e-20
2.05099637e-22
1.24468476e-24
5.60734786e-27
1.84270451e-29
eC
1.00638940e+00
3.07804198e+00
5.27088624e+00
7.59201189e+00
1.00489234e+01
1.26495642e+01
1.54023425e+01
1.83161584e+01
2.14004324e+01
2.46651365e+01
2.81208258e+01
3.17786729e+01
3.56505041e+01
3.97488374e+01
4.40869232e+01
4.86787870e+01
5.35392748e+01
5.86841012e+01
6.41298999e+01
6.98942779e+01
7.59958720e+01
8.24544093e+01
8.92907710e+01
9.65270599e+01
1.04186672e+02
1.12294371e+02
1.20876370e+02
1.29960417e+02
1.39575880e+02
1.49753848e+02
1.60527227e+02
1.71930848e+02
1.84001582e+02
1.96778453e+02
2.10302771e+02
2.24618262e+02
2.39771209e+02
2.55810604e+02
2.72788303e+02
2.90759198e+02
