t
0.0000017264115941860436109
dt
0.0000001569465094714586193
DN
-0.0000000000000004355961589
TC
198.0000
N
9.84882131e-03
2.22722302e-02
2.69083618e-02
2.62255323e-02
2.27684776e-02
1.84798784e-02
1.44555103e-02
1.11225934e-02
8.53269333e-03
6.58139940e-03
5.12734942e-03
4.04239093e-03
3.22589975e-03
2.60397553e-03
2.12395865e-03
1.74866126e-03
1.45172290e-03
1.21428042e-03
1.02444380e-03
9.52939851e-04
3.08954219e-03
3.50470642e-02
2.38017057e-01
6.63177454e-01
6.27795253e-01
1.65000207e-01
9.57675672e-03
9.48399522e-05
1.35905165e-07
7.16142568e-10
2.26440184e-11
5.97641764e-13
1.27706514e-14
2.18185729e-16
2.94124031e-18
3.08494636e-20
2.48057089e-22
1.50538298e-24
6.78181586e-27
2.22866629e-29
eC
1.00638940e+00
3.07804198e+00
5.27088624e+00
7.59201189e+00
1.00489234e+01
1.26495642e+01
1.54023425e+01
1.83161584e+01
2.14004324e+01
2.46651365e+01
2.81208258e+01
3.17786729e+01
3.56505041e+01
3.97488374e+01
4.40869232e+01
4.86787870e+01
5.35392748e+01
5.86841012e+01
6.41298999e+01
6.98942779e+01
7.59958720e+01
8.24544093e+01
8.92907710e+01
9.65270599e+01
1.04186672e+02
1.12294371e+02
1.20876370e+02
1.29960417e+02
1.39575880e+02
1.49753848e+02
1.60527227e+02
1.71930848e+02
1.84001582e+02
1.96778453e+02
2.10302771e+02
2.24618262e+02
2.39771209e+02
2.55810604e+02
2.72788303e+02
2.90759198e+02
