t
0.0000000038726778800751431
dt
0.0000000003520625345522861
DN
-0.0000000000000006533942383
TC
134.0000
N
2.21919706e-05
5.04885419e-05
6.11383066e-05
5.95701798e-05
5.16339833e-05
4.18243219e-05
3.26552985e-05
2.50880890e-05
1.92242399e-05
1.48156259e-05
1.15356004e-05
9.09098012e-06
7.25281763e-06
5.85354930e-06
4.77405167e-06
3.93034245e-06
3.26326961e-06
2.75826919e-06
4.23558757e-06
8.88058273e-05
2.36029839e-03
3.45231413e-02
2.38220193e-01
6.64778993e-01
6.29411474e-01
1.65430605e-01
9.60073058e-03
9.47805439e-05
1.18322750e-07
1.48957925e-11
5.10244979e-14
1.34424210e-15
2.87239513e-17
4.90740739e-19
6.61532192e-21
6.93845649e-23
5.57906928e-25
3.38572794e-27
1.52526770e-29
5.01233653e-32
eC
1.00638940e+00
3.07804198e+00
5.27088624e+00
7.59201189e+00
1.00489234e+01
1.26495642e+01
1.54023425e+01
1.83161584e+01
2.14004324e+01
2.46651365e+01
2.81208258e+01
3.17786729e+01
3.56505041e+01
3.97488374e+01
4.40869232e+01
4.86787870e+01
5.35392748e+01
5.86841012e+01
6.41298999e+01
6.98942779e+01
7.59958720e+01
8.24544093e+01
8.92907710e+01
9.65270599e+01
1.04186672e+02
1.12294371e+02
1.20876370e+02
1.29960417e+02
1.39575880e+02
1.49753848e+02
1.60527227e+02
1.71930848e+02
1.84001582e+02
1.96778453e+02
2.10302771e+02
2.24618262e+02
2.39771209e+02
2.55810604e+02
2.72788303e+02
2.90759198e+02
