t
0.0002213143415023049120037
dt
0.0000000999999999999999955
DN
-0.0000000000000013067884766
TC
2802.0000
N
9.99812332e-01
9.99851277e-01
9.99802414e-01
9.99733074e-01
9.99633002e-01
9.99485944e-01
9.99265669e-01
9.98929000e-01
9.98403379e-01
9.97564231e-01
9.96192930e-01
9.93897289e-01
9.89958927e-01
9.83038359e-01
9.70611565e-01
9.47947872e-01
9.06527437e-01
8.32714062e-01
7.10746381e-01
5.37884162e-01
3.45490906e-01
1.86043660e-01
8.61146299e-02
3.55695353e-02
1.34800574e-02
4.75406614e-03
1.56782926e-03
4.83448781e-04
1.39047111e-04
3.71706012e-05
9.19780178e-06
2.09738155e-06
4.38642607e-07
8.37122187e-08
1.45006130e-08
2.26694901e-09
3.17943051e-10
3.97512678e-11
4.40075509e-12
4.28339083e-13
eC
1.00638940e+00
3.07804198e+00
5.27088624e+00
7.59201189e+00
1.00489234e+01
1.26495642e+01
1.54023425e+01
1.83161584e+01
2.14004324e+01
2.46651365e+01
2.81208258e+01
3.17786729e+01
3.56505041e+01
3.97488374e+01
4.40869232e+01
4.86787870e+01
5.35392748e+01
5.86841012e+01
6.41298999e+01
6.98942779e+01
7.59958720e+01
8.24544093e+01
8.92907710e+01
9.65270599e+01
1.04186672e+02
1.12294371e+02
1.20876370e+02
1.29960417e+02
1.39575880e+02
1.49753848e+02
1.60527227e+02
1.71930848e+02
1.84001582e+02
1.96778453e+02
2.10302771e+02
2.24618262e+02
2.39771209e+02
2.55810604e+02
2.72788303e+02
2.90759198e+02
