t
0.0050832756509376622253149
dt
0.0000546488400515070845819
DN
-0.0000000000000004355961589
TC
411.0000
N
9.99999996e-01
9.99999992e-01
9.99999985e-01
9.99999968e-01
9.99999930e-01
9.99999838e-01
9.99999604e-01
9.99998973e-01
9.99997156e-01
9.99991531e-01
9.99972498e-01
9.99897727e-01
9.99534408e-01
9.97716324e-01
9.90302745e-01
9.67349630e-01
9.12889057e-01
8.11827492e-01
6.63079917e-01
4.87736153e-01
3.20321212e-01
1.89423793e-01
1.06108275e-01
5.82174430e-02
2.22958002e-02
3.46497049e-03
2.24070226e-04
1.13746013e-05
5.32803245e-07
2.10219048e-08
6.85788580e-10
1.82971816e-11
3.94668496e-13
6.79825889e-15
9.23026031e-17
9.74252715e-19
7.87772204e-21
4.80453948e-23
2.17408262e-25
7.17303121e-28
eC
1.00638940e+00
3.07804198e+00
5.27088624e+00
7.59201189e+00
1.00489234e+01
1.26495642e+01
1.54023425e+01
1.83161584e+01
2.14004324e+01
2.46651365e+01
2.81208258e+01
3.17786729e+01
3.56505041e+01
3.97488374e+01
4.40869232e+01
4.86787870e+01
5.35392748e+01
5.86841012e+01
6.41298999e+01
6.98942779e+01
7.59958720e+01
8.24544093e+01
8.92907710e+01
9.65270599e+01
1.04186672e+02
1.12294371e+02
1.20876370e+02
1.29960417e+02
1.39575880e+02
1.49753848e+02
1.60527227e+02
1.71930848e+02
1.84001582e+02
1.96778453e+02
2.10302771e+02
2.24618262e+02
2.39771209e+02
2.55810604e+02
2.72788303e+02
2.90759198e+02
