t
0.0084303241466096179995704
dt
0.0000562649020928618036883
DN
-0.0000000000000004355961589
TC
525.0000
N
9.99999999e-01
9.99999999e-01
9.99999997e-01
9.99999994e-01
9.99999986e-01
9.99999968e-01
9.99999924e-01
9.99999805e-01
9.99999471e-01
9.99998471e-01
9.99995270e-01
9.99984216e-01
9.99942484e-01
9.99763761e-01
9.98884555e-01
9.94524585e-01
9.76271397e-01
9.17994028e-01
7.83384534e-01
5.67099173e-01
3.30973905e-01
1.54369952e-01
5.98055414e-02
1.97970248e-02
4.56705297e-03
5.21367875e-04
3.42977910e-05
1.88998984e-06
8.93510708e-08
3.52841319e-09
1.15155171e-10
3.07310739e-12
6.62951128e-14
1.14203145e-15
1.55064390e-17
1.63673991e-19
1.32346957e-21
8.07174648e-24
3.65251911e-26
1.20508815e-28
eC
1.00638940e+00
3.07804198e+00
5.27088624e+00
7.59201189e+00
1.00489234e+01
1.26495642e+01
1.54023425e+01
1.83161584e+01
2.14004324e+01
2.46651365e+01
2.81208258e+01
3.17786729e+01
3.56505041e+01
3.97488374e+01
4.40869232e+01
4.86787870e+01
5.35392748e+01
5.86841012e+01
6.41298999e+01
6.98942779e+01
7.59958720e+01
8.24544093e+01
8.92907710e+01
9.65270599e+01
1.04186672e+02
1.12294371e+02
1.20876370e+02
1.29960417e+02
1.39575880e+02
1.49753848e+02
1.60527227e+02
1.71930848e+02
1.84001582e+02
1.96778453e+02
2.10302771e+02
2.24618262e+02
2.39771209e+02
2.55810604e+02
2.72788303e+02
2.90759198e+02
