t: 1.74651e-06
dt: 1.35437e-07
N: 0.775223 0.81312 0.845764 0.872654 0.893674 0.909081 0.919548 0.925954 0.929234 0.930257 0.929738 0.928152 0.925765 0.922675 0.918851 0.91417 0.908432 0.901353 0.892551 0.881506 0.867506 0.849576 0.826382 0.796112 0.756383 0.704253 0.636575 0.551086 0.448585 0.335672 0.225501 0.133315 0.068465 0.0303136 0.0114883 0.00368351 0.000981056 0.000211647 3.5836e-05 4.58653e-06 
eC: 1 1.15749 1.33977 1.55077 1.795 2.07768 2.40489 2.78363 3.22201 3.72944 4.31677 4.99661 5.78351 6.69433 7.7486 8.9689 10.3814 12.0163 13.9087 16.0991 18.6345 21.5692 24.9661 28.8979 33.4489 38.7167 44.814 51.8717 60.0407 69.4963 80.4411 93.1095 107.773 124.746 144.391 167.131 193.452 223.918 259.182 300 
dV: 1.08333 0.211322 0.327712 0.508206 0.788112 1.22218 1.89532 2.93921 4.55805 7.06849 10.9616 16.999 26.3615 40.8807 63.3966 98.3136 152.462 236.434 366.655 568.597 881.764 1367.42 2120.55 3288.49 5099.69 7908.45 12264.2 19019 29494.1 45738.6 70930.1 109996 170579 264529 410225 636165 986546 1.52991e+06 2.37254e+06 3.67926e+06 
kVec: 1.03008e+06 1.19338e+06 1.37488e+06 1.58371e+06 1.82368e+06 2.09842e+06 2.41264e+06 2.77157e+06 3.18054e+06 3.64378e+06 4.16866e+06 4.76187e+06 5.42521e+06 6.16592e+06 6.99007e+06 7.8998e+06 8.88629e+06 9.95719e+06 1.11117e+07 1.23082e+07 1.35478e+07 1.48184e+07 1.60891e+07 1.7281e+07 1.84373e+07 1.96008e+07 2.06412e+07 2.18077e+07 2.33972e+07 2.58634e+07 2.96964e+07 3.61556e+07 4.71157e+07 6.38682e+07 8.9496e+07 1.28173e+08 1.82276e+08 2.48899e+08 3.2919e+08 4.18366e+08 
cMat: 
-61405.5 215.815 253.595 295.394 344.354 402 469.914 549.993 644.791 757.819 892.425 1053.16 1247.64 1483.02 1768.59 2118.52 2553.52 3093.05 3766.11 4629.45 5734.32 7155.82 9020.37 11516.4 14846 19330.1 25598.7 34293 46441.9 63772 88806.7 124877 177276 254905 368040 532022 764777 1.09301e+06 1.56382e+06 2.24546e+06 
912.572 -72344.1 243.005 283.061 329.979 385.222 450.307 527.051 617.903 726.23 855.241 1009.3 1195.71 1421.34 1695.09 2030.55 2447.61 2964.92 3610.31 4438.25 5497.93 6861.46 8650.2 11045.1 14240.4 18544.3 24562.1 32910.2 44577.6 61224.2 85276 119936 170295 244912 353671 511328 735117 1.05069e+06 1.50337e+06 2.15874e+06 
565.474 128.145 -83704.8 269.019 313.613 366.121 427.983 500.93 587.29 690.264 812.905 959.359 1136.59 1351.11 1611.4 1930.39 2327 2819 3432.87 4220.48 5228.68 6526.14 8228.5 10508.2 13550.3 17648.7 23380.7 31334 42452.2 58319.1 81249.5 114301 162332 233511 337276 487713 701266 1.0024e+06 1.43436e+06 2.05975e+06 
346.983 78.6324 141.716 -97059.1 297.973 347.866 406.65 475.969 558.037 655.896 772.451 911.644 1080.09 1284.01 1531.44 1834.7 2211.8 2679.63 3263.42 4012.54 4971.62 6206.06 7826.04 9995.88 12892 16794.7 22254.4 29831.8 40427.5 55552.8 77417 108939 154760 222674 321696 465281 669120 956550 1.36885e+06 1.96579e+06 
215.119 48.7501 87.8611 158.469 -112774 331.017 390.437 457.001 535.809 629.788 741.725 875.41 1037.21 1233.08 1470.77 1762.13 2124.46 2574.03 3135.1 3855.18 4777.25 5964.27 7522.34 9609.76 12396.6 16152.9 21409.5 28707.2 38914.8 53490.6 74566.5 104961 149153 214667 310210 448773 645498 922888 1.32079e+06 1.89688e+06 
136.516 30.9374 55.7584 100.569 179.942 -131252 383.403 448.778 526.182 618.491 728.446 859.772 1018.73 1211.18 1444.74 1731.06 2087.19 2529.12 3080.74 3788.84 4695.74 5863.49 7396.67 9451.34 12195.2 15894.9 21074 28266.8 38331.3 52708.2 73503.6 103504 147137 211836 306216 443119 637507 911589 1.30476e+06 1.87399e+06 
89.5681 20.2982 36.5839 65.9856 119.128 215.196 -153029 455.478 534.053 627.766 739.4 872.742 1034.15 1229.6 1466.82 1757.66 2119.47 2568.53 3129.14 3848.96 4771.08 5958.73 7518.49 9609.5 12402.9 16170.6 21447.3 28778.6 39041.4 53707.8 74930.5 105559 150122 216220 312667 452603 651318 931489 1.3334e+06 1.91529e+06 
61.0415 13.8336 24.933 44.9718 81.1917 146.67 265.216 -178763 557.225 661.946 779.695 920.351 1090.64 1296.85 1547.17 1854.12 2236.05 2710.15 3302.14 4062.46 5036.73 6291.89 7940.87 10152.3 13107.8 17095.8 22683.6 30450.9 41329.1 56882.8 79399.8 111910 159233 229444 331927 480661 691896 989704 1.41692e+06 2.03546e+06 
43.1392 9.77662 17.6212 31.784 57.3839 103.665 187.457 335.904 -209246 723.615 852.379 1006.21 1192.47 1418.05 1691.93 2027.82 2445.84 2964.86 3613.1 4445.9 5513.38 6889.09 8697.12 11123 14366.4 18745 24883.7 33421.3 45385.1 62500.6 87291.8 123104 175259 252668 365698 529793 762877 1.09147e+06 1.56285e+06 2.24535e+06 
31.4082 7.11815 12.8299 23.1423 41.7829 75.4838 136.503 247.191 448.263 -245362 958.59 1131.67 1341.27 1595.16 1903.46 2281.65 2752.43 3337.1 4067.53 5006.29 6210.02 7761.93 9802.5 12541.8 16206.3 21156.3 28100.6 37765 51317 70718.1 98838 139484 198713 286661 415139 601732 866819 1.2405e+06 1.77657e+06 2.55275e+06 
23.328 5.287 9.52959 17.1898 31.0367 56.0719 101.403 183.638 333.032 604.59 -288425 1298.53 1539.18 1830.75 2184.87 2619.36 3160.38 3832.48 4672.4 5752.31 7137.65 8924.49 11275.2 14432.8 18659.4 24372.5 32393.5 43564.8 59241.8 81702.9 114282 161407 230124 332211 481422 698222 1.00628e+06 1.44051e+06 2.06345e+06 2.96541e+06 
17.5418 3.97572 7.16624 12.9271 23.341 42.1704 76.2662 138.123 250.505 454.803 827.422 -340020 1775.68 2128.26 2540.29 3045.97 3675.85 4458.59 5437.11 6695.83 8311.32 10396.1 13140.3 16829.1 21770.1 28453.8 37845.8 50937.6 69325.9 95695 133974 189390 270258 390466 566265 821824 1.18504e+06 1.69696e+06 2.43139e+06 3.49479e+06 
13.3077 3.01617 5.43683 9.80777 17.7095 31.9975 57.8715 104.816 190.111 345.185 628.058 1137.1 -401803 2490.19 2972.81 3565.31 4303.62 5221.48 6369.39 7846.87 9744.2 12194.2 15421.5 19763.3 25583.9 33464.5 44550.2 60019 81769.1 112993 158367 224117 320159 463020 672099 976222 1.40858e+06 2.01788e+06 2.89205e+06 4.15779e+06 
10.1485 2.30021 4.14642 7.48023 13.5074 24.4065 44.1451 79.9605 145.042 263.379 479.267 874.375 1597.61 -476373 3495.04 4192.61 5062.24 6143.83 7497.2 9240.26 11480.1 14374.5 18190.4 23329 30224.5 39570.3 52733.3 71123.1 97012.3 134226 188369 266916 381777 552772 803233 1.16781e+06 1.68628e+06 2.41684e+06 3.465e+06 4.9827e+06 
7.76666 1.76041 3.17349 5.72532 10.339 18.6827 33.7947 61.2177 111.054 201.685 367.05 669.744 1223.93 2242.87 -567053 4895.19 5979.07 7259.15 8861.76 10927.4 13583.8 17019.1 21552.6 27664.1 35874.4 47015.4 62729.1 84712.6 115705 160320 225318 319740 457988 663992 966020 1.40601e+06 2.03197e+06 2.91385e+06 4.17917e+06 6.01133e+06 
5.96697 1.35254 2.43834 4.39926 7.94485 14.3575 25.973 47.0536 85.3688 155.058 282.235 515.071 941.466 1725.65 3139.68 -677946 7084.07 8604.29 10508.8 12965.6 16127.9 20221.3 25629.1 32928.8 42747.9 56090.4 74940.5 101354 138655 192442 270931 385126 552576 802364 1.169e+06 1.70361e+06 2.46453e+06 3.53635e+06 5.07426e+06 7.30114e+06 
4.60815 1.04459 1.88327 3.39801 6.13708 11.0915 20.0669 36.3579 65.9724 119.846 218.182 398.256 728.125 1334.98 2457.04 4538.86 -813652 10216.9 12485.3 15414.7 19189.2 24080.5 30551 39298.8 51084.2 67125.6 89834.2 121718 166833 232027 327350 466300 670423 975326 1.42347e+06 2.07769e+06 3.00936e+06 4.32142e+06 6.20411e+06 8.93025e+06 
3.57109 0.809547 1.45961 2.63379 4.75723 8.59856 15.5584 28.1928 51.1642 92.9621 169.273 309.051 565.187 1036.57 1908.5 3527.01 6536.53 -982212 14894.7 18403.5 22930 28803.3 36584.7 47123.3 61346.8 80744 108267 146997 201929 281502 398115 568474 819270 1.19447e+06 1.7468e+06 2.55421e+06 3.70477e+06 5.32468e+06 7.64923e+06 1.10151e+07 
2.7764 0.629431 1.13495 2.04811 3.6997 6.68784 12.1026 21.9339 39.8121 72.3506 131.772 240.644 440.222 807.669 1487.65 2750.55 5100.38 9510.58 -1.19391e+06 21954.8 27541.6 34634.8 44048.4 56823.1 74099.6 97711.9 131304 178696 246094 343997 487852 698540 1.00946e+06 1.47545e+06 2.16266e+06 3.16878e+06 4.60358e+06 6.62312e+06 9.52124e+06 1.37176e+07 
2.17347 0.492776 0.888615 1.60375 2.89731 5.23808 9.4805 17.1848 31.1982 56.7102 103.314 188.732 345.386 633.947 1168.24 2161.2 4010.26 7483.6 13981.8 -1.45843e+06 33109.1 41692.8 53108.2 68637.7 89692.1 118545 159727 218016 301187 422426 601163 863775 1.25252e+06 1.83645e+06 2.69956e+06 3.96561e+06 5.77282e+06 8.31566e+06 1.19649e+07 1.72487e+07 
1.70844 0.387375 0.698614 1.26098 2.27835 4.11968 7.45759 13.5206 24.5517 44.6408 81.3516 148.664 272.175 499.815 921.575 1705.98 3168.01 5917.07 11130.6 21010.7 -1.795e+06 50381.7 64292.5 83270.7 109076 144550 195376 267587 371030 522447 746564 1.0771e+06 1.5682e+06 2.30786e+06 3.40409e+06 5.01577e+06 7.31895e+06 1.05584e+07 1.52075e+07 2.19385e+07 
1.34634 0.3053 0.550655 0.994039 1.7963 3.24858 5.88185 10.6662 19.3733 35.236 64.2351 117.431 215.096 395.214 729.163 1350.77 2510.58 4693.79 8839.33 16708.3 31816.4 -2.22902e+06 77350.5 101581 133424 177356 240577 330791 460611 651559 935501 1.35614e+06 1.98379e+06 2.93213e+06 4.34203e+06 6.42035e+06 9.39444e+06 1.35757e+07 1.95767e+07 2.82638e+07 
1.0645 0.241415 0.435484 0.786245 1.42103 2.5704 4.65499 8.44351 15.3407 27.9114 50.9028 93.0994 170.622 313.697 579.182 1073.83 1997.85 3739.46 7051.22 13349.4 25466.4 48516.7 -2.79336e+06 124205 163662 218328 297408 410841 574964 817777 1.18089e+06 1.72172e+06 2.53296e+06 3.76347e+06 5.59978e+06 8.31538e+06 1.22079e+07 1.76777e+07 2.55282e+07 3.68905e+07 
0.844274 0.191493 0.34548 0.623851 1.12773 2.04034 3.696 6.70602 12.1881 22.1845 40.4773 74.0706 135.835 249.924 461.824 857.078 1596.46 2992.18 5650.71 10717.8 20490 39581 77158.3 -3.52338e+06 200172 268183 367201 510149 718379 1.02871e+06 1.49616e+06 2.19719e+06 3.2558e+06 4.86961e+06 7.28951e+06 1.08827e+07 1.60444e+07 2.32933e+07 3.36973e+07 4.87506e+07 
0.666799 0.151259 0.272937 0.492946 0.891279 1.61294 2.92262 5.30452 9.64451 17.5627 32.061 58.7036 107.73 198.377 366.913 681.676 1271.41 2386.51 4514.53 8580.58 16443.6 31851.2 62288.9 122637 -4.49163e+06 329495 453810 634625 900102 1.29919e+06 1.90552e+06 2.82237e+06 4.21811e+06 6.35897e+06 9.58765e+06 1.44053e+07 2.13441e+07 3.1083e+07 4.50602e+07 6.52745e+07 
0.521265 0.118263 0.213435 0.385557 0.697271 1.26219 2.28779 4.15379 7.5554 13.7653 25.143 46.0662 84.6044 155.933 288.707 537.02 1003.06 1885.91 3574.23 6809.03 13083.5 25420 49889.7 98648.1 197828 -5.79687e+06 557603 788645 1.1278e+06 1.64282e+06 2.43327e+06 3.64025e+06 5.49537e+06 8.36204e+06 1.27149e+07 1.9248e+07 2.86876e+07 4.19286e+07 6.09313e+07 8.8397e+07 
0.40236 0.0913014 0.164809 0.297786 0.538677 0.975407 1.76862 3.21248 5.84599 10.657 19.4782 35.7135 65.6494 121.123 224.522 418.206 782.44 1473.93 2799.52 5347.52 10307.4 20098.1 39612 78728.7 158813 325010 -7.50154e+06 956653 1.38227e+06 2.03712e+06 3.05595e+06 4.63217e+06 7.08668e+06 1.09192e+07 1.67929e+07 2.56783e+07 3.8574e+07 5.66526e+07 8.25951e+07 1.20052e+08 
0.300901 0.0682911 0.1233 0.222839 0.403213 0.73036 1.32481 2.40741 4.38317 7.99521 14.6234 26.8334 49.3733 91.1957 169.262 315.746 591.813 1117.15 2126.89 4074.58 7880.74 15426.8 30547.1 61058.8 123979 256612 534043 -9.78979e+06 1.65089e+06 2.46655e+06 3.75695e+06 5.78601e+06 8.99788e+06 1.40814e+07 2.19651e+07 3.40119e+07 5.15965e+07 7.62409e+07 1.116e+08 1.62577e+08 
0.213897 0.0485542 0.0876848 0.158513 0.286904 0.519866 0.943377 1.71508 3.12432 5.70268 10.438 19.1694 35.3077 65.2932 121.35 226.729 425.785 805.525 1537.47 2954.66 5735.71 11275.5 22439.5 45131.7 92299.9 192622 405035 866552 -1.29016e+07 2.84673e+06 4.46142e+06 7.00145e+06 1.11035e+07 1.77092e+07 2.81065e+07 4.41969e+07 6.78585e+07 1.01024e+08 1.48605e+08 2.17064e+08 
0.141726 0.0321778 0.0581243 0.105104 0.190293 0.344936 0.626211 1.13902 2.07611 3.79202 6.94624 12.7681 23.5427 43.5915 81.1331 151.844 285.74 541.858 1037.01 1999.61 3897.12 7696.21 15400.3 31185 64284.5 135389 288030 624726 1.37363e+06 -1.71818e+07 4.96259e+06 7.97083e+06 1.29558e+07 2.11745e+07 3.43695e+07 5.51407e+07 8.59988e+07 1.29298e+08 1.91415e+08 2.80532e+08 
0.0854967 0.0194154 0.0350794 0.0634502 0.114914 0.208379 0.378466 0.688739 1.2561 2.29588 4.20896 7.74362 14.294 26.5008 49.3962 92.6063 174.634 331.969 637.093 1232.74 2412.43 4786.88 9633.63 19647.8 40844.4 86870.2 187177 412212 932570 2.14978e+06 -2.29998e+07 8.22446e+06 1.37957e+07 2.33002e+07 3.90026e+07 6.43464e+07 1.0259e+08 1.56424e+08 2.33687e+08 3.44047e+08 
0.0458321 0.0104101 0.0188133 0.0340381 0.0616654 0.111863 0.203258 0.370075 0.675317 1.23519 2.26623 4.17313 7.71166 14.3155 26.7225 50.1843 94.8344 180.711 347.768 675.25 1326.87 2645.43 5354.6 10999.9 23063 49544.4 108162 242018 557930 1.31635e+06 3.13539e+06 -3.13355e+07 1.33085e+07 2.34013e+07 4.07188e+07 6.96324e+07 1.14262e+08 1.77507e+08 2.68423e+08 3.97563e+08 
0.0215465 0.00489492 0.00884834 0.0160132 0.0290193 0.0526612 0.0957279 0.174378 0.318386 0.582742 1.07 1.97208 3.64819 6.78084 12.6758 23.845 45.1534 86.2464 166.429 324.257 639.753 1281.53 2608.75 5397.82 11414.6 24768.6 54799.2 124638 293016 708558 1.74168e+06 4.40726e+06 -4.38899e+07 2.12856e+07 3.89057e+07 6.95861e+07 1.18451e+08 1.88511e+08 2.89585e+08 4.32234e+08 
0.0088456 0.0020099 0.003634 0.00657825 0.0119245 0.0216467 0.039365 0.0717394 0.131053 0.240016 0.441019 0.813487 1.50638 2.80311 5.24692 9.88549 18.7548 35.9013 69.4519 135.739 268.808 540.801 1106.66 2305.03 4913.04 10760.6 24106.9 55689.9 133430 330631 839855 2.21259e+06 6.07724e+06 -6.19322e+07 3.1703e+07 6.05685e+07 1.09282e+08 1.81091e+08 2.85848e+08 4.32615e+08 
0.00312115 0.000709307 0.00128272 0.00232251 0.00421116 0.00764696 0.0139112 0.0253626 0.0463542 0.0849444 0.156185 0.288308 0.534364 0.99542 1.86551 3.51974 6.68929 12.8307 24.8782 48.7628 96.8956 195.712 402.408 843.239 1810.28 3998.62 9060.41 21229.2 51752.5 131152 343565 940865 2.71459e+06 7.74767e+06 -8.84678e+07 4.60453e+07 8.99118e+07 1.58195e+08 2.60575e+08 4.03838e+08 
0.00093284 0.000212028 0.000383505 0.000694521 0.00125959 0.00228792 0.00416351 0.00759361 0.0138845 0.0254567 0.0468344 0.0865117 0.160476 0.299223 0.561383 1.06054 2.0187 3.879 7.5367 14.8103 29.5188 59.8331 123.548 260.285 562.359 1251.52 2864.49 6796.57 16825.7 43504.2 117192 332661 1.00386e+06 3.06038e+06 9.52015e+06 -1.27701e+08 6.46265e+07 1.24847e+08 2.19168e+08 3.53282e+08 
0.000230301 5.23519e-05 9.4705e-05 0.000171537 0.000311159 0.000565312 0.00102901 0.0018773 0.0034337 0.00629813 0.0115925 0.0214246 0.0397675 0.0742057 0.139339 0.263496 0.502168 0.966293 1.88048 3.70276 7.39764 15.0362 31.1516 65.9049 143.105 320.355 739.026 1770.78 4436.81 11652.9 32089.5 93751.1 293475 948336 3.1927e+06 1.10993e+07 -1.82097e+08 8.31955e+07 1.62449e+08 2.82106e+08 
4.57882e-05 1.04093e-05 1.88322e-05 3.41139e-05 6.1888e-05 0.000112453 0.000204726 0.000373567 0.000683423 0.00125386 0.00230856 0.00426798 0.00792523 0.0147953 0.0277966 0.0525974 0.100316 0.193202 0.376361 0.742001 1.48461 3.02272 6.27529 13.3105 28.9913 65.1355 150.992 364 918.886 2437.27 6806.6 20261 64974 218615 781458 2.98285e+06 1.15736e+07 -2.48846e+08 9.78565e+07 1.99294e+08 
7.15284e-06 1.62619e-06 2.94225e-06 5.33018e-06 9.67058e-06 1.75737e-05 3.19975e-05 5.83939e-05 0.000106845 0.000196064 0.00036106 0.000667675 0.00124017 0.00231601 0.00435286 0.00824028 0.0157248 0.0303036 0.059074 0.116568 0.233471 0.475922 0.989437 2.10242 4.5888 10.335 24.0353 58.1752 147.581 393.958 1110.25 3345.21 10897.8 37677.1 140542 571730 2.46744e+06 1.06844e+07 -3.29178e+08 1.19787e+08 
8.47644e-07 1.92719e-07 3.487e-07 6.3174e-07 1.14624e-06 2.08314e-06 3.79322e-06 6.92314e-06 1.26689e-05 2.32509e-05 4.28241e-05 7.92043e-05 0.000147148 0.000274865 0.00051674 0.000978537 0.00186804 0.00360151 0.00702424 0.0138689 0.027797 0.056708 0.118005 0.251028 0.548614 1.23744 2.88325 6.9944 17.791 47.651 134.904 408.91 1342.45 4706.1 17976.1 76059.5 353639 1.79586e+06 9.88611e+06 -4.18364e+08 
dt_FE: 1.35437e-07
dt_EA: 1.35437e-07
dt_PE: 1.35437e-07
tolC: 1e-06
dt_grow: 1.03
dt_max: 0.1
steps: 0
