t: 7.86745e-08
dt: 2.39259e-09
N: 0.0561686 0.0645215 0.0740232 0.0848151 0.0970398 0.110815 0.126289 0.143608 0.162878 0.184135 0.207489 0.232964 0.260329 0.2895 0.320283 0.352196 0.384459 0.416693 0.448168 0.477122 0.502893 0.524459 0.539996 0.547196 0.545319 0.532558 0.504556 0.460859 0.400684 0.324451 0.238039 0.161616 0.0850176 0.0371714 0.0141889 0.00456076 0.00121614 0.00026259 4.44879e-05 5.69635e-06 
eC: 1 1.15749 1.33977 1.55077 1.795 2.07768 2.40489 2.78363 3.22201 3.72944 4.31677 4.99661 5.78351 6.69433 7.7486 8.9689 10.3814 12.0163 13.9087 16.0991 18.6345 21.5692 24.9661 28.8979 33.4489 38.7167 44.814 51.8717 60.0407 69.4963 80.4411 93.1095 107.773 124.746 144.391 167.131 193.452 223.918 259.182 300 
dV: 1.08333 0.211322 0.327712 0.508206 0.788112 1.22218 1.89532 2.93921 4.55805 7.06849 10.9616 16.999 26.3615 40.8807 63.3966 98.3136 152.462 236.434 366.655 568.597 881.764 1367.42 2120.55 3288.49 5099.69 7908.45 12264.2 19019 29494.1 45738.6 70930.1 109996 170579 264529 410225 636165 986546 1.52991e+06 2.37254e+06 3.67926e+06 
kVec: 966660 1.12095e+06 1.29233e+06 1.48986e+06 1.71727e+06 1.97822e+06 2.27745e+06 2.62023e+06 3.01211e+06 3.45778e+06 3.96497e+06 4.54107e+06 5.18928e+06 5.91807e+06 6.73524e+06 7.64547e+06 8.64368e+06 9.74039e+06 1.0939e+07 1.22045e+07 1.35422e+07 1.49445e+07 1.63847e+07 1.7787e+07 1.91895e+07 2.06269e+07 2.19461e+07 2.33653e+07 2.51405e+07 2.76733e+07 3.14128e+07 3.7622e+07 4.82283e+07 6.45883e+07 8.98548e+07 1.28227e+08 1.82099e+08 2.48585e+08 3.28803e+08 4.17957e+08 
cMat: 
-129301 906.203 1064.84 1240.35 1445.94 1687.99 1973.16 2309.41 2707.46 3182.06 3747.27 4422.17 5238.8 6227.18 7426.27 8895.6 10722.2 12987.7 15813.8 19438.9 24078.3 30047.1 37876.3 48357 62338 81166.7 107488 143996 195009 267777 372897 524356 744377 1.07034e+06 1.54539e+06 2.23395e+06 3.21128e+06 4.58951e+06 6.56645e+06 9.42862e+06 
4568.12 -153964 1216.43 1416.93 1651.8 1928.33 2254.13 2638.29 3093.08 3635.34 4281.14 5052.3 5985.45 7114.9 8485.22 10164.5 12252.2 14841.7 18072.4 22216.8 27521.4 34346.8 43300.9 55289.3 71283.9 92828.2 122952 164741 223145 306474 426871 600373 852459 1.22597e+06 1.7704e+06 2.55959e+06 3.67982e+06 5.25953e+06 7.5255e+06 1.08061e+07 
3394.9 769.338 -176648 1615.1 1882.82 2198.06 2569.46 3007.41 3525.88 4144.1 4880.39 5759.65 6823.66 8111.58 9674.25 11589.3 13970.5 16924.3 20609.7 25338.3 31391.1 39180.6 49401 63087.5 81351.2 105957 140369 188118 254868 350127 487793 686222 974586 1.40192e+06 2.02488e+06 2.92806e+06 4.21015e+06 6.01807e+06 8.61141e+06 1.2366e+07 
2493.64 565.102 1018.46 -203140 2141.42 2499.99 2922.44 3420.61 4010.4 4713.68 5551.32 6551.65 7762.24 9227.68 11005.9 13185.3 15895.4 19257.5 23453 28836.6 35729.2 44600.6 56242.8 71836.6 92650.1 120697 159934 214390 290537 399237 556367 782907 1.1122e+06 1.60027e+06 2.31191e+06 3.3438e+06 4.80871e+06 6.87437e+06 9.83744e+06 1.41274e+07 
1826.87 414.003 746.148 1345.77 -233985 2811.11 3315.73 3881.02 4550.28 5348.38 6298.99 7434.29 8808.33 10471.8 12490.3 14964.6 18041.7 21859.6 26624.4 32739.6 40570.1 50650.7 63882.4 81609.5 105276 137176 181817 243791 330478 454261 633245 891365 1.26666e+06 1.82303e+06 2.63441e+06 3.81114e+06 5.4818e+06 7.83749e+06 1.12166e+07 1.6109e+07 
1335.12 302.566 545.314 983.557 1759.83 -269767 3749.66 4389.02 5146.03 6048.81 7124.16 8408.53 9963.11 11845.3 14129.5 16929.7 20412.6 24734.7 30129.4 37054.6 45924.1 57344.6 72339 92433.6 119269 155451 206103 276448 374878 515483 718862 1.01226e+06 1.43899e+06 2.07175e+06 2.99477e+06 4.33368e+06 6.23478e+06 8.9153e+06 1.27604e+07 1.83275e+07 
972.71 220.439 397.301 716.603 1293.73 2337.02 -311213 4946.48 5799.82 6817.54 8029.88 9477.97 11230.9 13353.4 15929.6 19088.2 23017.5 27894.2 33982.4 41799.6 51813.9 64711.8 81650.7 104359 134695 175613 232918 312536 423989 583266 813745 1.14637e+06 1.63033e+06 2.34815e+06 3.39556e+06 4.91527e+06 7.07331e+06 1.0116e+07 1.44807e+07 2.08e+07 
705.983 159.994 288.365 520.126 939.032 1696.33 3067.39 -359143 6444.65 7655.82 9017.65 10644.4 12613.9 14998.9 17894 21444.1 25861.3 31344.5 38191.3 46984.8 58252.9 72769.6 91841 117418 151600 197723 262350 352183 477997 657885 918308 1.29431e+06 1.84162e+06 2.65367e+06 3.83894e+06 5.55914e+06 8.0022e+06 1.14465e+07 1.63875e+07 2.35413e+07 
510.312 115.652 208.448 375.986 678.817 1226.29 2217.51 3973.55 -414696 8559.94 10083.1 11902.9 14106.2 16774.7 20014.5 23987.9 28932.9 35072.6 42740.8 52592.4 65220.1 81493.9 102882 131578 169946 221743 294360 395354 536879 739345 1.03261e+06 1.45625e+06 2.07321e+06 2.98891e+06 4.32599e+06 6.26714e+06 9.02438e+06 1.29114e+07 1.84876e+07 2.65612e+07 
367.421 83.2699 150.087 270.724 488.787 883.028 1596.84 2891.7 5243.89 -478795 11213.8 13238.5 15690.5 18660.6 22267.2 26691.3 32198.6 39038.3 47583 58564.8 72646.4 90801 114672 146717 189585 247491 328727 441785 600319 827278 1.15623e+06 1.63172e+06 2.3246e+06 3.35344e+06 4.8564e+06 7.03921e+06 1.01403e+07 1.45117e+07 2.07828e+07 2.98627e+07 
263.125 59.634 107.488 193.89 350.074 632.456 1143.76 2071.32 3756.39 6819.39 -553015 14646.6 17361 20649.7 24643.9 29544.7 35647 43227.9 52701.7 64882.4 80508.2 100663 127177 162793 210466 274906 365378 491383 668210 921557 1.28903e+06 1.82057e+06 2.59565e+06 3.74713e+06 5.43014e+06 7.8755e+06 1.13502e+07 1.6248e+07 2.32744e+07 3.3448e+07 
187.273 42.444 76.5054 138.007 249.184 450.203 814.203 1474.58 2674.34 4855.38 8833.39 -639104 18956.8 22720.9 27119.6 32518.2 39242.6 47599 58045.5 71483.4 88730 110986 140283 179664 232414 303767 404034 543800 740110 1.02162e+06 1.43029e+06 2.02189e+06 2.88522e+06 4.16854e+06 6.04533e+06 8.77363e+06 1.26513e+07 1.81165e+07 2.59571e+07 3.73097e+07 
132.597 30.0529 54.172 97.7236 176.456 318.82 576.626 1044.37 1894.25 3439.39 6257.9 11329.9 -738779 24812 29620.7 35524.4 42880.9 52026.2 63464 78185.4 97090.2 121501 153658 196919 254915 333437 443893 598023 814739 1.12585e+06 1.57795e+06 2.23308e+06 3.19003e+06 4.61349e+06 6.69673e+06 9.72697e+06 1.4035e+07 2.0106e+07 2.88161e+07 4.14278e+07 
93.2496 21.1355 38.0994 68.7321 124.113 224.259 405.627 734.717 1332.72 2420.06 4403.75 8034.19 14679.6 -854767 32114.2 38523.8 46514.4 56452.6 68888 84904.1 105485 132080 167142 214358 277718 363592 484540 653515 891398 1.23334e+06 1.73083e+06 2.45256e+06 3.50796e+06 5.07914e+06 7.38051e+06 1.07304e+07 1.54944e+07 2.22071e+07 3.18382e+07 4.57836e+07 
65.0552 14.7456 26.5818 47.9565 86.6017 156.49 283.071 512.772 930.215 1689.35 3074.49 5609.92 10251.9 18786.8 -990078 41003.2 50081.9 60804.1 74228 91530.1 113781 142556 180529 231720 300492 393811 525432 709570 969169 1.34287e+06 1.88731e+06 2.67821e+06 3.83621e+06 5.56173e+06 8.09158e+06 1.1777e+07 1.70202e+07 2.4407e+07 3.50056e+07 5.03521e+07 
45.0361 10.2084 18.4035 33.2037 59.9642 108.364 196.033 355.14 644.326 1170.31 2130.19 3887.53 7105.77 13024.4 23696.9 -1.14945e+06 53467.5 64941.4 79315.7 97858.9 121726 152622 193437 248532 322642 423346 565618 764978 1.0465e+06 1.45247e+06 2.04487e+06 2.90676e+06 4.1706e+06 6.05589e+06 8.82308e+06 1.28581e+07 1.86012e+07 2.66908e+07 3.82983e+07 5.51058e+07 
30.9769 7.02191 12.6597 22.8421 41.2547 74.5594 134.894 244.405 443.48 805.632 1466.67 2677.16 4894.6 8974.02 16516.8 30511.2 -1.33639e+06 68680.2 83929 103621 128994 161874 205370 264174 343398 451232 603883 818210 1.12149e+06 1.55973e+06 2.20051e+06 3.13456e+06 4.50672e+06 6.55634e+06 9.56884e+06 1.39667e+07 2.02295e+07 2.90495e+07 4.17053e+07 6.00309e+07 
21.1162 4.78691 8.6308 15.5738 28.1299 50.844 91.9977 166.706 302.538 549.692 1000.93 1827.44 3341.99 6129.33 11285.1 20855.5 38651 -1.55876e+06 88073.7 108822 135587 170316 216328 278644 362748 477446 640189 869203 1.19402e+06 1.66454e+06 2.35408e+06 3.36143e+06 4.84441e+06 7.063e+06 1.0329e+07 1.51033e+07 2.19066e+07 3.14853e+07 4.52305e+07 6.51334e+07 
14.259 3.23262 5.82883 10.5187 19.0008 34.3473 62.1563 112.648 204.466 371.577 676.751 1235.9 2260.88 4148.01 7640.26 14126.2 26194.4 48844.3 -1.82648e+06 112755 141448 177877 226223 291831 380559 501827 674346 917744 1.26388e+06 1.7667e+06 2.5055e+06 3.58755e+06 5.18438e+06 7.57758e+06 1.1107e+07 1.62742e+07 2.3643e+07 3.40149e+07 4.8899e+07 7.04508e+07 
9.59084 2.17447 3.92119 7.07684 12.785 23.114 41.8346 75.8313 137.668 250.245 455.894 832.819 1524.08 2797.42 5155.1 9536.72 17696.1 33022.9 61697.5 -2.1475e+06 146100 183978 234350 302877 395784 523105 704829 962039 1.32904e+06 1.86404e+06 2.65275e+06 3.81158e+06 5.52699e+06 8.1037e+06 1.19123e+07 1.74991e+07 2.54737e+07 3.66945e+07 5.27976e+07 7.61132e+07 
6.40991 1.4534 2.62114 4.73108 8.54819 15.4567 27.9802 50.7283 92.116 167.488 305.224 557.773 1021.18 1875.26 3457.67 6400.68 11886.1 22200.3 41760.9 78830.4 -2.54042e+06 189028 241220 312425 409242 542339 733033 1.00396e+06 1.39207e+06 1.96018e+06 2.80104e+06 4.0412e+06 5.88375e+06 8.6589e+06 1.27719e+07 1.88187e+07 2.74601e+07 3.96142e+07 5.70573e+07 8.23112e+07 
4.25624 0.965157 1.74081 3.1425 5.67871 10.2699 18.5945 33.7194 61.2457 111.393 203.069 371.239 679.991 1249.41 2305.14 4270.25 7936.8 14838.7 27944.2 52820.7 100583 -3.02773e+06 244532 321134 421800 560684 760547 1.04574e+06 1.45615e+06 2.0598e+06 2.95744e+06 4.28722e+06 6.27144e+06 9.26947e+06 1.37266e+07 2.02969e+07 2.96991e+07 4.29174e+07 6.18886e+07 8.93515e+07 
2.82042 0.639633 1.15382 2.08317 3.76503 6.81033 12.3335 22.3712 40.6455 73.9517 134.868 246.668 452.065 831.146 1534.55 2845.12 5293.33 9907.75 18682.3 35369.4 67473.5 128546 -3.64266e+06 329083 433626 578465 787988 1.08853e+06 1.52338e+06 2.16671e+06 3.12879e+06 4.56173e+06 6.71112e+06 9.97136e+06 1.48367e+07 2.20318e+07 3.23451e+07 4.68373e+07 6.76373e+07 9.7742e+07 
1.875 0.425275 0.767258 1.38548 2.50452 4.53128 8.20825 14.893 27.0678 49.2683 89.8938 164.499 301.668 555.043 1025.64 1903.44 3545.5 6645.17 12549.3 23802.6 45505.1 87903.1 171357 -4.41532e+06 444550 595593 815496 1.13296e+06 1.59541e+06 2.28461e+06 3.32273e+06 4.87961e+06 7.23062e+06 1.08147e+07 1.61889e+07 2.41689e+07 3.56321e+07 5.17308e+07 7.48364e+07 1.08268e+08 
1.2445 0.282306 0.509403 0.920022 1.66346 3.01035 5.45471 9.90023 18.0003 32.7786 59.8379 109.563 201.065 370.245 684.798 1272.26 2372.93 4454.12 8425.81 16014.6 30689.9 59446.3 116254 228886 -5.4145e+06 614962 846980 1.18445e+06 1.67993e+06 2.42478e+06 3.55642e+06 5.2676e+06 7.87257e+06 1.18682e+07 1.78941e+07 2.68857e+07 3.98361e+07 5.80125e+07 8.40993e+07 1.21827e+08 
0.823882 0.18692 0.337344 0.609391 1.10207 1.99494 3.61595 6.56524 11.9416 21.7566 39.7396 72.8097 133.721 246.459 456.314 848.784 1585.38 2980.76 5649.23 10762 20679.1 40177.4 78852.9 155918 312676 -6.73775e+06 881315 1.24649e+06 1.78254e+06 2.59655e+06 3.8459e+06 5.75357e+06 8.68568e+06 1.32166e+07 2.00965e+07 3.04222e+07 4.5342e+07 6.627e+07 9.63047e+07 1.39715e+08 
0.548522 0.124468 0.224678 0.40596 0.734358 1.32974 2.41109 4.37945 7.96962 14.5282 26.5538 48.6868 89.4973 165.123 306.082 570.125 1066.67 2009.35 3816.48 7290.07 14051.7 27399 54001.5 107328 216503 443075 -8.44524e+06 1.30417e+06 1.8844e+06 2.77712e+06 4.16606e+06 6.31487e+06 9.661e+06 1.48857e+07 2.28931e+07 3.50063e+07 5.25865e+07 7.72324e+07 1.12599e+08 1.63663e+08 
0.361379 0.0820168 0.148082 0.267627 0.484255 0.877154 1.59108 2.89127 5.26414 9.60216 17.5625 32.2266 59.2967 109.525 203.281 379.208 710.761 1341.68 2554.37 4893.53 9464.68 18527.5 36686.7 73330.9 148898 308187 641380 -1.07248e+07 1.9827e+06 2.9623e+06 4.51206e+06 6.94894e+06 1.08063e+07 1.69116e+07 2.63798e+07 4.08479e+07 6.19669e+07 9.15644e+07 1.3403e+08 1.95253e+08 
0.232478 0.0527721 0.0953019 0.172283 0.311827 0.565026 1.02533 1.86406 3.39572 6.19806 11.3447 20.8347 38.3748 70.9651 131.892 246.425 462.773 875.5 1671.03 3211.33 6233.96 12254.9 24388.8 49052.3 100318 209354 440220 941828 -1.38211e+07 3.09402e+06 4.84898e+06 7.60965e+06 1.2068e+07 1.92476e+07 3.05481e+07 4.80363e+07 7.37533e+07 1.098e+08 1.61514e+08 2.3592e+08 
0.14412 0.0327214 0.0591062 0.106879 0.193507 0.350763 0.636789 1.15826 2.11118 3.85608 7.06358 12.9838 23.9404 44.3278 82.5036 154.409 290.567 551.011 1054.53 2033.39 3962.95 7826.22 15660.5 31711.8 65370.4 137676 292895 635279 1.39683e+06 -1.80849e+07 5.04642e+06 8.10548e+06 1.31747e+07 2.15322e+07 3.49501e+07 5.60721e+07 8.74515e+07 1.31482e+08 1.94649e+08 2.8527e+08 
0.0841127 0.0191011 0.0345116 0.0624231 0.113054 0.205006 0.37234 0.67759 1.23577 2.25872 4.14083 7.61827 14.0626 26.0718 48.5966 91.1072 171.807 326.595 626.78 1212.79 2373.37 4709.39 9477.68 19329.7 40183.2 85464 184147 405540 917473 2.11498e+06 -2.38748e+07 8.09132e+06 1.35724e+07 2.2923e+07 3.83712e+07 6.33048e+07 1.00929e+08 1.53891e+08 2.29904e+08 3.38478e+08 
0.0443355 0.0100701 0.018199 0.0329266 0.0596517 0.10821 0.19662 0.35799 0.653265 1.19486 2.19223 4.03686 7.45984 13.8481 25.8499 48.5455 91.7377 174.81 336.412 653.2 1283.54 2559.04 5179.75 10640.7 22309.9 47926.6 104630 234116 539712 1.27337e+06 3.033e+06 -3.21875e+07 1.28739e+07 2.26371e+07 3.93892e+07 6.73586e+07 1.10531e+08 1.71711e+08 2.59657e+08 3.84581e+08 
0.0211637 0.00480795 0.00869111 0.0157287 0.0285037 0.0517255 0.0940269 0.171279 0.312729 0.572388 1.05099 1.93704 3.58337 6.66035 12.4506 23.4213 44.3511 84.7139 163.472 318.495 628.385 1258.76 2562.4 5301.9 11211.8 24328.5 53825.4 122423 287810 695967 1.71073e+06 4.32895e+06 -4.45206e+07 2.09073e+07 3.82143e+07 6.83496e+07 1.16346e+08 1.85161e+08 2.84439e+08 4.24553e+08 
0.00878305 0.00199569 0.0036083 0.00653173 0.0118402 0.0214936 0.0390866 0.0712321 0.130126 0.238318 0.4379 0.807733 1.49572 2.78329 5.20981 9.81558 18.6222 35.6474 68.9607 134.779 266.907 536.976 1098.83 2288.73 4878.29 10684.5 23936.4 55296.1 132486 328293 833916 2.19694e+06 6.03426e+06 -6.23141e+07 3.14788e+07 6.01402e+07 1.08509e+08 1.79811e+08 2.83827e+08 4.29555e+08 
0.00311262 0.000707369 0.00127922 0.00231617 0.00419965 0.00762607 0.0138732 0.0252933 0.0462275 0.0847123 0.155758 0.287521 0.532904 0.992701 1.86042 3.51012 6.67102 12.7956 24.8103 48.6295 96.6308 195.177 401.309 840.935 1805.33 3987.69 9035.66 21171.2 51611.1 130794 342626 938294 2.70717e+06 7.72651e+06 -8.86318e+07 4.59195e+07 8.96661e+07 1.57763e+08 2.59863e+08 4.02734e+08 
0.000932019 0.000211841 0.000383167 0.00069391 0.00125848 0.0022859 0.00415985 0.00758692 0.0138723 0.0254343 0.0467932 0.0864355 0.160335 0.298959 0.560889 1.0596 2.01692 3.87559 7.53006 14.7973 29.4928 59.7804 123.44 260.056 561.864 1250.42 2861.97 6790.59 16810.9 43465.9 117089 332368 1.00297e+06 3.05769e+06 9.51177e+06 -1.27659e+08 6.45696e+07 1.24737e+08 2.18975e+08 3.52971e+08 
0.000230247 5.23396e-05 9.46827e-05 0.000171497 0.000311086 0.000565179 0.00102877 0.00187686 0.00343289 0.00629665 0.0115897 0.0214196 0.0397581 0.0741882 0.139306 0.263434 0.50205 0.966065 1.88003 3.70189 7.3959 15.0326 31.1443 65.8894 143.071 320.28 738.852 1770.36 4435.76 11650.2 32082 93729 293406 948113 3.19195e+06 1.10967e+07 -1.81882e+08 8.31759e+07 1.6241e+08 2.8204e+08 
4.57859e-05 1.04088e-05 1.88313e-05 3.41122e-05 6.18848e-05 0.000112448 0.000204716 0.000373548 0.000683388 0.0012538 0.00230844 0.00426776 0.00792483 0.0147946 0.0277952 0.0525948 0.100311 0.193192 0.376342 0.741963 1.48453 3.02257 6.27497 13.3099 28.9899 65.1322 150.985 363.981 918.84 2437.14 6806.25 20259.9 64970.7 218604 781418 2.9827e+06 1.1573e+07 -2.4852e+08 9.78516e+07 1.99284e+08 
7.15278e-06 1.62618e-06 2.94222e-06 5.33013e-06 9.67049e-06 1.75735e-05 3.19972e-05 5.83934e-05 0.000106844 0.000196062 0.000361057 0.000667669 0.00124016 0.00231599 0.00435282 0.00824021 0.0157246 0.0303034 0.0590735 0.116567 0.233469 0.475918 0.989428 2.1024 4.58876 10.3349 24.0351 58.1747 147.579 393.954 1110.25 3345.18 10897.7 37676.8 140541 571725 2.46742e+06 1.06843e+07 -3.28789e+08 1.19785e+08 
8.47643e-07 1.92718e-07 3.487e-07 6.31739e-07 1.14624e-06 2.08314e-06 3.79322e-06 6.92313e-06 1.26689e-05 2.32508e-05 4.28241e-05 7.92042e-05 0.000147148 0.000274865 0.00051674 0.000978536 0.00186804 0.00360151 0.00702423 0.0138689 0.027797 0.0567079 0.118005 0.251028 0.548614 1.23743 2.88325 6.99439 17.791 47.651 134.903 408.909 1342.45 4706.1 17976.1 76059.4 353639 1.79586e+06 9.8861e+06 -4.17955e+08 
dt_FE: 2.39259e-09
dt_EA: 2.39259e-09
dt_PE: 2.39259e-09
tolC: 1e-06
dt_grow: 1.03
dt_max: 0.1
steps: 0
