t: 2.28124e-08
dt: 2.39688e-09
N: 0.0145902 0.0168289 0.0193987 0.0223476 0.025728 0.0295905 0.0339991 0.039024 0.044734 0.0511889 0.0584803 0.0666909 0.0758447 0.0860229 0.0972929 0.109646 0.122976 0.137317 0.152589 0.168244 0.184141 0.199963 0.214903 0.22773 0.238085 0.245096 0.245586 0.239367 0.225689 0.202639 0.174919 0.270704 0.173991 0.0396787 0.0159578 0.00531049 0.00143337 0.00030981 5.2432e-05 6.70431e-06 
eC: 1 1.15749 1.33977 1.55077 1.795 2.07768 2.40489 2.78363 3.22201 3.72944 4.31677 4.99661 5.78351 6.69433 7.7486 8.9689 10.3814 12.0163 13.9087 16.0991 18.6345 21.5692 24.9661 28.8979 33.4489 38.7167 44.814 51.8717 60.0407 69.4963 80.4411 93.1095 107.773 124.746 144.391 167.131 193.452 223.918 259.182 300 
dV: 1.08333 0.211322 0.327712 0.508206 0.788112 1.22218 1.89532 2.93921 4.55805 7.06849 10.9616 16.999 26.3615 40.8807 63.3966 98.3136 152.462 236.434 366.655 568.597 881.764 1367.42 2120.55 3288.49 5099.69 7908.45 12264.2 19019 29494.1 45738.6 70930.1 109996 170579 264529 410225 636165 986546 1.52991e+06 2.37254e+06 3.67926e+06 
kVec: 874374 1.01504e+06 1.17098e+06 1.35104e+06 1.55876e+06 1.79771e+06 2.07246e+06 2.38817e+06 2.75044e+06 3.16432e+06 3.63771e+06 4.17856e+06 4.79174e+06 5.48708e+06 6.27441e+06 7.16207e+06 8.1506e+06 9.25527e+06 1.04868e+07 1.18235e+07 1.32803e+07 1.48627e+07 1.65593e+07 1.83116e+07 2.01624e+07 2.21491e+07 2.40983e+07 2.61826e+07 2.85825e+07 3.15519e+07 3.53546e+07 4.10776e+07 5.07399e+07 6.6116e+07 9.06035e+07 1.28362e+08 1.81784e+08 2.48011e+08 3.28094e+08 4.17209e+08 
cMat: 
-177105 946.124 1111.75 1294.99 1509.63 1762.35 2060.08 2411.14 2826.73 3322.24 3912.35 4616.98 5469.58 6501.5 7753.42 9287.47 11194.5 13559.8 16510.5 20295.3 25139 31370.8 39544.9 50487.3 65084.2 84742.3 112224 150339 203599 279574 389324 547455 777169 1.11749e+06 1.61347e+06 2.33236e+06 3.35275e+06 4.79169e+06 6.85572e+06 9.84398e+06 
4801.01 -209694 1278.44 1489.17 1736.01 2026.64 2369.05 2772.8 3250.77 3820.67 4499.4 5309.88 6290.6 7477.63 8917.81 10682.7 12876.8 15598.3 18993.7 23349.5 28924.5 36097.9 45508.4 58108 74918.1 97560.8 129221 173140 234521 322099 448634 630981 895919 1.28848e+06 1.86065e+06 2.69008e+06 3.86743e+06 5.52767e+06 7.90916e+06 1.1357e+07 
3595.17 814.722 -241349 1710.37 1993.89 2327.73 2721.04 3184.82 3733.88 4388.57 5168.29 6099.42 7226.19 8590.09 10244.9 12273 14794.6 17922.6 21825.5 26833 33243 41491.9 52315.2 66809.1 86150.2 112207 148650 199215 269903 370782 516569 726704 1.03208e+06 1.48462e+06 2.14433e+06 3.10079e+06 4.45852e+06 6.37308e+06 9.1194e+06 1.30955e+07 
2663.85 603.674 1087.98 -278323 2287.59 2670.63 3121.92 3654.09 4284.14 5035.42 5930.23 6998.84 8292.06 9857.54 11757.1 14085.3 16980.3 20571.9 25053.8 30804.9 38167.9 47644.9 60081.7 76740 98974.1 128936 170850 229024 310369 426488 594343 836346 1.18812e+06 1.7095e+06 2.46971e+06 3.57204e+06 5.13694e+06 7.34359e+06 1.05089e+07 1.50917e+07 
1971.15 446.699 805.076 1452.06 -321421 3033.12 3577.59 4187.52 4909.65 5770.77 6796.46 8021.42 9503.97 11298.8 13476.8 16146.4 19466.5 23585.9 28727 35325.2 43774.2 54650.8 68927.5 88054.7 113590 148010 196176 263045 356578 490137 683256 961762 1.3667e+06 1.967e+06 2.84247e+06 4.11213e+06 5.91472e+06 8.45646e+06 1.21025e+07 1.73812e+07 
1457.08 330.205 595.127 1073.4 1920.58 -371504 4092.18 4789.95 5616.11 6601.35 7774.93 9176.62 10873.2 12927.3 15420.2 18476.2 22277.2 26994.1 32881.7 40439.5 50119.2 62582.9 78947 100877 130164 169651 224929 301700 409122 562571 784528 1.10473e+06 1.57043e+06 2.261e+06 3.26834e+06 4.72955e+06 6.80431e+06 9.72968e+06 1.39261e+07 2.00017e+07 
1075.46 243.724 439.268 792.298 1430.38 2583.88 -429663 5468.98 6412.45 7537.67 8878.08 10479.1 12417.2 14763.9 17612.3 21104.5 25448.8 30840.7 37572 46214.9 57287 71547.3 90275.5 115383 148923 194163 257521 345549 468775 644876 899701 1.26746e+06 1.80254e+06 2.59619e+06 3.75423e+06 5.43447e+06 7.82046e+06 1.11845e+07 1.60103e+07 2.29971e+07 
792.199 179.533 323.581 583.645 1053.71 1903.49 3441.99 -497146 7231.69 8590.76 10118.9 11944.3 14154.3 16830.5 20079.2 24062.9 29019.5 35172.4 42855.3 52722.7 65366.8 81656.4 103057 131757 170113 221869 294388 395192 536371 738227 1.03045e+06 1.45238e+06 2.06653e+06 2.97774e+06 4.30775e+06 6.23804e+06 8.97945e+06 1.28444e+07 1.83888e+07 2.64162e+07 
582.333 131.974 237.866 429.05 774.62 1399.36 2530.47 4534.34 -575589 9768.02 11506.2 13582.7 16097 19142.1 22839.2 27373.4 33016.2 40022.4 48772.9 60014.8 74424.7 92995.2 117402 150148 193931 253038 335903 451151 612649 843690 1.17834e+06 1.66177e+06 2.3658e+06 3.41074e+06 4.93652e+06 7.15163e+06 1.0298e+07 1.47336e+07 2.10968e+07 3.03098e+07 
427.293 96.8387 174.544 314.839 568.435 1026.92 1857.05 3362.9 6098.38 -666379 13041.1 15395.8 18247.2 21701.4 25895.6 31040.7 37445.4 45399.6 55336.7 68107.9 84484.2 105597 133358 170625 220478 287820 382294 513774 698142 962083 1.34464e+06 1.89761e+06 2.70339e+06 3.89988e+06 5.64775e+06 8.18626e+06 1.17926e+07 1.68763e+07 2.41694e+07 3.47288e+07 
312.598 70.8464 127.698 230.345 415.895 751.371 1358.81 2460.77 4462.67 8101.57 -771835 17400.4 20625.2 24532.3 29277.5 35099.7 42349.4 51355.7 62610.7 77081.7 95645.4 119589 151089 193401 250038 326594 434076 583773 793847 1.09483e+06 1.53139e+06 2.16287e+06 3.08369e+06 4.45167e+06 6.45111e+06 9.35626e+06 1.34843e+07 1.9303e+07 2.76505e+07 3.97369e+07 
227.869 51.6447 93.0897 167.923 303.201 547.795 990.702 1794.23 3254.07 5907.9 10748.2 -894480 23066.1 27646.2 32998.5 39567.3 47749.4 57917.2 70628.3 86979.1 107964 135045 170693 218611 282795 369616 491618 661682 900546 1.24308e+06 1.74033e+06 2.46018e+06 3.51066e+06 5.07217e+06 7.3558e+06 1.06755e+07 1.53937e+07 2.20436e+07 3.15839e+07 4.53975e+07 
165.668 37.5485 67.6833 122.097 220.467 398.338 720.445 1304.86 2366.7 4297.23 7818.71 14155.8 -1.03665e+06 31000.4 37008.6 44384.7 53576 65002.3 79292.8 97686 121306 151806 191983 246034 318495 416601 554607 747179 1.01795e+06 1.40666e+06 1.97152e+06 2.79005e+06 3.98567e+06 5.76416e+06 8.36699e+06 1.2153e+07 1.75355e+07 2.51207e+07 3.60032e+07 5.17604e+07 
119.955 27.1884 49.0105 88.416 159.657 288.483 521.793 945.13 1714.39 3113.13 5664.92 10335.1 18883.7 -1.20209e+06 41311.2 49556.5 59835.5 72619.9 88616.6 109219 135695 169906 215010 275748 357253 467719 623306 840672 1.14668e+06 1.58655e+06 2.22651e+06 3.15494e+06 4.51259e+06 6.53374e+06 9.49418e+06 1.38034e+07 1.99318e+07 2.85669e+07 4.09562e+07 5.88953e+07 
86.3973 19.5831 35.3023 63.6892 115.013 207.829 375.936 680.994 1235.38 2243.57 4083.12 7450.32 13615.2 24950 -1.39483e+06 54454.7 66511.9 80751.6 98579.4 121558 151108 189323 239753 307739 399072 523005 697806 942353 1.28712e+06 1.78342e+06 2.50647e+06 3.55682e+06 5.09472e+06 7.38633e+06 1.07461e+07 1.56406e+07 2.26039e+07 3.24141e+07 4.64896e+07 6.68708e+07 
61.8984 14.0306 25.2942 45.6358 82.416 148.937 269.431 488.111 885.574 1608.49 2927.77 5343.09 9766.3 17901 32569.5 -1.62086e+06 73486.7 89256.7 109013 134499 167303 209766 265864 341587 443446 581855 777396 1.0514e+06 1.43834e+06 1.9963e+06 2.81051e+06 3.99511e+06 5.73215e+06 8.32334e+06 1.21266e+07 1.76724e+07 2.55658e+07 3.66844e+07 5.26379e+07 7.57385e+07 
44.1359 10.0048 18.0376 32.5455 58.7797 106.232 192.197 348.229 631.87 1147.86 2089.71 3814.42 6973.83 12786.2 23533.1 43472.4 -1.88394e+06 97855.7 119582 147639 183790 230638 292612 376396 489274 642916 860414 1.16579e+06 1.59789e+06 2.22231e+06 3.13529e+06 4.46613e+06 6.42118e+06 9.34148e+06 1.36337e+07 1.98997e+07 2.88231e+07 4.13897e+07 5.94218e+07 8.55321e+07 
31.2298 7.07961 12.7645 23.0329 41.6027 75.1958 136.06 246.551 447.439 812.968 1480.32 2702.7 4942.65 9064.98 16690.2 30844.3 57163 -2.19352e+06 130257 160942 200527 251890 319939 412101 536487 706119 946809 1.28551e+06 1.7659e+06 2.46178e+06 3.48158e+06 4.97139e+06 7.16465e+06 1.04458e+07 1.52761e+07 2.2337e+07 3.23988e+07 4.65652e+07 6.68937e+07 9.63291e+07 
21.8966 4.96412 8.95094 16.1528 29.1783 52.7448 95.4493 172.986 313.985 570.606 1039.24 1897.88 3471.89 6369.82 11732.6 21692.7 40225 75006.9 -2.56058e+06 173150 217212 273154 347395 448145 584399 770622 1.03555e+06 1.40932e+06 1.94086e+06 2.71299e+06 3.84753e+06 5.50916e+06 7.96131e+06 1.16364e+07 1.70562e+07 2.49911e+07 3.63069e+07 5.22343e+07 7.50909e+07 1.08186e+08 
15.2564 3.45899 6.23753 11.2573 20.3373 36.7681 66.5473 120.627 218.993 398.071 725.203 1324.79 2424.4 4449.92 8200.35 15170.3 28149.6 52530.3 98143.7 -2.99184e+06 232406 292658 372787 481795 629584 832117 1.12119e+06 1.53034e+06 2.11415e+06 2.96517e+06 4.2198e+06 6.06317e+06 8.79192e+06 1.28908e+07 1.89492e+07 2.78362e+07 4.05216e+07 5.83709e+07 8.39865e+07 1.21075e+08 
10.52 2.38534 4.30186 7.76472 14.0294 25.3678 45.9216 83.256 151.182 274.885 500.939 915.426 1675.97 3077.71 5674.78 10504.9 19507.7 36435.5 68538.7 129378 -3.50678e+06 310235 395894 512756 671654 890094 1.20307e+06 1.64772e+06 2.28469e+06 3.21707e+06 4.59712e+06 6.63247e+06 9.6565e+06 1.42111e+07 2.09614e+07 3.08856e+07 4.50679e+07 6.50154e+07 9.36433e+07 1.3509e+08 
7.16058 1.62375 2.92869 5.28686 9.55371 17.2778 31.2829 56.7286 103.038 187.405 341.638 624.562 1144 2101.97 3878.1 7184.16 13352.7 24964.2 47012.5 88864.1 169217 -4.12621e+06 411393 540267 709625 943279 1.27952e+06 1.75933e+06 2.44978e+06 3.46535e+06 4.97552e+06 7.21269e+06 1.05509e+07 1.55947e+07 2.30933e+07 3.4147e+07 4.99649e+07 7.22031e+07 1.0412e+08 1.50323e+08 
4.81366 1.09167 1.96925 3.55538 6.42584 11.6233 21.0497 38.1813 69.3703 126.215 230.181 420.993 771.547 1418.53 2619.04 4855.82 9034.21 16909.7 31885.4 60365.6 115158 219391 -4.88385e+06 561652 740076 987276 1.34487e+06 1.85781e+06 2.59997e+06 3.69797e+06 5.33995e+06 7.78558e+06 1.1454e+07 1.70183e+07 2.5322e+07 3.76019e+07 5.52039e+07 7.9938e+07 1.15438e+08 1.66818e+08 
3.19787 0.72532 1.30858 2.36297 4.27153 7.72822 13.9994 25.4005 46.1649 84.0285 153.316 280.558 514.503 946.641 1749.26 3246.37 6046.95 11333.5 21403.3 40596 77610.4 149921 292254 -5.80176e+06 758193 1.0158e+06 1.39085e+06 1.9323e+06 2.72102e+06 3.89648e+06 5.66701e+06 8.32231e+06 1.2332e+07 1.84447e+07 2.76106e+07 4.12207e+07 6.07716e+07 8.82284e+07 1.27636e+08 1.84653e+08 
2.08542 0.473065 0.853614 1.54169 2.78748 5.04448 9.14053 16.5899 30.1633 54.9275 100.271 183.596 336.927 620.425 1147.53 2131.95 3976.35 7463.83 14119.2 26835.8 51427.4 99614.9 194809 383548 -6.94457e+06 1.0305e+06 1.4193e+06 1.9848e+06 2.81508e+06 4.06323e+06 5.95954e+06 8.82699e+06 1.31922e+07 1.98877e+07 2.99854e+07 4.50527e+07 6.6754e+07 9.72123e+07 1.40926e+08 2.04147e+08 
1.33054 0.30187 0.5448 0.984147 1.77981 3.22177 5.83965 10.6027 19.2854 35.1363 64.1783 117.585 215.955 398.024 736.933 1370.76 2560.33 4813.83 9123.33 17380.3 33396.1 64885.3 127345 251802 504962 -8.40385e+06 1.4233e+06 2.01304e+06 2.87875e+06 4.19335e+06 6.21101e+06 9.29185e+06 1.40271e+07 2.13444e+07 3.24553e+07 4.9131e+07 7.3226e+07 1.07024e+08 1.55529e+08 2.25636e+08 
0.835237 0.189527 0.342119 0.618157 1.11821 2.02479 3.67137 6.6686 12.1354 22.1222 40.4336 74.1356 136.278 251.433 466.072 868.131 1624.22 3059.65 5811.37 11100.6 21396.6 41720.6 82228.3 163429 329670 674671 -1.02237e+07 1.98586e+06 2.86938e+06 4.22873e+06 6.34367e+06 9.61567e+06 1.47108e+07 2.26665e+07 3.48594e+07 5.33041e+07 8.00736e+07 1.17602e+08 1.71454e+08 2.4921e+08 
0.509842 0.115711 0.208917 0.377575 0.683199 1.23751 2.24474 4.07907 7.42678 13.547 24.7776 45.4661 83.6573 154.521 286.795 534.996 1002.76 1892.88 3603.76 6903.91 13353 26139 51758.5 103457 210069 434799 904875 -1.25816e+07 2.79724e+06 4.17928e+06 6.36572e+06 9.80373e+06 1.52459e+07 2.38593e+07 3.72173e+07 5.76292e+07 8.74244e+07 1.29181e+08 1.89093e+08 2.75468e+08 
0.30036 0.0681811 0.123129 0.222588 0.402877 0.730009 1.32471 2.40835 4.38724 8.00784 14.6573 26.9182 49.5799 91.6863 170.403 318.379 597.898 1131.14 2158.96 4149.01 8054.23 15833.3 31510.1 63375.1 129610 270484 568760 1.21683e+06 -1.57e+07 3.99744e+06 6.26483e+06 9.83161e+06 1.55918e+07 2.48677e+07 3.94679e+07 6.20624e+07 9.52886e+07 1.41861e+08 2.08675e+08 3.04806e+08 
0.170107 0.0386215 0.0697639 0.126151 0.2284 0.414011 0.751611 1.36711 2.49185 4.55139 8.33725 15.3249 28.2572 52.3208 97.3803 182.251 342.96 650.366 1244.68 2400.04 4677.54 9237.4 18484.3 37429.9 77157.6 162502 345709 749830 1.6487e+06 -1.99179e+07 5.95636e+06 9.56702e+06 1.55503e+07 2.54148e+07 4.12522e+07 6.61828e+07 1.0322e+08 1.5519e+08 2.29747e+08 3.36709e+08 
0.0910805 0.0206834 0.0373705 0.0675941 0.122419 0.221989 0.403184 0.733721 1.33814 2.44583 4.48385 8.24935 15.2275 28.2315 52.6222 98.6544 186.04 353.65 678.702 1313.25 2569.98 5099.51 10262.8 20931 43511.9 92543.7 199402 439134 993476 2.29018e+06 -2.55992e+07 8.7616e+06 1.46967e+07 2.48219e+07 4.15498e+07 6.85489e+07 1.0929e+08 1.6664e+08 2.48949e+08 3.66517e+08 
0.0385667 0.00875983 0.015831 0.0286423 0.05189 0.09413 0.171037 0.31141 0.568264 1.03939 1.90698 3.5116 6.48919 12.0462 22.4864 42.2289 79.8011 152.064 292.639 568.208 1116.53 2226.07 4505.78 9256.14 19407 41690.5 91016.1 203653 469486 1.10768e+06 2.63836e+06 -3.46774e+07 1.11988e+07 1.96916e+07 3.4264e+07 5.85941e+07 9.6149e+07 1.49368e+08 2.25872e+08 3.34541e+08 
0.0191057 0.00434042 0.00784598 0.0141992 0.0257319 0.0466957 0.0848837 0.154624 0.282319 0.516728 0.948788 1.74868 3.23492 6.01269 11.2399 21.1438 40.0383 76.4763 147.576 287.524 567.281 1136.36 2313.23 4786.34 10121.5 21962.8 48591.4 110519 259823 628291 1.54438e+06 3.908e+06 -4.66144e+07 1.88743e+07 3.44984e+07 6.17033e+07 1.05032e+08 1.67156e+08 2.5678e+08 3.8327e+08 
0.00876017 0.00199049 0.00359891 0.00651472 0.0118093 0.0214376 0.0389849 0.0710466 0.129787 0.237698 0.43676 0.80563 1.49183 2.77604 5.19625 9.79002 18.5737 35.5546 68.7811 134.428 266.212 535.578 1095.97 2282.77 4865.59 10656.7 23874.1 55152.1 132141 327438 831744 2.19122e+06 6.01854e+06 -6.30402e+07 3.13969e+07 5.99836e+07 1.08227e+08 1.79342e+08 2.83087e+08 4.28437e+08 
0.00310704 0.0007061 0.00127692 0.00231201 0.00419212 0.00761239 0.0138483 0.0252479 0.0461446 0.0845603 0.155479 0.287005 0.531948 0.990919 1.85708 3.50383 6.65905 12.7727 24.7657 48.5423 96.4574 194.827 400.589 839.426 1802.09 3980.54 9019.44 21133.2 51518.5 130559 342011 936610 2.70232e+06 7.71264e+06 -8.90045e+07 4.58371e+07 8.95052e+07 1.5748e+08 2.59397e+08 4.02012e+08 
0.000931317 0.000211681 0.000382878 0.000693387 0.00125754 0.00228418 0.00415671 0.00758121 0.0138618 0.0254152 0.0467579 0.0863704 0.160214 0.298734 0.560466 1.05881 2.0154 3.87267 7.52439 14.7861 29.4706 59.7354 123.347 259.86 561.441 1249.48 2859.81 6785.47 16798.3 43433.1 117001 332118 1.00222e+06 3.05539e+06 9.5046e+06 -1.2764e+08 6.4521e+07 1.24643e+08 2.1881e+08 3.52705e+08 
0.000230197 5.23282e-05 9.46621e-05 0.00017146 0.000311018 0.000565056 0.00102854 0.00187645 0.00343215 0.00629528 0.0115872 0.0214149 0.0397495 0.0741721 0.139276 0.263376 0.501941 0.965855 1.87963 3.70108 7.39429 15.0294 31.1375 65.8751 143.04 320.21 738.691 1769.98 4434.8 11647.7 32075 93708.6 293342 947907 3.19126e+06 1.10942e+07 -1.81514e+08 8.31578e+07 1.62375e+08 2.81979e+08 
4.57837e-05 1.04083e-05 1.88304e-05 3.41106e-05 6.18819e-05 0.000112442 0.000204706 0.00037353 0.000683355 0.00125374 0.00230833 0.00426756 0.00792445 0.0147939 0.0277939 0.0525923 0.100306 0.193183 0.376324 0.741928 1.48446 3.02242 6.27467 13.3092 28.9885 65.1291 150.977 363.964 918.796 2437.03 6805.93 20259 64967.6 218593 781381 2.98256e+06 1.15725e+07 -2.47932e+08 9.78469e+07 1.99275e+08 
7.15272e-06 1.62616e-06 2.9422e-06 5.33009e-06 9.67042e-06 1.75734e-05 3.19969e-05 5.8393e-05 0.000106844 0.00019606 0.000361054 0.000667664 0.00124015 0.00231597 0.00435279 0.00824014 0.0157245 0.0303031 0.059073 0.116566 0.233467 0.475914 0.98942 2.10238 4.58873 10.3348 24.0349 58.1742 147.578 393.951 1110.24 3345.15 10897.6 37676.5 140539 571721 2.4674e+06 1.06842e+07 -3.28076e+08 1.19785e+08 
8.47642e-07 1.92718e-07 3.48699e-07 6.31739e-07 1.14624e-06 2.08314e-06 3.79322e-06 6.92312e-06 1.26689e-05 2.32508e-05 4.2824e-05 7.92041e-05 0.000147148 0.000274864 0.000516739 0.000978535 0.00186803 0.0036015 0.00702422 0.0138688 0.027797 0.0567078 0.118005 0.251027 0.548613 1.23743 2.88325 6.99438 17.791 47.6509 134.903 408.909 1342.45 4706.09 17976.1 76059.3 353638 1.79586e+06 9.88609e+06 -4.17206e+08 
dt_FE: 2.39688e-09
dt_EA: 2.39688e-09
dt_PE: 2.39688e-09
tolC: 1e-06
dt_grow: 1.03
dt_max: 0.1
steps: 0
