t: 8.20355e-08
dt: 2.39247e-09
N: 0.058801 0.067529 0.0774521 0.0887158 0.101466 0.115821 0.131932 0.149944 0.16996 0.192009 0.216194 0.242526 0.270751 0.300765 0.332349 0.364989 0.397862 0.430568 0.462341 0.491383 0.517021 0.53822 0.553149 0.559503 0.556536 0.542418 0.512819 0.467249 0.40495 0.326548 0.238256 0.159411 0.0836794 0.03674 0.0140123 0.00450267 0.00120052 0.000259203 4.39127e-05 5.62258e-06 
eC: 1 1.15749 1.33977 1.55077 1.795 2.07768 2.40489 2.78363 3.22201 3.72944 4.31677 4.99661 5.78351 6.69433 7.7486 8.9689 10.3814 12.0163 13.9087 16.0991 18.6345 21.5692 24.9661 28.8979 33.4489 38.7167 44.814 51.8717 60.0407 69.4963 80.4411 93.1095 107.773 124.746 144.391 167.131 193.452 223.918 259.182 300 
dV: 1.08333 0.211322 0.327712 0.508206 0.788112 1.22218 1.89532 2.93921 4.55805 7.06849 10.9616 16.999 26.3615 40.8807 63.3966 98.3136 152.462 236.434 366.655 568.597 881.764 1367.42 2120.55 3288.49 5099.69 7908.45 12264.2 19019 29494.1 45738.6 70930.1 109996 170579 264529 410225 636165 986546 1.52991e+06 2.37254e+06 3.67926e+06 
kVec: 969827 1.12458e+06 1.29649e+06 1.49461e+06 1.72268e+06 1.98438e+06 2.28443e+06 2.62811e+06 3.02097e+06 3.46769e+06 3.97597e+06 4.55319e+06 5.20249e+06 5.93228e+06 6.75028e+06 7.66105e+06 8.65929e+06 9.75539e+06 1.09525e+07 1.22151e+07 1.35483e+07 1.49441e+07 1.63754e+07 1.77659e+07 1.91539e+07 2.05742e+07 2.18747e+07 2.32753e+07 2.50344e+07 2.75576e+07 3.12978e+07 3.75202e+07 4.81489e+07 6.45346e+07 8.98248e+07 1.28217e+08 1.82104e+08 2.48599e+08 3.28823e+08 4.17979e+08 
cMat: 
-127312 903.676 1061.87 1236.89 1441.9 1683.28 1967.65 2302.97 2699.91 3173.19 3736.82 4409.84 5224.19 6209.81 7405.56 8870.79 10692.3 12951.4 15769.7 19384.7 24011.1 29963.3 37770.7 48222.2 62164.1 80940.3 107189 143594 194465 267030 371857 522894 742301 1.06736e+06 1.54108e+06 2.22772e+06 3.20232e+06 4.57671e+06 6.54813e+06 9.40232e+06 
4553.44 -151643 1212.52 1412.38 1646.49 1922.13 2246.88 2629.81 3083.13 3623.65 4267.37 5036.06 5966.2 7092.03 8457.94 10131.8 12212.8 14794 18014.3 22145.4 27432.9 34236.4 43161.7 55111.5 71054.8 92529.8 122557 164211 222428 305489 425499 598443 849718 1.22203e+06 1.7647e+06 2.55136e+06 3.66799e+06 5.24262e+06 7.5013e+06 1.07714e+07 
3382.33 766.489 -173956 1609.12 1875.85 2189.92 2559.95 2996.27 3512.83 4128.75 4862.32 5738.32 6798.39 8081.54 9638.42 11546.4 13918.8 16861.6 20533.4 25244.4 31274.9 39035.5 49218.1 62853.8 81049.9 105564 139849 187421 253924 348831 485987 683681 970977 1.39673e+06 2.01739e+06 2.91721e+06 4.19456e+06 5.99578e+06 8.57952e+06 1.23202e+07 
2483.01 562.693 1014.12 -200016 2132.29 2489.33 2909.99 3406.03 3993.31 4693.59 5527.66 6523.72 7729.15 9188.35 10959 13129.1 15827.6 19175.4 23353 28713.7 35576.9 44410.5 56003.1 71530.4 92255.2 120183 159252 213476 289299 397536 553996 779570 1.10746e+06 1.59345e+06 2.30206e+06 3.32955e+06 4.78822e+06 6.84507e+06 9.79551e+06 1.40672e+07 
1817.91 411.974 742.491 1339.18 -230356 2797.33 3299.48 3861.99 4527.98 5322.16 6268.11 7397.85 8765.15 10420.4 12429.1 14891.3 17953.2 21752.4 26493.9 32579.1 40371.3 50402.4 63569.2 81209.5 104760 136504 180926 242596 328858 452035 630141 886996 1.26045e+06 1.81409e+06 2.6215e+06 3.79246e+06 5.45493e+06 7.79907e+06 1.11617e+07 1.60301e+07 
1327.6 300.863 542.244 978.019 1749.92 -265550 3728.55 4364.31 5117.06 6014.75 7084.05 8361.19 9907.01 11778.6 14049.9 16834.4 20297.7 24595.4 29959.8 36846 45665.6 57021.8 71931.7 91913.2 118597 154576 204942 274891 372768 512581 714814 1.00656e+06 1.43089e+06 2.06008e+06 2.97791e+06 4.30928e+06 6.19968e+06 8.8651e+06 1.26886e+07 1.82244e+07 
966.427 219.015 394.735 711.975 1285.37 2321.93 -306312 4914.54 5762.36 6773.5 7978.02 9416.76 11158.4 13267.2 15826.7 18964.9 22868.8 27714.1 33763 41529.7 51479.3 64293.8 81123.4 103685 133825 174479 231413 310517 421251 579499 808489 1.13896e+06 1.6198e+06 2.33299e+06 3.37363e+06 4.88352e+06 7.02762e+06 1.00506e+07 1.43871e+07 2.06657e+07 
700.76 158.811 286.232 516.278 932.085 1683.78 3044.7 -353445 6396.97 7599.17 8950.93 10565.7 12520.6 14887.9 17761.6 21285.4 25669.9 31112.6 37908.7 46637.2 57821.9 72231.2 91161.5 116549 150478 196260 260409 349577 474460 653017 911513 1.28474e+06 1.828e+06 2.63403e+06 3.81053e+06 5.51801e+06 7.943e+06 1.13619e+07 1.62663e+07 2.33672e+07 
505.994 114.673 206.684 372.805 673.074 1215.92 2198.75 3939.93 -408070 8487.52 9997.84 11802.2 13986.8 16632.8 19845.2 23785 28688.1 34775.9 42379.2 52147.4 64668.3 80804.4 102011 130465 168508 219867 291869 392009 532337 733090 1.02387e+06 1.44393e+06 2.05567e+06 2.96362e+06 4.28939e+06 6.21412e+06 8.94803e+06 1.28022e+07 1.83312e+07 2.63364e+07 
363.875 82.4662 148.638 268.111 484.069 874.505 1581.43 2863.79 5193.28 -471094 11105.6 13110.8 15539 18480.5 22052.3 26433.7 31887.8 38661.5 47123.8 57999.5 71945.2 89924.6 113565 145301 187756 245103 325555 437521 594525 819293 1.14507e+06 1.61597e+06 2.30216e+06 3.32107e+06 4.80953e+06 6.97127e+06 1.00424e+07 1.43716e+07 2.05822e+07 2.95745e+07 
260.235 58.979 106.307 191.76 346.229 625.509 1131.2 2048.57 3715.13 6744.48 -544066 14485.7 17170.3 20422.9 24373.2 29220.2 35255.5 42753.1 52122.8 64169.8 79623.9 99556.9 125780 161005 208154 271886 361364 485985 660871 911434 1.27487e+06 1.80057e+06 2.56714e+06 3.70598e+06 5.37049e+06 7.789e+06 1.12256e+07 1.60695e+07 2.30188e+07 3.30806e+07 
184.938 41.9149 75.5517 136.286 246.078 444.59 804.054 1456.2 2641 4794.86 8723.27 -628711 18720.5 22437.7 26781.6 32112.9 38753.5 47005.6 57321.9 70592.3 87623.9 109603 138535 177424 229516 299981 398997 537021 730883 1.00889e+06 1.41246e+06 1.99668e+06 2.84925e+06 4.11657e+06 5.96997e+06 8.66426e+06 1.24936e+07 1.78906e+07 2.56335e+07 3.68446e+07 
130.729 29.6294 53.4088 96.3467 173.97 314.328 568.502 1029.66 1867.56 3390.93 6169.73 11170.3 -726727 24462.4 29203.4 35023.9 42276.7 51293.2 62569.8 77083.8 95722.2 119789 151493 194145 251324 328739 437639 589598 803260 1.10999e+06 1.55572e+06 2.20162e+06 3.14508e+06 4.54848e+06 6.60237e+06 9.58992e+06 1.38372e+07 1.98227e+07 2.841e+07 4.08441e+07 
91.7712 20.8004 37.4953 67.6424 122.145 220.703 399.196 723.069 1311.59 2381.69 4333.93 7906.82 14446.9 -840812 31605 37913 45777 55557.6 67795.9 83558 103813 129986 164493 210960 273315 357827 476858 643154 877265 1.21379e+06 1.70339e+06 2.41368e+06 3.45234e+06 4.99862e+06 7.26349e+06 1.05603e+07 1.52487e+07 2.1855e+07 3.13334e+07 4.50577e+07 
63.9003 14.4838 26.11 47.1051 85.0644 153.712 278.046 503.67 913.702 1659.37 3019.91 5510.33 10069.9 18453.3 -973955 40275.3 49192.9 59724.7 72910.3 89905.3 111761 140025 177324 227607 295157 386820 516104 696974 951965 1.31903e+06 1.85381e+06 2.63066e+06 3.76811e+06 5.463e+06 7.94795e+06 1.1568e+07 1.67181e+07 2.39738e+07 3.43842e+07 4.94583e+07 
44.1467 10.0068 18.0401 32.548 58.7801 106.224 192.162 348.127 631.602 1147.2 2088.12 3810.76 6965.45 12767.2 23229 -1.13086e+06 52411.6 63659 77749.4 95926.5 119323 149608 189617 243624 316271 414986 554448 749872 1.02584e+06 1.42379e+06 2.00449e+06 2.84936e+06 4.08824e+06 5.93631e+06 8.64885e+06 1.26042e+07 1.82339e+07 2.61638e+07 3.7542e+07 5.40176e+07 
30.3024 6.86901 12.384 22.3447 40.3564 72.9359 131.956 239.083 433.823 788.089 1434.73 2618.86 4788.02 8778.61 16157.1 29846.8 -1.31504e+06 67184.7 82101.4 101364 126185 158349 200898 258422 335921 441406 590734 800393 1.09706e+06 1.52577e+06 2.1526e+06 3.06631e+06 4.40859e+06 6.41358e+06 9.36048e+06 1.36625e+07 1.9789e+07 2.84169e+07 4.07972e+07 5.87237e+07 
20.6139 4.67305 8.42551 15.2034 27.4608 49.6346 89.8095 162.741 295.342 536.617 977.118 1783.97 3262.5 5983.54 11016.7 20359.4 37731.7 -1.53435e+06 85978.8 106233 132362 166265 211183 272016 354120 466089 624962 848528 1.16562e+06 1.62495e+06 2.29809e+06 3.28148e+06 4.72918e+06 6.895e+06 1.00833e+07 1.4744e+07 2.13855e+07 3.07364e+07 4.41546e+07 6.35841e+07 
13.8928 3.1496 5.67912 10.2485 18.5128 33.4651 60.5599 109.755 199.215 362.033 659.37 1204.15 2202.82 4041.48 7444.03 13763.4 25521.7 47589.8 -1.79868e+06 109859 137815 173308 220413 284336 370785 488938 657026 894172 1.23142e+06 1.72132e+06 2.44115e+06 3.49541e+06 5.05123e+06 7.38296e+06 1.08217e+07 1.58562e+07 2.30357e+07 3.31412e+07 4.76431e+07 6.86413e+07 
9.32926 2.11516 3.81424 6.88382 12.4362 22.4836 40.6936 73.763 133.914 243.42 443.46 810.104 1482.51 2721.12 5014.5 9276.61 17213.4 32122.2 60014.7 -2.11608e+06 142116 178960 227959 294616 384989 508838 685605 935800 1.2928e+06 1.8132e+06 2.5804e+06 3.70762e+06 5.37624e+06 7.88267e+06 1.15874e+07 1.70218e+07 2.47789e+07 3.56937e+07 5.13575e+07 7.40372e+07 
6.22774 1.41209 2.54665 4.59662 8.30525 15.0174 27.185 49.2866 89.498 162.728 296.55 541.921 992.153 1821.97 3359.4 6218.77 11548.3 21569.4 40574.1 76590 -2.50515e+06 183656 234365 303545 397611 526925 712200 975432 1.35251e+06 1.90447e+06 2.72144e+06 3.92634e+06 5.71653e+06 8.41282e+06 1.24089e+07 1.82839e+07 2.66796e+07 3.84883e+07 5.54357e+07 7.99719e+07 
4.13308 0.937228 1.69044 3.05156 5.51439 9.9727 18.0565 32.7436 59.4734 108.17 197.193 360.496 660.314 1213.25 2238.43 4146.68 7707.13 14409.3 27135.5 51292.2 97671.9 -2.98849e+06 237455 311841 409594 544459 738538 1.01548e+06 1.41401e+06 2.0002e+06 2.87186e+06 4.16316e+06 6.08996e+06 9.00124e+06 1.33294e+07 1.97096e+07 2.88396e+07 4.16755e+07 6.00977e+07 8.67659e+07 
2.73978 0.621344 1.12083 2.0236 3.65738 6.6156 11.9808 21.7315 39.4833 71.8372 131.011 239.615 439.139 807.381 1490.67 2763.77 5141.97 9624.46 18148.1 34358.1 65544.2 124870 -3.59935e+06 319674 421227 561925 765457 1.05741e+06 1.47982e+06 2.10476e+06 3.03932e+06 4.43129e+06 6.51923e+06 9.68625e+06 1.44125e+07 2.14018e+07 3.14202e+07 4.54981e+07 6.57033e+07 9.49472e+07 
1.82404 0.413717 0.746405 1.34782 2.43645 4.40812 7.98515 14.4882 26.3321 47.9292 87.4505 160.028 293.468 539.957 997.763 1851.7 3449.13 6464.56 12208.3 23155.6 44268.3 85514 166699 -4.36814e+06 432467 579406 793331 1.10217e+06 1.55205e+06 2.22252e+06 3.23242e+06 4.74698e+06 7.03409e+06 1.05207e+07 1.57489e+07 2.3512e+07 3.46637e+07 5.03248e+07 7.28024e+07 1.05325e+08 
1.2138 0.275342 0.496836 0.897325 1.62242 2.93609 5.32014 9.65599 17.5562 31.97 58.3617 106.86 196.105 361.112 667.904 1240.88 2314.39 4344.24 8217.95 15619.5 29932.8 57979.8 113387 223240 -5.36383e+06 599791 826085 1.15523e+06 1.63848e+06 2.36496e+06 3.46868e+06 5.13765e+06 7.67836e+06 1.15754e+07 1.74527e+07 2.62224e+07 3.88534e+07 5.65814e+07 8.20246e+07 1.18821e+08 
0.806503 0.182977 0.330228 0.596536 1.07882 1.95286 3.53967 6.42676 11.6897 21.2977 38.9014 71.2739 130.9 241.261 446.688 830.88 1551.93 2917.88 5530.07 10535 20242.9 39329.9 77189.6 152629 306080 -6.68414e+06 862725 1.2202e+06 1.74494e+06 2.54178e+06 3.76477e+06 5.63221e+06 8.50246e+06 1.29378e+07 1.96726e+07 2.97805e+07 4.43856e+07 6.48721e+07 9.42732e+07 1.36768e+08 
0.539374 0.122392 0.220931 0.39919 0.722111 1.30756 2.37088 4.30641 7.83671 14.2859 26.111 47.8749 88.0047 162.369 300.977 560.617 1048.88 1975.84 3752.83 7168.49 13817.4 26942.1 53100.9 105538 212893 435685 -8.38956e+06 1.28242e+06 1.85297e+06 2.73081e+06 4.09658e+06 6.20955e+06 9.49988e+06 1.46374e+07 2.25113e+07 3.44225e+07 5.17095e+07 7.59443e+07 1.10721e+08 1.60933e+08 
0.357096 0.0810447 0.146326 0.264455 0.478515 0.866758 1.57222 2.857 5.20175 9.48835 17.3544 31.8446 58.5939 108.227 200.872 374.713 702.337 1325.78 2524.09 4835.53 9352.5 18307.9 36251.9 72461.8 147133 304535 633778 -1.06679e+07 1.9592e+06 2.92719e+06 4.45858e+06 6.86658e+06 1.06783e+07 1.67112e+07 2.60672e+07 4.03637e+07 6.12324e+07 9.04792e+07 1.32442e+08 1.92939e+08 
0.230823 0.0523964 0.0946235 0.171057 0.309607 0.561004 1.01803 1.85079 3.37155 6.15394 11.264 20.6863 38.1016 70.46 130.953 244.671 459.478 869.267 1659.14 3188.47 6189.59 12167.7 24215.2 48703.1 99603.8 207864 437086 935124 -1.3764e+07 3.07199e+06 4.81446e+06 7.55549e+06 1.19821e+07 1.91106e+07 3.03307e+07 4.76943e+07 7.32283e+07 1.09019e+08 1.60364e+08 2.3424e+08 
0.143672 0.0326198 0.0589226 0.106547 0.192906 0.349674 0.634811 1.15466 2.10462 3.84411 7.04165 12.9435 23.866 44.1902 82.2474 153.929 289.664 549.3 1051.26 2027.07 3950.65 7801.91 15611.9 31613.3 65167.4 137249 291986 633307 1.39249e+06 -1.80279e+07 5.03075e+06 8.08031e+06 1.31338e+07 2.14653e+07 3.48416e+07 5.5898e+07 8.718e+07 1.31073e+08 1.94044e+08 2.84385e+08 
0.0840888 0.0190956 0.0345018 0.0624053 0.113022 0.204948 0.372234 0.677397 1.23541 2.25807 4.13965 7.6161 14.0586 26.0644 48.5827 91.0812 171.758 326.502 626.602 1212.44 2372.7 4708.05 9474.98 19324.2 40171.7 85439.6 184095 405424 917212 2.11437e+06 -2.3818e+07 8.08902e+06 1.35685e+07 2.29165e+07 3.83603e+07 6.32867e+07 1.00901e+08 1.53848e+08 2.29839e+08 3.38381e+08 
0.0444522 0.0100966 0.0182469 0.0330132 0.0598086 0.108495 0.197138 0.358932 0.654984 1.198 2.19799 4.04748 7.47946 13.8845 25.9179 48.6732 91.979 175.27 337.297 654.918 1286.92 2565.78 5193.38 10668.7 22368.6 48052.6 104906 234731 541131 1.27672e+06 3.04098e+06 -3.2123e+07 1.29078e+07 2.26967e+07 3.94928e+07 6.75358e+07 1.10822e+08 1.72163e+08 2.60341e+08 3.85593e+08 
0.0211946 0.00481498 0.00870382 0.0157517 0.0285453 0.0518011 0.0941644 0.17153 0.313186 0.573225 1.05252 1.93987 3.58861 6.67009 12.4688 23.4556 44.4159 84.8378 163.711 318.961 629.304 1260.6 2566.15 5309.66 11228.2 24364.1 53904.2 122602 288231 696985 1.71323e+06 4.33528e+06 -4.44708e+07 2.09379e+07 3.82702e+07 6.84496e+07 1.16516e+08 1.85432e+08 2.84855e+08 4.25174e+08 
0.00878698 0.00199658 0.00360992 0.00653465 0.0118455 0.0215032 0.0391042 0.071264 0.130184 0.238425 0.438097 0.808095 1.49639 2.78453 5.21215 9.81998 18.6305 35.6634 68.9916 134.839 267.027 537.217 1099.32 2289.75 4880.48 10689.3 23947.2 55320.9 132546 328440 834289 2.19793e+06 6.03696e+06 -6.22835e+07 3.14929e+07 6.01671e+07 1.08558e+08 1.79891e+08 2.83954e+08 4.29748e+08 
0.00311318 0.000707496 0.00127945 0.00231658 0.0042004 0.00762744 0.0138757 0.0252978 0.0462358 0.0847275 0.155786 0.287572 0.533 0.992878 1.86075 3.51075 6.67221 12.7979 24.8147 48.6383 96.6482 195.212 401.381 841.085 1805.66 3988.41 9037.27 21175 51620.4 130817 342688 938462 2.70766e+06 7.72789e+06 -8.86148e+07 4.59277e+07 8.96822e+07 1.57791e+08 2.5991e+08 4.02806e+08 
0.000932073 0.000211853 0.000383189 0.00069395 0.00125856 0.00228604 0.00416009 0.00758737 0.0138731 0.0254358 0.0467959 0.0864405 0.160344 0.298977 0.560921 1.05967 2.01704 3.87581 7.5305 14.7981 29.4945 59.7839 123.447 260.071 561.897 1250.49 2862.14 6790.98 16811.9 43468.4 117096 332387 1.00303e+06 3.05787e+06 9.51232e+06 -1.27655e+08 6.45734e+07 1.24744e+08 2.18988e+08 3.52992e+08 
0.000230251 5.23404e-05 9.46842e-05 0.000171499 0.000311091 0.000565188 0.00102878 0.00187689 0.00343295 0.00629675 0.0115899 0.0214199 0.0397588 0.0741893 0.139308 0.263438 0.502058 0.96608 1.88006 3.70195 7.39602 15.0329 31.1447 65.8905 143.073 320.285 738.863 1770.39 4435.83 11650.4 32082.5 93730.5 293411 948128 3.192e+06 1.10968e+07 -1.8189e+08 8.31772e+07 1.62413e+08 2.82044e+08 
4.5786e-05 1.04088e-05 1.88313e-05 3.41123e-05 6.1885e-05 0.000112448 0.000204717 0.000373549 0.00068339 0.0012538 0.00230845 0.00426777 0.00792486 0.0147946 0.0277953 0.0525949 0.100311 0.193193 0.376343 0.741966 1.48454 3.02258 6.27499 13.3099 28.99 65.1324 150.985 363.982 918.843 2437.15 6806.27 20260 64970.9 218605 781420 2.98271e+06 1.15731e+07 -2.48536e+08 9.78519e+07 1.99285e+08 
7.15278e-06 1.62618e-06 2.94222e-06 5.33013e-06 9.6705e-06 1.75736e-05 3.19972e-05 5.83935e-05 0.000106844 0.000196062 0.000361057 0.00066767 0.00124016 0.00231599 0.00435282 0.00824021 0.0157247 0.0303034 0.0590735 0.116567 0.233469 0.475918 0.989429 2.1024 4.58876 10.3349 24.0351 58.1747 147.579 393.954 1110.25 3345.18 10897.7 37676.8 140541 571726 2.46742e+06 1.06843e+07 -3.28809e+08 1.19786e+08 
8.47643e-07 1.92718e-07 3.487e-07 6.31739e-07 1.14624e-06 2.08314e-06 3.79322e-06 6.92313e-06 1.26689e-05 2.32508e-05 4.28241e-05 7.92042e-05 0.000147148 0.000274865 0.00051674 0.000978536 0.00186804 0.00360151 0.00702423 0.0138689 0.027797 0.0567079 0.118005 0.251028 0.548614 1.23743 2.88325 6.99439 17.791 47.651 134.903 408.909 1342.45 4706.1 17976.1 76059.4 353639 1.79586e+06 9.8861e+06 -4.17976e+08 
dt_FE: 2.39247e-09
dt_EA: 2.39247e-09
dt_PE: 2.39247e-09
tolC: 1e-06
dt_grow: 1.03
dt_max: 0.1
steps: 0
