t: 3.20349e-06
dt: 3.68456e-07
N: 0.900559 0.915057 0.924946 0.931088 0.934426 0.935824 0.935972 0.935343 0.934212 0.932707 0.930857 0.928631 0.925964 0.92276 0.91889 0.914191 0.908444 0.901361 0.892557 0.88151 0.867508 0.849578 0.826383 0.796113 0.756383 0.704253 0.636575 0.551086 0.448584 0.335672 0.225501 0.133315 0.0684649 0.0303135 0.0114883 0.0036835 0.000981053 0.000211646 3.58359e-05 4.58652e-06 
eC: 1 1.15749 1.33977 1.55077 1.795 2.07768 2.40489 2.78363 3.22201 3.72944 4.31677 4.99661 5.78351 6.69433 7.7486 8.9689 10.3814 12.0163 13.9087 16.0991 18.6345 21.5692 24.9661 28.8979 33.4489 38.7167 44.814 51.8717 60.0407 69.4963 80.4411 93.1095 107.773 124.746 144.391 167.131 193.452 223.918 259.182 300 
dV: 1.08333 0.211322 0.327712 0.508206 0.788112 1.22218 1.89532 2.93921 4.55805 7.06849 10.9616 16.999 26.3615 40.8807 63.3966 98.3136 152.462 236.434 366.655 568.597 881.764 1367.42 2120.55 3288.49 5099.69 7908.45 12264.2 19019 29494.1 45738.6 70930.1 109996 170579 264529 410225 636165 986546 1.52991e+06 2.37254e+06 3.67926e+06 
kVec: 1.0301e+06 1.19339e+06 1.37488e+06 1.58371e+06 1.82368e+06 2.09841e+06 2.41263e+06 2.77156e+06 3.18052e+06 3.64376e+06 4.16863e+06 4.76184e+06 5.42519e+06 6.16589e+06 6.99004e+06 7.89978e+06 8.88627e+06 9.95717e+06 1.11117e+07 1.23082e+07 1.35478e+07 1.48183e+07 1.60891e+07 1.72809e+07 1.84372e+07 1.96007e+07 2.06412e+07 2.18077e+07 2.33972e+07 2.58634e+07 2.96964e+07 3.61556e+07 4.71157e+07 6.38682e+07 8.9496e+07 1.28173e+08 1.82276e+08 2.48899e+08 3.2919e+08 4.18366e+08 
cMat: 
-60960.1 95.4761 112.19 130.681 152.341 177.844 207.889 243.315 285.254 335.257 394.806 465.913 551.951 656.085 782.419 937.225 1129.67 1368.36 1666.12 2048.06 2536.85 3165.72 3990.59 5094.82 6567.83 8551.59 11324.8 15171.1 20545.8 28212.6 39287.8 55245.3 78426.4 112769 162820 235365 338335 483543 691830 993384 
414.795 -71322.5 110.454 128.66 149.987 175.096 204.679 239.562 280.858 330.096 388.736 458.759 543.49 646.047 770.475 922.953 1112.52 1347.65 1641.01 2017.33 2498.99 3118.76 3931.8 5020.37 6472.72 8428.99 11164.3 14958.8 20262 27828.4 38760.8 54515.1 77404.9 111321 160755 232416 334135 477576 683330 981218 
275.17 62.3578 -82800.2 130.91 152.61 178.161 208.265 243.762 285.786 335.895 395.575 466.842 553.084 657.474 784.135 939.361 1132.36 1371.78 1670.5 2053.76 2544.37 3175.74 4004.14 5113.48 6593.82 8588.2 11377.5 15247.7 20658 28379.2 39537.5 55621 78994 113631 164125 237330 341249 487788 697988 1.00231e+06 
187.768 42.5516 76.689 -96263 161.247 188.246 220.057 257.569 301.979 354.935 418.008 493.332 584.488 694.835 828.731 992.839 1196.9 1450.07 1765.98 2171.37 2690.37 3358.38 4235.02 5409.22 6976.45 9088.38 12042.8 16143.3 21877.2 30062.2 41893.9 58952.1 83747.5 120499 174084 251785 362091 517633 740749 1.06378e+06 
132.669 30.0652 54.1858 97.7311 -112078 204.145 240.791 281.842 330.445 388.403 457.437 539.884 639.667 760.467 907.057 1086.74 1310.2 1587.46 1933.48 2377.57 2946.23 3678.29 4639.19 5926.54 7645.23 9961.86 13203.7 17704.3 23999.6 32988.8 45986.8 64731.6 91986 132390 191313 276768 398092 569164 814561 1.16985e+06 
96.3616 21.8376 39.3578 70.9877 127.015 -130647 270.63 316.775 371.412 436.569 514.182 606.881 719.082 854.925 1019.79 1221.89 1473.27 1785.21 2174.58 2674.4 3314.55 4138.82 5221.03 6671.34 8608.15 11219.6 14875.3 19952.5 27056.6 37204.7 51883.4 73059.3 103858 149527 216146 312781 449992 643457 920978 1.32278e+06 
71.2834 16.1545 29.1156 52.5151 94.8086 171.265 -152508 362.495 425.03 499.612 588.457 694.578 823.038 978.583 1167.38 1398.85 1686.8 2044.18 2490.35 3063.22 3797.1 4742.3 5983.64 7647.78 9870.91 12869.5 17069 22903.7 31071.3 42743.7 59634 84009.7 119476 172081 248838 360207 518356 741332 1.06119e+06 1.5243e+06 
53.3014 12.0795 21.7714 39.2693 70.8965 128.072 231.587 -178322 486.569 578.011 680.829 803.65 952.342 1132.41 1350.99 1619.02 1952.51 2366.5 2883.43 3547.33 4398.07 5494.07 6933.96 8865.01 11445.7 14928 19807.3 26589.7 36088.6 49670 69331.8 97720 139042 200351 289838 419713 604163 864209 1.23725e+06 1.77736e+06 
40.1044 9.08883 16.3815 29.548 53.3469 96.372 174.27 312.273 -208877 672.709 792.414 935.421 1108.58 1318.29 1572.9 1885.16 2273.78 2756.28 3358.92 4133.13 5125.52 6404.44 8085.28 10340.5 13355.7 17426.3 23133.1 31070.1 42192.2 58103.7 81150.8 114444 162929 234892 339971 492522 709208 1.01468e+06 1.4529e+06 2.08739e+06 
30.3051 6.86815 12.3792 22.3295 40.3154 72.8327 131.708 238.509 432.519 -245057 924.923 1091.92 1294.16 1539.14 1836.61 2201.52 2655.76 3219.9 3924.68 4830.46 5991.92 7489.32 9458.22 12101.3 15637.1 20413.2 27113.6 36438.7 49514.7 68234.4 95366.6 134585 191734 276593 400559 580599 836375 1.19693e+06 1.71418e+06 2.46309e+06 
22.9566 5.20283 9.37787 16.9161 30.5426 55.1793 99.7886 180.714 327.73 594.965 -288176 1277.85 1514.68 1801.6 2150.08 2577.66 3110.06 3771.46 4598.01 5660.74 7024.02 8782.41 11095.7 14203 18362.3 23984.4 31877.7 42871.2 58298.7 80402.2 112463 158837 226460 326923 473758 687106 990263 1.41757e+06 2.0306e+06 2.9182e+06 
17.4248 3.94919 7.11843 12.8408 23.1853 41.8891 75.7575 137.202 248.834 451.769 821.902 -339821 1763.83 2114.06 2523.34 3025.65 3651.33 4428.84 5400.84 6651.17 8255.87 10326.7 13052.7 16716.8 21624.9 28264 37593.3 50597.8 68863.4 95056.7 133081 188126 268455 387861 562487 816342 1.17714e+06 1.68564e+06 2.41517e+06 3.47148e+06 
13.272 3.00807 5.42223 9.78143 17.662 31.9116 57.7161 104.534 189.601 344.258 626.371 1134.04 -401644 2483.5 2964.82 3555.74 4292.07 5207.45 6352.29 7825.8 9718.03 12161.4 15380.1 19710.2 25515.2 33374.6 44430.5 59857.8 81549.5 112690 157942 223516 319299 461777 670294 973600 1.4048e+06 2.01246e+06 2.88428e+06 4.14662e+06 
10.1374 2.2977 4.14188 7.47205 13.4926 24.3798 44.0968 79.873 144.883 263.091 478.743 873.418 1595.86 -476247 3491.22 4188.03 5056.71 6137.11 7489 9230.15 11467.6 14358.8 18170.5 23303.5 30191.5 39527 52675.6 71045.3 96906.2 134080 188163 266624 381359 552167 802354 1.16653e+06 1.68444e+06 2.41419e+06 3.46121e+06 4.97725e+06 
7.76292 1.75957 3.17197 5.72256 10.334 18.6737 33.7784 61.1883 111.001 201.588 366.874 669.422 1223.35 2241.79 -566953 4892.84 5976.19 7255.65 8857.5 10922.1 13577.2 17010.9 21542.2 27650.8 35857.2 46992.8 62698.9 84671.8 115649 160243 225210 319586 457768 663672 965555 1.40533e+06 2.031e+06 2.91245e+06 4.17716e+06 6.00844e+06 
5.96554 1.35222 2.43776 4.39821 7.94295 14.354 25.9668 47.0423 85.3483 155.021 282.167 514.947 941.24 1725.24 3138.93 -677868 7082.37 8602.23 10506.3 12962.5 16124.1 20216.5 25623 32920.9 42737.7 56077 74922.5 101330 138621 192396 270866 385033 552443 802172 1.16872e+06 1.7032e+06 2.46394e+06 3.53551e+06 5.07304e+06 7.29939e+06 
4.60753 1.04445 1.88301 3.39755 6.13626 11.09 20.0642 36.3531 65.9635 119.83 218.153 398.203 728.027 1334.8 2456.72 4538.26 -813590 10215.6 12483.7 15412.7 19186.6 24077.3 30546.9 39293.5 51077.4 67116.6 89822.1 121701 166811 231996 327306 466237 670334 975196 1.42328e+06 2.07741e+06 3.00896e+06 4.32084e+06 6.20328e+06 8.92905e+06 
3.57081 0.809482 1.45949 2.63358 4.75685 8.59787 15.5571 28.1906 51.1601 92.9546 169.26 309.026 565.141 1036.49 1908.35 3526.73 6536.01 -982162 14893.5 18402.1 22928.2 28801 36581.8 47119.5 61341.8 80737.5 108258 146985 201912 281479 398083 568428 819204 1.19437e+06 1.74666e+06 2.55401e+06 3.70447e+06 5.32426e+06 7.64861e+06 1.10143e+07 
2.77626 0.6294 1.13489 2.04801 3.69951 6.68751 12.102 21.9328 39.8102 72.347 131.765 240.632 440.2 807.629 1487.58 2750.41 5100.13 9510.11 -1.19387e+06 21953.7 27540.2 34633.1 44046.2 56820.3 74096 97707.1 131297 178687 246082 343980 487828 698506 1.00941e+06 1.47537e+06 2.16256e+06 3.16862e+06 4.60335e+06 6.62279e+06 9.52077e+06 1.3717e+07 
2.1734 0.492761 0.888587 1.60369 2.89722 5.23791 9.4802 17.1842 31.1973 56.7084 103.311 188.727 345.375 633.928 1168.21 2161.13 4010.13 7483.37 13981.4 -1.4584e+06 33108.1 41691.5 53106.6 68635.5 89689.3 118542 159722 218009 301177 422412 601144 863748 1.25248e+06 1.83639e+06 2.69947e+06 3.96549e+06 5.77264e+06 8.3154e+06 1.19645e+07 1.72481e+07 
1.7084 0.387367 0.6986 1.26095 2.27831 4.1196 7.45745 13.5204 24.5512 44.6399 81.35 148.661 272.169 499.805 921.556 1705.94 3167.95 5916.95 11130.3 21010.3 -1.79497e+06 50380.7 64291.3 83269.1 109073 144547 195372 267582 371022 522437 746549 1.07708e+06 1.56817e+06 2.30782e+06 3.40403e+06 5.01567e+06 7.3188e+06 1.05582e+07 1.52072e+07 2.1938e+07 
1.34632 0.305296 0.550649 0.994027 1.79628 3.24854 5.88177 10.666 19.3731 35.2356 64.2343 117.429 215.093 395.21 729.154 1350.76 2510.55 4693.73 8839.22 16708.1 31816 -2.229e+06 77349.6 101580 133423 177354 240574 330787 460605 651551 935489 1.35612e+06 1.98376e+06 2.93209e+06 4.34197e+06 6.42027e+06 9.39432e+06 1.35755e+07 1.95764e+07 2.82634e+07 
1.0645 0.241413 0.435481 0.786239 1.42102 2.57038 4.65495 8.44344 15.3406 27.9112 50.9024 93.0987 170.62 313.695 579.177 1073.82 1997.83 3739.43 7051.17 13349.3 25466.2 48516.3 -2.79334e+06 124204 163661 218327 297406 410838 574960 817771 1.18088e+06 1.72171e+06 2.53294e+06 3.76344e+06 5.59973e+06 8.31532e+06 1.22078e+07 1.76776e+07 2.5528e+07 3.68902e+07 
0.84427 0.191492 0.345479 0.623848 1.12773 2.04033 3.69599 6.70599 12.188 22.1844 40.4771 74.0703 135.834 249.923 461.822 857.074 1596.46 2992.17 5650.69 10717.8 20489.9 39580.8 77158 -3.52336e+06 200171 268182 367199 510147 718376 1.02871e+06 1.49615e+06 2.19718e+06 3.25578e+06 4.86959e+06 7.28947e+06 1.08827e+07 1.60443e+07 2.32932e+07 3.36971e+07 4.87504e+07 
0.666797 0.151259 0.272937 0.492945 0.891277 1.61294 2.92262 5.30451 9.64448 17.5627 32.061 58.7035 107.73 198.376 366.912 681.674 1271.41 2386.5 4514.52 8580.55 16443.5 31851.1 62288.8 122637 -4.49162e+06 329494 453809 634623 900100 1.29919e+06 1.90552e+06 2.82236e+06 4.2181e+06 6.35895e+06 9.58762e+06 1.44053e+07 2.13441e+07 3.10829e+07 4.50601e+07 6.52744e+07 
0.521264 0.118263 0.213435 0.385557 0.69727 1.26219 2.28778 4.15378 7.55539 13.7653 25.143 46.0662 84.6043 155.933 288.706 537.019 1003.06 1885.9 3574.23 6809.02 13083.5 25420 49889.7 98648 197828 -5.79686e+06 557602 788644 1.1278e+06 1.64282e+06 2.43327e+06 3.64024e+06 5.49537e+06 8.36203e+06 1.27149e+07 1.92479e+07 2.86876e+07 4.19285e+07 6.09313e+07 8.83969e+07 
0.40236 0.0913013 0.164809 0.297786 0.538677 0.975406 1.76862 3.21247 5.84599 10.657 19.4781 35.7135 65.6493 121.123 224.522 418.206 782.44 1473.93 2799.52 5347.52 10307.4 20098.1 39612 78728.7 158813 325010 -7.50154e+06 956653 1.38227e+06 2.03712e+06 3.05595e+06 4.63217e+06 7.08667e+06 1.09192e+07 1.67929e+07 2.56783e+07 3.8574e+07 5.66526e+07 8.25951e+07 1.20052e+08 
0.300901 0.0682911 0.1233 0.222839 0.403213 0.73036 1.32481 2.40741 4.38317 7.99521 14.6234 26.8334 49.3733 91.1957 169.262 315.746 591.813 1117.15 2126.89 4074.58 7880.74 15426.8 30547.1 61058.8 123980 256612 534043 -9.78978e+06 1.65089e+06 2.46655e+06 3.75695e+06 5.78601e+06 8.99788e+06 1.40814e+07 2.19651e+07 3.40119e+07 5.15966e+07 7.62409e+07 1.116e+08 1.62577e+08 
0.213897 0.0485543 0.0876848 0.158513 0.286904 0.519866 0.943377 1.71508 3.12432 5.70268 10.438 19.1694 35.3077 65.2932 121.35 226.729 425.785 805.525 1537.47 2954.66 5735.71 11275.5 22439.5 45131.8 92300 192622 405035 866552 -1.29016e+07 2.84673e+06 4.46142e+06 7.00145e+06 1.11035e+07 1.77092e+07 2.81066e+07 4.41969e+07 6.78585e+07 1.01024e+08 1.48605e+08 2.17064e+08 
0.141726 0.0321778 0.0581244 0.105104 0.190293 0.344937 0.626211 1.13902 2.07611 3.79203 6.94625 12.7681 23.5427 43.5915 81.1332 151.844 285.74 541.858 1037.01 1999.61 3897.13 7696.22 15400.4 31185.1 64284.5 135389 288030 624727 1.37363e+06 -1.71818e+07 4.96259e+06 7.97084e+06 1.29559e+07 2.11745e+07 3.43696e+07 5.51407e+07 8.59989e+07 1.29298e+08 1.91415e+08 2.80532e+08 
0.0854967 0.0194154 0.0350795 0.0634502 0.114914 0.208379 0.378467 0.688739 1.2561 2.29588 4.20896 7.74362 14.294 26.5008 49.3962 92.6063 174.634 331.969 637.094 1232.74 2412.43 4786.89 9633.63 19647.8 40844.4 86870.2 187177 412213 932570 2.14978e+06 -2.29998e+07 8.22446e+06 1.37957e+07 2.33002e+07 3.90026e+07 6.43464e+07 1.0259e+08 1.56424e+08 2.33687e+08 3.44047e+08 
0.0458322 0.0104101 0.0188133 0.0340381 0.0616654 0.111863 0.203258 0.370075 0.675317 1.23519 2.26623 4.17313 7.71166 14.3155 26.7225 50.1843 94.8344 180.711 347.768 675.25 1326.87 2645.43 5354.6 10999.9 23063 49544.4 108162 242019 557930 1.31635e+06 3.13539e+06 -3.13355e+07 1.33085e+07 2.34013e+07 4.07188e+07 6.96324e+07 1.14262e+08 1.77507e+08 2.68423e+08 3.97563e+08 
0.0215466 0.00489492 0.00884834 0.0160132 0.0290193 0.0526612 0.0957279 0.174378 0.318386 0.582743 1.07 1.97208 3.64819 6.78084 12.6758 23.845 45.1534 86.2464 166.429 324.257 639.753 1281.53 2608.75 5397.82 11414.6 24768.6 54799.2 124638 293016 708558 1.74168e+06 4.40727e+06 -4.38899e+07 2.12856e+07 3.89057e+07 6.95861e+07 1.18451e+08 1.88511e+08 2.89585e+08 4.32234e+08 
0.0088456 0.0020099 0.003634 0.00657825 0.0119245 0.0216467 0.039365 0.0717394 0.131053 0.240016 0.441019 0.813487 1.50638 2.80311 5.24692 9.88549 18.7548 35.9013 69.4519 135.739 268.808 540.801 1106.66 2305.03 4913.04 10760.6 24106.9 55689.9 133430 330631 839855 2.21259e+06 6.07724e+06 -6.19322e+07 3.1703e+07 6.05686e+07 1.09282e+08 1.81091e+08 2.85848e+08 4.32615e+08 
0.00312115 0.000709307 0.00128272 0.00232251 0.00421116 0.00764696 0.0139112 0.0253626 0.0463542 0.0849444 0.156185 0.288308 0.534364 0.99542 1.86551 3.51974 6.68929 12.8307 24.8782 48.7628 96.8956 195.712 402.408 843.239 1810.28 3998.62 9060.41 21229.2 51752.5 131152 343565 940865 2.71459e+06 7.74767e+06 -8.84678e+07 4.60453e+07 8.99118e+07 1.58195e+08 2.60575e+08 4.03838e+08 
0.00093284 0.000212028 0.000383505 0.000694521 0.00125959 0.00228792 0.00416351 0.00759361 0.0138845 0.0254567 0.0468344 0.0865117 0.160476 0.299223 0.561383 1.06054 2.0187 3.879 7.5367 14.8103 29.5188 59.8331 123.548 260.285 562.359 1251.52 2864.49 6796.57 16825.7 43504.2 117192 332661 1.00386e+06 3.06038e+06 9.52015e+06 -1.27701e+08 6.46265e+07 1.24847e+08 2.19168e+08 3.53282e+08 
0.000230301 5.23519e-05 9.4705e-05 0.000171537 0.000311159 0.000565312 0.00102901 0.0018773 0.0034337 0.00629813 0.0115925 0.0214246 0.0397675 0.0742057 0.139339 0.263496 0.502168 0.966293 1.88048 3.70276 7.39764 15.0362 31.1516 65.905 143.105 320.355 739.026 1770.78 4436.81 11652.9 32089.5 93751.1 293475 948336 3.1927e+06 1.10993e+07 -1.82097e+08 8.31955e+07 1.62449e+08 2.82106e+08 
4.57882e-05 1.04093e-05 1.88322e-05 3.41139e-05 6.1888e-05 0.000112453 0.000204726 0.000373567 0.000683423 0.00125386 0.00230856 0.00426798 0.00792523 0.0147953 0.0277966 0.0525974 0.100316 0.193202 0.376361 0.742001 1.48461 3.02272 6.27529 13.3105 28.9913 65.1355 150.992 364 918.886 2437.27 6806.6 20261 64974 218615 781458 2.98285e+06 1.15736e+07 -2.48846e+08 9.78565e+07 1.99294e+08 
7.15284e-06 1.62619e-06 2.94225e-06 5.33018e-06 9.67058e-06 1.75737e-05 3.19975e-05 5.83939e-05 0.000106845 0.000196064 0.00036106 0.000667675 0.00124017 0.00231601 0.00435286 0.00824028 0.0157248 0.0303036 0.059074 0.116568 0.233471 0.475922 0.989437 2.10242 4.5888 10.335 24.0353 58.1752 147.581 393.958 1110.25 3345.21 10897.8 37677.1 140542 571730 2.46744e+06 1.06844e+07 -3.29178e+08 1.19787e+08 
8.47644e-07 1.92719e-07 3.487e-07 6.3174e-07 1.14624e-06 2.08314e-06 3.79322e-06 6.92314e-06 1.26689e-05 2.32509e-05 4.28241e-05 7.92043e-05 0.000147148 0.000274865 0.00051674 0.000978537 0.00186804 0.00360151 0.00702424 0.0138689 0.027797 0.056708 0.118005 0.251028 0.548614 1.23744 2.88325 6.9944 17.791 47.651 134.904 408.91 1342.45 4706.1 17976.1 76059.5 353639 1.79586e+06 9.88611e+06 -4.18364e+08 
dt_FE: 3.68456e-07
dt_EA: 3.68456e-07
dt_PE: 3.68456e-07
tolC: 1e-06
dt_grow: 1.03
dt_max: 0.1
steps: 0
