t: 1.27481e-07
dt: 2.39138e-09
N: 0.0948602 0.108574 0.12405 0.141467 0.160988 0.182716 0.206784 0.233291 0.262244 0.293509 0.327039 0.362617 0.399638 0.437704 0.476256 0.514381 0.550862 0.585073 0.616031 0.64181 0.661816 0.675114 0.680096 0.67479 0.658372 0.628828 0.582356 0.517971 0.43537 0.337696 0.234903 0.143562 0.0743896 0.0330442 0.0125466 0.0040257 0.00107263 0.000231482 3.92039e-05 5.01848e-06 
eC: 1 1.15749 1.33977 1.55077 1.795 2.07768 2.40489 2.78363 3.22201 3.72944 4.31677 4.99661 5.78351 6.69433 7.7486 8.9689 10.3814 12.0163 13.9087 16.0991 18.6345 21.5692 24.9661 28.8979 33.4489 38.7167 44.814 51.8717 60.0407 69.4963 80.4411 93.1095 107.773 124.746 144.391 167.131 193.452 223.918 259.182 300 
dV: 1.08333 0.211322 0.327712 0.508206 0.788112 1.22218 1.89532 2.93921 4.55805 7.06849 10.9616 16.999 26.3615 40.8807 63.3966 98.3136 152.462 236.434 366.655 568.597 881.764 1367.42 2120.55 3288.49 5099.69 7908.45 12264.2 19019 29494.1 45738.6 70930.1 109996 170579 264529 410225 636165 986546 1.52991e+06 2.37254e+06 3.67926e+06 
kVec: 998053 1.15692e+06 1.33347e+06 1.53681e+06 1.77075e+06 2.03895e+06 2.34617e+06 2.69769e+06 3.09901e+06 3.55464e+06 4.07219e+06 4.65876e+06 5.31691e+06 6.05452e+06 6.87857e+06 7.7924e+06 8.78895e+06 9.87711e+06 1.10578e+07 1.22922e+07 1.35826e+07 1.49185e+07 1.62697e+07 1.75573e+07 1.88211e+07 2.00988e+07 2.12482e+07 2.25045e+07 2.41477e+07 2.66132e+07 3.03806e+07 3.67203e+07 4.75295e+07 6.41206e+07 8.96013e+07 1.28155e+08 1.82166e+08 2.48736e+08 3.28999e+08 4.18169e+08 
cMat: 
-106969 869.054 1021.19 1189.5 1386.66 1618.79 1892.27 2214.74 2596.47 3051.62 3593.65 4240.89 5024.04 5971.9 7121.83 8530.93 10282.6 12455.2 15165.5 18642.1 23091.2 28815.4 36323.6 46374.7 59782.5 77839.3 103082 138093 187014 256800 357611 502861 713862 1.02646e+06 1.48204e+06 2.14237e+06 3.07964e+06 4.40136e+06 6.29726e+06 9.0421e+06 
4353 -127863 1159.14 1350.21 1574.01 1837.52 2147.98 2514.05 2947.42 3464.14 4079.53 4814.38 5703.58 6779.85 8085.64 9685.81 11675.2 14142.8 17221.3 21170.6 26225.3 32729.4 41261.8 52685.6 67927.1 88456.8 117162 156983 212637 292042 406770 572101 812315 1.16824e+06 1.68703e+06 2.43906e+06 3.50653e+06 5.01185e+06 7.17111e+06 1.02973e+07 
3211.49 727.773 -146408 1527.84 1781.1 2079.31 2430.64 2844.93 3335.39 3920.21 4616.72 5448.48 6455 7673.34 9151.58 10963.2 13215.7 16009.9 19496.3 23969.3 29695.2 37063.8 46732.1 59679.1 76956.1 100232 132786 177955 241099 331211 461439 649148 921933 1.32618e+06 1.91549e+06 2.76986e+06 3.98269e+06 5.69294e+06 8.14616e+06 1.16979e+07 
2339.28 530.121 955.415 -168073 2008.86 2345.23 2741.54 3208.87 3762.15 4421.9 5207.68 6146.09 7281.74 8656.47 10324.6 12369.1 14911.4 18065.4 22001.2 27051.6 33517.4 41839.7 52761.3 67389.8 86914.9 113226 150034 201119 272553 374524 521927 734444 1.04335e+06 1.50121e+06 2.1688e+06 3.13681e+06 4.51105e+06 6.44883e+06 9.22848e+06 1.32529e+07 
1697.49 384.683 693.306 1250.47 -193293 2612.03 3080.91 3606.16 4228.03 4969.61 5852.89 6907.79 8184.52 9730.14 11605.8 13904.8 16764 20311.5 24738.8 30421 37696.9 47063.6 59358.2 75829.9 97820.4 127462 168940 226526 307074 422090 588399 828239 1.17696e+06 1.69392e+06 2.44784e+06 3.54123e+06 5.09357e+06 7.28243e+06 1.04223e+07 1.49682e+07 
1227.16 278.1 501.219 904.024 1617.52 -222540 3446.46 4034.12 4729.91 5559.69 6548.09 7728.6 9157.47 10887.4 12987 15560.7 18762 22734.6 27693.1 34058.3 42210.6 52707.6 66489.5 84959.2 109624 142881 189437 254093 344565 473800 660733 930406 1.32263e+06 1.90422e+06 2.75261e+06 3.98325e+06 5.73062e+06 8.19439e+06 1.17286e+07 1.68455e+07 
883.094 200.13 360.698 650.583 1174.54 2121.71 -256397 4490.77 5265.48 6189.44 7290.09 8604.77 10196.2 12123.2 14462 17329.6 20896.9 25324.3 30851.6 37948.6 47040.3 58749.9 74128.3 94744.5 122286 159434 211459 283742 384927 529530 738775 1.04075e+06 1.48013e+06 2.13182e+06 3.08273e+06 4.46242e+06 6.42164e+06 9.18399e+06 1.31466e+07 1.88837e+07 
632.051 143.239 258.167 465.658 840.695 1518.69 2746.17 -295521 5769.76 6854.08 8073.3 9529.72 11292.9 13428.1 16020.1 19198.4 23153 28062.1 34191.8 42064.5 52152.5 65149 82223.2 105122 135724 177017 234876 315302 427940 588990 822140 1.15877e+06 1.64876e+06 2.37577e+06 3.43691e+06 4.97698e+06 7.1642e+06 1.02478e+07 1.46714e+07 2.1076e+07 
449.738 101.924 183.705 331.357 598.242 1080.73 1954.29 3501.89 -340860 7543.88 8886.28 10490 12431.8 14783.6 17638.8 21140.6 25498.6 30909.5 37667.5 46349.7 57478.5 71820.6 90669.8 115960 149773 195422 259419 348426 473152 651585 910041 1.2834e+06 1.82712e+06 2.63413e+06 3.8125e+06 5.52324e+06 7.95319e+06 1.13788e+07 1.62931e+07 2.34084e+07 
318.165 72.1068 129.966 234.431 423.26 764.65 1382.77 2504.04 4540.9 -393195 9710.5 11463.8 13587 16159 19282 23113.1 27882.1 33804.8 41204.1 50713.6 62907.5 78628.3 99299.2 127049 164170 214313 284658 382559 519841 716374 1.00123e+06 1.41297e+06 2.01296e+06 2.90388e+06 4.20535e+06 6.09554e+06 8.78086e+06 1.25662e+07 1.79967e+07 2.58593e+07 
223.433 50.6383 91.2732 164.641 297.265 537.05 971.225 1758.86 3189.74 5790.69 -453854 12437.1 14742.1 17534.7 20926.4 25087.9 30269.7 36707 44751.7 55095 68363.6 85477.7 107992 138236 178718 233436 310261 417258 567411 782541 1.09458e+06 1.54594e+06 2.2041e+06 3.18188e+06 4.611e+06 6.68749e+06 9.63806e+06 1.3797e+07 1.97635e+07 2.84024e+07 
155.618 35.2696 63.5736 114.679 207.064 374.104 676.578 1225.33 2222.3 4034.67 7340.27 -524362 15752.5 18880.4 22535.6 27021.6 32609.4 39553.3 48234 59400.5 73731.8 92226.1 116571 149295 193128 252421 335740 451881 615008 848935 1.18852e+06 1.68012e+06 2.39753e+06 3.46392e+06 5.02348e+06 7.29061e+06 1.05128e+07 1.50542e+07 2.15695e+07 3.10032e+07 
107.624 24.3927 43.9693 79.3184 143.222 258.774 468.025 847.678 1537.49 2791.62 5079.3 9196.06 -606302 20138.9 24042 28833.8 34804.7 42227.7 51511.3 63460 78804.3 98617.9 124718 159832 206905 270638 360291 485392 661292 913812 1.28076e+06 1.81251e+06 2.58922e+06 3.74459e+06 5.43547e+06 7.895e+06 1.13916e+07 1.63192e+07 2.33889e+07 3.36253e+07 
73.7986 16.7268 30.1522 54.3952 98.224 177.481 321.017 581.462 1054.72 1915.26 3485.17 6358.34 11617.6 -702165 25415.5 30488.1 36812 44677.1 54518.6 67193.9 83482 104529 132278 169645 219789 287750 383470 517198 705461 976076 1.36979e+06 1.94098e+06 2.77623e+06 4.01968e+06 5.841e+06 8.49214e+06 1.22624e+07 1.75749e+07 2.5197e+07 3.62335e+07 
50.1271 11.3619 20.4822 36.952 66.7294 120.581 218.115 395.107 716.76 1301.7 2368.99 4322.62 7899.44 14475.8 -814841 31594.2 38589.7 46851.5 57195 70526.8 87671.6 109844 139103 178548 231538 303444 404862 546746 746775 1.03472e+06 1.45424e+06 2.06364e+06 2.95592e+06 4.28549e+06 6.23482e+06 9.07459e+06 1.31146e+07 1.88064e+07 2.69729e+07 3.87979e+07 
33.7608 7.65261 13.796 24.8908 44.9515 81.2337 146.954 266.227 483.012 877.308 1596.87 2914.24 5326.76 9763.62 17764.1 -948764 40081.3 48682.6 59458.1 73358.8 91250.9 114411 145008 186309 241865 317356 424009 573457 784500 1.08883e+06 1.53291e+06 2.17902e+06 3.12644e+06 4.53973e+06 6.61412e+06 9.63894e+06 1.39442e+07 2.00085e+07 2.87099e+07 4.13094e+07 
22.6027 5.12364 9.23733 16.6671 30.1021 54.4033 98.427 178.334 323.591 587.84 1070.17 1953.43 3571.41 6548.02 12051.7 22262.9 -1.10777e+06 50113.5 61239.9 75608.4 94122 118114 149851 192759 250565 329248 440632 597018 818307 1.13808e+06 1.60564e+06 2.28718e+06 3.28839e+06 4.78393e+06 6.98204e+06 1.0191e+07 1.47608e+07 2.11964e+07 3.04309e+07 4.38024e+07 
15.0207 3.4051 6.13939 11.0782 20.0098 36.1671 65.4413 118.584 215.206 391.015 711.994 1299.92 2377.28 4360.01 8027.51 14835.3 27493.9 -1.29958e+06 62649.9 77408.6 96447.8 121152 153882 198209 258036 339624 455389 618295 849348 1.18405e+06 1.67454e+06 2.3911e+06 3.446e+06 5.02416e+06 7.34738e+06 1.07435e+07 1.55829e+07 2.23966e+07 3.2174e+07 4.63317e+07 
9.92151 2.24928 4.05574 7.31897 13.2209 23.8991 43.2488 78.3812 142.269 258.546 470.889 859.945 1573.14 2886.22 5316.15 9829.12 18226.3 33986.2 -1.53424e+06 78455.6 98420.3 123768 157408 203058 264796 349175 469215 638573 879420 1.22928e+06 1.74335e+06 2.49624e+06 3.60733e+06 5.27253e+06 7.72831e+06 1.13237e+07 1.64509e+07 2.36678e+07 3.40243e+07 4.90201e+07 
6.57007 1.48959 2.68615 4.84789 8.75814 15.8339 28.6582 51.9471 94.3077 171.427 312.304 570.51 1044.05 1916.33 3531.42 6532.99 12122.4 22621.8 42264.9 -1.82061e+06 100084 126031 160538 207482 271126 358346 482833 659031 910443 1.27693e+06 1.81723e+06 2.61107e+06 3.78618e+06 5.55132e+06 8.16037e+06 1.19875e+07 1.74504e+07 2.5137e+07 3.61682e+07 5.21402e+07 
4.36069 0.988752 1.78317 3.21857 5.81537 10.5153 19.0351 34.5107 62.6669 113.943 207.645 379.456 694.71 1275.75 2352.27 4354.41 8086.17 15103 28410.1 53628.6 -2.17757e+06 128596 164103 212544 278409 368955 498686 683001 947032 1.33352e+06 1.90556e+06 2.74924e+06 4.00274e+06 5.89069e+06 8.68875e+06 1.28025e+07 1.86812e+07 2.69497e+07 3.88163e+07 5.59967e+07 
2.90783 0.659388 1.18931 2.14693 3.87966 7.01631 12.7037 23.0368 41.8426 76.103 138.736 253.628 464.565 853.587 1574.85 2917.41 5422.37 10137.7 19091.2 36086.7 68717.3 -2.62901e+06 167062 219396 288171 383055 519600 714445 994831 1.40724e+06 2.0205e+06 2.929e+06 4.2846e+06 6.33284e+06 9.37794e+06 1.38667e+07 2.02902e+07 2.93209e+07 4.22819e+07 6.10443e+07 
1.96143 0.444825 0.802411 1.44871 2.61834 4.73616 8.57715 15.5578 28.2664 51.4288 93.792 171.542 314.383 578.01 1067.18 1978.6 3681.18 6890.22 12992.4 24597.2 46923.6 89395.5 -3.20819e+06 228857 301559 402286 547996 757005 1.05941e+06 1.50681e+06 2.17587e+06 3.1724e+06 4.66716e+06 6.93446e+06 1.0318e+07 1.53217e+07 2.2494e+07 3.25724e+07 4.70375e+07 6.79734e+07 
1.34665 0.305439 0.551055 0.995067 1.79878 3.25442 5.89528 10.6964 19.4405 35.3852 64.5629 118.146 216.662 398.639 736.628 1367.07 2546.43 4772.65 9013.11 17095.3 32682.4 63133.2 123071 -3.94825e+06 319282 427763 585700 813708 1.14584e+06 1.64084e+06 2.38643e+06 3.5046e+06 5.19313e+06 7.76723e+06 1.16271e+07 1.73584e+07 2.55915e+07 3.71538e+07 5.37485e+07 7.77592e+07 
0.935064 0.212113 0.382745 0.691266 1.24986 2.26185 4.09844 7.43862 13.5247 24.6285 44.9597 82.3211 151.072 278.187 514.529 955.926 1782.92 3346.64 6330.81 12032.7 23059.1 44665.5 87348.8 171976 -4.91997e+06 462057 636386 889946 1.26223e+06 1.82188e+06 2.67215e+06 3.95786e+06 5.91513e+06 8.91729e+06 1.34449e+07 2.02008e+07 2.99312e+07 4.35882e+07 6.31887e+07 9.15356e+07 
0.654203 0.148424 0.267868 0.483886 0.875096 1.58408 2.87124 5.21313 9.48225 17.2758 31.5552 57.8145 106.181 195.701 362.336 673.976 1258.87 2366.87 4485.77 8545.54 16420.2 31902.9 62613.1 123806 248280 -6.22215e+06 699808 989774 1.41543e+06 2.06179e+06 3.05383e+06 4.56862e+06 6.89686e+06 1.04946e+07 1.59576e+07 2.41568e+07 3.60038e+07 5.26217e+07 7.64707e+07 1.10941e+08 
0.462387 0.104922 0.189397 0.342212 0.619041 1.12092 2.03247 3.69174 6.71814 12.2468 22.384 41.0415 75.4434 139.193 258.017 480.597 899.17 1693.82 3217.17 6145.3 11845.2 23096.5 45521.6 90474 182505 373498 -7.91736e+06 1.09937e+06 1.58849e+06 2.34103e+06 3.51185e+06 5.32323e+06 8.14391e+06 1.25482e+07 1.92981e+07 2.95092e+07 4.43287e+07 6.51044e+07 9.49172e+07 1.37963e+08 
0.323098 0.0733287 0.132395 0.239277 0.432957 0.784237 1.42254 2.585 4.7065 8.585 15.7021 28.8128 53.0154 97.923 181.748 339.038 635.47 1199.56 2283.78 4375.15 8462.08 16564.8 32800.4 65563 133125 275541 573438 -1.01925e+07 1.77267e+06 2.6485e+06 4.03409e+06 6.21283e+06 9.66163e+06 1.51202e+07 2.35854e+07 3.65208e+07 5.54027e+07 8.18649e+07 1.19832e+08 1.7457e+08 
0.219023 0.0497178 0.0897861 0.162312 0.293779 0.532324 0.965985 1.75618 3.19919 5.83934 10.6882 19.6288 36.1538 66.8579 124.258 232.163 435.989 824.829 1574.32 3025.47 5873.17 11545.7 22977.2 46213.3 94511.9 197238 414741 887319 -1.32905e+07 2.91495e+06 4.56833e+06 7.16924e+06 1.13696e+07 1.81336e+07 2.87801e+07 4.52561e+07 6.94847e+07 1.03445e+08 1.52166e+08 2.22266e+08 
0.141294 0.0320798 0.0579473 0.104783 0.189713 0.343886 0.624303 1.13555 2.06978 3.78047 6.92509 12.7292 23.471 43.4587 80.886 151.381 284.87 540.207 1033.86 1993.52 3885.25 7672.77 15353.4 31090.1 64088.7 134977 287153 622823 1.36944e+06 -1.75567e+07 4.94747e+06 7.94655e+06 1.29164e+07 2.111e+07 3.42649e+07 5.49727e+07 8.57369e+07 1.28904e+08 1.90832e+08 2.79677e+08 
0.0844588 0.0191797 0.0346536 0.0626799 0.113519 0.20585 0.373872 0.680378 1.24085 2.26801 4.15787 7.64962 14.1205 26.1791 48.7965 91.4821 172.514 327.939 629.359 1217.78 2383.14 4728.77 9516.68 19409.3 40348.5 85815.6 184905 407208 921249 2.12368e+06 -2.33507e+07 8.12462e+06 1.36282e+07 2.30173e+07 3.85291e+07 6.35653e+07 1.01345e+08 1.54525e+08 2.3085e+08 3.39871e+08 
0.0452903 0.010287 0.0185909 0.0336357 0.0609363 0.11054 0.200855 0.365699 0.667332 1.22059 2.23943 4.12379 7.62048 14.1463 26.4065 49.5909 93.7132 178.574 343.656 667.266 1311.18 2614.15 5291.29 10869.8 22790.3 48958.6 106883 239157 551334 1.30079e+06 3.09832e+06 -3.1639e+07 1.31511e+07 2.31246e+07 4.02374e+07 6.88091e+07 1.12911e+08 1.75409e+08 2.65249e+08 3.92863e+08 
0.0214095 0.00486379 0.00879206 0.0159114 0.0288347 0.0523263 0.0951191 0.173269 0.316361 0.579036 1.06319 1.95954 3.62499 6.73771 12.5952 23.6934 44.8662 85.6979 165.371 322.194 635.684 1273.38 2592.16 5363.49 11342 24611.1 54450.7 123845 291153 704051 1.7306e+06 4.37923e+06 -4.41038e+07 2.11502e+07 3.86582e+07 6.91436e+07 1.17697e+08 1.87312e+08 2.87743e+08 4.29485e+08 
0.00882069 0.00200424 0.00362377 0.00655972 0.0118909 0.0215857 0.0392542 0.0715374 0.130684 0.23934 0.439777 0.811196 1.50213 2.79522 5.23214 9.85765 18.702 35.8002 69.2563 135.357 268.051 539.278 1103.54 2298.54 4899.2 10730.3 24039 55533.1 133054 329700 837490 2.20636e+06 6.06012e+06 -6.20511e+07 3.16138e+07 6.0398e+07 1.08975e+08 1.80581e+08 2.85043e+08 4.31397e+08 
0.00311781 0.000708547 0.00128135 0.00232003 0.00420665 0.00763878 0.0138964 0.0253354 0.0463045 0.0848535 0.156018 0.288 0.533792 0.994354 1.86352 3.51597 6.68213 12.8169 24.8516 48.7106 96.7918 195.502 401.977 842.336 1808.34 3994.33 9050.71 21206.5 51697.1 131011 343197 939857 2.71168e+06 7.73938e+06 -8.84963e+07 4.5996e+07 8.98155e+07 1.58026e+08 2.60296e+08 4.03405e+08 
0.00093252 0.000211955 0.000383373 0.000694283 0.00125916 0.00228713 0.00416208 0.007591 0.0138797 0.025448 0.0468183 0.0864819 0.160421 0.29912 0.56119 1.06017 2.01801 3.87767 7.53411 14.8052 29.5086 59.8125 123.506 260.195 562.166 1251.09 2863.51 6794.24 16820 43489.2 117152 332547 1.00351e+06 3.05933e+06 9.51688e+06 -1.27645e+08 6.46043e+07 1.24804e+08 2.19093e+08 3.53161e+08 
0.00023028 5.23471e-05 9.46963e-05 0.000171521 0.000311131 0.000565261 0.00102892 0.00187713 0.00343339 0.00629755 0.0115914 0.0214227 0.0397639 0.0741988 0.139326 0.263472 0.502122 0.966204 1.8803 3.70242 7.39696 15.0348 31.1487 65.8989 143.092 320.326 738.958 1770.61 4436.4 11651.9 32086.6 93742.5 293448 948249 3.19241e+06 1.10983e+07 -1.81972e+08 8.31878e+07 1.62434e+08 2.82081e+08 
4.57873e-05 1.04091e-05 1.88319e-05 3.41133e-05 6.18868e-05 0.000112451 0.000204722 0.00037356 0.000683409 0.00125384 0.00230851 0.00426789 0.00792508 0.014795 0.0277961 0.0525964 0.100314 0.193198 0.376354 0.741987 1.48458 3.02266 6.27516 13.3103 28.9908 65.1342 150.989 363.992 918.868 2437.22 6806.46 20260.6 64972.7 218611 781442 2.98279e+06 1.15734e+07 -2.48678e+08 9.78546e+07 1.99291e+08 
7.15282e-06 1.62618e-06 2.94224e-06 5.33016e-06 9.67055e-06 1.75736e-05 3.19973e-05 5.83937e-05 0.000106845 0.000196063 0.000361059 0.000667673 0.00124017 0.002316 0.00435284 0.00824025 0.0157247 0.0303035 0.0590738 0.116567 0.23347 0.47592 0.989433 2.10241 4.58879 10.3349 24.0352 58.175 147.58 393.956 1110.25 3345.2 10897.8 37677 140541 571728 2.46743e+06 1.06844e+07 -3.28987e+08 1.19786e+08 
8.47644e-07 1.92718e-07 3.487e-07 6.3174e-07 1.14624e-06 2.08314e-06 3.79322e-06 6.92313e-06 1.26689e-05 2.32509e-05 4.28241e-05 7.92043e-05 0.000147148 0.000274865 0.00051674 0.000978537 0.00186804 0.00360151 0.00702423 0.0138689 0.027797 0.0567079 0.118005 0.251028 0.548614 1.23744 2.88325 6.9944 17.791 47.651 134.903 408.91 1342.45 4706.1 17976.1 76059.4 353639 1.79586e+06 9.8861e+06 -4.18167e+08 
dt_FE: 2.39138e-09
dt_EA: 2.39138e-09
dt_PE: 2.39138e-09
tolC: 1e-06
dt_grow: 1.03
dt_max: 0.1
steps: 0
