t: 6.01721e-08
dt: 2.39341e-09
N: 0.0418413 0.0481296 0.0553045 0.0634819 0.0727821 0.0833106 0.0952007 0.10859 0.123592 0.140276 0.158776 0.179171 0.201347 0.225317 0.251015 0.278145 0.306159 0.334833 0.363635 0.391094 0.41665 0.439407 0.457664 0.469189 0.473279 0.468278 0.449757 0.417403 0.37031 0.307792 0.234035 0.177771 0.0953025 0.0398114 0.0153069 0.00493372 0.00131674 0.000284406 4.81917e-05 6.17121e-06 
eC: 1 1.15749 1.33977 1.55077 1.795 2.07768 2.40489 2.78363 3.22201 3.72944 4.31677 4.99661 5.78351 6.69433 7.7486 8.9689 10.3814 12.0163 13.9087 16.0991 18.6345 21.5692 24.9661 28.8979 33.4489 38.7167 44.814 51.8717 60.0407 69.4963 80.4411 93.1095 107.773 124.746 144.391 167.131 193.452 223.918 259.182 300 
dV: 1.08333 0.211322 0.327712 0.508206 0.788112 1.22218 1.89532 2.93921 4.55805 7.06849 10.9616 16.999 26.3615 40.8807 63.3966 98.3136 152.462 236.434 366.655 568.597 881.764 1367.42 2120.55 3288.49 5099.69 7908.45 12264.2 19019 29494.1 45738.6 70930.1 109996 170579 264529 410225 636165 986546 1.52991e+06 2.37254e+06 3.67926e+06 
kVec: 946017 1.09727e+06 1.26522e+06 1.45887e+06 1.68192e+06 1.93802e+06 2.23185e+06 2.56869e+06 2.95411e+06 3.39289e+06 3.89282e+06 4.46142e+06 5.1023e+06 5.82427e+06 6.63562e+06 7.54188e+06 8.53923e+06 9.6393e+06 1.08471e+07 1.21304e+07 1.34966e+07 1.49406e+07 1.64386e+07 1.79178e+07 1.94163e+07 2.0968e+07 2.2414e+07 2.39618e+07 2.58511e+07 2.84563e+07 3.21975e+07 3.83197e+07 4.87704e+07 6.49531e+07 9.00592e+07 1.28296e+08 1.82065e+08 2.48488e+08 3.28672e+08 4.17814e+08 
cMat: 
-141540 919.96 1081 1259.18 1467.88 1713.61 2003.11 2344.46 2748.56 3230.37 3804.15 4489.3 5318.33 6321.71 7539 9030.63 10884.9 13184.8 16053.9 19734 24443.8 30503.2 38451.3 49091.1 63284.3 82398.8 109120 146181 197969 271842 378558 532316 755677 1.08659e+06 1.56885e+06 2.26786e+06 3.26003e+06 4.65917e+06 6.66613e+06 9.57174e+06 
4648.17 -168246 1237.74 1441.76 1680.74 1962.12 2293.63 2684.52 3147.28 3699.04 4356.15 5140.83 6090.33 7239.57 8633.9 10342.6 12466.8 15101.7 18389 22606.1 28003.6 34948.7 44059.6 56258.1 72533 94454.8 125107 167627 227055 311844 434351 610893 867396 1.24746e+06 1.80142e+06 2.60444e+06 3.7443e+06 5.35169e+06 7.65736e+06 1.09955e+07 
3463.53 784.89 -193216 1647.75 1920.89 2242.49 2621.4 3068.2 3597.16 4227.87 4979.05 5876.08 6961.6 8275.55 9869.81 11823.6 14252.9 17266.4 21026.4 25850.5 32025.7 39972.7 50399.7 64362.8 82995.7 108099 143207 191921 260020 357205 497654 700094 994288 1.43026e+06 2.06582e+06 2.98725e+06 4.29526e+06 6.13973e+06 8.78549e+06 1.2616e+07 
2551.77 578.274 1042.2 -222377 2191.34 2558.26 2990.57 3500.35 4103.88 4823.56 5680.72 6704.37 7943.18 9442.78 11262.4 13492.6 16265.9 19706.4 23999.7 29508.8 36562 45640.3 57553.8 73511.2 94809.8 123511 163662 219388 297310 408544 569336 801157 1.13813e+06 1.63757e+06 2.3658e+06 3.42174e+06 4.92081e+06 7.03461e+06 1.00668e+07 1.44567e+07 
1875.95 425.125 766.193 1381.93 -256339 2886.63 3404.81 3985.28 4672.53 5492.06 6468.21 7634.01 9044.96 10753.1 12825.9 15366.6 18526.4 22446.8 27339.6 33619.1 41660 52011.4 65598.5 83801.9 108104 140862 186701 250341 339356 466465 650257 915312 1.30069e+06 1.872e+06 2.70519e+06 3.91352e+06 5.62906e+06 8.04804e+06 1.1518e+07 1.65418e+07 
1376.42 311.925 562.182 1013.98 1814.26 -295752 3865.65 4524.79 5305.21 6235.91 7344.53 8668.62 10271.3 12211.7 14566.5 17453.4 21044 25499.7 31061.4 38200.8 47344.7 59118.4 74576.6 95292.7 122958 160260 212478 284999 386474 531428 741098 1.04357e+06 1.4835e+06 2.13583e+06 3.08741e+06 4.46773e+06 6.42764e+06 9.19107e+06 1.31552e+07 1.88945e+07 
1007.32 228.282 411.438 742.102 1339.76 2420.18 -341433 5122.49 6006.19 7060.12 8315.6 9815.22 11630.5 13828.6 16496.4 19767.4 23836.5 28886.7 35191.6 43286.9 53657.6 67014.3 84556 108072 139488 181862 241205 323656 439075 604020 842700 1.18716e+06 1.68834e+06 2.43171e+06 3.51638e+06 5.09016e+06 7.32499e+06 1.04759e+07 1.49959e+07 2.15402e+07 
734.851 166.537 300.157 541.395 977.43 1765.7 3192.82 -394301 6708.18 7968.86 9386.39 11079.7 13129.7 15612.2 18625.7 22320.9 26918.7 32626.2 39753 48906.1 60634.9 75745.2 95596.5 122219 157798 205808 273077 366584 497542 684786 955858 1.34724e+06 1.91693e+06 2.76217e+06 3.99591e+06 5.78646e+06 8.32942e+06 1.19146e+07 1.70576e+07 2.4504e+07 
534.26 121.079 218.23 393.631 710.674 1283.84 2321.58 4160.03 -455614 8961.66 10556.3 12461.5 14768.2 17561.9 20953.8 25113.7 30290.7 36718.5 44746.6 55060.5 68280.9 85318.3 107710 137753 177921 232149 308174 413908 562074 774043 1.08107e+06 1.52459e+06 2.1705e+06 3.12918e+06 4.52901e+06 6.56126e+06 9.44789e+06 1.35174e+07 1.93552e+07 2.78077e+07 
387.173 87.7462 158.155 285.277 515.062 930.497 1682.68 3047.15 5525.78 -526399 11816.6 13950.2 16533.9 19663.7 23464.2 28126.2 33929.5 41136.8 50140.9 61713 76551.6 95682.2 120836 154604 199777 260796 346399 465533 632591 871750 1.21839e+06 1.71944e+06 2.44956e+06 3.53371e+06 5.11746e+06 7.41762e+06 1.06854e+07 1.52918e+07 2.19e+07 3.1468e+07 
279.298 63.2995 114.094 205.807 371.591 671.33 1214.06 2198.63 3987.28 7238.55 -608397 15546.8 18428.1 21919 26158.6 31360.7 37838.1 45885 55941 68870.5 85456.7 106850 134994 172799 223403 291803 387836 521586 709282 978201 1.36826e+06 1.93247e+06 2.75519e+06 3.97746e+06 5.7639e+06 8.35957e+06 1.20479e+07 1.72467e+07 2.4705e+07 3.55039e+07 
200.407 45.4206 81.8708 147.685 266.66 481.776 871.305 1577.99 2861.9 5195.9 9452.89 -703522 20286.3 24314.4 29021.6 34798.8 41994.8 50937.2 62116.4 76496.7 94952.8 118770 150122 192264 248713 325071 432370 581938 792015 1.09327e+06 1.53059e+06 2.16369e+06 3.08757e+06 4.46088e+06 6.4693e+06 9.38894e+06 1.35385e+07 1.9387e+07 2.77775e+07 3.99263e+07 
143.17 32.4493 58.4918 105.516 190.527 344.243 622.607 1127.65 2045.3 3713.65 6756.91 12233.4 -813615 26790.5 31982.7 38357.1 46300.2 56174.9 68524.7 84419.9 104832 131190 165911 212622 275242 360025 479290 645710 879707 1.21563e+06 1.70378e+06 2.41115e+06 3.4444e+06 4.98137e+06 7.23073e+06 1.05026e+07 1.51541e+07 2.17093e+07 3.11139e+07 4.47312e+07 
101.673 23.0448 41.541 74.941 135.324 244.517 442.269 801.087 1453.11 2638.67 4801.56 8759.96 16005.7 -941601 35015.2 42003.8 50716.3 61552.2 75111 92573.9 115014 144011 182241 233722 302806 396436 528311 712550 971922 1.34475e+06 1.88718e+06 2.67411e+06 3.82485e+06 5.53796e+06 8.04722e+06 1.16997e+07 1.68941e+07 2.42132e+07 3.47142e+07 4.99194e+07 
71.6847 16.2483 29.2907 52.8436 95.4271 172.438 311.918 565.028 1025.01 1861.51 3387.8 6181.6 11296.7 20701.3 -1.09066e+06 45181.7 55185.6 67000.5 81792.3 100858 125376 157083 198926 255334 331114 433943 578977 781880 1.06793e+06 1.47972e+06 2.07965e+06 2.95113e+06 4.22714e+06 6.12851e+06 8.91617e+06 1.29772e+07 1.87547e+07 2.68943e+07 3.85729e+07 5.54834e+07 
50.1842 11.3753 20.5073 36.9993 66.8188 120.751 218.442 395.736 717.98 1304.09 2373.69 4331.92 7918.04 14513.3 26405.7 -1.26579e+06 59579.4 72365 88382.4 109045 135641 170068 215549 276942 359524 471739 630274 852424 1.16613e+06 1.6185e+06 2.27862e+06 3.23903e+06 4.64735e+06 6.74815e+06 9.83166e+06 1.43279e+07 2.07275e+07 2.97419e+07 4.26762e+07 6.1405e+07 
34.9173 7.91513 14.2701 25.7477 46.5025 84.0437 152.053 275.495 499.892 908.111 1653.23 3017.71 5517.21 10115.5 18617.8 34392.3 -1.47041e+06 77416.6 94605.1 116802 145402 182465 231494 297778 387080 508631 680700 922289 1.26414e+06 1.75814e+06 2.48043e+06 3.53329e+06 5.08e+06 7.39034e+06 1.0786e+07 1.57433e+07 2.28028e+07 3.27447e+07 4.70104e+07 6.76671e+07 
24.0796 5.4587 9.84204 17.7594 32.0776 57.9794 104.909 190.102 344.995 626.835 1141.39 2083.9 3811.01 6989.51 12868.9 23782.3 44075.3 -1.71263e+06 100434 124093 154615 194218 246688 317748 413656 544450 730033 991186 1.36159e+06 1.89814e+06 2.68445e+06 3.83317e+06 5.52427e+06 8.05421e+06 1.17786e+07 1.72228e+07 2.4981e+07 3.59039e+07 5.15781e+07 7.42741e+07 
16.4433 3.72781 6.72172 12.13 21.9115 39.6088 71.6777 129.904 235.788 428.497 780.42 1425.22 2607.22 4783.43 8810.64 16290.1 30207 56326.5 -2.00245e+06 130027 163115 205125 260877 336535 438856 578700 777646 1.05833e+06 1.45749e+06 2.03733e+06 2.88931e+06 4.13711e+06 5.97856e+06 8.73835e+06 1.28084e+07 1.87671e+07 2.72647e+07 3.92254e+07 5.63896e+07 8.12428e+07 
11.1688 2.53223 4.56633 8.24118 14.8884 26.9169 48.7175 88.3076 160.319 291.417 530.902 969.841 1774.84 3257.67 6003.25 11105.8 20607.5 38456 71848.4 -2.34737e+06 170138 214247 272908 352709 460902 609171 820793 1.12032e+06 1.54771e+06 2.17072e+06 3.0892e+06 4.43869e+06 6.43633e+06 9.43698e+06 1.38722e+07 2.03781e+07 2.96648e+07 4.27318e+07 6.14842e+07 8.86359e+07 
7.52196 1.70554 3.07588 5.55187 10.0312 18.1383 32.8345 59.5291 108.097 196.546 358.177 654.541 1198.34 2200.6 4057.54 7511.12 13948.2 26051.9 49006 92506.6 -2.76596e+06 221822 283069 366627 480241 636428 860207 1.17814e+06 1.63358e+06 2.30025e+06 3.28699e+06 4.7423e+06 6.90451e+06 1.01611e+07 1.49876e+07 2.20836e+07 3.22241e+07 4.64868e+07 6.69561e+07 9.65913e+07 
5.01749 1.13778 2.05216 3.70455 6.69437 12.1067 21.9202 39.7502 72.1997 131.316 239.389 437.637 801.61 1472.87 2717.42 5034 9356.33 17492.6 32942.1 62267.9 118572 -3.28004e+06 288267 378570 497241 660964 896573 1.23278e+06 1.71659e+06 2.4282e+06 3.48639e+06 5.054e+06 7.39311e+06 1.09274e+07 1.61817e+07 2.39271e+07 3.50108e+07 5.05933e+07 7.29576e+07 1.05332e+08 
3.32522 0.754115 1.36033 2.45601 4.4389 8.02924 14.5409 26.3752 47.9202 87.1876 159.006 290.817 532.976 979.905 1809.21 3354.34 6240.73 11681 22026.1 41699.8 79549.9 151553 -3.92283e+06 387983 511236 681999 929023 1.28336e+06 1.79603e+06 2.55451e+06 3.68878e+06 5.37819e+06 7.91228e+06 1.1756e+07 1.74922e+07 2.5975e+07 3.81342e+07 5.52203e+07 7.9743e+07 1.15236e+08 
2.19802 0.498541 0.899439 1.62416 2.93599 5.31191 9.62234 17.4587 31.731 57.7561 105.38 192.839 353.638 650.664 1202.33 2231.36 4156.31 7789.98 14711.3 27903.2 53344.6 103047 200877 -4.72252e+06 521136 698201 955987 1.32814e+06 1.87026e+06 2.6782e+06 3.89516e+06 5.72025e+06 8.47629e+06 1.26778e+07 1.89778e+07 2.83326e+07 4.17707e+07 6.06429e+07 8.7729e+07 1.2692e+08 
1.44168 0.327036 0.590114 1.06579 1.92702 3.48731 6.31896 11.4688 20.8523 37.9721 69.3187 126.922 232.922 428.908 793.298 1473.84 2748.9 5159.84 9760.81 18551.9 35552.4 68865 134674 265152 -5.74674e+06 712397 981177 1.37211e+06 1.9461e+06 2.80896e+06 4.1199e+06 6.10221e+06 9.11992e+06 1.37486e+07 2.07293e+07 3.11455e+07 4.61479e+07 6.72041e+07 9.74241e+07 1.41129e+08 
0.937177 0.212624 0.383733 0.69319 1.25362 2.26928 4.11319 7.46806 13.5838 24.7485 45.2044 82.8221 152.109 280.351 519.063 965.503 1803.39 3390.65 6426.08 12241.9 23522.7 45702.4 89696.3 177359 355673 -7.09195e+06 1.00251e+06 1.4179e+06 2.02767e+06 2.95361e+06 4.37476e+06 6.54477e+06 9.88008e+06 1.5034e+07 2.28601e+07 3.46057e+07 5.15772e+07 7.53831e+07 1.09548e+08 1.58928e+08 
0.609192 0.138235 0.249529 0.450862 0.815582 1.47681 2.67777 4.86384 8.85111 16.1351 29.4908 54.0719 99.3962 183.386 339.936 633.184 1184.65 2231.6 4238.61 8096.4 15605.9 30429.5 59974.4 119199 240450 492081 -8.81585e+06 1.44842e+06 2.09283e+06 3.08429e+06 4.62685e+06 7.01333e+06 1.07296e+07 1.65321e+07 2.54252e+07 3.88782e+07 5.84028e+07 8.57747e+07 1.25053e+08 1.81765e+08 
0.390507 0.0886276 0.160017 0.289198 0.523287 0.947855 1.71933 3.12431 5.68844 10.3761 18.9781 34.8241 64.0762 118.353 219.667 409.773 768.051 1449.83 2760.26 5287.96 10227.6 20020.8 39643.7 79241.7 160900 333028 693077 -1.11056e+07 2.14251e+06 3.20107e+06 4.87574e+06 7.50904e+06 1.16774e+07 1.82747e+07 2.85061e+07 4.41404e+07 6.69616e+07 9.89448e+07 1.44834e+08 2.10991e+08 
0.244261 0.0554466 0.100132 0.181014 0.32763 0.593662 1.07729 1.95853 3.56782 6.51218 11.9197 21.8906 40.3197 74.5617 138.576 258.914 486.226 919.871 1755.72 3374.08 6549.91 12876 25624.8 51538.3 105402 219965 462530 989561 -1.42049e+07 3.25083e+06 5.09472e+06 7.99532e+06 1.26796e+07 2.02231e+07 3.20963e+07 5.04708e+07 7.74912e+07 1.15365e+08 1.697e+08 2.47876e+08 
0.147674 0.0335282 0.0605637 0.109515 0.198279 0.359412 0.652491 1.18682 2.16323 3.95117 7.23776 13.3039 24.5307 45.4209 84.5381 158.216 297.732 564.598 1080.53 2083.53 4060.68 8019.2 16046.7 32493.8 66982.3 141071 300118 650945 1.43128e+06 -1.84669e+07 5.17086e+06 8.30535e+06 1.34996e+07 2.20632e+07 3.58119e+07 5.74548e+07 8.9608e+07 1.34724e+08 1.99448e+08 2.92305e+08 
0.0845547 0.0192014 0.0346929 0.0627511 0.113648 0.206083 0.374296 0.681151 1.24226 2.27059 4.16259 7.6583 14.1365 26.2088 48.8519 91.5859 172.71 328.312 630.074 1219.16 2385.85 4734.14 9527.48 19431.3 40394.3 85913 185115 407671 922294 2.12609e+06 -2.42532e+07 8.13384e+06 1.36437e+07 2.30435e+07 3.85728e+07 6.36374e+07 1.0146e+08 1.547e+08 2.31112e+08 3.40256e+08 
0.0434812 0.00987608 0.0178483 0.0322922 0.0585023 0.106125 0.192832 0.351092 0.640677 1.17183 2.14998 3.95908 7.31609 13.5812 25.3518 47.6101 89.97 171.441 329.93 640.614 1258.81 2509.73 5079.94 10435.6 21880 47003.1 102614 229604 529312 1.24883e+06 2.97456e+06 -3.26403e+07 1.26258e+07 2.22009e+07 3.86302e+07 6.60607e+07 1.08401e+08 1.68402e+08 2.54654e+08 3.7717e+08 
0.0209258 0.0047539 0.00859342 0.0155519 0.0281833 0.051144 0.09297 0.169354 0.309214 0.565954 1.03917 1.91526 3.54309 6.58548 12.3106 23.158 43.8525 83.7616 161.634 314.915 621.322 1244.61 2533.6 5242.31 11085.7 24055 53220.4 121047 284575 688144 1.6915e+06 4.28029e+06 -4.48751e+07 2.06723e+07 3.77848e+07 6.75814e+07 1.15038e+08 1.8308e+08 2.81242e+08 4.19781e+08 
0.00875896 0.00199021 0.00359841 0.00651382 0.0118077 0.0214347 0.0389795 0.0710368 0.129769 0.237665 0.4367 0.805519 1.49162 2.77566 5.19553 9.78866 18.5711 35.5497 68.7716 134.409 266.175 535.504 1095.82 2282.45 4864.91 10655.2 23870.8 55144.5 132123 327393 831629 2.19092e+06 6.01771e+06 -6.25196e+07 3.13925e+07 5.99753e+07 1.08212e+08 1.79318e+08 2.83048e+08 4.28377e+08 
0.00310909 0.000706567 0.00127777 0.00231354 0.00419489 0.00761742 0.0138575 0.0252646 0.0461751 0.0846163 0.155582 0.287195 0.5323 0.991575 1.85831 3.50614 6.66345 12.7811 24.7821 48.5744 96.5212 194.956 400.854 839.981 1803.29 3983.17 9025.41 21147.2 51552.6 130645 342238 937230 2.7041e+06 7.71774e+06 -8.87477e+07 4.58674e+07 8.95644e+07 1.57584e+08 2.59569e+08 4.02278e+08 
0.000931669 0.000211762 0.000383023 0.00069365 0.00125801 0.00228505 0.00415829 0.00758408 0.0138671 0.0254248 0.0467756 0.0864031 0.160275 0.298847 0.560679 1.05921 2.01617 3.87414 7.52724 14.7917 29.4817 59.758 123.393 259.958 561.654 1249.95 2860.9 6788.04 16804.6 43449.6 117045 332243 1.0026e+06 3.05654e+06 9.5082e+06 -1.27686e+08 6.45454e+07 1.2469e+08 2.18893e+08 3.52839e+08 
0.000230224 5.23343e-05 9.46731e-05 0.00017148 0.000311054 0.000565122 0.00102866 0.00187667 0.00343255 0.00629601 0.0115886 0.0214174 0.0397541 0.0741807 0.139292 0.263407 0.502 0.965968 1.87984 3.70152 7.39515 15.0311 31.1411 65.8828 143.057 320.248 738.777 1770.18 4435.32 11649 32078.7 93719.6 293377 948017 3.19163e+06 1.10955e+07 -1.81831e+08 8.31675e+07 1.62394e+08 2.82012e+08 
4.57849e-05 1.04086e-05 1.88309e-05 3.41115e-05 6.18835e-05 0.000112445 0.000204712 0.00037354 0.000683373 0.00125377 0.00230839 0.00426767 0.00792466 0.0147942 0.0277946 0.0525936 0.100309 0.193188 0.376334 0.741947 1.4845 3.0225 6.27483 13.3096 28.9892 65.1308 150.981 363.973 918.82 2437.09 6806.1 20259.5 64969.3 218599 781401 2.98263e+06 1.15728e+07 -2.48418e+08 9.78494e+07 1.9928e+08 
7.15275e-06 1.62617e-06 2.94221e-06 5.33011e-06 9.67046e-06 1.75735e-05 3.19971e-05 5.83932e-05 0.000106844 0.000196061 0.000361056 0.000667667 0.00124016 0.00231598 0.00435281 0.00824018 0.0157246 0.0303033 0.0590733 0.116566 0.233468 0.475916 0.989425 2.10239 4.58874 10.3348 24.035 58.1744 147.579 393.953 1110.24 3345.17 10897.7 37676.7 140540 571723 2.46741e+06 1.06843e+07 -3.28657e+08 1.19785e+08 
8.47643e-07 1.92718e-07 3.487e-07 6.31739e-07 1.14624e-06 2.08314e-06 3.79322e-06 6.92313e-06 1.26689e-05 2.32508e-05 4.2824e-05 7.92042e-05 0.000147148 0.000274865 0.00051674 0.000978536 0.00186803 0.0036015 0.00702423 0.0138689 0.027797 0.0567079 0.118005 0.251028 0.548613 1.23743 2.88325 6.99439 17.791 47.651 134.903 408.909 1342.45 4706.09 17976.1 76059.3 353639 1.79586e+06 9.88609e+06 -4.17812e+08 
dt_FE: 2.39341e-09
dt_EA: 2.39341e-09
dt_PE: 2.39341e-09
tolC: 1e-06
dt_grow: 1.03
dt_max: 0.1
steps: 0
