t: 2.63429e-07
dt: 2.39044e-09
N: 0.199972 0.226629 0.256037 0.288283 0.323359 0.361077 0.401235 0.443506 0.48734 0.531943 0.576647 0.620553 0.662362 0.701215 0.736235 0.766445 0.790937 0.809572 0.822064 0.82779 0.826895 0.81911 0.803617 0.779099 0.743993 0.695777 0.631332 0.548697 0.448486 0.336905 0.22701 0.134472 0.0691307 0.0306236 0.0116083 0.00372232 0.000991439 0.000213894 3.62173e-05 4.63542e-06 
eC: 1 1.15749 1.33977 1.55077 1.795 2.07768 2.40489 2.78363 3.22201 3.72944 4.31677 4.99661 5.78351 6.69433 7.7486 8.9689 10.3814 12.0163 13.9087 16.0991 18.6345 21.5692 24.9661 28.8979 33.4489 38.7167 44.814 51.8717 60.0407 69.4963 80.4411 93.1095 107.773 124.746 144.391 167.131 193.452 223.918 259.182 300 
dV: 1.08333 0.211322 0.327712 0.508206 0.788112 1.22218 1.89532 2.93921 4.55805 7.06849 10.9616 16.999 26.3615 40.8807 63.3966 98.3136 152.462 236.434 366.655 568.597 881.764 1367.42 2120.55 3288.49 5099.69 7908.45 12264.2 19019 29494.1 45738.6 70930.1 109996 170579 264529 410225 636165 986546 1.52991e+06 2.37254e+06 3.67926e+06 
kVec: 1.02332e+06 1.18579e+06 1.36638e+06 1.57424e+06 1.81319e+06 2.08688e+06 2.40005e+06 2.75798e+06 3.16603e+06 3.62853e+06 4.15291e+06 4.74596e+06 5.40963e+06 6.15125e+06 6.97704e+06 7.88928e+06 8.87937e+06 9.95502e+06 1.11156e+07 1.23196e+07 1.35682e+07 1.48492e+07 1.61317e+07 1.73362e+07 1.85056e+07 1.96815e+07 2.07322e+07 2.1905e+07 2.34952e+07 2.59554e+07 2.97752e+07 3.62163e+07 4.71561e+07 6.3888e+07 8.94975e+07 1.28159e+08 1.82252e+08 2.48869e+08 3.29157e+08 4.18333e+08 
cMat: 
-80370.9 768.133 902.599 1051.37 1225.63 1430.8 1672.52 1957.54 2294.95 2697.24 3176.33 3748.4 4440.61 5278.39 6294.79 7540.25 9088.53 11008.8 13404.4 16477.2 20409.7 25469.1 32105.4 40989.3 52840.1 68800 91111.3 122056 165297 226978 316082 444464 630963 907262 1.30993e+06 1.89358e+06 2.722e+06 3.89024e+06 5.56597e+06 7.99206e+06 
3776.52 -96563.4 1005.63 1171.4 1365.56 1594.17 1863.51 2181.11 2557.08 3005.37 3539.26 4176.8 4948.24 5881.97 7014.83 8403.08 10129 12269.8 14940.6 18366.9 22752.2 28394.9 35797.3 45708.3 58931.3 76742.2 101646 136193 184477 253366 352900 496335 704738 1.01353e+06 1.46361e+06 2.11604e+06 3.04215e+06 4.34811e+06 6.22142e+06 8.93355e+06 
2727.59 618.114 -110321 1297.63 1512.73 1766 2064.4 2416.26 2832.82 3329.52 3921.08 4627.51 5482.37 6517.13 7772.63 9311.3 11224.4 13597.6 16558.6 20357.7 25220.8 31479.1 39690.5 50686.7 65360.4 85129.4 112778 151141 204770 281305 391910 551336 783017 1.12635e+06 1.62686e+06 2.35251e+06 3.38259e+06 4.83513e+06 6.91871e+06 9.9353e+06 
1939.24 439.466 792.031 -126426 1665.33 1944.18 2272.71 2660.13 3118.79 3665.71 4317.12 5095.05 6036.5 7176.14 8559 10253.9 12361.4 14976.1 18238.8 22425.5 27785.7 34684.8 43738.6 55865.6 72051.7 93863.3 124376 166726 225944 310477 432673 608848 864931 1.24449e+06 1.79792e+06 2.60039e+06 3.73962e+06 5.34603e+06 7.65033e+06 1.09865e+07 
1368.98 310.237 559.132 1008.47 -145212 2106.53 2484.67 2908.27 3409.79 4007.85 4720.2 5570.95 6600.59 7847.09 9359.73 11213.9 13519.7 16380.7 19951.2 24533.7 30401.6 37955.5 47870.8 61154.8 78889.5 102794 136246 182687 247647 340404 474528 667952 949184 1.3661e+06 1.97412e+06 2.85591e+06 4.10783e+06 5.87309e+06 8.40528e+06 1.20714e+07 
959.349 217.409 391.835 706.734 1264.52 -167053 2694.32 3153.73 3697.68 4346.36 5119.06 6041.94 7158.98 8511.4 10152.7 12164.8 14667.5 17773.1 21649.5 26625.6 32998.7 41204.9 51979.1 66418.1 85700.4 111699 148095 198641 269368 370400 516537 727358 1.03398e+06 1.48865e+06 2.15189e+06 3.11396e+06 4.48e+06 6.40608e+06 9.169e+06 1.31692e+07 
666.61 151.069 272.276 491.097 886.607 1601.59 -192417 3389.89 3974.69 4672.14 5502.98 6495.37 7696.67 9151.26 10916.8 13081.4 15774.2 19116.3 23288.6 28645.8 35508.7 44347.8 55956.3 71518.6 92308.3 120350 159621 214185 290565 399720 557670 785621 1.11729e+06 1.60922e+06 2.32702e+06 3.36849e+06 4.84743e+06 6.9326e+06 9.92379e+06 1.42545e+07 
458.757 103.966 187.383 337.985 610.195 1102.3 1993.23 -221856 4187.82 4974.85 5859.79 6916.89 8196.66 9746.45 11627.7 13934.6 16805 20368.1 24817.2 30531.3 37853.5 47286.6 59679.5 76299.8 98511.3 128483 170478 228853 310609 427502 596728 841061 1.19671e+06 1.72439e+06 2.49459e+06 3.6124e+06 5.19994e+06 7.43811e+06 1.06488e+07 1.52975e+07 
312.519 70.8259 127.655 230.257 415.713 750.992 1358.02 2433.43 -256172 5242.17 6175 7289.4 8638.72 10273 12257 14690.4 17718.7 21478.7 26174.8 32208 39941.3 49907.5 63005.6 80579.6 104076 135797 180268 242118 328789 452781 632379 891820 1.26965e+06 1.83043e+06 2.64927e+06 3.83805e+06 5.5266e+06 7.90706e+06 1.13219e+07 1.62662e+07 
210.787 47.7714 86.1039 155.313 280.414 506.588 916.098 1658.95 3008.39 -296114 6433.3 7594.87 9001.53 10705.5 12774.5 15312.7 18472.2 22396 27298.1 33598.3 41676.8 52092 65786.7 84170.9 108764 141984 188589 253449 344400 474605 663323 936108 1.33361e+06 1.92385e+06 2.78609e+06 4.03836e+06 5.81741e+06 8.32526e+06 1.1923e+07 1.71321e+07 
140.559 31.856 57.4191 103.574 187.007 337.853 610.988 1106.48 2006.63 3642.86 -342895 7824.08 9274.11 11030.9 13164.6 15782.5 19042.4 23092 28152.8 34659.7 43006.8 53773.1 67937 86962.6 112429 146852 195182 262493 356953 492288 688588 972533 1.38658e+06 2.00169e+06 2.90074e+06 4.20703e+06 6.0632e+06 8.67955e+06 1.2433e+07 1.78677e+07 
92.6424 20.9967 37.8466 68.2709 123.269 222.712 402.78 729.462 1322.98 2401.92 4369.81 -397999 9377.78 11239.9 13415.9 16086.5 19413 23546.9 28714.7 35362.3 43894 54904.1 69397.1 88878.4 114973 150271 199873 269014 366127 505388 707551 1.00021e+06 1.4273e+06 2.06214e+06 2.99058e+06 4.34025e+06 6.25849e+06 8.96207e+06 1.28408e+07 1.84568e+07 
60.5265 13.7182 24.7279 44.6079 80.5469 145.532 263.213 476.726 864.67 1569.98 2856.55 5171.78 -463044 11325.9 13521 16215.8 19573.9 23748.5 28969.4 35689.3 44318.8 55461.8 70140.5 89887.9 116361 152204 202624 272980 371904 513919 720290 1.01934e+06 1.45615e+06 2.10592e+06 3.05686e+06 4.44008e+06 6.40655e+06 9.17779e+06 1.31537e+07 1.89106e+07 
39.2141 8.88808 16.0219 28.9038 52.193 94.3073 170.578 308.97 560.445 1017.7 1851.9 3378.61 6173.21 -540548 13504.9 16200.4 19560.6 23739.9 28969.4 35704.6 44359.6 55543.4 70288.2 90143.8 116788 152901 203763 274822 374858 518654 727863 1.03137e+06 1.4752e+06 2.13592e+06 3.10371e+06 4.51244e+06 6.51583e+06 9.33872e+06 1.33889e+07 1.92533e+07 
25.2447 5.72203 10.3151 18.6095 33.6059 60.7261 109.846 198.982 360.97 655.555 1193.06 2176.93 3978.27 7290.22 -633639 15911.3 19434.3 23595.1 28804.2 35518.3 44152.6 55318.8 70054.2 89919.2 116606 152818 203894 275349 376087 521102 732373 1.03928e+06 1.48864e+06 2.15823e+06 3.13994e+06 4.57009e+06 6.60471e+06 9.47117e+06 1.35839e+07 1.95392e+07 
16.237 3.68048 6.6351 11.9711 21.6191 39.0688 70.6765 128.04 232.301 421.936 768.004 1401.59 2561.87 4695.75 8543.54 -746601 19276.8 23413.6 28596 35281.5 43886.5 55025.2 69740.7 89604.2 116323 152631 203924 275800 377300 523664 737245 1.04799e+06 1.50364e+06 2.18335e+06 3.18102e+06 4.63579e+06 6.70636e+06 9.62295e+06 1.38078e+07 1.98675e+07 
10.521 2.38493 4.29975 7.75811 14.0118 25.3234 45.8153 83.01 150.624 273.625 498.139 909.272 1662.41 3047.94 5609.76 10362.8 -883902 23326.6 28505.7 35193.8 43811.4 54979 69752 89724.3 116632 153257 205103 277897 380902 529749 747384 1.06462e+06 1.53067e+06 2.2268e+06 3.24997e+06 4.74364e+06 6.87078e+06 9.86638e+06 1.41648e+07 2.03889e+07 
6.89363 1.56275 2.81763 5.08426 9.18333 16.5986 30.0338 54.4233 98.7671 179.454 326.764 596.59 1091.03 2000.99 3684.16 6808.53 12618.1 -1.0535e+06 28752.7 35526.1 44264 55601.9 70623 90966.6 118424 155868 208998 283762 389802 543409 768519 1.09738e+06 1.58152e+06 2.3058e+06 3.37202e+06 4.93064e+06 7.15168e+06 1.02787e+07 1.4766e+07 2.12636e+07 
4.59774 1.04234 1.87948 3.3917 6.12673 11.0751 20.042 36.3228 65.9292 119.813 218.215 398.509 729.011 1337.51 2463.57 4554.93 8446.27 15749.6 -1.26573e+06 36357.3 45609.1 57355.6 72944.5 94099.6 122710 161812 217440 295922 407534 569662 807888 1.15679e+06 1.67168e+06 2.44335e+06 3.58139e+06 5.24753e+06 7.62356e+06 1.09679e+07 1.57673e+07 2.27165e+07 
3.15875 0.716164 1.29145 2.33076 4.21073 7.61263 13.7783 24.9751 45.3412 82.4184 150.149 274.29 501.958 921.332 1697.84 3140.93 5828.21 10876.1 20320.1 -1.53028e+06 48118.3 60593.2 77183.5 99752.9 130352 172285 232136 316848 437722 613922 873685 1.25535e+06 1.82032e+06 2.66896e+06 3.92334e+06 5.76333e+06 8.38978e+06 1.20854e+07 1.73889e+07 2.50679e+07 
2.23209 0.506108 0.912746 1.64748 2.97669 5.3824 9.74341 17.6648 32.077 58.3236 106.287 194.23 355.598 653.013 1204.05 2228.87 4139.03 7730.71 14542.2 27450.7 -1.8664e+06 65824.1 83998.7 108794 142508 188856 255260 349605 484754 682582 975392 1.40724e+06 2.04887e+06 3.01524e+06 4.44748e+06 6.55314e+06 9.56227e+06 1.37946e+07 1.98688e+07 2.86628e+07 
1.61903 0.367135 0.662184 1.19537 2.16012 3.90654 7.07315 12.8265 23.2971 42.3727 77.2452 141.215 258.661 475.261 876.847 1624.36 3019.07 5644.47 10629.6 20092.4 38260.4 -2.29931e+06 93017 122156 160448 213278 289303 397789 553902 783525 1.12498e+06 1.63081e+06 2.38558e+06 3.526e+06 5.22145e+06 7.72072e+06 1.12972e+07 1.63253e+07 2.35417e+07 3.39883e+07 
1.20408 0.273069 0.492584 0.889336 1.60735 2.90743 5.26534 9.5506 17.3521 31.5711 57.577 105.306 192.993 354.829 655.123 1214.62 2259.8 4229.77 7975.76 15099.7 28805.4 54878.1 -2.86207e+06 140490 185121 246955 336404 464710 650352 925002 1.33573e+06 1.94747e+06 2.86508e+06 4.25692e+06 6.33401e+06 9.40568e+06 1.38086e+07 1.99955e+07 2.88754e+07 4.17275e+07 
0.91472 0.207471 0.374307 0.675905 1.22183 2.21059 4.0044 7.26557 13.2051 24.0356 43.8547 80.2511 147.169 270.778 500.359 928.593 1729.67 3241.85 6122.21 11612.1 22199.7 42883.6 83596.4 -3.58987e+06 216874 290561 397840 552716 778321 1.11455e+06 1.621e+06 2.38052e+06 3.52746e+06 5.27593e+06 7.89774e+06 1.17908e+07 1.73831e+07 2.52369e+07 3.6509e+07 5.28184e+07 
0.70071 0.158952 0.286818 0.518015 0.936606 1.69497 3.07126 5.57429 10.135 18.4559 33.6915 61.6891 113.209 208.465 385.573 716.344 1336.07 2507.88 4744.12 9016.95 17279.8 33471 65456.7 128874 -4.55506e+06 346252 476889 666900 945878 1.36526e+06 2.00243e+06 2.96591e+06 4.43263e+06 6.68236e+06 1.00752e+07 1.51379e+07 2.24296e+07 3.26637e+07 4.73518e+07 6.85941e+07 
0.536203 0.121652 0.219552 0.396606 0.717252 1.29836 2.35335 4.27282 7.77191 14.1597 25.8635 47.3863 87.0289 160.402 296.98 552.409 1031.8 1939.95 3676.66 7004.16 13458.5 26148.4 51319.4 101475 203497 -5.85656e+06 573582 811245 1.16012e+06 1.6899e+06 2.503e+06 3.74457e+06 5.65285e+06 8.60167e+06 1.30793e+07 1.97995e+07 2.95097e+07 4.31301e+07 6.26775e+07 9.09302e+07 
0.408165 0.0926186 0.167187 0.302082 0.546449 0.989479 1.79413 3.25882 5.93033 10.8107 19.7592 36.2287 66.5965 122.871 227.761 424.24 793.729 1495.19 2839.91 5424.67 10456.1 20388.1 40183.5 79864.5 161104 329699 -7.5571e+06 970455 1.40221e+06 2.06651e+06 3.10004e+06 4.699e+06 7.18892e+06 1.10767e+07 1.70351e+07 2.60488e+07 3.91305e+07 5.74699e+07 8.37867e+07 1.21784e+08 
0.302502 0.0686545 0.123956 0.224025 0.405359 0.734247 1.33186 2.42022 4.4065 8.03776 14.7012 26.9762 49.636 91.681 170.163 317.427 594.963 1123.1 2138.2 4096.27 7922.68 15508.9 30709.6 61383.8 124639 257977 536885 -9.84117e+06 1.65967e+06 2.47967e+06 3.77695e+06 5.8168e+06 9.04576e+06 1.41563e+07 2.2082e+07 3.41929e+07 5.18711e+07 7.66466e+07 1.12194e+08 1.63442e+08 
0.213936 0.0485629 0.0877004 0.158541 0.286955 0.519959 0.943545 1.71538 3.12488 5.7037 10.4399 19.1729 35.314 65.3048 121.372 226.77 425.861 805.669 1537.75 2955.19 5736.74 11277.5 22443.5 45139.8 92316.4 192656 405107 866707 -1.29489e+07 2.84724e+06 4.46221e+06 7.0027e+06 1.11055e+07 1.77124e+07 2.81116e+07 4.42048e+07 6.78706e+07 1.01042e+08 1.48631e+08 2.17102e+08 
0.141463 0.0321181 0.0580165 0.104909 0.18994 0.344297 0.625049 1.13691 2.07226 3.78499 6.93336 12.7444 23.499 43.5106 80.9826 151.562 285.21 540.852 1035.09 1995.9 3889.9 7681.94 15371.8 31127.2 64165.2 135138 287496 623568 1.37108e+06 -1.72245e+07 4.95338e+06 7.95605e+06 1.29318e+07 2.11352e+07 3.43058e+07 5.50384e+07 8.58393e+07 1.29058e+08 1.9106e+08 2.80011e+08 
0.0853301 0.0193775 0.0350111 0.0633265 0.11469 0.207973 0.377729 0.687397 1.25365 2.29141 4.20076 7.72853 14.2661 26.4491 49.2999 92.4258 174.294 331.322 635.852 1230.34 2407.72 4777.56 9614.86 19609.5 40764.8 86700.9 186812 411409 930752 2.14559e+06 -2.30361e+07 8.20843e+06 1.37688e+07 2.32548e+07 3.89266e+07 6.4221e+07 1.0239e+08 1.56119e+08 2.33232e+08 3.43377e+08 
0.045771 0.0103962 0.0187882 0.0339927 0.0615831 0.111713 0.202987 0.369581 0.674416 1.23354 2.2632 4.16756 7.70137 14.2964 26.6868 50.1173 94.7079 180.47 347.304 674.349 1325.1 2641.9 5347.46 10985.2 23032.2 49478.3 108018 241696 557186 1.3146e+06 3.1312e+06 -3.13624e+07 1.32907e+07 2.337e+07 4.06645e+07 6.95395e+07 1.1411e+08 1.7727e+08 2.68064e+08 3.97033e+08 
0.0215312 0.00489143 0.00884202 0.0160018 0.0289986 0.0526236 0.0956595 0.174253 0.318159 0.582326 1.06924 1.97067 3.64559 6.77599 12.6667 23.828 45.1211 86.1848 166.31 324.025 639.296 1280.61 2606.89 5393.96 11406.4 24750.9 54760 124549 292807 708052 1.74043e+06 4.40412e+06 -4.39055e+07 2.12704e+07 3.88779e+07 6.95364e+07 1.18366e+08 1.88376e+08 2.89378e+08 4.31925e+08 
0.00884278 0.00200926 0.00363284 0.00657615 0.0119207 0.0216398 0.0393525 0.0717165 0.131011 0.239939 0.440878 0.813227 1.50589 2.80221 5.24524 9.88233 18.7488 35.8898 69.4297 135.696 268.722 540.628 1106.31 2304.29 4911.47 10757.2 24099.2 55672.1 133387 330526 839587 2.21188e+06 6.07529e+06 -6.19359e+07 3.16929e+07 6.05492e+07 1.09247e+08 1.81033e+08 2.85757e+08 4.32476e+08 
0.00312077 0.000709221 0.00128257 0.00232223 0.00421064 0.00764603 0.0139096 0.0253595 0.0463485 0.0849341 0.156166 0.288273 0.534299 0.995299 1.86529 3.51931 6.68848 12.8291 24.8752 48.7568 96.8838 195.688 402.359 843.136 1810.06 3998.13 9059.31 21226.7 51746.2 131136 343523 940750 2.71426e+06 7.74673e+06 -8.84602e+07 4.60397e+07 8.99009e+07 1.58176e+08 2.60544e+08 4.03789e+08 
0.000932804 0.000212019 0.00038349 0.000694494 0.00125954 0.00228783 0.00416335 0.00759331 0.013884 0.0254558 0.0468326 0.0865083 0.16047 0.299211 0.561361 1.0605 2.01862 3.87885 7.5364 14.8097 29.5176 59.8308 123.543 260.275 562.338 1251.47 2864.38 6796.31 16825.1 43502.5 117187 332648 1.00382e+06 3.06026e+06 9.51978e+06 -1.27683e+08 6.4624e+07 1.24842e+08 2.19159e+08 3.53269e+08 
0.000230299 5.23514e-05 9.4704e-05 0.000171535 0.000311156 0.000565306 0.001029 0.00187728 0.00343367 0.00629807 0.0115923 0.0214244 0.0397671 0.0742049 0.139337 0.263493 0.502163 0.966283 1.88046 3.70272 7.39756 15.036 31.1513 65.9043 143.103 320.352 739.018 1770.76 4436.76 11652.8 32089.2 93750.1 293472 948326 3.19267e+06 1.10992e+07 -1.82071e+08 8.31946e+07 1.62447e+08 2.82103e+08 
4.57881e-05 1.04093e-05 1.88322e-05 3.41139e-05 6.18878e-05 0.000112453 0.000204726 0.000373566 0.000683421 0.00125386 0.00230855 0.00426797 0.00792521 0.0147953 0.0277966 0.0525973 0.100316 0.193201 0.37636 0.742 1.48461 3.02271 6.27527 13.3105 28.9913 65.1354 150.992 363.999 918.884 2437.26 6806.58 20260.9 64973.8 218614 781456 2.98284e+06 1.15736e+07 -2.48815e+08 9.78563e+07 1.99294e+08 
7.15284e-06 1.62619e-06 2.94225e-06 5.33017e-06 9.67057e-06 1.75737e-05 3.19974e-05 5.83939e-05 0.000106845 0.000196063 0.00036106 0.000667675 0.00124017 0.00231601 0.00435286 0.00824028 0.0157248 0.0303036 0.059074 0.116568 0.233471 0.475921 0.989436 2.10242 4.5888 10.3349 24.0353 58.1751 147.581 393.958 1110.25 3345.21 10897.8 37677.1 140542 571730 2.46744e+06 1.06844e+07 -3.29145e+08 1.19786e+08 
8.47644e-07 1.92719e-07 3.487e-07 6.3174e-07 1.14624e-06 2.08314e-06 3.79322e-06 6.92314e-06 1.26689e-05 2.32509e-05 4.28241e-05 7.92043e-05 0.000147148 0.000274865 0.00051674 0.000978537 0.00186804 0.00360151 0.00702424 0.0138689 0.027797 0.056708 0.118005 0.251028 0.548614 1.23744 2.88325 6.9944 17.791 47.651 134.904 408.91 1342.45 4706.1 17976.1 76059.5 353639 1.79586e+06 9.88611e+06 -4.18331e+08 
dt_FE: 2.39044e-09
dt_EA: 2.39044e-09
dt_PE: 2.39044e-09
tolC: 1e-06
dt_grow: 1.03
dt_max: 0.1
steps: 0
