t: 9.19382e-10
dt: 9.19382e-12
N: 0.000483781 0.00144091 0.00239821 0.00335039 0.00429144 0.00521459 0.00611234 0.00697634 0.00779747 0.00856581 0.00927069 0.00990078 0.0104442 0.0108889 0.0112226 0.0114336 0.0115111 0.011446 0.0112336 0.0109494 0.0126256 0.0429238 0.237503 0.643495 0.605541 0.161366 0.012444 0.00245215 0.00158068 0.00102032 0.000633518 0.000377099 0.00021467 0.000116703 6.05546e-05 2.99911e-05 1.41812e-05 6.40166e-06 2.75704e-06 1.13119e-06 
eC: 1.00639 3.07804 5.27089 7.59201 10.0489 12.6496 15.4023 18.3162 21.4004 24.6651 28.1208 31.7787 35.6505 39.7488 44.0869 48.6788 53.5393 58.6841 64.1299 69.8943 75.9959 82.4544 89.2908 96.5271 104.187 112.294 120.876 129.96 139.576 149.754 160.527 171.931 184.002 196.778 210.303 224.618 239.771 255.811 272.788 290.759 
dV: 2.71811 20.9912 63.6092 138.722 256.496 429.553 673.497 1007.55 1455.33 2045.74 2814.09 3803.42 5066.04 6665.5 8678.77 11199 14338.7 18233.7 23047.8 28977.8 36261 45182.1 56083.2 69374.4 85547.6 105192 129013 157855 192727 234836 285622 346808 420447 508992 615366 743056 896219 1.07981e+06 1.29972e+06 1.56298e+06 
kVec: 713043 2.14063e+06 3.60229e+06 5.09738e+06 6.624e+06 8.17995e+06 9.76294e+06 1.13707e+07 1.30009e+07 1.4652e+07 1.63226e+07 1.80126e+07 1.97229e+07 2.14568e+07 2.322e+07 2.50217e+07 2.68758e+07 2.88021e+07 3.0828e+07 3.29903e+07 3.53371e+07 3.79303e+07 4.08544e+07 4.42644e+07 4.85039e+07 5.40688e+07 6.13361e+07 7.04836e+07 8.16109e+07 9.47711e+07 1.09948e+08 1.27045e+08 1.45898e+08 1.663e+08 1.88016e+08 2.10764e+08 2.34154e+08 2.57532e+08 2.79724e+08 2.98601e+08 
cMat: 
-184911 11468.4 12629.6 14186.1 16041.7 18215.7 20754.7 23720.7 27190.2 31255.6 36027.5 41638.6 48247 56042 65248.9 76136.8 89026.1 104299 122408 143896 169403 199690 235655 278349 328995 388980 459840 543213 640770 754199 885312 1.03632e+06 1.21019e+06 1.41085e+06 1.64329e+06 1.91357e+06 2.22881e+06 2.59736e+06 3.02895e+06 3.53492e+06 
1341.26 -566786 36540.4 41081.6 46500.8 52857.4 60290.5 68985.5 79170.6 91122 105171 121716 141232 164286 191559 223861 262159 307606 361574 425697 501916 592533 700266 828301 980340 1.16059e+06 1.37372e+06 1.6247e+06 1.9186e+06 2.26051e+06 2.65587e+06 3.1113e+06 3.63565e+06 4.24075e+06 4.9417e+06 5.7568e+06 6.70774e+06 7.81985e+06 9.12269e+06 1.06509e+07 
437.66 10827 -981412 66341.7 75171.2 85540.9 97683.3 111907 128594 148204 171294 198529 230707 268784 313904 367433 431003 506561 596430 703371 830672 982229 1.16265e+06 1.37733e+06 1.63255e+06 1.93545e+06 2.29396e+06 2.71651e+06 3.2117e+06 3.78813e+06 4.4549e+06 5.22303e+06 6.10728e+06 7.12752e+06 8.30916e+06 9.68317e+06 1.12862e+07 1.31611e+07 1.53578e+07 1.79349e+07 
201.136 4980.41 27143.7 -1.43396e+06 101775 115950 132572 152073 174987 201961 233774 271365 315857 368602 431216 505636 594174 699597 825202 974919 1.15342e+06 1.36627e+06 1.62e+06 1.92233e+06 2.28219e+06 2.70979e+06 3.21643e+06 3.81416e+06 4.51523e+06 5.33185e+06 6.27682e+06 7.36552e+06 8.61862e+06 1.00641e+07 1.1738e+07 1.36842e+07 1.59547e+07 1.86105e+07 2.17226e+07 2.53741e+07 
109.039 2702.61 14744.8 48791.8 -1.9291e+06 143767 164592 189064 217867 251835 291970 339483 395829 462756 542364 637168 750181 885006 1.04595e+06 1.23814e+06 1.46768e+06 1.74184e+06 2.06919e+06 2.45981e+06 2.9254e+06 3.47933e+06 4.13643e+06 4.91249e+06 5.82358e+06 6.8856e+06 8.11506e+06 9.53167e+06 1.1162e+07 1.30421e+07 1.52187e+07 1.77492e+07 2.07015e+07 2.41549e+07 2.8202e+07 3.29513e+07 
65.0808 1614.74 8819.33 29217.9 75567.3 -2.47209e+06 193387 222465 256753 297266 345229 402124 469738 550220 646155 760651 897431 1.06096e+06 1.25657e+06 1.49063e+06 1.77072e+06 2.10587e+06 2.50674e+06 2.98586e+06 3.55781e+06 4.23923e+06 5.0486e+06 6.00563e+06 7.13032e+06 8.44237e+06 9.96202e+06 1.17132e+07 1.37283e+07 1.60515e+07 1.87404e+07 2.1866e+07 2.55124e+07 2.97781e+07 3.47778e+07 4.06458e+07 
41.3245 1026.43 5612.63 18617.2 48213.2 107773 -3.06893e+06 251877 291175 337702 392902 458527 536689 629942 741360 874646 1.03425e+06 1.2255e+06 1.45481e+06 1.72979e+06 2.05956e+06 2.45496e+06 2.92879e+06 3.49613e+06 4.17454e+06 4.98404e+06 5.94691e+06 7.0869e+06 8.4281e+06 9.99413e+06 1.1809e+07 1.39007e+07 1.63071e+07 1.90808e+07 2.22901e+07 2.602e+07 3.03712e+07 3.54616e+07 4.14287e+07 4.84331e+07 
27.3715 680.643 3726.35 12376.4 32095.6 71849.8 145971 -3.72653e+06 320690 372616 434363 507944 595795 700869 826729 977678 1.1589e+06 1.37661e+06 1.63828e+06 1.95286e+06 2.33101e+06 2.78542e+06 3.33114e+06 3.98586e+06 4.77019e+06 5.70769e+06 6.82456e+06 8.14875e+06 9.70861e+06 1.15317e+07 1.36459e+07 1.60831e+07 1.88866e+07 2.21167e+07 2.58531e+07 3.01945e+07 3.52588e+07 4.11837e+07 4.81298e+07 5.62846e+07 
18.6774 465.006 2549.05 8477.78 22017.2 49364.3 100454 190905 -4.45284e+06 401525 469026 549667 646202 761971 901025 1.06826e+06 1.2696e+06 1.51216e+06 1.80451e+06 2.15692e+06 2.58164e+06 3.0933e+06 3.70922e+06 4.44981e+06 5.33883e+06 6.40347e+06 7.67401e+06 9.18277e+06 1.09625e+07 1.30449e+07 1.54614e+07 1.8248e+07 2.14529e+07 2.51442e+07 2.94124e+07 3.43704e+07 4.01534e+07 4.69194e+07 5.48524e+07 6.41675e+07 
13.019 324.537 1781.42 5933.21 15432.4 34656.8 70646.8 134506 243477 -5.25706e+06 496372 583056 687118 812278 963060 1.14496e+06 1.36461e+06 1.63006e+06 1.95096e+06 2.33894e+06 2.80789e+06 3.3744e+06 4.05815e+06 4.88233e+06 5.87395e+06 7.06399e+06 8.4869e+06 1.01796e+07 1.21792e+07 1.45219e+07 1.72427e+07 2.03813e+07 2.39906e+07 2.8146e+07 3.29486e+07 3.85259e+07 4.50302e+07 5.26402e+07 6.15638e+07 7.20438e+07 
9.21344 229.972 1264.11 4216.54 10984.8 24710.8 50463.9 96265.2 174614 304750 -6.14986e+06 607567 717852 850915 1.01174e+06 1.20638e+06 1.44223e+06 1.7282e+06 2.07507e+06 2.49583e+06 3.00605e+06 3.62432e+06 4.37273e+06 5.27734e+06 6.36854e+06 7.68116e+06 9.25404e+06 1.11287e+07 1.33472e+07 1.59498e+07 1.89754e+07 2.24671e+07 2.64822e+07 3.11026e+07 3.64401e+07 4.26362e+07 4.98609e+07 5.83136e+07 6.82265e+07 7.98702e+07 
6.58916 164.692 906.592 3028.72 7903.48 17811 36442.5 69659.2 126628 221510 375960 -7.14357e+06 737854 877154 1.0461e+06 1.25132e+06 1.50089e+06 1.80461e+06 2.17438e+06 2.62455e+06 3.17239e+06 3.83854e+06 4.64756e+06 5.62845e+06 6.81508e+06 8.24628e+06 9.96538e+06 1.20188e+07 1.44534e+07 1.73141e+07 2.06434e+07 2.44876e+07 2.89078e+07 3.39921e+07 3.98622e+07 4.66734e+07 5.46136e+07 6.39031e+07 7.47982e+07 8.75977e+07 
4.74467 118.756 654.711 2190.78 5726.76 12929.5 26507.4 50776.3 92512.1 162224 276047 458534 -8.25249e+06 890464 1.06542e+06 1.27876e+06 1.53923e+06 1.85751e+06 2.24658e+06 2.72217e+06 3.30323e+06 4.0125e+06 4.87707e+06 5.92897e+06 7.20562e+06 8.75e+06 1.06101e+07 1.28373e+07 1.54837e+07 1.85987e+07 2.22288e+07 2.64229e+07 3.12455e+07 3.679e+07 4.31873e+07 5.06064e+07 5.92526e+07 6.93673e+07 8.12311e+07 9.51708e+07 
3.42953 85.9632 474.656 1590.93 4166.2 9424.31 19361.1 37169.5 67882.1 119337 203620 339205 554118 -9.49323e+06 1.06921e+06 1.28796e+06 1.5562e+06 1.88542e+06 2.28966e+06 2.786e+06 3.3951e+06 4.14178e+06 5.05573e+06 6.17207e+06 7.5319e+06 9.18246e+06 1.11766e+07 1.35708e+07 1.64226e+07 1.97861e+07 2.37116e+07 2.82507e+07 3.34705e+07 3.94687e+07 4.63846e+07 5.44001e+07 6.37379e+07 7.466e+07 8.74715e+07 1.02527e+08 
2.48198 62.3043 344.569 1156.89 3035.16 6879.46 14163.2 27253.2 49895.1 87948.4 150489 251458 412107 664608 -1.0885e+07 1.27858e+06 1.55114e+06 1.88727e+06 2.30202e+06 2.81378e+06 3.44487e+06 4.22225e+06 5.17819e+06 6.35098e+06 7.78552e+06 9.53344e+06 1.16525e+07 1.42049e+07 1.72533e+07 2.08569e+07 2.507e+07 2.99466e+07 3.55555e+07 4.19978e+07 4.94199e+07 5.80158e+07 6.80248e+07 7.97297e+07 9.34596e+07 1.09597e+08 
1.79439 45.1118 249.893 840.487 2209.23 5017.64 10352.9 19968.5 36651.8 64782.8 111178 186362 306461 496024 792180 -1.24502e+07 1.5239e+06 1.86255e+06 2.28266e+06 2.80383e+06 3.45003e+06 4.25029e+06 5.2395e+06 6.4592e+06 7.95814e+06 9.79251e+06 1.20253e+07 1.47242e+07 1.79577e+07 2.17903e+07 2.62801e+07 3.14834e+07 3.74701e+07 4.43435e+07 5.22552e+07 6.14102e+07 7.20639e+07 8.45192e+07 9.91288e+07 1.16302e+08 
1.29331 32.5643 180.684 608.797 1603.31 3649.05 7546.05 14590.1 26850.3 47593.2 81928.1 137784 227381 369428 592395 939334 -1.42146e+07 1.81144e+06 2.23131e+06 2.75529e+06 3.40887e+06 4.22311e+06 5.2355e+06 6.49084e+06 8.04185e+06 9.94943e+06 1.22819e+07 1.51129e+07 1.85169e+07 2.25639e+07 2.73159e+07 3.28316e+07 3.91812e+07 4.64683e+07 5.48486e+07 6.45359e+07 7.58007e+07 8.89653e+07 1.04405e+08 1.22557e+08 
0.927568 23.3912 130.003 438.821 1157.92 2640.94 5473.83 10609.8 19577.7 34803.2 60099.8 101418 167982 274002 441241 702836 1.10893e+06 -1.62081e+07 2.14864e+06 2.6683e+06 3.32078e+06 4.13904e+06 5.16311e+06 6.44104e+06 8.02958e+06 9.9945e+06 1.24097e+07 1.5355e+07 1.89111e+07 2.31539e+07 2.81497e+07 3.39591e+07 4.0652e+07 4.83312e+07 5.71538e+07 6.73406e+07 7.91752e+07 9.29984e+07 1.09208e+08 1.28265e+08 
0.660806 16.6897 92.9128 314.191 830.689 1898.63 3944.35 7664.43 14181.4 25284.8 43803.4 74175.9 123324 201982 326698 522855 829155 1.30424e+06 -1.84654e+07 2.54426e+06 3.18654e+06 3.99791e+06 5.02081e+06 6.30646e+06 7.91567e+06 9.91918e+06 1.23968e+07 1.54346e+07 1.91202e+07 2.35356e+07 2.87517e+07 3.48312e+07 4.1843e+07 4.98873e+07 5.91203e+07 6.9767e+07 8.21218e+07 9.65426e+07 1.13448e+08 1.33323e+08 
0.466785 11.8075 65.8426 223.053 590.885 1353.41 2818.19 5489.94 10185.8 18215.3 31658.9 53800.8 89794.1 147682 239957 385921 615246 973276 1.52886e+06 -2.10266e+07 3.00835e+06 3.80115e+06 4.80877e+06 6.08543e+06 7.69595e+06 9.7161e+06 1.22317e+07 1.53358e+07 1.91231e+07 2.36821e+07 2.9089e+07 3.54084e+07 4.2708e+07 5.10839e+07 6.06883e+07 7.17472e+07 8.45628e+07 9.95074e+07 1.17019e+08 1.37605e+08 
0.325737 8.25215 46.0924 156.425 415.188 952.99 1988.97 3884.34 7226.65 12962.1 22602.4 38547.6 64587.6 106678 174138 281480 451201 717990 1.13502e+06 1.78322e+06 -2.3944e+07 3.54547e+06 4.52085e+06 5.76779e+06 7.35476e+06 9.36238e+06 1.18825e+07 1.50152e+07 1.88626e+07 2.35205e+07 2.90704e+07 3.55794e+07 4.31132e+07 5.17622e+07 6.16717e+07 7.30638e+07 8.62438e+07 1.01595e+08 1.19572e+08 1.407e+08 
0.218113 5.53385 30.9593 105.252 279.898 643.797 1346.72 2636.6 4918.61 8848.52 15479.7 26494.5 44566.1 73924.9 121239 196980 317519 508343 808902 1.27989e+06 2.01397e+06 -2.73628e+07 4.05246e+06 5.21583e+06 6.71117e+06 8.62124e+06 1.10411e+07 1.40751e+07 1.78301e+07 2.24069e+07 2.78909e+07 3.435e+07 4.18461e+07 5.04604e+07 6.03242e+07 7.1645e+07 8.47174e+07 9.99197e+07 1.17706e+08 1.38602e+08 
0.118435 3.00923 16.8618 57.4236 152.992 352.618 739.263 1450.85 2713.82 4896.44 8593.47 14760.2 24924.5 41520.8 68415.6 111730 181124 291774 467428 745022 1.18162e+06 1.86465e+06 -3.19353e+07 3.80255e+06 4.9407e+06 6.41044e+06 8.29218e+06 1.0675e+07 1.3651e+07 1.73074e+07 2.17183e+07 2.6941e+07 3.30238e+07 4.00254e+07 4.80406e+07 5.72247e+07 6.78065e+07 8.00886e+07 9.444e+07 1.11291e+08 
0.0371749 0.945884 5.30825 18.1075 48.3311 111.615 234.507 461.328 865.16 1565.44 2756.05 4750.22 8051.99 13470.1 22298.5 36603 59672.5 96727 156021 250543 400611 637761 1.01049e+06 -3.84269e+07 2.09096e+06 2.74245e+06 3.58659e+06 4.66779e+06 6.0326e+06 7.72552e+06 9.78451e+06 1.22385e+07 1.511e+07 1.84234e+07 2.22178e+07 2.6559e+07 3.15488e+07 3.73266e+07 4.40661e+07 5.19722e+07 
0.0271532 0.69183 3.88824 13.2849 35.5209 82.1878 173.041 341.191 641.467 1163.89 2055.35 3554.42 6047.4 10158.2 16892.5 27869.1 45688 74517.5 121020 195807 315686 507115 811369 1.29216e+06 -4.44768e+07 2.71553e+06 3.59398e+06 4.73391e+06 6.19074e+06 8.01837e+06 1.02633e+07 1.29608e+07 1.61366e+07 1.98146e+07 2.40313e+07 2.88503e+07 3.43751e+07 4.07538e+07 4.81772e+07 5.68737e+07 
0.0374047 0.954266 5.37077 18.3784 49.2223 114.098 240.707 475.652 896.419 1630.79 2888.28 5010.98 8556.03 14429 24100.4 39955.1 65858.4 108067 176690 288021 468210 759005 1.22655e+06 1.9746e+06 3.16389e+06 -4.96489e+07 6.75582e+06 9.01581e+06 1.19455e+07 1.56702e+07 2.03004e+07 2.59209e+07 3.25904e+07 4.03555e+07 4.92785e+07 5.94715e+07 7.11279e+07 8.45407e+07 1.00104e+08 1.18299e+08 
0.0279568 0.714118 4.02458 13.792 36.9975 85.9101 181.585 359.57 679.201 1238.74 2200.01 3828.6 6559.41 11103.7 18624.1 31021 51399.7 84835.1 139613 229245 375702 614567 1.0031e+06 1.63269e+06 2.64742e+06 4.27129e+06 -5.75662e+07 9.26567e+06 1.24533e+07 1.65694e+07 2.17602e+07 2.81412e+07 3.57911e+07 4.47633e+07 5.51147e+07 6.69471e+07 8.0449e+07 9.59274e+07 1.13819e+08 1.34677e+08 
0.0175197 0.448042 2.52825 8.67613 23.309 54.2134 114.794 227.759 431.147 788.195 1403.5 2449.52 4210.13 7152.23 12043.9 20149.6 33552 55685 92212.3 152473 251850 415606 685045 1.12722e+06 1.84988e+06 3.02385e+06 4.91532e+06 -6.78212e+07 1.0824e+07 1.46277e+07 1.95071e+07 2.5599e+07 3.29993e+07 4.17668e+07 5.19465e+07 6.36097e+07 7.69008e+07 9.20793e+07 1.09543e+08 1.29824e+08 
0.0106083 0.271591 1.53437 5.27222 14.184 33.0403 70.0778 139.293 264.208 484.073 864.06 1512.09 2606.65 4442.86 7509.1 12614.5 21102 35204 58637.2 97595.8 162405 270254 449679 747802 1.2418e+06 2.05659e+06 3.39115e+06 5.55617e+06 -7.9815e+07 1.24047e+07 1.68266e+07 2.24523e+07 2.94019e+07 3.77483e+07 4.75321e+07 5.87962e+07 7.16356e+07 8.62478e+07 1.02971e+08 1.22292e+08 
0.00624666 0.160088 0.9054 3.11467 8.39016 19.5713 41.5734 82.7724 157.289 288.758 516.571 906.206 1566.43 2677.94 4541.37 7657.8 12864.4 21563.5 36109.8 60466.4 101313 169910 285228 479105 804665 1.3497e+06 2.25729e+06 3.7565e+06 6.20592e+06 -9.36e+07 1.40312e+07 1.90769e+07 2.54418e+07 3.32248e+07 4.24748e+07 5.32154e+07 6.54929e+07 7.94348e+07 9.53021e+07 1.13516e+08 
0.0035695 0.0915603 0.518326 1.78493 4.81358 11.2422 23.9128 47.6804 90.7517 166.904 299.168 525.967 911.362 1562.25 2657.29 4495.89 7581.24 12761.9 21474 36155.2 60956 102955 174234 295386 501378 851167 1.44309e+06 2.43864e+06 4.09792e+06 6.83035e+06 -1.09212e+08 1.56372e+07 2.12949e+07 2.83755e+07 3.69531e+07 4.70484e+07 5.86683e+07 7.1868e+07 8.68171e+07 1.03849e+08 
0.00197562 0.0507154 0.287332 0.990336 2.67327 6.24995 13.3092 26.5708 50.6427 93.2799 167.482 294.998 512.215 880.067 1500.82 2546.64 4308.37 7279.41 12300.2 20808.8 35274.5 59952.8 102192 174693 299370 513876 882407 1.51312e+06 2.58539e+06 4.3909e+06 7.39358e+06 -1.26601e+08 1.71677e+07 2.34198e+07 3.11892e+07 4.05177e+07 5.13929e+07 6.38051e+07 7.78255e+07 9.36772e+07 
0.00105752 0.0271647 0.154005 0.531181 1.43496 3.35769 7.1568 14.3026 27.2907 50.3296 90.4896 159.629 277.641 477.94 816.796 1389.3 2356.8 3994.36 6773.18 11504.7 19592.8 33478.3 57419.2 98863.5 170848 296158 514431 894091 1.55191e+06 2.68422e+06 4.61527e+06 7.86932e+06 -1.45642e+08 1.85974e+07 2.54316e+07 3.38681e+07 4.39074e+07 5.54976e+07 6.86154e+07 8.33585e+07 
0.000546769 0.0140525 0.0797103 0.275087 0.743592 1.74112 3.71387 7.42799 14.1859 26.1871 47.1337 83.2464 144.983 249.95 427.882 729.173 1239.63 2106.12 3581.38 6102.92 10432.5 17903.9 30864.2 53460.4 93041 162639 285340 501877 883644 1.55462e+06 2.72744e+06 4.761e+06 8.24788e+06 -1.66159e+08 1.99328e+07 2.73482e+07 3.64407e+07 4.71579e+07 5.94049e+07 7.31505e+07 
0.000272698 0.00701184 0.0397903 0.137383 0.371545 0.870438 1.85775 3.71798 7.10545 13.1266 23.646 41.8016 72.8764 125.782 215.597 367.938 626.535 1066.46 1817.36 3104.59 5322.39 9165.02 15862.5 27606.2 48318.1 85040.1 150437 267280 476443 851012 1.52092e+06 2.71496e+06 4.82955e+06 8.53517e+06 -1.87941e+08 2.12026e+07 2.92114e+07 3.896e+07 5.03315e+07 6.31857e+07 
0.000130993 0.00336959 0.0191283 0.0660687 0.178752 0.418955 0.894585 1.79128 3.4252 6.33151 11.4129 20.1902 35.227 60.8533 104.406 178.371 304.103 518.341 884.695 1514.06 2601.13 4490.21 7794.46 13613.1 23928.9 42336.5 75380.1 135012 243116 439825 798804 1.45493e+06 2.65317e+06 4.83072e+06 8.74637e+06 -2.10727e+08 2.24448e+07 3.10719e+07 4.14866e+07 5.34963e+07 
6.04923e-05 0.00155666 0.00883952 0.0305414 0.0826599 0.193808 0.413997 0.829322 1.58652 2.93414 5.29175 9.36685 16.3531 28.2685 48.5366 82.9895 141.616 241.629 412.88 707.519 1217.33 2105.11 3661.81 6411.37 11304.2 20075.6 35914.3 64714.6 117439 214614 394930 731682 1.36374e+06 2.55207e+06 4.77764e+06 8.89894e+06 -2.34136e+08 2.36977e+07 3.29782e+07 4.4077e+07 
2.67976e-05 0.000689845 0.00391839 0.0135423 0.0366635 0.0859909 0.183751 0.368228 0.70471 1.30386 2.35259 4.1663 7.2775 12.5872 21.6251 36.9996 63.1825 107.887 184.51 316.483 545.117 943.821 1644.11 2883.51 5094.46 9070.46 16278.9 29455.7 53748.8 98949.1 183902 345311 655246 1.25544e+06 2.42223e+06 4.683e+06 9.00827e+06 -2.57524e+08 2.49944e+07 3.49727e+07 
1.136e-05 0.000292549 0.00166214 0.00574607 0.0155608 0.0365074 0.0780361 0.156433 0.299486 0.55432 1.00058 1.77273 3.09794 5.36082 9.21478 15.7748 26.954 46.0546 78.8171 135.293 233.221 404.166 704.756 1237.46 2189.25 3904.23 7021.33 12738.4 23326.9 43154.5 80757.1 153109 294493 574891 1.13752e+06 2.27294e+06 4.55707e+06 9.08584e+06 -2.7972e+08 2.63623e+07 
4.59607e-06 0.000118408 0.000672913 0.00232686 0.00630298 0.0147916 0.031627 0.0634199 0.121456 0.224881 0.406073 0.719723 1.25827 2.17833 3.7461 6.41613 10.9688 18.752 32.1107 55.1536 95.1381 164.988 287.915 505.962 895.953 1599.51 2880.19 5233.66 9604.2 17819.7 33488.6 63890 124029 245415 495062 1.01607e+06 2.11151e+06 4.40731e+06 9.13913e+06 -2.98599e+08 
cycle: 0
true_cycle: 0
nIterations: 0
nTrueIterations: 0
Branch: 0
dt_FE: 9.19382e-12
dt_EA: 9.19382e-12
dt_PE: 9.19382e-12
