t: 2.4822e-11
dt: 2.4822e-13
N: 1.30229e-05 3.88167e-05 6.46559e-05 9.03996e-05 0.000115888 0.000140939 0.000165352 0.000188901 0.000211339 0.000232396 0.00025178 0.000269181 0.000284271 0.000296715 0.000306174 0.000312319 0.000314847 0.000313526 0.000310012 0.000385271 0.00264118 0.0347536 0.238201 0.664196 0.628755 0.165319 0.00967963 0.000160234 4.40574e-05 2.84083e-05 1.76689e-05 1.05351e-05 6.00589e-06 3.26819e-06 1.69636e-06 8.39841e-07 3.9668e-07 1.78759e-07 7.68162e-08 3.1437e-08 
eC: 1.00639 3.07804 5.27089 7.59201 10.0489 12.6496 15.4023 18.3162 21.4004 24.6651 28.1208 31.7787 35.6505 39.7488 44.0869 48.6788 53.5393 58.6841 64.1299 69.8943 75.9959 82.4544 89.2908 96.5271 104.187 112.294 120.876 129.96 139.576 149.754 160.527 171.931 184.002 196.778 210.303 224.618 239.771 255.811 272.788 290.759 
dV: 2.71811 20.9912 63.6092 138.722 256.496 429.553 673.497 1007.55 1455.33 2045.74 2814.09 3803.42 5066.04 6665.5 8678.77 11199 14338.7 18233.7 23047.8 28977.8 36261 45182.1 56083.2 69374.4 85547.6 105192 129013 157855 192727 234836 285622 346808 420447 508992 615366 743056 896219 1.07981e+06 1.29972e+06 1.56298e+06 
kVec: 710851 2.13472e+06 3.59358e+06 5.08694e+06 6.61306e+06 8.16989e+06 9.7553e+06 1.13671e+07 1.30033e+07 1.46621e+07 1.63423e+07 1.80437e+07 1.97673e+07 2.15157e+07 2.32945e+07 2.5112e+07 2.69815e+07 2.89215e+07 3.0958e+07 3.31258e+07 3.54707e+07 3.80522e+07 4.09514e+07 4.43223e+07 4.85145e+07 5.40369e+07 6.12748e+07 7.0405e+07 8.15237e+07 9.4681e+07 1.09858e+08 1.26959e+08 1.45817e+08 1.66224e+08 1.87945e+08 2.10699e+08 2.34093e+08 2.57475e+08 2.79669e+08 2.98548e+08 
cMat: 
-186127 11473.8 12635.6 14192.8 16049.2 18224.3 20764.4 23731.8 27203 31270.3 36044.5 41658.2 48269.8 56068.4 65279.7 76172.7 89068 104348 122466 143964 169483 199784 235766 278481 329150 389163 460057 543469 641072 754554 885729 1.03681e+06 1.21076e+06 1.41152e+06 1.64407e+06 1.91447e+06 2.22986e+06 2.59858e+06 3.03037e+06 3.53659e+06 
1343.15 -570676 36591.7 41139.3 46566.1 52931.6 60375.2 69082.4 79281.8 91250 105319 121887 141430 164517 191828 224176 262527 308038 362081 426295 502621 593365 701249 829464 981716 1.16222e+06 1.37565e+06 1.62698e+06 1.92129e+06 2.26368e+06 2.6596e+06 3.11567e+06 3.64075e+06 4.24671e+06 4.94863e+06 5.76489e+06 6.71716e+06 7.83083e+06 9.1355e+06 1.06658e+07 
438.684 10852.3 -988358 66496.9 75347 85741 97911.8 112169 128895 148551 171695 198993 231246 269413 314638 368292 432011 507746 597825 705017 832615 984527 1.16537e+06 1.38055e+06 1.63637e+06 1.93998e+06 2.29933e+06 2.72286e+06 3.21921e+06 3.79699e+06 4.46532e+06 5.23525e+06 6.12157e+06 7.14419e+06 8.3286e+06 9.70582e+06 1.13126e+07 1.31919e+07 1.53937e+07 1.79768e+07 
201.794 4996.7 27232.5 -1.44436e+06 102108 116329 133005 152570 175559 202621 234539 272252 316891 369808 432627 507289 596118 701885 827901 978108 1.1572e+06 1.37073e+06 1.6253e+06 1.92862e+06 2.28966e+06 2.71866e+06 3.22695e+06 3.82663e+06 4.53e+06 5.34929e+06 6.29735e+06 7.38961e+06 8.64681e+06 1.0097e+07 1.17764e+07 1.37289e+07 1.60069e+07 1.86714e+07 2.17937e+07 2.54571e+07 
109.497 2713.95 14806.6 48996.4 -1.94339e+06 144370 165282 189856 218781 252891 293194 340907 397489 464697 544638 639840 753327 888718 1.05033e+06 1.24333e+06 1.47384e+06 1.74915e+06 2.07787e+06 2.47012e+06 2.93767e+06 3.49393e+06 4.15378e+06 4.93309e+06 5.84801e+06 6.91448e+06 8.14909e+06 9.57164e+06 1.12088e+07 1.30968e+07 1.52826e+07 1.78237e+07 2.07883e+07 2.42562e+07 2.83203e+07 3.30895e+07 
65.4127 1622.98 8864.31 29366.9 75952.7 -2.49069e+06 194373 223600 258063 298782 346990 404175 472134 553026 649451 764530 902008 1.06637e+06 1.26298e+06 1.49823e+06 1.77975e+06 2.11661e+06 2.51952e+06 3.00108e+06 3.57595e+06 4.26085e+06 5.07435e+06 6.03626e+06 7.16669e+06 8.48543e+06 1.00128e+07 1.1773e+07 1.37983e+07 1.61333e+07 1.8836e+07 2.19775e+07 2.56426e+07 2.993e+07 3.49552e+07 4.08531e+07 
41.5717 1032.57 5646.21 18728.6 48501.7 108418 -3.09228e+06 253384 292917 339722 395253 461270 539900 633711 745796 879879 1.04044e+06 1.23284e+06 1.46351e+06 1.74014e+06 2.07189e+06 2.46964e+06 2.94631e+06 3.51705e+06 4.19952e+06 5.01386e+06 5.98249e+06 7.1293e+06 8.47853e+06 1.00539e+07 1.18796e+07 1.39838e+07 1.64047e+07 1.91949e+07 2.24235e+07 2.61757e+07 3.05529e+07 3.56738e+07 4.16766e+07 4.87229e+07 
27.5586 685.295 3751.82 12461 32315 72340.9 146969 -3.75505e+06 322882 375163 437332 511415 599868 705659 832380 984360 1.16682e+06 1.38602e+06 1.64948e+06 1.96621e+06 2.34694e+06 2.80446e+06 3.35391e+06 4.01311e+06 4.8028e+06 5.74671e+06 6.87121e+06 8.20445e+06 9.77497e+06 1.16106e+07 1.37391e+07 1.6193e+07 1.90157e+07 2.22679e+07 2.60298e+07 3.04009e+07 3.54998e+07 4.14652e+07 4.84587e+07 5.66694e+07 
18.8202 468.561 2568.54 8542.6 22185.6 49741.7 101222 192365 -4.48693e+06 404595 472612 553870 651142 767797 907915 1.07643e+06 1.27931e+06 1.52373e+06 1.81831e+06 2.17341e+06 2.60138e+06 3.11695e+06 3.73758e+06 4.48383e+06 5.37965e+06 6.45243e+06 7.73269e+06 9.25298e+06 1.10463e+07 1.31446e+07 1.55796e+07 1.83875e+07 2.16169e+07 2.53365e+07 2.96372e+07 3.46332e+07 4.04604e+07 4.72781e+07 5.52718e+07 6.46581e+07 
13.1284 327.265 1796.39 5983.08 15562.1 34948.1 71240.6 135636 245524 -5.29708e+06 500544 587957 692893 819105 971155 1.15458e+06 1.37608e+06 1.64376e+06 1.96736e+06 2.35859e+06 2.83149e+06 3.40276e+06 4.09226e+06 4.92336e+06 5.92333e+06 7.12336e+06 8.55824e+06 1.02651e+07 1.22816e+07 1.4644e+07 1.73877e+07 2.05526e+07 2.41923e+07 2.83826e+07 3.32256e+07 3.88497e+07 4.54087e+07 5.30826e+07 6.20813e+07 7.26493e+07 
9.29731 232.066 1275.61 4254.92 11084.8 24935.8 50923.3 97141.5 176204 307524 -6.19608e+06 613098 724387 858661 1.02095e+06 1.21737e+06 1.45536e+06 1.74393e+06 2.09396e+06 2.51855e+06 3.03342e+06 3.65731e+06 4.41254e+06 5.32539e+06 6.42652e+06 7.75109e+06 9.33828e+06 1.123e+07 1.34687e+07 1.6095e+07 1.91482e+07 2.26716e+07 2.67232e+07 3.13857e+07 3.67718e+07 4.30243e+07 5.03148e+07 5.88445e+07 6.88476e+07 8.05973e+07 
6.65326 166.294 915.411 3058.19 7980.37 17984.2 36797 70336.9 127860 223665 379617 -7.19615e+06 745032 885687 1.05628e+06 1.2635e+06 1.51549e+06 1.82216e+06 2.19553e+06 2.65009e+06 3.20325e+06 3.87588e+06 4.69277e+06 5.68321e+06 6.88138e+06 8.3265e+06 1.00623e+07 1.21357e+07 1.4594e+07 1.74825e+07 2.08443e+07 2.47258e+07 2.9189e+07 3.43228e+07 4.02499e+07 4.71275e+07 5.51449e+07 6.45247e+07 7.55258e+07 8.84499e+07 
4.79338 119.976 661.433 2213.27 5785.56 13062.3 26779.5 51297.6 93462 163890 278881 463241 -8.31144e+06 899607 1.07636e+06 1.29189e+06 1.55503e+06 1.87658e+06 2.26965e+06 2.75012e+06 3.33715e+06 4.0537e+06 4.92714e+06 5.98984e+06 7.2796e+06 8.83983e+06 1.0719e+07 1.29691e+07 1.56427e+07 1.87897e+07 2.2457e+07 2.66942e+07 3.15663e+07 3.71677e+07 4.36307e+07 5.1126e+07 5.9861e+07 7.00795e+07 8.20651e+07 9.6148e+07 
3.46626 86.8837 479.739 1607.97 4210.81 9525.24 19568.4 37567.5 68609 120615 205800 342838 560052 -9.55831e+06 1.08066e+06 1.30175e+06 1.57286e+06 1.90561e+06 2.31418e+06 2.81584e+06 3.43145e+06 4.18614e+06 5.10987e+06 6.23817e+06 7.61256e+06 9.2808e+06 1.12963e+07 1.37162e+07 1.65985e+07 1.9998e+07 2.39655e+07 2.85533e+07 3.38289e+07 3.98914e+07 4.68813e+07 5.49827e+07 6.44204e+07 7.54595e+07 8.84082e+07 1.03625e+08 
2.50938 62.9922 348.373 1169.66 3068.67 6955.41 14319.6 27554 50445.9 88919.3 152151 254234 416657 671946 -1.09557e+07 1.29269e+06 1.56826e+06 1.9081e+06 2.32744e+06 2.84484e+06 3.48291e+06 4.26886e+06 5.23535e+06 6.4211e+06 7.87147e+06 9.63869e+06 1.17812e+07 1.43617e+07 1.74437e+07 2.10872e+07 2.53467e+07 3.02772e+07 3.5948e+07 4.24615e+07 4.99655e+07 5.86563e+07 6.87758e+07 8.06099e+07 9.44914e+07 1.10807e+08 
1.81457 45.6193 252.704 849.943 2234.09 5074.08 10469.4 20193.2 37064.2 65511.6 112429 188458 309908 501604 801092 -1.25255e+07 1.54104e+06 1.8835e+06 2.30834e+06 2.83538e+06 3.48885e+06 4.29811e+06 5.29845e+06 6.53186e+06 8.04767e+06 9.90268e+06 1.21606e+07 1.48898e+07 1.81597e+07 2.20355e+07 2.65757e+07 3.18376e+07 3.78917e+07 4.48424e+07 5.28431e+07 6.21011e+07 7.28746e+07 8.547e+07 1.00244e+08 1.17611e+08 
1.30796 32.9331 182.731 615.692 1621.47 3690.38 7631.52 14755.4 27154.4 48132.2 82856.1 139345 229957 373613 599105 949974 -1.4293e+07 1.83196e+06 2.25658e+06 2.7865e+06 3.44748e+06 4.27094e+06 5.2948e+06 6.56436e+06 8.13294e+06 1.00621e+07 1.2421e+07 1.52841e+07 1.87267e+07 2.28195e+07 2.76253e+07 3.32035e+07 3.96249e+07 4.69946e+07 5.54698e+07 6.52669e+07 7.66592e+07 8.99729e+07 1.05588e+08 1.23945e+08 
0.938014 23.6546 131.467 443.763 1170.96 2670.68 5535.47 10729.3 19798.2 35195.1 60776.6 102560 169874 277088 446210 710751 1.12142e+06 -1.62873e+07 2.17284e+06 2.69835e+06 3.35818e+06 4.18565e+06 5.22125e+06 6.51357e+06 8.12001e+06 1.0107e+07 1.25495e+07 1.55279e+07 1.91241e+07 2.34146e+07 2.84667e+07 3.43415e+07 4.11098e+07 4.88755e+07 5.77974e+07 6.8099e+07 8.00668e+07 9.40457e+07 1.10438e+08 1.2971e+08 
0.668106 16.8741 93.9393 317.663 839.866 1919.61 3987.93 7749.1 14338 25564.1 44287.3 74995.4 124687 204213 330307 528632 838315 1.31865e+06 -1.85421e+07 2.57237e+06 3.22174e+06 4.04208e+06 5.07628e+06 6.37613e+06 8.00312e+06 1.00288e+07 1.25337e+07 1.56051e+07 1.93315e+07 2.37956e+07 2.90694e+07 3.5216e+07 4.23052e+07 5.04384e+07 5.97734e+07 7.05378e+07 8.30291e+07 9.76091e+07 1.14701e+08 1.34796e+08 
0.471771 11.9336 66.5459 225.436 597.196 1367.86 2848.29 5548.58 10294.6 18409.8 31997.1 54375.5 90753.2 149260 242520 390043 621818 983671 1.54519e+06 -2.10964e+07 3.04048e+06 3.84175e+06 4.86014e+06 6.15043e+06 7.77816e+06 9.81988e+06 1.23624e+07 1.54996e+07 1.93273e+07 2.3935e+07 2.93997e+07 3.57866e+07 4.31642e+07 5.16295e+07 6.13366e+07 7.25136e+07 8.5466e+07 1.0057e+08 1.18269e+08 1.39075e+08 
0.329031 8.33559 46.5585 158.007 419.386 962.627 2009.09 3923.62 7299.72 13093.2 22831 38937.4 65240.8 107757 175899 284326 455763 725250 1.14649e+06 1.80125e+06 -2.40007e+07 3.58133e+06 4.56657e+06 5.82611e+06 7.42913e+06 9.45706e+06 1.20027e+07 1.51671e+07 1.90534e+07 2.37583e+07 2.93644e+07 3.59392e+07 4.35492e+07 5.22856e+07 6.22954e+07 7.38026e+07 8.71159e+07 1.02622e+08 1.20781e+08 1.42122e+08 
0.219975 5.58109 31.2236 106.151 282.287 649.292 1358.21 2659.1 4960.59 8924.05 15611.9 26720.7 44946.5 74556 122274 198661 320230 512682 815807 1.29081e+06 2.03116e+06 -2.74019e+07 4.08705e+06 5.26035e+06 6.76846e+06 8.69483e+06 1.11354e+07 1.41952e+07 1.79823e+07 2.25982e+07 2.8129e+07 3.46432e+07 4.22034e+07 5.08912e+07 6.08392e+07 7.22566e+07 8.54405e+07 1.00773e+08 1.18711e+08 1.39786e+08 
0.118326 3.00647 16.8464 57.3709 152.852 352.295 738.586 1449.53 2711.34 4891.95 8585.59 14746.7 24901.7 41482.8 68353 111628 180958 291507 467000 744340 1.18054e+06 1.86294e+06 -3.19746e+07 3.79907e+06 4.93618e+06 6.40457e+06 8.28458e+06 1.06652e+07 1.36385e+07 1.72916e+07 2.16984e+07 2.69163e+07 3.29936e+07 3.99887e+07 4.79966e+07 5.71722e+07 6.77443e+07 8.00152e+07 9.43535e+07 1.11189e+08 
0.0350164 0.890962 5.00003 17.0561 45.5248 105.134 220.891 434.542 814.925 1474.54 2596.02 4474.4 7584.46 12687.9 21003.7 34477.7 56207.6 91110.6 146962 235996 377350 600730 951815 -3.85196e+07 1.96955e+06 2.58321e+06 3.37834e+06 4.39676e+06 5.68232e+06 7.27695e+06 9.21638e+06 1.15279e+07 1.42326e+07 1.73537e+07 2.09277e+07 2.50169e+07 2.9717e+07 3.51592e+07 4.15074e+07 4.89544e+07 
0.0255552 0.651115 3.65941 12.5031 33.4305 77.351 162.858 321.112 603.716 1095.4 1934.39 3345.24 5691.51 9560.37 15898.4 26229 42999.2 70132.1 113898 184283 297108 477271 763620 1.21612e+06 -4.45706e+07 2.55572e+06 3.38247e+06 4.45531e+06 5.82641e+06 7.54648e+06 9.6593e+06 1.21981e+07 1.51869e+07 1.86485e+07 2.2617e+07 2.71525e+07 3.23521e+07 3.83554e+07 4.5342e+07 5.35266e+07 
0.0372284 0.949768 5.34545 18.2918 48.9903 113.56 239.573 473.41 892.193 1623.11 2874.66 4987.37 8515.7 14361 23986.8 39766.8 65548 107558 175858 286663 466003 755428 1.22077e+06 1.96529e+06 3.14898e+06 -4.96371e+07 6.72398e+06 8.97331e+06 1.18892e+07 1.55963e+07 2.02047e+07 2.57988e+07 3.24368e+07 4.01653e+07 4.90462e+07 5.91912e+07 7.07927e+07 8.41422e+07 9.96317e+07 1.17741e+08 
0.0280351 0.716117 4.03585 13.8306 37.1011 86.1506 182.093 360.577 681.103 1242.2 2206.17 3839.32 6577.77 11134.8 18676.3 31107.8 51543.6 85072.5 140004 229887 376754 616287 1.00591e+06 1.63726e+06 2.65483e+06 4.28325e+06 -5.75076e+07 9.29161e+06 1.24882e+07 1.66158e+07 2.18211e+07 2.82199e+07 3.58913e+07 4.48886e+07 5.5269e+07 6.71345e+07 8.06742e+07 9.61959e+07 1.14137e+08 1.35054e+08 
0.0175599 0.449072 2.53406 8.69607 23.3626 54.338 115.058 228.282 432.137 790.006 1406.73 2455.15 4219.8 7168.66 12071.6 20195.9 33629.1 55812.9 92424.2 152824 252428 416560 686618 1.12981e+06 1.85413e+06 3.0308e+06 4.92662e+06 -6.77588e+07 1.08489e+07 1.46614e+07 1.95519e+07 2.56578e+07 3.30751e+07 4.18628e+07 5.20659e+07 6.37559e+07 7.70775e+07 9.22909e+07 1.09795e+08 1.30122e+08 
0.0106246 0.272009 1.53673 5.28034 14.2058 33.0911 70.1857 139.507 264.615 484.818 865.39 1514.42 2610.66 4449.7 7520.66 12634 21134.5 35258.2 58727.4 97746 162655 270670 450371 748953 1.24371e+06 2.05975e+06 3.39636e+06 5.56472e+06 -7.97513e+07 1.24238e+07 1.68525e+07 2.24869e+07 2.94471e+07 3.78064e+07 4.76052e+07 5.88867e+07 7.17459e+07 8.63806e+07 1.03129e+08 1.2248e+08 
0.00625286 0.160247 0.906299 3.11776 8.39849 19.5907 41.6147 82.8546 157.445 289.045 517.083 907.106 1567.98 2680.6 4545.88 7665.41 12877.2 21584.9 36145.7 60526.4 101413 170079 285511 479581 805464 1.35104e+06 2.25953e+06 3.76023e+06 6.21208e+06 -9.35348e+07 1.40451e+07 1.90959e+07 2.5467e+07 3.32578e+07 4.2517e+07 5.32682e+07 6.55579e+07 7.95137e+07 9.53967e+07 1.13629e+08 
0.0035717 0.0916168 0.518645 1.78603 4.81655 11.2491 23.9275 47.7098 90.8076 167.006 299.352 526.291 911.923 1563.21 2658.93 4498.66 7585.92 12769.8 21487.2 36177.5 60993.5 103019 174342 295568 501687 851692 1.44398e+06 2.44014e+06 4.10045e+06 6.83455e+06 -1.09145e+08 1.56468e+07 2.1308e+07 2.8393e+07 3.69759e+07 4.70774e+07 5.87045e+07 7.19122e+07 8.68706e+07 1.03913e+08 
0.00197634 0.0507339 0.287437 0.9907 2.67425 6.25224 13.3141 26.5805 50.6613 93.3141 167.543 295.107 512.403 880.39 1501.37 2547.57 4309.95 7282.08 12304.8 20816.4 35287.4 59974.7 102230 174757 299480 514065 882731 1.51368e+06 2.58634e+06 4.39251e+06 7.39629e+06 -1.26533e+08 1.7174e+07 2.34284e+07 3.12006e+07 4.05326e+07 5.14117e+07 6.38285e+07 7.7854e+07 9.37115e+07 
0.00105774 0.0271703 0.154037 0.531292 1.43526 3.35839 7.15829 14.3056 27.2964 50.3401 90.5084 159.663 277.699 478.039 816.967 1389.59 2357.29 3995.19 6774.59 11507.1 19596.9 33485.3 57431.2 98884.2 170884 296219 514538 894278 1.55223e+06 2.68478e+06 4.61623e+06 7.87097e+06 -1.45574e+08 1.86013e+07 2.54369e+07 3.38752e+07 4.39165e+07 5.55092e+07 6.86297e+07 8.33759e+07 
0.000546831 0.0140541 0.0797193 0.275118 0.743677 1.74132 3.71429 7.42884 14.1875 26.1901 47.139 83.2559 144.999 249.979 427.93 729.255 1239.77 2106.36 3581.78 6103.61 10433.7 17906 30867.7 53466.5 93051.5 162658 285373 501934 883744 1.55479e+06 2.72775e+06 4.76154e+06 8.24881e+06 -1.66092e+08 1.99351e+07 2.73513e+07 3.64449e+07 4.71633e+07 5.94116e+07 7.31588e+07 
0.000272714 0.00701226 0.0397927 0.137391 0.371567 0.870489 1.85786 3.7182 7.10587 13.1274 23.6474 41.804 72.8807 125.79 215.61 367.959 626.572 1066.52 1817.47 3104.77 5322.71 9165.56 15863.4 27607.8 48321 85045.1 150445 267296 476471 851062 1.52101e+06 2.71512e+06 4.82984e+06 8.53568e+06 -1.87877e+08 2.12038e+07 2.92132e+07 3.89623e+07 5.03344e+07 6.31895e+07 
0.000130997 0.00336969 0.0191289 0.0660706 0.178757 0.418967 0.894611 1.79133 3.4253 6.3317 11.4132 20.1908 35.228 60.8551 104.409 178.376 304.112 518.356 884.721 1514.1 2601.21 4490.34 7794.68 13613.5 23929.6 42337.7 75382.3 135016 243123 439838 798827 1.45498e+06 2.65324e+06 4.83086e+06 8.74662e+06 -2.10665e+08 2.24455e+07 3.10728e+07 4.14878e+07 5.34979e+07 
6.04931e-05 0.00155668 0.00883964 0.0305418 0.082661 0.193811 0.414003 0.829333 1.58654 2.93418 5.29183 9.36698 16.3533 28.2689 48.5372 82.9907 141.618 241.632 412.885 707.529 1217.35 2105.14 3661.86 6411.46 11304.3 20075.8 35914.8 64715.5 117441 214617 394935 731692 1.36376e+06 2.5521e+06 4.77771e+06 8.89906e+06 -2.34077e+08 2.3698e+07 3.29787e+07 4.40777e+07 
2.67977e-05 0.000689849 0.00391842 0.0135424 0.0366637 0.0859914 0.183752 0.36823 0.704715 1.30386 2.3526 4.16632 7.27755 12.5873 21.6252 36.9998 63.1829 107.888 184.511 316.485 545.12 943.827 1644.12 2883.53 5094.49 9070.51 16279 29455.9 53749.2 98949.7 183904 345313 655250 1.25545e+06 2.42225e+06 4.68303e+06 9.00832e+06 -2.57468e+08 2.49945e+07 3.4973e+07 
1.136e-05 0.00029255 0.00166215 0.00574608 0.0155609 0.0365075 0.0780363 0.156433 0.299487 0.554322 1.00058 1.77274 3.09795 5.36084 9.2148 15.7749 26.954 46.0548 78.8173 135.293 233.222 404.167 704.758 1237.46 2189.26 3904.24 7021.35 12738.4 23327 43154.6 80757.3 153109 294494 574893 1.13752e+06 2.27295e+06 4.55708e+06 9.08586e+06 -2.79666e+08 2.63624e+07 
4.59607e-06 0.000118408 0.000672914 0.00232686 0.00630299 0.0147916 0.031627 0.0634199 0.121456 0.224881 0.406073 0.719723 1.25828 2.17834 3.74611 6.41614 10.9688 18.752 32.1107 55.1536 95.1382 164.988 287.915 505.963 895.954 1599.51 2880.19 5233.66 9604.21 17819.8 33488.6 63890.1 124030 245416 495063 1.01608e+06 2.11151e+06 4.40731e+06 9.13914e+06 -2.98546e+08 
cycle: 0
true_cycle: 0
nIterations: 0
nTrueIterations: 0
Branch: 0
dt_FE: 2.4822e-13
dt_EA: 2.4822e-13
dt_PE: 2.4822e-13
