t: 3.31859e-09
dt: 3.31859e-11
N: 0.0017597 0.00523066 0.00868774 0.012111 0.0154782 0.0187644 0.0219425 0.0249825 0.0278519 0.0305159 0.0329374 0.0350772 0.0368951 0.03835 0.0394015 0.0400113 0.0401449 0.039774 0.0388818 0.0375347 0.0375958 0.0632042 0.235606 0.59213 0.54837 0.151712 0.0191542 0.00798973 0.00527641 0.00339263 0.00209743 0.00124334 0.000705386 0.000382633 0.000198409 9.83624e-05 4.66267e-05 2.11267e-05 9.14037e-06 3.76914e-06 
eC: 1.00639 3.07804 5.27089 7.59201 10.0489 12.6496 15.4023 18.3162 21.4004 24.6651 28.1208 31.7787 35.6505 39.7488 44.0869 48.6788 53.5393 58.6841 64.1299 69.8943 75.9959 82.4544 89.2908 96.5271 104.187 112.294 120.876 129.96 139.576 149.754 160.527 171.931 184.002 196.778 210.303 224.618 239.771 255.811 272.788 290.759 
dV: 2.71811 20.9912 63.6092 138.722 256.496 429.553 673.497 1007.55 1455.33 2045.74 2814.09 3803.42 5066.04 6665.5 8678.77 11199 14338.7 18233.7 23047.8 28977.8 36261 45182.1 56083.2 69374.4 85547.6 105192 129013 157855 192727 234836 285622 346808 420447 508992 615366 743056 896219 1.07981e+06 1.29972e+06 1.56298e+06 
kVec: 718856 2.15633e+06 3.62547e+06 5.12525e+06 6.65333e+06 8.20712e+06 9.78394e+06 1.13811e+07 1.29962e+07 1.46272e+07 1.62729e+07 1.79331e+07 1.96093e+07 2.13054e+07 2.30281e+07 2.47885e+07 2.66025e+07 2.8493e+07 3.04912e+07 3.26383e+07 3.49884e+07 3.76102e+07 4.05953e+07 4.41021e+07 4.84589e+07 5.41293e+07 6.14704e+07 7.06621e+07 8.18127e+07 9.49817e+07 1.10158e+08 1.27249e+08 1.46092e+08 1.66483e+08 1.88186e+08 2.10923e+08 2.34303e+08 2.57673e+08 2.79858e+08 2.9873e+08 
cMat: 
-181733 11453.8 12613.5 14168 16021.2 18192.4 20728.2 23690.4 27155.5 31215.7 35981.5 41585.4 48185.5 55970.4 65165.6 76039.6 88912.4 104165 122252 143712 169187 199435 235354 277994 328575 388483 459253 542520 639952 753236 884182 1.035e+06 1.20865e+06 1.40905e+06 1.6412e+06 1.91112e+06 2.22596e+06 2.59405e+06 3.02508e+06 3.53041e+06 
1336.17 -556628 36401.7 40925.7 46324.3 52656.8 60061.7 68723.7 78870.1 90776.2 104772 121254 140696 163663 190832 223012 261164 306438 360201 424081 500011 590284 697608 825158 976619 1.15619e+06 1.36851e+06 1.61854e+06 1.91131e+06 2.25193e+06 2.64579e+06 3.09949e+06 3.62185e+06 4.22466e+06 4.92294e+06 5.73496e+06 6.68229e+06 7.79017e+06 9.08807e+06 1.06104e+07 
434.901 10758.8 -963286 65923.4 74697.2 85001.6 97067.5 111202 127783 147270 170214 197277 229252 267089 311925 365116 428285 503368 592669 698937 825435 976037 1.15532e+06 1.36865e+06 1.62226e+06 1.92325e+06 2.2795e+06 2.69938e+06 3.19145e+06 3.76424e+06 4.42681e+06 5.1901e+06 6.06878e+06 7.08258e+06 8.25677e+06 9.62213e+06 1.1215e+07 1.30781e+07 1.5261e+07 1.78218e+07 
199.368 4936.63 26905.1 -1.40682e+06 100880 114930 131406 150736 173449 200185 231719 268979 313081 365362 427426 501191 588951 693447 817948 966349 1.14329e+06 1.35426e+06 1.60576e+06 1.90543e+06 2.26213e+06 2.68598e+06 3.18816e+06 3.78063e+06 4.47554e+06 5.28498e+06 6.22165e+06 7.30077e+06 8.54286e+06 9.97565e+06 1.16348e+07 1.35639e+07 1.58145e+07 1.8447e+07 2.15317e+07 2.51511e+07 
107.814 2672.25 14579.1 48243.6 -1.89188e+06 142152 162743 186939 215420 249005 288690 335669 391382 457557 536270 630009 741753 875063 1.0342e+06 1.22423e+06 1.4512e+06 1.72227e+06 2.04594e+06 2.43217e+06 2.89253e+06 3.44024e+06 4.08996e+06 4.8573e+06 5.75816e+06 6.80824e+06 8.02389e+06 9.42458e+06 1.10366e+07 1.28955e+07 1.50478e+07 1.75498e+07 2.04689e+07 2.38835e+07 2.78852e+07 3.25811e+07 
64.1943 1592.75 8699.2 28819.9 74538 -2.42368e+06 190753 219435 253256 293216 340526 396647 463340 542725 637354 750290 885207 1.04651e+06 1.23945e+06 1.47032e+06 1.7466e+06 2.07719e+06 2.47259e+06 2.94519e+06 3.50935e+06 4.18149e+06 4.97984e+06 5.92383e+06 7.0332e+06 8.32738e+06 9.82633e+06 1.15537e+07 1.35413e+07 1.58328e+07 1.84851e+07 2.15682e+07 2.51649e+07 2.93725e+07 3.43041e+07 4.00922e+07 
40.6663 1010.08 5523.23 18320.7 47445.3 106057 -3.00823e+06 247865 286537 332323 386644 451224 528141 619908 729552 860715 1.01778e+06 1.20599e+06 1.43163e+06 1.70224e+06 2.02676e+06 2.41585e+06 2.88214e+06 3.44045e+06 4.10805e+06 4.90465e+06 5.85219e+06 6.97402e+06 8.29387e+06 9.83495e+06 1.16209e+07 1.36793e+07 1.60474e+07 1.87769e+07 2.19351e+07 2.56056e+07 2.98875e+07 3.48968e+07 4.07688e+07 4.76617e+07 
26.8752 668.301 3658.78 12152 31513.6 70547 143325 -3.65245e+06 314875 365859 426487 498733 584992 688160 811738 959950 1.13788e+06 1.35165e+06 1.60858e+06 1.91745e+06 2.28874e+06 2.73491e+06 3.27073e+06 3.91359e+06 4.6837e+06 5.6042e+06 6.70081e+06 8.00099e+06 9.53257e+06 1.13226e+07 1.33984e+07 1.57914e+07 1.85441e+07 2.17157e+07 2.53843e+07 2.9647e+07 3.46195e+07 4.04369e+07 4.7257e+07 5.52641e+07 
18.2999 455.607 2497.53 8306.42 21572.2 48366.5 98423.6 187047 -4.36438e+06 393409 459546 538557 633141 746570 882814 1.04667e+06 1.24394e+06 1.4816e+06 1.76804e+06 2.11332e+06 2.52946e+06 3.03078e+06 3.63425e+06 4.35987e+06 5.23092e+06 6.27405e+06 7.51891e+06 8.99717e+06 1.07409e+07 1.27812e+07 1.51489e+07 1.78791e+07 2.10193e+07 2.4636e+07 2.88179e+07 3.36757e+07 3.93418e+07 4.5971e+07 5.37437e+07 6.28705e+07 
12.7308 317.352 1741.98 5801.85 15090.7 33889.5 69082.7 131528 238087 -5.15335e+06 485383 570148 671905 794294 941738 1.11961e+06 1.3344e+06 1.59397e+06 1.90776e+06 2.28715e+06 2.74572e+06 3.29969e+06 3.9683e+06 4.77423e+06 5.74391e+06 6.90759e+06 8.29901e+06 9.95418e+06 1.19096e+07 1.42004e+07 1.6861e+07 1.993e+07 2.34595e+07 2.75228e+07 3.22192e+07 3.76729e+07 4.40332e+07 5.14747e+07 6.02008e+07 7.04487e+07 
8.99335 224.479 1233.91 4115.81 10722.4 24120.5 49258.4 93965.6 170443 297470 -6.03021e+06 593053 700704 830588 987568 1.17757e+06 1.40778e+06 1.68691e+06 2.0255e+06 2.43621e+06 2.93424e+06 3.53774e+06 4.26828e+06 5.15128e+06 6.21641e+06 7.49767e+06 9.03297e+06 1.08629e+07 1.30283e+07 1.55688e+07 1.85222e+07 2.19304e+07 2.58496e+07 3.03596e+07 3.55696e+07 4.16177e+07 4.86698e+07 5.69206e+07 6.65967e+07 7.79623e+07 
6.42161 160.504 883.539 2951.71 7702.51 17358.1 35515.8 67887.9 123408 215878 366400 -7.00759e+06 719092 854850 1.0195e+06 1.2195e+06 1.46272e+06 1.75872e+06 2.11909e+06 2.55782e+06 3.09172e+06 3.74093e+06 4.52938e+06 5.48533e+06 6.64179e+06 8.03659e+06 9.71198e+06 1.17132e+07 1.40859e+07 1.68738e+07 2.01185e+07 2.3865e+07 2.81727e+07 3.31278e+07 3.88485e+07 4.54866e+07 5.32249e+07 6.22782e+07 7.28962e+07 8.53703e+07 
4.61784 115.582 637.21 2132.22 5573.68 12583.9 25798.8 49419 90039.3 157888 268668 446277 -8.10021e+06 866662 1.03694e+06 1.24458e+06 1.49809e+06 1.80786e+06 2.18653e+06 2.64941e+06 3.21494e+06 3.90525e+06 4.74671e+06 5.77049e+06 7.01301e+06 8.51611e+06 1.03265e+07 1.24942e+07 1.50698e+07 1.81016e+07 2.16346e+07 2.57166e+07 3.04103e+07 3.58066e+07 4.20329e+07 4.92537e+07 5.76688e+07 6.75131e+07 7.90598e+07 9.26269e+07 
3.33432 83.5765 461.478 1546.76 4050.53 9162.66 18823.6 36137.5 65997.4 116024 197967 329788 538734 -9.32524e+06 1.03952e+06 1.2522e+06 1.51299e+06 1.83307e+06 2.22609e+06 2.70865e+06 3.30084e+06 4.02679e+06 4.91537e+06 6.00071e+06 7.32279e+06 8.92753e+06 1.08663e+07 1.31941e+07 1.59666e+07 1.92368e+07 2.30532e+07 2.74664e+07 3.25412e+07 3.83729e+07 4.50968e+07 5.28898e+07 6.19683e+07 7.25872e+07 8.5043e+07 9.96807e+07 
2.41125 60.5287 334.749 1123.92 2948.66 6683.4 13759.6 26476.5 48473.1 85441.9 146200 244292 400362 645668 -1.07027e+07 1.24214e+06 1.50693e+06 1.83348e+06 2.23642e+06 2.73359e+06 3.3467e+06 4.10192e+06 5.03061e+06 6.16999e+06 7.56364e+06 9.26175e+06 1.13205e+07 1.38001e+07 1.67616e+07 2.02625e+07 2.43555e+07 2.90931e+07 3.45422e+07 4.0801e+07 4.80115e+07 5.63624e+07 6.60861e+07 7.74575e+07 9.07961e+07 1.06473e+08 
1.74251 43.8077 242.669 816.19 2145.37 4872.59 10053.6 19391.3 35592.3 62910 107964 180974 297601 481685 769280 -1.2256e+07 1.47984e+06 1.80871e+06 2.21667e+06 2.72278e+06 3.3503e+06 4.12742e+06 5.08804e+06 6.27248e+06 7.72808e+06 9.50943e+06 1.16777e+07 1.42985e+07 1.74386e+07 2.11604e+07 2.55204e+07 3.05733e+07 3.63869e+07 4.30616e+07 5.07446e+07 5.9635e+07 6.99806e+07 8.20759e+07 9.62632e+07 1.1294e+08 
1.25585 31.621 175.45 591.161 1556.87 3543.35 7327.46 14167.5 26072.5 46214.5 79554.9 133793 220795 358727 575235 912124 -1.40123e+07 1.75897e+06 2.16667e+06 2.67548e+06 3.31013e+06 4.10078e+06 5.08384e+06 6.30282e+06 7.8089e+06 9.66122e+06 1.19262e+07 1.46752e+07 1.79805e+07 2.19103e+07 2.65247e+07 3.18806e+07 3.80462e+07 4.51223e+07 5.32597e+07 6.26665e+07 7.36049e+07 8.63882e+07 1.01381e+08 1.19007e+08 
0.900987 22.7209 126.278 426.246 1124.74 2565.26 5316.97 10305.7 19016.7 33805.9 58377.6 98511.9 163169 266150 428597 682696 1.07716e+06 -1.60035e+07 2.08707e+06 2.59184e+06 3.22562e+06 4.02043e+06 5.01516e+06 6.25646e+06 7.79949e+06 9.70809e+06 1.20541e+07 1.4915e+07 1.83692e+07 2.24904e+07 2.7343e+07 3.2986e+07 3.94871e+07 4.69462e+07 5.5516e+07 6.54109e+07 7.69064e+07 9.03335e+07 1.06079e+08 1.2459e+08 
0.642328 16.223 90.3148 305.406 807.461 1845.54 3834.06 7450.11 13784.8 24577.8 42578.5 72101.8 119876 196334 317563 508235 805970 1.26777e+06 -1.82666e+07 2.47312e+06 3.09743e+06 3.88612e+06 4.88042e+06 6.13011e+06 7.69433e+06 9.64181e+06 1.20501e+07 1.5003e+07 1.85856e+07 2.28775e+07 2.79478e+07 3.38572e+07 4.06729e+07 4.84923e+07 5.74671e+07 6.78162e+07 7.98255e+07 9.3843e+07 1.10276e+08 1.29595e+08 
0.454238 11.4901 64.0728 217.058 575.002 1317.03 2742.43 5342.37 9912.05 17725.6 30807.9 52354.7 87380.5 143713 233507 375548 598709 947114 1.48776e+06 -2.0845e+07 2.92748e+06 3.69898e+06 4.67952e+06 5.92186e+06 7.48909e+06 9.45494e+06 1.19029e+07 1.49236e+07 1.8609e+07 2.30455e+07 2.83071e+07 3.44567e+07 4.156e+07 4.97108e+07 5.90571e+07 6.98187e+07 8.22898e+07 9.68326e+07 1.13874e+08 1.33906e+08 
0.317499 8.04345 44.9268 152.469 404.688 928.89 1938.67 3786.11 7043.89 12634.3 22030.8 37572.8 62954.3 103981 169734 274361 439790 699832 1.10631e+06 1.73813e+06 -2.37943e+07 3.45581e+06 4.40652e+06 5.62192e+06 7.16876e+06 9.12562e+06 1.1582e+07 1.46355e+07 1.83856e+07 2.29257e+07 2.83352e+07 3.46796e+07 4.20229e+07 5.04532e+07 6.01121e+07 7.12161e+07 8.40627e+07 9.90257e+07 1.16548e+08 1.37141e+08 
0.213491 5.41659 30.3033 103.022 273.967 630.154 1318.18 2580.73 4814.38 8661.02 15151.7 25933.1 43621.7 72358.4 118670 192806 310791 497571 791761 1.25277e+06 1.9713e+06 -2.72563e+07 3.96659e+06 5.1053e+06 6.56896e+06 8.43855e+06 1.08072e+07 1.37768e+07 1.74523e+07 2.19321e+07 2.72999e+07 3.36221e+07 4.09594e+07 4.93912e+07 5.9046e+07 7.01268e+07 8.29222e+07 9.78024e+07 1.15212e+08 1.35665e+08 
0.118729 3.01672 16.9038 57.5664 153.373 353.495 741.103 1454.46 2720.57 4908.62 8614.85 14797 24986.5 41624.1 68585.9 112008 181574 292500 468591 746876 1.18456e+06 1.86929e+06 -3.18276e+07 3.81201e+06 4.953e+06 6.42639e+06 8.31281e+06 1.07015e+07 1.36849e+07 1.73505e+07 2.17723e+07 2.7008e+07 3.3106e+07 4.0125e+07 4.81601e+07 5.7367e+07 6.79752e+07 8.02878e+07 9.46749e+07 1.11568e+08 
0.042531 1.08217 6.07306 20.7165 55.2946 127.696 268.295 527.796 989.812 1790.98 3153.14 5434.63 9212.12 15410.8 25511.2 41876.7 68270 110663 178500 286641 458331 729649 1.15608e+06 -3.81872e+07 2.39222e+06 3.13758e+06 4.10334e+06 5.34032e+06 6.90177e+06 8.83861e+06 1.11943e+07 1.40018e+07 1.7287e+07 2.10778e+07 2.54189e+07 3.03856e+07 3.60944e+07 4.27045e+07 5.04151e+07 5.94603e+07 
0.0310887 0.7921 4.45178 15.2103 40.6692 94.0997 198.121 390.641 734.438 1332.58 2353.24 4069.58 6923.88 11630.5 19340.9 31908.3 52309.8 85317.7 138560 224186 361440 580613 928965 1.47944e+06 -4.42365e+07 3.10911e+06 4.11487e+06 5.42002e+06 7.088e+06 9.18051e+06 1.17508e+07 1.48393e+07 1.84753e+07 2.26864e+07 2.75142e+07 3.30317e+07 3.93573e+07 4.66604e+07 5.51598e+07 6.51166e+07 
0.0378353 0.965252 5.43259 18.59 49.789 115.412 243.479 481.127 906.738 1649.57 2921.53 5068.67 8654.53 14595.2 24377.8 40415.1 66616.6 109311 178725 291336 473600 767743 1.24067e+06 1.99733e+06 3.20031e+06 -4.96696e+07 6.83359e+06 9.1196e+06 1.2083e+07 1.58506e+07 2.05341e+07 2.62193e+07 3.29656e+07 4.08201e+07 4.98458e+07 6.01562e+07 7.19468e+07 8.5514e+07 1.01256e+08 1.19661e+08 
0.0277669 0.709266 3.99723 13.6983 36.7461 85.3264 180.351 357.127 674.586 1230.32 2185.06 3802.59 6514.84 11028.3 18497.6 30810.2 51050.5 84258.6 138664 227687 373149 610391 996289 1.62159e+06 2.62943e+06 4.24227e+06 -5.77014e+07 9.20271e+06 1.23687e+07 1.64568e+07 2.16123e+07 2.795e+07 3.55479e+07 4.44591e+07 5.47402e+07 6.64923e+07 7.99023e+07 9.52756e+07 1.13045e+08 1.33762e+08 
0.0174224 0.445555 2.51422 8.62797 23.1796 53.9125 114.157 226.495 428.753 783.819 1395.71 2435.93 4186.76 7112.52 11977.1 20037.7 33365.7 55375.9 91700.4 151627 250452 413298 681242 1.12096e+06 1.83961e+06 3.00707e+06 4.88804e+06 -6.79665e+07 1.0764e+07 1.45465e+07 1.93988e+07 2.54569e+07 3.28161e+07 4.15349e+07 5.16582e+07 6.32566e+07 7.64739e+07 9.15682e+07 1.08935e+08 1.29103e+08 
0.010569 0.270586 1.52869 5.25271 14.1315 32.918 69.8184 138.777 263.23 482.281 860.862 1506.49 2597 4426.41 7481.3 12567.8 21023.9 35073.7 58420.1 97234.6 161804 269253 448014 745034 1.2372e+06 2.04897e+06 3.37859e+06 5.53561e+06 -7.99639e+07 1.23588e+07 1.67643e+07 2.23692e+07 2.92931e+07 3.76086e+07 4.73561e+07 5.85786e+07 7.13704e+07 8.59286e+07 1.0259e+08 1.21839e+08 
0.00623182 0.159707 0.90325 3.10727 8.37024 19.5248 41.4747 82.5759 156.915 288.073 515.344 904.054 1562.71 2671.58 4530.59 7639.62 12833.9 21512.3 36024.1 60322.8 101072 169507 284550 477967 802754 1.34649e+06 2.25193e+06 3.74758e+06 6.19118e+06 -9.37538e+07 1.39979e+07 1.90316e+07 2.53813e+07 3.31459e+07 4.23739e+07 5.3089e+07 6.53373e+07 7.92462e+07 9.50758e+07 1.13246e+08 
0.00356427 0.0914262 0.517566 1.78232 4.80653 11.2257 23.8778 47.6106 90.6188 166.659 298.73 525.196 910.027 1559.96 2653.4 4489.3 7570.14 12743.3 21442.5 36102.3 60866.7 102804 173979 294954 500643 849920 1.44097e+06 2.43506e+06 4.09192e+06 6.82034e+06 -1.09371e+08 1.56143e+07 2.12637e+07 2.8334e+07 3.6899e+07 4.69795e+07 5.85824e+07 7.17627e+07 8.66899e+07 1.03696e+08 
0.00197391 0.0506714 0.287083 0.989478 2.67095 6.24453 13.2977 26.5478 50.5988 93.1991 167.337 294.743 511.772 879.305 1499.52 2544.43 4304.64 7273.1 12289.6 20790.7 35243.9 59900.8 102104 174542 299110 513431 881643 1.51181e+06 2.58315e+06 4.3871e+06 7.38717e+06 -1.26763e+08 1.71528e+07 2.33995e+07 3.11621e+07 4.04826e+07 5.13483e+07 6.37498e+07 7.7758e+07 9.3596e+07 
0.001057 0.0271513 0.153929 0.53092 1.43425 3.35604 7.15329 14.2956 27.2773 50.3049 90.4451 159.551 277.505 477.705 816.395 1388.62 2355.65 3992.4 6769.85 11499 19583.2 33461.8 57391 98815 170764 296012 514178 893653 1.55115e+06 2.6829e+06 4.613e+06 7.86546e+06 -1.45804e+08 1.85883e+07 2.54191e+07 3.38515e+07 4.38858e+07 5.54703e+07 6.85817e+07 8.33176e+07 
0.000546623 0.0140488 0.0796891 0.275014 0.743394 1.74066 3.71288 7.42602 14.1821 26.1802 47.1211 83.2243 144.944 249.884 427.768 728.979 1239.3 2105.56 3580.42 6101.3 10429.7 17899.2 30856 53446.2 93016.2 162596 285264 501744 883409 1.5542e+06 2.72672e+06 4.75973e+06 8.24568e+06 -1.66319e+08 1.99275e+07 2.73409e+07 3.6431e+07 4.71454e+07 5.93891e+07 7.3131e+07 
0.00027266 0.00701088 0.0397848 0.137364 0.371494 0.870318 1.85749 3.71747 7.10447 13.1248 23.6428 41.7958 72.8663 125.765 215.567 367.887 626.448 1066.31 1817.11 3104.16 5321.66 9163.76 15860.3 27602.4 48311.5 85028.4 150416 267244 476377 850894 1.52071e+06 2.71458e+06 4.82889e+06 8.534e+06 -1.88097e+08 2.11996e+07 2.92074e+07 3.89547e+07 5.03245e+07 6.3177e+07 
0.000130984 0.00336936 0.019127 0.0660642 0.17874 0.418927 0.894524 1.79115 3.42497 6.33108 11.4121 20.1888 35.2246 60.8492 104.399 178.359 304.082 518.305 884.634 1513.96 2600.95 4489.9 7793.92 13612.2 23927.3 42333.6 75375 135003 243099 439795 798749 1.45483e+06 2.65299e+06 4.83039e+06 8.74577e+06 -2.10877e+08 2.24433e+07 3.10697e+07 4.14838e+07 5.34927e+07 
6.04903e-05 0.00155661 0.00883924 0.0305404 0.0826572 0.193802 0.413984 0.829295 1.58647 2.93404 5.29158 9.36655 16.3526 28.2676 48.535 82.9868 141.612 241.621 412.866 707.496 1217.29 2105.04 3661.69 6411.16 11303.8 20074.9 35913.1 64712.5 117436 214608 394917 731658 1.3637e+06 2.55198e+06 4.77749e+06 8.89865e+06 -2.34279e+08 2.36969e+07 3.29771e+07 4.40756e+07 
2.67972e-05 0.000689834 0.00391834 0.0135421 0.0366629 0.0859896 0.183748 0.368222 0.7047 1.30384 2.35255 4.16624 7.2774 12.587 21.6248 36.999 63.1816 107.886 184.507 316.478 545.109 943.807 1644.08 2883.47 5094.39 9070.32 16278.7 29455.3 53748.1 98947.6 183900 345306 655237 1.25542e+06 2.4222e+06 4.68294e+06 9.00813e+06 -2.57662e+08 2.4994e+07 3.49722e+07 
1.13599e-05 0.000292547 0.00166213 0.00574603 0.0155607 0.0365072 0.0780356 0.156432 0.299485 0.554316 1.00057 1.77272 3.09792 5.36079 9.21472 15.7747 26.9538 46.0543 78.8166 135.292 233.22 404.163 704.752 1237.45 2189.24 3904.21 7021.28 12738.3 23326.8 43154.2 80756.6 153108 294491 574888 1.13751e+06 2.27293e+06 4.55704e+06 9.08578e+06 -2.79853e+08 2.63622e+07 
4.59606e-06 0.000118408 0.000672912 0.00232685 0.00630297 0.0147916 0.0316269 0.0634197 0.121455 0.22488 0.406072 0.719721 1.25827 2.17833 3.74609 6.41611 10.9687 18.752 32.1106 55.1534 95.1378 164.988 287.914 505.961 895.951 1599.51 2880.18 5233.64 9604.17 17819.7 33488.5 63889.9 124029 245415 495061 1.01607e+06 2.1115e+06 4.4073e+06 9.1391e+06 -2.98728e+08 
cycle: 0
true_cycle: 0
nIterations: 0
nTrueIterations: 0
Branch: 0
dt_FE: 3.31859e-11
dt_EA: 3.31859e-11
dt_PE: 3.31859e-11
