t: 7.73161e-09
dt: 7.73161e-11
N: 0.00415567 0.0123074 0.0203644 0.0282779 0.0359942 0.0434552 0.0505979 0.0573544 0.0636526 0.0694161 0.0745652 0.0790172 0.0826885 0.0854958 0.0873588 0.0882035 0.0879664 0.0865998 0.0840804 0.0804751 0.0773947 0.0950064 0.232057 0.511591 0.460167 0.137026 0.0291325 0.0161465 0.0106666 0.00681302 0.00418307 0.00246415 0.0013912 0.000752491 0.000389954 0.000193617 9.2079e-05 4.19052e-05 1.82208e-05 7.55225e-06 
eC: 1.00639 3.07804 5.27089 7.59201 10.0489 12.6496 15.4023 18.3162 21.4004 24.6651 28.1208 31.7787 35.6505 39.7488 44.0869 48.6788 53.5393 58.6841 64.1299 69.8943 75.9959 82.4544 89.2908 96.5271 104.187 112.294 120.876 129.96 139.576 149.754 160.527 171.931 184.002 196.778 210.303 224.618 239.771 255.811 272.788 290.759 
dV: 2.71811 20.9912 63.6092 138.722 256.496 429.553 673.497 1007.55 1455.33 2045.74 2814.09 3803.42 5066.04 6665.5 8678.77 11199 14338.7 18233.7 23047.8 28977.8 36261 45182.1 56083.2 69374.4 85547.6 105192 129013 157855 192727 234836 285622 346808 420447 508992 615366 743056 896219 1.07981e+06 1.29972e+06 1.56298e+06 
kVec: 729259 2.1845e+06 3.66718e+06 5.17559e+06 6.7067e+06 8.25721e+06 9.82374e+06 1.1403e+07 1.29922e+07 1.45888e+07 1.61915e+07 1.78006e+07 1.94181e+07 2.10492e+07 2.27025e+07 2.43916e+07 2.61365e+07 2.79648e+07 2.99137e+07 3.20323e+07 3.43837e+07 3.70475e+07 4.01269e+07 4.37846e+07 4.83253e+07 5.41624e+07 6.1622e+07 7.08877e+07 8.20805e+07 9.52701e+07 1.10452e+08 1.2754e+08 1.46374e+08 1.66751e+08 1.8844e+08 2.11162e+08 2.34528e+08 2.57887e+08 2.80063e+08 2.98929e+08 
cMat: 
-176191 11426.3 12583.2 14134 15982.7 18148.8 20678.4 23633.5 27090.3 31140.7 35895.2 41485.6 48069.8 55836.1 65009.2 75857.1 88699 103915 121959 143368 168781 198957 234789 277327 327786 387551 458151 541218 638416 751428 882060 1.03252e+06 1.20575e+06 1.40567e+06 1.63726e+06 1.90654e+06 2.22062e+06 2.58782e+06 3.01782e+06 3.52194e+06 
1326.67 -538925 36142.7 40634.5 45994.7 52282.2 59634.5 68234.8 78309.1 90130.4 104027 120392 139695 162498 189475 221425 259306 304258 357639 421064 496454 586085 692645 819288 969672 1.14796e+06 1.35878e+06 1.60702e+06 1.89772e+06 2.23591e+06 2.62697e+06 3.07744e+06 3.59608e+06 4.1946e+06 4.88792e+06 5.69416e+06 6.63475e+06 7.73475e+06 9.02341e+06 1.0535e+07 
429.778 10632 -931739 65146.9 73817.4 84000.4 95924.1 109892 126278 145535 168209 194953 226552 263943 308250 360815 423241 497439 585688 690704 815712 964540 1.14171e+06 1.35252e+06 1.60315e+06 1.9006e+06 2.25265e+06 2.66759e+06 3.15386e+06 3.7199e+06 4.37467e+06 5.12897e+06 5.99729e+06 6.99916e+06 8.15952e+06 9.50879e+06 1.10829e+07 1.2924e+07 1.50812e+07 1.76119e+07 
196.106 4855.85 26464.8 -1.35967e+06 99229.4 113050 129256 148269 170610 196909 227927 264577 307957 359383 420431 492989 579313 682099 804562 950535 1.12458e+06 1.33209e+06 1.57948e+06 1.87425e+06 2.22511e+06 2.64202e+06 3.13599e+06 3.71876e+06 4.4023e+06 5.1985e+06 6.11983e+06 7.1813e+06 8.40306e+06 9.8124e+06 1.14444e+07 1.33419e+07 1.55557e+07 1.81451e+07 2.11793e+07 2.47395e+07 
105.568 2616.56 14275.3 47238.3 -1.82732e+06 139190 159351 183044 210931 243816 282674 328674 383226 448022 525095 616881 726295 856828 1.01265e+06 1.19872e+06 1.42095e+06 1.68638e+06 2.00331e+06 2.38149e+06 2.83226e+06 3.36855e+06 4.00473e+06 4.75608e+06 5.63816e+06 6.66637e+06 7.85668e+06 9.22819e+06 1.08066e+07 1.26268e+07 1.47342e+07 1.71841e+07 2.00424e+07 2.33858e+07 2.73041e+07 3.19022e+07 
62.579 1552.67 8480.3 28094.7 72662.4 -2.33987e+06 185953 213913 246883 285838 331958 386666 451681 529068 621316 731410 862933 1.02017e+06 1.20826e+06 1.43332e+06 1.70265e+06 2.02492e+06 2.41037e+06 2.87108e+06 3.42104e+06 4.07627e+06 4.85453e+06 5.77477e+06 6.85623e+06 8.11784e+06 9.57907e+06 1.1263e+07 1.32005e+07 1.54344e+07 1.802e+07 2.10255e+07 2.45317e+07 2.86334e+07 3.34409e+07 3.90833e+07 
39.4748 980.491 5361.41 17783.9 46055.2 102949 -2.90335e+06 240603 278142 322586 375316 438004 512667 601746 708177 835497 987956 1.17065e+06 1.38969e+06 1.65237e+06 1.96738e+06 2.34507e+06 2.7977e+06 3.33965e+06 3.98769e+06 4.76096e+06 5.68073e+06 6.76969e+06 8.05087e+06 9.5468e+06 1.12804e+07 1.32785e+07 1.55773e+07 1.82267e+07 2.12924e+07 2.48554e+07 2.90118e+07 3.38744e+07 3.95744e+07 4.62653e+07 
25.9829 646.112 3537.31 11748.5 30467.3 68204.7 138566 -3.52476e+06 304421 353712 412327 482175 565569 665312 784787 928078 1.1001e+06 1.30677e+06 1.55517e+06 1.85379e+06 2.21275e+06 2.64411e+06 3.16214e+06 3.78365e+06 4.52819e+06 5.41813e+06 6.47834e+06 7.73535e+06 9.21608e+06 1.09467e+07 1.29536e+07 1.52671e+07 1.79284e+07 2.09947e+07 2.45415e+07 2.86627e+07 3.347e+07 3.90943e+07 4.5688e+07 5.34292e+07 
17.626 438.829 2405.56 8000.53 20777.8 46585.4 94799 180159 -4.21226e+06 378921 442623 518724 609824 719077 850303 1.00813e+06 1.19813e+06 1.42704e+06 1.70293e+06 2.0355e+06 2.43631e+06 2.91917e+06 3.50042e+06 4.19931e+06 5.03829e+06 6.043e+06 7.24201e+06 8.66583e+06 1.03454e+07 1.23105e+07 1.4591e+07 1.72207e+07 2.02453e+07 2.37287e+07 2.77566e+07 3.24356e+07 3.7893e+07 4.42781e+07 5.17645e+07 6.05552e+07 
12.22 304.618 1672.08 5569.05 14485.2 32529.7 66310.8 126250 228534 -4.97541e+06 465907 547271 644945 762423 903951 1.07468e+06 1.28086e+06 1.53001e+06 1.83122e+06 2.19538e+06 2.63555e+06 3.16729e+06 3.80908e+06 4.58267e+06 5.51343e+06 6.63043e+06 7.96601e+06 9.55477e+06 1.14317e+07 1.36306e+07 1.61844e+07 1.91304e+07 2.25182e+07 2.64185e+07 3.09264e+07 3.61613e+07 4.22664e+07 4.94093e+07 5.77853e+07 6.7622e+07 
8.60622 214.816 1180.8 3938.65 10260.8 23082.2 47138 89920.8 163106 284666 -5.8254e+06 567525 670542 794835 945058 1.12688e+06 1.34718e+06 1.6143e+06 1.93831e+06 2.33134e+06 2.80794e+06 3.38546e+06 4.08455e+06 4.92954e+06 5.94882e+06 7.17493e+06 8.64414e+06 1.03953e+07 1.24675e+07 1.48986e+07 1.77249e+07 2.09864e+07 2.47368e+07 2.90528e+07 3.40385e+07 3.98262e+07 4.65748e+07 5.44705e+07 6.373e+07 7.46063e+07 
6.12919 153.195 843.305 2817.3 7351.76 16567.6 33898.5 64796.5 117788 206047 349715 -6.77533e+06 686346 815922 973078 1.16397e+06 1.39611e+06 1.67863e+06 2.02259e+06 2.44134e+06 2.95093e+06 3.57058e+06 4.32312e+06 5.23554e+06 6.33934e+06 7.67062e+06 9.26972e+06 1.11798e+07 1.34445e+07 1.61054e+07 1.92024e+07 2.27782e+07 2.68898e+07 3.16192e+07 3.70795e+07 4.34153e+07 5.08012e+07 5.94422e+07 6.95767e+07 8.14827e+07 
4.39828 110.086 606.912 2030.84 5308.67 11985.6 24572.1 47069.3 85758.1 150381 255894 425058 -7.84063e+06 825454 987635 1.1854e+06 1.42686e+06 1.7219e+06 2.08257e+06 2.52343e+06 3.06207e+06 3.71956e+06 4.52101e+06 5.49611e+06 6.67956e+06 8.11119e+06 9.83548e+06 1.19001e+07 1.43533e+07 1.72409e+07 2.06059e+07 2.44938e+07 2.89643e+07 3.41041e+07 4.00343e+07 4.69118e+07 5.49268e+07 6.4303e+07 7.53007e+07 8.82227e+07 
3.17085 79.4791 438.853 1470.93 3851.95 8713.45 17900.7 34365.8 62761.8 110336 188261 313620 512322 -9.03938e+06 988558 1.19081e+06 1.43882e+06 1.7432e+06 2.11695e+06 2.57586e+06 3.13901e+06 3.82938e+06 4.67439e+06 5.70652e+06 6.96379e+06 8.48985e+06 1.03335e+07 1.25472e+07 1.51839e+07 1.82937e+07 2.1923e+07 2.61198e+07 3.09459e+07 3.64917e+07 4.28859e+07 5.02968e+07 5.89302e+07 6.90285e+07 8.08737e+07 9.47937e+07 
2.29087 57.5069 318.037 1067.81 2801.45 6349.74 13072.7 25154.7 46053.1 81176.3 138901 232096 380375 613433 -1.03929e+07 1.18013e+06 1.4317e+06 1.74195e+06 2.12477e+06 2.59712e+06 3.17962e+06 3.89713e+06 4.77946e+06 5.86195e+06 7.18603e+06 8.79936e+06 1.07553e+07 1.31111e+07 1.59247e+07 1.92509e+07 2.31396e+07 2.76407e+07 3.28177e+07 3.8764e+07 4.56146e+07 5.35485e+07 6.27868e+07 7.35905e+07 8.62632e+07 1.01158e+08 
1.65504 41.6085 230.486 775.217 2037.67 4627.98 9548.92 18417.8 33805.5 59751.9 102544 171889 282662 457504 730661 -1.19261e+07 1.40555e+06 1.71791e+06 2.10539e+06 2.58609e+06 3.18211e+06 3.92022e+06 4.83262e+06 5.95759e+06 7.34013e+06 9.03205e+06 1.10914e+07 1.35807e+07 1.65631e+07 2.00981e+07 2.42392e+07 2.90385e+07 3.45603e+07 4.08999e+07 4.81972e+07 5.66412e+07 6.64676e+07 7.79556e+07 9.14307e+07 1.0727e+08 
1.19328 30.0456 166.709 561.709 1479.3 3366.81 6962.4 13461.6 24773.6 43912 75591.3 127127 209794 340855 546576 866681 -1.36687e+07 1.67133e+06 2.05873e+06 2.54218e+06 3.14521e+06 3.89647e+06 4.83056e+06 5.9888e+06 7.41985e+06 9.17988e+06 1.1332e+07 1.3944e+07 1.70847e+07 2.08187e+07 2.52032e+07 3.02922e+07 3.61507e+07 4.28742e+07 5.06063e+07 5.95444e+07 6.99378e+07 8.20842e+07 9.63301e+07 1.13077e+08 
0.85705 21.6129 120.12 405.46 1069.89 2440.16 5057.69 9803.18 18089.3 32157.3 55530.8 93708 155212 253171 407696 649404 1.02463e+06 -1.56551e+07 1.98529e+06 2.46545e+06 3.06832e+06 3.82437e+06 4.77059e+06 5.95136e+06 7.41914e+06 9.23467e+06 1.14663e+07 1.41877e+07 1.74734e+07 2.13936e+07 2.60097e+07 3.13774e+07 3.75615e+07 4.46569e+07 5.28087e+07 6.22211e+07 7.3156e+07 8.59283e+07 1.00906e+08 1.18514e+08 
0.612121 15.4601 86.0675 291.044 769.488 1758.75 3653.76 7099.76 13136.6 23422 40576.2 68711 114239 187101 302629 484334 768067 1.20816e+06 -1.79264e+07 2.35681e+06 2.95177e+06 3.70337e+06 4.65091e+06 5.84183e+06 7.33249e+06 9.18839e+06 1.14834e+07 1.42975e+07 1.77116e+07 2.18016e+07 2.66335e+07 3.2265e+07 3.87602e+07 4.62119e+07 5.47646e+07 6.4627e+07 7.60716e+07 8.94298e+07 1.0509e+08 1.235e+08 
0.433972 10.9775 61.2142 207.374 549.349 1258.27 2620.08 5104.02 9469.83 16934.8 29433.4 50018.9 83482 137301 223089 358793 571997 904859 1.42139e+06 -2.05306e+07 2.79687e+06 3.53395e+06 4.47074e+06 5.65765e+06 7.15496e+06 9.03311e+06 1.13719e+07 1.42578e+07 1.77788e+07 2.20173e+07 2.70442e+07 3.29194e+07 3.97058e+07 4.74929e+07 5.64222e+07 6.67037e+07 7.86184e+07 9.25125e+07 1.08793e+08 1.27932e+08 
0.30437 7.71083 43.0689 146.164 387.953 890.477 1858.5 3629.54 6752.6 12111.8 21119.7 36019 60350.9 99680.5 162715 263016 421603 670892 1.06056e+06 1.66625e+06 -2.3529e+07 3.3129e+06 4.2243e+06 5.38944e+06 6.87231e+06 8.74824e+06 1.11031e+07 1.40303e+07 1.76253e+07 2.19776e+07 2.71635e+07 3.32455e+07 4.02851e+07 4.83667e+07 5.76262e+07 6.8271e+07 8.05864e+07 9.49306e+07 1.11728e+08 1.3147e+08 
0.206244 5.23271 29.2746 99.5247 264.666 608.762 1273.43 2493.12 4650.94 8366.99 14637.4 25052.7 42140.9 69902 114642 186260 300241 480679 764882 1.21024e+06 1.90437e+06 -2.70573e+07 3.83193e+06 4.93199e+06 6.34595e+06 8.15208e+06 1.04403e+07 1.33091e+07 1.68598e+07 2.11876e+07 2.63731e+07 3.24807e+07 3.95689e+07 4.77144e+07 5.70415e+07 6.77462e+07 8.01072e+07 9.44822e+07 1.113e+08 1.3106e+08 
0.119281 3.03072 16.9823 57.8337 154.085 355.136 744.543 1461.22 2733.2 4931.41 8654.84 14865.6 25102.5 41817.3 68904.3 112528 182417 293858 470766 750343 1.19006e+06 1.87797e+06 -3.16246e+07 3.82971e+06 4.97599e+06 6.45622e+06 8.3514e+06 1.07512e+07 1.37485e+07 1.7431e+07 2.18734e+07 2.71334e+07 3.32597e+07 4.03112e+07 4.83837e+07 5.76334e+07 6.82907e+07 8.06606e+07 9.51145e+07 1.12086e+08 
0.0509294 1.29586 7.27227 24.8072 66.2134 152.911 321.273 632.017 1185.26 2144.64 3775.78 6507.78 11031.2 18453.9 30548.8 50145.9 81750.9 132515 213748 343243 548835 873729 1.38436e+06 -3.7779e+07 2.8646e+06 3.75714e+06 4.91361e+06 6.39485e+06 8.26462e+06 1.05839e+07 1.34047e+07 1.67667e+07 2.07005e+07 2.52399e+07 3.04382e+07 3.63857e+07 4.32217e+07 5.11372e+07 6.03703e+07 7.12016e+07 
0.0371603 0.946798 5.32121 18.1809 48.6119 112.477 236.814 466.934 877.874 1592.83 2812.83 4864.38 8276.12 13901.9 23118.1 38140 62525.9 101980 165621 267969 432030 694007 1.11039e+06 1.76838e+06 -4.38343e+07 3.71632e+06 4.91851e+06 6.47855e+06 8.47229e+06 1.09735e+07 1.40457e+07 1.77374e+07 2.20836e+07 2.71171e+07 3.28878e+07 3.94829e+07 4.70438e+07 5.57733e+07 6.59326e+07 7.7834e+07 
0.0384903 0.981963 5.52665 18.9118 50.6509 117.41 247.694 489.457 922.436 1678.12 2972.11 5156.42 8804.36 14847.8 24799.9 41114.8 67769.9 111204 181819 296380 481799 781034 1.26215e+06 2.03191e+06 3.25572e+06 -4.96727e+07 6.9519e+06 9.27748e+06 1.22922e+07 1.6125e+07 2.08896e+07 2.66733e+07 3.35363e+07 4.15267e+07 5.07087e+07 6.11976e+07 7.31923e+07 8.69944e+07 1.03009e+08 1.21732e+08 
0.0274844 0.702051 3.95657 13.5589 36.3723 84.4584 178.517 353.494 667.724 1217.8 2162.83 3763.9 6448.56 10916.1 18309.4 30496.7 50531.2 83401.4 137254 225371 369353 604181 986154 1.6051e+06 2.60269e+06 4.19911e+06 -5.78797e+07 9.10909e+06 1.22429e+07 1.62894e+07 2.13924e+07 2.76656e+07 3.51863e+07 4.40068e+07 5.41834e+07 6.58158e+07 7.90895e+07 9.43063e+07 1.11895e+08 1.32401e+08 
0.0172792 0.441892 2.49355 8.55703 22.989 53.4692 113.218 224.632 425.228 777.374 1384.23 2415.9 4152.33 7054.04 11878.6 19873 33091.4 54920.5 90946.4 150380 248392 409900 675640 1.11174e+06 1.82448e+06 2.98234e+06 4.84784e+06 -6.8162e+07 1.06754e+07 1.44269e+07 1.92393e+07 2.52476e+07 3.25463e+07 4.11934e+07 5.12334e+07 6.27365e+07 7.58451e+07 9.08153e+07 1.08039e+08 1.28042e+08 
0.0105117 0.26912 1.52041 5.22424 14.0549 32.7396 69.4401 138.025 261.804 479.668 856.197 1498.33 2582.92 4402.43 7440.76 12499.7 20910 34883.6 58103.6 96707.7 160927 267794 445586 740997 1.2305e+06 2.03787e+06 3.36028e+06 5.50561e+06 -8.01678e+07 1.22918e+07 1.66734e+07 2.2248e+07 2.91343e+07 3.74048e+07 4.70995e+07 5.82612e+07 7.09837e+07 8.5463e+07 1.02034e+08 1.21179e+08 
0.00621044 0.159159 0.90015 3.09661 8.34151 19.4578 41.3324 82.2925 156.377 287.084 513.575 900.951 1557.34 2662.41 4515.04 7613.4 12789.8 21438.4 35900.4 60115.8 100725 168925 283574 476327 799999 1.34187e+06 2.2442e+06 3.73472e+06 6.16993e+06 -9.39682e+07 1.39498e+07 1.89663e+07 2.52942e+07 3.30322e+07 4.22285e+07 5.29068e+07 6.51131e+07 7.89742e+07 9.47495e+07 1.12858e+08 
0.00355682 0.0912351 0.516485 1.77859 4.79649 11.2023 23.8279 47.5111 90.4294 166.311 298.105 524.099 908.125 1556.7 2647.85 4479.92 7554.32 12716.6 21397.7 36026.8 60739.5 102590 173616 294337 499597 848144 1.43796e+06 2.42997e+06 4.08337e+06 6.80609e+06 -1.09596e+08 1.55816e+07 2.12192e+07 2.82747e+07 3.68219e+07 4.68813e+07 5.84599e+07 7.16127e+07 8.65088e+07 1.0348e+08 
0.00197149 0.0506095 0.286732 0.988269 2.66769 6.2369 13.2814 26.5153 50.537 93.0851 167.132 294.383 511.146 878.23 1497.69 2541.32 4299.38 7264.21 12274.6 20765.3 35200.8 59827.6 101979 174328 298745 512803 880565 1.50997e+06 2.57999e+06 4.38173e+06 7.37814e+06 -1.26996e+08 1.71319e+07 2.33709e+07 3.11241e+07 4.04331e+07 5.12856e+07 6.36718e+07 7.7663e+07 9.34816e+07 
0.00105627 0.0271327 0.153824 0.530556 1.43327 3.35374 7.14838 14.2858 27.2586 50.2703 90.3831 159.442 277.315 477.377 815.835 1387.67 2354.03 3989.66 6765.21 11491.1 19569.8 33438.9 57351.6 98747.2 170647 295809 513825 893039 1.55008e+06 2.68106e+06 4.60984e+06 7.86006e+06 -1.46042e+08 1.85755e+07 2.54016e+07 3.38283e+07 4.38557e+07 5.54323e+07 6.85347e+07 8.32604e+07 
0.000546421 0.0140436 0.0796596 0.274912 0.743119 1.74001 3.7115 7.42327 14.1768 26.1705 47.1037 83.1935 144.891 249.792 427.61 728.709 1238.84 2104.78 3579.1 6099.04 10425.9 17892.5 30844.5 53426.4 92981.8 162536 285159 501558 883082 1.55363e+06 2.72571e+06 4.75797e+06 8.24263e+06 -1.66557e+08 1.99201e+07 2.73308e+07 3.64176e+07 4.71279e+07 5.93671e+07 7.31039e+07 
0.000272608 0.00700953 0.0397772 0.137337 0.371422 0.870151 1.85714 3.71676 7.10311 13.1223 23.6383 41.7878 72.8524 125.741 215.526 367.817 626.328 1066.11 1816.76 3103.56 5320.64 9162 15857.3 27597.1 48302.2 85012.1 150387 267192 476286 850731 1.52042e+06 2.71406e+06 4.82796e+06 8.53236e+06 -1.88331e+08 2.11956e+07 2.92018e+07 3.89472e+07 5.03149e+07 6.31649e+07 
0.000130972 0.00336904 0.0191252 0.0660579 0.178723 0.418887 0.894438 1.79098 3.42464 6.33048 11.411 20.1869 35.2212 60.8434 104.389 178.342 304.053 518.256 884.55 1513.81 2600.71 4489.48 7793.18 13610.9 23925 42329.6 75367.8 134990 243076 439753 798673 1.4547e+06 2.65273e+06 4.82993e+06 8.74494e+06 -2.11103e+08 2.24412e+07 3.10668e+07 4.14798e+07 5.34876e+07 
6.04876e-05 0.00155654 0.00883883 0.030539 0.0826534 0.193793 0.413965 0.829257 1.58639 2.93391 5.29134 9.36612 16.3518 28.2663 48.5328 82.983 141.605 241.61 412.848 707.464 1217.24 2104.95 3661.52 6410.87 11303.3 20074 35911.5 64709.6 117430 214598 394899 731625 1.36363e+06 2.55187e+06 4.77727e+06 8.89824e+06 -2.34498e+08 2.36958e+07 3.29756e+07 4.40736e+07 
2.67966e-05 0.00068982 0.00391826 0.0135419 0.0366622 0.0859879 0.183745 0.368215 0.704685 1.30381 2.3525 4.16615 7.27725 12.5868 21.6243 36.9983 63.1803 107.884 184.503 316.472 545.097 943.787 1644.05 2883.41 5094.28 9070.14 16278.3 29454.7 53746.9 98945.6 183896 345299 655223 1.25539e+06 2.42215e+06 4.68284e+06 9.00795e+06 -2.57872e+08 2.49935e+07 3.49715e+07 
1.13598e-05 0.000292545 0.00166212 0.00574598 0.0155606 0.0365068 0.0780349 0.156431 0.299482 0.554311 1.00056 1.7727 3.09789 5.36074 9.21464 15.7746 26.9535 46.0539 78.8159 135.291 233.218 404.159 704.745 1237.44 2189.22 3904.17 7021.22 12738.2 23326.6 43153.9 80755.8 153107 294489 574883 1.1375e+06 2.27291e+06 4.557e+06 9.0857e+06 -2.80057e+08 2.63619e+07 
4.59604e-06 0.000118407 0.000672909 0.00232684 0.00630294 0.0147915 0.0316268 0.0634195 0.121455 0.224879 0.40607 0.719718 1.25827 2.17832 3.74608 6.41609 10.9687 18.7519 32.1105 55.1532 95.1375 164.987 287.913 505.959 895.948 1599.5 2880.17 5233.62 9604.14 17819.6 33488.4 63889.6 124029 245414 495059 1.01607e+06 2.11149e+06 4.40728e+06 9.13907e+06 -2.98926e+08 
cycle: 0
true_cycle: 0
nIterations: 0
nTrueIterations: 0
Branch: 0
dt_FE: 7.73161e-11
dt_EA: 7.73161e-11
dt_PE: 7.73161e-11
