t: 4.46479e-07
dt: 3.29457e-09
N: 0.285835 0.610294 0.761025 0.82886 0.856392 0.863512 0.859445 0.848379 0.832092 0.811185 0.785664 0.755242 0.719518 0.678113 0.630814 0.577724 0.519422 0.457083 0.392515 0.328037 0.266213 0.209453 0.159631 0.117821 0.0842378 0.0583691 0.039217 0.0255585 0.0161583 0.00990708 0.00588728 0.00338757 0.00188504 0.00101286 0.00052457 0.000261356 0.000124997 5.72524e-05 2.50515e-05 1.04439e-05 
eC: 1.00639 3.07804 5.27089 7.59201 10.0489 12.6496 15.4023 18.3162 21.4004 24.6651 28.1208 31.7787 35.6505 39.7488 44.0869 48.6788 53.5393 58.6841 64.1299 69.8943 75.9959 82.4544 89.2908 96.5271 104.187 112.294 120.876 129.96 139.576 149.754 160.527 171.931 184.002 196.778 210.303 224.618 239.771 255.811 272.788 290.759 
dV: 2.71811 20.9912 63.6092 138.722 256.496 429.553 673.497 1007.55 1455.33 2045.74 2814.09 3803.42 5066.04 6665.5 8678.77 11199 14338.7 18233.7 23047.8 28977.8 36261 45182.1 56083.2 69374.4 85547.6 105192 129013 157855 192727 234836 285622 346808 420447 508992 615366 743056 896219 1.07981e+06 1.29972e+06 1.56298e+06 
kVec: 889221 2.61107e+06 4.28834e+06 5.91173e+06 7.47164e+06 8.95932e+06 1.03673e+07 1.16898e+07 1.29238e+07 1.40693e+07 1.51306e+07 1.61177e+07 1.70467e+07 1.79421e+07 1.88374e+07 1.97769e+07 2.08171e+07 2.20272e+07 2.34911e+07 2.53073e+07 2.75899e+07 3.04691e+07 3.40913e+07 3.86192e+07 4.42306e+07 5.11149e+07 5.94654e+07 6.94652e+07 8.12652e+07 9.49577e+07 1.10553e+08 1.27973e+08 1.47065e+08 1.67632e+08 1.89448e+08 2.12249e+08 2.35656e+08 2.59033e+08 2.81215e+08 3.0008e+08 
cMat: 
-66432.5 8194.33 9024.02 10136.1 11461.9 13015.3 14829.4 16948.7 19427.7 22332.4 25742.1 29751.2 34473 40042.6 46621.1 54400.6 63610.1 74522.5 87462.2 102815 121040 142681 168378 198884 235070 277930 328561 388132 457837 538883 632565 740465 864696 1.00807e+06 1.17415e+06 1.36726e+06 1.59251e+06 1.85584e+06 2.16421e+06 2.52574e+06 
523.453 -204401 14260.5 16032.8 18147.8 20628.6 23529.5 26922.8 30897.8 35562 41045.1 47501.9 55118.2 64115.7 74759.5 87365.9 102312 120049 141111 166136 195882 231247 273291 323260 382595 452942 536121 634069 748767 882204 1.0365e+06 1.21424e+06 1.41888e+06 1.65503e+06 1.92859e+06 2.2467e+06 2.61782e+06 3.05184e+06 3.5603e+06 4.15669e+06 
104.841 2593.6 -363202 15892.1 18007.2 20491.3 23400 26807.3 30804.5 35502.2 41033.3 47557.4 55265.6 64387 75195.4 88018.2 103246 121346 142874 168492 198987 235292 278511 329938 391075 463636 549516 650737 769359 907443 1.06717e+06 1.25117e+06 1.46299e+06 1.70739e+06 1.99045e+06 2.3196e+06 2.7036e+06 3.15272e+06 3.67895e+06 4.29628e+06 
34.5381 855.211 4660.97 -548169 17476.3 19910.3 22764.5 26113.2 30047.8 34679.7 40142.5 46597.3 54237.4 63294.5 74046.3 86825.1 102029 120131 141699 167408 198060 234608 278178 330093 391887 465312 552309 654947 775332 915558 1.07782e+06 1.26477e+06 1.47995e+06 1.72816e+06 2.01559e+06 2.34977e+06 2.73966e+06 3.19571e+06 3.7301e+06 4.35711e+06 
15.7264 389.788 2126.59 7037.06 -765195 20735.1 23738.5 27268 31422.2 36321.2 42109.8 48962.4 57089 66741.7 78223.2 91896.4 108196 127641 150853 178572 211679 251220 298432 354769 421920 501812 596583 708512 839915 993086 1.17041e+06 1.37472e+06 1.60985e+06 1.88101e+06 2.19495e+06 2.55991e+06 2.9857e+06 3.48377e+06 4.06748e+06 4.75246e+06 
8.92928 221.547 1210.04 4008.78 10368.1 -1.02109e+06 26533.2 30522.8 35227.3 40785.7 47366.4 55172.7 64449.4 75491.7 88654.4 104364 123130 145567 172405 204518 242948 288932 343932 409668 488142 581635 692683 823991 978301 1.15832e+06 1.36682e+06 1.60709e+06 1.88356e+06 2.20231e+06 2.57124e+06 3.00008e+06 3.50038e+06 4.08564e+06 4.77162e+06 5.57673e+06 
5.84408 145.158 793.734 2632.83 6818.28 15241.2 -1.32371e+06 35620.2 41177.8 47757.6 55564 64844.6 75898.2 89085.9 104843 123692 146263 173310 205738 244626 291262 347178 414187 494421 590360 704840 841008 1.00222e+06 1.1919e+06 1.41336e+06 1.67001e+06 1.96582e+06 2.30615e+06 2.69839e+06 3.15226e+06 3.67973e+06 4.29508e+06 5.01496e+06 5.85882e+06 6.84938e+06 
4.17926 103.925 568.963 1889.71 4900.56 10970.5 22287.9 -1.68223e+06 48965 56893.4 66321.4 77556.1 90969.9 107013 126230 149278 176948 210189 250144 298175 355913 425295 508619 608587 728344 871488 1.04202e+06 1.2442e+06 1.48237e+06 1.76074e+06 2.08354e+06 2.45566e+06 2.88373e+06 3.37692e+06 3.94742e+06 4.6103e+06 5.38354e+06 6.28819e+06 7.34876e+06 8.5939e+06 
3.16072 78.6916 431.369 1434.67 3725.91 8353.77 16999.5 32306.4 -2.10742e+06 67948.9 79371.9 93018.6 109355 128946 152478 180779 214851 255899 305373 365009 436884 523470 627701 753029 903475 1.08364e+06 1.29865e+06 1.55397e+06 1.85515e+06 2.20755e+06 2.61649e+06 3.08805e+06 3.63042e+06 4.25508e+06 4.97737e+06 5.81641e+06 6.79505e+06 7.94003e+06 9.28251e+06 1.08589e+07 
2.47942 61.8068 339.264 1129.96 2939.03 6600.24 13454.4 25616.1 46369.3 -2.61196e+06 94532.1 111041 130859 154695 183411 218052 259885 310438 371552 445441 534751 642641 772859 929820 1.11867e+06 1.34531e+06 1.6163e+06 1.93866e+06 2.31949e+06 2.76564e+06 3.28381e+06 3.88153e+06 4.56892e+06 5.36029e+06 6.27494e+06 7.33711e+06 8.57583e+06 1.00251e+07 1.17246e+07 1.37205e+07 
1.99325 49.7526 273.479 912.213 2376.47 5345.98 10917.4 20826.2 37776.4 65930.2 -3.21077e+06 131442 155301 184088 218881 260991 312014 373881 448924 539953 650334 784092 946005 1.14171e+06 1.37778e+06 1.66176e+06 2.00203e+06 2.4076e+06 2.88755e+06 3.45061e+06 4.10518e+06 4.86057e+06 5.7292e+06 6.72879e+06 7.88352e+06 9.22398e+06 1.0787e+07 1.26157e+07 1.47602e+07 1.72793e+07 
1.62888 40.7128 224.114 748.717 1953.78 4402.97 9008.78 17220.1 31303.1 54758.6 92939.3 -3.92137e+06 182402 216837 258603 309334 371027 446109 537518 648804 784232 948907 1.1489e+06 1.39138e+06 1.68473e+06 2.03852e+06 2.4635e+06 2.97111e+06 3.57296e+06 4.28014e+06 5.10317e+06 6.05348e+06 7.14617e+06 8.40304e+06 9.85415e+06 1.15379e+07 1.35008e+07 1.57972e+07 1.84905e+07 2.16546e+07 
1.34484 33.6606 185.573 620.96 1623.21 3664.78 7513.32 14392.2 26221.9 45981.2 78243.4 129968 -4.76427e+06 252396 301985 362454 436283 526497 636777 771579 936276 1.13731e+06 1.38237e+06 1.68052e+06 2.04238e+06 2.48012e+06 3.00735e+06 3.63865e+06 4.38874e+06 5.27167e+06 6.30058e+06 7.48937e+06 8.85629e+06 1.04278e+07 1.22411e+07 1.4344e+07 1.67947e+07 1.96616e+07 2.30243e+07 2.69755e+07 
1.11607 27.9751 154.467 517.738 1355.81 3066.96 6300.69 12096.1 22090.9 38835.9 66264.1 110388 180327 -5.76342e+06 347953 419142 506435 613572 745125 906650 1.10487e+06 1.34786e+06 1.64529e+06 2.00858e+06 2.45111e+06 2.98825e+06 3.6372e+06 4.41637e+06 5.34442e+06 6.439e+06 7.71647e+06 9.19365e+06 1.08923e+07 1.28443e+07 1.5095e+07 1.77035e+07 2.07423e+07 2.42967e+07 2.84659e+07 3.33655e+07 
0.926714 23.263 128.654 431.956 1133.26 2568.63 5288.22 10175.7 18629.7 32837.9 56189.1 93888.6 153871 248149 -6.94676e+06 477392 579158 704662 859521 1.0506e+06 1.28624e+06 1.57649e+06 1.93341e+06 2.37131e+06 2.90693e+06 3.55956e+06 4.35079e+06 5.30377e+06 6.44196e+06 7.78749e+06 9.36054e+06 1.11814e+07 1.32756e+07 1.5681e+07 1.84522e+07 2.16617e+07 2.53989e+07 2.97692e+07 3.48956e+07 4.09209e+07 
0.766491 19.27 106.744 359.023 943.697 2143.34 4422.35 8529.76 15656.2 27672.6 47490.9 79606.3 130908 211882 338388 -8.34699e+06 650948 795608 975061 1.19769e+06 1.47372e+06 1.81556e+06 2.23811e+06 2.75911e+06 3.3994e+06 4.18297e+06 5.13673e+06 6.28959e+06 7.67082e+06 9.30796e+06 1.12258e+07 1.34485e+07 1.60058e+07 1.89418e+07 2.23214e+07 2.6232e+07 3.07828e+07 3.61033e+07 4.23439e+07 4.96797e+07 
0.628776 15.8319 87.8442 295.982 779.491 1774.08 3668.7 7093.35 13054 23138.6 39831.4 66987.3 110547 179607 288008 456681 -1.00026e+07 880677 1.08481e+06 1.33955e+06 1.65731e+06 2.05317e+06 2.54537e+06 3.15568e+06 3.90974e+06 4.83716e+06 5.97117e+06 7.34753e+06 9.00246e+06 1.097e+07 1.32803e+07 1.59619e+07 1.90489e+07 2.25917e+07 2.6666e+07 3.13758e+07 3.68524e+07 4.32527e+07 5.07593e+07 5.9584e+07 
0.509423 12.8465 71.3981 241.002 635.935 1450.41 3006.24 5826.92 10752.1 19114 33007 55699.1 92256.3 150483 242331 386000 609029 -1.19594e+07 1.18004e+06 1.46544e+06 1.82378e+06 2.27317e+06 2.83559e+06 3.53743e+06 4.40987e+06 5.489e+06 6.81546e+06 8.43301e+06 1.0386e+07 1.27162e+07 1.54599e+07 1.86504e+07 2.23262e+07 2.65436e+07 3.1389e+07 3.69837e+07 4.34832e+07 5.1075e+07 5.99774e+07 7.04436e+07 
0.40599 10.254 57.0844 193.035 510.365 1166.49 2423.36 4708.93 8712.85 15534.7 26912.2 45572.7 75768.9 124095 200719 321236 509422 801311 -1.42723e+07 1.56316e+06 1.95777e+06 2.45627e+06 3.08472e+06 3.87461e+06 4.86329e+06 6.09421e+06 7.61641e+06 9.48282e+06 1.17472e+07 1.446e+07 1.76647e+07 2.13998e+07 2.57078e+07 3.06501e+07 3.63227e+07 4.2864e+07 5.04546e+07 5.93145e+07 6.9701e+07 8.19119e+07 
0.317135 8.02205 44.7336 151.543 401.449 919.509 1914.68 3729.88 6920.28 12375.5 21509.1 36552.4 61006.3 100336 163027 262196 418000 661245 1.03871e+06 -1.70081e+07 2.04388e+06 2.58251e+06 3.26709e+06 4.13445e+06 5.22865e+06 6.60114e+06 8.31025e+06 1.04192e+07 1.29922e+07 1.60897e+07 1.97631e+07 2.40566e+07 2.90159e+07 3.47065e+07 4.12318e+07 4.87452e+07 5.74521e+07 6.76055e+07 7.9503e+07 9.34892e+07 
0.242078 6.13275 34.2545 116.251 308.555 708.234 1478.15 2886.73 5370.63 9633.03 16797.4 28647.5 47999.6 79280.2 129414 209188 335319 533589 843511 1.32524e+06 -2.02479e+07 2.63489e+06 3.35977e+06 4.28645e+06 5.46584e+06 6.95785e+06 8.83074e+06 1.11589e+07 1.40181e+07 1.74797e+07 2.16043e+07 2.64416e+07 3.20405e+07 3.84681e+07 4.58326e+07 5.42989e+07 6.40938e+07 7.55024e+07 8.8862e+07 1.04564e+08 
0.180162 4.57097 25.5725 86.9387 231.196 531.777 1112.39 2177.83 4062.78 7308.9 12786.3 21884.5 36811.7 61062.1 100144 162706 262272 419892 668155 1.05719e+06 1.66355e+06 -2.40898e+07 3.34734e+06 4.30829e+06 5.54344e+06 7.12116e+06 9.11999e+06 1.1626e+07 1.47277e+07 1.85082e+07 2.30379e+07 2.83731e+07 3.4565e+07 4.16804e+07 4.9828e+07 5.91789e+07 6.99767e+07 8.25339e+07 9.72253e+07 1.14486e+08 
0.13053 3.31656 18.5839 63.2881 168.617 388.629 814.762 1599.03 2990.98 5396.5 9471.09 16267.6 27470 45761.2 75402.7 123141 199621 321572 515165 821109 1.3023e+06 2.05508e+06 -2.86515e+07 4.19089e+06 5.44528e+06 7.06512e+06 9.13904e+06 1.17652e+07 1.50451e+07 1.9075e+07 2.39363e+07 2.96924e+07 3.63965e+07 4.41131e+07 5.29468e+07 6.30689e+07 7.47313e+07 8.82678e+07 1.04085e+08 1.22657e+08 
0.0919902 2.34061 13.1354 44.8075 119.596 276.193 580.294 1141.57 2140.86 3873.71 6819.92 11754.5 19924.8 33332 55178.1 90575 147661 239353 386077 619975 991322 1.57816e+06 2.50048e+06 -3.40708e+07 5.17412e+06 6.78625e+06 8.8751e+06 1.15506e+07 1.49278e+07 1.9117e+07 2.4212e+07 3.02844e+07 3.73899e+07 4.55891e+07 5.49784e+07 6.57209e+07 7.80683e+07 9.23654e+07 1.09043e+08 1.28606e+08 
0.063038 1.60613 9.0268 30.8417 82.4642 190.805 401.727 792.097 1489.21 2702.05 4771.63 8251.83 14039.4 23582.9 39217.2 64699.9 106068 172997 280957 454578 732887 1.1773e+06 1.88365e+06 2.99985e+06 -4.0506e+07 6.30428e+06 8.34366e+06 1.09901e+07 1.43722e+07 1.86152e+07 2.38269e+07 3.00895e+07 3.74621e+07 4.60009e+07 5.57902e+07 6.69779e+07 7.98041e+07 9.46127e+07 1.11847e+08 1.32036e+08 
0.0419986 1.07146 6.03038 20.6356 55.2676 128.111 270.27 534.069 1006.51 1831.08 3243 5626.41 9606.84 16201.2 27060.3 44862.2 73946.9 121339 198391 323394 525713 852222 1.37719e+06 2.21711e+06 3.55247e+06 -4.81323e+07 7.58554e+06 1.01231e+07 1.34126e+07 1.75947e+07 2.27936e+07 2.91044e+07 3.6593e+07 4.53117e+07 5.53306e+07 6.67755e+07 7.98635e+07 9.49236e+07 1.12398e+08 1.32828e+08 
0.0271989 0.694758 3.91547 13.4181 35.9945 83.5811 176.662 349.822 660.788 1205.15 2140.36 3724.8 6381.58 10802.7 18119.2 30180 50006.3 82535.1 135828 223030 365517 597906 975910 1.58842e+06 2.57565e+06 4.15549e+06 -5.7134e+07 9.01448e+06 1.21157e+07 1.61202e+07 2.11702e+07 2.73783e+07 3.48208e+07 4.35497e+07 5.36206e+07 6.51322e+07 7.8268e+07 9.33267e+07 1.10733e+08 1.31026e+08 
0.0171139 0.437664 2.46969 8.47517 22.7691 52.9577 112.135 222.483 421.16 769.938 1370.99 2392.79 4112.61 6986.56 11765 19682.8 32774.8 54395.1 90076.4 148942 246016 405979 669177 1.10111e+06 1.80703e+06 2.95381e+06 4.80147e+06 -6.76902e+07 1.05733e+07 1.42889e+07 1.90552e+07 2.5006e+07 3.2235e+07 4.07993e+07 5.07433e+07 6.21363e+07 7.51196e+07 8.99465e+07 1.07006e+08 1.26817e+08 
0.0104534 0.267626 1.51197 5.19525 13.9769 32.5579 69.0546 137.259 260.351 477.005 851.444 1490.01 2568.59 4377.99 7399.46 12430.4 20793.9 34690 57781 96170.9 160033 266308 443113 736884 1.22367e+06 2.02656e+06 3.34163e+06 5.47505e+06 -7.99523e+07 1.22236e+07 1.65809e+07 2.21245e+07 2.89726e+07 3.71971e+07 4.68381e+07 5.79378e+07 7.05897e+07 8.49886e+07 1.01467e+08 1.20506e+08 
0.00619109 0.158664 0.897346 3.08696 8.31552 19.3972 41.2036 82.0361 155.89 286.19 511.975 898.145 1552.49 2654.12 4500.97 7589.68 12750 21371.6 35788.6 59928.5 100411 168399 282690 474843 797507 1.33769e+06 2.23721e+06 3.72309e+06 6.15071e+06 -9.40171e+07 1.39064e+07 1.89072e+07 2.52154e+07 3.29293e+07 4.2097e+07 5.2742e+07 6.49103e+07 7.87282e+07 9.44543e+07 1.12506e+08 
0.00355073 0.091079 0.515601 1.77555 4.78828 11.1831 23.7871 47.4298 90.2746 166.026 297.595 523.202 906.57 1554.03 2643.32 4472.25 7541.39 12694.9 21361.1 35965.2 60635.5 102414 173318 293833 498742 846693 1.4355e+06 2.42582e+06 4.07638e+06 6.79444e+06 -1.09903e+08 1.5555e+07 2.11829e+07 2.82264e+07 3.67589e+07 4.68011e+07 5.83599e+07 7.14901e+07 8.63607e+07 1.03303e+08 
0.00196967 0.0505626 0.286467 0.987354 2.66522 6.23113 13.2691 26.4908 50.4902 92.999 166.977 294.11 510.673 877.417 1496.3 2538.97 4295.4 7257.49 12263.2 20746.1 35168.3 59772.2 101885 174167 298468 512329 879750 1.50857e+06 2.57761e+06 4.37768e+06 7.37131e+06 -1.2754e+08 1.7116e+07 2.33493e+07 3.10952e+07 4.03957e+07 5.12381e+07 6.36129e+07 7.75911e+07 9.33951e+07 
0.00105575 0.0271193 0.153748 0.530293 1.43256 3.35208 7.14484 14.2787 27.2451 50.2455 90.3384 159.363 277.177 477.141 815.431 1386.98 2352.87 3987.68 6761.86 11485.4 19560.1 33422.3 57323.3 98698.4 170563 295663 513571 892598 1.54931e+06 2.67973e+06 4.60756e+06 7.85618e+06 -1.46788e+08 1.85663e+07 2.53891e+07 3.38116e+07 4.3834e+07 5.54049e+07 6.85008e+07 8.32193e+07 
0.000546279 0.01404 0.0796389 0.27484 0.742926 1.73956 3.71054 7.42134 14.1731 26.1636 47.0914 83.1718 144.853 249.726 427.498 728.519 1238.52 2104.23 3578.17 6097.45 10423.2 17887.9 30836.5 53412.5 92957.6 162493 285085 501427 882852 1.55322e+06 2.725e+06 4.75673e+06 8.24048e+06 -1.67462e+08 1.99149e+07 2.73237e+07 3.64081e+07 4.71157e+07 5.93516e+07 7.30849e+07 
0.000272571 0.00700859 0.0397719 0.137319 0.371372 0.870034 1.85689 3.71626 7.10216 13.1205 23.6351 41.7822 72.8426 125.724 215.497 367.767 626.244 1065.96 1816.52 3103.14 5319.92 9160.77 15855.1 27593.4 48295.7 85000.6 150367 267156 476222 850617 1.52022e+06 2.7137e+06 4.82731e+06 8.53121e+06 -1.89349e+08 2.11927e+07 2.91979e+07 3.8942e+07 5.03081e+07 6.31564e+07 
0.000130963 0.00336881 0.0191239 0.0660534 0.178711 0.418858 0.894378 1.79086 3.42441 6.33005 11.4103 20.1855 35.2189 60.8392 104.382 178.33 304.033 518.221 884.49 1513.71 2600.53 4489.17 7792.65 13610 23923.4 42326.7 75362.7 134981 243059 439724 798619 1.4546e+06 2.65255e+06 4.8296e+06 8.74434e+06 -2.12193e+08 2.24396e+07 3.10647e+07 4.1477e+07 5.34839e+07 
6.04856e-05 0.00155649 0.00883854 0.030538 0.0826507 0.193786 0.413951 0.82923 1.58634 2.93381 5.29117 9.36582 16.3513 28.2654 48.5312 82.9803 141.601 241.602 412.834 707.441 1217.2 2104.88 3661.4 6410.66 11302.9 20073.3 35910.3 64707.5 117426 214591 394886 731601 1.36359e+06 2.55178e+06 4.77711e+06 8.89795e+06 -2.35627e+08 2.3695e+07 3.29746e+07 4.40722e+07 
2.67962e-05 0.000689809 0.0039182 0.0135417 0.0366616 0.0859865 0.183742 0.368209 0.704674 1.30379 2.35247 4.16609 7.27713 12.5866 21.624 36.9977 63.1793 107.882 184.5 316.467 545.089 943.773 1644.03 2883.36 5094.2 9070 16278.1 29454.2 53746.1 98944.1 183893 345294 655213 1.25538e+06 2.42211e+06 4.68277e+06 9.00781e+06 -2.59019e+08 2.49931e+07 3.4971e+07 
1.13597e-05 0.000292543 0.00166211 0.00574594 0.0155605 0.0365066 0.0780344 0.156429 0.29948 0.554308 1.00056 1.77269 3.09787 5.3607 9.21457 15.7745 26.9534 46.0536 78.8153 135.29 233.216 404.157 704.741 1237.43 2189.2 3904.15 7021.17 12738.1 23326.4 43153.6 80755.3 153105 294487 574879 1.1375e+06 2.27289e+06 4.55697e+06 9.08564e+06 -2.81208e+08 2.63617e+07 
4.59603e-06 0.000118407 0.000672907 0.00232684 0.00630293 0.0147915 0.0316267 0.0634193 0.121454 0.224879 0.406069 0.719716 1.25826 2.17831 3.74607 6.41607 10.9687 18.7518 32.1104 55.1531 95.1372 164.987 287.912 505.958 895.945 1599.5 2880.16 5233.61 9604.11 17819.6 33488.3 63889.5 124028 245413 495057 1.01606e+06 2.11149e+06 4.40727e+06 9.13904e+06 -3.00077e+08 
cycle: 0
true_cycle: 0
nIterations: 0
nTrueIterations: 0
Branch: 0
dt_FE: 3.29457e-09
dt_EA: 3.29457e-09
dt_PE: 3.29457e-09
