t: 1.50316e-10
dt: 1.50316e-12
N: 7.88986e-05 0.000235145 0.000391631 0.000547503 0.000701787 0.00085339 0.00100108 0.00114351 0.00127916 0.00140641 0.0015235 0.00162854 0.00171957 0.00179455 0.00185144 0.00188827 0.00190321 0.00189471 0.00186347 0.00188961 0.00406503 0.0359207 0.238104 0.661238 0.625433 0.164752 0.0100765 0.000489609 0.00026512 0.000171296 0.000106514 6.34937e-05 3.61892e-05 1.96901e-05 1.02197e-05 5.05988e-06 2.3903e-06 1.07744e-06 4.63149e-07 1.89616e-07 
eC: 1.00639 3.07804 5.27089 7.59201 10.0489 12.6496 15.4023 18.3162 21.4004 24.6651 28.1208 31.7787 35.6505 39.7488 44.0869 48.6788 53.5393 58.6841 64.1299 69.8943 75.9959 82.4544 89.2908 96.5271 104.187 112.294 120.876 129.96 139.576 149.754 160.527 171.931 184.002 196.778 210.303 224.618 239.771 255.811 272.788 290.759 
dV: 2.71811 20.9912 63.6092 138.722 256.496 429.553 673.497 1007.55 1455.33 2045.74 2814.09 3803.42 5066.04 6665.5 8678.77 11199 14338.7 18233.7 23047.8 28977.8 36261 45182.1 56083.2 69374.4 85547.6 105192 129013 157855 192727 234836 285622 346808 420447 508992 615366 743056 896219 1.07981e+06 1.29972e+06 1.56298e+06 
kVec: 711159 2.13555e+06 3.5948e+06 5.08841e+06 6.61459e+06 8.1713e+06 9.75636e+06 1.13676e+07 1.30029e+07 1.46606e+07 1.63395e+07 1.80393e+07 1.9761e+07 2.15074e+07 2.32839e+07 2.50992e+07 2.69665e+07 2.89046e+07 3.09396e+07 3.31066e+07 3.54519e+07 3.8035e+07 4.09378e+07 4.43143e+07 4.85132e+07 5.40417e+07 6.12838e+07 7.04164e+07 8.15364e+07 9.4694e+07 1.09871e+08 1.26971e+08 1.45829e+08 1.66235e+08 1.87955e+08 2.10708e+08 2.34101e+08 2.57483e+08 2.79677e+08 2.98555e+08 
cMat: 
-185955 11473.1 12634.8 14191.8 16048.2 18223.1 20763.1 23730.3 27201.2 31268.2 36042.1 41655.4 48266.6 56064.7 65275.4 76167.6 89062.2 104341 122458 143954 169472 199771 235750 278462 329128 389137 460027 543433 641029 754504 885671 1.03674e+06 1.21068e+06 1.41142e+06 1.64396e+06 1.91434e+06 2.22971e+06 2.59841e+06 3.03017e+06 3.53635e+06 
1342.88 -570127 36584.5 41131.2 46556.9 52921.2 60363.3 69068.8 79266.2 91232.1 105298 121863 141402 164485 191791 224132 262476 307977 362010 426211 502522 593249 701111 829302 981524 1.16199e+06 1.37538e+06 1.62666e+06 1.92091e+06 2.26324e+06 2.65908e+06 3.11506e+06 3.64004e+06 4.24587e+06 4.94766e+06 5.76375e+06 6.71584e+06 7.82929e+06 9.1337e+06 1.06637e+07 
438.54 10848.8 -987377 66475.1 75322.4 85713 97879.8 112132 128853 148503 171639 198928 231171 269325 314535 368172 431870 507580 597629 704786 832343 984205 1.16499e+06 1.3801e+06 1.63583e+06 1.93935e+06 2.29857e+06 2.72197e+06 3.21816e+06 3.79575e+06 4.46386e+06 5.23353e+06 6.11956e+06 7.14185e+06 8.32587e+06 9.70265e+06 1.13089e+07 1.31875e+07 1.53887e+07 1.79709e+07 
201.702 4994.42 27220 -1.44289e+06 102061 116276 132944 152500 175479 202529 234432 272128 316746 369639 432429 507058 595845 701564 827522 977661 1.15667e+06 1.37011e+06 1.62456e+06 1.92774e+06 2.28861e+06 2.71742e+06 3.22548e+06 3.82488e+06 4.52793e+06 5.34685e+06 6.29447e+06 7.38623e+06 8.64286e+06 1.00924e+07 1.1771e+07 1.37226e+07 1.59996e+07 1.86629e+07 2.17837e+07 2.54455e+07 
109.432 2712.36 14798 48967.7 -1.94137e+06 144286 165185 189745 218653 252743 293023 340707 397256 464425 544319 639465 752885 888197 1.04972e+06 1.2426e+06 1.47298e+06 1.74812e+06 2.07665e+06 2.46868e+06 2.93595e+06 3.49188e+06 4.15134e+06 4.9302e+06 5.84458e+06 6.91043e+06 8.14432e+06 9.56603e+06 1.12022e+07 1.30891e+07 1.52736e+07 1.78132e+07 2.07761e+07 2.42419e+07 2.83037e+07 3.30701e+07 
65.3661 1621.82 8857.99 29346 75898.6 -2.48807e+06 194235 223440 257879 298569 346742 403887 471797 552632 648988 763985 901365 1.06561e+06 1.26208e+06 1.49716e+06 1.77848e+06 2.1151e+06 2.51773e+06 2.99895e+06 3.5734e+06 4.25781e+06 5.07074e+06 6.03196e+06 7.16158e+06 8.47939e+06 1.00057e+07 1.17646e+07 1.37885e+07 1.61218e+07 1.88226e+07 2.19619e+07 2.56243e+07 2.99087e+07 3.49303e+07 4.0824e+07 
41.537 1031.71 5641.49 18712.9 48461.1 108327 -3.08898e+06 253172 292672 339438 394923 460885 539449 633181 745172 879144 1.03957e+06 1.23181e+06 1.46229e+06 1.73868e+06 2.07015e+06 2.46758e+06 2.94385e+06 3.51411e+06 4.19601e+06 5.00967e+06 5.97749e+06 7.12334e+06 8.47145e+06 1.00455e+07 1.18697e+07 1.39721e+07 1.6391e+07 1.91789e+07 2.24048e+07 2.61538e+07 3.05274e+07 3.5644e+07 4.16417e+07 4.86822e+07 
27.5323 684.641 3748.24 12449.1 32284.1 72271.8 146829 -3.75102e+06 322573 374805 436915 510927 599295 704985 831585 983420 1.1657e+06 1.38469e+06 1.64791e+06 1.96433e+06 2.3447e+06 2.80178e+06 3.3507e+06 4.00927e+06 4.79821e+06 5.74122e+06 6.86465e+06 8.19662e+06 9.76564e+06 1.15995e+07 1.3726e+07 1.61775e+07 1.89975e+07 2.22466e+07 2.6005e+07 3.03719e+07 3.54659e+07 4.14256e+07 4.84125e+07 5.66152e+07 
18.8001 468.061 2565.8 8533.47 22161.9 49688.6 101114 192160 -4.48211e+06 404163 472107 553278 650447 766977 906945 1.07528e+06 1.27794e+06 1.5221e+06 1.81637e+06 2.17109e+06 2.5986e+06 3.11362e+06 3.73359e+06 4.47904e+06 5.3739e+06 6.44554e+06 7.72443e+06 9.2431e+06 1.10345e+07 1.31306e+07 1.5563e+07 1.83678e+07 2.15939e+07 2.53094e+07 2.96056e+07 3.45962e+07 4.04172e+07 4.72276e+07 5.52128e+07 6.4589e+07 
13.113 326.881 1794.28 5976.06 15543.8 34907 71157 135477 245236 -5.29142e+06 499957 587267 692080 818143 970015 1.15322e+06 1.37447e+06 1.64183e+06 1.96505e+06 2.35583e+06 2.82817e+06 3.39877e+06 4.08746e+06 4.91758e+06 5.91637e+06 7.115e+06 8.54819e+06 1.02531e+07 1.22672e+07 1.46268e+07 1.73672e+07 2.05285e+07 2.41639e+07 2.83492e+07 3.31866e+07 3.88041e+07 4.53554e+07 5.30203e+07 6.20084e+07 7.2564e+07 
9.28549 231.77 1273.99 4249.51 11070.7 24904 50858.5 97017.9 175980 307133 -6.18954e+06 612318 723466 857569 1.01965e+06 1.21582e+06 1.45351e+06 1.74171e+06 2.0913e+06 2.51535e+06 3.02956e+06 3.65266e+06 4.40693e+06 5.31861e+06 6.41834e+06 7.74123e+06 9.3264e+06 1.12157e+07 1.34515e+07 1.60745e+07 1.91238e+07 2.26428e+07 2.66893e+07 3.13458e+07 3.67251e+07 4.29696e+07 5.02508e+07 5.87696e+07 6.876e+07 8.04948e+07 
6.64421 166.068 914.166 3054.03 7969.52 17959.8 36746.9 70241.2 127686 223361 379101 -7.18871e+06 744019 884483 1.05484e+06 1.26178e+06 1.51343e+06 1.81969e+06 2.19255e+06 2.64648e+06 3.1989e+06 3.87061e+06 4.68639e+06 5.67548e+06 6.87202e+06 8.31517e+06 1.00486e+07 1.21192e+07 1.45742e+07 1.74587e+07 2.08159e+07 2.46922e+07 2.91493e+07 3.42761e+07 4.01952e+07 4.70634e+07 5.50699e+07 6.4437e+07 7.54231e+07 8.83296e+07 
4.7865 119.803 660.483 2210.09 5777.25 13043.5 26741.1 51223.9 93327.8 163654 278481 462576 -8.3031e+06 898315 1.07481e+06 1.29003e+06 1.5528e+06 1.87389e+06 2.26639e+06 2.74617e+06 3.33236e+06 4.04788e+06 4.92007e+06 5.98124e+06 7.26915e+06 8.82714e+06 1.07036e+07 1.29505e+07 1.56202e+07 1.87627e+07 2.24247e+07 2.66559e+07 3.15209e+07 3.71143e+07 4.3568e+07 5.10526e+07 5.97751e+07 6.99789e+07 8.19473e+07 9.60099e+07 
3.46106 86.7536 479.02 1605.56 4204.5 9510.96 19539.1 37511.2 68506.2 120434 205492 342324 559213 -9.5491e+06 1.07904e+06 1.2998e+06 1.57051e+06 1.90275e+06 2.31071e+06 2.81162e+06 3.42631e+06 4.17986e+06 5.10222e+06 6.22882e+06 7.60116e+06 9.26689e+06 1.12793e+07 1.36956e+07 1.65736e+07 1.9968e+07 2.39296e+07 2.85105e+07 3.37782e+07 3.98316e+07 4.68111e+07 5.49003e+07 6.43239e+07 7.53465e+07 8.82758e+07 1.0347e+08 
2.5055 62.8948 347.834 1167.86 3063.93 6944.66 14297.5 27511.4 50368 88781.9 151915 253841 416013 670907 -1.09457e+07 1.2907e+06 1.56584e+06 1.90516e+06 2.32384e+06 2.84045e+06 3.47752e+06 4.26227e+06 5.22726e+06 6.41117e+06 7.85931e+06 9.62379e+06 1.1763e+07 1.43395e+07 1.74168e+07 2.10546e+07 2.53076e+07 3.02304e+07 3.58924e+07 4.23959e+07 4.98883e+07 5.85656e+07 6.86695e+07 8.04853e+07 9.43454e+07 1.10636e+08 
1.81171 45.5474 252.305 848.603 2230.56 5066.09 10452.9 20161.3 37005.7 65408.3 112252 188161 309420 500814 799829 -1.25148e+07 1.53861e+06 1.88054e+06 2.3047e+06 2.83091e+06 3.48335e+06 4.29133e+06 5.2901e+06 6.52157e+06 8.03498e+06 9.88707e+06 1.21414e+07 1.48664e+07 1.81311e+07 2.20007e+07 2.65338e+07 3.17874e+07 3.78319e+07 4.47717e+07 5.27598e+07 6.20032e+07 7.27597e+07 8.53353e+07 1.00086e+08 1.17425e+08 
1.30588 32.8808 182.441 614.714 1618.9 3684.52 7619.4 14731.9 27111.3 48055.8 82724.4 139124 229591 373019 598153 948464 -1.42819e+07 1.82905e+06 2.253e+06 2.78207e+06 3.442e+06 4.26416e+06 5.28639e+06 6.55393e+06 8.12001e+06 1.00461e+07 1.24013e+07 1.52598e+07 1.86969e+07 2.27832e+07 2.75814e+07 3.31507e+07 3.9562e+07 4.692e+07 5.53817e+07 6.51632e+07 7.65374e+07 8.983e+07 1.0542e+08 1.23748e+08 
0.93653 23.6172 131.259 443.061 1169.11 2666.45 5526.71 10712.3 19766.9 35139.5 60680.5 102398 169605 276649 445504 709627 1.11965e+06 -1.62761e+07 2.1694e+06 2.69408e+06 3.35287e+06 4.17903e+06 5.213e+06 6.50327e+06 8.10716e+06 1.00911e+07 1.25296e+07 1.55034e+07 1.90939e+07 2.33776e+07 2.84217e+07 3.42872e+07 4.10448e+07 4.87982e+07 5.7706e+07 6.79913e+07 7.99402e+07 9.3897e+07 1.10263e+08 1.29504e+08 
0.667068 16.8479 93.7933 317.169 838.561 1916.62 3981.73 7737.06 14315.8 25524.4 44218.5 74878.9 124493 203896 329794 527810 837012 1.3166e+06 -1.85312e+07 2.56837e+06 3.21673e+06 4.0358e+06 5.06839e+06 6.36622e+06 7.99069e+06 1.00132e+07 1.25142e+07 1.55809e+07 1.93014e+07 2.37586e+07 2.90242e+07 3.51613e+07 4.22395e+07 5.03601e+07 5.96805e+07 7.04282e+07 8.29001e+07 9.74575e+07 1.14523e+08 1.34586e+08 
0.471061 11.9157 66.4457 225.096 596.298 1365.81 2844 5540.23 10279.1 18382.1 31948.9 54293.7 90616.7 149035 242155 389456 620882 982191 1.54286e+06 -2.10865e+07 3.0359e+06 3.83597e+06 4.85282e+06 6.14118e+06 7.76645e+06 9.8051e+06 1.23438e+07 1.54763e+07 1.92982e+07 2.3899e+07 2.93554e+07 3.57328e+07 4.30992e+07 5.15518e+07 6.12443e+07 7.24045e+07 8.53374e+07 1.00419e+08 1.18091e+08 1.38866e+08 
0.328561 8.32369 46.492 157.781 418.787 961.253 2006.22 3918.02 7289.3 13074.5 22798.4 38881.8 65147.6 107603 175648 283920 455113 724215 1.14486e+06 1.79868e+06 -2.39927e+07 3.57621e+06 4.56005e+06 5.8178e+06 7.41853e+06 9.44356e+06 1.19855e+07 1.51454e+07 1.90262e+07 2.37244e+07 2.93225e+07 3.58879e+07 4.3487e+07 5.2211e+07 6.22064e+07 7.36973e+07 8.69915e+07 1.02476e+08 1.20608e+08 1.4192e+08 
0.219709 5.57434 31.1859 106.022 281.946 648.507 1356.57 2655.89 4954.6 8913.26 15593 26688.4 44892.2 74465.8 122126 198421 319843 512062 814820 1.28925e+06 2.02871e+06 -2.73965e+07 4.08211e+06 5.25399e+06 6.76027e+06 8.68432e+06 1.11219e+07 1.4178e+07 1.79606e+07 2.25709e+07 2.8095e+07 3.46013e+07 4.21523e+07 5.08296e+07 6.07656e+07 7.21692e+07 8.53372e+07 1.00651e+08 1.18567e+08 1.39617e+08 
0.118341 3.00686 16.8485 57.3783 152.872 352.34 738.681 1449.71 2711.68 4892.58 8586.7 14748.6 24904.9 41488.1 68361.7 111642 180981 291544 467060 744435 1.18069e+06 1.86318e+06 -3.19692e+07 3.79955e+06 4.93681e+06 6.40539e+06 8.28565e+06 1.06665e+07 1.36402e+07 1.72938e+07 2.17012e+07 2.69198e+07 3.29978e+07 3.99938e+07 4.80027e+07 5.71796e+07 6.7753e+07 8.00255e+07 9.43656e+07 1.11203e+08 
0.0353247 0.898808 5.04406 17.2063 45.9257 106.06 222.836 438.369 822.102 1487.53 2618.89 4513.81 7651.25 12799.7 21188.7 34781.3 56702.6 91913 148256 238074 380673 606021 960198 -3.85064e+07 1.98689e+06 2.60596e+06 3.40809e+06 4.43548e+06 5.73236e+06 7.34103e+06 9.29755e+06 1.16294e+07 1.43579e+07 1.75065e+07 2.1112e+07 2.52372e+07 2.99787e+07 3.54689e+07 4.1873e+07 4.93856e+07 
0.0257839 0.656942 3.69216 12.6149 33.7297 78.0432 164.315 323.985 609.119 1105.2 1951.7 3375.18 5742.44 9645.93 16040.7 26463.7 43384 70759.7 114917 185932 299767 481542 770453 1.227e+06 -4.45573e+07 2.57859e+06 3.41274e+06 4.49518e+06 5.87855e+06 7.61401e+06 9.74574e+06 1.23072e+07 1.53228e+07 1.88154e+07 2.28194e+07 2.73954e+07 3.26416e+07 3.86986e+07 4.57477e+07 5.40056e+07 
0.0372537 0.950413 5.34908 18.3042 49.0236 113.638 239.736 473.731 892.799 1624.21 2876.62 4990.75 8521.49 14370.8 24003.1 39793.8 65592.5 107631 175977 286858 466319 755941 1.2216e+06 1.96662e+06 3.15112e+06 -4.96389e+07 6.72854e+06 8.97941e+06 1.18973e+07 1.56069e+07 2.02184e+07 2.58163e+07 3.24588e+07 4.01925e+07 4.90795e+07 5.92314e+07 7.08408e+07 8.41994e+07 9.96994e+07 1.17821e+08 
0.0280238 0.71583 4.03423 13.8251 37.0862 86.1161 182.02 360.432 680.83 1241.71 2205.28 3837.78 6575.13 11130.3 18668.8 31095.3 51523 85038.4 139948 229794 376603 616040 1.00551e+06 1.6366e+06 2.65377e+06 4.28153e+06 -5.75161e+07 9.28788e+06 1.24832e+07 1.66091e+07 2.18123e+07 2.82086e+07 3.58769e+07 4.48706e+07 5.52469e+07 6.71076e+07 8.06418e+07 9.61573e+07 1.14092e+08 1.35e+08 
0.0175541 0.448924 2.53323 8.6932 23.3549 54.3201 115.02 228.207 431.995 789.745 1406.26 2454.34 4218.41 7166.3 12067.6 20189.2 33618 55794.5 92393.7 152773 252345 416423 686392 1.12943e+06 1.85352e+06 3.0298e+06 4.92499e+06 -6.77678e+07 1.08453e+07 1.46565e+07 1.95455e+07 2.56494e+07 3.30643e+07 4.1849e+07 5.20487e+07 6.37349e+07 7.70521e+07 9.22605e+07 1.09758e+08 1.30079e+08 
0.0106222 0.271949 1.53639 5.27917 14.2027 33.0838 70.1701 139.476 264.556 484.711 865.199 1514.08 2610.08 4448.71 7518.99 12631.2 21129.8 35250.4 58714.4 97724.4 162619 270610 450271 748788 1.24344e+06 2.0593e+06 3.39561e+06 5.56349e+06 -7.97605e+07 1.2421e+07 1.68487e+07 2.24819e+07 2.94406e+07 3.7798e+07 4.75947e+07 5.88737e+07 7.173e+07 8.63615e+07 1.03106e+08 1.22453e+08 
0.00625197 0.160224 0.90617 3.11732 8.39729 19.5879 41.6088 82.8428 157.422 289.004 517.01 906.976 1567.76 2680.22 4545.23 7664.31 12875.3 21581.8 36140.5 60517.8 101399 170055 285470 479512 805349 1.35084e+06 2.25921e+06 3.7597e+06 6.21119e+06 -9.35442e+07 1.40431e+07 1.90931e+07 2.54634e+07 3.32531e+07 4.25109e+07 5.32606e+07 6.55485e+07 7.95023e+07 9.53831e+07 1.13612e+08 
0.00357138 0.0916086 0.518599 1.78588 4.81612 11.2481 23.9254 47.7056 90.7995 166.992 299.326 526.244 911.842 1563.07 2658.69 4498.26 7585.24 12768.7 21485.3 36174.3 60988.1 103009 174326 295542 501642 851616 1.44385e+06 2.43992e+06 4.10009e+06 6.83395e+06 -1.09155e+08 1.56454e+07 2.13061e+07 2.83905e+07 3.69726e+07 4.70732e+07 5.86993e+07 7.19059e+07 8.68629e+07 1.03903e+08 
0.00197624 0.0507313 0.287422 0.990647 2.67411 6.25191 13.3134 26.5791 50.6586 93.3091 167.534 295.091 512.376 880.343 1501.29 2547.44 4309.73 7281.69 12304.1 20815.3 35285.6 59971.6 102224 174748 299464 514038 882684 1.5136e+06 2.5862e+06 4.39228e+06 7.3959e+06 -1.26543e+08 1.71731e+07 2.34271e+07 3.1199e+07 4.05304e+07 5.1409e+07 6.38251e+07 7.78499e+07 9.37066e+07 
0.0010577 0.0271695 0.154032 0.531276 1.43521 3.35829 7.15808 14.3051 27.2956 50.3386 90.5057 159.658 277.691 478.025 816.942 1389.55 2357.22 3995.07 6774.39 11506.7 19596.3 33484.3 57429.4 98881.2 170879 296210 514523 894251 1.55218e+06 2.68469e+06 4.61609e+06 7.87073e+06 -1.45584e+08 1.86007e+07 2.54361e+07 3.38742e+07 4.39152e+07 5.55075e+07 6.86277e+07 8.33734e+07 
0.000546822 0.0140539 0.079718 0.275113 0.743664 1.74129 3.71423 7.42871 14.1872 26.1897 47.1382 83.2545 144.997 249.975 427.923 729.243 1239.75 2106.32 3581.72 6103.51 10433.5 17905.7 30867.2 53465.6 93050 162655 285368 501926 883730 1.55477e+06 2.72771e+06 4.76146e+06 8.24868e+06 -1.66102e+08 1.99347e+07 2.73508e+07 3.64443e+07 4.71625e+07 5.94106e+07 7.31576e+07 
0.000272712 0.0070122 0.0397923 0.137389 0.371564 0.870482 1.85784 3.71817 7.10581 13.1273 23.6472 41.8037 72.8801 125.788 215.608 367.956 626.566 1066.51 1817.45 3104.74 5322.66 9165.48 15863.3 27607.6 48320.6 85044.4 150444 267294 476467 851055 1.521e+06 2.71509e+06 4.8298e+06 8.5356e+06 -1.87886e+08 2.12036e+07 2.92129e+07 3.8962e+07 5.0334e+07 6.31889e+07 
0.000130997 0.00336967 0.0191288 0.0660703 0.178757 0.418966 0.894607 1.79132 3.42529 6.33167 11.4132 20.1907 35.2279 60.8548 104.409 178.376 304.111 518.354 884.717 1514.1 2601.2 4490.32 7794.65 13613.5 23929.5 42337.6 75382 135016 243122 439836 798823 1.45497e+06 2.65323e+06 4.83084e+06 8.74658e+06 -2.10674e+08 2.24454e+07 3.10726e+07 4.14877e+07 5.34977e+07 
6.0493e-05 0.00155668 0.00883963 0.0305417 0.0826608 0.19381 0.414002 0.829332 1.58654 2.93417 5.29182 9.36696 16.3533 28.2689 48.5371 82.9905 141.618 241.632 412.885 707.528 1217.35 2105.14 3661.85 6411.45 11304.3 20075.8 35914.7 64715.4 117441 214617 394935 731691 1.36376e+06 2.5521e+06 4.7777e+06 8.89904e+06 -2.34085e+08 2.36979e+07 3.29786e+07 4.40776e+07 
2.67977e-05 0.000689848 0.00391842 0.0135424 0.0366637 0.0859914 0.183752 0.36823 0.704714 1.30386 2.3526 4.16632 7.27754 12.5873 21.6252 36.9998 63.1829 107.888 184.511 316.484 545.12 943.826 1644.12 2883.52 5094.49 9070.51 16279 29455.9 53749.1 98949.6 183903 345313 655250 1.25545e+06 2.42225e+06 4.68303e+06 9.00831e+06 -2.57476e+08 2.49945e+07 3.49729e+07 
1.136e-05 0.00029255 0.00166215 0.00574608 0.0155609 0.0365075 0.0780363 0.156433 0.299487 0.554321 1.00058 1.77273 3.09795 5.36083 9.2148 15.7749 26.954 46.0547 78.8173 135.293 233.222 404.167 704.758 1237.46 2189.25 3904.24 7021.34 12738.4 23327 43154.6 80757.3 153109 294494 574893 1.13752e+06 2.27295e+06 4.55708e+06 9.08586e+06 -2.79674e+08 2.63624e+07 
4.59607e-06 0.000118408 0.000672914 0.00232686 0.00630299 0.0147916 0.031627 0.0634199 0.121456 0.224881 0.406073 0.719723 1.25828 2.17834 3.74611 6.41614 10.9688 18.752 32.1107 55.1536 95.1382 164.988 287.915 505.963 895.954 1599.51 2880.19 5233.66 9604.21 17819.8 33488.6 63890.1 124029 245416 495062 1.01607e+06 2.11151e+06 4.40731e+06 9.13913e+06 -2.98554e+08 
cycle: 0
true_cycle: 0
nIterations: 0
nTrueIterations: 0
Branch: 0
dt_FE: 1.50316e-12
dt_EA: 1.50316e-12
dt_PE: 1.50316e-12
