t: 3.83717e-08
dt: 3.83717e-10
N: 0.0222429 0.0642376 0.103612 0.140206 0.173868 0.204454 0.231827 0.255856 0.276412 0.293371 0.306611 0.316013 0.321461 0.322854 0.320107 0.313174 0.302063 0.286865 0.267792 0.245233 0.220266 0.199594 0.20849 0.239799 0.184008 0.0904992 0.0520087 0.0342866 0.0220818 0.0137183 0.00822273 0.00475646 0.00265476 0.00142871 0.000740501 0.000369048 0.000176516 8.08486e-05 3.53752e-05 1.47475e-05 
eC: 1.00639 3.07804 5.27089 7.59201 10.0489 12.6496 15.4023 18.3162 21.4004 24.6651 28.1208 31.7787 35.6505 39.7488 44.0869 48.6788 53.5393 58.6841 64.1299 69.8943 75.9959 82.4544 89.2908 96.5271 104.187 112.294 120.876 129.96 139.576 149.754 160.527 171.931 184.002 196.778 210.303 224.618 239.771 255.811 272.788 290.759 
dV: 2.71811 20.9912 63.6092 138.722 256.496 429.553 673.497 1007.55 1455.33 2045.74 2814.09 3803.42 5066.04 6665.5 8678.77 11199 14338.7 18233.7 23047.8 28977.8 36261 45182.1 56083.2 69374.4 85547.6 105192 129013 157855 192727 234836 285622 346808 420447 508992 615366 743056 896219 1.07981e+06 1.29972e+06 1.56298e+06 
kVec: 787733 2.34332e+06 3.90356e+06 5.46308e+06 7.01526e+06 8.55328e+06 1.00705e+07 1.1561e+07 1.30198e+07 1.44433e+07 1.58306e+07 1.71837e+07 1.85087e+07 1.98172e+07 2.11274e+07 2.24659e+07 2.38693e+07 2.53865e+07 2.70802e+07 2.90296e+07 3.13323e+07 3.41062e+07 3.74923e+07 4.1664e+07 4.68432e+07 5.32808e+07 6.12069e+07 7.08138e+07 8.22551e+07 9.56258e+07 1.10939e+08 1.28118e+08 1.47012e+08 1.67424e+08 1.89126e+08 2.11847e+08 2.35203e+08 2.5855e+08 2.80714e+08 2.9957e+08 
cMat: 
-145942 11218.8 12354.7 13877.3 15692.4 17819.1 20302.8 23204.3 26598.3 30575.1 35243.2 40732.1 47196.7 54822 63828.5 74479.3 87088 102028 119744 140764 165715 195343 230525 272290 321833 380512 449830 531388 626821 737780 866039 1.01376e+06 1.18385e+06 1.38014e+06 1.60752e+06 1.87191e+06 2.18029e+06 2.54082e+06 2.96301e+06 3.45797e+06 
1256.92 -442821 34242.4 38498.1 43576.5 49533.3 56499 64647.2 74191.8 85391.6 98557.5 114062 132350 153955 179513 209783 245673 288261 338835 398926 470352 555270 656228 776212 918689 1.08761e+06 1.28733e+06 1.52253e+06 1.79794e+06 2.11835e+06 2.48885e+06 2.91564e+06 3.40701e+06 3.97406e+06 4.63093e+06 5.39477e+06 6.28591e+06 7.32808e+06 8.54899e+06 9.98106e+06 
393.256 9728.54 -761634 59610.8 67544.5 76862.2 87772.7 100553 115547 133168 153915 178386 207300 241514 282056 330154 387274 455167 535918 632009 746395 882575 1.04469e+06 1.23759e+06 1.46691e+06 1.73909e+06 2.06122e+06 2.4409e+06 2.88585e+06 3.40379e+06 4.00292e+06 4.69312e+06 5.48765e+06 6.40438e+06 7.46614e+06 8.70075e+06 1.01411e+07 1.18258e+07 1.37996e+07 1.61152e+07 
173.517 4296.52 23416.4 -1.10742e+06 87799.6 100028 114367 131191 150958 174228 201673 234102 272485 317987 372004 436204 512585 603531 711888 841047 995041 1.17866e+06 1.39755e+06 1.65836e+06 1.96881e+06 2.3377e+06 2.77477e+06 3.29041e+06 3.89522e+06 4.5997e+06 5.41491e+06 6.35411e+06 7.43515e+06 8.68215e+06 1.01262e+07 1.18051e+07 1.37639e+07 1.6055e+07 1.87398e+07 2.18899e+07 
90.4691 2242.34 12233.7 40482.1 -1.48489e+06 119283 136561 156865 180763 208945 242245 281666 328416 383945 449995 528653 622419 734283 867815 1.02727e+06 1.21773e+06 1.44519e+06 1.71679e+06 2.04088e+06 2.42718e+06 2.88678e+06 3.43197e+06 4.07586e+06 4.83178e+06 5.71293e+06 6.733e+06 7.90835e+06 9.26099e+06 1.08209e+07 1.26269e+07 1.47264e+07 1.71759e+07 2.00411e+07 2.3399e+07 2.73395e+07 
52.0462 1291.34 7052.96 23366 60432.4 -1.89955e+06 154654 177909 205330 237728 276085 321585 375657 440019 516741 608304 717690 848465 1.0049e+06 1.19208e+06 1.41607e+06 1.6841e+06 2.00468e+06 2.38784e+06 2.84523e+06 3.39018e+06 4.03745e+06 4.8028e+06 5.70223e+06 6.7515e+06 7.96679e+06 9.36725e+06 1.09787e+07 1.28366e+07 1.4987e+07 1.74866e+07 2.04027e+07 2.3814e+07 2.78124e+07 3.25051e+07 
31.9395 793.327 4337.98 14389.2 37263.8 83297.5 -2.35786e+06 194675 225048 261009 303673 354394 414805 486880 572995 676011 799367 947189 1.12441e+06 1.33695e+06 1.59183e+06 1.89743e+06 2.26365e+06 2.70215e+06 3.22649e+06 3.85215e+06 4.59635e+06 5.47744e+06 6.51406e+06 7.72443e+06 9.1271e+06 1.07438e+07 1.26037e+07 1.47475e+07 1.7228e+07 2.01108e+07 2.34738e+07 2.74082e+07 3.20201e+07 3.74338e+07 
20.5114 510.055 2792.42 9274.55 24051.6 53842.2 109387 -2.86752e+06 240316 279228 325500 380639 446472 525211 619528 732645 868444 1.03159e+06 1.22768e+06 1.46342e+06 1.74679e+06 2.08731e+06 2.49626e+06 2.98689e+06 3.57465e+06 4.27719e+06 5.11414e+06 6.10645e+06 7.27537e+06 8.64157e+06 1.02258e+07 1.20522e+07 1.41531e+07 1.65737e+07 1.93736e+07 2.26269e+07 2.6422e+07 3.08619e+07 3.60671e+07 4.21781e+07 
13.621 339.117 1858.96 6182.63 16056.6 36000.1 73258.6 139222 -3.43767e+06 292822 342049 400858 471258 555686 657095 779058 925889 1.10278e+06 1.31599e+06 1.57299e+06 1.88273e+06 2.25587e+06 2.70504e+06 3.24513e+06 3.89347e+06 4.66989e+06 5.59646e+06 6.69676e+06 7.99466e+06 9.5133e+06 1.12756e+07 1.33078e+07 1.56451e+07 1.8337e+07 2.14497e+07 2.50655e+07 2.92829e+07 3.42171e+07 4.00025e+07 4.67957e+07 
9.27909 231.309 1269.68 4228.8 10999.2 24701 50352.4 95866.8 173535 -4.07915e+06 353781 415564 489732 578938 686406 816049 972605 1.1618e+06 1.39051e+06 1.66704e+06 2.00128e+06 2.40505e+06 2.89238e+06 3.4798e+06 4.18657e+06 5.03474e+06 6.0489e+06 7.25531e+06 8.68055e+06 1.03502e+07 1.22895e+07 1.45264e+07 1.70989e+07 2.00606e+07 2.34836e+07 2.74587e+07 3.20946e+07 3.75184e+07 4.38786e+07 5.1348e+07 
6.44827 160.952 884.719 2951.06 7688 17294.5 35318.5 67373.8 122209 213288 -4.80487e+06 425222 502408 595536 708091 844321 1.00938e+06 1.20952e+06 1.45229e+06 1.74678e+06 2.10387e+06 2.53658e+06 3.06038e+06 3.69349e+06 4.4572e+06 5.37587e+06 6.47669e+06 7.78872e+06 9.34138e+06 1.11629e+07 1.32805e+07 1.57242e+07 1.85343e+07 2.1768e+07 2.55036e+07 2.98401e+07 3.48965e+07 4.08124e+07 4.77502e+07 5.58993e+07 
4.55197 113.774 626.298 2092.32 5459.94 12304.3 25175.4 48122.5 87478 153025 259723 -5.63019e+06 509729 605962 722677 864448 1.03685e+06 1.24667e+06 1.50212e+06 1.81311e+06 2.19157e+06 2.65176e+06 3.21066e+06 3.88829e+06 4.70804e+06 5.69675e+06 6.88435e+06 8.3029e+06 9.9848e+06 1.1961e+07 1.4261e+07 1.69167e+07 1.99703e+07 2.34827e+07 2.75379e+07 3.22433e+07 3.77286e+07 4.4146e+07 5.16726e+07 6.05149e+07 
3.25342 81.4313 448.935 1502.22 3926.84 8865.79 18176.1 34817.3 63435.6 111237 189285 314417 -6.57339e+06 610592 730557 876845 1.05545e+06 1.27369e+06 1.54048e+06 1.86659e+06 2.26503e+06 2.75137e+06 3.34421e+06 4.0655e+06 4.9409e+06 5.99987e+06 7.27534e+06 8.80256e+06 1.06172e+07 1.27532e+07 1.52423e+07 1.81182e+07 2.1425e+07 2.52269e+07 2.96135e+07 3.47008e+07 4.06296e+07 4.75652e+07 5.57002e+07 6.52587e+07 
2.34786 58.8505 324.95 1089.15 2852.18 6451.89 13254.6 25446.2 46472.1 81698.1 139398 232220 379350 -7.65625e+06 731980 881739 1.06537e+06 1.29076e+06 1.5675e+06 1.9073e+06 2.32428e+06 2.83547e+06 3.46116e+06 4.22541e+06 5.15635e+06 6.28632e+06 7.65148e+06 9.29061e+06 1.12429e+07 1.35456e+07 1.62329e+07 1.93405e+07 2.29139e+07 2.70203e+07 3.17549e+07 3.72424e+07 4.3635e+07 5.11123e+07 5.98831e+07 7.01902e+07 
1.70663 42.841 236.929 795.489 2087.01 4730.38 9738.78 18739.5 34308.3 60474.1 103478 172905 283369 456991 -8.90472e+06 879163 1.06658e+06 1.2977e+06 1.58289e+06 1.93478e+06 2.36873e+06 2.90326e+06 3.56057e+06 4.36699e+06 5.3534e+06 6.55528e+06 8.0124e+06 9.76741e+06 1.18635e+07 1.43414e+07 1.72383e+07 2.05915e+07 2.44483e+07 2.88781e+07 3.39816e+07 3.98922e+07 4.67745e+07 5.48229e+07 6.42637e+07 7.53598e+07 
1.24669 31.3423 173.618 583.945 1534.91 3486.1 7192.88 13873.5 25464.6 45009.1 77243.2 129478 212919 344622 550383 -1.03498e+07 1.05876e+06 1.29404e+06 1.58592e+06 1.94802e+06 2.39698e+06 2.95297e+06 3.64025e+06 4.48765e+06 5.52907e+06 6.80354e+06 8.35482e+06 1.02299e+07 1.24765e+07 1.51393e+07 1.82586e+07 2.18737e+07 2.60331e+07 3.08085e+07 3.63053e+07 4.2666e+07 5.00678e+07 5.87214e+07 6.88717e+07 8.08032e+07 
0.913163 22.9925 127.575 429.85 1132.04 2576.47 5328 10301.6 18958.1 33603.9 57846.5 97284.7 160546 260840 418269 663231 -1.20283e+07 1.27899e+06 1.57545e+06 1.94541e+06 2.40688e+06 2.98179e+06 3.6966e+06 4.58295e+06 5.67807e+06 7.02494e+06 8.67184e+06 1.06707e+07 1.30741e+07 1.59316e+07 1.92868e+07 2.31813e+07 2.76644e+07 3.28096e+07 3.87266e+07 4.55666e+07 5.35202e+07 6.28152e+07 7.3717e+07 8.6533e+07 
0.66914 16.8742 93.7832 316.562 835.317 1905.15 3948.77 7653.81 14123.2 25106.7 43355.5 73162.2 121181 197663 318308 507020 799975 -1.39844e+07 1.55001e+06 1.92489e+06 2.39558e+06 2.98587e+06 3.72463e+06 4.64651e+06 5.79248e+06 7.20995e+06 8.95228e+06 1.1077e+07 1.36423e+07 1.6703e+07 2.0307e+07 2.44978e+07 2.9326e+07 3.48658e+07 4.12303e+07 4.8579e+07 5.71164e+07 6.70883e+07 7.87818e+07 9.25294e+07 
0.489344 12.3592 68.8044 232.667 615.147 1405.99 2920.9 5675.71 10501.7 18724.1 32437.6 54929.2 91325 149573 241929 387188 614011 965828 -1.62709e+07 1.88409e+06 2.35971e+06 2.96056e+06 3.71804e+06 4.6701e+06 5.86176e+06 7.34541e+06 9.18012e+06 1.14297e+07 1.4159e+07 1.74287e+07 2.12914e+07 2.57934e+07 3.09858e+07 3.69429e+07 4.37801e+07 5.16643e+07 6.08134e+07 7.14923e+07 8.40112e+07 9.87291e+07 
0.356214 9.01058 50.2459 170.217 450.918 1032.82 2150.62 4189.5 7773.04 13900.5 24159.6 41056.6 68523.9 112700 183116 294505 469508 742728 1.16671e+06 -1.89509e+07 2.29574e+06 2.90075e+06 3.66968e+06 4.64393e+06 5.87295e+06 7.41458e+06 9.33429e+06 1.17031e+07 1.45932e+07 1.80723e+07 2.21985e+07 2.7021e+07 3.25914e+07 3.89832e+07 4.63126e+07 5.47519e+07 6.45317e+07 7.59363e+07 8.92999e+07 1.0501e+08 
0.257236 6.51676 36.3994 123.53 327.876 752.581 1570.7 3067.48 5706.92 10236.2 17849.2 30441.3 51005.2 84244.4 137518 222286 356315 567000 896328 1.40822e+06 -2.21015e+07 2.79988e+06 3.57014e+06 4.55485e+06 5.80809e+06 7.39352e+06 9.38369e+06 1.18576e+07 1.48959e+07 1.85743e+07 2.2957e+07 2.80972e+07 3.40467e+07 4.08769e+07 4.87025e+07 5.76988e+07 6.81072e+07 8.023e+07 9.44262e+07 1.11111e+08 
0.182409 4.62798 25.8914 88.0229 234.08 538.409 1126.26 2204.99 4113.45 7400.04 12945.8 22157.4 37270.8 61823.6 101393 164735 265543 425129 676487 1.07037e+06 1.68429e+06 -2.58333e+07 3.38908e+06 4.36201e+06 5.61257e+06 7.20997e+06 9.23373e+06 1.1771e+07 1.49114e+07 1.8739e+07 2.33252e+07 2.8727e+07 3.49961e+07 4.22002e+07 5.04494e+07 5.9917e+07 7.08494e+07 8.35632e+07 9.84378e+07 1.15914e+08 
0.122941 3.12373 17.5034 59.6085 158.814 366.034 767.392 1506.06 2817.08 5082.74 8920.44 15321.8 25872.9 43100.6 71018.8 115982 188015 302876 485213 773370 1.22658e+06 1.9356e+06 -3.03629e+07 3.94723e+06 5.12869e+06 6.65435e+06 8.60769e+06 1.10811e+07 1.41704e+07 1.7966e+07 2.25447e+07 2.79661e+07 3.42804e+07 4.15483e+07 4.98685e+07 5.9402e+07 7.03865e+07 8.31359e+07 9.80334e+07 1.15526e+08 
0.0792707 2.01698 11.3192 38.612 103.06 238.004 500.057 983.724 1844.84 3338.09 5876.93 10129.2 17169.9 28723.2 47548.7 78051.2 127244 206258 332695 534252 854253 1.35994e+06 2.15474e+06 -3.58718e+07 4.4587e+06 5.84792e+06 7.64795e+06 9.95347e+06 1.28637e+07 1.64737e+07 2.08642e+07 2.6097e+07 3.22201e+07 3.92855e+07 4.73765e+07 5.66337e+07 6.72739e+07 7.95941e+07 9.39653e+07 1.10824e+08 
0.0561702 1.43114 8.04335 27.4816 73.4799 170.017 357.959 705.8 1326.96 2407.67 4251.77 7352.81 12509.9 21013.6 34944.5 57651 94511.9 154150 250347 405052 653040 1.04904e+06 1.67843e+06 2.67302e+06 -4.2061e+07 5.61744e+06 7.43464e+06 9.79273e+06 1.28064e+07 1.65871e+07 2.1231e+07 2.68113e+07 3.33807e+07 4.09892e+07 4.97119e+07 5.96808e+07 7.11096e+07 8.43048e+07 9.96612e+07 1.17651e+08 
0.0405655 1.0349 5.82461 19.9314 53.3817 123.74 261.048 515.845 972.168 1768.6 3132.35 5434.43 9279.04 15648.3 26136.9 43331.4 71423.7 117199 191621 312359 507775 823143 1.33019e+06 2.14146e+06 3.43125e+06 -4.91995e+07 7.32671e+06 9.77767e+06 1.29549e+07 1.69943e+07 2.20158e+07 2.81113e+07 3.53444e+07 4.37656e+07 5.34426e+07 6.44971e+07 7.71384e+07 9.16846e+07 1.08563e+08 1.28295e+08 
0.0268368 0.685508 3.86334 13.2394 35.5153 82.4683 174.31 345.165 651.99 1189.11 2111.87 3675.21 6296.62 10658.8 17878 29778.2 49340.5 81436.3 134020 220061 360650 589945 962917 1.56728e+06 2.54136e+06 4.10017e+06 -5.79439e+07 8.89446e+06 1.19544e+07 1.59056e+07 2.08884e+07 2.70137e+07 3.43572e+07 4.29699e+07 5.29067e+07 6.4265e+07 7.72259e+07 9.20842e+07 1.09259e+08 1.29282e+08 
0.0169606 0.433744 2.44757 8.39925 22.5652 52.4833 111.131 220.491 417.387 763.041 1358.71 2371.35 4075.77 6923.98 11659.6 19506.5 32481.2 53907.9 89269.5 147608 243813 402342 663183 1.09124e+06 1.79084e+06 2.92735e+06 4.75846e+06 -6.83249e+07 1.04786e+07 1.41609e+07 1.88845e+07 2.47821e+07 3.19462e+07 4.04339e+07 5.02888e+07 6.15798e+07 7.44467e+07 8.91408e+07 1.06047e+08 1.25681e+08 
0.0103904 0.266014 1.50287 5.16397 13.8927 32.3618 68.6389 136.432 258.783 474.133 846.318 1481.04 2553.12 4351.63 7354.91 12355.5 20668.7 34481.1 57433.1 95591.8 159070 264704 440445 732447 1.2163e+06 2.01436e+06 3.32151e+06 5.44208e+06 -8.04129e+07 1.215e+07 1.64811e+07 2.19913e+07 2.87982e+07 3.69732e+07 4.6556e+07 5.75889e+07 7.01647e+07 8.44769e+07 1.00856e+08 1.1978e+08 
0.00616726 0.158053 0.893892 3.07508 8.28351 19.3225 41.045 81.7203 155.289 285.088 510.004 894.688 1546.52 2643.9 4483.65 7560.47 12700.9 21289.4 35650.8 59697.8 100025 167751 281602 473015 794437 1.33254e+06 2.2286e+06 3.70875e+06 6.12703e+06 -9.43047e+07 1.38528e+07 1.88344e+07 2.51184e+07 3.28025e+07 4.19349e+07 5.25389e+07 6.46604e+07 7.84251e+07 9.40907e+07 1.12073e+08 
0.00354239 0.090865 0.51439 1.77138 4.77703 11.1568 23.7312 47.3183 90.0625 165.636 296.896 521.972 904.441 1550.38 2637.11 4461.75 7523.67 12665 21310.9 35880.7 60493.1 102173 172911 293143 497570 844703 1.43213e+06 2.42012e+06 4.0668e+06 6.77848e+06 -1.10024e+08 1.55184e+07 2.11332e+07 2.816e+07 3.66725e+07 4.66911e+07 5.82228e+07 7.13222e+07 8.61578e+07 1.0306e+08 
0.00196696 0.0504932 0.286073 0.985998 2.66156 6.22257 13.2509 26.4544 50.4209 92.8712 166.748 293.706 509.971 876.212 1494.25 2535.48 4289.5 7247.52 12246.4 20717.6 35119.9 59690.1 101745 173928 298058 511625 878542 1.5065e+06 2.57407e+06 4.37166e+06 7.36119e+06 -1.27508e+08 1.70925e+07 2.33172e+07 3.10525e+07 4.03402e+07 5.11677e+07 6.35255e+07 7.74845e+07 9.32668e+07 
0.00105494 0.0270984 0.153629 0.529884 1.43146 3.3495 7.13933 14.2677 27.2241 50.2067 90.2687 159.24 276.964 476.773 814.803 1385.91 2351.05 3984.61 6756.65 11476.6 19545 33396.6 57279.1 98622.2 170431 295435 513175 891909 1.54812e+06 2.67766e+06 4.60401e+06 7.85012e+06 -1.46622e+08 1.8552e+07 2.53695e+07 3.37855e+07 4.38002e+07 5.53621e+07 6.8448e+07 8.31551e+07 
0.000546051 0.0140341 0.0796057 0.274726 0.742617 1.73884 3.70899 7.41825 14.1672 26.1528 47.0718 83.1372 144.792 249.622 427.32 728.216 1238 2103.35 3576.68 6094.91 10418.8 17880.4 30823.7 53390.2 92918.9 162426 284966 501219 882485 1.55258e+06 2.72386e+06 4.75475e+06 8.23705e+06 -1.67185e+08 1.99066e+07 2.73123e+07 3.63929e+07 4.70961e+07 5.93269e+07 7.30545e+07 
0.000272512 0.00700708 0.0397633 0.137289 0.371292 0.869846 1.85649 3.71546 7.10062 13.1177 23.63 41.7732 72.8268 125.697 215.451 367.688 626.109 1065.73 1816.12 3102.47 5318.77 9158.79 15851.7 27587.5 48285.3 84982.3 150334 267099 476119 850433 1.51989e+06 2.71311e+06 4.82627e+06 8.52937e+06 -1.88986e+08 2.11882e+07 2.91916e+07 3.89335e+07 5.02973e+07 6.31428e+07 
0.000130949 0.00336845 0.0191219 0.0660463 0.178692 0.418813 0.894282 1.79067 3.42404 6.32936 11.409 20.1834 35.2151 60.8327 104.371 178.311 304 518.165 884.395 1513.55 2600.25 4488.69 7791.81 13608.5 23920.8 42322.2 75354.6 134967 243033 439676 798533 1.45444e+06 2.65227e+06 4.82908e+06 8.7434e+06 -2.11769e+08 2.24372e+07 3.10613e+07 4.14726e+07 5.34782e+07 
6.04825e-05 0.00155641 0.00883809 0.0305364 0.0826464 0.193776 0.41393 0.829187 1.58626 2.93366 5.2909 9.36533 16.3504 28.264 48.5287 82.976 141.594 241.59 412.813 707.404 1217.14 2104.77 3661.21 6410.33 11302.3 20072.3 35908.4 64704.1 117420 214580 394866 731563 1.36352e+06 2.55165e+06 4.77687e+06 8.89749e+06 -2.35162e+08 2.36938e+07 3.29729e+07 4.40699e+07 
2.67956e-05 0.000689793 0.0039181 0.0135413 0.0366608 0.0859845 0.183737 0.3682 0.704658 1.30376 2.35241 4.16599 7.27696 12.5863 21.6235 36.9968 63.1778 107.879 184.496 316.459 545.076 943.75 1643.99 2883.29 5094.08 9069.78 16277.7 29453.5 53744.8 98941.7 183889 345285 655197 1.25535e+06 2.42205e+06 4.68266e+06 9.00759e+06 -2.58529e+08 2.49925e+07 3.49701e+07 
1.13596e-05 0.00029254 0.00166209 0.00574588 0.0155603 0.0365062 0.0780336 0.156428 0.299477 0.554302 1.00055 1.77267 3.09784 5.36065 9.21448 15.7743 26.9531 46.0531 78.8145 135.288 233.214 404.152 704.733 1237.42 2189.18 3904.11 7021.1 12738 23326.2 43153.1 80754.5 153104 294484 574873 1.13748e+06 2.27287e+06 4.55692e+06 9.08554e+06 -2.80704e+08 2.63615e+07 
4.59601e-06 0.000118407 0.000672904 0.00232683 0.0063029 0.0147914 0.0316265 0.063419 0.121454 0.224878 0.406068 0.719713 1.25826 2.1783 3.74605 6.41604 10.9686 18.7518 32.1102 55.1528 95.1368 164.986 287.911 505.955 895.941 1599.49 2880.15 5233.59 9604.07 17819.5 33488.1 63889.2 124028 245412 495055 1.01606e+06 2.11148e+06 4.40725e+06 9.139e+06 -2.99566e+08 
cycle: 0
true_cycle: 0
nIterations: 0
nTrueIterations: 0
Branch: 0
dt_FE: 3.83717e-10
dt_EA: 3.83717e-10
dt_PE: 3.83717e-10
