t: 1.10671e-06
dt: 1.10671e-08
N: 0.571852 0.868623 0.908756 0.908043 0.899307 0.887649 0.873689 0.857231 0.837872 0.815118 0.788419 0.757196 0.720891 0.679041 0.631388 0.578014 0.519488 0.456986 0.39231 0.327778 0.265942 0.209201 0.159416 0.117649 0.084108 0.0582758 0.0391527 0.0255158 0.0161311 0.00989025 0.00587722 0.00338177 0.0018818 0.00101111 0.000523665 0.000260905 0.000124781 5.71533e-05 2.50081e-05 1.04258e-05 
eC: 1.00639 3.07804 5.27089 7.59201 10.0489 12.6496 15.4023 18.3162 21.4004 24.6651 28.1208 31.7787 35.6505 39.7488 44.0869 48.6788 53.5393 58.6841 64.1299 69.8943 75.9959 82.4544 89.2908 96.5271 104.187 112.294 120.876 129.96 139.576 149.754 160.527 171.931 184.002 196.778 210.303 224.618 239.771 255.811 272.788 290.759 
dV: 2.71811 20.9912 63.6092 138.722 256.496 429.553 673.497 1007.55 1455.33 2045.74 2814.09 3803.42 5066.04 6665.5 8678.77 11199 14338.7 18233.7 23047.8 28977.8 36261 45182.1 56083.2 69374.4 85547.6 105192 129013 157855 192727 234836 285622 346808 420447 508992 615366 743056 896219 1.07981e+06 1.29972e+06 1.56298e+06 
kVec: 890897 2.61398e+06 4.29074e+06 5.91278e+06 7.47098e+06 8.95683e+06 1.03629e+07 1.16837e+07 1.29159e+07 1.40598e+07 1.51197e+07 1.61054e+07 1.70333e+07 1.79278e+07 1.88225e+07 1.97617e+07 2.08018e+07 2.20124e+07 2.34769e+07 2.52941e+07 2.75779e+07 3.04585e+07 3.40823e+07 3.86118e+07 4.42249e+07 5.11108e+07 5.9463e+07 6.94642e+07 8.12656e+07 9.49593e+07 1.10556e+08 1.27977e+08 1.47069e+08 1.67636e+08 1.89453e+08 2.12254e+08 2.35661e+08 2.59039e+08 2.8122e+08 3.00085e+08 
cMat: 
-60328 4912.57 5409.98 6076.69 6871.54 7802.79 8890.38 10160.9 11647.1 13388.5 15432.6 17836.1 20666.9 24005.9 27949.7 32613.6 38134.8 44676.9 52434.4 61638.7 72564.9 85538.5 100944 119233 140927 166622 196975 232688 274477 323065 379228 443916 518393 604347 703914 819687 954724 1.11259e+06 1.29747e+06 1.5142e+06 
176.465 -192991 4807.48 5404.96 6117.94 6954.26 7932.21 9076.17 10416.2 11988.6 13837 16013.7 18581.3 21614.5 25202.8 29452.6 34491.3 40470.6 47570.9 56007.4 66035.3 77957.4 92131.4 108977 128980 152695 180736 213756 252423 297407 349423 409342 478329 557940 650161 757402 882513 1.02883e+06 1.20024e+06 1.4013e+06 
40.0299 990.275 -348891 6067.83 6875.41 7823.86 8934.45 10235.4 11761.6 13555.3 15667.1 18158.1 21101.2 24583.9 28710.7 33606.6 39421 46331.8 54551.5 64332.7 75976.1 89838 106340 125975 149318 177023 209813 248461 293752 346475 407460 477716 558592 651907 759984 885656 1.03227e+06 1.20376e+06 1.40468e+06 1.64038e+06 
18.5581 459.525 2504.45 -532347 9390.4 10698.3 12231.9 14031.2 16145.4 18634.2 21569.5 25037.8 29143 34009.6 39786.8 46653.2 54822.3 64549.2 76138.4 89952.2 106422 126060 149472 177366 210570 250023 296769 351918 416604 491951 579139 679590 795209 928579 1.08302e+06 1.26259e+06 1.47208e+06 1.71713e+06 2.00427e+06 2.34118e+06 
11.0268 273.307 1491.1 4934.16 -748979 14538.8 16644.7 19119.4 22032.3 25467.3 29526 34330.9 40029 46797.1 54847.6 64434.8 75863.5 89498 105774 125209 148423 176147 209251 248753 295837 351855 418305 496786 588921 696320 820652 963909 1.12878e+06 1.31891e+06 1.53903e+06 1.79493e+06 2.09348e+06 2.44271e+06 2.85199e+06 3.33227e+06 
7.35025 182.37 996.058 3299.88 8534.6 -1.00517e+06 21841.2 25125.3 28997.8 33573.3 38990.3 45416.1 53052.4 62142 72977 85908.2 101356 119825 141917 168352 199986 237838 283112 337224 401820 478780 570191 678278 805301 953485 1.12511e+06 1.3229e+06 1.55048e+06 1.81286e+06 2.11655e+06 2.46956e+06 2.88138e+06 3.36315e+06 3.92782e+06 4.59055e+06 
5.25184 130.447 713.297 2366.02 6127.31 13696.7 -1.30846e+06 32010.5 37004.8 42917.8 49933.1 58273.2 68206.7 80057.9 94217.8 111157 131440 155747 184888 219835 261745 311995 372213 444316 530533 633411 755780 900658 1.07111e+06 1.27013e+06 1.50077e+06 1.76661e+06 2.07244e+06 2.42493e+06 2.8328e+06 3.30683e+06 3.85981e+06 4.50674e+06 5.26508e+06 6.15526e+06 
3.93526 97.8574 535.745 1779.38 4614.45 10330 20986.6 -1.66781e+06 46106.2 53571.8 62449.3 73028.1 85658.7 100765 118861 140563 166617 197918 235539 280767 335134 400465 478924 573056 685821 820607 981181 1.17156e+06 1.39583e+06 1.65794e+06 1.96189e+06 2.31229e+06 2.71536e+06 3.17977e+06 3.71695e+06 4.34113e+06 5.06923e+06 5.92106e+06 6.91972e+06 8.09216e+06 
3.05193 75.9831 416.521 1385.29 3597.67 8066.24 16414.4 31194.4 -2.09388e+06 65610.1 76640 89816.9 105591 124508 147230 174557 207456 247091 294862 352445 421846 505453 606096 727110 872377 1.04634e+06 1.25395e+06 1.50049e+06 1.7913e+06 2.13156e+06 2.52643e+06 2.98176e+06 3.50546e+06 4.10862e+06 4.80605e+06 5.61621e+06 6.56116e+06 7.66673e+06 8.96301e+06 1.04851e+07 
2.42778 60.5194 332.198 1106.42 2877.82 6462.76 13174.2 25082.5 45403.5 -2.59929e+06 92563.1 108728 128133 151473 179591 213510 254472 303972 363813 436163 523613 629256 756761 910453 1.09537e+06 1.31729e+06 1.58263e+06 1.89828e+06 2.27117e+06 2.70803e+06 3.21541e+06 3.80068e+06 4.47375e+06 5.24864e+06 6.14424e+06 7.18428e+06 8.3972e+06 9.8163e+06 1.14804e+07 1.34347e+07 
1.96763 49.1131 269.964 900.488 2345.92 5277.26 10777.1 20558.5 37290.8 65082.7 -3.19896e+06 129753 153305 181722 216067 257637 308004 369075 443154 533012 641975 774013 933845 1.12703e+06 1.36007e+06 1.6404e+06 1.9763e+06 2.37666e+06 2.85044e+06 3.40625e+06 4.05241e+06 4.7981e+06 5.65556e+06 6.6423e+06 7.78218e+06 9.10542e+06 1.06483e+07 1.24535e+07 1.45705e+07 1.70572e+07 
1.61587 40.3878 222.325 742.741 1938.19 4367.82 8936.86 17082.7 31053.3 54321.5 92197.4 -3.9104e+06 180946 215106 256538 306865 368066 442548 533228 643625 777972 941332 1.13973e+06 1.38028e+06 1.67128e+06 2.02225e+06 2.44383e+06 2.94739e+06 3.54444e+06 4.24597e+06 5.06243e+06 6.00515e+06 7.08912e+06 8.33596e+06 9.77548e+06 1.14458e+07 1.3393e+07 1.56711e+07 1.83429e+07 2.14818e+07 
1.33826 33.4958 184.665 617.92 1615.26 3646.84 7476.54 14321.7 26093.5 45756.1 77860.4 129332 -4.75412e+06 251160 300507 360680 434148 523920 633660 767802 931693 1.13175e+06 1.3756e+06 1.6723e+06 2.03238e+06 2.46798e+06 2.99263e+06 3.62083e+06 4.36726e+06 5.24587e+06 6.26974e+06 7.45271e+06 8.81294e+06 1.03768e+07 1.21812e+07 1.42738e+07 1.67125e+07 1.95654e+07 2.29116e+07 2.68434e+07 
1.11286 27.8944 154.022 516.245 1351.9 3058.12 6282.53 12061.2 22027.2 38723.9 66073 110070 179807 -5.75406e+06 346950 417933 504975 611804 742977 904036 1.10168e+06 1.34398e+06 1.64055e+06 2.00279e+06 2.44405e+06 2.97964e+06 3.62671e+06 4.40364e+06 5.32901e+06 6.42044e+06 7.69422e+06 9.16715e+06 1.08609e+07 1.28073e+07 1.50515e+07 1.76524e+07 2.06825e+07 2.42266e+07 2.83838e+07 3.32693e+07 
0.925272 23.2268 128.454 431.284 1131.5 2564.64 5280 10159.9 18600.7 32786.8 56101.7 93742.5 153632 247763 -6.93818e+06 476649 578258 703566 858184 1.04897e+06 1.28423e+06 1.57404e+06 1.93041e+06 2.36762e+06 2.90241e+06 3.55403e+06 4.34402e+06 5.29552e+06 6.43194e+06 7.77538e+06 9.34598e+06 1.1164e+07 1.32549e+07 1.56566e+07 1.84235e+07 2.1628e+07 2.53594e+07 2.97229e+07 3.48414e+07 4.08573e+07 
0.765965 19.2568 106.671 358.776 943.049 2141.86 4419.31 8523.9 15645.5 27653.6 47458.3 79551.7 130818 211736 338156 -8.33917e+06 650501 795062 974391 1.19686e+06 1.47271e+06 1.81431e+06 2.23657e+06 2.75722e+06 3.39707e+06 4.1801e+06 5.13321e+06 6.28528e+06 7.66555e+06 9.30157e+06 1.12181e+07 1.34392e+07 1.59948e+07 1.89288e+07 2.2306e+07 2.6214e+07 3.07617e+07 3.60785e+07 4.23148e+07 4.96456e+07 
0.628689 15.8297 87.832 295.94 779.382 1773.83 3668.19 7092.37 13052.1 23135.4 39825.8 66977.9 110532 179582 287967 456617 -9.99554e+06 880555 1.08466e+06 1.33937e+06 1.65708e+06 2.05288e+06 2.54502e+06 3.15524e+06 3.9092e+06 4.83649e+06 5.97034e+06 7.3465e+06 9.00121e+06 1.09685e+07 1.32785e+07 1.59597e+07 1.90462e+07 2.25886e+07 2.66623e+07 3.13714e+07 3.68473e+07 4.32467e+07 5.07522e+07 5.95757e+07 
0.509514 12.8488 71.4109 241.045 636.049 1450.67 3006.78 5827.96 10754.1 19117.4 33012.9 55709.1 92272.8 150510 242374 386069 609138 -1.1953e+07 1.18025e+06 1.4657e+06 1.82411e+06 2.27358e+06 2.8361e+06 3.53807e+06 4.41066e+06 5.48999e+06 6.81668e+06 8.43452e+06 1.03879e+07 1.27185e+07 1.54627e+07 1.86538e+07 2.23302e+07 2.65484e+07 3.13946e+07 3.69903e+07 4.34911e+07 5.10842e+07 5.99882e+07 7.04562e+07 
0.406127 10.2574 57.1037 193.1 510.536 1166.89 2424.18 4710.51 8715.78 15539.9 26921.3 45588.1 75794.4 124137 200787 321344 509593 801581 -1.42667e+07 1.56369e+06 1.95843e+06 2.45709e+06 3.08576e+06 3.87591e+06 4.86492e+06 6.09627e+06 7.61897e+06 9.48601e+06 1.17512e+07 1.44648e+07 1.76706e+07 2.1407e+07 2.57164e+07 3.06604e+07 3.6335e+07 4.28784e+07 5.04716e+07 5.93345e+07 6.97244e+07 8.19394e+07 
0.317257 8.02514 44.7508 151.601 401.603 919.863 1915.42 3731.31 6922.95 12380.3 21517.4 36566.5 61029.8 100374 163090 262297 418161 661500 1.03911e+06 -1.70033e+07 2.04467e+06 2.58351e+06 3.26835e+06 4.13605e+06 5.23066e+06 6.60369e+06 8.31345e+06 1.04232e+07 1.29973e+07 1.60959e+07 1.97707e+07 2.40658e+07 2.90271e+07 3.47199e+07 4.12477e+07 4.8764e+07 5.74743e+07 6.76316e+07 7.95337e+07 9.35253e+07 
0.242168 6.13501 34.2672 116.293 308.669 708.496 1478.69 2887.79 5372.61 9636.59 16803.6 28658 48017.3 79309.5 129462 209265 335443 533786 843822 1.32573e+06 -2.02438e+07 2.63586e+06 3.36101e+06 4.28803e+06 5.46786e+06 6.96042e+06 8.834e+06 1.1163e+07 1.40233e+07 1.74862e+07 2.16122e+07 2.64513e+07 3.20523e+07 3.84823e+07 4.58495e+07 5.43189e+07 6.41175e+07 7.55302e+07 8.88948e+07 1.04602e+08 
0.180219 4.57243 25.5806 86.9664 231.27 531.947 1112.75 2178.53 4064.08 7311.22 12790.4 21891.5 36823.4 61081.6 100176 162758 262355 420026 668367 1.05753e+06 1.66408e+06 -2.40866e+07 3.34841e+06 4.30966e+06 5.54521e+06 7.12343e+06 9.1229e+06 1.16297e+07 1.47324e+07 1.85141e+07 2.30453e+07 2.83822e+07 3.4576e+07 4.16937e+07 4.98438e+07 5.91978e+07 6.9999e+07 8.25602e+07 9.72563e+07 1.14522e+08 
0.130564 3.31741 18.5886 63.3043 168.66 388.729 814.971 1599.44 2991.74 5397.88 9473.52 16271.8 27477 45772.9 75422 123173 199672 321655 515297 821320 1.30263e+06 2.05561e+06 -2.8649e+07 4.19197e+06 5.44668e+06 7.06693e+06 9.14138e+06 1.17682e+07 1.50489e+07 1.90799e+07 2.39425e+07 2.97e+07 3.64058e+07 4.41244e+07 5.29604e+07 6.3085e+07 7.47505e+07 8.82904e+07 1.04112e+08 1.22688e+08 
0.0920081 2.34107 13.1379 44.8163 119.62 276.247 580.407 1141.79 2141.28 3874.46 6821.24 11756.8 19928.7 33338.5 55188.9 90592.6 147690 239400 386152 620096 991515 1.57846e+06 2.50097e+06 -3.40692e+07 5.17513e+06 6.78757e+06 8.87683e+06 1.15528e+07 1.49307e+07 1.91207e+07 2.42167e+07 3.02903e+07 3.73972e+07 4.5598e+07 5.49891e+07 6.57337e+07 7.80836e+07 9.23834e+07 1.09064e+08 1.28631e+08 
0.063047 1.60636 9.02808 30.8461 82.4759 190.832 401.784 792.21 1489.42 2702.43 4772.3 8253 14041.4 23586.3 39222.7 64709.1 106083 173022 280997 454642 732990 1.17747e+06 1.88391e+06 3.00027e+06 -4.05052e+07 6.30518e+06 8.34485e+06 1.09916e+07 1.43743e+07 1.86178e+07 2.38303e+07 3.00937e+07 3.74674e+07 4.60074e+07 5.57981e+07 6.69874e+07 7.98154e+07 9.46261e+07 1.11863e+08 1.32055e+08 
0.0420027 1.07157 6.03097 20.6376 55.273 128.124 270.297 534.122 1006.61 1831.26 3243.32 5626.97 9607.79 16202.8 27063 44866.7 73954.2 121351 198410 323426 525765 852307 1.37732e+06 2.21733e+06 3.55282e+06 -4.81323e+07 7.58629e+06 1.01241e+07 1.34139e+07 1.75964e+07 2.27958e+07 2.91073e+07 3.65967e+07 4.53162e+07 5.53361e+07 6.67822e+07 7.98714e+07 9.4933e+07 1.12409e+08 1.32841e+08 
0.0272007 0.694805 3.91573 13.419 35.9969 83.5867 176.674 349.846 660.832 1205.23 2140.51 3725.05 6382.01 10803.4 18120.4 30182 50009.6 82540.7 135837 223045 365541 597946 975976 1.58853e+06 2.57582e+06 4.15577e+06 -5.71348e+07 9.01508e+06 1.21165e+07 1.61213e+07 2.11717e+07 2.73801e+07 3.48231e+07 4.35526e+07 5.36241e+07 6.51365e+07 7.82732e+07 9.3333e+07 1.1074e+08 1.31035e+08 
0.0171146 0.437684 2.4698 8.47554 22.7701 52.96 112.14 222.493 421.178 769.971 1371.05 2392.89 4112.79 6986.87 11765.5 19683.7 32776.2 54397.5 90080.3 148948 246027 405997 669206 1.10116e+06 1.80711e+06 2.95394e+06 4.80168e+06 -6.76918e+07 1.05738e+07 1.42895e+07 1.90561e+07 2.50071e+07 3.22364e+07 4.08011e+07 5.07455e+07 6.21391e+07 7.51229e+07 8.99504e+07 1.0701e+08 1.26822e+08 
0.0104537 0.267633 1.51201 5.19539 13.9773 32.5588 69.0565 137.263 260.358 477.019 851.468 1490.05 2568.66 4378.11 7399.67 12430.7 20794.5 34691 57782.6 96173.5 160038 266315 443125 736904 1.2237e+06 2.02662e+06 3.34172e+06 5.4752e+06 -7.99547e+07 1.22239e+07 1.65813e+07 2.21251e+07 2.89734e+07 3.71982e+07 4.68393e+07 5.79394e+07 7.05916e+07 8.49909e+07 1.0147e+08 1.20509e+08 
0.00619119 0.158666 0.897361 3.08702 8.31567 19.3975 41.2043 82.0375 155.892 286.195 511.984 898.16 1552.52 2654.16 4501.05 7589.81 12750.2 21372 35789.2 59929.5 100413 168402 282695 474851 797521 1.33771e+06 2.23725e+06 3.72315e+06 6.15081e+06 -9.40201e+07 1.39066e+07 1.89075e+07 2.52159e+07 3.29298e+07 4.20977e+07 5.27429e+07 6.49114e+07 7.87295e+07 9.44559e+07 1.12508e+08 
0.00355077 0.0910799 0.515606 1.77557 4.78833 11.1832 23.7873 47.4302 90.2755 166.028 297.598 523.207 906.58 1554.05 2643.35 4472.3 7541.46 12695 21361.3 35965.5 60636.1 102415 173320 293836 498747 846701 1.43551e+06 2.42584e+06 4.07642e+06 6.79451e+06 -1.09906e+08 1.55551e+07 2.11831e+07 2.82266e+07 3.67593e+07 4.68016e+07 5.83605e+07 7.14909e+07 8.63616e+07 1.03304e+08 
0.00196968 0.0505629 0.286468 0.98736 2.66523 6.23116 13.2692 26.4909 50.4905 92.9995 166.978 294.112 510.676 877.422 1496.31 2538.99 4295.42 7257.53 12263.3 20746.2 35168.5 59772.5 101885 174168 298470 512332 879755 1.50858e+06 2.57762e+06 4.3777e+06 7.37135e+06 -1.27544e+08 1.71161e+07 2.33494e+07 3.10954e+07 4.03959e+07 5.12384e+07 6.36133e+07 7.75916e+07 9.33956e+07 
0.00105575 0.0271194 0.153748 0.530295 1.43256 3.35209 7.14487 14.2787 27.2452 50.2456 90.3387 159.363 277.178 477.143 815.434 1386.98 2352.87 3987.7 6761.88 11485.5 19560.2 33422.5 57323.4 98698.7 170563 295664 513573 892600 1.54932e+06 2.67974e+06 4.60757e+06 7.8562e+06 -1.46793e+08 1.85664e+07 2.53892e+07 3.38117e+07 4.38341e+07 5.5405e+07 6.8501e+07 8.32195e+07 
0.00054628 0.01404 0.079639 0.274841 0.742927 1.73956 3.71054 7.42135 14.1732 26.1637 47.0915 83.172 144.853 249.727 427.499 728.52 1238.52 2104.23 3578.17 6097.46 10423.2 17887.9 30836.6 53412.6 92957.8 162494 285085 501428 882854 1.55322e+06 2.725e+06 4.75674e+06 8.2405e+06 -1.67467e+08 1.9915e+07 2.73237e+07 3.64081e+07 4.71157e+07 5.93517e+07 7.3085e+07 
0.000272571 0.0070086 0.0397719 0.137319 0.371373 0.870035 1.85689 3.71626 7.10216 13.1205 23.6351 41.7822 72.8426 125.724 215.497 367.767 626.245 1065.96 1816.52 3103.15 5319.93 9160.78 15855.2 27593.4 48295.7 85000.7 150367 267157 476222 850618 1.52022e+06 2.7137e+06 4.82732e+06 8.53122e+06 -1.89354e+08 2.11927e+07 2.91979e+07 3.8942e+07 5.03082e+07 6.31565e+07 
0.000130963 0.00336881 0.0191239 0.0660534 0.178711 0.418858 0.894378 1.79086 3.42441 6.33005 11.4103 20.1855 35.2189 60.8393 104.382 178.33 304.033 518.221 884.49 1513.71 2600.53 4489.17 7792.66 13610 23923.4 42326.7 75362.7 134981 243060 439724 798619 1.4546e+06 2.65255e+06 4.8296e+06 8.74435e+06 -2.12199e+08 2.24397e+07 3.10647e+07 4.14771e+07 5.3484e+07 
6.04856e-05 0.00155649 0.00883854 0.030538 0.0826507 0.193786 0.413952 0.82923 1.58634 2.93381 5.29117 9.36582 16.3513 28.2654 48.5312 82.9803 141.601 241.602 412.834 707.441 1217.2 2104.88 3661.4 6410.66 11302.9 20073.3 35910.3 64707.5 117426 214591 394886 731601 1.36359e+06 2.55178e+06 4.77711e+06 8.89795e+06 -2.35632e+08 2.3695e+07 3.29746e+07 4.40722e+07 
2.67962e-05 0.00068981 0.0039182 0.0135417 0.0366616 0.0859865 0.183742 0.368209 0.704674 1.30379 2.35247 4.16609 7.27714 12.5866 21.624 36.9977 63.1793 107.882 184.5 316.467 545.089 943.773 1644.03 2883.36 5094.2 9070 16278.1 29454.2 53746.1 98944.1 183893 345294 655213 1.25538e+06 2.42211e+06 4.68277e+06 9.00781e+06 -2.59024e+08 2.49931e+07 3.4971e+07 
1.13597e-05 0.000292543 0.00166211 0.00574594 0.0155605 0.0365066 0.0780344 0.156429 0.29948 0.554308 1.00056 1.77269 3.09787 5.3607 9.21457 15.7745 26.9534 46.0536 78.8153 135.29 233.216 404.157 704.741 1237.43 2189.2 3904.15 7021.17 12738.1 23326.4 43153.6 80755.3 153105 294487 574879 1.1375e+06 2.27289e+06 4.55697e+06 9.08564e+06 -2.81213e+08 2.63617e+07 
4.59603e-06 0.000118407 0.000672907 0.00232684 0.00630293 0.0147915 0.0316267 0.0634193 0.121454 0.224879 0.406069 0.719716 1.25826 2.17831 3.74607 6.41607 10.9687 18.7518 32.1104 55.1531 95.1372 164.987 287.912 505.958 895.945 1599.5 2880.16 5233.61 9604.11 17819.6 33488.3 63889.5 124028 245413 495057 1.01606e+06 2.11149e+06 4.40727e+06 9.13904e+06 -3.00082e+08 
cycle: 0
true_cycle: 0
nIterations: 0
nTrueIterations: 0
Branch: 0
dt_FE: 1.10671e-08
dt_EA: 1.10671e-08
dt_PE: 1.10671e-08
