t: 1.78744e-11
dt: 1.78744e-13
N: 9.37747e-06 2.79511e-05 4.65577e-05 6.50957e-05 8.34499e-05 0.00010149 0.000119071 0.000136029 0.000152188 0.000167353 0.000181313 0.000193845 0.000204714 0.000213677 0.000220491 0.000224919 0.000226742 0.000225801 0.000223807 0.000301772 0.00256213 0.0346888 0.238207 0.66436 0.62894 0.16535 0.00965757 0.000141923 3.17657e-05 2.04615e-05 1.27265e-05 7.58826e-06 4.32599e-06 2.35407e-06 1.22189e-06 6.04935e-07 2.85725e-07 1.28757e-07 5.53282e-08 2.26426e-08 
eC: 1.00639 3.07804 5.27089 7.59201 10.0489 12.6496 15.4023 18.3162 21.4004 24.6651 28.1208 31.7787 35.6505 39.7488 44.0869 48.6788 53.5393 58.6841 64.1299 69.8943 75.9959 82.4544 89.2908 96.5271 104.187 112.294 120.876 129.96 139.576 149.754 160.527 171.931 184.002 196.778 210.303 224.618 239.771 255.811 272.788 290.759 
dV: 2.71811 20.9912 63.6092 138.722 256.496 429.553 673.497 1007.55 1455.33 2045.74 2814.09 3803.42 5066.04 6665.5 8678.77 11199 14338.7 18233.7 23047.8 28977.8 36261 45182.1 56083.2 69374.4 85547.6 105192 129013 157855 192727 234836 285622 346808 420447 508992 615366 743056 896219 1.07981e+06 1.29972e+06 1.56298e+06 
kVec: 710834 2.13467e+06 3.59351e+06 5.08686e+06 6.61297e+06 8.16981e+06 9.75524e+06 1.13671e+07 1.30033e+07 1.46622e+07 1.63425e+07 1.8044e+07 1.97676e+07 2.15162e+07 2.3295e+07 2.51127e+07 2.69823e+07 2.89225e+07 3.0959e+07 3.31269e+07 3.54718e+07 3.80531e+07 4.09521e+07 4.43228e+07 4.85145e+07 5.40366e+07 6.12743e+07 7.04044e+07 8.1523e+07 9.46803e+07 1.09858e+08 1.26958e+08 1.45816e+08 1.66224e+08 1.87945e+08 2.10698e+08 2.34092e+08 2.57474e+08 2.79669e+08 2.98547e+08 
cMat: 
-186136 11473.9 12635.6 14192.8 16049.3 18224.3 20764.5 23731.9 27203.1 31270.4 36044.6 41658.3 48269.9 56068.6 65279.9 76172.9 89068.3 104348 122467 143964 169484 199785 235767 278482 329151 389164 460059 543471 641074 754557 885732 1.03682e+06 1.21077e+06 1.41152e+06 1.64407e+06 1.91448e+06 2.22987e+06 2.59859e+06 3.03038e+06 3.5366e+06 
1343.16 -570706 36592.1 41139.7 46566.6 52932.2 60375.9 69083.1 79282.6 91251 105320 121888 141431 164519 191830 224178 262530 308041 362085 426299 502627 593372 701256 829474 981727 1.16224e+06 1.37567e+06 1.627e+06 1.92131e+06 2.2637e+06 2.65963e+06 3.1157e+06 3.64079e+06 4.24675e+06 4.94869e+06 5.76495e+06 6.71724e+06 7.83091e+06 9.1356e+06 1.06659e+07 
438.692 10852.5 -988413 66498.1 75348.4 85742.6 97913.6 112171 128897 148554 171698 198997 231251 269418 314644 368299 432019 507756 597836 705030 832630 984545 1.16539e+06 1.38058e+06 1.6364e+06 1.94001e+06 2.29937e+06 2.72291e+06 3.21927e+06 3.79706e+06 4.4654e+06 5.23534e+06 6.12168e+06 7.14432e+06 8.32875e+06 9.706e+06 1.13128e+07 1.31921e+07 1.5394e+07 1.79771e+07 
201.799 4996.83 27233.1 -1.44444e+06 102110 116332 133009 152574 175564 202626 234545 272259 316899 369817 432638 507302 596133 701903 827922 978133 1.15723e+06 1.37077e+06 1.62534e+06 1.92867e+06 2.28972e+06 2.71873e+06 3.22704e+06 3.82673e+06 4.53011e+06 5.34943e+06 6.29751e+06 7.3898e+06 8.64703e+06 1.00973e+07 1.17767e+07 1.37293e+07 1.60073e+07 1.86719e+07 2.17942e+07 2.54578e+07 
109.5 2714.04 14807.1 48998 -1.9435e+06 144375 165287 189863 218788 252899 293204 340918 397502 464712 544656 639860 753351 888746 1.05037e+06 1.24337e+06 1.47389e+06 1.7492e+06 2.07794e+06 2.4702e+06 2.93776e+06 3.49404e+06 4.15391e+06 4.93325e+06 5.84819e+06 6.9147e+06 8.14936e+06 9.57195e+06 1.12091e+07 1.30972e+07 1.52831e+07 1.78243e+07 2.0789e+07 2.42569e+07 2.83212e+07 3.30906e+07 
65.4153 1623.04 8864.66 29368.1 75955.7 -2.49084e+06 194381 223608 258073 298793 347003 404191 472152 553048 649476 764560 902044 1.06641e+06 1.26303e+06 1.49829e+06 1.77982e+06 2.11669e+06 2.51962e+06 3.0012e+06 3.57609e+06 4.26102e+06 5.07455e+06 6.0365e+06 7.16697e+06 8.48577e+06 1.00132e+07 1.17734e+07 1.37988e+07 1.6134e+07 1.88367e+07 2.19784e+07 2.56436e+07 2.99312e+07 3.49566e+07 4.08547e+07 
41.5736 1032.62 5646.47 18729.5 48503.9 108423 -3.09246e+06 253396 292931 339738 395272 461292 539925 633740 745830 879920 1.04049e+06 1.23289e+06 1.46358e+06 1.74022e+06 2.07198e+06 2.46976e+06 2.94645e+06 3.51722e+06 4.19971e+06 5.01409e+06 5.98277e+06 7.12963e+06 8.47893e+06 1.00544e+07 1.18802e+07 1.39845e+07 1.64055e+07 1.91958e+07 2.24245e+07 2.61769e+07 3.05543e+07 3.56754e+07 4.16785e+07 4.87251e+07 
27.56 685.331 3752.02 12461.7 32316.7 72344.7 146977 -3.75527e+06 322899 375183 437355 511443 599899 705696 832424 984412 1.16688e+06 1.38609e+06 1.64957e+06 1.96631e+06 2.34706e+06 2.8046e+06 3.35408e+06 4.01332e+06 4.80305e+06 5.74701e+06 6.87157e+06 8.20488e+06 9.77549e+06 1.16112e+07 1.37399e+07 1.61938e+07 1.90167e+07 2.22691e+07 2.60312e+07 3.04025e+07 3.55017e+07 4.14674e+07 4.84613e+07 5.66723e+07 
18.8213 468.589 2568.69 8543.1 22186.9 49744.7 101228 192376 -4.4872e+06 404619 472640 553903 651181 767842 907968 1.0765e+06 1.27938e+06 1.52382e+06 1.81842e+06 2.17354e+06 2.60153e+06 3.11714e+06 3.7378e+06 4.4841e+06 5.37997e+06 6.45282e+06 7.73314e+06 9.25353e+06 1.1047e+07 1.31454e+07 1.55805e+07 1.83886e+07 2.16182e+07 2.5338e+07 2.9639e+07 3.46353e+07 4.04628e+07 4.72809e+07 5.52751e+07 6.46619e+07 
13.1293 327.286 1796.51 5983.47 15563.1 34950.3 71245.3 135645 245540 -5.29739e+06 500577 587995 692938 819158 971218 1.15465e+06 1.37617e+06 1.64386e+06 1.96749e+06 2.35875e+06 2.83167e+06 3.40299e+06 4.09253e+06 4.92368e+06 5.92371e+06 7.12383e+06 8.5588e+06 1.02658e+07 1.22824e+07 1.46449e+07 1.73888e+07 2.05539e+07 2.41939e+07 2.83844e+07 3.32278e+07 3.88522e+07 4.54117e+07 5.30861e+07 6.20853e+07 7.26541e+07 
9.29797 232.082 1275.7 4255.22 11085.6 24937.5 50926.9 97148.3 176216 307546 -6.19644e+06 613141 724438 858721 1.02102e+06 1.21745e+06 1.45546e+06 1.74405e+06 2.09411e+06 2.51873e+06 3.03363e+06 3.65757e+06 4.41285e+06 5.32576e+06 6.42697e+06 7.75163e+06 9.33894e+06 1.12308e+07 1.34696e+07 1.60961e+07 1.91495e+07 2.26732e+07 2.67251e+07 3.13879e+07 3.67744e+07 4.30273e+07 5.03183e+07 5.88486e+07 6.88525e+07 8.0603e+07 
6.65376 166.307 915.48 3058.42 7980.97 17985.6 36799.7 70342.2 127869 223682 379645 -7.19656e+06 745088 885754 1.05636e+06 1.26359e+06 1.5156e+06 1.8223e+06 2.1957e+06 2.65029e+06 3.20349e+06 3.87617e+06 4.69312e+06 5.68363e+06 6.8819e+06 8.32712e+06 1.00631e+07 1.21366e+07 1.45951e+07 1.74838e+07 2.08458e+07 2.47277e+07 2.91912e+07 3.43254e+07 4.0253e+07 4.7131e+07 5.51491e+07 6.45296e+07 7.55315e+07 8.84565e+07 
4.79376 119.985 661.485 2213.45 5786.02 13063.3 26781.7 51301.7 93469.4 163903 278903 463278 -8.3119e+06 899678 1.07644e+06 1.29199e+06 1.55516e+06 1.87673e+06 2.26983e+06 2.75034e+06 3.33741e+06 4.05402e+06 4.92754e+06 5.99032e+06 7.28018e+06 8.84054e+06 1.07199e+07 1.29702e+07 1.56439e+07 1.87912e+07 2.24588e+07 2.66963e+07 3.15688e+07 3.71707e+07 4.36341e+07 5.11301e+07 5.98658e+07 7.00851e+07 8.20716e+07 9.61556e+07 
3.46654 86.891 479.778 1608.1 4211.16 9526.03 19570.1 37570.6 68614.7 120625 205817 342866 560099 -9.55883e+06 1.08075e+06 1.30186e+06 1.57299e+06 1.90577e+06 2.31437e+06 2.81607e+06 3.43174e+06 4.18648e+06 5.1103e+06 6.23869e+06 7.61319e+06 9.28157e+06 1.12972e+07 1.37173e+07 1.65998e+07 1.99996e+07 2.39675e+07 2.85556e+07 3.38317e+07 3.98947e+07 4.68852e+07 5.49873e+07 6.44258e+07 7.54658e+07 8.84156e+07 1.03634e+08 
2.5096 62.9976 348.403 1169.76 3068.94 6956.01 14320.8 27556.4 50450.3 88927 152164 254256 416692 672003 -1.09563e+07 1.29281e+06 1.5684e+06 1.90827e+06 2.32764e+06 2.84509e+06 3.4832e+06 4.26923e+06 5.2358e+06 6.42165e+06 7.87215e+06 9.63952e+06 1.17822e+07 1.43629e+07 1.74452e+07 2.1089e+07 2.53489e+07 3.02798e+07 3.59511e+07 4.24652e+07 4.99698e+07 5.86613e+07 6.87817e+07 8.06169e+07 9.44995e+07 1.10816e+08 
1.81473 45.6233 252.726 850.017 2234.28 5074.53 10470.3 20194.9 37067.4 65517.3 112439 188475 309935 501648 801162 -1.25261e+07 1.54117e+06 1.88367e+06 2.30854e+06 2.83562e+06 3.48915e+06 4.29848e+06 5.29891e+06 6.53244e+06 8.04837e+06 9.90354e+06 1.21617e+07 1.48911e+07 1.81613e+07 2.20374e+07 2.6578e+07 3.18404e+07 3.7895e+07 4.48463e+07 5.28477e+07 6.21065e+07 7.2881e+07 8.54775e+07 1.00253e+08 1.17621e+08 
1.30808 32.936 182.747 615.746 1621.62 3690.71 7632.2 14756.7 27156.8 48136.5 82863.4 139357 229977 373646 599158 950057 -1.42936e+07 1.83212e+06 2.25678e+06 2.78674e+06 3.44779e+06 4.27132e+06 5.29527e+06 6.56494e+06 8.13365e+06 1.0063e+07 1.24221e+07 1.52855e+07 1.87283e+07 2.28215e+07 2.76278e+07 3.32064e+07 3.96284e+07 4.69988e+07 5.54747e+07 6.52727e+07 7.6666e+07 8.99809e+07 1.05597e+08 1.23956e+08 
0.938096 23.6567 131.479 443.802 1171.07 2670.91 5535.96 10730.2 19799.9 35198.2 60781.9 102569 169889 277112 446249 710814 1.12152e+06 -1.62879e+07 2.17303e+06 2.69859e+06 3.35847e+06 4.18602e+06 5.22171e+06 6.51414e+06 8.12072e+06 1.01079e+07 1.25506e+07 1.55293e+07 1.91258e+07 2.34167e+07 2.84692e+07 3.43445e+07 4.11134e+07 4.88798e+07 5.78025e+07 6.8105e+07 8.00739e+07 9.4054e+07 1.10448e+08 1.29721e+08 
0.668163 16.8756 93.9474 317.69 839.939 1919.77 3988.27 7749.77 14339.3 25566.3 44291.1 75001.9 124698 204231 330336 528677 838387 1.31877e+06 -1.85427e+07 2.57259e+06 3.22202e+06 4.04243e+06 5.07672e+06 6.37668e+06 8.00381e+06 1.00296e+07 1.25348e+07 1.56065e+07 1.93331e+07 2.37977e+07 2.90719e+07 3.5219e+07 4.23089e+07 5.04428e+07 5.97786e+07 7.05439e+07 8.30363e+07 9.76176e+07 1.14711e+08 1.34807e+08 
0.47181 11.9346 66.5514 225.455 597.246 1367.98 2848.53 5549.04 10295.5 18411.4 31999.7 54380 90760.8 149272 242540 390076 621870 983753 1.54532e+06 -2.10969e+07 3.04073e+06 3.84208e+06 4.86054e+06 6.15094e+06 7.77881e+06 9.8207e+06 1.23634e+07 1.55009e+07 1.93289e+07 2.3937e+07 2.94021e+07 3.57896e+07 4.31678e+07 5.16338e+07 6.13417e+07 7.25196e+07 8.54731e+07 1.00579e+08 1.18279e+08 1.39087e+08 
0.329057 8.33625 46.5622 158.02 419.419 962.703 2009.25 3923.93 7300.3 13094.2 22832.8 38940.5 65245.9 107766 175913 284349 455800 725308 1.14659e+06 1.8014e+06 -2.40011e+07 3.58161e+06 4.56693e+06 5.82657e+06 7.42972e+06 9.45781e+06 1.20036e+07 1.51683e+07 1.90549e+07 2.37602e+07 2.93667e+07 3.59421e+07 4.35526e+07 5.22898e+07 6.23003e+07 7.38085e+07 8.71228e+07 1.0263e+08 1.2079e+08 1.42134e+08 
0.21999 5.58146 31.2257 106.158 282.306 649.336 1358.31 2659.28 4960.93 8924.65 15612.9 26722.5 44949.5 74561 122282 198675 320252 512717 815862 1.2909e+06 2.0313e+06 -2.74022e+07 4.08733e+06 5.26071e+06 6.76891e+06 8.69542e+06 1.11361e+07 1.41962e+07 1.79835e+07 2.25997e+07 2.81309e+07 3.46455e+07 4.22062e+07 5.08946e+07 6.08433e+07 7.22615e+07 8.54463e+07 1.00779e+08 1.18719e+08 1.39795e+08 
0.118325 3.00645 16.8463 57.3705 152.851 352.292 738.581 1449.52 2711.32 4891.92 8585.53 14746.6 24901.5 41482.5 68352.5 111627 180956 291505 466997 744334 1.18053e+06 1.86293e+06 -3.19749e+07 3.79904e+06 4.93614e+06 6.40452e+06 8.28453e+06 1.06651e+07 1.36384e+07 1.72915e+07 2.16983e+07 2.69161e+07 3.29933e+07 3.99884e+07 4.79962e+07 5.71718e+07 6.77439e+07 8.00146e+07 9.43528e+07 1.11188e+08 
0.0349992 0.890526 4.99758 17.0478 45.5025 105.082 220.783 434.329 814.527 1473.82 2594.75 4472.22 7580.75 12681.7 20993.5 34460.8 56180.1 91066 146890 235880 377166 600436 951350 -3.85203e+07 1.96858e+06 2.58194e+06 3.37669e+06 4.39461e+06 5.67954e+06 7.27339e+06 9.21187e+06 1.15222e+07 1.42256e+07 1.73452e+07 2.09175e+07 2.50047e+07 2.97024e+07 3.5142e+07 4.14871e+07 4.89305e+07 
0.0255425 0.650792 3.65759 12.4968 33.4139 77.3126 162.777 320.952 603.416 1094.85 1933.43 3343.58 5688.68 9555.62 15890.5 26215.9 42977.9 70097.2 113842 184192 296960 477033 763240 1.21552e+06 -4.45713e+07 2.55445e+06 3.38079e+06 4.4531e+06 5.82352e+06 7.54273e+06 9.65449e+06 1.2192e+07 1.51794e+07 1.86392e+07 2.26058e+07 2.7139e+07 3.2336e+07 3.83363e+07 4.53194e+07 5.35e+07 
0.037227 0.949732 5.34525 18.2911 48.9885 113.556 239.564 473.392 892.16 1623.04 2874.56 4987.18 8515.38 14360.5 23985.9 39765.3 65545.5 107554 175851 286652 465985 755399 1.22072e+06 1.96521e+06 3.14886e+06 -4.9637e+07 6.72372e+06 8.97297e+06 1.18888e+07 1.55957e+07 2.02039e+07 2.57978e+07 3.24356e+07 4.01637e+07 4.90443e+07 5.9189e+07 7.079e+07 8.41391e+07 9.9628e+07 1.17737e+08 
0.0280357 0.716133 4.03594 13.8309 37.1019 86.1525 182.097 360.585 681.118 1242.23 2206.22 3839.4 6577.91 11135 18676.7 31108.5 51544.8 85074.4 140007 229892 376762 616301 1.00594e+06 1.63729e+06 2.65489e+06 4.28334e+06 -5.75071e+07 9.29181e+06 1.24885e+07 1.66161e+07 2.18216e+07 2.82206e+07 3.58921e+07 4.48896e+07 5.52702e+07 6.7136e+07 8.0676e+07 9.6198e+07 1.1414e+08 1.35057e+08 
0.0175602 0.44908 2.53411 8.69623 23.363 54.339 115.06 228.286 432.145 790.02 1406.75 2455.2 4219.88 7168.79 12071.8 20196.2 33629.7 55813.9 92425.8 152827 252433 416568 686631 1.12983e+06 1.85416e+06 3.03086e+06 4.92671e+06 -6.77583e+07 1.08491e+07 1.46616e+07 1.95523e+07 2.56583e+07 3.30758e+07 4.18635e+07 5.20668e+07 6.3757e+07 7.70789e+07 9.22926e+07 1.09797e+08 1.30124e+08 
0.0106247 0.272012 1.53675 5.2804 14.206 33.0915 70.1865 139.509 264.618 484.824 865.401 1514.44 2610.69 4449.75 7520.75 12634.1 21134.8 35258.6 58728.1 97747.2 162657 270673 450376 748962 1.24373e+06 2.05978e+06 3.39641e+06 5.56479e+06 -7.97508e+07 1.24239e+07 1.68527e+07 2.24871e+07 2.94475e+07 3.78069e+07 4.76058e+07 5.88874e+07 7.17467e+07 8.63816e+07 1.0313e+08 1.22481e+08 
0.00625291 0.160248 0.906307 3.11779 8.39856 19.5909 41.615 82.8553 157.446 289.047 517.088 907.113 1567.99 2680.62 4545.92 7665.47 12877.3 21585.1 36146 60526.9 101414 170080 285513 479584 805471 1.35105e+06 2.25955e+06 3.76026e+06 6.21213e+06 -9.35342e+07 1.40452e+07 1.9096e+07 2.54672e+07 3.32581e+07 4.25173e+07 5.32686e+07 6.55584e+07 7.95143e+07 9.53975e+07 1.1363e+08 
0.00357171 0.0916172 0.518648 1.78604 4.81657 11.2492 23.9277 47.71 90.8081 167.007 299.354 526.293 911.928 1563.22 2658.94 4498.68 7585.95 12769.9 21487.3 36177.7 60993.8 103019 174343 295570 501689 851696 1.44398e+06 2.44015e+06 4.10047e+06 6.83459e+06 -1.09145e+08 1.56469e+07 2.13081e+07 2.83932e+07 3.69761e+07 4.70777e+07 5.87048e+07 7.19126e+07 8.6871e+07 1.03913e+08 
0.00197635 0.0507341 0.287438 0.990703 2.67426 6.25226 13.3141 26.5806 50.6615 93.3144 167.544 295.108 512.405 880.392 1501.38 2547.58 4309.97 7282.1 12304.8 20816.4 35287.5 59974.9 102230 174758 299480 514066 882734 1.51368e+06 2.58635e+06 4.39252e+06 7.39631e+06 -1.26533e+08 1.71741e+07 2.34285e+07 3.12007e+07 4.05327e+07 5.14119e+07 6.38286e+07 7.78543e+07 9.37118e+07 
0.00105774 0.0271704 0.154037 0.531293 1.43526 3.3584 7.15831 14.3056 27.2964 50.3402 90.5086 159.663 277.7 478.04 816.968 1389.59 2357.3 3995.2 6774.6 11507.1 19596.9 33485.3 57431.3 98884.3 170884 296220 514539 894279 1.55223e+06 2.68478e+06 4.61624e+06 7.87098e+06 -1.45574e+08 1.86013e+07 2.54369e+07 3.38753e+07 4.39166e+07 5.55093e+07 6.86299e+07 8.33761e+07 
0.000546831 0.0140542 0.0797194 0.275118 0.743677 1.74132 3.71429 7.42884 14.1875 26.1901 47.1391 83.256 144.999 249.979 427.931 729.256 1239.77 2106.36 3581.79 6103.62 10433.7 17906 30867.7 53466.5 93051.6 162658 285373 501935 883745 1.55479e+06 2.72775e+06 4.76154e+06 8.24882e+06 -1.66092e+08 1.99351e+07 2.73513e+07 3.64449e+07 4.71633e+07 5.94116e+07 7.31588e+07 
0.000272714 0.00701226 0.0397927 0.137391 0.371567 0.87049 1.85786 3.7182 7.10587 13.1274 23.6474 41.8041 72.8807 125.79 215.61 367.96 626.572 1066.52 1817.47 3104.77 5322.71 9165.57 15863.4 27607.9 48321 85045.1 150446 267296 476471 851062 1.52101e+06 2.71512e+06 4.82984e+06 8.53568e+06 -1.87876e+08 2.12038e+07 2.92132e+07 3.89624e+07 5.03345e+07 6.31895e+07 
0.000130997 0.00336969 0.0191289 0.0660706 0.178758 0.418968 0.894611 1.79133 3.4253 6.3317 11.4132 20.1908 35.228 60.8551 104.409 178.376 304.112 518.356 884.721 1514.1 2601.21 4490.34 7794.69 13613.5 23929.6 42337.7 75382.4 135016 243123 439838 798827 1.45498e+06 2.65324e+06 4.83086e+06 8.74662e+06 -2.10664e+08 2.24455e+07 3.10728e+07 4.14879e+07 5.34979e+07 
6.04931e-05 0.00155668 0.00883965 0.0305418 0.082661 0.193811 0.414003 0.829333 1.58654 2.93418 5.29183 9.36698 16.3533 28.2689 48.5372 82.9907 141.618 241.632 412.885 707.529 1217.35 2105.14 3661.86 6411.46 11304.3 20075.8 35914.8 64715.5 117441 214617 394936 731692 1.36376e+06 2.5521e+06 4.77771e+06 8.89906e+06 -2.34076e+08 2.3698e+07 3.29787e+07 4.40777e+07 
2.67977e-05 0.000689849 0.00391842 0.0135424 0.0366637 0.0859914 0.183752 0.36823 0.704715 1.30386 2.3526 4.16632 7.27755 12.5873 21.6252 36.9998 63.1829 107.888 184.511 316.485 545.12 943.827 1644.12 2883.53 5094.49 9070.51 16279 29455.9 53749.2 98949.7 183904 345313 655250 1.25545e+06 2.42225e+06 4.68303e+06 9.00832e+06 -2.57467e+08 2.49945e+07 3.4973e+07 
1.136e-05 0.00029255 0.00166215 0.00574608 0.0155609 0.0365075 0.0780363 0.156433 0.299487 0.554322 1.00058 1.77274 3.09795 5.36084 9.2148 15.7749 26.954 46.0548 78.8173 135.293 233.222 404.167 704.758 1237.46 2189.26 3904.24 7021.35 12738.4 23327 43154.6 80757.3 153109 294494 574893 1.13752e+06 2.27295e+06 4.55708e+06 9.08586e+06 -2.79665e+08 2.63624e+07 
4.59607e-06 0.000118408 0.000672914 0.00232686 0.00630299 0.0147916 0.031627 0.0634199 0.121456 0.224881 0.406073 0.719723 1.25828 2.17834 3.74611 6.41614 10.9688 18.752 32.1107 55.1536 95.1382 164.988 287.915 505.963 895.954 1599.51 2880.19 5233.66 9604.21 17819.8 33488.6 63890.1 124030 245416 495063 1.01608e+06 2.11151e+06 4.40731e+06 9.13914e+06 -2.98546e+08 
cycle: 0
true_cycle: 0
nIterations: 0
nTrueIterations: 0
Branch: 0
dt_FE: 1.78744e-13
dt_EA: 1.78744e-13
dt_PE: 1.78744e-13
