t: 1.83414e-10
dt: 1.83414e-12
N: 9.62818e-05 0.000286945 0.00047789 0.000668073 0.000856307 0.00104126 0.00122142 0.00139514 0.00156059 0.00171578 0.00185855 0.00198661 0.00209757 0.00218894 0.00225824 0.00230305 0.00232115 0.00231067 0.00227202 0.00228514 0.00443928 0.0362274 0.238078 0.660461 0.624561 0.164603 0.0101806 0.000576046 0.000323121 0.000208776 0.000129811 7.73763e-05 4.40994e-05 2.39931e-05 1.24529e-05 6.16563e-06 2.91279e-06 1.31304e-06 5.64473e-07 2.31122e-07 
eC: 1.00639 3.07804 5.27089 7.59201 10.0489 12.6496 15.4023 18.3162 21.4004 24.6651 28.1208 31.7787 35.6505 39.7488 44.0869 48.6788 53.5393 58.6841 64.1299 69.8943 75.9959 82.4544 89.2908 96.5271 104.187 112.294 120.876 129.96 139.576 149.754 160.527 171.931 184.002 196.778 210.303 224.618 239.771 255.811 272.788 290.759 
dV: 2.71811 20.9912 63.6092 138.722 256.496 429.553 673.497 1007.55 1455.33 2045.74 2814.09 3803.42 5066.04 6665.5 8678.77 11199 14338.7 18233.7 23047.8 28977.8 36261 45182.1 56083.2 69374.4 85547.6 105192 129013 157855 192727 234836 285622 346808 420447 508992 615366 743056 896219 1.07981e+06 1.29972e+06 1.56298e+06 
kVec: 711241 2.13577e+06 3.59513e+06 5.0888e+06 6.615e+06 8.17167e+06 9.75664e+06 1.13677e+07 1.30028e+07 1.46603e+07 1.63388e+07 1.80381e+07 1.97593e+07 2.15052e+07 2.32811e+07 2.50959e+07 2.69626e+07 2.89002e+07 3.09348e+07 3.31016e+07 3.54469e+07 3.80305e+07 4.09342e+07 4.43122e+07 4.85129e+07 5.40429e+07 6.12862e+07 7.04194e+07 8.15397e+07 9.46974e+07 1.09875e+08 1.26974e+08 1.45832e+08 1.66238e+08 1.87958e+08 2.10711e+08 2.34104e+08 2.57485e+08 2.79679e+08 2.98557e+08 
cMat: 
-185910 11472.9 12634.5 14191.6 16047.9 18222.7 20762.7 23729.9 27200.7 31267.7 36041.5 41654.7 48265.8 56063.7 65274.2 76166.3 89060.6 104339 122456 143952 169469 199768 235746 278457 329122 389130 460019 543424 641018 754491 885655 1.03673e+06 1.21066e+06 1.4114e+06 1.64393e+06 1.91431e+06 2.22967e+06 2.59837e+06 3.03012e+06 3.53629e+06 
1342.81 -569982 36582.6 41129.1 46554.5 52918.5 60360.2 69065.2 79262.1 91227.3 105293 121857 141395 164476 191781 224120 262462 307961 361992 426189 502496 593218 701075 829259 981473 1.16193e+06 1.37531e+06 1.62658e+06 1.92081e+06 2.26312e+06 2.65894e+06 3.1149e+06 3.63985e+06 4.24565e+06 4.94741e+06 5.76346e+06 6.7155e+06 7.82888e+06 9.13323e+06 1.06632e+07 
438.503 10847.9 -987119 66469.4 75315.9 85705.6 97871.4 112123 128841 148490 171624 198911 231151 269301 314508 368140 431832 507537 597578 704725 832271 984120 1.16488e+06 1.37998e+06 1.63569e+06 1.93918e+06 2.29838e+06 2.72174e+06 3.21788e+06 3.79542e+06 4.46348e+06 5.23308e+06 6.11904e+06 7.14124e+06 8.32515e+06 9.70181e+06 1.13079e+07 1.31864e+07 1.53874e+07 1.79694e+07 
201.678 4993.82 27216.7 -1.44251e+06 102049 116262 132928 152482 175458 202504 234403 272095 316708 369594 432377 506996 595773 701479 827422 977543 1.15653e+06 1.36994e+06 1.62436e+06 1.9275e+06 2.28834e+06 2.71709e+06 3.22509e+06 3.82442e+06 4.52738e+06 5.3462e+06 6.29371e+06 7.38534e+06 8.64182e+06 1.00912e+07 1.17696e+07 1.3721e+07 1.59977e+07 1.86606e+07 2.17811e+07 2.54424e+07 
109.415 2711.94 14795.7 48960.1 -1.94084e+06 144263 165160 189716 218619 252703 292977 340654 397194 464353 544235 639366 752769 888060 1.04956e+06 1.24241e+06 1.47275e+06 1.74785e+06 2.07633e+06 2.46829e+06 2.93549e+06 3.49134e+06 4.1507e+06 4.92944e+06 5.84367e+06 6.90936e+06 8.14306e+06 9.56455e+06 1.12005e+07 1.30871e+07 1.52712e+07 1.78105e+07 2.07729e+07 2.42382e+07 2.82993e+07 3.3065e+07 
65.3538 1621.52 8856.33 29340.5 75884.3 -2.48737e+06 194198 223398 257830 298513 346677 403811 471709 552528 648866 763842 901196 1.06541e+06 1.26184e+06 1.49688e+06 1.77815e+06 2.1147e+06 2.51725e+06 2.99838e+06 3.57273e+06 4.25701e+06 5.06978e+06 6.03083e+06 7.16024e+06 8.47779e+06 1.00038e+07 1.17624e+07 1.37859e+07 1.61188e+07 1.8819e+07 2.19577e+07 2.56195e+07 2.9903e+07 3.49237e+07 4.08163e+07 
41.5278 1031.48 5640.24 18708.8 48450.5 108304 -3.08811e+06 253116 292608 339363 394836 460783 539330 633041 745008 878950 1.03934e+06 1.23154e+06 1.46196e+06 1.7383e+06 2.0697e+06 2.46704e+06 2.9432e+06 3.51334e+06 4.19508e+06 5.00856e+06 5.97617e+06 7.12177e+06 8.46958e+06 1.00433e+07 1.18671e+07 1.39691e+07 1.63874e+07 1.91747e+07 2.23998e+07 2.61481e+07 3.05207e+07 3.56361e+07 4.16326e+07 4.86714e+07 
27.5253 684.468 3747.3 12446 32276 72253.6 146792 -3.74995e+06 322492 374710 436805 510798 599144 704808 831375 983173 1.16541e+06 1.38434e+06 1.64749e+06 1.96384e+06 2.34411e+06 2.80107e+06 3.34986e+06 4.00826e+06 4.797e+06 5.73977e+06 6.86292e+06 8.19455e+06 9.76318e+06 1.15966e+07 1.37226e+07 1.61734e+07 1.89927e+07 2.2241e+07 2.59984e+07 3.03642e+07 3.5457e+07 4.14151e+07 4.84003e+07 5.6601e+07 
18.7948 467.929 2565.08 8531.07 22155.6 49674.6 101085 192105 -4.48084e+06 404049 471974 553122 650264 766761 906689 1.07498e+06 1.27758e+06 1.52167e+06 1.81586e+06 2.17048e+06 2.59787e+06 3.11274e+06 3.73254e+06 4.47778e+06 5.37239e+06 6.44373e+06 7.72225e+06 9.24049e+06 1.10314e+07 1.31269e+07 1.55586e+07 1.83627e+07 2.15878e+07 2.53023e+07 2.95973e+07 3.45865e+07 4.04058e+07 4.72143e+07 5.51972e+07 6.45708e+07 
13.109 326.779 1793.73 5974.21 15539 34896.2 71134.9 135435 245160 -5.28993e+06 499802 587085 691865 817890 969714 1.15287e+06 1.37404e+06 1.64132e+06 1.96444e+06 2.3551e+06 2.82729e+06 3.39772e+06 4.08619e+06 4.91606e+06 5.91454e+06 7.11279e+06 8.54554e+06 1.02499e+07 1.22634e+07 1.46222e+07 1.73619e+07 2.05221e+07 2.41564e+07 2.83405e+07 3.31763e+07 3.87921e+07 4.53413e+07 5.30039e+07 6.19892e+07 7.25415e+07 
9.28237 231.693 1273.56 4248.09 11067 24895.7 50841.4 96985.4 175921 307030 -6.18782e+06 612113 723223 857281 1.01931e+06 1.21541e+06 1.45302e+06 1.74113e+06 2.0906e+06 2.51451e+06 3.02854e+06 3.65144e+06 4.40545e+06 5.31683e+06 6.41619e+06 7.73863e+06 9.32327e+06 1.1212e+07 1.3447e+07 1.60691e+07 1.91174e+07 2.26352e+07 2.66803e+07 3.13353e+07 3.67127e+07 4.29552e+07 5.02339e+07 5.87499e+07 6.8737e+07 8.04678e+07 
6.64183 166.008 913.838 3052.93 7966.66 17953.3 36733.8 70216 127640 223281 378965 -7.18675e+06 743752 884166 1.05447e+06 1.26133e+06 1.51288e+06 1.81903e+06 2.19176e+06 2.64553e+06 3.19775e+06 3.86922e+06 4.68471e+06 5.67344e+06 6.86956e+06 8.31219e+06 1.0045e+07 1.21149e+07 1.45689e+07 1.74525e+07 2.08084e+07 2.46834e+07 2.91389e+07 3.42638e+07 4.01808e+07 4.70465e+07 5.50502e+07 6.44139e+07 7.53961e+07 8.82979e+07 
4.78469 119.758 660.233 2209.26 5775.06 13038.6 26730.9 51204.6 93292.4 163592 278375 462401 -8.3009e+06 897975 1.0744e+06 1.28954e+06 1.55221e+06 1.87318e+06 2.26553e+06 2.74513e+06 3.33109e+06 4.04634e+06 4.91821e+06 5.97898e+06 7.2664e+06 8.8238e+06 1.06996e+07 1.29456e+07 1.56143e+07 1.87556e+07 2.24163e+07 2.66458e+07 3.1509e+07 3.71003e+07 4.35515e+07 5.10333e+07 5.97524e+07 6.99524e+07 8.19162e+07 9.59736e+07 
3.4597 86.7193 478.83 1604.92 4202.84 9507.21 19531.4 37496.4 68479.1 120387 205411 342189 558992 -9.54668e+06 1.07861e+06 1.29929e+06 1.56989e+06 1.902e+06 2.3098e+06 2.81051e+06 3.42496e+06 4.17821e+06 5.1002e+06 6.22636e+06 7.59815e+06 9.26323e+06 1.12749e+07 1.36902e+07 1.6567e+07 1.99601e+07 2.39201e+07 2.84992e+07 3.37649e+07 3.98159e+07 4.67926e+07 5.48786e+07 6.42985e+07 7.53167e+07 8.82409e+07 1.03429e+08 
2.50448 62.8692 347.692 1167.38 3062.68 6941.83 14291.6 27500.2 50347.4 88745.7 151853 253738 415843 670634 -1.09431e+07 1.29017e+06 1.5652e+06 1.90438e+06 2.32289e+06 2.83929e+06 3.4761e+06 4.26053e+06 5.22513e+06 6.40856e+06 7.8561e+06 9.61987e+06 1.17582e+07 1.43337e+07 1.74097e+07 2.1046e+07 2.52972e+07 3.02181e+07 3.58778e+07 4.23786e+07 4.9868e+07 5.85417e+07 6.86415e+07 8.04525e+07 9.43069e+07 1.1059e+08 
1.81096 45.5285 252.201 848.25 2229.64 5063.98 10448.5 20152.9 36990.4 65381.1 112205 188083 309291 500606 799497 -1.2512e+07 1.53797e+06 1.87975e+06 2.30374e+06 2.82973e+06 3.4819e+06 4.28955e+06 5.2879e+06 6.51886e+06 8.03164e+06 9.88296e+06 1.21364e+07 1.48602e+07 1.81236e+07 2.19916e+07 2.65228e+07 3.17742e+07 3.78162e+07 4.47531e+07 5.27378e+07 6.19774e+07 7.27295e+07 8.52998e+07 1.00044e+08 1.17376e+08 
1.30534 32.867 182.364 614.456 1618.22 3682.98 7616.21 14725.8 27099.9 48035.6 82689.8 139065 229495 372863 597902 948067 -1.42789e+07 1.82828e+06 2.25205e+06 2.78091e+06 3.44056e+06 4.26237e+06 5.28418e+06 6.55118e+06 8.11661e+06 1.00419e+07 1.23961e+07 1.52534e+07 1.86891e+07 2.27737e+07 2.75699e+07 3.31369e+07 3.95454e+07 4.69003e+07 5.53585e+07 6.51359e+07 7.65054e+07 8.97924e+07 1.05376e+08 1.23696e+08 
0.93614 23.6073 131.204 442.876 1168.62 2665.34 5524.41 10707.8 19758.6 35124.8 60655.2 102355 169535 276534 445319 709331 1.11918e+06 -1.62731e+07 2.1685e+06 2.69296e+06 3.35147e+06 4.17729e+06 5.21082e+06 6.50056e+06 8.10379e+06 1.00869e+07 1.25244e+07 1.54969e+07 1.90859e+07 2.33679e+07 2.84098e+07 3.42729e+07 4.10277e+07 4.87779e+07 5.76819e+07 6.79629e+07 7.99069e+07 9.38578e+07 1.10217e+08 1.2945e+08 
0.666795 16.841 93.7549 317.039 838.218 1915.84 3980.1 7733.89 14309.9 25514 44200.4 74848.2 124442 203812 329659 527594 836670 1.31607e+06 -1.85284e+07 2.56732e+06 3.21542e+06 4.03415e+06 5.06632e+06 6.36361e+06 7.98741e+06 1.00091e+07 1.25091e+07 1.55745e+07 1.92935e+07 2.37489e+07 2.90123e+07 3.51469e+07 4.22222e+07 5.03395e+07 5.96561e+07 7.03993e+07 8.28662e+07 9.74176e+07 1.14476e+08 1.34531e+08 
0.470874 11.911 66.4194 225.007 596.061 1365.27 2842.87 5538.03 10275.1 18374.8 31936.2 54272.1 90580.8 148976 242059 389302 620636 981802 1.54225e+06 -2.10839e+07 3.0347e+06 3.83445e+06 4.8509e+06 6.13874e+06 7.76337e+06 9.80122e+06 1.23389e+07 1.54701e+07 1.92906e+07 2.38895e+07 2.93438e+07 3.57186e+07 4.30821e+07 5.15314e+07 6.122e+07 7.23758e+07 8.53036e+07 1.00379e+08 1.18044e+08 1.38811e+08 
0.328438 8.32057 46.4746 157.722 418.63 960.891 2005.46 3916.55 7286.56 13069.5 22789.8 38867.2 65123.1 107563 175582 283814 454942 723943 1.14443e+06 1.79801e+06 -2.39906e+07 3.57487e+06 4.55834e+06 5.81561e+06 7.41574e+06 9.44001e+06 1.1981e+07 1.51397e+07 1.9019e+07 2.37155e+07 2.93114e+07 3.58744e+07 4.34707e+07 5.21914e+07 6.21831e+07 7.36696e+07 8.69588e+07 1.02437e+08 1.20563e+08 1.41866e+08 
0.219639 5.57257 31.1759 105.989 281.856 648.301 1356.14 2655.04 4953.02 8910.43 15588 26679.9 44877.9 74442.1 122088 198358 319741 511899 814561 1.28884e+06 2.02806e+06 -2.7395e+07 4.08081e+06 5.25232e+06 6.75812e+06 8.68156e+06 1.11184e+07 1.41735e+07 1.79549e+07 2.25637e+07 2.8086e+07 3.45903e+07 4.21389e+07 5.08135e+07 6.07463e+07 7.21463e+07 8.53101e+07 1.00619e+08 1.18529e+08 1.39572e+08 
0.118345 3.00696 16.8491 57.3802 152.877 352.352 738.706 1449.76 2711.77 4892.75 8586.99 14749.1 24905.7 41489.5 68364 111646 180987 291554 467076 744460 1.18073e+06 1.86324e+06 -3.19677e+07 3.79968e+06 4.93698e+06 6.4056e+06 8.28593e+06 1.06669e+07 1.36407e+07 1.72944e+07 2.17019e+07 2.69207e+07 3.29989e+07 3.99952e+07 4.80044e+07 5.71815e+07 6.77553e+07 8.00282e+07 9.43687e+07 1.11207e+08 
0.0354058 0.90087 5.05563 17.2458 46.0311 106.303 223.347 439.374 823.988 1490.94 2624.89 4524.16 7668.8 12829 21237.3 34861.1 56832.7 92123.8 148596 238620 381546 607411 962400 -3.8503e+07 1.99145e+06 2.61194e+06 3.41591e+06 4.44565e+06 5.74551e+06 7.35787e+06 9.31887e+06 1.16561e+07 1.43909e+07 1.75466e+07 2.11604e+07 2.52951e+07 3.00475e+07 3.55502e+07 4.1969e+07 4.94988e+07 
0.025844 0.658472 3.70076 12.6443 33.8082 78.225 164.698 324.74 610.538 1107.77 1956.25 3383.04 5755.82 9668.4 16078.1 26525.3 43485.1 70924.5 115185 186365 300465 482663 772248 1.22986e+06 -4.45538e+07 2.5846e+06 3.42069e+06 4.50566e+06 5.89225e+06 7.63175e+06 9.76844e+06 1.23359e+07 1.53585e+07 1.88592e+07 2.28726e+07 2.74593e+07 3.27177e+07 3.87888e+07 4.58543e+07 5.41314e+07 
0.0372603 0.950583 5.35003 18.3075 49.0323 113.658 239.778 473.816 892.958 1624.5 2877.13 4991.64 8523 14373.4 24007.4 39800.9 65604.2 107650 176008 286909 466403 756075 1.22181e+06 1.96697e+06 3.15168e+06 -4.96394e+07 6.72974e+06 8.98101e+06 1.18994e+07 1.56097e+07 2.0222e+07 2.58209e+07 3.24646e+07 4.01997e+07 4.90882e+07 5.9242e+07 7.08534e+07 8.42144e+07 9.97172e+07 1.17842e+08 
0.0280209 0.715755 4.0338 13.8236 37.0823 86.107 182.001 360.394 680.758 1241.58 2205.05 3837.37 6574.44 11129.1 18666.8 31092.1 51517.6 85029.5 139933 229770 376563 615975 1.0054e+06 1.63643e+06 2.65349e+06 4.28108e+06 -5.75183e+07 9.28691e+06 1.24819e+07 1.66074e+07 2.181e+07 2.82057e+07 3.58731e+07 4.48658e+07 5.5241e+07 6.71006e+07 8.06333e+07 9.61472e+07 1.1408e+08 1.34986e+08 
0.0175526 0.448885 2.53301 8.69245 23.3528 54.3154 115.01 228.187 431.957 789.677 1406.14 2454.13 4218.04 7165.68 12066.6 20187.5 33615.1 55789.7 92385.7 152760 252323 416387 686333 1.12934e+06 1.85336e+06 3.02954e+06 4.92457e+06 -6.77702e+07 1.08444e+07 1.46553e+07 1.95438e+07 2.56471e+07 3.30614e+07 4.18453e+07 5.20442e+07 6.37294e+07 7.70455e+07 9.22525e+07 1.09749e+08 1.30068e+08 
0.0106216 0.271933 1.5363 5.27886 14.2019 33.0819 70.1661 139.468 264.541 484.683 865.148 1514 2609.93 4448.46 7518.56 12630.4 21128.6 35248.4 58711 97718.8 162609 270594 450245 748744 1.24337e+06 2.05918e+06 3.39542e+06 5.56317e+06 -7.9763e+07 1.24203e+07 1.68478e+07 2.24806e+07 2.94389e+07 3.77958e+07 4.75919e+07 5.88703e+07 7.17258e+07 8.63565e+07 1.031e+08 1.22446e+08 
0.00625173 0.160218 0.906136 3.1172 8.39698 19.5872 41.6072 82.8397 157.416 288.993 516.99 906.942 1567.7 2680.12 4545.06 7664.03 12874.9 21581 36139.2 60515.5 101395 170048 285459 479494 805319 1.35079e+06 2.25913e+06 3.75955e+06 6.21096e+06 -9.35467e+07 1.40426e+07 1.90924e+07 2.54624e+07 3.32518e+07 4.25093e+07 5.32586e+07 6.55461e+07 7.94994e+07 9.53795e+07 1.13608e+08 
0.0035713 0.0916065 0.518587 1.78583 4.81601 11.2478 23.9249 47.7045 90.7974 166.988 299.319 526.232 911.821 1563.03 2658.63 4498.16 7585.06 12768.4 21484.8 36173.5 60986.7 103007 174322 295535 501630 851596 1.44381e+06 2.43987e+06 4.09999e+06 6.83379e+06 -1.09158e+08 1.5645e+07 2.13056e+07 2.83898e+07 3.69718e+07 4.70721e+07 5.86979e+07 7.19042e+07 8.68609e+07 1.03901e+08 
0.00197621 0.0507306 0.287418 0.990633 2.67407 6.25182 13.3132 26.5788 50.6579 93.3079 167.532 295.087 512.369 880.331 1501.27 2547.4 4309.67 7281.59 12303.9 20815 35285.1 59970.7 102223 174746 299460 514030 882672 1.51358e+06 2.58617e+06 4.39222e+06 7.3958e+06 -1.26546e+08 1.71729e+07 2.34268e+07 3.11985e+07 4.05299e+07 5.14083e+07 6.38242e+07 7.78488e+07 9.37053e+07 
0.0010577 0.0271693 0.154031 0.531271 1.4352 3.35827 7.15802 14.305 27.2953 50.3382 90.505 159.657 277.689 478.021 816.935 1389.54 2357.21 3995.04 6774.33 11506.6 19596.2 33484 57429 98880.4 170877 296208 514518 894244 1.55217e+06 2.68467e+06 4.61606e+06 7.87067e+06 -1.45587e+08 1.86006e+07 2.54359e+07 3.38739e+07 4.39148e+07 5.5507e+07 6.86271e+07 8.33728e+07 
0.000546819 0.0140538 0.0797177 0.275112 0.743661 1.74128 3.71421 7.42868 14.1872 26.1895 47.138 83.2542 144.996 249.974 427.922 729.24 1239.75 2106.31 3581.71 6103.49 10433.5 17905.6 30867 53465.4 93049.6 162654 285367 501924 883726 1.55476e+06 2.72769e+06 4.76144e+06 8.24864e+06 -1.66104e+08 1.99346e+07 2.73507e+07 3.64441e+07 4.71623e+07 5.94104e+07 7.31572e+07 
0.000272711 0.00701218 0.0397922 0.137389 0.371563 0.87048 1.85784 3.71816 7.10579 13.1273 23.6472 41.8036 72.8799 125.788 215.608 367.955 626.565 1066.51 1817.45 3104.73 5322.65 9165.46 15863.3 27607.6 48320.4 85044.2 150444 267293 476466 851053 1.521e+06 2.71509e+06 4.82979e+06 8.53558e+06 -1.87888e+08 2.12036e+07 2.92128e+07 3.89619e+07 5.03339e+07 6.31888e+07 
0.000130996 0.00336967 0.0191288 0.0660703 0.178757 0.418965 0.894606 1.79132 3.42528 6.33166 11.4132 20.1907 35.2279 60.8548 104.409 178.375 304.11 518.353 884.716 1514.09 2601.19 4490.32 7794.64 13613.5 23929.5 42337.5 75381.9 135016 243121 439836 798823 1.45497e+06 2.65323e+06 4.83083e+06 8.74657e+06 -2.10676e+08 2.24454e+07 3.10726e+07 4.14876e+07 5.34976e+07 
6.0493e-05 0.00155668 0.00883962 0.0305417 0.0826608 0.19381 0.414002 0.829331 1.58654 2.93417 5.29181 9.36696 16.3533 28.2689 48.5371 82.9904 141.618 241.632 412.884 707.527 1217.35 2105.13 3661.85 6411.44 11304.3 20075.8 35914.7 64715.4 117441 214617 394934 731690 1.36376e+06 2.5521e+06 4.7777e+06 8.89904e+06 -2.34087e+08 2.36979e+07 3.29786e+07 4.40775e+07 
2.67977e-05 0.000689848 0.00391841 0.0135424 0.0366637 0.0859913 0.183752 0.36823 0.704714 1.30386 2.3526 4.16632 7.27754 12.5873 21.6252 36.9998 63.1829 107.888 184.511 316.484 545.119 943.826 1644.12 2883.52 5094.49 9070.5 16279 29455.9 53749.1 98949.6 183903 345313 655250 1.25545e+06 2.42225e+06 4.68303e+06 9.00831e+06 -2.57478e+08 2.49945e+07 3.49729e+07 
1.136e-05 0.00029255 0.00166215 0.00574608 0.0155609 0.0365075 0.0780363 0.156433 0.299487 0.554321 1.00058 1.77273 3.09795 5.36083 9.2148 15.7749 26.954 46.0547 78.8173 135.293 233.222 404.166 704.758 1237.46 2189.25 3904.24 7021.34 12738.4 23327 43154.6 80757.3 153109 294494 574893 1.13752e+06 2.27295e+06 4.55708e+06 9.08586e+06 -2.79676e+08 2.63624e+07 
4.59607e-06 0.000118408 0.000672914 0.00232686 0.00630299 0.0147916 0.031627 0.0634199 0.121456 0.224881 0.406073 0.719723 1.25828 2.17834 3.74611 6.41613 10.9688 18.752 32.1107 55.1536 95.1382 164.988 287.915 505.963 895.954 1599.51 2880.19 5233.66 9604.21 17819.8 33488.6 63890.1 124029 245416 495062 1.01607e+06 2.11151e+06 4.40731e+06 9.13913e+06 -2.98556e+08 
cycle: 0
true_cycle: 0
nIterations: 0
nTrueIterations: 0
Branch: 0
dt_FE: 1.83414e-12
dt_EA: 1.83414e-12
dt_PE: 1.83414e-12
