t: 8.5238e-09
dt: 2.18997e-09
N: 0.00519171 0.00599471 0.0069186 0.00798166 0.00920399 0.0106057 0.0122123 0.0140522 0.0161545 0.0185466 0.0212686 0.0243597 0.0278407 0.0317558 0.0361479 0.0410365 0.0464082 0.0523077 0.0587424 0.0655391 0.0726853 0.0801063 0.0875159 0.0944261 0.100722 0.106074 0.108942 0.109221 0.106533 0.0996778 0.0983787 0.36703 0.281469 0.024639 0.0100484 0.00349647 0.000970054 0.000210399 3.54337e-05 4.49776e-06 
eC: 1 1.15749 1.33977 1.55077 1.795 2.07768 2.40489 2.78363 3.22201 3.72944 4.31677 4.99661 5.78351 6.69433 7.7486 8.9689 10.3814 12.0163 13.9087 16.0991 18.6345 21.5692 24.9661 28.8979 33.4489 38.7167 44.814 51.8717 60.0407 69.4963 80.4411 93.1095 107.773 124.746 144.391 167.131 193.452 223.918 259.182 300 
dV: 1.08333 0.211322 0.327712 0.508206 0.788112 1.22218 1.89532 2.93921 4.55805 7.06849 10.9616 16.999 26.3615 40.8807 63.3966 98.3136 152.462 236.434 366.655 568.597 881.764 1367.42 2120.55 3288.49 5099.69 7908.45 12264.2 19019 29494.1 45738.6 70930.1 109996 170579 264529 410225 636165 986546 1.52991e+06 2.37254e+06 3.67926e+06 
kVec: 831418 965715 1.11444e+06 1.28632e+06 1.4848e+06 1.7134e+06 1.9766e+06 2.2795e+06 2.62772e+06 3.02643e+06 3.48359e+06 4.00737e+06 4.60339e+06 5.28204e+06 6.05409e+06 6.92951e+06 7.91151e+06 9.01759e+06 1.02621e+07 1.16297e+07 1.3141e+07 1.48081e+07 1.66291e+07 1.85555e+07 2.06358e+07 2.2913e+07 2.52059e+07 2.76663e+07 3.04343e+07 3.36646e+07 3.74762e+07 4.27721e+07 5.16168e+07 6.62859e+07 9.03881e+07 1.27927e+08 1.81232e+08 2.47427e+08 3.27511e+08 4.16651e+08 
cMat: 
-196439 955.148 1122.35 1307.34 1524.03 1779.16 2079.73 2434.14 2853.7 3353.93 3949.66 4661.02 5521.75 6563.51 7827.37 9376.05 11301.3 13689.1 16667.9 20488.9 25378.8 31670 39922.1 50968.8 65704.9 85550.6 113294 151773 205541 282240 393038 552677 784582 1.12815e+06 1.62886e+06 2.3546e+06 3.38472e+06 4.83739e+06 6.92111e+06 9.93786e+06 
4853.92 -232209 1292.53 1505.58 1755.14 2048.98 2395.16 2803.35 3286.59 3862.77 4548.98 5368.39 6359.92 7560.03 9016.08 10800.4 13018.7 15770.2 19203 23606.8 29243.2 36495.7 46009.9 58748.3 75743.7 98635.9 130645 175048 237106 325648 453578 637934 905792 1.30267e+06 1.88116e+06 2.71973e+06 3.91004e+06 5.58858e+06 7.99632e+06 1.14822e+07 
3640.93 825.091 -267514 1732.14 2019.27 2357.35 2755.67 3225.35 3781.4 4444.42 5234.07 6177.05 7318.16 8699.41 10375.3 12429.2 14982.9 18150.7 22103.3 27174.5 33666 42020 52981 67659.3 87246.6 113635 150542 201751 273338 375501 523143 735952 1.04521e+06 1.50351e+06 2.17163e+06 3.14025e+06 4.51526e+06 6.45419e+06 9.23547e+06 1.32622e+07 
2702.99 612.544 1103.96 -308757 2321.2 2709.87 3167.8 3707.79 4347.09 5109.41 6017.37 7101.68 8413.91 10002.4 11929.9 14292.3 17229.8 20874.2 25421.9 31257.5 38728.8 48345 60964.6 77867.6 100428 130830 173361 232389 314929 432755 603076 848635 1.20557e+06 1.73462e+06 2.506e+06 3.62452e+06 5.21243e+06 7.4515e+06 1.06633e+07 1.53134e+07 
2004.58 454.275 818.73 1476.68 -356856 3084.56 3638.27 4258.54 4992.92 5868.65 6911.73 8157.47 9665.16 11490.4 13705.3 16420.3 19796.7 23986 29214.3 35924.4 44516.6 55577.7 70096.5 89548.1 115517 150520 199503 267506 362626 498450 694845 978073 1.38988e+06 2.00037e+06 2.89068e+06 4.18187e+06 6.01504e+06 8.59988e+06 1.23077e+07 1.7676e+07 
1485.59 336.665 606.77 1094.4 1958.16 -412787 4172.24 4883.66 5725.98 6730.5 7927.04 9356.15 11085.9 13180.2 15721.9 18837.6 22713.1 27522.2 33525 41230.6 51099.7 63807.3 80491.5 102851 132710 172970 229330 307603 417126 573577 799876 1.12634e+06 1.60116e+06 2.30523e+06 3.33228e+06 4.82208e+06 6.93743e+06 9.92003e+06 1.41985e+07 2.0393e+07 
1099.71 249.221 449.175 810.167 1462.64 2642.16 -477802 5592.33 6557.07 7707.67 9078.31 10715.5 12697.3 15096.9 18009.5 21580.5 26022.8 31536.2 38419.4 47257.2 58579.1 73160.9 92311.5 117985 152282 198542 263329 353342 479348 659421 919992 1.29605e+06 1.84319e+06 2.65474e+06 3.83891e+06 5.55703e+06 7.99684e+06 1.14368e+07 1.63713e+07 2.35158e+07 
812.785 184.198 331.989 598.812 1081.09 1952.96 3531.43 -553340 7419.61 8814 10381.9 12254.7 14522.1 17267.9 20601 24688.2 29773.6 36086.4 43968.9 54092.8 67065.4 83778.3 105735 135181 174534 227635 302038 405462 550309 757410 1.05723e+06 1.49012e+06 2.12023e+06 3.05512e+06 4.4197e+06 6.40014e+06 9.21279e+06 1.31782e+07 1.88666e+07 2.71027e+07 
599.755 135.922 244.983 441.886 797.795 1441.23 2606.18 4670 -641259 10060.3 11850.4 13989.1 16578.6 19714.8 23522.5 28192.3 34004 41219.8 50232.1 61810.3 76651.3 95777.4 120914 154640 199733 260608 345952 464648 630978 868931 1.2136e+06 1.71149e+06 2.43658e+06 3.51278e+06 5.08421e+06 7.36559e+06 1.06061e+07 1.51744e+07 2.17279e+07 3.12166e+07 
441.993 100.17 180.548 325.67 587.991 1062.25 1920.94 3478.6 6308.19 -743172 13489.8 15925.4 18875 22448 26786.5 32108.6 38733.6 46961.5 57240.5 70451.1 87390.7 109230 137946 176495 228064 297722 395446 531449 722160 995182 1.3909e+06 1.96289e+06 2.7964e+06 4.03405e+06 5.84205e+06 8.46789e+06 1.21983e+07 1.7457e+07 2.50009e+07 3.59236e+07 
324.953 73.6465 132.745 239.449 432.332 781.067 1412.52 2558.03 4639.04 8421.77 -861747 18088.1 21440.4 25501.9 30434.6 36486.9 44023.2 53385.4 65085.2 80128.2 99425.6 124316 157060 201045 259921 339502 451232 606845 825223 1.1381e+06 1.59192e+06 2.24836e+06 3.20556e+06 4.62762e+06 6.70608e+06 9.72604e+06 1.40173e+07 2.00659e+07 2.87433e+07 4.13074e+07 
238.204 53.9871 97.3119 175.539 316.953 572.641 1035.64 1875.61 3401.66 6175.86 11235.7 -999899 24112.3 28900.1 34495.2 41361.9 49915.2 60544.1 73831.7 90924.2 112861 141170 178435 228526 295621 386380 513916 691693 941391 1.29946e+06 1.81927e+06 2.57176e+06 3.66989e+06 5.30222e+06 7.68943e+06 1.11597e+07 1.60919e+07 2.30434e+07 3.30164e+07 4.74566e+07 
174.274 39.4989 71.1991 128.439 231.918 419.029 757.868 1372.64 2489.64 4520.44 8224.84 14891.1 -1.1603e+06 32610.7 38930.9 46690.2 56358.9 68378.8 83411.6 102760 127607 159691 201955 258814 335039 438241 583415 785990 1.07082e+06 1.47973e+06 2.07393e+06 2.93497e+06 4.1927e+06 6.06357e+06 8.8016e+06 1.27843e+07 1.84464e+07 2.64256e+07 3.78733e+07 5.44491e+07 
127.077 28.8027 51.9205 93.6657 169.137 305.612 552.774 1001.25 1816.18 3297.97 6001.27 10948.7 20004.9 -1.34727e+06 43764 52498.9 63388.2 76931.6 93878.2 115704 143752 179994 227776 292120 378464 495490 660314 890587 1.21477e+06 1.68075e+06 2.35871e+06 3.34226e+06 4.78052e+06 6.92168e+06 1.00579e+07 1.4623e+07 2.11152e+07 3.02631e+07 4.33879e+07 6.23922e+07 
92.2494 20.9095 37.6936 68.0032 122.803 221.906 401.4 727.121 1319.06 2395.54 4359.69 7954.96 14537.4 26640 -1.56545e+06 58143.2 71017.1 86221.4 105257 129791 161343 202147 255993 328584 426103 558431 745072 1.00618e+06 1.3743e+06 1.90422e+06 2.67625e+06 3.79775e+06 5.43981e+06 7.88664e+06 1.1474e+07 1.67001e+07 2.4135e+07 3.46096e+07 4.96386e+07 7.14003e+07 
66.6683 15.1118 27.2433 49.1525 88.7669 160.414 290.194 525.724 953.815 1732.44 3153.38 5754.83 10518.9 19280.5 35079.2 -1.82158e+06 79149.5 96134.8 117413 144864 180195 225930 286351 367909 477617 626692 837301 1.13242e+06 1.54917e+06 2.15013e+06 3.02708e+06 4.30296e+06 6.17386e+06 8.96472e+06 1.30611e+07 1.90343e+07 2.75359e+07 3.95113e+07 5.66941e+07 8.15748e+07 
47.9892 10.8783 19.6123 35.3868 63.9114 115.507 208.976 378.631 687.035 1248.08 2272.15 4147.44 7582.68 13902.5 25587.6 47267.7 -2.11986e+06 106399 130022 160529 199836 250774 318158 409257 531990 699045 935531 1.26756e+06 1.7374e+06 2.41633e+06 3.40902e+06 4.85604e+06 6.98178e+06 1.0157e+07 1.4824e+07 2.1637e+07 3.13395e+07 4.50032e+07 6.46095e+07 9.29994e+07 
34.3072 7.77725 14.0224 25.3026 45.7023 82.6057 149.468 270.846 491.53 893.079 1626.19 2969.02 5429.7 9958.26 18334.8 33883.7 62795.9 -2.47088e+06 143092 176801 220287 276711 351466 452709 589353 775701 1.04011e+06 1.41218e+06 1.93991e+06 2.70436e+06 3.82466e+06 5.46128e+06 7.87066e+06 1.14752e+07 1.67814e+07 2.45381e+07 3.55914e+07 5.11538e+07 7.34855e+07 1.05821e+08 
24.3215 5.51387 9.94221 17.9417 32.4097 58.586 106.02 192.143 348.758 633.797 1154.33 2108.06 3856.38 7075.25 13032 24095 44679.7 83313.5 -2.88665e+06 192325 241267 303404 385868 497775 649119 855965 1.15023e+06 1.56539e+06 2.1558e+06 3.01344e+06 4.27363e+06 6.11927e+06 8.84298e+06 1.2925e+07 1.89451e+07 2.77588e+07 4.03277e+07 5.8019e+07 8.34069e+07 1.20168e+08 
17.1403 3.8861 7.00774 12.6474 22.8486 41.3082 74.7646 135.522 246.034 447.225 814.751 1488.37 2723.76 4999.4 9212.92 17043.5 31625.5 59016.8 110263 -3.3739e+06 261103 328795 418819 541286 707325 934867 1.25963e+06 1.71931e+06 2.3752e+06 3.33131e+06 4.74086e+06 6.81185e+06 9.87755e+06 1.44825e+07 2.12891e+07 3.12734e+07 4.55253e+07 6.55785e+07 9.43571e+07 1.36026e+08 
11.9572 2.7112 4.88954 8.82546 15.946 28.8333 52.195 94.6297 171.835 312.437 569.372 1040.48 1904.92 3498.16 6450.01 11940 22172.6 41413 77901.8 147052 -3.95331e+06 352617 449977 582804 763409 1.01169e+06 1.36742e+06 1.87282e+06 2.5968e+06 3.65656e+06 5.22513e+06 7.53854e+06 1.09757e+07 1.61525e+07 2.38249e+07 3.51049e+07 5.12246e+07 7.38972e+07 1.06436e+08 1.53545e+08 
8.23333 1.86701 3.36745 6.0789 10.985 19.8662 35.9695 65.2273 118.474 215.481 392.82 718.13 1315.38 2416.87 4459.09 8260.44 15353.1 28704.2 54055.6 102177 194568 -4.64601e+06 473025 621206 815936 1.08459e+06 1.47121e+06 2.0229e+06 2.81679e+06 3.98451e+06 5.72091e+06 8.29325e+06 1.21316e+07 1.7931e+07 2.6553e+07 3.92627e+07 5.74503e+07 8.302e+07 1.19718e+08 1.72843e+08 
5.59471 1.2688 2.28877 4.13226 7.46848 13.5093 24.4652 44.3765 80.626 146.694 267.529 489.302 896.735 1648.7 3044 5643.7 10500.1 19653.4 37059.1 70160.3 133843 254989 -5.48645e+06 652783 860158 1.14747e+06 1.56309e+06 2.15926e+06 3.02183e+06 4.29799e+06 6.20639e+06 9.04883e+06 1.33125e+07 1.97796e+07 2.94307e+07 4.37031e+07 6.41611e+07 9.29085e+07 1.34168e+08 1.93885e+08 
3.74986 0.850519 1.53446 2.77085 5.00885 9.06222 16.4159 29.7849 54.1336 98.533 179.781 328.986 603.313 1110.04 2051.2 3806.73 7090.74 13289.9 25097.8 47603.4 91006.9 175800 342701 -6.49333e+06 889067 1.19114e+06 1.63093e+06 2.26584e+06 3.1907e+06 4.56906e+06 6.64522e+06 9.75886e+06 1.44607e+07 2.16285e+07 3.23765e+07 4.83359e+07 7.12616e+07 1.03458e+08 1.49667e+08 2.16527e+08 
2.46139 0.558352 1.00751 1.81964 3.29003 5.95393 10.7884 19.5809 35.6013 64.8302 118.349 216.696 397.67 732.279 1354.41 2516.31 4693.23 8809.46 16664.7 31674 60699.1 117574 229931 452696 -7.72999e+06 1.21628e+06 1.67518e+06 2.34263e+06 3.3226e+06 4.79578e+06 7.03396e+06 1.04184e+07 1.55705e+07 2.34732e+07 3.53914e+07 5.31751e+07 7.87888e+07 1.14738e+08 1.66333e+08 2.40952e+08 
1.57557 0.357461 0.645129 1.16539 2.10757 3.81509 6.91506 12.5552 22.8369 41.6069 75.9972 139.24 255.725 471.323 872.644 1623.2 3031.84 5700.34 10803.5 20581 39546.2 76834.4 150797 298174 597954 -9.28394e+06 1.68541e+06 2.38376e+06 3.4089e+06 4.96559e+06 7.35481e+06 1.1003e+07 1.66103e+07 2.52751e+07 3.84322e+07 5.81788e+07 8.67111e+07 1.26733e+08 1.84171e+08 2.67189e+08 
0.986519 0.223856 0.404085 0.730121 1.32075 2.39153 4.33635 7.87645 14.3334 26.1291 47.7572 87.5635 160.961 296.974 550.489 1025.37 1918.41 3613.83 6863.96 13111.2 25272.1 49277.2 97121.9 193030 389382 796871 -1.11864e+07 2.34555e+06 3.3891e+06 4.99467e+06 7.49267e+06 1.13573e+07 1.73753e+07 2.67719e+07 4.11733e+07 6.29589e+07 9.45769e+07 1.38903e+08 2.02509e+08 2.94348e+08 
0.597078 0.13551 0.244663 0.442179 0.800095 1.44925 2.62882 4.77701 8.69752 15.8649 29.0171 53.2454 97.9713 180.96 335.866 626.535 1174.33 2216.76 4220.38 8085.19 15637.7 30611.5 60614.5 121159 246012 509194 1.0597e+06 -1.36021e+07 3.27585e+06 4.89437e+06 7.45491e+06 1.14812e+07 1.78545e+07 2.79417e+07 4.35853e+07 6.74897e+07 1.02383e+08 1.51285e+08 2.21448e+08 3.22602e+08 
0.346581 0.0786732 0.142077 0.256841 0.464875 0.842347 1.52857 2.77896 5.06238 9.24014 16.9129 31.0605 57.2096 105.796 196.626 367.373 689.907 1305.2 2491.19 4787.48 9293.66 18269.8 36359.1 73127.7 149555 312108 656284 1.40409e+06 -1.67229e+07 4.6126e+06 7.22891e+06 1.13446e+07 1.79911e+07 2.86945e+07 4.55415e+07 7.1613e+07 1.09952e+08 1.63691e+08 2.40787e+08 3.51712e+08 
0.192072 0.0436086 0.0787723 0.14244 0.257892 0.467471 0.848665 1.54364 2.81362 5.1391 9.41382 17.3038 31.906 59.0769 109.955 205.784 387.246 734.346 1405.4 2709.95 5281.53 10430.2 20871.1 42263.2 87120.8 183485 390349 846653 1.86159e+06 -2.08529e+07 6.72549e+06 1.08024e+07 1.75583e+07 2.86965e+07 4.65789e+07 7.47288e+07 1.16549e+08 1.75229e+08 2.59413e+08 3.80187e+08 
0.0995297 0.0226021 0.0408372 0.0738646 0.133776 0.242582 0.440586 0.801785 1.46227 2.67272 4.8998 9.01462 16.6401 30.8505 57.5038 107.806 203.298 386.457 741.663 1435.08 2808.39 5572.58 11214.8 22872.7 47548.4 101129 217900 479871 1.08564e+06 2.50263e+06 -2.63326e+07 9.57438e+06 1.60601e+07 2.71245e+07 4.54043e+07 7.49079e+07 1.19429e+08 1.82098e+08 2.72043e+08 4.00517e+08 
0.0334728 0.00760283 0.01374 0.0248592 0.0450363 0.0816972 0.148446 0.270278 0.493207 0.902103 1.65511 3.04778 5.63209 10.4551 19.5164 36.6513 69.2609 131.979 253.987 493.158 969.058 1932.05 3910.65 8033.58 16843.7 36184 78994.6 176755 407476 961379 2.28988e+06 -3.62168e+07 9.71965e+06 1.70908e+07 2.97384e+07 5.0855e+07 8.34496e+07 1.2964e+08 1.96038e+08 2.90354e+08 
0.0166197 0.00377566 0.00682509 0.0123517 0.0223838 0.0406198 0.0738389 0.134505 0.245584 0.449493 0.825335 1.52115 2.814 5.23034 9.77736 18.3926 34.8287 66.5254 128.374 250.113 493.468 988.496 2012.24 4163.56 8804.54 19105 42268.9 96138.3 226016 546540 1.34343e+06 3.39951e+06 -4.81381e+07 1.64184e+07 3.00095e+07 5.36747e+07 9.1366e+07 1.45406e+08 2.23369e+08 3.334e+08 
0.00889737 0.00202166 0.00365527 0.00661675 0.0119943 0.0217734 0.0395954 0.0721593 0.131819 0.241421 0.4436 0.818247 1.51519 2.81951 5.27763 9.94334 18.8645 36.1114 69.8583 136.533 270.381 543.965 1113.14 2318.52 4941.79 10823.6 24248 56015.8 134211 332566 844770 2.22554e+06 6.1128e+06 -6.28314e+07 3.18886e+07 6.0923e+07 1.09922e+08 1.82151e+08 2.87521e+08 4.35146e+08 
0.00312569 0.00071034 0.00128459 0.0023259 0.00421729 0.0076581 0.0139315 0.0253995 0.0464217 0.0850681 0.156413 0.288728 0.535142 0.99687 1.86823 3.52487 6.69904 12.8494 24.9145 48.8338 97.0367 195.997 402.994 844.467 1812.92 4004.44 9073.61 21260.2 51827.9 131343 344065 942235 2.71854e+06 7.75896e+06 -8.87196e+07 4.61124e+07 9.00427e+07 1.58426e+08 2.60955e+08 4.04426e+08 
0.000933015 0.000212067 0.000383577 0.000694652 0.00125983 0.00228835 0.00416429 0.00759504 0.0138871 0.0254615 0.0468432 0.0865279 0.160506 0.299279 0.561488 1.06074 2.01908 3.87973 7.53811 14.8131 29.5243 59.8443 123.572 260.334 562.465 1251.76 2865.03 6797.85 16828.9 43512.4 117214 332723 1.00405e+06 3.06096e+06 9.52193e+06 -1.27231e+08 6.46386e+07 1.2487e+08 2.19209e+08 3.53349e+08 
0.000230304 5.23525e-05 9.4706e-05 0.000171539 0.000311162 0.000565319 0.00102902 0.00187732 0.00343374 0.0062982 0.0115926 0.0214249 0.0397679 0.0742065 0.13934 0.263499 0.502174 0.966303 1.8805 3.7028 7.39772 15.0363 31.1519 65.9057 143.106 320.359 739.034 1770.8 4436.86 11653.1 32089.9 93752.1 293478 948347 3.19274e+06 1.10994e+07 -1.80991e+08 8.31964e+07 1.6245e+08 2.82109e+08 
4.57883e-05 1.04093e-05 1.88323e-05 3.4114e-05 6.18881e-05 0.000112454 0.000204727 0.000373567 0.000683423 0.00125386 0.00230856 0.00426798 0.00792524 0.0147953 0.0277966 0.0525975 0.100316 0.193202 0.376362 0.742002 1.48461 3.02272 6.2753 13.3106 28.9914 65.1356 150.992 364 918.888 2437.27 6806.6 20261 64974.1 218615 781459 2.98285e+06 1.15736e+07 -2.47361e+08 9.78567e+07 1.99295e+08 
7.15285e-06 1.62619e-06 2.94225e-06 5.33018e-06 9.67058e-06 1.75737e-05 3.19975e-05 5.8394e-05 0.000106845 0.000196064 0.00036106 0.000667675 0.00124017 0.00231601 0.00435286 0.00824028 0.0157248 0.0303037 0.059074 0.116568 0.233471 0.475922 0.989437 2.10242 4.5888 10.335 24.0353 58.1752 147.581 393.958 1110.26 3345.21 10897.8 37677.2 140542 571730 2.46744e+06 1.06844e+07 -3.27497e+08 1.19787e+08 
8.47644e-07 1.92719e-07 3.487e-07 6.3174e-07 1.14624e-06 2.08314e-06 3.79322e-06 6.92314e-06 1.26689e-05 2.32509e-05 4.28241e-05 7.92043e-05 0.000147148 0.000274865 0.00051674 0.000978537 0.00186804 0.00360151 0.00702424 0.0138689 0.027797 0.056708 0.118005 0.251028 0.548614 1.23744 2.88325 6.9944 17.791 47.651 134.904 408.91 1342.46 4706.1 17976.1 76059.5 353639 1.79586e+06 9.88611e+06 -4.16648e+08 
dt_FE: 2.18997e-09
dt_EA: 2.18997e-09
dt_PE: 2.18997e-09
tolC: 1e-06
dt_grow: 1.03
dt_max: 0.1
steps: 0
