t: 2.53239e-06
dt: 2.98371e-07
N: 0.863646 0.887168 0.905072 0.91782 0.926187 0.931089 0.933471 0.934134 0.933677 0.932487 0.930771 0.928597 0.92595 0.922752 0.918886 0.914188 0.908442 0.90136 0.892556 0.881509 0.867508 0.849578 0.826383 0.796113 0.756383 0.704253 0.636575 0.551086 0.448584 0.335672 0.225501 0.133315 0.0684649 0.0303135 0.0114883 0.0036835 0.000981054 0.000211646 3.58359e-05 4.58652e-06 
eC: 1 1.15749 1.33977 1.55077 1.795 2.07768 2.40489 2.78363 3.22201 3.72944 4.31677 4.99661 5.78351 6.69433 7.7486 8.9689 10.3814 12.0163 13.9087 16.0991 18.6345 21.5692 24.9661 28.8979 33.4489 38.7167 44.814 51.8717 60.0407 69.4963 80.4411 93.1095 107.773 124.746 144.391 167.131 193.452 223.918 259.182 300 
dV: 1.08333 0.211322 0.327712 0.508206 0.788112 1.22218 1.89532 2.93921 4.55805 7.06849 10.9616 16.999 26.3615 40.8807 63.3966 98.3136 152.462 236.434 366.655 568.597 881.764 1367.42 2120.55 3288.49 5099.69 7908.45 12264.2 19019 29494.1 45738.6 70930.1 109996 170579 264529 410225 636165 986546 1.52991e+06 2.37254e+06 3.67926e+06 
kVec: 1.0301e+06 1.19339e+06 1.37488e+06 1.58371e+06 1.82368e+06 2.09842e+06 2.41263e+06 2.77156e+06 3.18053e+06 3.64377e+06 4.16864e+06 4.76185e+06 5.42519e+06 6.1659e+06 6.99005e+06 7.89978e+06 8.88627e+06 9.95717e+06 1.11117e+07 1.23082e+07 1.35478e+07 1.48183e+07 1.60891e+07 1.72809e+07 1.84372e+07 1.96007e+07 2.06412e+07 2.18077e+07 2.33972e+07 2.58634e+07 2.96964e+07 3.61556e+07 4.71157e+07 6.38682e+07 8.9496e+07 1.28173e+08 1.82276e+08 2.48899e+08 3.2919e+08 4.18366e+08 
cMat: 
-61056.1 130.918 153.836 179.192 208.893 243.862 285.06 333.637 391.144 459.709 541.363 638.866 756.843 899.633 1072.86 1285.14 1549.02 1876.31 2284.6 2808.32 3478.56 4340.87 5471.95 6986.08 9005.89 11726.1 15528.7 20802.9 28172.6 38685.4 53872 75753.1 107539 154631 223261 322736 463930 663040 948647 1.36214e+06 
550.983 -71584.8 146.719 170.903 199.231 232.585 271.881 318.217 373.071 438.475 516.368 609.382 721.933 858.161 1023.44 1225.98 1477.79 1790.12 2179.79 2679.67 3319.48 4142.73 5222.72 6668.7 8597.89 11196.4 14829.8 19870.2 26914.6 36965.3 51487 72413.8 102819 147870 213536 308724 443840 634376 907685 1.30338e+06 
348.034 78.87 -83025.1 165.574 193.021 225.338 263.413 308.309 361.462 424.839 500.322 590.46 699.539 831.572 991.771 1188.1 1432.21 1735.02 2112.84 2597.59 3218.12 4016.67 5064.43 6467.52 8339.85 10862.3 14390.2 19285.2 26128.2 35893.9 50006.9 70349.2 99911.3 143720 207584 300175 431611 616952 882813 1.26772e+06 
223.919 50.7439 91.4536 -96454 192.291 224.489 262.424 307.157 360.118 423.27 498.486 588.312 697.018 828.609 988.284 1183.99 1427.34 1729.25 2105.98 2589.41 3208.33 4004.96 5050.38 6450.64 8319.61 10838.1 14361.4 19251.4 26089.1 35849.9 49959.5 70301.9 99871.1 143698 207600 300260 431803 617291 883363 1.26858e+06 
149.339 33.8431 60.9947 110.012 -112239 229.797 271.048 317.258 371.968 437.209 514.918 607.725 720.047 856.025 1021.04 1223.3 1474.84 1786.93 2176.44 2676.33 3316.45 4140.49 5222.13 6671.26 8605.91 11213.6 14862.8 19929 27015.3 37134.1 51765.3 72865.6 103545 149026 215353 311546 448115 640684 916917 1.31685e+06 
103.47 23.4485 42.2612 76.2244 136.384 -130782 290.594 340.144 398.811 468.775 552.113 651.65 772.128 917.993 1095.02 1312.03 1581.95 1916.9 2334.99 2871.69 3559.06 4444.14 5606.18 7163.48 9243.17 12047.3 15972.7 21424.3 29052.6 39949.3 55710.9 78448.8 111520 160558 232091 335855 483187 690924 988918 1.42036e+06 
74.0677 16.7855 30.2528 54.5663 98.5117 177.954 -152620 376.654 441.631 519.126 611.441 721.707 855.185 1016.81 1212.97 1453.48 1752.68 2124.02 2587.62 3182.86 3945.41 4927.52 6217.35 7946.5 10256.5 13372.2 17735.7 23798.3 32285 44413.2 61963.2 87291.1 124143 178802 258557 374277 538602 770288 1.10264e+06 1.58383e+06 
54.298 12.3053 22.1785 40.0035 72.2221 130.467 235.917 -178412 495.666 588.818 693.558 818.676 970.148 1153.58 1376.25 1649.29 1989.02 2410.74 2937.34 3613.66 4480.3 5596.8 7063.6 9030.76 11659.7 15207.1 20177.6 27086.8 36763.3 50598.7 70628.1 99547.1 141641 204097 295257 427560 615459 880367 1.26038e+06 1.81059e+06 
40.4306 9.16276 16.5147 29.7883 53.7808 97.1558 175.687 314.813 -208950 678.18 798.86 943.03 1117.59 1329.01 1585.69 1900.5 2292.27 2778.7 3386.24 4166.75 5167.21 6456.53 8151.04 10424.6 13464.3 17568.1 23321.3 31322.8 42535.4 58576.3 81810.9 115375 164254 236803 342736 496528 714977 1.02294e+06 1.46472e+06 2.10437e+06 
30.4041 6.89057 12.4197 22.4024 40.447 73.0704 132.138 239.288 433.931 -245115 927.942 1095.49 1298.38 1544.16 1842.61 2208.7 2664.43 3230.41 3937.49 4846.23 6011.48 7513.77 9489.09 12140.8 15688.2 20479.9 27202.1 36557.6 49676.3 68457.1 95678 135025 192360 277496 401866 582494 839105 1.20084e+06 1.71977e+06 2.47113e+06 
22.9851 5.20929 9.38951 16.9371 30.5805 55.2478 99.9124 180.939 328.137 595.703 -288222 1279.44 1516.56 1803.84 2152.75 2580.85 3113.92 3776.15 4603.72 5667.76 7032.74 8793.31 11109.5 14220.7 18385.1 24014.2 31917.3 42924.4 58371 80502 112602 159034 226741 327328 474346 687959 991492 1.41933e+06 2.03312e+06 2.92183e+06 
17.433 3.95107 7.12181 12.8469 23.1963 41.9089 75.7934 137.267 248.952 451.983 822.292 -339856 1764.67 2115.07 2524.54 3027.09 3653.06 4430.95 5403.4 6654.32 8259.79 10331.6 13058.8 16724.8 21635.2 28277.4 37611.1 50621.8 68896.1 95101.8 133144 188216 268582 388045 562754 816729 1.1777e+06 1.68644e+06 2.41632e+06 3.47313e+06 
13.2746 3.00867 5.42331 9.78338 17.6655 31.9179 57.7276 104.555 189.639 344.327 626.496 1134.27 -401671 2483.99 2965.41 3556.45 4292.92 5208.49 6353.56 7827.36 9719.97 12163.8 15383.2 19714.1 25520.3 33381.3 44439.4 59869.8 81565.8 112712 157973 223560 319363 461869 670428 973794 1.40508e+06 2.01287e+06 2.88485e+06 4.14745e+06 
10.1384 2.29792 4.14229 7.47278 13.4939 24.3822 44.1011 79.8808 144.897 263.117 478.79 873.503 1596.02 -476269 3491.56 4188.43 5057.2 6137.71 7489.73 9231.05 11468.7 14360.2 18172.3 23305.7 30194.4 39530.9 52680.8 71052.2 96915.7 134093 188181 266650 381397 552221 802433 1.16664e+06 1.6846e+06 2.41443e+06 3.46155e+06 4.97774e+06 
7.76334 1.75966 3.17214 5.72287 10.3346 18.6747 33.7802 61.1916 111.007 201.599 366.894 669.458 1223.41 2241.91 -566970 4893.1 5976.51 7256.05 8857.98 10922.7 13578 17011.8 21543.3 27652.3 35859.1 46995.3 62702.3 84676.4 115656 160251 225222 319603 457793 663708 965607 1.40541e+06 2.03111e+06 2.91261e+06 4.17739e+06 6.00876e+06 
5.96574 1.35226 2.43784 4.39835 7.94321 14.3545 25.9677 47.0439 85.3511 155.026 282.177 514.964 941.271 1725.29 3139.03 -677881 7082.61 8602.51 10506.6 12963 16124.6 20217.1 25623.8 32922 42739.1 56078.8 74925 101333 138626 192402 270875 385046 552461 802198 1.16876e+06 1.70326e+06 2.46402e+06 3.53562e+06 5.07321e+06 7.29963e+06 
4.60762 1.04447 1.88305 3.39762 6.13638 11.0903 20.0646 36.3538 65.9649 119.833 218.158 398.211 728.042 1334.83 2456.77 4538.35 -813600 10215.8 12483.9 15413 19187 24077.8 30547.6 39294.3 51078.4 67118 89824 121704 166814 232001 327313 466247 670347 975216 1.42331e+06 2.07746e+06 3.00902e+06 4.32093e+06 6.20341e+06 8.92923e+06 
3.57086 0.809492 1.45951 2.63362 4.75691 8.59798 15.5573 28.1909 51.1607 92.9558 169.262 309.03 565.149 1036.5 1908.37 3526.78 6536.1 -982171 14893.7 18402.3 22928.5 28801.4 36582.3 47120.1 61342.7 80738.6 108259 146987 201915 281483 398088 568436 819215 1.19439e+06 1.74669e+06 2.55404e+06 3.70452e+06 5.32433e+06 7.64871e+06 1.10144e+07 
2.77629 0.629406 1.1349 2.04803 3.69955 6.68756 12.1021 21.933 39.8105 72.3476 131.766 240.634 440.204 807.636 1487.59 2750.43 5100.17 9510.19 -1.19388e+06 21953.8 27540.5 34633.4 44046.6 56820.8 74096.6 97707.9 131298 178689 246084 343983 487832 698511 1.00942e+06 1.47539e+06 2.16257e+06 3.16865e+06 4.60339e+06 6.62284e+06 9.52085e+06 1.37171e+07 
2.17341 0.492764 0.888592 1.6037 2.89724 5.23794 9.48026 17.1843 31.1974 56.7087 103.312 188.728 345.377 633.931 1168.21 2161.15 4010.16 7483.41 13981.4 -1.45841e+06 33108.2 41691.7 53106.8 68635.9 89689.8 118542 159723 218010 301179 422415 601148 863753 1.25249e+06 1.8364e+06 2.69949e+06 3.96551e+06 5.77267e+06 8.31545e+06 1.19646e+07 1.72482e+07 
1.70841 0.387368 0.698603 1.26096 2.27832 4.11961 7.45747 13.5204 24.5513 44.6401 81.3503 148.661 272.17 499.807 921.56 1705.95 3167.96 5916.98 11130.4 21010.4 -1.79497e+06 50380.9 64291.5 83269.4 109074 144547 195373 267583 371024 522439 746552 1.07709e+06 1.56817e+06 2.30783e+06 3.40404e+06 5.01569e+06 7.31883e+06 1.05582e+07 1.52073e+07 2.19381e+07 
1.34633 0.305297 0.55065 0.99403 1.79628 3.24855 5.88179 10.666 19.3731 35.2357 64.2345 117.43 215.093 395.21 729.156 1350.76 2510.55 4693.75 8839.24 16708.1 31816.1 -2.22901e+06 77349.7 101580 133423 177354 240575 330788 460606 651552 935492 1.35612e+06 1.98377e+06 2.9321e+06 4.34198e+06 6.42029e+06 9.39435e+06 1.35756e+07 1.95765e+07 2.82635e+07 
1.0645 0.241414 0.435481 0.78624 1.42102 2.57039 4.65496 8.44345 15.3406 27.9112 50.9024 93.0989 170.621 313.695 579.178 1073.82 1997.83 3739.43 7051.18 13349.3 25466.2 48516.4 -2.79335e+06 124204 163661 218327 297407 410839 574961 817772 1.18088e+06 1.72171e+06 2.53294e+06 3.76344e+06 5.59974e+06 8.31533e+06 1.22078e+07 1.76776e+07 2.5528e+07 3.68903e+07 
0.844271 0.191492 0.345479 0.623849 1.12773 2.04033 3.69599 6.706 12.188 22.1844 40.4772 74.0703 135.834 249.923 461.823 857.075 1596.46 2992.17 5650.69 10717.8 20490 39580.8 77158.1 -3.52336e+06 200171 268182 367200 510147 718377 1.02871e+06 1.49615e+06 2.19718e+06 3.25579e+06 4.8696e+06 7.28948e+06 1.08827e+07 1.60443e+07 2.32932e+07 3.36972e+07 4.87504e+07 
0.666798 0.151259 0.272937 0.492945 0.891277 1.61294 2.92262 5.30451 9.64449 17.5627 32.061 58.7035 107.73 198.376 366.913 681.675 1271.41 2386.51 4514.52 8580.56 16443.5 31851.1 62288.8 122637 -4.49162e+06 329495 453809 634624 900100 1.29919e+06 1.90552e+06 2.82237e+06 4.2181e+06 6.35896e+06 9.58763e+06 1.44053e+07 2.13441e+07 3.10829e+07 4.50601e+07 6.52744e+07 
0.521264 0.118263 0.213435 0.385557 0.69727 1.26219 2.28779 4.15378 7.55539 13.7653 25.143 46.0662 84.6043 155.933 288.706 537.02 1003.06 1885.9 3574.23 6809.03 13083.5 25420 49889.7 98648 197828 -5.79686e+06 557602 788645 1.1278e+06 1.64282e+06 2.43327e+06 3.64025e+06 5.49537e+06 8.36203e+06 1.27149e+07 1.92479e+07 2.86876e+07 4.19286e+07 6.09313e+07 8.8397e+07 
0.40236 0.0913014 0.164809 0.297786 0.538677 0.975407 1.76862 3.21248 5.84599 10.657 19.4782 35.7135 65.6494 121.123 224.522 418.206 782.44 1473.93 2799.52 5347.52 10307.4 20098.1 39612 78728.7 158813 325010 -7.50154e+06 956653 1.38227e+06 2.03712e+06 3.05595e+06 4.63217e+06 7.08667e+06 1.09192e+07 1.67929e+07 2.56783e+07 3.8574e+07 5.66526e+07 8.25951e+07 1.20052e+08 
0.300901 0.0682911 0.1233 0.222839 0.403213 0.73036 1.32481 2.40741 4.38317 7.99521 14.6234 26.8334 49.3733 91.1958 169.262 315.746 591.813 1117.15 2126.89 4074.58 7880.74 15426.8 30547.1 61058.8 123980 256612 534043 -9.78978e+06 1.65089e+06 2.46655e+06 3.75695e+06 5.78601e+06 8.99788e+06 1.40814e+07 2.19651e+07 3.40119e+07 5.15966e+07 7.62409e+07 1.116e+08 1.62577e+08 
0.213897 0.0485543 0.0876848 0.158513 0.286904 0.519866 0.943377 1.71508 3.12432 5.70268 10.438 19.1694 35.3077 65.2932 121.35 226.729 425.785 805.525 1537.47 2954.66 5735.71 11275.5 22439.5 45131.8 92300 192622 405035 866552 -1.29016e+07 2.84673e+06 4.46142e+06 7.00145e+06 1.11035e+07 1.77092e+07 2.81066e+07 4.41969e+07 6.78585e+07 1.01024e+08 1.48605e+08 2.17064e+08 
0.141726 0.0321778 0.0581244 0.105104 0.190293 0.344937 0.626211 1.13902 2.07611 3.79203 6.94625 12.7681 23.5427 43.5915 81.1332 151.844 285.74 541.858 1037.01 1999.61 3897.13 7696.22 15400.4 31185.1 64284.5 135390 288030 624727 1.37363e+06 -1.71818e+07 4.96259e+06 7.97084e+06 1.29559e+07 2.11745e+07 3.43696e+07 5.51407e+07 8.59989e+07 1.29298e+08 1.91415e+08 2.80532e+08 
0.0854967 0.0194154 0.0350795 0.0634502 0.114914 0.208379 0.378467 0.688739 1.2561 2.29588 4.20896 7.74362 14.294 26.5008 49.3962 92.6063 174.634 331.969 637.094 1232.74 2412.43 4786.89 9633.63 19647.8 40844.4 86870.2 187177 412213 932570 2.14978e+06 -2.29998e+07 8.22446e+06 1.37957e+07 2.33002e+07 3.90026e+07 6.43464e+07 1.0259e+08 1.56424e+08 2.33687e+08 3.44047e+08 
0.0458322 0.0104101 0.0188133 0.0340381 0.0616654 0.111863 0.203258 0.370075 0.675317 1.23519 2.26623 4.17313 7.71166 14.3155 26.7225 50.1843 94.8344 180.711 347.768 675.25 1326.87 2645.43 5354.6 10999.9 23063 49544.4 108162 242019 557930 1.31635e+06 3.13539e+06 -3.13355e+07 1.33085e+07 2.34013e+07 4.07188e+07 6.96324e+07 1.14262e+08 1.77507e+08 2.68423e+08 3.97563e+08 
0.0215466 0.00489492 0.00884834 0.0160132 0.0290193 0.0526612 0.0957279 0.174378 0.318386 0.582743 1.07 1.97208 3.64819 6.78084 12.6758 23.845 45.1534 86.2464 166.429 324.257 639.753 1281.53 2608.75 5397.82 11414.6 24768.6 54799.2 124638 293016 708558 1.74168e+06 4.40727e+06 -4.38899e+07 2.12856e+07 3.89057e+07 6.95861e+07 1.18451e+08 1.88511e+08 2.89585e+08 4.32234e+08 
0.0088456 0.0020099 0.003634 0.00657825 0.0119245 0.0216467 0.039365 0.0717394 0.131053 0.240016 0.441019 0.813487 1.50638 2.80311 5.24692 9.88549 18.7548 35.9013 69.4519 135.739 268.808 540.801 1106.66 2305.03 4913.04 10760.6 24106.9 55689.9 133430 330631 839855 2.21259e+06 6.07724e+06 -6.19322e+07 3.1703e+07 6.05686e+07 1.09282e+08 1.81091e+08 2.85848e+08 4.32615e+08 
0.00312115 0.000709307 0.00128272 0.00232251 0.00421116 0.00764696 0.0139112 0.0253626 0.0463542 0.0849444 0.156185 0.288308 0.534364 0.99542 1.86551 3.51974 6.68929 12.8307 24.8782 48.7628 96.8956 195.712 402.408 843.239 1810.28 3998.62 9060.41 21229.2 51752.5 131152 343565 940865 2.71459e+06 7.74767e+06 -8.84678e+07 4.60453e+07 8.99118e+07 1.58195e+08 2.60575e+08 4.03838e+08 
0.00093284 0.000212028 0.000383505 0.000694521 0.00125959 0.00228792 0.00416351 0.00759361 0.0138845 0.0254567 0.0468344 0.0865117 0.160476 0.299223 0.561383 1.06054 2.0187 3.879 7.5367 14.8103 29.5188 59.8331 123.548 260.285 562.359 1251.52 2864.49 6796.57 16825.7 43504.2 117192 332661 1.00386e+06 3.06038e+06 9.52015e+06 -1.27701e+08 6.46265e+07 1.24847e+08 2.19168e+08 3.53282e+08 
0.000230301 5.23519e-05 9.4705e-05 0.000171537 0.000311159 0.000565312 0.00102901 0.0018773 0.0034337 0.00629813 0.0115925 0.0214246 0.0397675 0.0742057 0.139339 0.263496 0.502168 0.966293 1.88048 3.70276 7.39764 15.0362 31.1516 65.905 143.105 320.355 739.026 1770.78 4436.81 11652.9 32089.5 93751.1 293475 948336 3.1927e+06 1.10993e+07 -1.82097e+08 8.31955e+07 1.62449e+08 2.82106e+08 
4.57882e-05 1.04093e-05 1.88322e-05 3.41139e-05 6.1888e-05 0.000112453 0.000204726 0.000373567 0.000683423 0.00125386 0.00230856 0.00426798 0.00792523 0.0147953 0.0277966 0.0525974 0.100316 0.193202 0.376361 0.742001 1.48461 3.02272 6.27529 13.3105 28.9913 65.1355 150.992 364 918.886 2437.27 6806.6 20261 64974 218615 781458 2.98285e+06 1.15736e+07 -2.48846e+08 9.78565e+07 1.99294e+08 
7.15284e-06 1.62619e-06 2.94225e-06 5.33018e-06 9.67058e-06 1.75737e-05 3.19975e-05 5.83939e-05 0.000106845 0.000196064 0.00036106 0.000667675 0.00124017 0.00231601 0.00435286 0.00824028 0.0157248 0.0303036 0.059074 0.116568 0.233471 0.475922 0.989437 2.10242 4.5888 10.335 24.0353 58.1752 147.581 393.958 1110.25 3345.21 10897.8 37677.1 140542 571730 2.46744e+06 1.06844e+07 -3.29178e+08 1.19787e+08 
8.47644e-07 1.92719e-07 3.487e-07 6.3174e-07 1.14624e-06 2.08314e-06 3.79322e-06 6.92314e-06 1.26689e-05 2.32509e-05 4.28241e-05 7.92043e-05 0.000147148 0.000274865 0.00051674 0.000978537 0.00186804 0.00360151 0.00702424 0.0138689 0.027797 0.056708 0.118005 0.251028 0.548614 1.23744 2.88325 6.9944 17.791 47.651 134.904 408.91 1342.45 4706.1 17976.1 76059.5 353639 1.79586e+06 9.88611e+06 -4.18364e+08 
dt_FE: 2.98371e-07
dt_EA: 2.98371e-07
dt_PE: 2.98371e-07
tolC: 1e-06
dt_grow: 1.03
dt_max: 0.1
steps: 0
