t: 1.04089e-07
dt: 2.39184e-09
N: 0.0762376 0.0874108 0.100068 0.114375 0.130494 0.148541 0.168667 0.191005 0.215622 0.242477 0.271614 0.302944 0.336045 0.370672 0.406439 0.442619 0.478162 0.512529 0.5448 0.573034 0.596553 0.614323 0.62457 0.625111 0.615172 0.592826 0.553991 0.497946 0.424144 0.334518 0.237302 0.14953 0.0778445 0.0345378 0.0131316 0.00421533 0.00112343 0.000242491 4.10738e-05 5.25839e-06 
eC: 1 1.15749 1.33977 1.55077 1.795 2.07768 2.40489 2.78363 3.22201 3.72944 4.31677 4.99661 5.78351 6.69433 7.7486 8.9689 10.3814 12.0163 13.9087 16.0991 18.6345 21.5692 24.9661 28.8979 33.4489 38.7167 44.814 51.8717 60.0407 69.4963 80.4411 93.1095 107.773 124.746 144.391 167.131 193.452 223.918 259.182 300 
dV: 1.08333 0.211322 0.327712 0.508206 0.788112 1.22218 1.89532 2.93921 4.55805 7.06849 10.9616 16.999 26.3615 40.8807 63.3966 98.3136 152.462 236.434 366.655 568.597 881.764 1367.42 2120.55 3288.49 5099.69 7908.45 12264.2 19019 29494.1 45738.6 70930.1 109996 170579 264529 410225 636165 986546 1.52991e+06 2.37254e+06 3.67926e+06 
kVec: 986138 1.14327e+06 1.31787e+06 1.51902e+06 1.75051e+06 2.01599e+06 2.32021e+06 2.66847e+06 3.06629e+06 3.51824e+06 4.032e+06 4.61477e+06 5.26938e+06 6.00395e+06 6.82576e+06 7.73869e+06 8.73643e+06 9.82848e+06 1.10167e+07 1.22636e+07 1.35726e+07 1.49341e+07 1.63192e+07 1.76498e+07 1.89649e+07 2.03004e+07 2.15101e+07 2.28225e+07 2.45087e+07 2.69926e+07 3.07444e+07 3.70344e+07 4.77711e+07 6.42804e+07 8.96852e+07 1.28174e+08 1.82136e+08 2.48677e+08 3.28925e+08 4.18089e+08 
cMat: 
-116187 886.934 1042.2 1213.98 1415.19 1652.1 1931.2 2260.3 2649.89 3114.4 3667.59 4328.14 5127.41 6094.77 7268.36 8706.45 10494.2 12711.5 15477.6 19025.6 23566.3 29408.2 37071 47328.8 61012.5 79440.8 105203 140934 190862 262083 364968 513207 728549 1.04758e+06 1.51253e+06 2.18645e+06 3.143e+06 4.49192e+06 6.42682e+06 9.22813e+06 
4456.35 -138647 1186.66 1382.26 1611.38 1881.15 2198.98 2573.74 3017.4 3546.39 4176.38 4928.68 5838.99 6940.81 8277.6 9915.76 11952.4 14478.5 17630.2 21673.2 26848 33506.4 42241.4 53936.4 69539.8 90556.9 119944 160710 217685 298975 416427 585683 831601 1.19598e+06 1.72708e+06 2.49696e+06 3.58978e+06 5.13084e+06 7.34136e+06 1.05417e+07 
3299.42 747.699 -158893 1569.67 1829.87 2136.24 2497.19 2922.82 3426.71 4027.54 4743.12 5597.65 6631.73 7883.42 9402.14 11263.4 13577.5 16448.2 20030.1 24625.6 30508.2 38078.6 48011.5 61313 79063 102977 136421 182827 247700 340279 474073 666921 947174 1.36249e+06 1.96793e+06 2.8457e+06 4.09173e+06 5.8488e+06 8.36919e+06 1.20182e+07 
2413.1 546.849 985.564 -182542 2072.25 2419.24 2828.05 3310.13 3880.87 4561.43 5372.01 6340.03 7511.52 8929.63 10650.4 12759.4 15381.9 18635.5 22695.4 27905.2 34575.1 43160 54426.2 69516.3 89657.5 116799 154768 207465 281153 386342 538397 757619 1.07628e+06 1.54858e+06 2.23724e+06 3.2358e+06 4.65339e+06 6.65233e+06 9.51969e+06 1.36711e+07 
1759.18 398.665 718.504 1295.91 -210071 2706.96 3192.89 3737.23 4381.7 5150.23 6065.62 7158.86 8481.99 10083.8 12027.6 14410.2 17373.2 21049.7 25638 31526.6 39067 48774.1 61515.6 78585.9 101376 132094 175081 234759 318234 437431 609784 858341 1.21973e+06 1.75549e+06 2.53681e+06 3.66994e+06 5.2787e+06 7.54712e+06 1.08011e+07 1.55122e+07 
1278.47 289.729 522.178 941.827 1685.16 -241997 3590.57 4202.81 4927.7 5792.17 6821.9 8051.77 9540.39 11342.7 13530 16211.4 19546.5 23685.2 28851.1 35482.5 43975.7 54911.6 69269.8 88511.8 114208 148856 197358 264719 358973 493612 688362 969312 1.37793e+06 1.98385e+06 2.86771e+06 4.14981e+06 5.97025e+06 8.53704e+06 1.2219e+07 1.75499e+07 
925.53 209.747 378.031 681.846 1230.98 2223.67 -278959 4706.56 5518.51 6486.86 7640.41 9018.26 10686.2 12705.7 15157 18162.4 21901.1 26541.2 32334.2 39772.2 49300.8 61573 77690.4 99297.3 128162 167095 221620 297377 403424 554976 774276 1.09077e+06 1.55125e+06 2.23426e+06 3.23087e+06 4.67686e+06 6.73023e+06 9.62531e+06 1.37783e+07 1.97912e+07 
666.911 151.139 272.406 491.34 887.062 1602.45 2897.63 -321676 6087.98 7232.1 8518.57 10055.3 11915.8 14168.7 16903.6 20257.3 24430 29609.8 36077.6 44384.5 55028.9 68742.2 86758.1 110920 143209 186780 247830 332692 451542 621474 867484 1.22268e+06 1.7397e+06 2.5068e+06 3.62647e+06 5.25147e+06 7.55932e+06 1.0813e+07 1.54806e+07 2.22384e+07 
478.159 108.365 195.314 352.297 636.048 1149.03 2077.8 3723.19 -371172 8020.62 9447.85 11152.9 13217.4 15717.8 18753.5 22476.6 27109.9 32862.8 40047.9 49278.8 61110.9 76359.3 96399.7 123288 159238 207772 275813 370445 503052 692762 967551 1.3645e+06 1.94258e+06 2.80059e+06 4.05343e+06 5.87228e+06 8.45579e+06 1.20979e+07 1.73228e+07 2.48876e+07 
341.147 77.3152 139.354 251.365 453.833 819.883 1482.65 2684.91 4868.9 -428276 10411.9 12291.9 14568.4 17326.2 20674.8 24782.6 29896.1 36246.6 44180.4 54376.8 67451.4 84307.8 106472 136226 176028 229793 305220 410193 557390 768119 1.07355e+06 1.51504e+06 2.15836e+06 3.11363e+06 4.50912e+06 6.53584e+06 9.41513e+06 1.34739e+07 1.92966e+07 2.77272e+07 
241.834 54.8088 98.7904 178.201 321.748 581.281 1051.21 1903.72 3452.44 6267.6 -494408 13461.4 15956.2 18978.8 22649.8 27154.1 32762.7 39730.2 48437.4 59632.5 73993.9 92517.5 116887 149621 193437 252662 335813 451623 614142 846990 1.18473e+06 1.67326e+06 2.38563e+06 3.44394e+06 4.99076e+06 7.23826e+06 1.04318e+07 1.49333e+07 2.13912e+07 3.07416e+07 
170.187 38.5716 69.5254 125.416 226.45 409.129 739.92 1340.04 2430.35 4412.4 8027.48 -571169 17227.3 20648 24645.4 29551.4 35662.4 43256.3 52749.8 64961.7 80634.7 100860 127485 163272 211209 276053 367172 494187 672586 928414 1.29979e+06 1.83742e+06 2.62199e+06 3.78822e+06 5.49379e+06 7.97317e+06 1.1497e+07 1.64636e+07 2.35889e+07 3.39058e+07 
119.024 26.9765 48.6268 87.7202 158.393 286.184 517.601 937.468 1700.35 3087.32 5617.32 10170.2 -660182 22272.1 26588.6 31888 38491.4 46700.6 56967.6 70182 87151.7 109064 137929 176762 228821 299305 398455 536807 731339 1.01061e+06 1.41643e+06 2.0045e+06 2.86348e+06 4.14123e+06 6.01122e+06 8.73128e+06 1.25983e+07 1.80479e+07 2.58663e+07 3.71871e+07 
82.5961 18.7208 33.7466 60.8797 109.933 198.638 359.285 650.778 1180.46 2143.57 3900.63 7116.31 13002.5 -764012 28445.2 34122.6 41200.3 50003.1 61017.8 75204.1 93433.9 116990 148047 189869 245990 322052 429183 578853 789559 1.09243e+06 1.53309e+06 2.17236e+06 3.10719e+06 4.49887e+06 6.53731e+06 9.50449e+06 1.37242e+07 1.967e+07 2.82008e+07 4.05529e+07 
56.8092 12.8765 23.2125 41.8778 75.6246 136.654 247.191 447.777 812.307 1475.22 2684.79 4898.84 8952.46 16405.5 -885565 35805.8 43733.8 53097 64819.3 79928.3 99358.5 124486 157646 202349 262403 343894 458831 619629 846323 1.17266e+06 1.64809e+06 2.33873e+06 3.34995e+06 4.85676e+06 7.06595e+06 1.02843e+07 1.48629e+07 2.13134e+07 3.05685e+07 4.39698e+07 
38.7498 8.78348 15.8347 28.569 51.5942 93.2379 168.67 305.568 554.388 1006.95 1832.85 3344.89 6113.92 11206.4 20389.2 -1.02938e+06 46004.3 55876.6 68244.5 84199.4 104735 131318 166437 213841 277607 364254 486667 658199 900429 1.24973e+06 1.75944e+06 2.50102e+06 3.58845e+06 5.21059e+06 7.59152e+06 1.10633e+07 1.60048e+07 2.29652e+07 3.29525e+07 4.74139e+07 
26.2613 5.95297 10.7325 19.3649 34.9745 63.2093 114.359 207.2 375.969 682.99 1243.4 2269.62 4149.5 7607.9 14002.4 25866.5 -1.19911e+06 58225 71152.5 87846.7 109357 137232 174107 223959 291123 382541 511954 693654 950762 1.3223e+06 1.86553e+06 2.65739e+06 3.82066e+06 5.55827e+06 8.11218e+06 1.18405e+07 1.715e+07 2.46273e+07 3.53565e+07 5.08924e+07 
17.6468 4.00044 7.21279 13.0151 23.5082 42.4905 76.8828 139.317 252.832 459.379 836.476 1527.2 2792.91 5122.3 9431.01 17429 32300.8 -1.40252e+06 73603.4 90942.5 113310 142334 180786 232863 303150 399003 535008 726395 997846 1.39106e+06 1.96732e+06 2.80916e+06 4.04849e+06 5.90257e+06 8.63197e+06 1.26218e+07 1.83074e+07 2.63123e+07 3.77992e+07 5.44321e+07 
11.7621 2.66655 4.80814 8.67673 15.6736 28.3327 51.272 92.9219 168.662 306.51 558.245 1019.48 1864.98 3421.65 6302.37 11652.5 21607.5 40291.1 -1.64954e+06 93010.2 116679 146729 186609 240728 313919 413952 556261 757036 1.04256e+06 1.45733e+06 2.06676e+06 2.95933e+06 4.27654e+06 6.25066e+06 9.16201e+06 1.34244e+07 1.95028e+07 2.80585e+07 4.03363e+07 5.8114e+07 
7.83159 1.77561 3.20192 5.77873 10.4398 18.8742 34.1608 61.9215 112.416 204.342 372.269 680.054 1244.52 2284.29 4209.49 7787.4 14450.1 26965.5 50380.2 -1.94866e+06 119301 150231 191363 247320 323185 427152 575541 785571 1.08526e+06 1.52211e+06 2.16615e+06 3.11242e+06 4.51317e+06 6.61723e+06 9.72724e+06 1.42892e+07 2.0801e+07 2.99636e+07 4.31129e+07 6.21517e+07 
5.20222 1.17956 2.12729 3.8397 6.93763 12.5445 22.7085 41.1706 74.7604 135.932 247.717 452.684 828.776 1521.95 2806.21 5194.73 9646.65 18017.6 33892.8 63978 -2.31863e+06 153413 195772 253561 332137 440157 594923 814808 1.12979e+06 1.59086e+06 2.2733e+06 3.2798e+06 4.77519e+06 7.02748e+06 1.03655e+07 1.52731e+07 2.22863e+07 3.21505e+07 4.63072e+07 6.6803e+07 
3.45193 0.782769 1.41185 2.54865 4.60559 8.32916 15.0807 27.3474 49.6719 90.343 164.695 301.085 551.492 1013.31 1869.53 3463.29 6436.97 12034.6 22663.5 42839.1 81575.2 -2.78273e+06 198322 260448 342092 454730 616824 848128 1.18098e+06 1.67056e+06 2.39857e+06 3.47705e+06 5.08631e+06 7.5178e+06 1.11327e+07 1.64614e+07 2.40868e+07 3.48072e+07 5.01934e+07 7.24666e+07 
2.30187 0.522033 0.941686 1.70017 3.07281 5.55821 10.0659 18.2581 33.1726 60.3553 110.072 201.317 368.95 678.335 1252.42 2322.03 4320.12 8086.16 15247.5 28866.6 55068.1 104912 -3.37423e+06 268579 353901 472111 643112 888399 1.2433e+06 1.76835e+06 2.55354e+06 3.72303e+06 5.47724e+06 8.13807e+06 1.21089e+07 1.79811e+07 2.63983e+07 3.8226e+07 5.52018e+07 7.97716e+07 
1.55236 0.352097 0.635235 1.14707 2.07356 3.75157 6.79584 12.3303 22.4102 40.7906 74.4256 136.194 249.759 459.535 849.156 1575.91 2935.42 5501.72 10390 19706.8 37675 72777.5 141871 -4.12513e+06 368055 493109 675172 938011 1.32088e+06 1.8915e+06 2.75098e+06 4.03996e+06 5.98643e+06 8.95375e+06 1.34032e+07 2.00101e+07 2.95008e+07 4.28294e+07 6.19592e+07 8.96377e+07 
1.0533 0.238935 0.431143 0.778678 1.4079 2.54787 4.6167 8.37925 15.2349 27.7428 50.645 92.7307 170.175 313.364 579.592 1076.8 2008.37 3769.83 7131.35 13554.2 25975 50313.5 98394.2 193722 -5.10541e+06 520485 716858 1.00248e+06 1.42184e+06 2.05226e+06 3.01004e+06 4.45834e+06 6.6631e+06 1.00449e+07 1.5145e+07 2.27552e+07 3.37161e+07 4.91e+07 7.1179e+07 1.0311e+08 
0.717659 0.16282 0.29385 0.530822 0.959977 1.73773 3.14974 5.71879 10.402 18.9515 34.616 63.4223 116.48 214.683 397.481 739.35 1380.97 2596.45 4920.87 9374.43 18012.9 34997.3 68686.4 135815 272362 -6.41349e+06 767687 1.08578e+06 1.55272e+06 2.26178e+06 3.35004e+06 5.01176e+06 7.56583e+06 1.15126e+07 1.75055e+07 2.64999e+07 3.94961e+07 5.77258e+07 8.38881e+07 1.21702e+08 
0.493792 0.112049 0.20226 0.365454 0.661085 1.19706 2.17052 3.94247 7.17443 13.0786 23.9043 43.829 80.5674 148.647 275.542 513.239 960.241 1808.86 3435.68 6562.68 12649.7 24665.2 48613.3 96618.9 194901 398865 -8.11126e+06 1.17404e+06 1.69638e+06 2.50003e+06 3.75038e+06 5.68478e+06 8.69704e+06 1.34004e+07 2.06089e+07 3.15134e+07 4.73395e+07 6.95262e+07 1.01364e+08 1.47333e+08 
0.33652 0.076375 0.137895 0.249217 0.450944 0.816816 1.48163 2.69238 4.90203 8.94164 16.3544 30.0098 55.2178 101.991 189.298 353.123 661.869 1249.39 2378.66 4556.91 8813.62 17253 34163.1 68286.7 138656 286988 597260 -1.03863e+07 1.84631e+06 2.75853e+06 4.20168e+06 6.47093e+06 1.0063e+07 1.57483e+07 2.45652e+07 3.8038e+07 5.77043e+07 8.52659e+07 1.24811e+08 1.81822e+08 
0.223378 0.0507064 0.0915713 0.165539 0.29962 0.542908 0.985191 1.79109 3.2628 5.95544 10.9007 20.0191 36.8726 68.1872 126.729 236.779 444.658 841.229 1605.62 3085.62 5989.94 11775.2 23434.1 47132.2 96391 201159 422988 904961 -1.34825e+07 2.9729e+06 4.65916e+06 7.31178e+06 1.15956e+07 1.84942e+07 2.93523e+07 4.61559e+07 7.08663e+07 1.05502e+08 1.55192e+08 2.26685e+08 
0.141972 0.0322338 0.0582254 0.105286 0.190624 0.345536 0.627299 1.141 2.07971 3.79862 6.95832 12.7903 23.5836 43.6673 81.2742 152.108 286.237 542.799 1038.82 2003.09 3903.9 7709.59 15427.1 31239.2 64396.2 135625 288531 625812 1.37602e+06 -1.77473e+07 4.97121e+06 7.98469e+06 1.29784e+07 2.12113e+07 3.44293e+07 5.52365e+07 8.61483e+07 1.29522e+08 1.91748e+08 2.81019e+08 
0.084194 0.0191195 0.0345449 0.0624834 0.113163 0.205204 0.3727 0.678245 1.23696 2.2609 4.14483 7.62563 14.0762 26.097 48.6435 91.1952 171.973 326.911 627.386 1213.96 2375.67 4713.95 9486.84 19348.4 40222 85546.5 184325 405932 918360 2.11702e+06 -2.35388e+07 8.09914e+06 1.35855e+07 2.29451e+07 3.84083e+07 6.3366e+07 1.01027e+08 1.5404e+08 2.30126e+08 3.38805e+08 
0.0449747 0.0102153 0.0184614 0.0334013 0.0605117 0.10977 0.199455 0.363151 0.662683 1.21208 2.22383 4.09506 7.56738 14.0477 26.2225 49.2454 93.0602 177.33 341.262 662.617 1302.04 2595.94 5254.42 10794.1 22631.5 48617.5 106139 237491 547492 1.29173e+06 3.07673e+06 -3.18245e+07 1.30595e+07 2.29635e+07 3.9957e+07 6.83297e+07 1.12124e+08 1.74186e+08 2.63401e+08 3.90125e+08 
0.0213296 0.00484564 0.00875925 0.015852 0.0287271 0.052131 0.094764 0.172622 0.315181 0.576875 1.05923 1.95222 3.61146 6.71256 12.5482 23.6049 44.6988 85.378 164.754 320.992 633.311 1268.63 2582.49 5343.47 11299.7 24519.2 54247.4 123383 290066 701423 1.72414e+06 4.36289e+06 -4.42429e+07 2.10712e+07 3.85139e+07 6.88855e+07 1.17258e+08 1.86613e+08 2.86669e+08 4.27882e+08 
0.00880707 0.00200114 0.00361817 0.00654959 0.0118726 0.0215524 0.0391936 0.0714269 0.130482 0.23897 0.439098 0.809943 1.49981 2.7909 5.22406 9.84243 18.6731 35.7449 69.1493 135.148 267.637 538.445 1101.84 2294.99 4891.63 10713.7 24001.9 55447.3 132849 329191 836197 2.20295e+06 6.05076e+06 -6.21394e+07 3.15649e+07 6.03047e+07 1.08806e+08 1.80302e+08 2.84603e+08 4.3073e+08 
0.00311596 0.000708128 0.00128059 0.00231865 0.00420416 0.00763425 0.0138881 0.0253204 0.0462771 0.0848032 0.155925 0.287829 0.533476 0.993765 1.86241 3.51389 6.67817 12.8093 24.8369 48.6817 96.7345 195.386 401.739 841.837 1807.27 3991.97 9045.35 21193.9 51666.5 130934 342994 939300 2.71008e+06 7.73479e+06 -8.85387e+07 4.59688e+07 8.97623e+07 1.57932e+08 2.60142e+08 4.03166e+08 
0.000932342 0.000211914 0.0003833 0.000694151 0.00125892 0.0022867 0.00416129 0.00758956 0.0138771 0.0254432 0.0468094 0.0864655 0.160391 0.299063 0.561083 1.05997 2.01762 3.87693 7.53267 14.8024 29.503 59.8012 123.482 260.146 562.059 1250.85 2862.96 6792.94 16816.8 43481 117129 332483 1.00332e+06 3.05875e+06 9.51507e+06 -1.27644e+08 6.4592e+07 1.2478e+08 2.19051e+08 3.53094e+08 
0.000230268 5.23445e-05 9.46915e-05 0.000171513 0.000311115 0.000565232 0.00102886 0.00187703 0.00343321 0.00629723 0.0115908 0.0214216 0.0397618 0.0741951 0.139319 0.263458 0.502097 0.966155 1.88021 3.70223 7.39659 15.034 31.1471 65.8956 143.084 320.31 738.92 1770.52 4436.17 11651.3 32085 93737.7 293433 948201 3.19225e+06 1.10977e+07 -1.81934e+08 8.31836e+07 1.62425e+08 2.82066e+08 
4.57868e-05 1.0409e-05 1.88317e-05 3.41129e-05 6.18861e-05 0.00011245 0.00020472 0.000373555 0.000683401 0.00125382 0.00230849 0.00426785 0.00792499 0.0147949 0.0277958 0.0525958 0.100313 0.193196 0.37635 0.741978 1.48456 3.02263 6.27509 13.3101 28.9904 65.1335 150.988 363.988 918.858 2437.19 6806.39 20260.3 64972 218608 781433 2.98276e+06 1.15733e+07 -2.48617e+08 9.78535e+07 1.99288e+08 
7.1528e-06 1.62618e-06 2.94223e-06 5.33015e-06 9.67053e-06 1.75736e-05 3.19973e-05 5.83936e-05 0.000106845 0.000196063 0.000361058 0.000667672 0.00124016 0.002316 0.00435284 0.00824024 0.0157247 0.0303035 0.0590737 0.116567 0.23347 0.475919 0.989432 2.10241 4.58878 10.3349 24.0352 58.1749 147.58 393.956 1110.25 3345.19 10897.8 37677 140541 571727 2.46742e+06 1.06843e+07 -3.28911e+08 1.19786e+08 
8.47644e-07 1.92718e-07 3.487e-07 6.3174e-07 1.14624e-06 2.08314e-06 3.79322e-06 6.92313e-06 1.26689e-05 2.32509e-05 4.28241e-05 7.92043e-05 0.000147148 0.000274865 0.00051674 0.000978537 0.00186804 0.00360151 0.00702423 0.0138689 0.027797 0.0567079 0.118005 0.251028 0.548614 1.23744 2.88325 6.99439 17.791 47.651 134.903 408.91 1342.45 4706.1 17976.1 76059.4 353639 1.79586e+06 9.8861e+06 -4.18087e+08 
dt_FE: 2.39184e-09
dt_EA: 2.39184e-09
dt_PE: 2.39184e-09
tolC: 1e-06
dt_grow: 1.03
dt_max: 0.1
steps: 0
