t: 6.3417e-08
dt: 2.39324e-09
N: 0.0443251 0.0509748 0.058558 0.0671957 0.0770126 0.0881173 0.100647 0.114741 0.130514 0.148032 0.167425 0.188765 0.211921 0.23689 0.263585 0.291681 0.320586 0.350047 0.379497 0.407401 0.433176 0.455893 0.473818 0.484686 0.487784 0.481421 0.461158 0.42666 0.377033 0.311777 0.235346 0.174108 0.0928784 0.0393129 0.0150881 0.00485958 0.00129667 0.000280053 4.7453e-05 6.07654e-06 
eC: 1 1.15749 1.33977 1.55077 1.795 2.07768 2.40489 2.78363 3.22201 3.72944 4.31677 4.99661 5.78351 6.69433 7.7486 8.9689 10.3814 12.0163 13.9087 16.0991 18.6345 21.5692 24.9661 28.8979 33.4489 38.7167 44.814 51.8717 60.0407 69.4963 80.4411 93.1095 107.773 124.746 144.391 167.131 193.452 223.918 259.182 300 
dV: 1.08333 0.211322 0.327712 0.508206 0.788112 1.22218 1.89532 2.93921 4.55805 7.06849 10.9616 16.999 26.3615 40.8807 63.3966 98.3136 152.462 236.434 366.655 568.597 881.764 1367.42 2120.55 3288.49 5099.69 7908.45 12264.2 19019 29494.1 45738.6 70930.1 109996 170579 264529 410225 636165 986546 1.52991e+06 2.37254e+06 3.67926e+06 
kVec: 950239 1.10211e+06 1.27077e+06 1.46521e+06 1.68916e+06 1.94626e+06 2.2412e+06 2.57927e+06 2.96602e+06 3.40623e+06 3.90766e+06 4.47783e+06 5.12025e+06 5.84368e+06 6.65628e+06 7.56344e+06 8.56108e+06 9.66059e+06 1.08667e+07 1.21465e+07 1.3507e+07 1.49426e+07 1.64289e+07 1.78923e+07 1.93709e+07 2.08987e+07 2.23178e+07 2.3838e+07 2.57022e+07 2.82907e+07 3.20303e+07 3.81707e+07 4.86552e+07 6.48761e+07 9.00161e+07 1.28281e+08 1.82072e+08 2.48508e+08 3.28699e+08 4.17844e+08 
cMat: 
-139164 917.575 1078.2 1255.92 1464.08 1709.17 1997.92 2338.39 2741.44 3221.99 3794.29 4477.66 5304.54 6305.32 7519.46 9007.22 10856.7 13150.6 16012.3 19682.9 24380.4 30424.2 38351.6 48963.8 63120.2 82185.2 108837 145802 197456 271137 377576 530936 753718 1.08377e+06 1.56478e+06 2.26198e+06 3.25158e+06 4.6471e+06 6.64885e+06 9.54693e+06 
4634.27 -165474 1234.04 1437.45 1675.72 1956.26 2286.77 2676.5 3137.87 3687.98 4343.13 5125.46 6072.12 7217.93 8608.09 10311.7 12429.6 15056.6 18334.1 22538.5 27919.9 34844.2 43927.9 56089.9 72316.2 94172.5 124733 167126 226376 310912 433053 609067 864803 1.24373e+06 1.79603e+06 2.59666e+06 3.73311e+06 5.33569e+06 7.63447e+06 1.09626e+07 
3451.6 782.187 -190000 1642.07 1914.27 2234.77 2612.37 3057.64 3584.77 4213.31 4961.9 5855.85 6937.62 8247.05 9835.82 11782.9 14203.8 17206.9 20954 25761.4 31915.4 39835 50226.1 64141.1 82709.8 107726 142714 191260 259125 355975 495940 697683 990863 1.42533e+06 2.0587e+06 2.97696e+06 4.28047e+06 6.11858e+06 8.75523e+06 1.25725e+07 
2541.65 575.981 1038.07 -218642 2182.65 2548.12 2978.71 3486.47 4087.61 4804.43 5658.19 6677.78 7911.68 9405.34 11217.8 13439.1 16201.4 19628.2 23904.5 29391.8 36417 45459.3 57325.6 73219.6 94433.8 123021 163013 218518 296131 406924 567078 797980 1.13361e+06 1.63108e+06 2.35642e+06 3.40818e+06 4.90129e+06 7.00672e+06 1.00268e+07 1.43994e+07 
1867.39 423.185 762.697 1375.62 -251997 2873.46 3389.27 3967.09 4651.21 5467.01 6438.7 7599.18 9003.69 10704 12767.4 15296.5 18441.8 22344.4 27214.9 33465.7 41470 51774.1 65299.2 83419.6 107611 140219 185849 249199 337808 464337 647291 911135 1.29476e+06 1.86346e+06 2.69284e+06 3.89567e+06 5.60338e+06 8.01132e+06 1.14654e+07 1.64663e+07 
1369.2 310.29 559.234 1008.66 1804.75 -290703 3845.38 4501.06 5277.39 6203.21 7306.02 8623.17 10217.4 12147.6 14490.2 17361.9 20933.7 25366 30898.5 38000.5 47096.4 58808.4 74185.6 94793.1 122313 159419 211364 283504 384448 528642 737212 1.0381e+06 1.47572e+06 2.12463e+06 3.07122e+06 4.44431e+06 6.39393e+06 9.14287e+06 1.30862e+07 1.87954e+07 
1001.26 226.908 408.962 737.635 1331.7 2405.61 -335558 5091.66 5970.03 7017.62 8265.55 9756.14 11560.5 13745.3 16397.1 19648.4 23693 28712.9 34979.8 43026.4 53334.6 66611 84047.1 107422 138648 180767 239753 321708 436433 600384 837627 1.18001e+06 1.67818e+06 2.41707e+06 3.49522e+06 5.05952e+06 7.2809e+06 1.04129e+07 1.49057e+07 2.14105e+07 
729.78 165.387 298.085 537.659 970.685 1753.51 3170.79 -387462 6661.89 7913.88 9321.62 11003.2 13039.1 15504.4 18497.2 22166.9 26733 32401.1 39478.7 48568.6 60216.5 75222.5 94936.8 121376 156710 204388 271193 364054 494109 680061 949262 1.33794e+06 1.9037e+06 2.74311e+06 3.96834e+06 5.74653e+06 8.27194e+06 1.18324e+07 1.69399e+07 2.43349e+07 
530.041 120.123 216.507 390.522 705.061 1273.7 2303.24 4127.17 -447650 8890.87 10473 12363 14651.5 17423.2 20788.3 24915.3 30051.4 36428.5 44393.2 54625.6 67741.5 84644.4 106859 136665 176516 230316 305740 410639 557635 767929 1.07253e+06 1.51255e+06 2.15336e+06 3.10446e+06 4.49324e+06 6.50943e+06 9.37327e+06 1.34106e+07 1.92023e+07 2.7588e+07 
383.68 86.9547 156.728 282.704 510.416 922.103 1667.5 3019.66 5475.94 -517125 11710 13824.4 16384.8 19486.4 23252.5 27872.4 33623.4 40765.7 49688.6 61156.3 75861.1 94819.1 119746 153210 197975 258443 343274 461334 626884 863886 1.2074e+06 1.70393e+06 2.42746e+06 3.50183e+06 5.0713e+06 7.35071e+06 1.0589e+07 1.51538e+07 2.17025e+07 3.11842e+07 
276.427 62.6487 112.922 203.691 367.771 664.429 1201.58 2176.03 3946.28 7164.13 -597596 15387 18238.6 21693.6 25889.7 31038.2 37449.1 45413.2 55365.9 68162.5 84578.1 105751 133606 171022 221106 288803 383849 516224 701990 968144 1.35419e+06 1.9126e+06 2.72687e+06 3.93656e+06 5.70465e+06 8.27363e+06 1.1924e+07 1.70694e+07 2.4451e+07 3.51389e+07 
198.064 44.8897 80.9139 145.959 263.543 476.145 861.121 1559.55 2828.45 5135.17 9342.4 -690943 20049.1 24030.2 28682.4 34392 41503.9 50341.8 61390.3 75602.5 93842.9 117382 148367 190017 245806 321271 427316 575136 782757 1.08049e+06 1.5127e+06 2.1384e+06 3.05148e+06 4.40874e+06 6.39369e+06 9.2792e+06 1.33803e+07 1.91604e+07 2.74528e+07 3.94597e+07 
141.275 32.0197 57.7174 104.119 188.004 339.685 614.364 1112.72 2018.22 3664.49 6667.45 12071.4 -798978 26435.8 31559.3 37849.3 45687.2 55431.1 67617.4 83302.3 103444 129453 163714 209807 271598 355259 472944 637161 868060 1.19954e+06 1.68122e+06 2.37923e+06 3.3988e+06 4.91542e+06 7.135e+06 1.03636e+07 1.49535e+07 2.14218e+07 3.07019e+07 4.4139e+07 
100.154 22.7005 40.9205 73.8215 133.303 240.864 435.662 789.12 1431.4 2599.25 4729.83 8629.1 15766.6 -924586 34492.1 41376.4 49958.7 60632.7 73988.9 91191 113296 141860 179519 230231 298282 390514 520419 701905 957403 1.32466e+06 1.85899e+06 2.63416e+06 3.76771e+06 5.45523e+06 7.92701e+06 1.15249e+07 1.66417e+07 2.38515e+07 3.41956e+07 4.91737e+07 
70.4816 15.9756 28.7991 51.9566 93.8254 169.543 306.683 555.544 1007.81 1830.27 3330.94 6077.85 11107.1 20353.8 -1.07091e+06 44423.3 54259.4 65876 80419.5 99164.9 123271 154447 195587 251049 325557 426660 569259 768757 1.05001e+06 1.45488e+06 2.04474e+06 2.9016e+06 4.15619e+06 6.02565e+06 8.76653e+06 1.27594e+07 1.84399e+07 2.64429e+07 3.79255e+07 5.45522e+07 
49.2432 11.162 20.1227 36.3055 65.5659 118.487 214.346 388.316 704.516 1279.63 2329.18 4250.68 7769.56 14241.1 25910.6 -1.24288e+06 58462.2 71008 86725 107001 133098 166879 211507 271749 352782 462893 618455 836439 1.14426e+06 1.58815e+06 2.23589e+06 3.1783e+06 4.5602e+06 6.62161e+06 9.6473e+06 1.40593e+07 2.03388e+07 2.91842e+07 4.18759e+07 6.02536e+07 
34.1913 7.75056 13.9734 25.2124 45.5356 82.2963 148.891 269.767 489.498 889.23 1618.86 2954.96 5402.5 9905.22 18230.6 33677.2 -1.44394e+06 75807 92638 114373 142379 178671 226681 291587 379032 498055 666547 903113 1.23786e+06 1.72158e+06 2.42885e+06 3.45983e+06 4.97437e+06 7.23667e+06 1.05618e+07 1.54159e+07 2.23287e+07 3.20638e+07 4.60329e+07 6.62602e+07 
23.5288 5.33384 9.61692 17.3532 31.3439 56.6532 102.509 185.754 337.104 612.497 1115.29 2036.24 3723.84 6829.64 12574.5 23238.4 43067.1 -1.68213e+06 98136.6 121255 151078 189776 241045 310480 404194 531997 713334 968514 1.33044e+06 1.85472e+06 2.62305e+06 3.74549e+06 5.39791e+06 7.86998e+06 1.15091e+07 1.68289e+07 2.44096e+07 3.50826e+07 5.03983e+07 7.25752e+07 
16.0334 3.63489 6.55418 11.8276 21.3653 38.6215 69.8911 126.666 229.911 417.816 760.967 1389.69 2542.23 4664.2 8591.03 15884.1 29454.1 54922.5 -1.96744e+06 126786 159050 200012 254374 328147 427917 564275 758263 1.03195e+06 1.42116e+06 1.98654e+06 2.81729e+06 4.03399e+06 5.82954e+06 8.52054e+06 1.24891e+07 1.82993e+07 2.65851e+07 3.82477e+07 5.49841e+07 7.92177e+07 
10.8697 2.46442 4.44404 8.02047 14.4897 26.1961 47.4128 85.9426 156.025 283.613 516.684 943.867 1727.3 3170.43 5842.48 10808.4 20055.7 37426.2 69924.2 -2.30742e+06 165582 208509 265599 343263 448558 592856 798811 1.09032e+06 1.50626e+06 2.11259e+06 3.00647e+06 4.31981e+06 6.26396e+06 9.18425e+06 1.35007e+07 1.98324e+07 2.88704e+07 4.15874e+07 5.98376e+07 8.62622e+07 
7.30887 1.65723 2.98874 5.39459 9.74703 17.6244 31.9043 57.8427 105.035 190.978 348.031 635.999 1164.39 2138.26 3942.59 7298.34 13553.1 25313.8 47617.7 89885.9 -2.72066e+06 215538 275050 356241 466636 618399 835838 1.14477e+06 1.5873e+06 2.23508e+06 3.19388e+06 4.60796e+06 6.70892e+06 9.87328e+06 1.45631e+07 2.1458e+07 3.13112e+07 4.51699e+07 6.50593e+07 9.3855e+07 
4.86992 1.10432 1.99181 3.5956 6.49749 11.7506 21.2756 38.5812 70.0763 127.454 232.349 424.766 778.035 1429.55 2637.5 4885.96 9081.16 16978.2 31973.3 60436.6 115085 -3.22909e+06 279789 367436 482617 641526 870205 1.19652e+06 1.6661e+06 2.35679e+06 3.38386e+06 4.90536e+06 7.17568e+06 1.0606e+07 1.57058e+07 2.32234e+07 3.39812e+07 4.91054e+07 7.0812e+07 1.02235e+08 
3.22618 0.731653 1.31982 2.38286 4.30668 7.79009 14.1078 25.5896 46.4929 84.5907 154.27 282.155 517.101 950.718 1755.32 3254.43 6054.84 11333.1 21370 40457.8 77180.5 147039 -3.86593e+06 376426 496008 661685 901351 1.24513e+06 1.74253e+06 2.47843e+06 3.5789e+06 5.21799e+06 7.6766e+06 1.14059e+07 1.69712e+07 2.52013e+07 3.69984e+07 5.35755e+07 7.73678e+07 1.11803e+08 
2.13385 0.483986 0.87318 1.57674 2.85027 5.15683 9.34142 16.949 30.8046 56.0699 102.304 187.209 343.313 631.667 1167.23 2166.21 4034.96 7562.55 14281.8 27088.6 51787.2 100038 195013 -4.65974e+06 505921 677816 928077 1.28937e+06 1.81566e+06 2.60001e+06 3.78144e+06 5.55325e+06 8.22882e+06 1.23076e+07 1.84238e+07 2.75054e+07 4.05512e+07 5.88724e+07 8.51677e+07 1.23214e+08 
1.40198 0.318029 0.573863 1.03644 1.87395 3.39128 6.14495 11.153 20.278 36.9264 67.4098 123.427 226.507 417.096 771.452 1433.26 2673.2 5017.75 9492.01 18041.1 34573.4 66968.6 130965 257850 -5.6784e+06 692779 954157 1.33433e+06 1.89251e+06 2.73161e+06 4.00645e+06 5.93416e+06 8.86877e+06 1.337e+07 2.01585e+07 3.02878e+07 4.4877e+07 6.53534e+07 9.47412e+07 1.37243e+08 
0.914014 0.207369 0.374249 0.676057 1.22263 2.21319 4.01153 7.28347 13.248 24.1368 44.0871 80.775 148.35 273.422 506.234 941.64 1758.81 3306.85 6267.25 11939.3 22941.3 44572.8 87479.3 172975 346882 -7.01859e+06 977730 1.38285e+06 1.97755e+06 2.88061e+06 4.26663e+06 6.38301e+06 9.63588e+06 1.46624e+07 2.22951e+07 3.37504e+07 5.03024e+07 7.35199e+07 1.0684e+08 1.55e+08 
0.59657 0.13537 0.244359 0.441521 0.798684 1.44621 2.62229 4.76307 8.66772 15.8008 28.8798 52.9516 97.3368 179.587 332.893 620.065 1160.11 2185.36 4150.79 7928.65 15282.6 29799 58731.8 116729 235468 481886 -8.73858e+06 1.41841e+06 2.04946e+06 3.02039e+06 4.53098e+06 6.86802e+06 1.05073e+07 1.61896e+07 2.48984e+07 3.80726e+07 5.71928e+07 8.39975e+07 1.22462e+08 1.77999e+08 
0.384303 0.0872194 0.157475 0.284603 0.514973 0.932795 1.69201 3.07467 5.59806 10.2113 18.6766 34.2708 63.0581 116.473 216.176 403.262 755.847 1426.79 2716.4 5203.94 10065.1 19702.7 39013.9 77982.6 158343 327737 682065 -1.10258e+07 2.10847e+06 3.15021e+06 4.79827e+06 7.38973e+06 1.14918e+07 1.79844e+07 2.80532e+07 4.3439e+07 6.58977e+07 9.73727e+07 1.42532e+08 2.07639e+08 
0.241653 0.0548546 0.0990627 0.179082 0.324132 0.587324 1.06579 1.93762 3.52973 6.44265 11.7924 21.6568 39.8892 73.7656 137.096 256.149 481.035 910.049 1736.97 3338.05 6479.97 12738.6 25351.2 50988 104277 217616 457592 978995 -1.41243e+07 3.21612e+06 5.04033e+06 7.90995e+06 1.25443e+07 2.00072e+07 3.17536e+07 4.99319e+07 7.66638e+07 1.14133e+08 1.67888e+08 2.4523e+08 
0.146824 0.0333353 0.0602151 0.108884 0.197138 0.357344 0.648735 1.17999 2.15078 3.92842 7.1961 13.2274 24.3895 45.1595 84.0515 157.305 296.018 561.348 1074.32 2071.54 4037.3 7973.04 15954.3 32306.8 66596.8 140259 298390 647198 1.42304e+06 -1.83867e+07 5.14109e+06 8.25754e+06 1.34219e+07 2.19362e+07 3.56058e+07 5.71241e+07 8.90922e+07 1.33948e+08 1.983e+08 2.90622e+08 
0.0844099 0.0191685 0.0346335 0.0626436 0.113453 0.205731 0.373655 0.679984 1.24013 2.2667 4.15546 7.64518 14.1123 26.1639 48.7683 91.4291 172.414 327.749 628.995 1217.07 2381.76 4726.03 9511.17 19398 40325.2 85765.9 184798 406972 920715 2.12245e+06 -2.41742e+07 8.11991e+06 1.36203e+07 2.3004e+07 3.85068e+07 6.35284e+07 1.01286e+08 1.54435e+08 2.30717e+08 3.39674e+08 
0.043675 0.00992009 0.0179278 0.032436 0.0587629 0.106598 0.193691 0.352656 0.643532 1.17705 2.15956 3.97671 7.34869 13.6418 25.4647 47.8222 90.3709 172.205 331.4 643.468 1264.42 2520.92 5102.57 10482.1 21977.5 47212.5 103071 230627 531670 1.2544e+06 2.98781e+06 -3.25414e+07 1.26821e+07 2.22998e+07 3.88023e+07 6.6355e+07 1.08884e+08 1.69152e+08 2.55789e+08 3.78851e+08 
0.0209819 0.00476664 0.00861644 0.0155936 0.0282588 0.0512811 0.0932191 0.169808 0.310042 0.56747 1.04196 1.9204 3.55258 6.60313 12.3436 23.2201 43.97 83.9861 162.068 315.759 622.987 1247.94 2540.38 5256.35 11115.4 24119.5 53363 121371 285337 689988 1.69603e+06 4.29176e+06 -4.47968e+07 2.07277e+07 3.7886e+07 6.77624e+07 1.15346e+08 1.8357e+08 2.81996e+08 4.20906e+08 
0.00876351 0.00199125 0.00360028 0.0065172 0.0118138 0.0214458 0.0389997 0.0710737 0.129836 0.237788 0.436926 0.805937 1.4924 2.7771 5.19823 9.79375 18.5807 35.5681 68.8073 134.479 266.313 535.782 1096.39 2283.64 4867.44 10660.8 23883.2 55173.1 132192 327563 832061 2.19206e+06 6.02084e+06 -6.24768e+07 3.14088e+07 6.00064e+07 1.08268e+08 1.79411e+08 2.83195e+08 4.286e+08 
0.00310978 0.000706724 0.00127805 0.00231405 0.00419582 0.00761911 0.0138606 0.0252702 0.0461854 0.0846351 0.155616 0.287258 0.532418 0.991795 1.85872 3.50692 6.66493 12.7839 24.7876 48.5852 96.5427 194.999 400.943 840.168 1803.69 3984.05 9027.41 21151.9 51564 130674 342314 937438 2.7047e+06 7.71946e+06 -8.87232e+07 4.58776e+07 8.95843e+07 1.57619e+08 2.59626e+08 4.02367e+08 
0.000931739 0.000211777 0.000383052 0.000693701 0.00125811 0.00228522 0.0041586 0.00758465 0.0138681 0.0254267 0.0467791 0.0864095 0.160287 0.298869 0.56072 1.05929 2.01632 3.87442 7.5278 14.7928 29.4839 59.7625 123.402 259.978 561.696 1250.04 2861.11 6788.55 16805.9 43452.8 117054 332268 1.00267e+06 3.05677e+06 9.50891e+06 -1.2768e+08 6.45502e+07 1.24699e+08 2.18909e+08 3.52865e+08 
0.000230228 5.23354e-05 9.4675e-05 0.000171483 0.000311061 0.000565134 0.00102868 0.00187671 0.00343262 0.00629614 0.0115888 0.0214179 0.0397549 0.0741822 0.139295 0.263412 0.50201 0.965987 1.87988 3.70159 7.3953 15.0314 31.1417 65.8841 143.06 320.254 738.792 1770.22 4435.41 11649.3 32079.4 93721.4 293383 948036 3.1917e+06 1.10958e+07 -1.81842e+08 8.31692e+07 1.62397e+08 2.82017e+08 
4.57851e-05 1.04086e-05 1.88309e-05 3.41116e-05 6.18837e-05 0.000112446 0.000204712 0.000373541 0.000683376 0.00125378 0.0023084 0.00426769 0.00792469 0.0147943 0.0277947 0.0525938 0.100309 0.193189 0.376335 0.74195 1.48451 3.02251 6.27486 13.3096 28.9894 65.1311 150.982 363.975 918.824 2437.1 6806.13 20259.6 64969.5 218600 781404 2.98265e+06 1.15728e+07 -2.4844e+08 9.78498e+07 1.99281e+08 
7.15276e-06 1.62617e-06 2.94221e-06 5.33011e-06 9.67047e-06 1.75735e-05 3.19971e-05 5.83933e-05 0.000106844 0.000196061 0.000361056 0.000667667 0.00124016 0.00231598 0.00435281 0.00824018 0.0157246 0.0303033 0.0590733 0.116566 0.233468 0.475916 0.989425 2.1024 4.58875 10.3348 24.035 58.1745 147.579 393.953 1110.24 3345.17 10897.7 37676.7 140540 571724 2.46741e+06 1.06843e+07 -3.28684e+08 1.19785e+08 
8.47643e-07 1.92718e-07 3.487e-07 6.31739e-07 1.14624e-06 2.08314e-06 3.79322e-06 6.92313e-06 1.26689e-05 2.32508e-05 4.28241e-05 7.92042e-05 0.000147148 0.000274865 0.00051674 0.000978536 0.00186804 0.0036015 0.00702423 0.0138689 0.027797 0.0567079 0.118005 0.251028 0.548613 1.23743 2.88325 6.99439 17.791 47.651 134.903 408.909 1342.45 4706.1 17976.1 76059.4 353639 1.79586e+06 9.88609e+06 -4.17841e+08 
dt_FE: 2.39324e-09
dt_EA: 2.39324e-09
dt_PE: 2.39324e-09
tolC: 1e-06
dt_grow: 1.03
dt_max: 0.1
steps: 0
