t
0.0000333300438400763591779
dt
0.0000005750000000000000004
DN
-0.0000000000000006533942383
TC
706.0000
N
7.46844709e-01
9.79035033e-01
9.97209924e-01
9.99040597e-01
9.99159075e-01
9.98954855e-01
9.98563862e-01
9.97934293e-01
9.96925928e-01
9.95274712e-01
9.92484884e-01
9.87604031e-01
9.78801536e-01
9.62732144e-01
9.33976523e-01
8.85393568e-01
8.10368374e-01
7.06782021e-01
5.80421075e-01
4.44760392e-01
3.16399715e-01
2.09671310e-01
1.34523826e-01
8.67467820e-02
4.45949168e-02
1.50481413e-02
4.57183835e-03
1.40933357e-03
4.07473188e-04
1.09243436e-04
2.70860088e-05
6.18610056e-06
1.29540697e-06
2.47483258e-07
4.29070659e-08
6.71285866e-09
9.42078893e-10
1.17847097e-10
1.30523853e-11
1.27091127e-12
eC
1.00638940e+00
3.07804198e+00
5.27088624e+00
7.59201189e+00
1.00489234e+01
1.26495642e+01
1.54023425e+01
1.83161584e+01
2.14004324e+01
2.46651365e+01
2.81208258e+01
3.17786729e+01
3.56505041e+01
3.97488374e+01
4.40869232e+01
4.86787870e+01
5.35392748e+01
5.86841012e+01
6.41298999e+01
6.98942779e+01
7.59958720e+01
8.24544093e+01
8.92907710e+01
9.65270599e+01
1.04186672e+02
1.12294371e+02
1.20876370e+02
1.29960417e+02
1.39575880e+02
1.49753848e+02
1.60527227e+02
1.71930848e+02
1.84001582e+02
1.96778453e+02
2.10302771e+02
2.24618262e+02
2.39771209e+02
2.55810604e+02
2.72788303e+02
2.90759198e+02
