t
0.0000000062947110516360789
dt
0.0000000001833420694651286
DN
-0.0000000000000008711923178
TC
410.0000
N
2.11797751e-04
5.96092994e-04
9.30652808e-04
1.20969135e-03
1.42821388e-03
1.58268350e-03
1.67181441e-03
1.69740714e-03
1.66497962e-03
1.58383347e-03
1.46625448e-03
1.32587997e-03
1.17571953e-03
1.02651934e-03
8.85929010e-04
7.58488854e-04
6.46150230e-04
5.49012912e-04
4.67773417e-04
4.81573166e-04
2.68942992e-03
3.47602582e-02
2.38165442e-01
6.64172683e-01
6.28789301e-01
1.65285328e-01
9.60708575e-03
1.00480566e-04
1.79868098e-06
4.45790257e-07
1.09130989e-07
2.46170302e-08
5.09645003e-09
9.63637232e-10
1.65513163e-10
2.56762237e-11
3.57578478e-12
4.44186840e-13
4.88842015e-14
4.73223739e-15
eC
1.00638940e+00
3.07804198e+00
5.27088624e+00
7.59201189e+00
1.00489234e+01
1.26495642e+01
1.54023425e+01
1.83161584e+01
2.14004324e+01
2.46651365e+01
2.81208258e+01
3.17786729e+01
3.56505041e+01
3.97488374e+01
4.40869232e+01
4.86787870e+01
5.35392748e+01
5.86841012e+01
6.41298999e+01
6.98942779e+01
7.59958720e+01
8.24544093e+01
8.92907710e+01
9.65270599e+01
1.04186672e+02
1.12294371e+02
1.20876370e+02
1.29960417e+02
1.39575880e+02
1.49753848e+02
1.60527227e+02
1.71930848e+02
1.84001582e+02
1.96778453e+02
2.10302771e+02
2.24618262e+02
2.39771209e+02
2.55810604e+02
2.72788303e+02
2.90759198e+02
