t
0.0000145321867705368728158
dt
0.0000004232675768117539184
DN
-0.0000000000000006533942383
TC
672.0000
N
4.34261207e-01
7.97475326e-01
9.15553882e-01
9.57705175e-01
9.73878087e-01
9.79932290e-01
9.81164648e-01
9.79199839e-01
9.74082583e-01
9.64872318e-01
9.49764562e-01
9.26176547e-01
8.91097569e-01
8.41871032e-01
7.77276490e-01
6.98440450e-01
6.09039621e-01
5.14602830e-01
4.21213159e-01
3.34191642e-01
2.57552265e-01
1.97646456e-01
1.75874496e-01
1.91027377e-01
1.37047808e-01
4.20002741e-02
9.04440068e-03
2.58322520e-03
7.46070208e-04
1.99595947e-04
4.93557957e-05
1.12457468e-05
2.35047806e-06
4.48383974e-07
7.76473748e-08
1.21368841e-08
1.70204920e-09
2.12791075e-10
2.35572450e-11
2.29292673e-12
eC
1.00638940e+00
3.07804198e+00
5.27088624e+00
7.59201189e+00
1.00489234e+01
1.26495642e+01
1.54023425e+01
1.83161584e+01
2.14004324e+01
2.46651365e+01
2.81208258e+01
3.17786729e+01
3.56505041e+01
3.97488374e+01
4.40869232e+01
4.86787870e+01
5.35392748e+01
5.86841012e+01
6.41298999e+01
6.98942779e+01
7.59958720e+01
8.24544093e+01
8.92907710e+01
9.65270599e+01
1.04186672e+02
1.12294371e+02
1.20876370e+02
1.29960417e+02
1.39575880e+02
1.49753848e+02
1.60527227e+02
1.71930848e+02
1.84001582e+02
1.96778453e+02
2.10302771e+02
2.24618262e+02
2.39771209e+02
2.55810604e+02
2.72788303e+02
2.90759198e+02
