t: 8.43709e-08
dt: 2.39239e-09
N: 0.0606363 0.0696246 0.0798399 0.09143 0.104543 0.119298 0.135847 0.154334 0.17486 0.197447 0.222194 0.249103 0.277901 0.308471 0.340577 0.373681 0.406934 0.439917 0.471846 0.500897 0.526393 0.547293 0.561764 0.56751 0.563778 0.54873 0.518055 0.471243 0.407555 0.327761 0.238297 0.158069 0.0828738 0.0364626 0.0138998 0.00446579 0.00119061 0.000257056 4.3548e-05 5.57579e-06 
eC: 1 1.15749 1.33977 1.55077 1.795 2.07768 2.40489 2.78363 3.22201 3.72944 4.31677 4.99661 5.78351 6.69433 7.7486 8.9689 10.3814 12.0163 13.9087 16.0991 18.6345 21.5692 24.9661 28.8979 33.4489 38.7167 44.814 51.8717 60.0407 69.4963 80.4411 93.1095 107.773 124.746 144.391 167.131 193.452 223.918 259.182 300 
dV: 1.08333 0.211322 0.327712 0.508206 0.788112 1.22218 1.89532 2.93921 4.55805 7.06849 10.9616 16.999 26.3615 40.8807 63.3966 98.3136 152.462 236.434 366.655 568.597 881.764 1367.42 2120.55 3288.49 5099.69 7908.45 12264.2 19019 29494.1 45738.6 70930.1 109996 170579 264529 410225 636165 986546 1.52991e+06 2.37254e+06 3.67926e+06 
kVec: 971858 1.12691e+06 1.29915e+06 1.49765e+06 1.72615e+06 1.98833e+06 2.28889e+06 2.63316e+06 3.02664e+06 3.47402e+06 3.983e+06 4.56093e+06 5.21091e+06 5.94133e+06 6.75984e+06 7.67092e+06 8.66916e+06 9.76482e+06 1.09609e+07 1.22216e+07 1.35518e+07 1.49435e+07 1.6369e+07 1.7752e+07 1.91309e+07 2.05403e+07 2.1829e+07 2.3218e+07 2.49672e+07 2.74847e+07 3.12259e+07 3.74566e+07 4.80993e+07 6.45011e+07 8.98062e+07 1.28211e+08 1.82108e+08 2.48609e+08 3.28836e+08 4.17993e+08 
cMat: 
-125999 901.914 1059.8 1234.48 1439.09 1680 1963.82 2298.48 2694.65 3167 3729.53 4401.24 5214 6197.7 7391.12 8853.49 10671.4 12926.2 15739 19346.9 23964.3 29904.9 37697 48128.1 62042.9 80782.5 106980 143314 194085 266510 371132 521874 740854 1.06527e+06 1.53808e+06 2.22337e+06 3.19608e+06 4.56778e+06 6.53537e+06 9.38399e+06 
4543.2 -150110 1209.79 1409.21 1642.79 1917.81 2241.83 2623.9 3076.21 3615.5 4257.78 5024.74 5952.79 7076.09 8438.93 10109 12185.3 14760.7 17973.8 22095.6 27371.2 34159.5 43064.7 54987.6 70895.1 92321.9 122281 163842 221928 304802 424543 597098 847809 1.21929e+06 1.76074e+06 2.54563e+06 3.65975e+06 5.23084e+06 7.48444e+06 1.07472e+07 
3373.58 764.505 -172179 1604.95 1871 2184.25 2553.32 2988.52 3503.73 4118.07 4849.73 5723.47 6780.79 8060.62 9613.47 11516.5 13882.7 16818 20480.3 25179.1 31194 38934.5 49090.7 62691.2 80840.1 105291 139488 186936 253267 347928 484729 681912 968464 1.39311e+06 2.01216e+06 2.90966e+06 4.18371e+06 5.98027e+06 8.55731e+06 1.22883e+07 
2475.62 561.017 1011.1 -197953 2125.94 2481.92 2901.32 3395.89 3981.41 4679.61 5511.19 6504.29 7706.13 9160.99 10926.3 13090 15780.5 19118.3 23283.4 28628.2 35470.9 44278.2 55836.3 71317.4 91980.4 119825 158778 212840 288438 396352 552346 777248 1.10416e+06 1.5887e+06 2.2952e+06 3.31963e+06 4.77396e+06 6.82468e+06 9.76634e+06 1.40253e+07 
1811.69 410.563 739.948 1334.59 -227960 2787.75 3288.18 3848.77 4512.47 5303.94 6246.65 7372.52 8735.14 10384.7 12386.5 14840.3 17891.8 21677.9 26403.1 32467.5 40233 50229.8 63351.5 80931.4 104401 136037 180306 241766 327732 450487 627983 883959 1.25614e+06 1.80788e+06 2.61252e+06 3.77947e+06 5.43625e+06 7.77236e+06 1.11234e+07 1.59752e+07 
1322.38 299.68 540.112 974.173 1743.04 -262767 3713.89 4347.15 5096.94 5991.1 7056.19 8328.3 9868.05 11732.3 13994.7 16768.2 20217.9 24498.7 29842 36701.1 45486 56797.5 71648.8 91551.7 118131 153968 204136 273810 371302 510565 712003 1.0026e+06 1.42526e+06 2.05198e+06 2.9662e+06 4.29234e+06 6.1753e+06 8.83024e+06 1.26387e+07 1.81527e+07 
962.069 218.027 392.955 708.764 1279.57 2311.46 -303078 4892.37 5736.37 6742.96 7942.04 9374.29 11108 13207.3 15755.4 18879.4 22765.7 27589.1 33610.7 41342.4 51247.1 64003.9 80757.5 103217 133222 173692 230370 309117 419351 576885 804843 1.13383e+06 1.61249e+06 2.32247e+06 3.35842e+06 4.8615e+06 6.99593e+06 1.00053e+07 1.43223e+07 2.05725e+07 
697.141 157.99 284.754 513.612 927.271 1675.09 3028.97 -349687 6363.94 7559.93 8904.71 10511.1 12455.9 14811 17669.9 21175.5 25537.3 30951.9 37713 46396.4 57523.3 71858.2 90690.8 115947 149701 195247 259064 347772 472010 649645 906806 1.2781e+06 1.81856e+06 2.62043e+06 3.79085e+06 5.48952e+06 7.90198e+06 1.13032e+07 1.61823e+07 2.32465e+07 
503.007 113.996 205.464 370.605 669.101 1208.74 2185.77 3916.68 -403701 8437.42 9938.82 11732.5 13904.3 16534.6 19728 23644.6 28518.7 34570.6 42129.1 51839.6 64286.6 80327.4 101409 129695 167513 218569 290146 389695 529194 728763 1.01783e+06 1.43541e+06 2.04353e+06 2.94613e+06 4.26407e+06 6.17744e+06 8.89521e+06 1.27266e+07 1.8223e+07 2.6181e+07 
361.426 81.9111 147.638 266.307 480.811 868.619 1570.78 2844.51 5158.32 -466019 11030.8 13022.5 15434.4 18356.1 21903.8 26255.8 31673.2 38401.3 46806.6 57609.1 71461 89319.4 112801 144323 186492 243453 323363 434576 590524 813779 1.13736e+06 1.60509e+06 2.28667e+06 3.29872e+06 4.77716e+06 6.92435e+06 9.9748e+06 1.42749e+07 2.04437e+07 2.93754e+07 
258.243 58.5275 105.493 190.292 343.578 620.72 1122.54 2032.88 3686.69 6692.85 -538173 14374.8 17038.9 20266.5 24186.6 28996.5 34985.6 42425.8 51723.8 63678.5 79014.3 98794.8 124817 159772 206561 269805 358598 482265 655811 904457 1.26511e+06 1.78679e+06 2.54749e+06 3.67761e+06 5.32938e+06 7.72937e+06 1.11396e+07 1.59465e+07 2.28425e+07 3.28274e+07 
183.333 41.5509 74.8957 135.103 243.941 440.73 797.073 1443.55 2618.07 4753.23 8647.54 -621871 18557.9 22242.8 26549 31834 38417 46597.5 56824.2 69979.4 86863.1 108651 137332 175884 227524 297376 395533 532359 724538 1.00013e+06 1.40019e+06 1.97935e+06 2.82451e+06 4.08083e+06 5.91814e+06 8.58903e+06 1.23851e+07 1.77353e+07 2.54109e+07 3.65247e+07 
129.447 29.3389 52.8851 95.4021 172.264 311.246 562.928 1019.56 1849.25 3357.69 6109.24 11060.8 -718803 24222.5 28917.1 34680.5 41862.2 50790.3 61956.4 76328 94783.7 118615 150008 192241 248860 325516 433348 583817 795384 1.09911e+06 1.54047e+06 2.18003e+06 3.11425e+06 4.50389e+06 6.53764e+06 9.4959e+06 1.37016e+07 1.96284e+07 2.81315e+07 4.04436e+07 
90.7597 20.5712 37.0821 66.8969 120.799 218.271 394.796 715.1 1297.13 2355.44 4286.16 7819.67 14287.7 -831647 31256.7 37495.2 45272.5 54945.3 67048.7 82637.1 102669 128553 162680 208635 270303 353883 471603 636065 867597 1.20041e+06 1.68461e+06 2.38707e+06 3.41429e+06 4.94353e+06 7.18344e+06 1.04439e+07 1.50807e+07 2.16142e+07 3.0988e+07 4.45611e+07 
63.1128 14.3053 25.7882 46.5246 84.016 151.818 274.619 497.462 902.441 1638.91 2982.69 5442.42 9945.83 18225.8 -963379 39778.9 48586.6 58988.7 72011.7 88797.2 110383 138299 175139 224802 291520 382052 509744 688384 940232 1.30278e+06 1.83096e+06 2.59824e+06 3.72167e+06 5.39567e+06 7.84999e+06 1.14254e+07 1.65121e+07 2.36783e+07 3.39604e+07 4.88488e+07 
43.5424 9.86983 17.7932 32.1025 57.9755 104.77 189.531 343.361 622.956 1131.49 2059.54 3758.59 6870.1 12592.5 22911 -1.11868e+06 51694.2 62787.6 76685.1 94613.4 117689 147560 187022 240289 311942 409305 546859 739607 1.0118e+06 1.4043e+06 1.97705e+06 2.81035e+06 4.03228e+06 5.85504e+06 8.53046e+06 1.24317e+07 1.79843e+07 2.58056e+07 3.70281e+07 5.32782e+07 
29.8458 6.76552 12.1974 22.0081 39.7483 71.837 129.968 235.481 427.287 776.215 1413.11 2579.41 4715.88 8646.34 15913.7 29397.1 -1.30108e+06 66172.5 80864.4 99837.3 124284 155963 197871 254528 330860 434756 581833 788334 1.08054e+06 1.50278e+06 2.12016e+06 3.02011e+06 4.34217e+06 6.31695e+06 9.21945e+06 1.34567e+07 1.94909e+07 2.79888e+07 4.01825e+07 5.7839e+07 
20.2754 4.59633 8.28717 14.9538 27.0099 48.8197 88.3349 160.069 290.492 527.806 961.074 1754.68 3208.93 5885.29 10835.8 20025.2 37112.2 -1.51842e+06 84567.1 104489 130189 163535 207715 267550 348306 458437 614700 834596 1.14648e+06 1.59827e+06 2.26036e+06 3.2276e+06 4.65153e+06 6.78179e+06 9.91775e+06 1.45019e+07 2.10344e+07 3.02317e+07 4.34297e+07 6.25401e+07 
13.6472 3.09392 5.57873 10.0673 18.1856 32.8735 59.4893 107.814 195.693 355.633 647.713 1182.87 2163.87 3970.03 7312.44 13520.1 25070.5 46748.5 -1.78058e+06 107917 135378 170245 216516 279309 364230 480295 645411 878365 1.20965e+06 1.69089e+06 2.398e+06 3.43362e+06 4.96193e+06 7.25244e+06 1.06304e+07 1.55759e+07 2.26285e+07 3.25554e+07 4.68009e+07 6.74279e+07 
9.15475 2.0756 3.74289 6.75506 12.2036 22.0631 39.9324 72.3832 131.409 238.866 435.165 794.951 1454.78 2670.22 4920.7 9103.09 16891.4 31521.3 58892.1 -2.09567e+06 139457 175612 223695 289105 377788 499320 672780 918295 1.26861e+06 1.77928e+06 2.53213e+06 3.63826e+06 5.27568e+06 7.73522e+06 1.13707e+07 1.67034e+07 2.43154e+07 3.5026e+07 5.03969e+07 7.26523e+07 
6.10689 1.38469 2.49723 4.50743 8.14409 14.726 26.6575 48.3302 87.7613 159.571 290.795 531.406 972.901 1786.61 3294.21 6098.1 11324.2 21150.9 39786.7 75103.8 -2.4823e+06 180092 229817 297655 389896 516700 698380 956504 1.32626e+06 1.86751e+06 2.66863e+06 3.85016e+06 5.6056e+06 8.24957e+06 1.21681e+07 1.79291e+07 2.61619e+07 3.77415e+07 5.436e+07 7.84201e+07 
4.05187 0.918813 1.65722 2.99161 5.40604 9.77676 17.7017 32.1003 58.3048 106.044 193.319 353.414 647.34 1189.42 2194.45 4065.21 7555.7 14126.2 26602.4 50284.5 95752.9 -2.96315e+06 232790 305714 401547 533762 724028 995531 1.38623e+06 1.9609e+06 2.81543e+06 4.08136e+06 5.97031e+06 8.82438e+06 1.30675e+07 1.93224e+07 2.8273e+07 4.08567e+07 5.89169e+07 8.50612e+07 
2.68695 0.609364 1.09922 1.98459 3.58686 6.48804 11.7498 21.3125 38.722 70.4521 128.485 234.995 430.672 791.814 1461.93 2710.48 5042.83 9438.89 17798.2 33695.6 64280.5 122463 -3.57148e+06 313510 413105 551090 750699 1.03702e+06 1.45129e+06 2.06418e+06 2.98072e+06 4.34585e+06 6.39353e+06 9.49949e+06 1.41346e+07 2.09891e+07 3.08144e+07 4.46208e+07 6.44365e+07 9.31166e+07 
1.79089 0.406197 0.732838 1.32332 2.39216 4.328 7.84002 14.2249 25.8535 47.0581 85.861 157.12 288.134 530.143 979.628 1818.05 3386.44 6347.06 11986.4 22734.8 43463.7 83959.7 163669 -4.33788e+06 424607 568874 778912 1.08214e+06 1.52384e+06 2.18212e+06 3.17367e+06 4.6607e+06 6.90624e+06 1.03295e+07 1.54626e+07 2.30846e+07 3.40336e+07 4.94101e+07 7.14791e+07 1.0341e+08 
1.19397 0.270845 0.488722 0.88267 1.59593 2.88813 5.23326 9.49829 17.2695 31.4478 57.4086 105.115 192.902 355.214 656.996 1220.61 2276.59 4273.29 8083.74 15364.4 29443.9 57032.9 111535 219594 -5.33145e+06 589995 812594 1.13636e+06 1.61173e+06 2.32634e+06 3.41203e+06 5.05375e+06 7.55296e+06 1.13864e+07 1.71677e+07 2.57942e+07 3.82189e+07 5.56573e+07 8.0685e+07 1.16881e+08 
0.795379 0.180453 0.325673 0.588308 1.06394 1.92593 3.49085 6.33811 11.5285 21.0039 38.3648 70.2908 129.095 237.933 440.527 819.419 1530.53 2877.64 5453.79 10389.7 19963.7 38787.4 76124.9 150524 301858 -6.65e+06 850826 1.20337e+06 1.72088e+06 2.50672e+06 3.71285e+06 5.55452e+06 8.38519e+06 1.27593e+07 1.94013e+07 2.93698e+07 4.37734e+07 6.39773e+07 9.2973e+07 1.34882e+08 
0.533578 0.121077 0.218557 0.3949 0.71435 1.29351 2.3454 4.26013 7.75248 14.1324 25.8304 47.3603 87.0589 160.624 297.743 554.592 1037.61 1954.61 3712.5 7091.45 13668.9 26652.5 52530.2 104404 210605 431003 -8.35423e+06 1.26864e+06 1.83306e+06 2.70146e+06 4.05255e+06 6.14281e+06 9.39778e+06 1.44801e+07 2.22694e+07 3.40525e+07 5.11537e+07 7.51281e+07 1.09531e+08 1.59204e+08 
0.354419 0.0804372 0.14523 0.262472 0.474928 0.86026 1.56044 2.83558 5.16275 9.41723 17.2243 31.6059 58.1547 107.416 199.366 371.904 697.072 1315.84 2505.17 4799.28 9282.39 18170.6 35980.1 71918.6 146030 302252 629027 -1.0632e+07 1.94451e+06 2.90524e+06 4.42516e+06 6.8151e+06 1.05982e+07 1.65859e+07 2.58718e+07 4.00612e+07 6.07734e+07 8.98009e+07 1.31449e+08 1.91493e+08 
0.229813 0.0521671 0.0942093 0.170308 0.308252 0.558548 1.01357 1.84269 3.35679 6.127 11.2147 20.5958 37.9349 70.1515 130.38 243.6 457.467 865.462 1651.87 3174.51 6162.5 12114.4 24109.2 48489.9 99167.8 206954 435173 931031 -1.37279e+07 3.05855e+06 4.79338e+06 7.52241e+06 1.19297e+07 1.90269e+07 3.01979e+07 4.74856e+07 7.29078e+07 1.08541e+08 1.59662e+08 2.33215e+08 
0.143414 0.0325611 0.0588166 0.106355 0.192559 0.349044 0.633669 1.15258 2.10083 3.83719 7.02897 12.9202 23.8231 44.1107 82.0994 153.652 289.143 548.311 1049.36 2023.42 3943.54 7787.87 15583.8 31556.4 65050.1 137002 291460 632167 1.38999e+06 -1.79919e+07 5.02169e+06 8.06576e+06 1.31101e+07 2.14267e+07 3.47789e+07 5.57974e+07 8.7023e+07 1.30837e+08 1.93695e+08 2.83873e+08 
0.0840842 0.0190946 0.0344999 0.0624019 0.113016 0.204937 0.372214 0.67736 1.23535 2.25795 4.13942 7.61568 14.0578 26.0629 48.5801 91.0763 171.749 326.485 626.568 1212.38 2372.57 4707.8 9474.47 19323.2 40169.6 85435 184085 405402 917162 2.11426e+06 -2.37822e+07 8.08858e+06 1.35678e+07 2.29152e+07 3.83582e+07 6.32833e+07 1.00895e+08 1.53839e+08 2.29826e+08 3.38363e+08 
0.0445231 0.0101127 0.018276 0.0330659 0.0599041 0.108668 0.197452 0.359505 0.656029 1.19991 2.2015 4.05394 7.4914 13.9067 25.9593 48.751 92.1259 175.549 337.836 655.964 1288.97 2569.87 5201.67 10685.7 22404.3 48129.4 105073 235106 541995 1.27876e+06 3.04584e+06 -3.20833e+07 1.29284e+07 2.27329e+07 3.95559e+07 6.76437e+07 1.10999e+08 1.72437e+08 2.60756e+08 3.86208e+08 
0.0212133 0.00481921 0.00871147 0.0157655 0.0285704 0.0518467 0.0942472 0.171681 0.313462 0.573729 1.05345 1.94158 3.59176 6.67595 12.4797 23.4762 44.455 84.9124 163.855 319.241 629.857 1261.71 2568.4 5314.33 11238 24385.5 53951.6 122710 288484 697598 1.71474e+06 4.33909e+06 -4.44402e+07 2.09563e+07 3.83039e+07 6.85098e+07 1.16619e+08 1.85595e+08 2.85106e+08 4.25548e+08 
0.00878951 0.00199715 0.00361096 0.00653653 0.0118489 0.0215094 0.0391154 0.0712845 0.130222 0.238494 0.438223 0.808328 1.49682 2.78534 5.21365 9.8228 18.6359 35.6736 69.0114 134.878 267.103 537.371 1099.64 2290.41 4881.88 10692.4 23954 55336.8 132584 328535 834530 2.19856e+06 6.0387e+06 -6.22644e+07 3.1502e+07 6.01845e+07 1.08589e+08 1.79943e+08 2.84036e+08 4.29871e+08 
0.00311353 0.000707576 0.00127959 0.00231685 0.00420088 0.00762831 0.0138773 0.0253007 0.0462411 0.0847372 0.155804 0.287605 0.53306 0.992992 1.86096 3.51115 6.67297 12.7994 24.8175 48.6438 96.6592 195.234 401.427 841.181 1805.86 3988.86 9038.31 21177.4 51626.3 130832 342727 938569 2.70797e+06 7.72877e+06 -8.86044e+07 4.5933e+07 8.96924e+07 1.57809e+08 2.5994e+08 4.02852e+08 
0.000932107 0.000211861 0.000383203 0.000693976 0.0012586 0.00228612 0.00416024 0.00758765 0.0138736 0.0254368 0.0467976 0.0864437 0.16035 0.298988 0.560942 1.0597 2.01712 3.87596 7.53078 14.7987 29.4956 59.7861 123.451 260.08 561.918 1250.54 2862.24 6791.23 16812.5 43470 117100 332400 1.00307e+06 3.05798e+06 9.51267e+06 -1.27653e+08 6.45758e+07 1.24749e+08 2.18996e+08 3.53005e+08 
0.000230253 5.2341e-05 9.46851e-05 0.000171501 0.000311094 0.000565194 0.00102879 0.00187691 0.00343298 0.00629681 0.01159 0.0214201 0.0397592 0.0741901 0.13931 0.26344 0.502063 0.96609 1.88008 3.70198 7.39609 15.033 31.1451 65.8911 143.075 320.288 738.871 1770.41 4435.88 11650.5 32082.8 93731.4 293414 948137 3.19203e+06 1.10969e+07 -1.81895e+08 8.3178e+07 1.62415e+08 2.82047e+08 
4.57861e-05 1.04089e-05 1.88314e-05 3.41124e-05 6.18852e-05 0.000112448 0.000204717 0.00037355 0.000683392 0.0012538 0.00230845 0.00426778 0.00792487 0.0147946 0.0277954 0.052595 0.100312 0.193193 0.376344 0.741968 1.48454 3.02258 6.275 13.3099 28.99 65.1326 150.985 363.983 918.845 2437.16 6806.29 20260 64971 218605 781422 2.98271e+06 1.15731e+07 -2.48546e+08 9.78521e+07 1.99285e+08 
7.15279e-06 1.62618e-06 2.94222e-06 5.33013e-06 9.6705e-06 1.75736e-05 3.19972e-05 5.83935e-05 0.000106845 0.000196062 0.000361057 0.00066767 0.00124016 0.00231599 0.00435283 0.00824022 0.0157247 0.0303034 0.0590735 0.116567 0.233469 0.475918 0.989429 2.1024 4.58877 10.3349 24.0351 58.1747 147.579 393.955 1110.25 3345.18 10897.7 37676.9 140541 571726 2.46742e+06 1.06843e+07 -3.28822e+08 1.19786e+08 
8.47643e-07 1.92718e-07 3.487e-07 6.31739e-07 1.14624e-06 2.08314e-06 3.79322e-06 6.92313e-06 1.26689e-05 2.32508e-05 4.28241e-05 7.92042e-05 0.000147148 0.000274865 0.00051674 0.000978536 0.00186804 0.00360151 0.00702423 0.0138689 0.027797 0.0567079 0.118005 0.251028 0.548614 1.23743 2.88325 6.99439 17.791 47.651 134.903 408.909 1342.45 4706.1 17976.1 76059.4 353639 1.79586e+06 9.8861e+06 -4.1799e+08 
dt_FE: 2.39239e-09
dt_EA: 2.39239e-09
dt_PE: 2.39239e-09
tolC: 1e-06
dt_grow: 1.03
dt_max: 0.1
steps: 0
