t: 1.15467e-07
dt: 2.39159e-09
N: 0.08529 0.0977075 0.111748 0.127585 0.145382 0.165252 0.187338 0.211759 0.238555 0.267644 0.299026 0.332553 0.367713 0.404187 0.441503 0.478836 0.515045 0.549542 0.581362 0.608554 0.630472 0.64612 0.653798 0.65142 0.638191 0.612143 0.569333 0.508911 0.430449 0.336495 0.236184 0.146223 0.0759273 0.0337233 0.0128116 0.00411154 0.00109562 0.000236463 4.005e-05 5.12704e-06 
eC: 1 1.15749 1.33977 1.55077 1.795 2.07768 2.40489 2.78363 3.22201 3.72944 4.31677 4.99661 5.78351 6.69433 7.7486 8.9689 10.3814 12.0163 13.9087 16.0991 18.6345 21.5692 24.9661 28.8979 33.4489 38.7167 44.814 51.8717 60.0407 69.4963 80.4411 93.1095 107.773 124.746 144.391 167.131 193.452 223.918 259.182 300 
dV: 1.08333 0.211322 0.327712 0.508206 0.788112 1.22218 1.89532 2.93921 4.55805 7.06849 10.9616 16.999 26.3615 40.8807 63.3966 98.3136 152.462 236.434 366.655 568.597 881.764 1367.42 2120.55 3288.49 5099.69 7908.45 12264.2 19019 29494.1 45738.6 70930.1 109996 170579 264529 410225 636165 986546 1.52991e+06 2.37254e+06 3.67926e+06 
kVec: 992485 1.15054e+06 1.32618e+06 1.52851e+06 1.7613e+06 2.02824e+06 2.33406e+06 2.68407e+06 3.08377e+06 3.5377e+06 4.0535e+06 4.63834e+06 5.29487e+06 6.03112e+06 6.85419e+06 7.76769e+06 8.76489e+06 9.85498e+06 1.10393e+07 1.22797e+07 1.35789e+07 1.49268e+07 1.62938e+07 1.76014e+07 1.88889e+07 2.01931e+07 2.13699e+07 2.26515e+07 2.43136e+07 2.67865e+07 3.05459e+07 3.68623e+07 4.76383e+07 6.41921e+07 8.96383e+07 1.28162e+08 1.82151e+08 2.48708e+08 3.28964e+08 4.18131e+08 
cMat: 
-111419 878.243 1031.98 1202.08 1401.32 1635.91 1912.28 2238.15 2623.93 3083.88 3631.65 4285.73 5077.16 6035.04 7197.13 8621.13 10391.4 12586.9 15325.9 18839.2 23335.4 29120 36707.7 46865 60414.6 78662.4 104172 139553 188992 259515 361392 508177 721410 1.03732e+06 1.49771e+06 2.16502e+06 3.1122e+06 4.4479e+06 6.36384e+06 9.1377e+06 
4406.07 -133071 1173.27 1366.67 1593.2 1859.93 2174.16 2544.7 2983.35 3506.37 4129.26 4873.07 5773.11 6862.5 8184.21 9803.88 11817.5 14315.2 17431.3 21428.7 26545 33128.4 41764.8 53327.9 68755.1 89535.2 118590 158897 215229 295602 411728 579075 822218 1.18248e+06 1.70759e+06 2.46879e+06 3.54928e+06 5.07295e+06 7.25853e+06 1.04228e+07 
3256.59 737.995 -152436 1549.3 1806.12 2108.51 2464.78 2884.89 3382.24 3975.27 4681.56 5525 6545.66 7781.11 9280.11 11117.2 13401.3 16234.8 19770.1 24306 30112.3 37584.4 47388.4 60517.3 78036.9 101640 134651 180454 244485 335863 467920 658265 934881 1.3448e+06 1.94239e+06 2.80877e+06 4.03863e+06 5.77289e+06 8.26057e+06 1.18622e+07 
2377.1 538.692 970.864 -175057 2041.35 2383.15 2785.87 3260.76 3822.98 4493.4 5291.89 6245.47 7399.48 8796.44 10491.5 12569.1 15152.5 18357.5 22356.9 27489 34059.4 42516.3 53614.4 68479.5 88320.2 115057 152459 204371 276960 380580 530366 746319 1.06022e+06 1.52549e+06 2.20387e+06 3.18753e+06 4.58399e+06 6.55311e+06 9.3777e+06 1.34672e+07 
1729.06 391.838 706.201 1273.72 -201389 2660.61 3138.22 3673.24 4306.67 5062.04 5961.76 7036.28 8336.75 9911.12 11821.6 14163.4 17075.8 20689.3 25199 30986.8 38398.1 47939 60462.3 77240.3 99639.9 129832 172083 230739 312785 429941 599343 843644 1.19885e+06 1.72543e+06 2.49337e+06 3.6071e+06 5.18831e+06 7.41789e+06 1.06161e+07 1.52466e+07 
1253.38 284.043 511.93 923.342 1652.09 -231926 3520.1 4120.32 4830.98 5678.49 6688.01 7893.75 9353.15 11120.1 13264.5 15893.2 19162.9 23220.4 28284.9 34786.1 43112.6 53833.9 67910.3 86774.7 111967 145934 193485 259523 351928 483925 674852 950288 1.35089e+06 1.94491e+06 2.81143e+06 4.06837e+06 5.85308e+06 8.36949e+06 1.19792e+07 1.72055e+07 
904.744 205.036 369.541 666.532 1203.33 2173.73 -267276 4600.86 5394.57 6341.17 7468.81 8815.72 10446.2 12420.4 14816.6 17754.5 21409.2 25945.2 31608 38879 48193.6 60190.2 75945.6 97067.2 125284 163342 216643 290698 394364 542512 756886 1.06627e+06 1.51641e+06 2.18408e+06 3.1583e+06 4.57182e+06 6.57908e+06 9.40914e+06 1.34689e+07 1.93467e+07 
649.802 147.262 265.417 478.735 864.305 1561.34 2823.29 -308126 5931.79 7046.57 8300.03 9797.35 11610.1 13805.3 16470 19737.6 23803.2 28850.1 35152.1 43245.8 53617.2 66978.7 84532.4 108074 139535 181988 241472 324157 439958 605531 845230 1.19131e+06 1.69507e+06 2.44249e+06 3.53344e+06 5.11675e+06 7.3654e+06 1.05356e+07 1.50834e+07 2.16679e+07 
464.179 105.197 189.604 341.996 617.451 1115.43 2017.04 3614.34 -355459 7786.11 9171.61 10826.8 12830.9 15258.2 18205.2 21819.4 26317.3 31902 38877 47837.9 59324.1 74126.7 93581.1 119683 154583 201697 267749 359614 488344 672507 939261 1.3246e+06 1.88579e+06 2.71871e+06 3.93491e+06 5.70058e+06 8.20856e+06 1.17442e+07 1.68163e+07 2.416e+07 
329.813 74.7466 134.724 243.014 438.756 792.644 1433.39 2595.71 4707.14 -410079 10066 11883.5 14084.4 16750.6 19988 23959.3 28902.9 35042.4 42712.6 52570.3 65210.5 81506.9 102935 131700 170180 222159 295080 396565 538873 742600 1.03788e+06 1.4647e+06 2.08666e+06 3.01019e+06 4.35931e+06 6.3187e+06 9.10233e+06 1.30263e+07 1.86555e+07 2.6806e+07 
232.733 52.7461 95.0726 171.495 309.639 559.405 1011.65 1832.08 3322.51 6031.73 -473354 12954.8 15355.8 18264.6 21797.5 26132.2 31529.7 38235 46614.5 57388.3 71209.3 89035.8 112488 143990 186157 243153 323175 434627 591030 815114 1.14014e+06 1.61029e+06 2.29585e+06 3.31433e+06 4.80294e+06 6.96586e+06 1.00392e+07 1.43713e+07 2.05862e+07 2.95847e+07 
162.958 36.9332 66.5722 120.089 216.831 391.75 708.49 1283.12 2327.12 4224.98 7686.5 -546844 16495.5 19770.9 23598.5 28296.2 34147.5 41418.9 50509.1 62202.3 77209.6 96576.2 122069 156337 202238 264327 351576 473195 644017 888978 1.24458e+06 1.75937e+06 2.51061e+06 3.62731e+06 5.26043e+06 7.63449e+06 1.10087e+07 1.57643e+07 2.25869e+07 3.24656e+07 
113.347 25.6898 46.3075 83.5363 150.838 272.534 492.913 892.754 1619.25 2940.07 5349.39 9685.07 -632149 21209.8 25320.4 30367 36655.5 44473.2 54250.4 66834.6 82994.8 103862 131350 168331 217907 285029 379450 511203 696457 962405 1.34887e+06 1.90889e+06 2.72691e+06 3.94371e+06 5.72451e+06 8.31483e+06 1.19974e+07 1.7187e+07 2.46326e+07 3.54134e+07 
78.1974 17.7239 31.9495 57.6375 104.079 188.06 340.151 616.121 1117.59 2029.42 3692.9 6737.33 12310.1 -731789 26930.4 32305.4 39006.2 47340.2 57768.3 71199.1 88458.1 110760 140163 179757 232889 304901 406327 548026 747510 1.03426e+06 1.45144e+06 2.05667e+06 2.94171e+06 4.25928e+06 6.18916e+06 8.99832e+06 1.29933e+07 1.86225e+07 2.66989e+07 3.83933e+07 
53.4533 12.1159 21.8413 39.4039 71.1573 128.582 232.588 421.325 764.321 1388.08 2526.19 4609.45 8423.61 15436.4 -848658 33690.7 41150.3 49960.4 60990.2 75206.7 93489.1 117132 148333 190396 246902 323579 431727 583026 796328 1.10338e+06 1.55073e+06 2.20058e+06 3.15206e+06 4.56986e+06 6.64854e+06 9.67674e+06 1.39849e+07 2.00543e+07 2.87627e+07 4.13724e+07 
36.2319 8.21275 14.8058 26.7127 48.2418 87.1796 157.71 285.713 518.366 941.524 1713.75 3127.55 5716.66 10478.3 19064.4 -987235 43015.1 52246 63810.2 78728.4 97930.1 122785 155622 199946 259569 340586 455045 615432 841922 1.16852e+06 1.64512e+06 2.33851e+06 3.35528e+06 4.87202e+06 7.09825e+06 1.03445e+07 1.49648e+07 2.1473e+07 3.08113e+07 4.43331e+07 
24.4052 5.53222 9.97395 17.9962 32.5025 58.7417 106.276 192.555 349.396 634.717 1155.51 2109.2 3856.21 7070.19 13012.7 24038.2 -1.15126e+06 54109.8 66123.5 81637.8 101628 127533 161801 208130 270547 355503 475770 644627 883563 1.22884e+06 1.73368e+06 2.46957e+06 3.55062e+06 5.16542e+06 7.53882e+06 1.10036e+07 1.59379e+07 2.28866e+07 3.28576e+07 4.72954e+07 
16.3069 3.69669 6.66513 12.0269 21.7233 39.2642 71.0452 128.739 233.635 424.499 772.964 1411.24 2580.85 4733.37 8714.93 16105.7 29848.2 -1.34848e+06 68014.9 84037.4 104707 131527 167059 215182 280132 368707 494386 671241 922081 1.28544e+06 1.81794e+06 2.59586e+06 3.74109e+06 5.4544e+06 7.97656e+06 1.16635e+07 1.69174e+07 2.43145e+07 3.49292e+07 5.02992e+07 
10.8173 2.45237 4.42194 7.97981 14.4147 26.057 47.1538 85.4583 155.115 281.89 513.406 937.591 1715.18 3146.82 5796.16 10716.6 19872 37054.9 -1.58887e+06 85539.5 107307 134943 171620 221393 288705 380703 511581 696230 958824 1.34027e+06 1.90076e+06 2.72163e+06 3.93304e+06 5.7486e+06 8.42611e+06 1.23461e+07 1.79363e+07 2.58048e+07 3.70964e+07 5.34463e+07 
7.18006 1.62789 2.93555 5.29799 9.57129 17.304 31.3189 56.7701 103.064 187.343 341.299 623.479 1140.98 2094.25 3859.3 7139.55 13247.9 24722.1 46189 -1.88111e+06 109376 137733 175443 226745 296299 391616 527661 720218 994972 1.39549e+06 1.98595e+06 2.85349e+06 4.13771e+06 6.06673e+06 8.91801e+06 1.31004e+07 1.90705e+07 2.74709e+07 3.95262e+07 5.69812e+07 
4.76486 1.08039 1.94845 3.51688 6.35436 11.4898 20.7993 37.7092 68.4751 124.504 226.891 414.625 759.099 1393.99 2570.28 4757.99 8835.63 16502.8 31043.3 58599.2 -2.24401e+06 140515 179313 232243 304213 403152 544906 746305 1.03481e+06 1.45711e+06 2.08218e+06 3.00405e+06 4.37373e+06 6.43666e+06 9.49406e+06 1.3989e+07 2.04126e+07 2.94475e+07 4.2414e+07 6.11867e+07 
3.16734 0.718234 1.29545 2.33853 4.22589 7.64246 13.8374 25.0927 45.5767 82.8946 151.117 276.262 506.024 929.763 1715.4 3177.76 5906.27 11042.4 20795 39307.2 74849.8 -2.70119e+06 181971 238976 313888 417240 565970 778204 1.08361e+06 1.53283e+06 2.20082e+06 3.19039e+06 4.66697e+06 6.89799e+06 1.02148e+07 1.51042e+07 2.21009e+07 3.19375e+07 4.60552e+07 6.64921e+07 
2.12267 0.481392 0.868374 1.56781 2.83359 5.1255 9.28225 16.8367 30.59 55.6566 101.502 185.644 340.227 625.526 1154.91 2141.26 3983.79 7456.64 14060.4 26619.3 50781 96744.4 -3.2859e+06 247670 326350 435357 593045 819236 1.1465e+06 1.63068e+06 2.35475e+06 3.43319e+06 5.05083e+06 7.50452e+06 1.11662e+07 1.65812e+07 2.43431e+07 3.52501e+07 5.09043e+07 7.35613e+07 
1.44343 0.327388 0.590656 1.06658 1.92804 3.4883 6.31893 11.465 20.8375 37.9281 69.2026 126.636 232.232 427.287 789.565 1465.32 2729.42 5115.63 9660.82 18323.9 35031.1 67670.2 131915 -4.03075e+06 342226 458504 627791 872184 1.22819e+06 1.75876e+06 2.55793e+06 3.75645e+06 5.56632e+06 8.32541e+06 1.24626e+07 1.86058e+07 2.74306e+07 3.98238e+07 5.76111e+07 8.33472e+07 
0.9903 0.224643 0.405354 0.732101 1.32369 2.39546 4.34055 7.87804 14.3236 26.0833 47.6156 87.1839 159.996 294.62 544.923 1012.39 1888.24 3544.34 6704.78 12743.5 24421.2 47304 92508.7 182135 -5.00615e+06 489351 673978 942516 1.33679e+06 1.9295e+06 2.83e+06 4.19166e+06 6.26454e+06 9.44405e+06 1.42391e+07 2.13941e+07 3.16993e+07 4.6163e+07 6.69214e+07 9.69428e+07 
0.683611 0.155096 0.279909 0.505638 0.914434 1.65529 3.00031 5.44747 9.90851 18.0524 32.9737 60.4134 110.954 204.498 378.624 704.274 1315.46 2473.27 4687.42 8929.69 17158.4 33337 65427.8 129372 259441 -6.31073e+06 731267 1.03427e+06 1.47906e+06 2.15447e+06 3.19111e+06 4.774e+06 7.20689e+06 1.09664e+07 1.6675e+07 2.52427e+07 3.76223e+07 5.49872e+07 7.99083e+07 1.15928e+08 
0.476806 0.108194 0.195303 0.352883 0.638344 1.15588 2.09585 3.80686 6.92763 12.6287 23.082 42.3213 77.796 143.534 266.063 495.584 927.209 1746.64 3317.5 6336.93 12214.5 23816.7 46941.1 93295.3 188197 385145 -8.00679e+06 1.13366e+06 1.63802e+06 2.41403e+06 3.62137e+06 5.48923e+06 8.39787e+06 1.29394e+07 1.98999e+07 3.04294e+07 4.5711e+07 6.71346e+07 9.7877e+07 1.42265e+08 
0.329171 0.0747069 0.134884 0.243774 0.441095 0.798977 1.44927 2.63358 4.79497 8.74635 15.9972 29.3543 54.0118 99.7635 185.164 345.41 647.414 1222.11 2326.71 4457.39 8621.13 16876.2 33416.9 66795.2 135627 280720 584216 -1.02816e+07 1.80599e+06 2.69828e+06 4.10991e+06 6.3296e+06 9.84322e+06 1.54043e+07 2.40287e+07 3.72073e+07 5.6444e+07 8.34036e+07 1.22085e+08 1.77851e+08 
0.220932 0.0501512 0.0905687 0.163727 0.29634 0.536964 0.974404 1.77148 3.22708 5.89024 10.7813 19.7999 36.4689 67.4407 125.341 234.186 439.789 832.018 1588.04 3051.84 5924.36 11646.3 23177.5 46616.1 95335.6 198957 418356 895052 -1.33786e+07 2.94035e+06 4.60815e+06 7.23172e+06 1.14687e+07 1.82917e+07 2.9031e+07 4.56506e+07 7.00904e+07 1.04347e+08 1.53492e+08 2.24203e+08 
0.14155 0.032138 0.0580524 0.104973 0.190057 0.344509 0.625435 1.13761 2.07353 3.78733 6.93764 12.7523 23.5135 43.5375 81.0326 151.656 285.386 541.186 1035.73 1997.13 3892.3 7686.68 15381.3 31146.4 64204.8 135222 287673 623953 1.37193e+06 -1.7644e+07 4.95644e+06 7.96096e+06 1.29398e+07 2.11483e+07 3.4327e+07 5.50724e+07 8.58923e+07 1.29137e+08 1.91178e+08 2.80184e+08 
0.0843174 0.0191475 0.0345956 0.062575 0.113329 0.205505 0.373246 0.679239 1.23877 2.26421 4.15091 7.63681 14.0968 26.1352 48.7148 91.3289 172.225 327.39 628.306 1215.74 2379.15 4720.86 9500.75 19376.8 40281 85671.9 184595 406527 919706 2.12012e+06 -2.34365e+07 8.11101e+06 1.36054e+07 2.29788e+07 3.84646e+07 6.34588e+07 1.01175e+08 1.54266e+08 2.30464e+08 3.39302e+08 
0.0451496 0.010255 0.0185331 0.0335312 0.0607469 0.110197 0.200231 0.364563 0.665259 1.2168 2.23248 4.11098 7.5968 14.1023 26.3245 49.4369 93.422 178.019 342.589 665.193 1307.11 2606.03 5274.85 10836 22719.5 48806.5 106551 238414 549621 1.29675e+06 3.08869e+06 -3.1722e+07 1.31103e+07 2.30527e+07 4.01124e+07 6.85954e+07 1.1256e+08 1.74864e+08 2.64425e+08 3.91642e+08 
0.0213739 0.00485571 0.00877746 0.0158849 0.0287868 0.0522394 0.0949611 0.172981 0.315836 0.578074 1.06143 1.95628 3.61897 6.72652 12.5743 23.654 44.7917 85.5555 165.096 321.659 634.628 1271.26 2587.86 5354.58 11323.1 24570.2 54360.2 123639 290669 702882 1.72773e+06 4.37196e+06 -4.41657e+07 2.11151e+07 3.8594e+07 6.90287e+07 1.17502e+08 1.87001e+08 2.87265e+08 4.28771e+08 
0.0088145 0.00200283 0.00362122 0.00655512 0.0118826 0.0215706 0.0392266 0.0714872 0.130592 0.239172 0.439469 0.810626 1.50108 2.79325 5.22847 9.85073 18.6888 35.7751 69.2076 135.262 267.863 538.899 1102.77 2296.92 4895.76 10722.8 24022.2 55494.1 132961 329469 836902 2.20481e+06 6.05587e+06 -6.20903e+07 3.15916e+07 6.03556e+07 1.08898e+08 1.80454e+08 2.84843e+08 4.31094e+08 
0.00311697 0.000708357 0.00128101 0.0023194 0.00420552 0.00763672 0.0138926 0.0253286 0.0462921 0.0848307 0.155976 0.287922 0.533649 0.994087 1.86302 3.51503 6.68034 12.8135 24.8449 48.6975 96.7658 195.45 401.87 842.11 1807.86 3993.26 9048.28 21200.8 51683.2 130976 343105 939605 2.71096e+06 7.7373e+06 -8.85145e+07 4.59837e+07 8.97914e+07 1.57983e+08 2.60226e+08 4.03297e+08 
0.000932439 0.000211937 0.00038334 0.000694223 0.00125905 0.00228694 0.00416172 0.00759035 0.0138786 0.0254458 0.0468143 0.0864745 0.160407 0.299094 0.561142 1.06008 2.01783 3.87734 7.53346 14.804 29.5061 59.8074 123.495 260.173 562.118 1250.98 2863.26 6793.65 16818.5 43485.5 117142 332518 1.00343e+06 3.05907e+06 9.51606e+06 -1.27643e+08 6.45987e+07 1.24793e+08 2.19074e+08 3.53131e+08 
0.000230275 5.23459e-05 9.46941e-05 0.000171518 0.000311123 0.000565248 0.00102889 0.00187709 0.00343331 0.00629741 0.0115911 0.0214222 0.0397629 0.0741971 0.139323 0.263465 0.502111 0.966182 1.88026 3.70234 7.39679 15.0344 31.148 65.8974 143.088 320.319 738.941 1770.57 4436.3 11651.6 32085.8 93740.3 293442 948227 3.19234e+06 1.1098e+07 -1.81954e+08 8.31859e+07 1.6243e+08 2.82074e+08 
4.57871e-05 1.04091e-05 1.88318e-05 3.41131e-05 6.18864e-05 0.000112451 0.000204721 0.000373558 0.000683406 0.00125383 0.0023085 0.00426787 0.00792504 0.014795 0.0277959 0.0525961 0.100314 0.193197 0.376352 0.741983 1.48457 3.02265 6.27513 13.3102 28.9906 65.1339 150.989 363.991 918.864 2437.21 6806.43 20260.5 64972.4 218610 781438 2.98278e+06 1.15733e+07 -2.48649e+08 9.78541e+07 1.9929e+08 
7.15281e-06 1.62618e-06 2.94223e-06 5.33015e-06 9.67054e-06 1.75736e-05 3.19973e-05 5.83937e-05 0.000106845 0.000196063 0.000361059 0.000667672 0.00124017 0.002316 0.00435284 0.00824024 0.0157247 0.0303035 0.0590738 0.116567 0.23347 0.47592 0.989433 2.10241 4.58878 10.3349 24.0352 58.1749 147.58 393.956 1110.25 3345.2 10897.8 37677 140541 571728 2.46743e+06 1.06844e+07 -3.28951e+08 1.19786e+08 
8.47644e-07 1.92718e-07 3.487e-07 6.3174e-07 1.14624e-06 2.08314e-06 3.79322e-06 6.92313e-06 1.26689e-05 2.32509e-05 4.28241e-05 7.92043e-05 0.000147148 0.000274865 0.00051674 0.000978537 0.00186804 0.00360151 0.00702423 0.0138689 0.027797 0.0567079 0.118005 0.251028 0.548614 1.23744 2.88325 6.9944 17.791 47.651 134.903 408.91 1342.45 4706.1 17976.1 76059.4 353639 1.79586e+06 9.8861e+06 -4.18129e+08 
dt_FE: 2.39159e-09
dt_EA: 2.39159e-09
dt_PE: 2.39159e-09
tolC: 1e-06
dt_grow: 1.03
dt_max: 0.1
steps: 0
