t: 1.5326e-06
dt: 1.19715e-07
N: 0.736082 0.778084 0.81554 0.847661 0.873972 0.894354 0.909174 0.919114 0.925038 0.92787 0.928486 0.927547 0.925492 0.922558 0.918802 0.914148 0.90842 0.901347 0.892547 0.881503 0.867504 0.849575 0.826381 0.796111 0.756382 0.704252 0.636575 0.551086 0.448585 0.335673 0.225501 0.133315 0.0684651 0.0303136 0.0114883 0.00368351 0.000981057 0.000211647 3.5836e-05 4.58654e-06 
eC: 1 1.15749 1.33977 1.55077 1.795 2.07768 2.40489 2.78363 3.22201 3.72944 4.31677 4.99661 5.78351 6.69433 7.7486 8.9689 10.3814 12.0163 13.9087 16.0991 18.6345 21.5692 24.9661 28.8979 33.4489 38.7167 44.814 51.8717 60.0407 69.4963 80.4411 93.1095 107.773 124.746 144.391 167.131 193.452 223.918 259.182 300 
dV: 1.08333 0.211322 0.327712 0.508206 0.788112 1.22218 1.89532 2.93921 4.55805 7.06849 10.9616 16.999 26.3615 40.8807 63.3966 98.3136 152.462 236.434 366.655 568.597 881.764 1367.42 2120.55 3288.49 5099.69 7908.45 12264.2 19019 29494.1 45738.6 70930.1 109996 170579 264529 410225 636165 986546 1.52991e+06 2.37254e+06 3.67926e+06 
kVec: 1.03007e+06 1.19337e+06 1.37487e+06 1.5837e+06 1.82368e+06 2.09842e+06 2.41264e+06 2.77158e+06 3.18055e+06 3.64379e+06 4.16867e+06 4.76188e+06 5.42522e+06 6.16593e+06 6.99008e+06 7.89981e+06 8.88631e+06 9.9572e+06 1.11117e+07 1.23082e+07 1.35478e+07 1.48184e+07 1.60891e+07 1.7281e+07 1.84373e+07 1.96008e+07 2.06412e+07 2.18077e+07 2.33972e+07 2.58634e+07 2.96964e+07 3.61556e+07 4.71157e+07 6.38682e+07 8.9496e+07 1.28173e+08 1.82276e+08 2.48899e+08 3.2919e+08 4.18366e+08 
cMat: 
-61620.6 253.396 297.755 346.832 404.318 472.002 551.742 645.765 757.071 889.781 1047.83 1236.55 1464.89 1741.27 2076.56 2487.42 2998.18 3631.66 4421.92 5435.59 6732.86 8401.89 10591.1 13521.8 17431.2 22696.1 30056.3 40264.6 54529 74876.9 104271 146622 208146 299293 432128 624665 897950 1.28334e+06 1.83614e+06 2.63647e+06 
1083.66 -72747.8 288.563 336.128 391.843 457.443 534.729 625.861 733.746 862.382 1015.58 1198.52 1419.88 1687.81 2012.88 2411.23 2906.48 3520.77 4287.16 5270.32 6528.67 8147.82 10271.9 13115.8 16910.1 22020.9 29167 39080.1 52934.9 72702.4 101263 142422 202222 290828 419977 607191 872935 1.24768e+06 1.78521e+06 2.56345e+06 
676.284 153.256 -84080.2 321.736 375.069 437.866 511.851 599.093 702.376 825.528 972.202 1147.36 1359.31 1615.87 1927.16 2308.66 2783 3371.41 4105.58 5047.52 6253.29 7805 9840.96 12567.4 16205.6 21107.2 27962.4 37474.2 50771.2 69747.4 97171.1 136699 194143 279270 403368 583285 838686 1.19883e+06 1.71544e+06 2.46338e+06 
415.083 94.0649 169.529 -97407.3 356.454 416.139 486.46 569.384 667.558 784.623 924.053 1090.56 1292.08 1536.01 1832 2194.78 2645.89 3205.53 3903.9 4800.04 5947.35 7424.06 9361.98 11957.7 15422.2 20090.8 26622 35686.6 48361.9 66455.7 92610.9 130320 185133 266376 384833 556597 800442 1.14428e+06 1.63751e+06 2.35159e+06 
254.979 57.7832 104.141 187.832 -113095 392.352 462.783 541.68 635.091 746.483 879.161 1037.62 1229.39 1461.56 1743.3 2088.64 2518.11 3050.98 3716.01 4569.52 5662.45 7069.4 8916.18 11390.4 14693.6 19146 25376.5 34026.4 46125.4 63402.1 88383.2 124409 176790 254443 367690 531927 765104 1.09389e+06 1.56553e+06 2.24836e+06 
158.629 35.9486 64.79 116.859 209.089 -131546 445.506 521.47 611.411 718.672 846.437 999.036 1183.74 1407.36 1678.76 2011.46 2425.27 2938.78 3579.75 4402.54 5456.35 6813.24 8594.76 10982.2 14170.6 18469.5 24487.5 32845.3 44540.1 61245.7 85409.5 120269 170969 246149 355815 514894 740768 1.05925e+06 1.5161e+06 2.17754e+06 
101.117 22.9154 41.301 74.4936 134.488 242.942 -153296 514.206 602.913 708.708 834.737 985.271 1167.49 1388.14 1655.94 1984.29 2392.75 2899.71 3532.6 4345.23 5386.25 6727.03 8487.9 10848.5 14002.1 18255.6 24212.6 32489.3 44075.3 60632.7 84591.9 119169 169479 244099 352981 510960 735297 1.05159e+06 1.50532e+06 2.16224e+06 
66.6798 15.1114 27.236 49.1257 88.6912 160.218 289.714 -179001 608.695 723.089 851.714 1005.36 1191.38 1416.64 1690.08 2025.39 2442.58 2960.48 3607.15 4437.7 5501.96 6873.06 8674.35 11090.1 14318.5 18674.9 24778.8 33263.5 45146.6 62136.9 86733.8 122247 173941 250638 362586 525059 755805 1.08112e+06 1.54779e+06 2.22347e+06 
45.6973 10.3563 18.666 33.6687 60.7866 109.812 198.573 355.823 -209455 766.524 902.923 1065.87 1263.18 1502.14 1792.25 2148.07 2590.88 3140.67 3827.35 4709.53 5840.31 7297.59 9212.84 11782.5 15218.3 19856.6 26359.2 35403.1 48076.3 66206.7 92468 130404 185651 267650 387383 561209 808113 1.15619e+06 1.65552e+06 2.37849e+06 
32.4832 7.36177 13.269 23.9343 43.2129 78.0673 141.174 255.651 463.605 -245543 991.398 1170.4 1387.17 1649.76 1968.61 2359.74 2846.63 3451.32 4206.75 5177.63 6422.57 8027.59 10138 12971.1 16761 21880.4 29062.3 39057.6 53073.4 73138.5 102221 144258 205514 296473 429348 622327 896486 1.28296e+06 1.83738e+06 2.64012e+06 
23.7437 5.38122 9.69941 17.4961 31.5897 57.0712 103.21 186.91 338.967 615.364 -288578 1321.67 1566.61 1863.38 2223.8 2666.03 3216.7 3900.77 4755.66 5854.82 7264.85 9083.53 11476.1 14690 18991.9 24806.8 32970.7 44341.1 60297.5 83158.9 116318 164283 234225 338132 490001 710665 1.02422e+06 1.46618e+06 2.10022e+06 3.01826e+06 
17.6896 4.00921 7.2266 13.036 23.5376 42.5256 76.9087 139.287 252.615 458.634 834.391 -340148 1790.63 2146.19 2561.69 3071.63 3706.81 4496.14 5482.91 6752.24 8381.33 10483.6 13251 16970.8 21953.5 28693.5 38164.6 51366.7 69909.9 96501.1 135103 190985 272534 393755 571035 828747 1.19502e+06 1.71126e+06 2.45187e+06 3.52423e+06 
13.3567 3.02727 5.45683 9.84383 17.7747 32.1152 58.0844 105.201 190.81 346.455 630.367 1141.28 -401908 2499.34 2983.74 3578.42 4319.45 5240.68 6392.82 7875.72 9780.03 12239 15478.2 19836 25678 33587.6 44714 60239.7 82069.8 113409 158950 224942 321336 464723 674571 979811 1.41376e+06 2.0253e+06 2.90268e+06 4.17308e+06 
10.1639 2.3037 4.1527 7.49156 13.5279 24.4434 44.2119 80.0816 145.261 263.778 479.993 875.699 1600.03 -476459 3500.33 4198.96 5069.91 6153.14 7508.56 9254.25 11497.5 14396.3 18217.9 23364.3 30270.3 39630.2 52813.2 71230.8 97159.3 134430 188654 267320 382355 553609 804450 1.16958e+06 1.68884e+06 2.4205e+06 3.47025e+06 4.99025e+06 
7.77142 1.76149 3.17544 5.72883 10.3454 18.6941 33.8154 61.2553 111.123 201.809 367.276 670.155 1224.69 2244.25 -567122 4898.19 5982.73 7263.6 8867.2 10934.1 13592.1 17029.5 21565.8 27681.1 35896.4 47044.2 62767.5 84764.5 115776 160418 225457 319936 458269 664399 966612 1.40687e+06 2.03322e+06 2.91564e+06 4.18173e+06 6.01502e+06 
5.96853 1.3529 2.43898 4.40041 7.94692 14.3612 25.9798 47.0659 85.391 155.098 282.309 515.205 941.711 1726.1 3140.5 -678002 7085.92 8606.53 10511.5 12969 16132.1 20226.6 25635.8 32937.4 42759 56105.1 74960 101381 138691 192492 271002 385226 552720 802573 1.1693e+06 1.70406e+06 2.46517e+06 3.53727e+06 5.07558e+06 7.30304e+06 
4.60872 1.04471 1.8835 3.39843 6.13784 11.0929 20.0694 36.3624 65.9805 119.861 218.209 398.306 728.215 1335.15 2457.35 4539.43 -813697 10218.2 12486.9 15416.6 19191.6 24083.5 30554.8 39303.6 51090.5 67133.9 89845.3 121733 166854 232056 327391 466358 670506 975447 1.42364e+06 2.07795e+06 3.00974e+06 4.32196e+06 6.20488e+06 8.93135e+06 
3.57133 0.8096 1.45971 2.63397 4.75754 8.59913 15.5594 28.1947 51.1675 92.9682 169.284 309.071 565.224 1036.64 1908.63 3527.25 6536.96 -982248 14895.7 18404.8 22931.5 28805.2 36587.1 47126.4 61350.8 80749.3 108274 147006 201942 281520 398141 568511 819324 1.19455e+06 1.74692e+06 2.55438e+06 3.70502e+06 5.32504e+06 7.64973e+06 1.10159e+07 
2.77651 0.629455 1.13499 2.04819 3.69984 6.68809 12.1031 21.9348 39.8137 72.3534 131.777 240.653 440.239 807.7 1487.71 2750.65 5100.57 9510.95 -1.19394e+06 21955.6 27542.7 34636.2 44050.1 56825.3 74102.5 97715.7 131309 178703 246103 344010 487871 698567 1.0095e+06 1.4755e+06 2.16275e+06 3.1689e+06 4.60375e+06 6.62337e+06 9.52161e+06 1.37182e+07 
2.17352 0.492788 0.888636 1.60378 2.89738 5.2382 9.48072 17.1852 31.199 56.7115 103.317 188.737 345.394 633.962 1168.27 2161.25 4010.35 7483.78 13982.1 -1.45846e+06 33109.9 41693.8 53109.5 68639.3 89694.2 118548 159731 218021 301194 422435 601177 863795 1.25255e+06 1.83649e+06 2.69962e+06 3.96571e+06 5.77295e+06 8.31586e+06 1.19652e+07 1.72491e+07 
1.70846 0.38738 0.698624 1.261 2.27839 4.11974 7.4577 13.5208 24.5521 44.6414 81.3528 148.666 272.178 499.822 921.588 1706 3168.06 5917.16 11130.7 21011 -1.79501e+06 50382.4 64293.5 83271.9 109077 144552 195379 267591 371035 522455 746575 1.07712e+06 1.56822e+06 2.3079e+06 3.40414e+06 5.01584e+06 7.31905e+06 1.05585e+07 1.52077e+07 2.19388e+07 
1.34635 0.305302 0.55066 0.994048 1.79631 3.24861 5.8819 10.6663 19.3735 35.2363 64.2357 117.432 215.098 395.218 729.17 1350.78 2510.6 4693.83 8839.41 16708.5 31816.7 -2.22904e+06 77351.2 101582 133426 177358 240579 330794 460615 651565 935509 1.35615e+06 1.98381e+06 2.93216e+06 4.34207e+06 6.42041e+06 9.39452e+06 1.35758e+07 1.95769e+07 2.8264e+07 
1.06451 0.241416 0.435487 0.786249 1.42103 2.57042 4.65501 8.44355 15.3408 27.9116 50.903 93.0999 170.623 313.699 579.185 1073.83 1997.86 3739.48 7051.26 13349.5 25466.5 48517 -2.79337e+06 124206 163663 218330 297410 410844 574967 817782 1.1809e+06 1.72173e+06 2.53297e+06 3.76349e+06 5.59981e+06 8.31543e+06 1.2208e+07 1.76778e+07 2.55283e+07 3.68907e+07 
0.844276 0.191493 0.345482 0.623853 1.12774 2.04035 3.69602 6.70604 12.1881 22.1846 40.4774 74.0709 135.835 249.925 461.826 857.081 1596.47 2992.19 5650.73 10717.8 20490.1 39581.1 77158.6 -3.52339e+06 200172 268184 367202 510151 718382 1.02872e+06 1.49616e+06 2.19719e+06 3.25581e+06 4.86963e+06 7.28953e+06 1.08828e+07 1.60445e+07 2.32934e+07 3.36974e+07 4.87508e+07 
0.6668 0.15126 0.272938 0.492947 0.891281 1.61294 2.92263 5.30453 9.64453 17.5627 32.0611 58.7037 107.73 198.377 366.914 681.678 1271.41 2386.51 4514.54 8580.59 16443.6 31851.3 62289 122637 -4.49164e+06 329496 453811 634626 900104 1.29919e+06 1.90553e+06 2.82238e+06 4.21812e+06 6.35898e+06 9.58766e+06 1.44053e+07 2.13442e+07 3.1083e+07 4.50603e+07 6.52747e+07 
0.521265 0.118263 0.213435 0.385558 0.697271 1.26219 2.28779 4.15379 7.55541 13.7653 25.143 46.0663 84.6044 155.933 288.707 537.021 1003.06 1885.91 3574.23 6809.04 13083.5 25420 49889.8 98648.2 197828 -5.79688e+06 557603 788646 1.12781e+06 1.64282e+06 2.43328e+06 3.64025e+06 5.49538e+06 8.36205e+06 1.2715e+07 1.9248e+07 2.86876e+07 4.19286e+07 6.09314e+07 8.83971e+07 
0.40236 0.0913014 0.164809 0.297786 0.538677 0.975407 1.76862 3.21248 5.84599 10.657 19.4782 35.7135 65.6494 121.123 224.522 418.206 782.441 1473.93 2799.52 5347.52 10307.4 20098.1 39612 78728.7 158813 325011 -7.50155e+06 956654 1.38227e+06 2.03712e+06 3.05595e+06 4.63217e+06 7.08668e+06 1.09192e+07 1.67929e+07 2.56783e+07 3.8574e+07 5.66526e+07 8.25951e+07 1.20052e+08 
0.300901 0.0682911 0.1233 0.222839 0.403213 0.73036 1.32481 2.40741 4.38317 7.99521 14.6234 26.8334 49.3733 91.1957 169.262 315.746 591.813 1117.15 2126.89 4074.58 7880.74 15426.8 30547.1 61058.8 123980 256612 534043 -9.78979e+06 1.65089e+06 2.46655e+06 3.75695e+06 5.78601e+06 8.99788e+06 1.40814e+07 2.19651e+07 3.40119e+07 5.15966e+07 7.62409e+07 1.116e+08 1.62577e+08 
0.213897 0.0485542 0.0876848 0.158513 0.286904 0.519866 0.943377 1.71508 3.12432 5.70268 10.438 19.1694 35.3077 65.2932 121.35 226.729 425.785 805.525 1537.47 2954.66 5735.71 11275.5 22439.5 45131.7 92299.9 192622 405035 866552 -1.29016e+07 2.84673e+06 4.46142e+06 7.00145e+06 1.11035e+07 1.77092e+07 2.81065e+07 4.41969e+07 6.78585e+07 1.01024e+08 1.48605e+08 2.17064e+08 
0.141726 0.0321778 0.0581243 0.105104 0.190293 0.344936 0.626211 1.13902 2.07611 3.79202 6.94624 12.7681 23.5427 43.5915 81.1331 151.844 285.74 541.857 1037.01 1999.61 3897.12 7696.21 15400.3 31185 64284.5 135389 288030 624726 1.37363e+06 -1.71818e+07 4.96259e+06 7.97083e+06 1.29558e+07 2.11745e+07 3.43695e+07 5.51407e+07 8.59988e+07 1.29298e+08 1.91415e+08 2.80532e+08 
0.0854967 0.0194153 0.0350794 0.0634502 0.114914 0.208379 0.378466 0.688739 1.2561 2.29588 4.20896 7.74362 14.294 26.5008 49.3962 92.6062 174.634 331.969 637.093 1232.74 2412.43 4786.88 9633.63 19647.8 40844.4 86870.2 187177 412212 932569 2.14978e+06 -2.29998e+07 8.22446e+06 1.37957e+07 2.33002e+07 3.90026e+07 6.43464e+07 1.0259e+08 1.56424e+08 2.33687e+08 3.44047e+08 
0.0458321 0.0104101 0.0188133 0.0340381 0.0616653 0.111863 0.203258 0.370075 0.675317 1.23519 2.26623 4.17313 7.71165 14.3155 26.7225 50.1843 94.8344 180.711 347.768 675.25 1326.87 2645.43 5354.6 10999.9 23063 49544.4 108162 242018 557930 1.31635e+06 3.13539e+06 -3.13355e+07 1.33085e+07 2.34013e+07 4.07188e+07 6.96324e+07 1.14262e+08 1.77507e+08 2.68423e+08 3.97563e+08 
0.0215465 0.00489492 0.00884834 0.0160132 0.0290193 0.0526612 0.0957279 0.174378 0.318386 0.582742 1.07 1.97208 3.64819 6.78084 12.6758 23.845 45.1534 86.2464 166.429 324.257 639.753 1281.53 2608.75 5397.82 11414.6 24768.6 54799.2 124638 293016 708558 1.74168e+06 4.40726e+06 -4.38899e+07 2.12856e+07 3.89057e+07 6.95861e+07 1.18451e+08 1.88511e+08 2.89585e+08 4.32234e+08 
0.0088456 0.0020099 0.003634 0.00657825 0.0119245 0.0216467 0.039365 0.0717394 0.131053 0.240016 0.441019 0.813487 1.50638 2.80311 5.24692 9.88549 18.7548 35.9013 69.4519 135.739 268.808 540.801 1106.66 2305.03 4913.04 10760.6 24106.9 55689.9 133430 330631 839855 2.21259e+06 6.07724e+06 -6.19322e+07 3.1703e+07 6.05685e+07 1.09282e+08 1.81091e+08 2.85848e+08 4.32615e+08 
0.00312115 0.000709307 0.00128272 0.00232251 0.00421116 0.00764696 0.0139112 0.0253626 0.0463542 0.0849444 0.156185 0.288308 0.534364 0.99542 1.86551 3.51974 6.68929 12.8307 24.8782 48.7628 96.8956 195.712 402.408 843.239 1810.28 3998.62 9060.41 21229.2 51752.5 131152 343565 940865 2.71459e+06 7.74767e+06 -8.84678e+07 4.60453e+07 8.99118e+07 1.58195e+08 2.60575e+08 4.03838e+08 
0.00093284 0.000212028 0.000383505 0.000694521 0.00125959 0.00228792 0.00416351 0.00759361 0.0138845 0.0254567 0.0468344 0.0865117 0.160476 0.299223 0.561383 1.06054 2.0187 3.879 7.5367 14.8103 29.5188 59.8331 123.548 260.285 562.359 1251.52 2864.49 6796.57 16825.7 43504.2 117192 332661 1.00386e+06 3.06038e+06 9.52015e+06 -1.27701e+08 6.46265e+07 1.24847e+08 2.19168e+08 3.53282e+08 
0.000230301 5.23519e-05 9.4705e-05 0.000171537 0.000311159 0.000565312 0.00102901 0.0018773 0.0034337 0.00629813 0.0115925 0.0214246 0.0397675 0.0742057 0.139339 0.263496 0.502168 0.966293 1.88048 3.70276 7.39764 15.0362 31.1516 65.9049 143.105 320.355 739.026 1770.78 4436.81 11652.9 32089.5 93751.1 293475 948336 3.1927e+06 1.10993e+07 -1.82097e+08 8.31955e+07 1.62449e+08 2.82106e+08 
4.57882e-05 1.04093e-05 1.88322e-05 3.41139e-05 6.1888e-05 0.000112453 0.000204726 0.000373567 0.000683423 0.00125386 0.00230856 0.00426798 0.00792523 0.0147953 0.0277966 0.0525974 0.100316 0.193202 0.376361 0.742001 1.48461 3.02272 6.27529 13.3105 28.9913 65.1355 150.992 364 918.886 2437.27 6806.6 20261 64974 218615 781458 2.98285e+06 1.15736e+07 -2.48846e+08 9.78565e+07 1.99294e+08 
7.15284e-06 1.62619e-06 2.94225e-06 5.33018e-06 9.67058e-06 1.75737e-05 3.19975e-05 5.83939e-05 0.000106845 0.000196064 0.00036106 0.000667675 0.00124017 0.00231601 0.00435286 0.00824028 0.0157248 0.0303036 0.059074 0.116568 0.233471 0.475922 0.989437 2.10242 4.5888 10.335 24.0353 58.1752 147.581 393.958 1110.25 3345.21 10897.8 37677.1 140542 571730 2.46744e+06 1.06844e+07 -3.29178e+08 1.19787e+08 
8.47644e-07 1.92719e-07 3.487e-07 6.3174e-07 1.14624e-06 2.08314e-06 3.79322e-06 6.92314e-06 1.26689e-05 2.32509e-05 4.28241e-05 7.92043e-05 0.000147148 0.000274865 0.00051674 0.000978537 0.00186804 0.00360151 0.00702424 0.0138689 0.027797 0.056708 0.118005 0.251028 0.548614 1.23744 2.88325 6.9944 17.791 47.651 134.904 408.91 1342.45 4706.1 17976.1 76059.5 353639 1.79586e+06 9.88611e+06 -4.18364e+08 
dt_FE: 1.19715e-07
dt_EA: 1.19715e-07
dt_PE: 1.19715e-07
tolC: 1e-06
dt_grow: 1.03
dt_max: 0.1
steps: 0
