t: 2.31282e-08
dt: 1.14535e-09
N: 0.0148206 0.0170938 0.0197027 0.0226964 0.0261275 0.0300472 0.0345202 0.0396175 0.0454081 0.0519522 0.0593416 0.0676595 0.0769285 0.0872294 0.0986285 0.111115 0.124577 0.139048 0.154441 0.170201 0.186181 0.202057 0.217013 0.229807 0.240077 0.246942 0.247221 0.240728 0.226716 0.203292 0.175178 0.270183 0.173737 0.0395774 0.0159057 0.00529154 0.00142826 0.000308713 5.22457e-05 6.68034e-06 
eC: 1 1.15749 1.33977 1.55077 1.795 2.07768 2.40489 2.78363 3.22201 3.72944 4.31677 4.99661 5.78351 6.69433 7.7486 8.9689 10.3814 12.0163 13.9087 16.0991 18.6345 21.5692 24.9661 28.8979 33.4489 38.7167 44.814 51.8717 60.0407 69.4963 80.4411 93.1095 107.773 124.746 144.391 167.131 193.452 223.918 259.182 300 
dV: 1.08333 0.211322 0.327712 0.508206 0.788112 1.22218 1.89532 2.93921 4.55805 7.06849 10.9616 16.999 26.3615 40.8807 63.3966 98.3136 152.462 236.434 366.655 568.597 881.764 1367.42 2120.55 3288.49 5099.69 7908.45 12264.2 19019 29494.1 45738.6 70930.1 109996 170579 264529 410225 636165 986546 1.52991e+06 2.37254e+06 3.67926e+06 
kVec: 874978 1.01573e+06 1.17178e+06 1.35195e+06 1.5598e+06 1.7989e+06 2.0738e+06 2.38969e+06 2.75216e+06 3.16625e+06 3.63987e+06 4.18095e+06 4.79437e+06 5.48993e+06 6.27747e+06 7.16529e+06 8.15389e+06 9.25853e+06 1.04899e+07 1.18261e+07 1.32822e+07 1.48634e+07 1.65584e+07 1.83085e+07 2.01564e+07 2.21396e+07 2.40848e+07 2.61648e+07 2.85607e+07 3.15271e+07 3.53289e+07 4.10539e+07 5.07204e+07 6.61019e+07 9.05946e+07 1.28358e+08 1.81783e+08 2.48012e+08 3.28097e+08 4.17213e+08 
cMat: 
-176805 945.903 1111.49 1294.69 1509.28 1761.94 2059.6 2410.58 2826.07 3321.47 3911.43 4615.9 5468.31 6499.98 7751.6 9285.3 11191.9 13556.6 16506.6 20290.5 25133.1 31363.5 39535.6 50475.5 65068.9 84722.5 112197 150304 203552 279508 389233 547327 776988 1.11723e+06 1.61309e+06 2.33181e+06 3.35196e+06 4.79057e+06 6.85412e+06 9.84167e+06 
4799.72 -209345 1278.1 1488.77 1735.54 2026.1 2368.41 2772.05 3249.89 3819.64 4498.18 5308.45 6288.9 7475.62 8915.41 10679.8 12873.3 15594.1 18988.6 23343.2 28916.7 36088.2 45496.2 58092.4 74898 97534.5 129186 173093 234458 322012 448513 630811 895678 1.28813e+06 1.86015e+06 2.68936e+06 3.86638e+06 5.52618e+06 7.90703e+06 1.1354e+07 
3594.06 814.469 -240943 1709.84 1993.28 2327 2720.19 3183.83 3732.72 4387.2 5166.69 6097.53 7223.95 8587.42 10241.8 12269.2 14790 17917.1 21818.8 26824.7 33232.6 41479.1 52299 66788.4 86123.4 112172 148604 199154 269819 370667 516408 726478 1.03176e+06 1.48416e+06 2.14367e+06 3.09983e+06 4.45713e+06 6.37111e+06 9.11658e+06 1.30914e+07 
2662.9 603.458 1087.59 -277851 2286.77 2669.67 3120.81 3652.79 4282.61 5033.63 5928.12 6996.34 8289.1 9854.02 11752.9 14080.3 16974.3 20564.6 25044.8 30793.9 38154.3 47627.9 60060.3 76712.6 98938.7 128890 170789 228942 310258 426336 594131 836047 1.18769e+06 1.70889e+06 2.46883e+06 3.57076e+06 5.13511e+06 7.34097e+06 1.05052e+07 1.50863e+07 
1970.34 446.516 804.746 1451.46 -320873 3031.88 3576.13 4185.8 4907.63 5768.41 6793.67 8018.13 9500.08 11294.1 13471.2 16139.8 19458.6 23576.3 28715.3 35310.7 43756.2 54628.4 68899.2 88018.6 113544 147949 196095 262937 356432 489936 682976 961367 1.36614e+06 1.9662e+06 2.8413e+06 4.11044e+06 5.9123e+06 8.45299e+06 1.20975e+07 1.73741e+07 
1456.39 330.05 594.847 1072.9 1919.68 -370866 4090.26 4787.69 5613.46 6598.24 7771.28 9172.3 10868.1 12921.2 15412.9 18467.5 22266.8 26981.4 32866.2 40420.4 50095.6 62553.5 78909.8 100830 130102 169571 224824 301558 408930 562306 784158 1.10421e+06 1.5697e+06 2.25993e+06 3.2668e+06 4.72733e+06 6.80111e+06 9.7251e+06 1.39195e+07 1.99923e+07 
1074.88 243.592 439.031 791.871 1429.61 2582.49 -428919 5466.03 6408.99 7533.6 8873.29 10473.5 12410.5 14756 17602.8 21093.1 25435.1 30824 37551.7 46190 57256.1 71508.7 90226.8 115320 148843 194058 257382 345362 468522 644528 899215 1.26678e+06 1.80157e+06 2.59479e+06 3.75221e+06 5.43153e+06 7.81624e+06 1.11785e+07 1.60016e+07 2.29847e+07 
791.71 179.422 323.381 583.285 1053.06 1902.32 3439.86 -496279 7227.22 8585.45 10112.7 11937 14145.6 16820.2 20066.8 24048 29001.6 35150.6 42828.8 52690.1 65326.5 81605.9 102993 131676 170008 221732 294206 394948 536039 737771 1.02982e+06 1.45148e+06 2.06525e+06 2.9759e+06 4.30509e+06 6.23418e+06 8.9739e+06 1.28365e+07 1.83774e+07 2.63999e+07 
581.922 131.881 237.699 428.747 774.073 1398.37 2528.69 4531.14 -574578 9761.12 11498.1 13573.1 16085.6 19128.6 22823.1 27354.1 32992.9 39994.2 48738.5 59972.5 74372.2 92929.6 117319 150042 193794 252859 335666 450833 612217 843095 1.17751e+06 1.6606e+06 2.36413e+06 3.40833e+06 4.93304e+06 7.14658e+06 1.02907e+07 1.47232e+07 2.10819e+07 3.02884e+07 
426.949 96.7608 174.403 314.586 567.977 1026.09 1855.55 3360.2 6093.48 -665200 13030.6 15383.4 18232.6 21683.9 25874.8 31015.7 37415.3 45363 55292.2 68053.1 84416.2 105512 133251 170488 220301 287589 381986 513360 697580 961309 1.34356e+06 1.89608e+06 2.70122e+06 3.89674e+06 5.64321e+06 8.17967e+06 1.17831e+07 1.68628e+07 2.41499e+07 3.47009e+07 
312.312 70.7816 127.581 230.134 415.514 750.683 1357.57 2458.52 4458.58 8094.16 -770458 17384.5 20606.4 24509.8 29250.7 35067.6 42310.7 51308.7 62553.4 77011.2 95557.9 119480 150951 193224 249809 326295 433679 583239 793121 1.09383e+06 1.52999e+06 2.16089e+06 3.08087e+06 4.4476e+06 6.44521e+06 9.3477e+06 1.3472e+07 1.92853e+07 2.76252e+07 3.97006e+07 
227.632 51.5911 92.9931 167.749 302.886 547.226 989.673 1792.36 3250.69 5901.77 10737.1 -892872 23042.2 27617.5 32964.2 39526.3 47699.9 57857.1 70555 86888.9 107852 134905 170516 218384 282501 369233 491108 660995 899612 1.24179e+06 1.73853e+06 2.45763e+06 3.50702e+06 5.0669e+06 7.34817e+06 1.06644e+07 1.53778e+07 2.20207e+07 3.15511e+07 4.53504e+07 
165.474 37.5044 67.604 121.954 220.208 397.871 719.6 1303.33 2363.93 4292.19 7809.54 14139.2 -1.03477e+06 30964.1 36965.2 44332.7 53513.2 64926.1 79199.8 97571.4 121164 151628 191758 245745 318121 416112 553956 746303 1.01675e+06 1.40501e+06 1.96921e+06 2.78677e+06 3.98099e+06 5.7574e+06 8.35717e+06 1.21388e+07 1.75149e+07 2.50912e+07 3.5961e+07 5.16997e+07 
119.797 27.1525 48.9458 88.2993 159.446 288.103 521.104 943.882 1712.12 3109.02 5657.44 10321.4 18858.8 -1.1999e+06 41256.7 49491.1 59756.5 72524 88499.6 109075 135516 169681 214726 275384 356781 467102 622483 839562 1.14517e+06 1.58446e+06 2.22357e+06 3.15077e+06 4.50663e+06 6.52511e+06 9.48165e+06 1.37852e+07 1.99055e+07 2.85292e+07 4.09021e+07 5.88176e+07 
86.2695 19.5541 35.2501 63.5949 114.842 207.521 375.38 679.986 1233.56 2240.25 4077.07 7439.29 13595.1 24913.1 -1.39227e+06 54374.2 66413.5 80632.2 98433.5 121378 150884 189043 239399 307284 398481 522231 696774 940959 1.28521e+06 1.78078e+06 2.50276e+06 3.55156e+06 5.08718e+06 7.3754e+06 1.07302e+07 1.56175e+07 2.25705e+07 3.23661e+07 4.64208e+07 6.67718e+07 
61.7964 14.0075 25.2525 45.5605 82.2801 148.692 268.987 487.306 884.113 1605.84 2922.94 5334.28 9750.2 17871.5 32515.8 -1.61788e+06 73365.5 89109.5 108833 134277 167027 209420 265425 341024 442714 580895 776114 1.04967e+06 1.43596e+06 1.99301e+06 2.80587e+06 3.98852e+06 5.7227e+06 8.30961e+06 1.21066e+07 1.76433e+07 2.55237e+07 3.66239e+07 5.25511e+07 7.56136e+07 
44.0554 9.98657 18.0046 32.4861 58.6724 106.038 191.846 347.593 630.717 1145.77 2085.89 3807.46 6961.1 12762.9 23490.1 43393 -1.88047e+06 97677 119364 147370 183455 230217 292078 375709 488381 641742 858843 1.16366e+06 1.59498e+06 2.21826e+06 3.12957e+06 4.45798e+06 6.40946e+06 9.32443e+06 1.36088e+07 1.98634e+07 2.87705e+07 4.13142e+07 5.93133e+07 8.5376e+07 
31.1671 7.06541 12.7389 22.9867 41.5193 75.045 135.787 246.056 446.541 811.337 1477.35 2697.28 4932.73 9046.8 16656.7 30782.4 57048.4 -2.1895e+06 129995 160619 200124 251385 319297 411274 535411 704703 944910 1.28293e+06 1.76236e+06 2.45684e+06 3.47459e+06 4.96142e+06 7.15028e+06 1.04249e+07 1.52454e+07 2.22922e+07 3.23338e+07 4.64718e+07 6.67595e+07 9.61359e+07 
21.8487 4.95327 8.93138 16.1175 29.1145 52.6295 95.2406 172.608 313.299 569.358 1036.97 1893.73 3464.3 6355.9 11707 21645.2 40137.1 74842.9 -2.55592e+06 172771 216737 272556 346636 447166 583122 768938 1.03328e+06 1.40624e+06 1.93662e+06 2.70706e+06 3.83912e+06 5.49711e+06 7.94391e+06 1.16109e+07 1.70189e+07 2.49365e+07 3.62275e+07 5.21202e+07 7.49268e+07 1.0795e+08 
15.2205 3.45085 6.22286 11.2308 20.2895 36.6816 66.3907 120.343 218.477 397.134 723.496 1321.67 2418.69 4439.45 8181.05 15134.6 28083.3 52406.7 97912.8 -2.98648e+06 231859 291969 371910 480661 628102 830159 1.11855e+06 1.52674e+06 2.10917e+06 2.95819e+06 4.20987e+06 6.04891e+06 8.77124e+06 1.28604e+07 1.89047e+07 2.77707e+07 4.04263e+07 5.82335e+07 8.37888e+07 1.2079e+08 
10.4937 2.37937 4.2911 7.7453 13.9943 25.3043 45.8068 83.0478 150.804 274.197 499.686 913.137 1671.78 3070.02 5660.59 10478.6 19458.9 36344.4 68367.3 129054 -3.50065e+06 309459 394904 511474 669975 887869 1.20006e+06 1.6436e+06 2.27898e+06 3.20903e+06 4.58562e+06 6.61589e+06 9.63235e+06 1.41756e+07 2.0909e+07 3.08083e+07 4.49552e+07 6.48528e+07 9.34092e+07 1.34753e+08 
7.14184 1.6195 2.92103 5.27302 9.5287 17.2325 31.201 56.5801 102.768 186.914 340.744 622.928 1141 2096.47 3867.95 7165.35 13317.7 24898.8 46889.4 88631.5 168774 -4.11924e+06 410316 538852 707768 940810 1.27617e+06 1.75473e+06 2.44337e+06 3.45628e+06 4.96249e+06 7.19381e+06 1.05233e+07 1.55539e+07 2.30329e+07 3.40576e+07 4.98341e+07 7.20141e+07 1.03847e+08 1.49929e+08 
4.80072 1.08874 1.96396 3.54582 6.40857 11.5921 20.9932 38.0787 69.1838 125.875 229.562 419.862 769.473 1414.72 2612 4842.77 9009.93 16864.3 31799.7 60203.3 114849 218802 -4.87599e+06 560142 738087 984622 1.34126e+06 1.85282e+06 2.59298e+06 3.68803e+06 5.3256e+06 7.76465e+06 1.14232e+07 1.69726e+07 2.5254e+07 3.75009e+07 5.50555e+07 7.97232e+07 1.15127e+08 1.6637e+08 
3.18927 0.723369 1.30506 2.35661 4.26004 7.70744 13.9618 25.3322 46.0408 83.8025 152.904 279.804 513.119 944.096 1744.55 3237.64 6030.69 11303.1 21345.7 40486.8 77401.6 149518 291468 -5.793e+06 756154 1.01307e+06 1.38711e+06 1.9271e+06 2.7137e+06 3.886e+06 5.65177e+06 8.29993e+06 1.22989e+07 1.83951e+07 2.75363e+07 4.11098e+07 6.06082e+07 8.79912e+07 1.27292e+08 1.84157e+08 
2.07997 0.471828 0.851383 1.53766 2.7802 5.0313 9.11664 16.5466 30.0845 54.784 100.009 183.116 336.046 618.804 1144.53 2126.38 3965.95 7444.32 14082.3 26765.7 51293 99354.6 194300 382546 -6.93493e+06 1.02781e+06 1.41559e+06 1.97961e+06 2.80772e+06 4.05261e+06 5.94396e+06 8.80392e+06 1.31577e+07 1.98358e+07 2.99071e+07 4.49349e+07 6.65795e+07 9.69582e+07 1.40558e+08 2.03613e+08 
1.32729 0.301131 0.543467 0.98174 1.77545 3.21389 5.82536 10.5767 19.2382 35.0504 64.0213 117.298 215.427 397.051 735.13 1367.41 2554.07 4802.06 9101.02 17337.8 33314.4 64726.6 127034 251186 503727 -8.39338e+06 1.41982e+06 2.00812e+06 2.87171e+06 4.18309e+06 6.19582e+06 9.26912e+06 1.39928e+07 2.12922e+07 3.23759e+07 4.90108e+07 7.30469e+07 1.06762e+08 1.55149e+08 2.25084e+08 
0.833426 0.189117 0.341377 0.616817 1.11579 2.0204 3.66341 6.65414 12.1091 22.0742 40.346 73.9749 135.982 250.888 465.062 866.249 1620.7 3053.02 5798.77 11076.6 21350.2 41630.1 82050 163074 328956 673208 -1.02125e+07 1.98156e+06 2.86316e+06 4.21957e+06 6.32992e+06 9.59482e+06 1.46789e+07 2.26173e+07 3.47838e+07 5.31886e+07 7.99e+07 1.17347e+08 1.71083e+08 2.4867e+08 
0.50893 0.115504 0.208543 0.376899 0.681976 1.2353 2.24072 4.07177 7.41349 13.5227 24.7333 45.3847 83.5076 154.244 286.281 534.038 1000.96 1889.49 3597.31 6891.56 13329.1 26092.2 51665.9 103272 209693 434021 903255 -1.257e+07 2.79223e+06 4.1718e+06 6.35433e+06 9.78619e+06 1.52186e+07 2.38166e+07 3.71507e+07 5.75261e+07 8.7268e+07 1.2895e+08 1.88755e+08 2.74975e+08 
0.299962 0.0680906 0.122966 0.222293 0.402343 0.72904 1.32296 2.40516 4.38143 7.99722 14.6379 26.8825 49.5141 91.5647 170.177 317.956 597.105 1129.64 2156.09 4143.5 8043.54 15812.3 31468.3 63291.1 129438 270125 568006 1.21522e+06 -1.56881e+07 3.99214e+06 6.25652e+06 9.81857e+06 1.55711e+07 2.48347e+07 3.94156e+07 6.19801e+07 9.51622e+07 1.41673e+08 2.08398e+08 3.04402e+08 
0.169967 0.0385899 0.0697068 0.126048 0.228212 0.413672 0.750996 1.36599 2.48981 4.54766 8.33042 15.3124 28.234 52.278 97.3005 182.101 342.679 649.833 1243.66 2398.07 4673.7 9229.83 18469.2 37399.3 77094.4 162368 345426 749215 1.64735e+06 -1.99059e+07 5.95148e+06 9.55918e+06 1.55376e+07 2.5394e+07 4.12184e+07 6.61285e+07 1.03136e+08 1.55063e+08 2.29559e+08 3.36433e+08 
0.0910519 0.0206769 0.0373587 0.0675729 0.122381 0.221919 0.403057 0.73349 1.33771 2.44506 4.48244 8.24676 15.2227 28.2227 52.6057 98.6233 185.981 353.539 678.488 1312.84 2569.17 5097.91 10259.6 20924.4 43498.2 92514.6 199339 438996 993163 2.28946e+06 -2.55872e+07 8.75884e+06 1.46921e+07 2.48141e+07 4.15368e+07 6.85273e+07 1.09256e+08 1.66587e+08 2.48871e+08 3.66402e+08 
0.0385943 0.00876609 0.0158423 0.0286628 0.0519271 0.0941972 0.171159 0.311632 0.56867 1.04013 1.90834 3.51411 6.49382 12.0548 22.5024 42.2591 79.8581 152.173 292.848 568.613 1117.33 2227.66 4508.99 9262.75 19420.9 41720.3 91081.1 203799 469821 1.10847e+06 2.64024e+06 -3.46618e+07 1.12068e+07 1.97057e+07 3.42885e+07 5.8636e+07 9.62177e+07 1.49475e+08 2.26033e+08 3.34779e+08 
0.0191116 0.00434175 0.00784839 0.0142036 0.0257399 0.04671 0.0849098 0.154672 0.282406 0.516887 0.94908 1.74922 3.23591 6.01454 11.2433 21.1503 40.0506 76.4997 147.621 287.613 567.455 1136.7 2313.94 4787.81 10124.6 21969.5 48606.4 110553 259903 628484 1.54485e+06 3.9092e+06 -4.66026e+07 1.88801e+07 3.4509e+07 6.17223e+07 1.05065e+08 1.67207e+08 2.56859e+08 3.83387e+08 
0.0087611 0.0019907 0.00359929 0.0065154 0.0118106 0.0214399 0.038989 0.0710541 0.129801 0.237723 0.436806 0.805715 1.49199 2.77633 5.19679 9.79105 18.5756 35.5583 68.7884 134.442 266.24 535.634 1096.09 2283.01 4866.1 10657.8 23876.6 55157.9 132155 327473 831832 2.19145e+06 6.01918e+06 -6.30319e+07 3.14002e+07 5.99899e+07 1.08238e+08 1.79361e+08 2.83117e+08 4.28482e+08 
0.0031072 0.000706137 0.00127699 0.00231213 0.00419234 0.00761279 0.0138491 0.0252492 0.046147 0.0845648 0.155487 0.28702 0.531976 0.990972 1.85718 3.50401 6.6594 12.7733 24.7671 48.5449 96.4626 194.837 400.61 839.47 1802.19 3980.75 9019.92 21134.4 51521.2 130566 342030 936660 2.70246e+06 7.71305e+06 -8.89989e+07 4.58395e+07 8.951e+07 1.57488e+08 2.59411e+08 4.02033e+08 
0.000931334 0.000211685 0.000382886 0.0006934 0.00125756 0.00228423 0.00415679 0.00758135 0.0138621 0.0254157 0.0467588 0.086372 0.160217 0.29874 0.560477 1.05883 2.01544 3.87274 7.52453 14.7864 29.4711 59.7365 123.349 259.865 561.452 1249.5 2859.87 6785.6 16798.6 43434 117003 332124 1.00224e+06 3.05544e+06 9.50478e+06 -1.27637e+08 6.45222e+07 1.24645e+08 2.18814e+08 3.52712e+08 
0.000230198 5.23285e-05 9.46626e-05 0.00017146 0.00031102 0.000565059 0.00102855 0.00187646 0.00343217 0.00629531 0.0115873 0.0214151 0.0397497 0.0741724 0.139277 0.263378 0.501944 0.96586 1.87964 3.7011 7.39433 15.0294 31.1376 65.8754 143.041 320.212 738.695 1769.98 4434.82 11647.7 32075.2 93709.1 293344 947912 3.19128e+06 1.10943e+07 -1.81514e+08 8.31582e+07 1.62376e+08 2.8198e+08 
4.57838e-05 1.04083e-05 1.88304e-05 3.41106e-05 6.1882e-05 0.000112443 0.000204707 0.000373531 0.000683356 0.00125374 0.00230833 0.00426756 0.00792446 0.0147939 0.0277939 0.0525923 0.100306 0.193183 0.376325 0.741929 1.48446 3.02243 6.27468 13.3093 28.9885 65.1292 150.978 363.964 918.797 2437.03 6805.93 20259 64967.7 218594 781382 2.98256e+06 1.15725e+07 -2.47934e+08 9.7847e+07 1.99275e+08 
7.15272e-06 1.62616e-06 2.9422e-06 5.33009e-06 9.67042e-06 1.75734e-05 3.19969e-05 5.8393e-05 0.000106844 0.00019606 0.000361054 0.000667664 0.00124015 0.00231597 0.00435279 0.00824014 0.0157245 0.0303031 0.059073 0.116566 0.233467 0.475914 0.98942 2.10239 4.58873 10.3348 24.0349 58.1742 147.578 393.951 1110.24 3345.15 10897.6 37676.5 140539 571721 2.4674e+06 1.06842e+07 -3.28079e+08 1.19785e+08 
8.47642e-07 1.92718e-07 3.48699e-07 6.31739e-07 1.14624e-06 2.08314e-06 3.79322e-06 6.92312e-06 1.26689e-05 2.32508e-05 4.2824e-05 7.92041e-05 0.000147148 0.000274864 0.000516739 0.000978535 0.00186803 0.0036015 0.00702422 0.0138688 0.027797 0.0567079 0.118005 0.251027 0.548613 1.23743 2.88325 6.99438 17.791 47.6509 134.903 408.909 1342.45 4706.09 17976.1 76059.3 353638 1.79586e+06 9.88609e+06 -4.1721e+08 
dt_FE: 1.14535e-09
dt_EA: 1.14535e-09
dt_PE: 1.14535e-09
tolC: 1e-06
dt_grow: 1.03
dt_max: 0.1
steps: 0
