t: 4.3633e-06
dt: 1.88869e-07
N: 0.929008 0.934246 0.936975 0.93805 0.938122 0.937615 0.936763 0.935663 0.934334 0.932752 0.930875 0.92864 0.925969 0.922762 0.918892 0.914192 0.908444 0.901361 0.892557 0.881509 0.867508 0.849578 0.826382 0.796112 0.756383 0.704252 0.636574 0.551085 0.448583 0.335671 0.2255 0.133315 0.0684646 0.0303134 0.0114882 0.00368348 0.000981048 0.000211645 3.58357e-05 4.5865e-06 
eC: 1 1.15749 1.33977 1.55077 1.795 2.07768 2.40489 2.78363 3.22201 3.72944 4.31677 4.99661 5.78351 6.69433 7.7486 8.9689 10.3814 12.0163 13.9087 16.0991 18.6345 21.5692 24.9661 28.8979 33.4489 38.7167 44.814 51.8717 60.0407 69.4963 80.4411 93.1095 107.773 124.746 144.391 167.131 193.452 223.918 259.182 300 
dV: 1.08333 0.211322 0.327712 0.508206 0.788112 1.22218 1.89532 2.93921 4.55805 7.06849 10.9616 16.999 26.3615 40.8807 63.3966 98.3136 152.462 236.434 366.655 568.597 881.764 1367.42 2120.55 3288.49 5099.69 7908.45 12264.2 19019 29494.1 45738.6 70930.1 109996 170579 264529 410225 636165 986546 1.52991e+06 2.37254e+06 3.67926e+06 
kVec: 1.0301e+06 1.19339e+06 1.37488e+06 1.5837e+06 1.82367e+06 2.0984e+06 2.41262e+06 2.77155e+06 3.18051e+06 3.64375e+06 4.16862e+06 4.76183e+06 5.42517e+06 6.16588e+06 6.99003e+06 7.89976e+06 8.88625e+06 9.95714e+06 1.11116e+07 1.23082e+07 1.35478e+07 1.48183e+07 1.60891e+07 1.72809e+07 1.84372e+07 1.96007e+07 2.06412e+07 2.18077e+07 2.33971e+07 2.58634e+07 2.96964e+07 3.61556e+07 4.71157e+07 6.38683e+07 8.9496e+07 1.28173e+08 1.82276e+08 2.48899e+08 3.2919e+08 4.18366e+08 
cMat: 
-60908.4 68.1615 80.0936 93.2951 108.758 126.965 148.414 173.706 203.646 239.344 281.857 332.621 394.045 468.387 558.579 669.096 806.486 976.887 1189.46 1462.13 1811.09 2260.04 2848.93 3637.25 4688.85 6105.08 8084.92 10830.9 14667.9 20141.3 28048.1 39440.3 55989.5 80507.4 116239 168030 241542 345207 493906 709189 
321.089 -71143.6 85.5015 99.595 116.103 135.541 158.441 185.443 217.41 255.524 300.917 355.122 420.711 500.1 596.418 714.451 861.193 1043.21 1270.29 1561.6 1934.45 2414.21 3043.58 3886.23 5010.48 6524.81 8642.2 11579.5 15684.7 21541.8 30004.4 42199.7 59918.5 86172.5 124439 179911 258651 369687 528960 759553 
231.068 52.3635 -82650.8 109.928 128.151 149.607 174.885 204.694 239.983 282.06 332.175 392.02 464.439 552.099 658.459 788.807 950.875 1151.92 1402.76 1724.6 2136.58 2666.76 3362.39 4293.93 5537.01 7211.75 9553.97 12803.9 17347.1 23830.8 33200.7 46706.4 66333.4 95419 137820 199293 286556 409609 586119 841670 
168.798 38.2525 68.9409 -96140.1 144.956 169.227 197.824 231.546 271.469 319.075 375.776 443.489 525.436 624.634 745.002 892.53 1075.98 1303.56 1587.56 1951.99 2418.55 3019.07 3807.15 4862.71 6271.6 8170.15 10826.1 14512.3 19666.9 27024.9 37661.2 52996 75286.3 108324 156496 226346 325508 465335 665909 956300 
125.192 28.3708 51.1321 92.2233 -111977 192.64 227.221 265.959 311.822 366.514 431.658 509.458 603.618 717.61 855.939 1025.5 1236.36 1498 1824.52 2243.58 2780.19 3470.99 4377.74 5592.55 7214.37 9400.44 12459.6 16706.6 22647.1 31129.7 43395.1 61083.6 86802 124929 180531 261170 375657 537088 768655 1.10392e+06 
93.6711 21.2278 38.2589 69.0056 123.468 -130566 263.074 307.931 361.042 424.38 499.826 589.936 699.004 831.055 991.315 1187.78 1432.13 1735.36 2113.86 2599.73 3222 4023.26 5075.25 6485.07 8367.8 10906.3 14460 19395.4 26301.2 36165.9 50434.8 71019.4 100958 145352 210111 304048 437428 625491 895263 1.28585e+06 
70.4018 15.9547 28.7555 51.8656 93.6359 169.147 -152444 358.012 419.773 493.432 581.179 685.987 812.858 966.48 1152.94 1381.55 1665.93 2018.9 2459.55 3025.33 3750.13 4683.64 5909.63 7553.19 9748.82 12710.3 16857.9 22620.4 30687 42215 58896.4 82970.7 117998 169952 245760 355752 511945 732163 1.04807e+06 1.50544e+06 
53.0372 12.0196 21.6635 39.0747 70.5451 127.438 230.439 -178271 484.157 575.146 677.454 799.666 947.622 1126.79 1344.29 1610.99 1942.84 2354.77 2869.13 3529.75 4376.27 5466.84 6899.59 8821.07 11389 14854 19709.1 26457.9 35909.7 49423.8 68988.2 97235.6 138353 199358 288401 417633 601168 859925 1.23112e+06 1.76855e+06 
40.0304 9.07206 16.3513 29.4935 53.2484 96.1941 173.948 311.697 -208838 671.467 790.952 933.695 1106.53 1315.86 1570 1881.69 2269.58 2751.2 3352.72 4125.5 5116.06 6392.62 8070.36 10321.4 13331.1 17394.2 23090.4 31012.8 42114.4 57996.4 81001.1 114233 162629 234459 339344 491613 707899 1.01281e+06 1.45022e+06 2.08354e+06 
30.2847 6.86351 12.3709 22.3144 40.2882 72.7835 131.619 238.348 432.227 -245027 924.298 1091.19 1293.29 1538.1 1835.37 2200.03 2653.97 3217.72 3922.03 4827.2 5987.87 7484.26 9451.83 12093.2 15626.5 20399.4 27095.3 36414 49481.3 68188.3 95302.3 134494 191605 276407 400288 580207 835810 1.19612e+06 1.71302e+06 2.46143e+06 
22.9506 5.20146 9.3754 16.9116 30.5345 55.1647 99.7623 180.667 327.644 594.808 -288153 1277.52 1514.28 1801.13 2149.52 2576.98 3109.24 3770.47 4596.8 5659.24 7022.17 8780.1 11092.8 14199.3 18357.5 23978.1 31869.3 42859.9 58283.3 80381 112433 158795 226401 326836 473633 686925 990002 1.4172e+06 2.03007e+06 2.91744e+06 
17.4227 3.94873 7.11759 12.8393 23.1825 41.8841 75.7485 137.186 248.804 451.715 821.805 -339803 1763.62 2113.81 2523.05 3025.3 3650.9 4428.32 5400.2 6650.38 8254.89 10325.5 13051.1 16714.8 21622.3 28260.7 37588.9 50591.8 68855.3 95045.4 133065 188104 268423 387815 562421 816245 1.177e+06 1.68544e+06 2.41489e+06 3.47107e+06 
13.2712 3.00789 5.4219 9.78083 17.6609 31.9096 57.7126 104.528 189.589 344.237 626.332 1133.97 -401630 2483.35 2964.64 3555.52 4291.8 5207.13 6351.9 7825.31 9717.43 12160.7 15379.1 19709 25513.6 33372.6 44427.8 59854.2 81544.5 112683 157932 223502 319279 461748 670253 973540 1.40471e+06 2.01234e+06 2.8841e+06 4.14637e+06 
10.1371 2.29762 4.14174 7.47179 13.4922 24.3789 44.0952 79.8703 144.878 263.082 478.726 873.388 1595.81 -476237 3491.1 4187.88 5056.53 6136.9 7488.74 9229.83 11467.2 14358.3 18169.9 23302.7 30190.4 39525.6 52673.8 71042.9 96902.9 134075 188156 266615 381346 552148 802327 1.16649e+06 1.68438e+06 2.41411e+06 3.46109e+06 4.97708e+06 
7.76277 1.75953 3.1719 5.72245 10.3338 18.6733 33.7777 61.1871 110.999 201.584 366.867 669.409 1223.32 2241.75 -566946 4892.74 5976.07 7255.51 8857.32 10921.9 13577 17010.6 21541.8 27650.3 35856.5 46991.8 62697.7 84670.1 115647 160239 225206 319579 457759 663659 965536 1.40531e+06 2.03096e+06 2.91239e+06 4.17708e+06 6.00832e+06 
5.96548 1.35221 2.43773 4.39816 7.94286 14.3539 25.9665 47.0418 85.3474 155.019 282.164 514.942 941.23 1725.22 3138.89 -677862 7082.3 8602.14 10506.2 12962.4 16123.9 20216.3 25622.7 32920.5 42737.2 56076.4 74921.7 101329 138620 192394 270863 385029 552438 802164 1.16871e+06 1.70319e+06 2.46391e+06 3.53547e+06 5.07299e+06 7.29932e+06 
4.60751 1.04444 1.883 3.39754 6.13623 11.09 20.0641 36.3529 65.9632 119.83 218.152 398.201 728.023 1334.8 2456.7 4538.23 -813586 10215.5 12483.6 15412.6 19186.5 24077.1 30546.8 39293.3 51077.1 67116.3 89821.7 121701 166810 231995 327305 466235 670330 975191 1.42327e+06 2.0774e+06 3.00894e+06 4.32082e+06 6.20325e+06 8.929e+06 
3.5708 0.80948 1.45949 2.63358 4.75684 8.59786 15.5571 28.1905 51.16 92.9545 169.259 309.025 565.141 1036.49 1908.35 3526.72 6536 -982160 14893.5 18402 22928.1 28801 36581.7 47119.4 61341.7 80737.4 108258 146985 201912 281478 398082 568427 819203 1.19437e+06 1.74666e+06 2.554e+06 3.70447e+06 5.32425e+06 7.6486e+06 1.10142e+07 
2.77626 0.629401 1.13489 2.04801 3.69952 6.68751 12.102 21.9328 39.8102 72.3471 131.765 240.632 440.2 807.63 1487.58 2750.41 5100.13 9510.12 -1.19387e+06 21953.7 27540.3 34633.1 44046.2 56820.3 74096 97707.2 131297 178687 246082 343980 487828 698506 1.00941e+06 1.47538e+06 2.16256e+06 3.16863e+06 4.60335e+06 6.62279e+06 9.52078e+06 1.3717e+07 
2.1734 0.492762 0.888589 1.6037 2.89722 5.23792 9.48022 17.1843 31.1973 56.7085 103.311 188.727 345.376 633.929 1168.21 2161.14 4010.14 7483.38 13981.4 -1.4584e+06 33108.1 41691.6 53106.7 68635.6 89689.5 118542 159723 218010 301178 422413 601145 863750 1.25248e+06 1.8364e+06 2.69948e+06 3.9655e+06 5.77265e+06 8.31542e+06 1.19646e+07 1.72482e+07 
1.70841 0.387368 0.698602 1.26096 2.27832 4.11961 7.45747 13.5204 24.5513 44.64 81.3502 148.661 272.17 499.807 921.559 1705.95 3167.96 5916.97 11130.4 21010.3 -1.79497e+06 50380.8 64291.4 83269.3 109074 144547 195373 267583 371023 522439 746551 1.07708e+06 1.56817e+06 2.30782e+06 3.40403e+06 5.01568e+06 7.31882e+06 1.05582e+07 1.52073e+07 2.19381e+07 
1.34633 0.305297 0.55065 0.99403 1.79628 3.24855 5.88179 10.6661 19.3731 35.2357 64.2345 117.43 215.094 395.211 729.157 1350.76 2510.56 4693.75 8839.25 16708.2 31816.1 -2.22901e+06 77349.8 101580 133423 177355 240575 330788 460607 651553 935493 1.35612e+06 1.98377e+06 2.9321e+06 4.34199e+06 6.42029e+06 9.39435e+06 1.35756e+07 1.95765e+07 2.82635e+07 
1.0645 0.241414 0.435482 0.786242 1.42102 2.57039 4.65497 8.44347 15.3406 27.9113 50.9025 93.099 170.621 313.696 579.179 1073.82 1997.84 3739.44 7051.19 13349.3 25466.2 48516.5 -2.79335e+06 124204 163661 218328 297407 410840 574962 817774 1.18088e+06 1.72171e+06 2.53295e+06 3.76345e+06 5.59975e+06 8.31535e+06 1.22079e+07 1.76776e+07 2.55281e+07 3.68903e+07 
0.844273 0.191493 0.34548 0.62385 1.12773 2.04034 3.696 6.70601 12.1881 22.1845 40.4773 74.0705 135.835 249.924 461.824 857.077 1596.46 2992.18 5650.71 10717.8 20490 39580.9 77158.3 -3.52337e+06 200171 268183 367201 510149 718379 1.02871e+06 1.49616e+06 2.19718e+06 3.25579e+06 4.86961e+06 7.2895e+06 1.08827e+07 1.60444e+07 2.32933e+07 3.36972e+07 4.87506e+07 
0.6668 0.151259 0.272938 0.492946 0.89128 1.61294 2.92263 5.30453 9.64452 17.5627 32.0611 58.7037 107.73 198.377 366.914 681.677 1271.41 2386.51 4514.54 8580.58 16443.6 31851.2 62289 122637 -4.49162e+06 329496 453811 634626 900103 1.29919e+06 1.90552e+06 2.82237e+06 4.21811e+06 6.35898e+06 9.58766e+06 1.44053e+07 2.13442e+07 3.1083e+07 4.50603e+07 6.52746e+07 
0.521266 0.118263 0.213436 0.385558 0.697272 1.26219 2.28779 4.1538 7.55541 13.7653 25.1431 46.0663 84.6045 155.934 288.707 537.021 1003.06 1885.91 3574.24 6809.05 13083.6 25420 49889.8 98648.3 197828 -5.79687e+06 557604 788647 1.12781e+06 1.64282e+06 2.43328e+06 3.64026e+06 5.49539e+06 8.36206e+06 1.2715e+07 1.9248e+07 2.86877e+07 4.19287e+07 6.09315e+07 8.83972e+07 
0.402361 0.0913016 0.16481 0.297787 0.538678 0.975409 1.76862 3.21248 5.84601 10.657 19.4782 35.7136 65.6495 121.124 224.522 418.207 782.443 1473.93 2799.53 5347.54 10307.5 20098.2 39612.1 78728.9 158813 325011 -7.50155e+06 956656 1.38228e+06 2.03712e+06 3.05596e+06 4.63219e+06 7.0867e+06 1.09192e+07 1.67929e+07 2.56784e+07 3.85741e+07 5.66528e+07 8.25953e+07 1.20053e+08 
0.300902 0.0682913 0.1233 0.222839 0.403215 0.730362 1.32481 2.40741 4.38318 7.99523 14.6234 26.8335 49.3734 91.196 169.262 315.747 591.815 1117.15 2126.89 4074.6 7880.76 15426.9 30547.2 61059 123980 256612 534045 -9.78979e+06 1.65089e+06 2.46656e+06 3.75696e+06 5.78603e+06 8.9979e+06 1.40814e+07 2.19652e+07 3.4012e+07 5.15967e+07 7.62411e+07 1.116e+08 1.62578e+08 
0.213898 0.0485544 0.087685 0.158514 0.286904 0.519867 0.943379 1.71508 3.12433 5.70269 10.438 19.1695 35.3078 65.2933 121.35 226.73 425.786 805.527 1537.48 2954.67 5735.73 11275.5 22439.5 45131.9 92300.2 192622 405036 866554 -1.29016e+07 2.84673e+06 4.46143e+06 7.00147e+06 1.11035e+07 1.77093e+07 2.81066e+07 4.4197e+07 6.78587e+07 1.01025e+08 1.48605e+08 2.17064e+08 
0.141726 0.0321779 0.0581245 0.105104 0.190293 0.344937 0.626212 1.13902 2.07611 3.79203 6.94626 12.7681 23.5427 43.5916 81.1333 151.844 285.741 541.859 1037.02 1999.61 3897.13 7696.23 15400.4 31185.1 64284.6 135390 288031 624728 1.37363e+06 -1.71818e+07 4.9626e+06 7.97085e+06 1.29559e+07 2.11746e+07 3.43696e+07 5.51408e+07 8.5999e+07 1.29298e+08 1.91416e+08 2.80532e+08 
0.0854968 0.0194154 0.0350795 0.0634503 0.114914 0.20838 0.378467 0.68874 1.2561 2.29589 4.20897 7.74363 14.294 26.5008 49.3963 92.6064 174.634 331.97 637.094 1232.74 2412.43 4786.89 9633.64 19647.8 40844.4 86870.3 187177 412213 932571 2.14978e+06 -2.29999e+07 8.22447e+06 1.37957e+07 2.33002e+07 3.90026e+07 6.43465e+07 1.0259e+08 1.56424e+08 2.33687e+08 3.44048e+08 
0.0458322 0.0104101 0.0188133 0.0340381 0.0616654 0.111863 0.203258 0.370075 0.675318 1.23519 2.26623 4.17314 7.71166 14.3156 26.7225 50.1843 94.8345 180.711 347.769 675.25 1326.87 2645.43 5354.6 10999.9 23063 49544.4 108162 242019 557931 1.31635e+06 3.13539e+06 -3.13355e+07 1.33085e+07 2.34013e+07 4.07189e+07 6.96325e+07 1.14262e+08 1.77507e+08 2.68423e+08 3.97563e+08 
0.0215466 0.00489493 0.00884834 0.0160132 0.0290193 0.0526612 0.0957279 0.174378 0.318386 0.582743 1.07 1.97208 3.64819 6.78084 12.6758 23.845 45.1534 86.2464 166.429 324.257 639.753 1281.53 2608.76 5397.82 11414.6 24768.6 54799.2 124638 293017 708558 1.74168e+06 4.40727e+06 -4.389e+07 2.12856e+07 3.89057e+07 6.95862e+07 1.18451e+08 1.88511e+08 2.89585e+08 4.32234e+08 
0.00884561 0.0020099 0.003634 0.00657825 0.0119245 0.0216467 0.039365 0.0717395 0.131053 0.240016 0.441019 0.813487 1.50638 2.80311 5.24692 9.88549 18.7548 35.9013 69.4519 135.739 268.808 540.801 1106.66 2305.03 4913.04 10760.6 24106.9 55689.9 133430 330631 839855 2.21259e+06 6.07724e+06 -6.19322e+07 3.17031e+07 6.05686e+07 1.09282e+08 1.81091e+08 2.85848e+08 4.32615e+08 
0.00312115 0.000709307 0.00128272 0.00232251 0.00421116 0.00764696 0.0139112 0.0253626 0.0463542 0.0849444 0.156185 0.288308 0.534364 0.99542 1.86551 3.51974 6.68929 12.8307 24.8782 48.7628 96.8956 195.712 402.408 843.239 1810.28 3998.62 9060.41 21229.2 51752.5 131152 343565 940865 2.71459e+06 7.74767e+06 -8.84678e+07 4.60453e+07 8.99118e+07 1.58195e+08 2.60575e+08 4.03838e+08 
0.00093284 0.000212028 0.000383505 0.000694521 0.00125959 0.00228792 0.00416351 0.00759361 0.0138845 0.0254567 0.0468344 0.0865117 0.160476 0.299223 0.561383 1.06054 2.0187 3.879 7.5367 14.8103 29.5188 59.8331 123.548 260.285 562.36 1251.52 2864.49 6796.57 16825.7 43504.2 117192 332661 1.00386e+06 3.06038e+06 9.52015e+06 -1.27701e+08 6.46265e+07 1.24847e+08 2.19168e+08 3.53282e+08 
0.000230301 5.23519e-05 9.4705e-05 0.000171537 0.000311159 0.000565312 0.00102901 0.0018773 0.0034337 0.00629813 0.0115925 0.0214246 0.0397675 0.0742057 0.139339 0.263496 0.502168 0.966293 1.88048 3.70276 7.39764 15.0362 31.1516 65.905 143.105 320.355 739.026 1770.78 4436.81 11652.9 32089.5 93751.1 293475 948336 3.1927e+06 1.10993e+07 -1.82097e+08 8.31955e+07 1.62449e+08 2.82106e+08 
4.57882e-05 1.04093e-05 1.88322e-05 3.41139e-05 6.1888e-05 0.000112453 0.000204726 0.000373567 0.000683423 0.00125386 0.00230856 0.00426798 0.00792523 0.0147953 0.0277966 0.0525974 0.100316 0.193202 0.376361 0.742001 1.48461 3.02272 6.27529 13.3105 28.9913 65.1355 150.992 364 918.886 2437.27 6806.6 20261 64974 218615 781458 2.98285e+06 1.15736e+07 -2.48846e+08 9.78565e+07 1.99294e+08 
7.15284e-06 1.62619e-06 2.94225e-06 5.33018e-06 9.67058e-06 1.75737e-05 3.19975e-05 5.83939e-05 0.000106845 0.000196064 0.00036106 0.000667675 0.00124017 0.00231601 0.00435286 0.00824028 0.0157248 0.0303036 0.059074 0.116568 0.233471 0.475922 0.989437 2.10242 4.5888 10.335 24.0353 58.1752 147.581 393.958 1110.25 3345.21 10897.8 37677.1 140542 571730 2.46744e+06 1.06844e+07 -3.29178e+08 1.19787e+08 
8.47644e-07 1.92719e-07 3.487e-07 6.3174e-07 1.14624e-06 2.08314e-06 3.79322e-06 6.92314e-06 1.26689e-05 2.32509e-05 4.28241e-05 7.92043e-05 0.000147148 0.000274865 0.00051674 0.000978537 0.00186804 0.00360151 0.00702424 0.0138689 0.027797 0.056708 0.118005 0.251028 0.548614 1.23744 2.88325 6.9944 17.791 47.651 134.904 408.91 1342.45 4706.1 17976.1 76059.5 353639 1.79586e+06 9.88611e+06 -4.18364e+08 
dt_FE: 1.88869e-07
dt_EA: 1.88869e-07
dt_PE: 1.88869e-07
tolC: 1e-06
dt_grow: 1.03
dt_max: 0.1
steps: 0
