t: 1.69508e-06
dt: 4.305e-08
N: 0.767937 0.806877 0.840637 0.868654 0.89073 0.907052 0.918251 0.925194 0.92883 0.930065 0.929657 0.928123 0.925757 0.922673 0.918851 0.914171 0.908432 0.901353 0.892551 0.881506 0.867506 0.849576 0.826381 0.796111 0.756382 0.704252 0.636574 0.551085 0.448584 0.335672 0.2255 0.133315 0.0684648 0.0303135 0.0114883 0.0036835 0.000981052 0.000211646 3.58358e-05 4.58651e-06 
eC: 1 1.15749 1.33977 1.55077 1.795 2.07768 2.40489 2.78363 3.22201 3.72944 4.31677 4.99661 5.78351 6.69433 7.7486 8.9689 10.3814 12.0163 13.9087 16.0991 18.6345 21.5692 24.9661 28.8979 33.4489 38.7167 44.814 51.8717 60.0407 69.4963 80.4411 93.1095 107.773 124.746 144.391 167.131 193.452 223.918 259.182 300 
dV: 1.08333 0.211322 0.327712 0.508206 0.788112 1.22218 1.89532 2.93921 4.55805 7.06849 10.9616 16.999 26.3615 40.8807 63.3966 98.3136 152.462 236.434 366.655 568.597 881.764 1367.42 2120.55 3288.49 5099.69 7908.45 12264.2 19019 29494.1 45738.6 70930.1 109996 170579 264529 410225 636165 986546 1.52991e+06 2.37254e+06 3.67926e+06 
kVec: 1.03008e+06 1.19338e+06 1.37488e+06 1.58371e+06 1.82368e+06 2.09842e+06 2.41264e+06 2.77157e+06 3.18054e+06 3.64378e+06 4.16865e+06 4.76186e+06 5.4252e+06 6.16591e+06 6.99006e+06 7.89979e+06 8.88628e+06 9.95717e+06 1.11117e+07 1.23082e+07 1.35478e+07 1.48183e+07 1.60891e+07 1.72809e+07 1.84372e+07 1.96007e+07 2.06412e+07 2.18077e+07 2.33972e+07 2.58634e+07 2.96964e+07 3.61556e+07 4.71157e+07 6.38683e+07 8.9496e+07 1.28173e+08 1.82276e+08 2.48899e+08 3.2919e+08 4.18366e+08 
cMat: 
-61436.4 222.812 261.816 304.97 355.518 415.032 485.148 567.823 665.694 782.386 921.356 1087.3 1288.08 1531.1 1825.93 2187.19 2636.3 3193.32 3888.2 4779.53 5920.22 7387.8 9312.8 11889.7 15327.3 19956.8 26428.6 35404.7 47947.5 65839.4 91685.7 128925 183023 263169 379971 549269 789570 1.12844e+06 1.61452e+06 2.31825e+06 
943.057 -72408.9 251.123 292.516 341.002 398.091 465.349 544.657 638.544 750.49 883.811 1043.01 1235.65 1468.82 1751.71 2098.38 2529.37 3063.96 3730.91 4586.51 5681.59 7090.66 8939.16 11414.1 14716.1 19163.7 25382.6 34009.6 46066.8 63269.4 88124.6 123943 175984 253094 365486 528409 759674 1.08579e+06 1.55359e+06 2.23085e+06 
584.27 132.405 -83763.1 277.962 324.038 378.291 442.21 517.582 606.812 713.209 839.926 991.249 1174.37 1396.02 1664.96 1994.55 2404.35 2912.7 3546.98 4360.77 5402.49 6743.07 8502.03 10857.5 14000.7 18235.4 24157.9 32375.5 43863.4 60257.7 83950.3 118100 167729 241273 348487 503925 724577 1.03572e+06 1.48204e+06 2.12822e+06 
357.884 81.1026 146.168 -97111.4 307.334 358.795 419.425 490.922 575.567 676.501 796.718 940.284 1114.03 1324.34 1579.55 1892.34 2281.28 2763.81 3365.94 4138.59 5127.8 6401.02 8071.89 10309.9 13297 17322.3 22953.5 30769 41697.6 57298 79849.1 112362 159621 229669 331802 479898 690140 986600 1.41186e+06 2.02754e+06 
221.076 50.1 90.294 162.857 -112821 340.182 401.249 469.655 550.646 647.227 762.263 899.65 1065.93 1267.22 1511.5 1810.92 2183.29 2645.31 3221.91 3961.94 4909.54 6129.42 7730.63 9875.86 12739.8 16600.2 22002.3 29502.1 39992.4 54971.8 76631.3 107867 153283 220611 318800 461199 663372 948442 1.35737e+06 1.94941e+06 
139.562 31.6277 57.0025 102.813 183.957 -131293 391.957 458.791 537.922 632.29 744.698 878.955 1041.46 1238.2 1476.97 1769.68 2133.76 2585.55 3149.47 3873.37 4800.51 5994.31 7561.69 9662.21 12467.3 16249.5 21544.2 28897.4 39186.5 53884.2 75143.6 105813 150419 216563 313048 453006 651730 931928 1.33387e+06 1.9158e+06 
91.0113 20.6253 37.1734 67.0488 121.047 218.663 -153065 462.816 542.658 637.881 751.314 886.804 1050.82 1249.41 1490.45 1785.98 2153.62 2609.91 3179.56 3910.97 4847.96 6054.74 7639.63 9764.33 12602.7 16431.2 21792.9 29242.3 39670.4 54573.1 76137.8 107260 152541 219704 317705 459896 661812 946498 1.35488e+06 1.94615e+06 
61.6681 13.9756 25.1889 45.4334 82.0251 148.176 267.939 -178794 562.945 668.741 787.698 929.798 1101.83 1310.16 1563.05 1873.16 2259 2737.97 3336.04 4104.16 5088.43 6356.48 8022.38 10256.6 13242.3 17271.3 22916.4 30763.4 41753.4 57466.7 80214.8 113059 160867 231800 335334 485595 698998 999863 1.43146e+06 2.05635e+06 
43.3856 9.83246 17.7218 31.9656 57.7116 104.257 188.528 337.823 -209272 727.748 857.248 1011.96 1199.28 1426.15 1701.59 2039.4 2459.81 2981.8 3633.73 4471.29 5544.87 6928.43 8746.8 11186.5 14448.4 18852.1 25025.8 33612.2 45644.3 62857.6 87790.4 123807 176260 254111 367787 532819 767234 1.0977e+06 1.57178e+06 2.25817e+06 
31.495 7.13781 12.8653 23.2062 41.8983 75.6923 136.88 247.874 449.501 -245384 961.238 1134.79 1344.97 1599.57 1908.72 2287.95 2760.03 3346.32 4078.77 5020.11 6227.18 7783.37 9829.57 12576.5 16251.1 21214.7 28178.2 37869.3 51458.8 70913.5 99111 139869 199262 287453 416286 603395 869213 1.24393e+06 1.78148e+06 2.5598e+06 
23.3548 5.29307 9.54053 17.2095 31.0723 56.1363 101.519 183.849 333.414 605.284 -288442 1300.02 1540.95 1832.85 2187.37 2622.36 3164 3836.88 4677.76 5758.92 7145.85 8934.74 11288.1 14449.4 18680.8 24400.4 32430.6 43614.8 59309.8 81796.7 114413 161592 230388 332593 481975 699023 1.00744e+06 1.44216e+06 2.06582e+06 2.96882e+06 
17.5488 3.97731 7.16912 12.9323 23.3504 42.1873 76.2969 138.179 250.606 454.985 827.754 -340034 1776.39 2129.12 2541.31 3047.2 3677.33 4460.38 5439.29 6698.52 8314.65 10400.2 13145.6 16835.8 21778.9 28465.2 37861 50958.1 69353.7 95733.4 134028 189466 270366 390623 566492 822154 1.18552e+06 1.69764e+06 2.43237e+06 3.4962e+06 
13.3092 3.01652 5.43745 9.80888 17.7115 32.0011 57.8781 104.828 190.133 345.225 628.129 1137.23 -401814 2490.47 2973.14 3565.72 4304.11 5222.07 6370.12 7847.76 9745.3 12195.5 15423.2 19765.5 25586.8 33468.3 44555.2 60025.8 81778.4 113006 158385 224143 320195 463073 672175 976332 1.40874e+06 2.01811e+06 2.89237e+06 4.15826e+06 
10.1487 2.30026 4.14651 7.48039 13.5077 24.407 44.146 79.9622 145.045 263.385 479.277 874.394 1597.64 -476382 3495.11 4192.7 5062.35 6143.97 7497.36 9240.46 11480.4 14374.8 18190.8 23329.5 30225.2 39571.1 52734.5 71124.6 97014.4 134229 188373 266922 381785 552784 803250 1.16783e+06 1.68632e+06 2.41689e+06 3.46507e+06 4.98281e+06 
7.76665 1.76041 3.17349 5.72531 10.339 18.6827 33.7946 61.2177 111.054 201.685 367.05 669.743 1223.93 2242.87 -567060 4895.19 5979.06 7259.14 8861.75 10927.4 13583.8 17019.1 21552.5 27664.1 35874.4 47015.4 62729 84712.5 115705 160320 225318 319739 457988 663991 966019 1.40601e+06 2.03197e+06 2.91385e+06 4.17917e+06 6.01132e+06 
5.96695 1.35254 2.43833 4.39925 7.94482 14.3574 25.9729 47.0534 85.3685 155.057 282.234 515.069 941.462 1725.64 3139.67 -677952 7084.05 8604.26 10508.7 12965.6 16127.9 20221.2 25629 32928.7 42747.8 56090.3 74940.2 101354 138654 192442 270930 385124 552574 802362 1.16899e+06 1.70361e+06 2.46452e+06 3.53634e+06 5.07424e+06 7.30112e+06 
4.60814 1.04458 1.88326 3.398 6.13706 11.0915 20.0668 36.3578 65.9722 119.846 218.182 398.255 728.123 1334.98 2457.04 4538.85 -813657 10216.9 12485.3 15414.7 19189.1 24080.4 30551 39298.7 51084.1 67125.5 89834 121717 166833 232027 327349 466299 670422 975324 1.42346e+06 2.07769e+06 3.00936e+06 4.32141e+06 6.2041e+06 8.93023e+06 
3.57109 0.809546 1.45961 2.63379 4.75722 8.59855 15.5583 28.1928 51.1641 92.962 169.273 309.05 565.186 1036.57 1908.5 3527.01 6536.53 -982217 14894.7 18403.5 22930 28803.3 36584.7 47123.2 61346.7 80743.9 108267 146997 201928 281501 398114 568473 819269 1.19447e+06 1.7468e+06 2.55421e+06 3.70477e+06 5.32468e+06 7.64922e+06 1.10151e+07 
2.7764 0.629432 1.13495 2.04812 3.6997 6.68784 12.1026 21.9339 39.8121 72.3506 131.772 240.644 440.222 807.669 1487.65 2750.55 5100.38 9510.59 -1.19391e+06 21954.8 27541.6 34634.8 44048.4 56823.1 74099.6 97712 131304 178696 246094 343997 487852 698540 1.00946e+06 1.47545e+06 2.16266e+06 3.16878e+06 4.60358e+06 6.62312e+06 9.52125e+06 1.37176e+07 
2.17347 0.492777 0.888616 1.60375 2.89731 5.23808 9.48051 17.1848 31.1983 56.7102 103.314 188.733 345.386 633.948 1168.24 2161.2 4010.26 7483.61 13981.8 -1.45844e+06 33109.1 41692.8 53108.3 68637.7 89692.2 118546 159728 218016 301187 422426 601164 863776 1.25252e+06 1.83645e+06 2.69956e+06 3.96562e+06 5.77282e+06 8.31567e+06 1.19649e+07 1.72487e+07 
1.70844 0.387375 0.698615 1.26098 2.27836 4.11969 7.4576 13.5207 24.5518 44.6409 81.3517 148.664 272.175 499.816 921.576 1705.98 3168.01 5917.08 11130.6 21010.7 -1.795e+06 50381.7 64292.6 83270.8 109076 144550 195376 267588 371030 522448 746565 1.0771e+06 1.5682e+06 2.30787e+06 3.4041e+06 5.01577e+06 7.31896e+06 1.05584e+07 1.52075e+07 2.19385e+07 
1.34634 0.3053 0.550656 0.994041 1.7963 3.24859 5.88186 10.6662 19.3733 35.2361 64.2352 117.431 215.096 395.215 729.165 1350.77 2510.58 4693.8 8839.34 16708.3 31816.4 -2.22903e+06 77350.7 101582 133425 177357 240577 330792 460612 651560 935503 1.35614e+06 1.98379e+06 2.93214e+06 4.34203e+06 6.42037e+06 9.39446e+06 1.35757e+07 1.95767e+07 2.82638e+07 
1.06451 0.241416 0.435485 0.786247 1.42103 2.57041 4.655 8.44352 15.3407 27.9115 50.9029 93.0996 170.622 313.698 579.183 1073.83 1997.85 3739.46 7051.24 13349.4 25466.4 48516.8 -2.79337e+06 124205 163662 218329 297409 410842 574965 817779 1.18089e+06 1.72172e+06 2.53296e+06 3.76347e+06 5.59979e+06 8.3154e+06 1.22079e+07 1.76777e+07 2.55282e+07 3.68906e+07 
0.844275 0.191493 0.345481 0.623852 1.12773 2.04034 3.69601 6.70603 12.1881 22.1845 40.4774 74.0708 135.835 249.925 461.825 857.08 1596.47 2992.19 5650.72 10717.8 20490.1 39581 77158.5 -3.52338e+06 200172 268184 367202 510150 718381 1.02872e+06 1.49616e+06 2.19719e+06 3.2558e+06 4.86962e+06 7.28952e+06 1.08828e+07 1.60444e+07 2.32934e+07 3.36974e+07 4.87507e+07 
0.666801 0.15126 0.272938 0.492947 0.891281 1.61294 2.92263 5.30453 9.64453 17.5627 32.0611 58.7037 107.73 198.377 366.914 681.678 1271.41 2386.51 4514.54 8580.59 16443.6 31851.3 62289.1 122637 -4.49163e+06 329496 453811 634626 900104 1.29919e+06 1.90553e+06 2.82238e+06 4.21812e+06 6.35898e+06 9.58767e+06 1.44053e+07 2.13442e+07 3.10831e+07 4.50603e+07 6.52747e+07 
0.521266 0.118263 0.213436 0.385558 0.697272 1.26219 2.28779 4.1538 7.55541 13.7653 25.1431 46.0663 84.6045 155.934 288.707 537.021 1003.06 1885.91 3574.24 6809.05 13083.5 25420 49889.8 98648.3 197828 -5.79688e+06 557604 788647 1.12781e+06 1.64282e+06 2.43328e+06 3.64026e+06 5.49539e+06 8.36206e+06 1.2715e+07 1.9248e+07 2.86877e+07 4.19287e+07 6.09315e+07 8.83972e+07 
0.402361 0.0913016 0.16481 0.297787 0.538678 0.975409 1.76862 3.21248 5.846 10.657 19.4782 35.7136 65.6495 121.123 224.522 418.207 782.442 1473.93 2799.53 5347.53 10307.5 20098.2 39612.1 78728.9 158813 325011 -7.50155e+06 956655 1.38228e+06 2.03712e+06 3.05595e+06 4.63218e+06 7.08669e+06 1.09192e+07 1.67929e+07 2.56784e+07 3.85741e+07 5.66527e+07 8.25953e+07 1.20053e+08 
0.300902 0.0682912 0.1233 0.222839 0.403214 0.730361 1.32481 2.40741 4.38318 7.99523 14.6234 26.8334 49.3733 91.1959 169.262 315.747 591.814 1117.15 2126.89 4074.59 7880.75 15426.9 30547.1 61058.9 123980 256612 534044 -9.78979e+06 1.65089e+06 2.46655e+06 3.75696e+06 5.78602e+06 8.99789e+06 1.40814e+07 2.19651e+07 3.40119e+07 5.15966e+07 7.6241e+07 1.116e+08 1.62578e+08 
0.213898 0.0485543 0.0876849 0.158513 0.286904 0.519867 0.943378 1.71508 3.12432 5.70268 10.438 19.1695 35.3077 65.2933 121.35 226.729 425.786 805.526 1537.47 2954.66 5735.72 11275.5 22439.5 45131.8 92300.1 192622 405035 866553 -1.29016e+07 2.84673e+06 4.46142e+06 7.00146e+06 1.11035e+07 1.77093e+07 2.81066e+07 4.4197e+07 6.78586e+07 1.01024e+08 1.48605e+08 2.17064e+08 
0.141726 0.0321779 0.0581244 0.105104 0.190293 0.344937 0.626211 1.13902 2.07611 3.79203 6.94625 12.7681 23.5427 43.5916 81.1332 151.844 285.74 541.858 1037.02 1999.61 3897.13 7696.22 15400.4 31185.1 64284.5 135390 288030 624727 1.37363e+06 -1.71818e+07 4.96259e+06 7.97084e+06 1.29559e+07 2.11745e+07 3.43696e+07 5.51407e+07 8.59989e+07 1.29298e+08 1.91415e+08 2.80532e+08 
0.0854968 0.0194154 0.0350795 0.0634502 0.114914 0.20838 0.378467 0.68874 1.2561 2.29588 4.20897 7.74363 14.294 26.5008 49.3962 92.6063 174.634 331.969 637.094 1232.74 2412.43 4786.89 9633.64 19647.8 40844.4 86870.3 187177 412213 932570 2.14978e+06 -2.29999e+07 8.22446e+06 1.37957e+07 2.33002e+07 3.90026e+07 6.43465e+07 1.0259e+08 1.56424e+08 2.33687e+08 3.44047e+08 
0.0458322 0.0104101 0.0188133 0.0340381 0.0616654 0.111863 0.203258 0.370075 0.675317 1.23519 2.26623 4.17313 7.71166 14.3156 26.7225 50.1843 94.8345 180.711 347.768 675.25 1326.87 2645.43 5354.6 10999.9 23063 49544.4 108162 242019 557931 1.31635e+06 3.13539e+06 -3.13355e+07 1.33085e+07 2.34013e+07 4.07188e+07 6.96325e+07 1.14262e+08 1.77507e+08 2.68423e+08 3.97563e+08 
0.0215466 0.00489492 0.00884834 0.0160132 0.0290193 0.0526612 0.0957279 0.174378 0.318386 0.582743 1.07 1.97208 3.64819 6.78084 12.6758 23.845 45.1534 86.2464 166.429 324.257 639.753 1281.53 2608.75 5397.82 11414.6 24768.6 54799.2 124638 293016 708558 1.74168e+06 4.40727e+06 -4.389e+07 2.12856e+07 3.89057e+07 6.95862e+07 1.18451e+08 1.88511e+08 2.89585e+08 4.32234e+08 
0.0088456 0.0020099 0.003634 0.00657825 0.0119245 0.0216467 0.039365 0.0717394 0.131053 0.240016 0.441019 0.813487 1.50638 2.80311 5.24692 9.88549 18.7548 35.9013 69.4519 135.739 268.808 540.801 1106.66 2305.03 4913.04 10760.6 24106.9 55689.9 133430 330631 839855 2.21259e+06 6.07724e+06 -6.19322e+07 3.17031e+07 6.05686e+07 1.09282e+08 1.81091e+08 2.85848e+08 4.32615e+08 
0.00312115 0.000709307 0.00128272 0.00232251 0.00421116 0.00764696 0.0139112 0.0253626 0.0463542 0.0849444 0.156185 0.288308 0.534364 0.99542 1.86551 3.51974 6.68929 12.8307 24.8782 48.7628 96.8956 195.712 402.408 843.239 1810.28 3998.62 9060.41 21229.2 51752.5 131152 343565 940865 2.71459e+06 7.74767e+06 -8.84678e+07 4.60453e+07 8.99118e+07 1.58195e+08 2.60575e+08 4.03838e+08 
0.00093284 0.000212028 0.000383505 0.000694521 0.00125959 0.00228792 0.00416351 0.00759361 0.0138845 0.0254567 0.0468344 0.0865117 0.160476 0.299223 0.561383 1.06054 2.0187 3.879 7.5367 14.8103 29.5188 59.8331 123.548 260.285 562.36 1251.52 2864.49 6796.57 16825.7 43504.2 117192 332661 1.00386e+06 3.06038e+06 9.52015e+06 -1.27701e+08 6.46265e+07 1.24847e+08 2.19168e+08 3.53282e+08 
0.000230301 5.23519e-05 9.4705e-05 0.000171537 0.000311159 0.000565312 0.00102901 0.0018773 0.0034337 0.00629813 0.0115925 0.0214246 0.0397675 0.0742057 0.139339 0.263496 0.502168 0.966293 1.88048 3.70276 7.39764 15.0362 31.1516 65.905 143.105 320.355 739.026 1770.78 4436.81 11652.9 32089.5 93751.1 293475 948336 3.1927e+06 1.10993e+07 -1.82097e+08 8.31955e+07 1.62449e+08 2.82106e+08 
4.57882e-05 1.04093e-05 1.88322e-05 3.41139e-05 6.1888e-05 0.000112453 0.000204726 0.000373567 0.000683423 0.00125386 0.00230856 0.00426798 0.00792523 0.0147953 0.0277966 0.0525974 0.100316 0.193202 0.376361 0.742001 1.48461 3.02272 6.27529 13.3105 28.9913 65.1355 150.992 364 918.886 2437.27 6806.6 20261 64974 218615 781458 2.98285e+06 1.15736e+07 -2.48846e+08 9.78565e+07 1.99294e+08 
7.15284e-06 1.62619e-06 2.94225e-06 5.33018e-06 9.67058e-06 1.75737e-05 3.19975e-05 5.83939e-05 0.000106845 0.000196064 0.00036106 0.000667675 0.00124017 0.00231601 0.00435286 0.00824028 0.0157248 0.0303036 0.059074 0.116568 0.233471 0.475922 0.989437 2.10242 4.5888 10.335 24.0353 58.1752 147.581 393.958 1110.25 3345.21 10897.8 37677.1 140542 571730 2.46744e+06 1.06844e+07 -3.29178e+08 1.19787e+08 
8.47644e-07 1.92719e-07 3.487e-07 6.3174e-07 1.14624e-06 2.08314e-06 3.79322e-06 6.92314e-06 1.26689e-05 2.32509e-05 4.28241e-05 7.92043e-05 0.000147148 0.000274865 0.00051674 0.000978537 0.00186804 0.00360151 0.00702424 0.0138689 0.027797 0.056708 0.118005 0.251028 0.548614 1.23744 2.88325 6.9944 17.791 47.651 134.904 408.91 1342.45 4706.1 17976.1 76059.5 353639 1.79586e+06 9.88611e+06 -4.18364e+08 
dt_FE: 4.305e-08
dt_EA: 4.305e-08
dt_PE: 4.305e-08
tolC: 1e-06
dt_grow: 1.03
dt_max: 0.1
steps: 0
