t: 7.68095e-09
dt: 6.56806e-10
N: 0.00467449 0.00539757 0.00622953 0.00718684 0.00828763 0.00955006 0.010997 0.0126542 0.014548 0.0167029 0.0191553 0.0219405 0.0250776 0.0286064 0.032566 0.0369741 0.0418192 0.047142 0.0529499 0.0590876 0.0655447 0.0722548 0.078961 0.0852237 0.090941 0.0958163 0.0984565 0.0987672 0.0964082 0.0902943 0.0907388 0.376303 0.293203 0.0225748 0.00915898 0.00319413 0.000888201 0.000192786 3.24515e-05 4.11336e-06 
eC: 1 1.15749 1.33977 1.55077 1.795 2.07768 2.40489 2.78363 3.22201 3.72944 4.31677 4.99661 5.78351 6.69433 7.7486 8.9689 10.3814 12.0163 13.9087 16.0991 18.6345 21.5692 24.9661 28.8979 33.4489 38.7167 44.814 51.8717 60.0407 69.4963 80.4411 93.1095 107.773 124.746 144.391 167.131 193.452 223.918 259.182 300 
dV: 1.08333 0.211322 0.327712 0.508206 0.788112 1.22218 1.89532 2.93921 4.55805 7.06849 10.9616 16.999 26.3615 40.8807 63.3966 98.3136 152.462 236.434 366.655 568.597 881.764 1367.42 2120.55 3288.49 5099.69 7908.45 12264.2 19019 29494.1 45738.6 70930.1 109996 170579 264529 410225 636165 986546 1.52991e+06 2.37254e+06 3.67926e+06 
kVec: 828439 962295 1.11052e+06 1.28183e+06 1.47967e+06 1.70755e+06 1.96996e+06 2.27198e+06 2.61922e+06 3.01689e+06 3.47293e+06 3.99554e+06 4.59037e+06 5.26789e+06 6.03891e+06 6.91353e+06 7.89513e+06 9.0014e+06 1.02469e+07 1.16169e+07 1.31323e+07 1.48057e+07 1.66358e+07 1.85752e+07 2.06727e+07 2.29718e+07 2.52906e+07 2.77794e+07 3.05753e+07 3.3824e+07 3.76316e+07 4.28829e+07 5.1646e+07 6.62503e+07 9.03258e+07 1.27855e+08 1.81161e+08 2.47361e+08 3.27451e+08 4.16596e+08 
cMat: 
-197789 955.645 1122.94 1308.02 1524.82 1780.08 2080.81 2435.41 2855.18 3355.67 3951.72 4663.44 5524.62 6566.92 7831.44 9380.93 11307.2 13696.2 16676.6 20499.5 25392 31686.5 39942.8 50995.3 65739.1 85595.1 113353 151852 205648 282387 393242 552964 784990 1.12874e+06 1.62971e+06 2.35583e+06 3.38648e+06 4.8399e+06 6.9247e+06 9.94303e+06 
4856.84 -233781 1293.31 1506.49 1756.2 2050.21 2396.59 2805.04 3288.57 3865.1 4551.71 5371.62 6363.74 7564.58 9021.5 10806.9 13026.5 15779.7 19214.6 23621 29260.8 36517.6 46037.6 58783.6 75789.2 98695.2 130723 175153 237248 325844 453850 638318 906336 1.30346e+06 1.88229e+06 2.72136e+06 3.91239e+06 5.59194e+06 8.00112e+06 1.14891e+07 
3643.45 825.664 -269342 1733.34 2020.67 2358.99 2757.58 3227.59 3784.02 4447.5 5237.7 6181.33 7323.24 8705.45 10382.5 12437.8 14993.3 18163.3 22118.6 27193.3 33689.4 42049.2 53017.8 67706.3 87307.1 113714 150646 201891 273528 375761 523506 736463 1.04594e+06 1.50456e+06 2.17313e+06 3.14243e+06 4.51839e+06 6.45867e+06 9.24187e+06 1.32714e+07 
2705.16 613.035 1104.85 -310884 2323.06 2712.04 3170.33 3710.76 4350.57 5113.51 6022.19 7107.37 8420.65 10010.4 11939.4 14303.7 17243.6 20891 25442.3 31282.6 38759.8 48383.7 61013.5 77930 100509 130935 173500 232575 315182 433102 603560 849315 1.20654e+06 1.73601e+06 2.50801e+06 3.62743e+06 5.2166e+06 7.45747e+06 1.06719e+07 1.53257e+07 
2006.43 454.696 819.487 1478.05 -359333 3087.41 3641.64 4262.48 4997.53 5874.07 6918.12 8165.01 9674.1 11501 13718 16435.5 19815 24008.2 29241.3 35957.6 44557.8 55629.1 70161.4 89630.9 115624 150660 199688 267754 362961 498911 695487 978978 1.39116e+06 2.00222e+06 2.89335e+06 4.18574e+06 6.0206e+06 8.60784e+06 1.23191e+07 1.76924e+07 
1487.17 337.024 607.418 1095.57 1960.25 -415674 4176.69 4888.87 5732.09 6737.68 7935.5 9366.13 11097.8 13194.3 15738.6 18857.7 22737.3 27551.6 33560.7 41274.6 51154.2 63875.3 80577.3 102960 132852 173155 229575 307931 417571 574189 800729 1.12754e+06 1.60287e+06 2.30769e+06 3.33583e+06 4.82722e+06 6.94483e+06 9.93062e+06 1.42137e+07 2.04148e+07 
1101.06 249.527 449.728 811.164 1464.44 2645.41 -481170 5599.21 6565.14 7717.15 9089.48 10728.7 12712.9 15115.5 18031.7 21607 26054.8 31575 38466.7 47315.4 58651.1 73250.9 92425.1 118130 152469 198786 263653 353777 479937 660232 921124 1.29764e+06 1.84546e+06 2.65801e+06 3.84363e+06 5.56387e+06 8.00668e+06 1.14508e+07 1.63915e+07 2.35447e+07 
813.937 184.46 332.46 599.661 1082.62 1955.72 3536.44 -557275 7430.13 8826.49 10396.6 12272.1 14542.7 17292.4 20630.2 24723.2 29815.8 36137.5 44031.3 54169.4 67160.5 83897.1 105885 135373 174781 227958 302466 406037 551089 758484 1.05873e+06 1.49223e+06 2.12323e+06 3.05945e+06 4.42596e+06 6.40921e+06 9.22585e+06 1.31969e+07 1.88934e+07 2.71411e+07 
600.734 136.144 245.383 442.607 799.097 1443.58 2610.43 4677.63 -645860 10076.7 11869.8 14011.9 16605.6 19747 23560.9 28238.4 34059.5 41287.1 50314.1 61911.3 76776.5 95933.8 121112 154893 200059 261034 346517 465407 632009 870350 1.21558e+06 1.71429e+06 2.44056e+06 3.51852e+06 5.09252e+06 7.37762e+06 1.06234e+07 1.51992e+07 2.17634e+07 3.12675e+07 
442.823 100.359 180.888 326.282 589.095 1064.24 1924.54 3485.13 6320.04 -748557 13515.1 15955.4 18910.5 22490.1 26836.8 32168.9 38806.4 47049.7 57348 70583.4 87554.9 109435 138205 176827 228492 298281 396189 532448 723517 997052 1.39351e+06 1.96658e+06 2.80165e+06 4.04163e+06 5.85303e+06 8.4838e+06 1.22212e+07 1.74897e+07 2.50478e+07 3.59911e+07 
325.654 73.8055 133.031 239.966 433.266 782.754 1415.57 2563.55 4649.06 8439.96 -868059 18127.2 21486.7 25556.9 30500.3 36565.7 44118.3 53500.7 65225.8 80301.2 99640.3 124584 157400 201479 260482 340235 452206 608156 827005 1.14056e+06 1.59535e+06 2.25321e+06 3.21248e+06 4.63761e+06 6.72056e+06 9.74704e+06 1.40475e+07 2.01092e+07 2.88054e+07 4.13966e+07 
238.795 54.121 97.5532 175.975 317.738 574.061 1038.2 1880.26 3410.1 6191.18 11263.6 -1.00731e+06 24172.1 28971.8 34580.7 41464.5 50038.9 60694.2 74014.8 91149.6 113141 141520 178878 229092 296354 387339 515190 693408 943726 1.30269e+06 1.82378e+06 2.57814e+06 3.67899e+06 5.31537e+06 7.7085e+06 1.11874e+07 1.61318e+07 2.31006e+07 3.30983e+07 4.75742e+07 
174.769 39.6111 71.4014 128.804 232.578 420.22 760.022 1376.54 2496.72 4533.29 8248.22 14933.4 -1.16901e+06 32703.4 39041.6 46822.9 56519.1 68573.1 83648.7 103052 127970 160145 202529 259549 335991 439486 585073 788224 1.07387e+06 1.48393e+06 2.07982e+06 2.94331e+06 4.20461e+06 6.0808e+06 8.82661e+06 1.28206e+07 1.84988e+07 2.65007e+07 3.7981e+07 5.46038e+07 
127.491 28.8964 52.0893 93.9703 169.687 306.606 554.572 1004.5 1822.09 3308.7 6020.79 10984.3 20070 -1.35752e+06 43906.4 52669.7 63594.4 77181.9 94183.5 116081 144219 180579 228517 293070 379695 497101 662462 893483 1.21872e+06 1.68622e+06 2.36638e+06 3.35313e+06 4.79607e+06 6.94419e+06 1.00906e+07 1.46706e+07 2.11839e+07 3.03615e+07 4.3529e+07 6.25952e+07 
92.5923 20.9872 37.8336 68.2559 123.259 222.731 402.892 729.823 1323.96 2404.44 4375.89 7984.53 14591.5 26739 -1.57753e+06 58359.3 71281 86541.8 105648 130274 161943 202898 256944 329805 427686 560506 747841 1.00992e+06 1.37941e+06 1.91129e+06 2.68619e+06 3.81186e+06 5.46003e+06 7.91595e+06 1.15167e+07 1.67621e+07 2.42247e+07 3.47383e+07 4.98231e+07 7.16656e+07 
66.9507 15.1758 27.3587 49.3607 89.1429 161.094 291.423 527.951 957.856 1739.78 3166.74 5779.2 10563.4 19362.2 35227.9 -1.83584e+06 79484.8 96542 117911 145477 180959 226887 287564 369468 479641 629347 840848 1.13722e+06 1.55573e+06 2.15924e+06 3.03991e+06 4.32119e+06 6.20002e+06 9.0027e+06 1.31164e+07 1.91149e+07 2.76526e+07 3.96786e+07 5.69343e+07 8.19204e+07 
48.2201 10.9306 19.7067 35.5571 64.219 116.063 209.982 380.453 690.341 1254.08 2283.08 4167.39 7619.17 13969.4 25710.8 47495.1 -2.13668e+06 106911 130648 161301 200797 251981 319689 411226 534550 702409 940034 1.27366e+06 1.74576e+06 2.42796e+06 3.42542e+06 4.87941e+06 7.01538e+06 1.02059e+07 1.48953e+07 2.17412e+07 3.14903e+07 4.52198e+07 6.49204e+07 9.3447e+07 
34.4942 7.81964 14.0988 25.4405 45.9514 83.0559 150.282 272.322 494.209 897.947 1635.06 2985.21 5459.3 10012.5 18434.8 34068.4 63138.2 -2.49075e+06 143872 177765 221487 278220 353382 455177 592566 779929 1.04578e+06 1.41988e+06 1.95048e+06 2.7191e+06 3.8455e+06 5.49105e+06 7.91356e+06 1.15377e+07 1.68729e+07 2.46718e+07 3.57854e+07 5.14326e+07 7.3886e+07 1.06398e+08 
24.4712 5.5478 10.0034 18.0521 32.6091 58.9465 106.672 193.325 350.904 637.697 1161.44 2121.04 3880.11 7118.79 13112.2 24243.3 44954.7 83826.2 -2.91015e+06 193509 242751 305271 388242 500838 653113 861232 1.15731e+06 1.57502e+06 2.16907e+06 3.03199e+06 4.29992e+06 6.15693e+06 8.8974e+06 1.30046e+07 1.90617e+07 2.79296e+07 4.05759e+07 5.83761e+07 8.39202e+07 1.20907e+08 
17.2586 3.91293 7.05613 12.7347 23.0063 41.5934 75.2808 136.457 247.732 450.312 820.376 1498.65 2742.57 5033.92 9276.53 17161.2 31843.8 59424.2 111024 -3.40162e+06 262906 331065 421711 545023 712208 941321 1.26833e+06 1.73118e+06 2.3916e+06 3.35431e+06 4.77359e+06 6.85888e+06 9.94574e+06 1.45825e+07 2.14361e+07 3.14893e+07 4.58396e+07 6.60313e+07 9.50085e+07 1.36965e+08 
12.0493 2.73208 4.92719 8.89342 16.0688 29.0553 52.5969 95.3583 173.158 314.843 573.757 1048.5 1919.59 3525.1 6499.68 12031.9 22343.3 41731.9 78501.7 148184 -3.98596e+06 355332 453442 587292 769288 1.01948e+06 1.37795e+06 1.88724e+06 2.6168e+06 3.68472e+06 5.26537e+06 7.59659e+06 1.10602e+07 1.62769e+07 2.40084e+07 3.53752e+07 5.16191e+07 7.44662e+07 1.07256e+08 1.54728e+08 
8.30361 1.88295 3.39619 6.13078 11.0787 20.0358 36.2765 65.784 119.486 217.32 396.173 724.26 1326.61 2437.5 4497.15 8330.95 15484.1 28949.2 54516.9 103049 196229 -4.68435e+06 477063 626508 822901 1.09385e+06 1.48377e+06 2.04017e+06 2.84084e+06 4.01852e+06 5.76974e+06 8.36404e+06 1.22351e+07 1.8084e+07 2.67796e+07 3.95978e+07 5.79406e+07 8.37286e+07 1.2074e+08 1.74318e+08 
5.64716 1.2807 2.31023 4.171 7.5385 13.6359 24.6945 44.7925 81.382 148.069 270.037 493.889 905.143 1664.15 3072.54 5696.62 10598.5 19837.7 37406.5 70818 135098 257379 -5.53134e+06 658903 868222 1.15823e+06 1.57774e+06 2.1795e+06 3.05016e+06 4.33828e+06 6.26458e+06 9.13367e+06 1.34373e+07 1.99651e+07 2.97066e+07 4.41128e+07 6.47626e+07 9.37795e+07 1.35426e+08 1.95703e+08 
3.78797 0.859162 1.55005 2.79901 5.05975 9.15431 16.5827 30.0876 54.6837 99.5343 181.608 332.329 609.444 1121.32 2072.05 3845.42 7162.79 13424.9 25352.8 48087.1 91931.7 177586 346183 -6.54538e+06 898101 1.20325e+06 1.6475e+06 2.28886e+06 3.22312e+06 4.61549e+06 6.71274e+06 9.85802e+06 1.46076e+07 2.18483e+07 3.27055e+07 4.88271e+07 7.19858e+07 1.04509e+08 1.51188e+08 2.18727e+08 
2.48817 0.564425 1.01847 1.83943 3.32581 6.01869 10.9058 19.7939 35.9886 65.5354 119.636 219.053 401.996 740.244 1369.14 2543.68 4744.27 8905.28 16846 32018.5 61359.3 118853 232432 457620 -7.78973e+06 1.22951e+06 1.6934e+06 2.36811e+06 3.35874e+06 4.84794e+06 7.11047e+06 1.05317e+07 1.57399e+07 2.37285e+07 3.57764e+07 5.37535e+07 7.96458e+07 1.15986e+08 1.68143e+08 2.43572e+08 
1.59365 0.361563 0.652532 1.17876 2.13175 3.85887 6.99441 12.6993 23.099 42.0844 76.8693 140.838 258.66 476.732 882.658 1641.82 3066.63 5765.75 10927.4 20817.1 40000 77716.1 152527 301595 604816 -9.35156e+06 1.70475e+06 2.41111e+06 3.44802e+06 5.02257e+06 7.43921e+06 1.11293e+07 1.68009e+07 2.55651e+07 3.88732e+07 5.88465e+07 8.77062e+07 1.28188e+08 1.86284e+08 2.70255e+08 
0.998128 0.22649 0.40884 0.738713 1.33629 2.41968 4.38738 7.96914 14.5021 26.4366 48.3192 88.5939 162.855 300.468 556.967 1037.44 1940.99 3656.36 6944.73 13265.5 25569.5 49857.1 98264.8 195301 393964 806248 -1.12609e+07 2.37316e+06 3.42898e+06 5.05344e+06 7.58084e+06 1.1491e+07 1.75798e+07 2.7087e+07 4.16578e+07 6.36998e+07 9.56899e+07 1.40537e+08 2.04892e+08 2.97812e+08 
0.604085 0.1371 0.247535 0.447368 0.809485 1.46626 2.65967 4.83307 8.79958 16.0511 29.3577 53.8703 99.121 183.083 339.807 633.887 1188.12 2242.77 4269.9 8180.07 15821.3 30970.7 61325.8 122581 248899 515169 1.07214e+06 -1.36811e+07 3.3143e+06 4.9518e+06 7.5424e+06 1.16159e+07 1.8064e+07 2.82696e+07 4.40968e+07 6.82817e+07 1.03584e+08 1.5306e+08 2.24047e+08 3.26388e+08 
0.350509 0.0795647 0.143687 0.259752 0.470143 0.851892 1.54589 2.81045 5.11975 9.34485 17.1045 31.4125 57.8579 106.994 198.854 371.536 697.725 1319.99 2519.42 4841.73 9398.98 18476.8 36771.1 73956.4 151250 315645 663721 1.42e+06 -1.68009e+07 4.66487e+06 7.31082e+06 1.14731e+07 1.8195e+07 2.90197e+07 4.60576e+07 7.24245e+07 1.11198e+08 1.65546e+08 2.43515e+08 3.55697e+08 
0.194074 0.0440631 0.0795933 0.143925 0.26058 0.472343 0.85751 1.55973 2.84294 5.19266 9.51193 17.4842 32.2385 59.6926 111.101 207.929 391.282 742 1420.05 2738.19 5336.58 10538.9 21088.7 42703.7 88028.8 185397 394418 855477 1.881e+06 -2.09203e+07 6.79559e+06 1.0915e+07 1.77413e+07 2.89956e+07 4.70644e+07 7.55076e+07 1.17764e+08 1.77055e+08 2.62117e+08 3.8415e+08 
0.100373 0.0227936 0.0411832 0.0744905 0.134909 0.244637 0.444319 0.808579 1.47466 2.69536 4.94132 9.091 16.7811 31.1119 57.9911 108.72 205.02 389.732 747.947 1447.24 2832.19 5619.8 11309.9 23066.5 47951.3 101986 219746 483937 1.09484e+06 2.52384e+06 -2.63764e+07 9.65551e+06 1.61961e+07 2.73544e+07 4.5789e+07 7.55426e+07 1.20441e+08 1.83641e+08 2.74349e+08 4.03911e+08 
0.0329824 0.00749144 0.0135387 0.024495 0.0443765 0.0805003 0.146271 0.266319 0.485982 0.888887 1.63086 3.00313 5.54958 10.302 19.2304 36.1144 68.2462 130.046 250.266 485.933 954.861 1903.74 3853.36 7915.89 16596.9 35653.9 77837.3 174165 401506 947294 2.25633e+06 -3.63384e+07 9.57725e+06 1.68404e+07 2.93027e+07 5.01099e+07 8.2227e+07 1.2774e+08 1.93166e+08 2.861e+08 
0.0163483 0.003714 0.00671363 0.0121499 0.0220182 0.0399564 0.072633 0.132308 0.241574 0.442153 0.811857 1.49631 2.76805 5.14493 9.61769 18.0923 34.2599 65.439 126.277 246.028 485.409 972.353 1979.38 4095.57 8660.76 18793 41578.6 94568.3 222325 537615 1.32149e+06 3.34399e+06 -4.82725e+07 1.61503e+07 2.95195e+07 5.27981e+07 8.98739e+07 1.43032e+08 2.19721e+08 3.27955e+08 
0.0089162 0.00202594 0.003663 0.00663075 0.0120197 0.0218195 0.0396792 0.072312 0.132098 0.241931 0.444539 0.819979 1.5184 2.82548 5.28879 9.96438 18.9045 36.1878 70.0061 136.822 270.953 545.117 1115.49 2323.43 4952.25 10846.5 24299.3 56134.4 134495 333270 846558 2.23025e+06 6.12574e+06 -6.2775e+07 3.19561e+07 6.10519e+07 1.10154e+08 1.82536e+08 2.88129e+08 4.36067e+08 
0.0031285 0.000710978 0.00128575 0.00232799 0.00422108 0.00766498 0.013944 0.0254223 0.0464634 0.0851446 0.156553 0.288988 0.535623 0.997766 1.86991 3.52803 6.70506 12.8609 24.9368 48.8777 97.1239 196.173 403.356 845.226 1814.54 4008.04 9081.76 21279.3 51874.5 131461 344374 943082 2.72099e+06 7.76593e+06 -8.86626e+07 4.61538e+07 9.01236e+07 1.58568e+08 2.61189e+08 4.04789e+08 
0.000933298 0.000212132 0.000383693 0.000694862 0.00126021 0.00228904 0.00416556 0.00759734 0.0138913 0.0254692 0.0468574 0.0865541 0.160555 0.29937 0.561659 1.06106 2.01969 3.88091 7.5404 14.8176 29.5333 59.8625 123.609 260.413 562.636 1252.14 2865.9 6799.91 16834 43525.6 117250 332824 1.00435e+06 3.06189e+06 9.52482e+06 -1.2717e+08 6.46582e+07 1.24908e+08 2.19276e+08 3.53456e+08 
0.000230323 5.23568e-05 9.47138e-05 0.000171553 0.000311188 0.000565365 0.0010291 0.00187748 0.00343402 0.00629872 0.0115935 0.0214266 0.0397712 0.0742125 0.139352 0.26352 0.502215 0.966382 1.88065 3.7031 7.39833 15.0376 31.1545 65.9111 143.118 320.385 739.094 1770.94 4437.22 11654 32092.5 93759.8 293503 948424 3.193e+06 1.11003e+07 -1.80927e+08 8.32032e+07 1.62464e+08 2.82133e+08 
4.57891e-05 1.04095e-05 1.88326e-05 3.41146e-05 6.18891e-05 0.000112456 0.00020473 0.000373574 0.000683435 0.00125389 0.0023086 0.00426806 0.00792538 0.0147956 0.0277971 0.0525984 0.100318 0.193205 0.376368 0.742015 1.48464 3.02278 6.27541 13.3108 28.9919 65.1367 150.995 364.006 918.904 2437.31 6806.72 20261.3 64975.2 218619 781472 2.98291e+06 1.15738e+07 -2.47298e+08 9.78584e+07 1.99298e+08 
7.15287e-06 1.6262e-06 2.94226e-06 5.33019e-06 9.67061e-06 1.75738e-05 3.19976e-05 5.83941e-05 0.000106846 0.000196064 0.000361061 0.000667677 0.00124017 0.00231602 0.00435287 0.00824031 0.0157248 0.0303037 0.0590742 0.116568 0.233472 0.475923 0.98944 2.10243 4.58882 10.335 24.0354 58.1754 147.581 393.959 1110.26 3345.22 10897.9 37677.3 140542 571732 2.46745e+06 1.06844e+07 -3.27438e+08 1.19787e+08 
8.47645e-07 1.92719e-07 3.487e-07 6.3174e-07 1.14624e-06 2.08314e-06 3.79323e-06 6.92314e-06 1.26689e-05 2.32509e-05 4.28241e-05 7.92043e-05 0.000147149 0.000274865 0.000516741 0.000978538 0.00186804 0.00360151 0.00702424 0.0138689 0.027797 0.056708 0.118005 0.251028 0.548614 1.23744 2.88326 6.9944 17.791 47.6511 134.904 408.91 1342.46 4706.1 17976.1 76059.5 353639 1.79586e+06 9.88611e+06 -4.16594e+08 
dt_FE: 6.56806e-10
dt_EA: 6.56806e-10
dt_PE: 6.56806e-10
tolC: 1e-06
dt_grow: 1.03
dt_max: 0.1
steps: 0
