t: 1.19702e-06
dt: 3.0161e-08
N: 0.653901 0.701213 0.745815 0.786606 0.822601 0.853011 0.87752 0.896191 0.90942 0.9179 0.922557 0.924274 0.923808 0.921746 0.918429 0.91398 0.908342 0.901307 0.892525 0.881489 0.867495 0.849569 0.826377 0.796108 0.756381 0.704251 0.636574 0.551086 0.448585 0.335673 0.225502 0.133316 0.0684654 0.0303138 0.0114884 0.00368353 0.000981062 0.000211648 3.58362e-05 4.58656e-06 
eC: 1 1.15749 1.33977 1.55077 1.795 2.07768 2.40489 2.78363 3.22201 3.72944 4.31677 4.99661 5.78351 6.69433 7.7486 8.9689 10.3814 12.0163 13.9087 16.0991 18.6345 21.5692 24.9661 28.8979 33.4489 38.7167 44.814 51.8717 60.0407 69.4963 80.4411 93.1095 107.773 124.746 144.391 167.131 193.452 223.918 259.182 300 
dV: 1.08333 0.211322 0.327712 0.508206 0.788112 1.22218 1.89532 2.93921 4.55805 7.06849 10.9616 16.999 26.3615 40.8807 63.3966 98.3136 152.462 236.434 366.655 568.597 881.764 1367.42 2120.55 3288.49 5099.69 7908.45 12264.2 19019 29494.1 45738.6 70930.1 109996 170579 264529 410225 636165 986546 1.52991e+06 2.37254e+06 3.67926e+06 
kVec: 1.03003e+06 1.19333e+06 1.37484e+06 1.58367e+06 1.82365e+06 2.0984e+06 2.41263e+06 2.77157e+06 3.18055e+06 3.64381e+06 4.16869e+06 4.76191e+06 5.42526e+06 6.16598e+06 6.99013e+06 7.89986e+06 8.88636e+06 9.95725e+06 1.11117e+07 1.23083e+07 1.35479e+07 1.48184e+07 1.60892e+07 1.7281e+07 1.84373e+07 1.96008e+07 2.06413e+07 2.18078e+07 2.33972e+07 2.58634e+07 2.96964e+07 3.61556e+07 4.71157e+07 6.38682e+07 8.9496e+07 1.28173e+08 1.82276e+08 2.48899e+08 3.2919e+08 4.18366e+08 
cMat: 
-62225.5 332.301 390.472 454.831 530.218 618.978 723.548 846.849 992.814 1166.85 1374.11 1621.59 1921.04 2283.48 2723.18 3261.97 3931.77 4762.51 5798.85 7128.17 8829.4 11018.1 13889.1 17732.3 22859.1 29763.5 39415.5 52802.5 71508.7 98192.6 136740 192279 272960 392489 566688 819178 1.17756e+06 1.68295e+06 2.40789e+06 3.45743e+06 
1459.03 -73770 388.52 452.561 527.575 615.898 719.956 842.655 987.912 1161.11 1367.37 1613.68 1911.72 2272.46 2710.13 3246.47 3913.27 4740.35 5772.21 7095.92 8790.17 10970.2 13830.1 17659.1 22767.7 29648.8 39270.2 52617.3 71271.3 97886.1 136340 191756 272271 391569 565454 817518 1.17531e+06 1.67986e+06 2.4036e+06 3.45142e+06 
931.917 211.187 -85064.7 443.351 516.844 603.378 705.329 825.547 967.871 1137.57 1339.69 1581.05 1873.13 2226.67 2655.63 3181.33 3834.96 4645.79 5657.47 6955.47 8617.02 10755.3 13560.8 17317.8 22331.3 29085.6 38532 51639.3 69962.5 96111.6 133901 188371 267528 384833 555840 803765 1.15571e+06 1.65199e+06 2.36387e+06 3.39453e+06 
581.442 131.765 237.474 -98355.4 499.315 582.922 681.427 797.585 935.105 1099.09 1294.4 1527.65 1809.92 2151.62 2566.24 3074.42 3706.32 4490.27 5468.53 6723.83 8330.97 10399.5 13114.1 16750.1 21603.2 28143 37291.7 49989.3 67744.6 93090.2 129728 182550 259332 373135 539068 779674 1.12125e+06 1.6029e+06 2.2938e+06 3.29408e+06 
358.914 81.3366 146.591 264.396 -114005 552.282 651.422 762.479 893.967 1050.76 1237.52 1460.57 1730.52 2057.32 2453.9 2940 3544.54 4294.62 5230.73 6432.15 7970.56 9951.03 12550.6 16033.3 20683 26950.2 35720.4 47896.2 64927 89245.9 124410 175121 248853 358159 517567 748751 1.07697e+06 1.53978e+06 2.20366e+06 3.16484e+06 
220.706 50.0165 90.1446 162.589 290.913 -132412 619.848 725.539 850.678 999.914 1177.68 1389.99 1646.98 1958.11 2335.71 2798.61 3374.36 4088.83 4980.62 6125.41 7591.61 9479.5 11958.2 15280 19716 25697.3 34070.3 45698.9 61970.2 85213.3 118833 167334 237876 342476 495059 716391 1.03066e+06 1.47377e+06 2.1094e+06 3.02968e+06 
136.358 30.9018 55.695 100.456 181.359 327.611 -154111 693.414 813.037 955.704 1125.65 1328.65 1574.38 1871.92 2233.07 2675.84 3226.66 3910.3 4763.77 5859.61 7263.44 9071.5 11446.1 14629.4 18882 24618 32651.1 43812.2 59436.1 81764.1 114073 160702 228545 329172 476001 689038 991559 1.41809e+06 2.02995e+06 2.91582e+06 
85.5772 19.394 34.9548 63.0482 113.827 205.624 371.82 -179755 781.202 928.015 1093.09 1290.29 1529.02 1818.12 2169.06 2599.39 3134.82 3799.49 4629.44 5695.36 7061.24 8820.91 11132.7 14233.1 18376.4 23967.4 31801.2 42690.6 57941.3 79746.8 111315 156893 223236 321669 465344 673863 970003 1.38752e+06 1.98645e+06 2.85361e+06 
55.2176 12.5139 22.5548 40.6831 73.4505 132.689 239.943 429.953 -210143 926.216 1091.03 1287.93 1526.34 1815.08 2165.64 2595.58 3130.64 3794.98 4624.71 5690.69 7057.05 8817.93 11132.2 14237.3 18388.8 23993.4 31850.8 42778.7 58092.2 79999.8 111732 157572 224328 323411 468088 678127 976471 1.39706e+06 2.00042e+06 2.87401e+06 
36.9732 8.37935 15.1031 27.2426 49.186 88.8581 160.688 290.988 527.686 -246161 1128.43 1332.18 1578.91 1877.79 2240.72 2685.92 3240.11 3928.37 4788.22 5893.3 7310.32 9137.2 11539.3 14764 19077.7 24904.8 33079.4 44456.3 60409.4 83248 116350 164198 233921 337452 488694 708348 1.0204e+06 1.46029e+06 2.09135e+06 3.00505e+06 
25.7122 5.82735 10.5035 18.9466 34.2087 61.8027 111.767 202.406 367.069 666.381 -289123 1431.24 1696.49 2017.86 2408.17 2887.06 3483.38 4224.17 5149.93 6340.22 7867.15 9836.61 12427.6 15907.9 20566.5 26863.4 35704.2 48017.2 65296.6 90053.3 125962 177903 253643 366165 530625 769583 1.10913e+06 1.58773e+06 2.27434e+06 3.26849e+06 
18.4886 4.1903 7.55302 13.6248 24.6008 44.4464 80.3826 145.578 264.026 479.35 872.08 -340620 1871.52 2243.13 2677.4 3210.38 3874.25 4699.23 5730.57 7057.23 8759.9 10957.2 13849.5 17737.4 22945.1 29989.5 39888.4 53686.9 73067.6 100860 141205 199612 284845 411541 596828 866180 1.249e+06 1.78855e+06 2.56262e+06 3.68342e+06 
13.6586 3.0957 5.58019 10.0664 18.1765 32.8412 59.3975 107.58 195.124 354.287 644.618 1167.08 -402309 2555.85 3051.19 3659.32 4417.1 5359.15 6537.34 8053.77 10001.1 12515.7 15828.1 20284.4 26258.5 34346.9 45724.8 61601.6 83925.1 115973 162543 230027 328600 475229 689820 1.00196e+06 1.44572e+06 2.07109e+06 2.9683e+06 4.26742e+06 
10.2705 2.32786 4.19625 7.57013 13.6697 24.6998 44.6756 80.9214 146.785 266.544 485.027 884.883 1616.81 -476796 3537.04 4243 5123.08 6217.67 7587.3 9351.3 11618.1 14547.2 18409 23609.3 30587.8 40045.8 53367.1 71977.8 98178.2 135839 190633 270124 386365 559415 812886 1.18184e+06 1.70655e+06 2.44588e+06 3.50664e+06 5.04258e+06 
7.80704 1.76957 3.18999 5.75509 10.3928 18.7798 33.9704 61.536 111.632 202.733 368.959 673.226 1230.3 2254.53 -567400 4920.64 6010.15 7296.89 8907.84 10984.2 13654.4 17107.6 21664.6 27808 36061 47259.8 63055.2 85153 116307 161153 226490 321402 460370 667444 971043 1.41332e+06 2.04254e+06 2.929e+06 4.2009e+06 6.04258e+06 
5.98018 1.35554 2.44374 4.409 7.96244 14.3892 26.0305 47.1578 85.5578 155.401 282.86 516.211 943.55 1729.47 3146.63 -678230 7099.75 8623.34 10532 12994.3 16163.6 20266.1 25685.9 33001.7 42842.5 56214.6 75106.4 101579 138962 192868 271531 385978 553799 804141 1.17159e+06 1.70738e+06 2.46999e+06 3.54418e+06 5.08549e+06 7.31731e+06 
4.61266 1.04561 1.88511 3.40134 6.1431 11.1024 20.0865 36.3936 66.037 119.964 218.396 398.647 728.838 1336.29 2459.45 4543.31 -813883 10226.9 12497.6 15429.8 19208 24104.1 30581 39337.3 51134.3 67191.4 89922.2 121837 166997 232255 327671 466757 671081 976283 1.42486e+06 2.07973e+06 3.01231e+06 4.32566e+06 6.21019e+06 8.939e+06 
3.57277 0.809925 1.46029 2.63503 4.75945 8.60259 15.5656 28.206 51.1881 93.0056 169.352 309.195 565.451 1037.06 1909.39 3528.66 6539.59 -982399 14901.7 18412.2 22940.7 28816.8 36601.8 47145.3 61375.5 80781.8 108317 147065 202023 281633 398301 568740 819654 1.19503e+06 1.74762e+06 2.55541e+06 3.7065e+06 5.32718e+06 7.65281e+06 1.10203e+07 
2.77708 0.629585 1.13522 2.04862 3.7006 6.68948 12.1056 21.9393 39.8219 72.3683 131.804 240.703 440.33 807.867 1488.02 2751.22 5101.63 9512.91 -1.19406e+06 21960.1 27548.3 34643.3 44059.2 56837 74117.8 97735.9 131336 178740 246154 344081 487972 698711 1.00971e+06 1.47581e+06 2.16319e+06 3.16956e+06 4.6047e+06 6.62474e+06 9.52357e+06 1.3721e+07 
2.17377 0.492845 0.888738 1.60397 2.89771 5.23881 9.48182 17.1872 31.2026 56.7181 103.329 188.759 345.434 634.036 1168.4 2161.5 4010.82 7484.64 13983.7 -1.45856e+06 33113.7 41698.6 53115.6 68647.2 89704.6 118562 159750 218046 301228 422484 601247 863895 1.25269e+06 1.83671e+06 2.69993e+06 3.96617e+06 5.77362e+06 8.31682e+06 1.19666e+07 1.72511e+07 
1.70858 0.387407 0.698672 1.26108 2.27854 4.12002 7.45821 13.5218 24.5538 44.6445 81.3583 148.676 272.197 499.856 921.651 1706.12 3168.27 5917.56 11131.5 21012.4 -1.7951e+06 50385.8 64297.8 83277.6 109085 144562 195392 267609 371060 522491 746626 1.07719e+06 1.56833e+06 2.30805e+06 3.40437e+06 5.01618e+06 7.31955e+06 1.05593e+07 1.52088e+07 2.19403e+07 
1.34641 0.305315 0.550683 0.994089 1.79639 3.24874 5.88214 10.6667 19.3743 35.2378 64.2383 117.437 215.106 395.234 729.2 1350.84 2510.7 4694.03 8839.77 16709.1 31818 -2.22911e+06 77354.4 101586 133431 177365 240589 330808 460634 651591 935548 1.3562e+06 1.98389e+06 2.93228e+06 4.34224e+06 6.42067e+06 9.39491e+06 1.35764e+07 1.95776e+07 2.82652e+07 
1.06454 0.241422 0.435497 0.786268 1.42107 2.57048 4.65513 8.44376 15.3412 27.9122 50.9043 93.1022 170.627 313.707 579.199 1073.86 1997.91 3739.57 7051.43 13349.8 25467.1 48518.1 -2.79343e+06 124209 163667 218335 297417 410854 574981 817802 1.18092e+06 1.72177e+06 2.53304e+06 3.76358e+06 5.59994e+06 8.31563e+06 1.22083e+07 1.76782e+07 2.55289e+07 3.68916e+07 
0.844288 0.191496 0.345486 0.623862 1.12775 2.04038 3.69607 6.70614 12.1883 22.1849 40.478 74.0719 135.837 249.929 461.832 857.093 1596.49 2992.24 5650.81 10718 20490.4 39581.6 77159.7 -3.52344e+06 200175 268188 367207 510158 718392 1.02873e+06 1.49618e+06 2.19722e+06 3.25585e+06 4.8697e+06 7.28963e+06 1.08829e+07 1.60447e+07 2.32937e+07 3.36979e+07 4.87515e+07 
0.666806 0.151261 0.27294 0.492951 0.891287 1.61295 2.92265 5.30457 9.6446 17.5629 32.0613 58.7042 107.731 198.379 366.917 681.683 1271.42 2386.53 4514.58 8580.66 16443.7 31851.5 62289.5 122638 -4.49168e+06 329498 453815 634631 900111 1.2992e+06 1.90554e+06 2.8224e+06 4.21815e+06 6.35903e+06 9.58774e+06 1.44054e+07 2.13443e+07 3.10833e+07 4.50607e+07 6.52751e+07 
0.521267 0.118263 0.213436 0.385559 0.697274 1.26219 2.2878 4.15381 7.55543 13.7653 25.1431 46.0664 84.6047 155.934 288.708 537.022 1003.06 1885.91 3574.25 6809.06 13083.6 25420.1 49890 98648.5 197829 -5.79691e+06 557605 788649 1.12781e+06 1.64283e+06 2.43328e+06 3.64026e+06 5.4954e+06 8.36208e+06 1.2715e+07 1.9248e+07 2.86877e+07 4.19288e+07 6.09316e+07 8.83974e+07 
0.402361 0.0913015 0.16481 0.297786 0.538678 0.975408 1.76862 3.21248 5.846 10.657 19.4782 35.7135 65.6495 121.123 224.522 418.207 782.442 1473.93 2799.53 5347.53 10307.4 20098.2 39612 78728.8 158813 325011 -7.50158e+06 956655 1.38227e+06 2.03712e+06 3.05595e+06 4.63218e+06 7.08669e+06 1.09192e+07 1.67929e+07 2.56783e+07 3.8574e+07 5.66527e+07 8.25952e+07 1.20052e+08 
0.300901 0.068291 0.1233 0.222839 0.403213 0.73036 1.32481 2.40741 4.38317 7.99521 14.6234 26.8334 49.3732 91.1957 169.262 315.746 591.813 1117.15 2126.89 4074.58 7880.74 15426.8 30547.1 61058.8 123979 256611 534043 -9.78982e+06 1.65089e+06 2.46655e+06 3.75695e+06 5.78601e+06 8.99787e+06 1.40814e+07 2.19651e+07 3.40119e+07 5.15965e+07 7.62408e+07 1.116e+08 1.62577e+08 
0.213897 0.0485542 0.0876847 0.158513 0.286903 0.519865 0.943376 1.71507 3.12431 5.70267 10.438 19.1694 35.3076 65.2931 121.35 226.729 425.785 805.524 1537.47 2954.65 5735.7 11275.4 22439.5 45131.7 92299.8 192621 405034 866551 -1.29016e+07 2.84672e+06 4.46141e+06 7.00144e+06 1.11035e+07 1.77092e+07 2.81065e+07 4.41969e+07 6.78584e+07 1.01024e+08 1.48605e+08 2.17063e+08 
0.141726 0.0321778 0.0581243 0.105103 0.190293 0.344936 0.62621 1.13902 2.0761 3.79202 6.94624 12.7681 23.5427 43.5914 81.133 151.843 285.74 541.857 1037.01 1999.61 3897.12 7696.2 15400.3 31185 64284.4 135389 288030 624726 1.37363e+06 -1.71818e+07 4.96258e+06 7.97082e+06 1.29558e+07 2.11745e+07 3.43695e+07 5.51406e+07 8.59987e+07 1.29297e+08 1.91415e+08 2.80531e+08 
0.0854966 0.0194153 0.0350794 0.0634501 0.114914 0.208379 0.378466 0.688738 1.2561 2.29588 4.20896 7.74361 14.294 26.5007 49.3961 92.6062 174.634 331.969 637.093 1232.74 2412.42 4786.88 9633.62 19647.8 40844.3 86870.1 187177 412212 932569 2.14977e+06 -2.29998e+07 8.22445e+06 1.37957e+07 2.33002e+07 3.90025e+07 6.43463e+07 1.0259e+08 1.56423e+08 2.33687e+08 3.44047e+08 
0.0458321 0.01041 0.0188133 0.0340381 0.0616653 0.111863 0.203258 0.370074 0.675316 1.23519 2.26623 4.17313 7.71165 14.3155 26.7225 50.1842 94.8344 180.71 347.768 675.249 1326.87 2645.43 5354.6 10999.9 23063 49544.4 108162 242018 557930 1.31635e+06 3.13538e+06 -3.13355e+07 1.33085e+07 2.34012e+07 4.07188e+07 6.96324e+07 1.14262e+08 1.77507e+08 2.68422e+08 3.97563e+08 
0.0215465 0.00489492 0.00884833 0.0160132 0.0290193 0.0526612 0.0957279 0.174378 0.318386 0.582742 1.07 1.97208 3.64819 6.78084 12.6758 23.845 45.1534 86.2464 166.429 324.257 639.753 1281.53 2608.75 5397.82 11414.6 24768.6 54799.2 124638 293016 708558 1.74168e+06 4.40726e+06 -4.38899e+07 2.12856e+07 3.89057e+07 6.95861e+07 1.18451e+08 1.88511e+08 2.89585e+08 4.32234e+08 
0.0088456 0.0020099 0.003634 0.00657825 0.0119245 0.0216467 0.039365 0.0717394 0.131053 0.240016 0.441019 0.813486 1.50638 2.80311 5.24692 9.88549 18.7548 35.9013 69.4518 135.739 268.808 540.8 1106.66 2305.03 4913.04 10760.6 24106.9 55689.9 133430 330631 839855 2.21259e+06 6.07724e+06 -6.19322e+07 3.1703e+07 6.05685e+07 1.09282e+08 1.81091e+08 2.85848e+08 4.32615e+08 
0.00312115 0.000709307 0.00128272 0.00232251 0.00421116 0.00764696 0.0139112 0.0253626 0.0463542 0.0849444 0.156185 0.288308 0.534364 0.99542 1.86551 3.51974 6.68929 12.8307 24.8782 48.7628 96.8955 195.712 402.408 843.238 1810.28 3998.62 9060.41 21229.2 51752.5 131152 343565 940864 2.71459e+06 7.74767e+06 -8.84678e+07 4.60453e+07 8.99118e+07 1.58195e+08 2.60575e+08 4.03838e+08 
0.00093284 0.000212028 0.000383505 0.000694521 0.00125959 0.00228792 0.00416351 0.00759361 0.0138845 0.0254567 0.0468344 0.0865117 0.160476 0.299223 0.561383 1.06054 2.0187 3.879 7.5367 14.8103 29.5188 59.8331 123.548 260.285 562.359 1251.52 2864.49 6796.57 16825.7 43504.2 117192 332661 1.00386e+06 3.06038e+06 9.52015e+06 -1.27701e+08 6.46265e+07 1.24847e+08 2.19168e+08 3.53282e+08 
0.000230301 5.23519e-05 9.4705e-05 0.000171537 0.000311159 0.000565312 0.00102901 0.0018773 0.0034337 0.00629813 0.0115925 0.0214246 0.0397675 0.0742057 0.139339 0.263496 0.502168 0.966293 1.88048 3.70276 7.39764 15.0362 31.1516 65.9049 143.105 320.355 739.026 1770.78 4436.81 11652.9 32089.5 93751.1 293475 948336 3.1927e+06 1.10993e+07 -1.82097e+08 8.31955e+07 1.62449e+08 2.82106e+08 
4.57882e-05 1.04093e-05 1.88322e-05 3.41139e-05 6.1888e-05 0.000112453 0.000204726 0.000373567 0.000683423 0.00125386 0.00230856 0.00426798 0.00792523 0.0147953 0.0277966 0.0525974 0.100316 0.193202 0.376361 0.742001 1.48461 3.02272 6.27529 13.3105 28.9913 65.1355 150.992 364 918.886 2437.27 6806.6 20261 64974 218615 781458 2.98285e+06 1.15736e+07 -2.48846e+08 9.78565e+07 1.99294e+08 
7.15284e-06 1.62619e-06 2.94225e-06 5.33018e-06 9.67058e-06 1.75737e-05 3.19975e-05 5.83939e-05 0.000106845 0.000196064 0.00036106 0.000667675 0.00124017 0.00231601 0.00435286 0.00824028 0.0157248 0.0303036 0.059074 0.116568 0.233471 0.475922 0.989437 2.10242 4.5888 10.335 24.0353 58.1752 147.581 393.958 1110.25 3345.21 10897.8 37677.1 140542 571730 2.46744e+06 1.06844e+07 -3.29178e+08 1.19787e+08 
8.47644e-07 1.92719e-07 3.487e-07 6.3174e-07 1.14624e-06 2.08314e-06 3.79322e-06 6.92314e-06 1.26689e-05 2.32509e-05 4.28241e-05 7.92043e-05 0.000147148 0.000274865 0.00051674 0.000978537 0.00186804 0.00360151 0.00702424 0.0138689 0.027797 0.056708 0.118005 0.251028 0.548614 1.23744 2.88325 6.9944 17.791 47.651 134.904 408.91 1342.45 4706.1 17976.1 76059.5 353639 1.79586e+06 9.88611e+06 -4.18364e+08 
dt_FE: 3.0161e-08
dt_EA: 3.0161e-08
dt_PE: 3.0161e-08
tolC: 1e-06
dt_grow: 1.03
dt_max: 0.1
steps: 0
