t: 5.96292e-06
dt: 4.72858e-07
N: 0.938331 0.93936 0.939515 0.939182 0.938573 0.937777 0.936817 0.935681 0.934341 0.932756 0.930877 0.928641 0.92597 0.922763 0.918892 0.914192 0.908445 0.901361 0.892557 0.88151 0.867508 0.849578 0.826382 0.796112 0.756383 0.704252 0.636574 0.551085 0.448583 0.335671 0.2255 0.133315 0.0684646 0.0303134 0.0114882 0.00368348 0.000981048 0.000211645 3.58357e-05 4.5865e-06 
eC: 1 1.15749 1.33977 1.55077 1.795 2.07768 2.40489 2.78363 3.22201 3.72944 4.31677 4.99661 5.78351 6.69433 7.7486 8.9689 10.3814 12.0163 13.9087 16.0991 18.6345 21.5692 24.9661 28.8979 33.4489 38.7167 44.814 51.8717 60.0407 69.4963 80.4411 93.1095 107.773 124.746 144.391 167.131 193.452 223.918 259.182 300 
dV: 1.08333 0.211322 0.327712 0.508206 0.788112 1.22218 1.89532 2.93921 4.55805 7.06849 10.9616 16.999 26.3615 40.8807 63.3966 98.3136 152.462 236.434 366.655 568.597 881.764 1367.42 2120.55 3288.49 5099.69 7908.45 12264.2 19019 29494.1 45738.6 70930.1 109996 170579 264529 410225 636165 986546 1.52991e+06 2.37254e+06 3.67926e+06 
kVec: 1.0301e+06 1.19339e+06 1.37488e+06 1.5837e+06 1.82367e+06 2.0984e+06 2.41262e+06 2.77155e+06 3.18051e+06 3.64375e+06 4.16862e+06 4.76183e+06 5.42517e+06 6.16588e+06 6.99003e+06 7.89976e+06 8.88625e+06 9.95714e+06 1.11116e+07 1.23082e+07 1.35478e+07 1.48183e+07 1.60891e+07 1.72809e+07 1.84372e+07 1.96007e+07 2.06412e+07 2.18077e+07 2.33971e+07 2.58634e+07 2.96964e+07 3.61556e+07 4.71157e+07 6.38683e+07 8.9496e+07 1.28173e+08 1.82276e+08 2.48899e+08 3.2919e+08 4.18366e+08 
cMat: 
-60898.1 59.2104 69.5756 81.0434 94.476 110.292 128.924 150.894 176.903 207.913 244.843 288.94 342.298 406.877 485.225 581.229 700.576 848.6 1033.26 1270.12 1573.25 1963.25 2474.8 3159.6 4073.1 5303.35 7023.19 9408.53 12741.7 17496.3 24364.7 34260.9 48636.9 69935 100974 145964 209822 299874 429045 616056 
296.115 -71091.5 78.8514 91.8487 107.073 124.999 146.117 171.02 200.5 235.65 277.512 327.501 387.989 461.203 550.03 658.882 794.211 962.069 1171.49 1440.14 1783.99 2226.43 2806.85 3583.97 4620.78 6017.32 7970.02 10678.8 14464.7 19866.3 27670.7 38917.5 55258.2 79470.2 114761 165918 238534 340934 487819 700476 
221.755 50.2531 -82608.3 105.498 122.986 143.577 167.837 196.444 230.31 270.692 318.787 376.22 445.721 529.848 631.921 757.015 912.551 1105.49 1346.23 1655.09 2050.47 2559.28 3226.87 4120.87 5313.85 6921.09 9168.91 12287.9 16648 22870.3 31862.6 44824 63659.9 91573.2 132265 191260 275007 393100 562496 807747 
165.712 37.5532 67.6806 -96106.1 142.306 166.134 194.208 227.313 266.507 313.243 368.907 435.382 515.831 613.216 731.383 876.214 1056.31 1279.74 1558.54 1916.3 2374.34 2963.88 3737.55 4773.82 6156.96 8020.8 10628.2 14247.1 19307.3 26530.9 36972.8 52027.2 73910 106344 153635 222209 319558 456829 653736 938819 
124.279 28.1641 50.7595 91.5512 -111951 191.236 225.565 264.02 309.55 363.843 428.512 505.745 599.219 712.379 849.701 1018.02 1227.35 1487.08 1811.22 2227.23 2759.93 3445.7 4345.83 5551.79 7161.79 9331.93 12368.7 16584.8 22482 30902.8 43078.8 60638.4 86169.3 124018 179216 259267 372919 533174 763053 1.09587e+06 
93.4283 21.1728 38.1597 68.8268 123.148 -130545 262.392 307.133 360.106 423.28 498.531 588.407 697.193 828.902 988.746 1184.7 1428.42 1730.87 2108.38 2592.99 3213.65 4012.83 5062.1 6468.27 8346.12 10878.1 14422.5 19345.1 26233 36072.2 50304.1 70835.4 100697 144976 209567 303260 436294 623870 892943 1.28251e+06 
70.3418 15.9411 28.731 51.8214 93.5563 169.003 -152428 357.707 419.416 493.013 580.684 685.403 812.166 965.657 1151.96 1380.37 1664.52 2017.18 2457.45 3022.76 3746.94 4679.66 5904.6 7546.77 9740.53 12699.5 16843.5 22601.1 30660.9 42179.1 58846.3 82900.1 117898 169808 245551 355449 511509 731540 1.04717e+06 1.50416e+06 
53.0223 12.0162 21.6574 39.0637 70.5252 127.402 230.374 -178259 484.02 574.984 677.263 799.441 947.355 1126.48 1343.91 1610.54 1942.29 2354.1 2868.33 3528.76 4375.03 5465.3 6897.65 8818.59 11385.8 14849.8 19703.6 26450.4 35899.6 49409.9 68968.7 97208.3 138314 199301 288320 417515 600999 859683 1.23077e+06 1.76805e+06 
40.026 9.07108 16.3495 29.4903 53.2427 96.1838 173.929 311.664 -208828 671.395 790.867 933.594 1106.41 1315.72 1569.83 1881.48 2269.34 2750.9 3352.36 4125.06 5115.51 6391.93 8069.48 10320.3 13329.6 17392.3 23087.9 31009.4 42109.8 57990.2 80992.3 114220 162611 234434 339307 491560 707823 1.0127e+06 1.45007e+06 2.08331e+06 
30.2831 6.86315 12.3702 22.3133 40.2861 72.7797 131.613 238.336 432.204 -245020 924.25 1091.13 1293.22 1538.02 1835.27 2199.92 2653.83 3217.56 3921.82 4826.94 5987.56 7483.88 9451.34 12092.5 15625.7 20398.4 27093.9 36412.2 49478.7 68184.8 95297.3 134487 191595 276392 400268 580176 835766 1.19606e+06 1.71293e+06 2.4613e+06 
22.9499 5.20131 9.37513 16.9111 30.5336 55.1631 99.7594 180.661 327.634 594.79 -288148 1277.48 1514.23 1801.08 2149.45 2576.9 3109.15 3770.36 4596.67 5659.08 7021.96 8779.84 11092.4 14198.9 18357 23977.4 31868.4 42858.7 58281.6 80378.6 112430 158791 226394 326827 473619 686905 989973 1.41716e+06 2.03001e+06 2.91735e+06 
17.4224 3.94866 7.11747 12.8391 23.1821 41.8834 75.7472 137.183 248.8 451.707 821.79 -339799 1763.59 2113.78 2523 3025.24 3650.83 4428.24 5400.1 6650.26 8254.75 10325.3 13050.9 16714.5 21622 28260.2 37588.2 50590.9 68854.1 95043.7 133063 188101 268418 387808 562411 816230 1.17698e+06 1.68541e+06 2.41485e+06 3.47101e+06 
13.271 3.00786 5.42184 9.78072 17.6607 31.9093 57.712 104.527 189.587 344.234 626.326 1133.96 -401627 2483.32 2964.61 3555.48 4291.76 5207.08 6351.83 7825.23 9717.32 12160.5 15379 19708.8 25513.3 33372.2 44427.3 59853.5 81543.6 112682 157930 223499 319276 461743 670246 973529 1.4047e+06 2.01232e+06 2.88407e+06 4.14632e+06 
10.137 2.2976 4.14171 7.47174 13.4921 24.3788 44.0949 79.8697 144.877 263.08 478.723 873.382 1595.8 -476234 3491.07 4187.85 5056.5 6136.86 7488.69 9229.77 11467.1 14358.2 18169.7 23302.5 30190.2 39525.4 52673.5 71042.4 96902.2 134074 188155 266613 381344 552144 802321 1.16648e+06 1.68437e+06 2.41409e+06 3.46107e+06 4.97705e+06 
7.76274 1.75952 3.17189 5.72243 10.3338 18.6733 33.7776 61.1868 110.998 201.583 366.865 669.406 1223.32 2241.74 -566944 4892.72 5976.05 7255.48 8857.28 10921.9 13576.9 17010.5 21541.7 27650.1 35856.3 46991.6 62697.4 84669.8 115647 160239 225205 319578 457757 663656 965532 1.4053e+06 2.03095e+06 2.91238e+06 4.17706e+06 6.00829e+06 
5.96546 1.3522 2.43773 4.39815 7.94284 14.3538 25.9665 47.0417 85.3472 155.019 282.164 514.941 941.228 1725.21 3138.88 -677861 7082.28 8602.12 10506.1 12962.4 16123.8 20216.2 25622.6 32920.5 42737.1 56076.3 74921.5 101329 138620 192394 270863 385028 552436 802161 1.1687e+06 1.70318e+06 2.46391e+06 3.53546e+06 5.07298e+06 7.2993e+06 
4.6075 1.04444 1.883 3.39753 6.13621 11.09 20.064 36.3528 65.9631 119.829 218.152 398.2 728.022 1334.79 2456.7 4538.23 -813585 10215.5 12483.6 15412.5 19186.5 24077.1 30546.7 39293.2 51077 67116.2 89821.5 121700 166810 231995 327304 466234 670329 975189 1.42327e+06 2.0774e+06 3.00894e+06 4.32081e+06 6.20324e+06 8.92899e+06 
3.5708 0.809479 1.45949 2.63357 4.75683 8.59785 15.5571 28.1905 51.1599 92.9543 169.259 309.025 565.14 1036.49 1908.34 3526.72 6535.99 -982159 14893.5 18402 22928.1 28801 36581.7 47119.4 61341.7 80737.3 108258 146984 201912 281478 398082 568427 819202 1.19437e+06 1.74666e+06 2.554e+06 3.70446e+06 5.32424e+06 7.64859e+06 1.10142e+07 
2.77626 0.6294 1.13489 2.04801 3.69951 6.68751 12.102 21.9328 39.8102 72.347 131.765 240.632 440.2 807.629 1487.58 2750.41 5100.12 9510.11 -1.19387e+06 21953.7 27540.2 34633.1 44046.2 56820.3 74095.9 97707.1 131297 178687 246082 343980 487828 698505 1.00941e+06 1.47537e+06 2.16256e+06 3.16862e+06 4.60335e+06 6.62279e+06 9.52077e+06 1.37169e+07 
2.1734 0.492762 0.888588 1.6037 2.89722 5.23792 9.48022 17.1843 31.1973 56.7085 103.311 188.727 345.375 633.928 1168.21 2161.14 4010.14 7483.38 13981.4 -1.4584e+06 33108.1 41691.6 53106.6 68635.6 89689.4 118542 159723 218010 301178 422413 601145 863749 1.25248e+06 1.8364e+06 2.69948e+06 3.9655e+06 5.77264e+06 8.31541e+06 1.19646e+07 1.72482e+07 
1.70841 0.387368 0.698602 1.26096 2.27831 4.11961 7.45746 13.5204 24.5513 44.64 81.3502 148.661 272.17 499.807 921.559 1705.95 3167.96 5916.97 11130.4 21010.3 -1.79497e+06 50380.8 64291.4 83269.3 109074 144547 195372 267583 371023 522438 746551 1.07708e+06 1.56817e+06 2.30782e+06 3.40403e+06 5.01568e+06 7.31882e+06 1.05582e+07 1.52073e+07 2.19381e+07 
1.34633 0.305297 0.55065 0.99403 1.79628 3.24855 5.88179 10.6661 19.3731 35.2357 64.2345 117.43 215.094 395.211 729.157 1350.76 2510.55 4693.75 8839.25 16708.2 31816.1 -2.229e+06 77349.8 101580 133423 177355 240575 330788 460606 651553 935492 1.35612e+06 1.98377e+06 2.9321e+06 4.34199e+06 6.42029e+06 9.39435e+06 1.35756e+07 1.95765e+07 2.82635e+07 
1.0645 0.241414 0.435482 0.786242 1.42102 2.57039 4.65497 8.44347 15.3406 27.9113 50.9025 93.099 170.621 313.696 579.179 1073.82 1997.84 3739.44 7051.19 13349.3 25466.2 48516.5 -2.79335e+06 124204 163661 218328 297407 410840 574962 817774 1.18088e+06 1.72171e+06 2.53295e+06 3.76345e+06 5.59975e+06 8.31535e+06 1.22079e+07 1.76776e+07 2.55281e+07 3.68903e+07 
0.844273 0.191493 0.34548 0.62385 1.12773 2.04034 3.696 6.70601 12.1881 22.1845 40.4773 74.0705 135.835 249.924 461.824 857.077 1596.46 2992.18 5650.71 10717.8 20490 39580.9 77158.3 -3.52337e+06 200171 268183 367201 510149 718379 1.02871e+06 1.49616e+06 2.19718e+06 3.25579e+06 4.86961e+06 7.2895e+06 1.08827e+07 1.60444e+07 2.32933e+07 3.36972e+07 4.87506e+07 
0.6668 0.151259 0.272938 0.492946 0.89128 1.61294 2.92263 5.30453 9.64452 17.5627 32.0611 58.7037 107.73 198.377 366.914 681.677 1271.41 2386.51 4514.54 8580.58 16443.6 31851.2 62289 122637 -4.49162e+06 329496 453811 634626 900103 1.29919e+06 1.90552e+06 2.82237e+06 4.21811e+06 6.35898e+06 9.58766e+06 1.44053e+07 2.13442e+07 3.1083e+07 4.50603e+07 6.52746e+07 
0.521266 0.118263 0.213436 0.385558 0.697272 1.26219 2.28779 4.1538 7.55541 13.7653 25.1431 46.0663 84.6045 155.934 288.707 537.021 1003.06 1885.91 3574.24 6809.05 13083.5 25420 49889.8 98648.3 197828 -5.79687e+06 557604 788647 1.12781e+06 1.64282e+06 2.43328e+06 3.64026e+06 5.49539e+06 8.36206e+06 1.2715e+07 1.9248e+07 2.86877e+07 4.19287e+07 6.09315e+07 8.83972e+07 
0.402361 0.0913016 0.16481 0.297787 0.538678 0.975409 1.76862 3.21248 5.84601 10.657 19.4782 35.7136 65.6495 121.124 224.522 418.207 782.443 1473.93 2799.53 5347.54 10307.5 20098.2 39612.1 78728.9 158813 325011 -7.50155e+06 956656 1.38228e+06 2.03712e+06 3.05596e+06 4.63219e+06 7.0867e+06 1.09192e+07 1.67929e+07 2.56784e+07 3.85741e+07 5.66528e+07 8.25953e+07 1.20053e+08 
0.300902 0.0682913 0.1233 0.222839 0.403215 0.730362 1.32481 2.40741 4.38318 7.99523 14.6234 26.8335 49.3734 91.196 169.262 315.747 591.815 1117.15 2126.89 4074.6 7880.76 15426.9 30547.2 61059 123980 256612 534045 -9.78979e+06 1.65089e+06 2.46656e+06 3.75696e+06 5.78603e+06 8.9979e+06 1.40814e+07 2.19652e+07 3.4012e+07 5.15967e+07 7.62411e+07 1.116e+08 1.62578e+08 
0.213898 0.0485544 0.087685 0.158514 0.286904 0.519867 0.943379 1.71508 3.12433 5.70269 10.438 19.1695 35.3078 65.2933 121.35 226.73 425.786 805.527 1537.48 2954.67 5735.73 11275.5 22439.5 45131.9 92300.2 192622 405036 866554 -1.29016e+07 2.84673e+06 4.46143e+06 7.00147e+06 1.11035e+07 1.77093e+07 2.81066e+07 4.4197e+07 6.78587e+07 1.01025e+08 1.48605e+08 2.17064e+08 
0.141726 0.0321779 0.0581245 0.105104 0.190293 0.344937 0.626212 1.13902 2.07611 3.79203 6.94626 12.7681 23.5427 43.5916 81.1333 151.844 285.741 541.859 1037.02 1999.61 3897.13 7696.23 15400.4 31185.1 64284.6 135390 288031 624728 1.37363e+06 -1.71818e+07 4.9626e+06 7.97085e+06 1.29559e+07 2.11746e+07 3.43696e+07 5.51408e+07 8.5999e+07 1.29298e+08 1.91416e+08 2.80532e+08 
0.0854968 0.0194154 0.0350795 0.0634503 0.114914 0.20838 0.378467 0.68874 1.2561 2.29589 4.20897 7.74363 14.294 26.5008 49.3963 92.6064 174.635 331.97 637.094 1232.74 2412.43 4786.89 9633.64 19647.8 40844.4 86870.3 187177 412213 932571 2.14978e+06 -2.29999e+07 8.22447e+06 1.37957e+07 2.33002e+07 3.90026e+07 6.43465e+07 1.0259e+08 1.56424e+08 2.33687e+08 3.44048e+08 
0.0458322 0.0104101 0.0188133 0.0340381 0.0616654 0.111863 0.203258 0.370075 0.675318 1.23519 2.26623 4.17314 7.71166 14.3156 26.7225 50.1843 94.8345 180.711 347.769 675.25 1326.87 2645.43 5354.6 10999.9 23063 49544.4 108162 242019 557931 1.31635e+06 3.13539e+06 -3.13355e+07 1.33085e+07 2.34013e+07 4.07189e+07 6.96325e+07 1.14262e+08 1.77507e+08 2.68423e+08 3.97563e+08 
0.0215466 0.00489493 0.00884834 0.0160132 0.0290193 0.0526612 0.0957279 0.174378 0.318386 0.582743 1.07 1.97208 3.64819 6.78084 12.6758 23.845 45.1534 86.2464 166.429 324.257 639.753 1281.53 2608.76 5397.82 11414.6 24768.6 54799.2 124638 293017 708558 1.74168e+06 4.40727e+06 -4.389e+07 2.12856e+07 3.89057e+07 6.95862e+07 1.18451e+08 1.88511e+08 2.89585e+08 4.32234e+08 
0.00884561 0.0020099 0.003634 0.00657825 0.0119245 0.0216467 0.039365 0.0717395 0.131053 0.240016 0.441019 0.813487 1.50638 2.80311 5.24692 9.88549 18.7548 35.9013 69.4519 135.739 268.808 540.801 1106.66 2305.03 4913.04 10760.6 24106.9 55689.9 133430 330631 839855 2.21259e+06 6.07724e+06 -6.19322e+07 3.17031e+07 6.05686e+07 1.09282e+08 1.81091e+08 2.85848e+08 4.32615e+08 
0.00312115 0.000709307 0.00128272 0.00232251 0.00421116 0.00764696 0.0139112 0.0253626 0.0463542 0.0849444 0.156185 0.288308 0.534364 0.99542 1.86551 3.51974 6.68929 12.8307 24.8782 48.7628 96.8956 195.712 402.408 843.239 1810.28 3998.62 9060.41 21229.2 51752.5 131152 343565 940865 2.71459e+06 7.74767e+06 -8.84678e+07 4.60453e+07 8.99118e+07 1.58195e+08 2.60575e+08 4.03838e+08 
0.00093284 0.000212028 0.000383505 0.000694521 0.00125959 0.00228792 0.00416351 0.00759361 0.0138845 0.0254567 0.0468344 0.0865117 0.160476 0.299223 0.561383 1.06054 2.0187 3.879 7.5367 14.8103 29.5188 59.8331 123.548 260.285 562.36 1251.52 2864.49 6796.57 16825.7 43504.2 117192 332661 1.00386e+06 3.06038e+06 9.52015e+06 -1.27701e+08 6.46265e+07 1.24847e+08 2.19168e+08 3.53282e+08 
0.000230301 5.23519e-05 9.4705e-05 0.000171537 0.000311159 0.000565312 0.00102901 0.0018773 0.0034337 0.00629813 0.0115925 0.0214246 0.0397675 0.0742057 0.139339 0.263496 0.502168 0.966293 1.88048 3.70276 7.39764 15.0362 31.1516 65.905 143.105 320.355 739.026 1770.78 4436.81 11652.9 32089.5 93751.1 293475 948336 3.1927e+06 1.10993e+07 -1.82097e+08 8.31955e+07 1.62449e+08 2.82106e+08 
4.57882e-05 1.04093e-05 1.88322e-05 3.41139e-05 6.1888e-05 0.000112453 0.000204726 0.000373567 0.000683423 0.00125386 0.00230856 0.00426798 0.00792523 0.0147953 0.0277966 0.0525974 0.100316 0.193202 0.376361 0.742001 1.48461 3.02272 6.27529 13.3105 28.9913 65.1355 150.992 364 918.886 2437.27 6806.6 20261 64974 218615 781458 2.98285e+06 1.15736e+07 -2.48846e+08 9.78565e+07 1.99294e+08 
7.15284e-06 1.62619e-06 2.94225e-06 5.33018e-06 9.67058e-06 1.75737e-05 3.19975e-05 5.83939e-05 0.000106845 0.000196064 0.00036106 0.000667675 0.00124017 0.00231601 0.00435286 0.00824028 0.0157248 0.0303036 0.059074 0.116568 0.233471 0.475922 0.989437 2.10242 4.5888 10.335 24.0353 58.1752 147.581 393.958 1110.25 3345.21 10897.8 37677.1 140542 571730 2.46744e+06 1.06844e+07 -3.29178e+08 1.19787e+08 
8.47644e-07 1.92719e-07 3.487e-07 6.3174e-07 1.14624e-06 2.08314e-06 3.79322e-06 6.92314e-06 1.26689e-05 2.32509e-05 4.28241e-05 7.92043e-05 0.000147148 0.000274865 0.00051674 0.000978537 0.00186804 0.00360151 0.00702424 0.0138689 0.027797 0.056708 0.118005 0.251028 0.548614 1.23744 2.88325 6.9944 17.791 47.651 134.904 408.91 1342.45 4706.1 17976.1 76059.5 353639 1.79586e+06 9.88611e+06 -4.18364e+08 
dt_FE: 4.72858e-07
dt_EA: 4.72858e-07
dt_PE: 4.72858e-07
tolC: 1e-06
dt_grow: 1.03
dt_max: 0.1
steps: 0
