t
0.0000027551439579321832574
dt
0.0000001011031551813774499
DN
-0.0000000011674519375284545
TC
172.0000
N
8.47672442e-01
9.25496464e-01
9.18892144e-01
9.10092665e-01
8.99818027e-01
8.87814413e-01
8.73757146e-01
8.57262595e-01
8.37885651e-01
8.15121219e-01
7.88414452e-01
7.57185423e-01
7.20875294e-01
6.79021229e-01
6.31364433e-01
5.77987328e-01
5.19460241e-01
4.56956991e-01
3.92281550e-01
3.27750967e-01
2.65917500e-01
2.09180226e-01
1.59398932e-01
1.17635838e-01
8.40981302e-02
5.82687432e-02
3.91478505e-02
2.55126172e-02
1.61290256e-02
9.88898012e-03
5.87646632e-03
3.38132868e-03
1.88155772e-03
1.01098040e-03
5.23596997e-04
2.60870736e-04
1.24764615e-04
5.71458569e-05
2.50047893e-05
1.04244693e-05
eC
1.00638940e+00
3.07804198e+00
5.27088624e+00
7.59201189e+00
1.00489234e+01
1.26495642e+01
1.54023425e+01
1.83161584e+01
2.14004324e+01
2.46651365e+01
2.81208258e+01
3.17786729e+01
3.56505041e+01
3.97488374e+01
4.40869232e+01
4.86787870e+01
5.35392748e+01
5.86841012e+01
6.41298999e+01
6.98942779e+01
7.59958720e+01
8.24544093e+01
8.92907710e+01
9.65270599e+01
1.04186672e+02
1.12294371e+02
1.20876370e+02
1.29960417e+02
1.39575880e+02
1.49753848e+02
1.60527227e+02
1.71930848e+02
1.84001582e+02
1.96778453e+02
2.10302771e+02
2.24618262e+02
2.39771209e+02
2.55810604e+02
2.72788303e+02
2.90759198e+02
