t
0.0000015399876313943759961
dt
0.0000000567598204438917740
DN
-0.0000000088426532078753389
TC
156.0000
N
6.85576051e-01
9.06526767e-01
9.16956042e-01
9.09829926e-01
8.99759477e-01
8.87792727e-01
8.73746278e-01
8.57256419e-01
8.37882056e-01
8.15119268e-01
7.88413662e-01
7.57185522e-01
7.20876113e-01
6.79022649e-01
6.31366354e-01
5.77989648e-01
5.19462845e-01
4.56959748e-01
3.92284317e-01
3.27753604e-01
2.65919886e-01
2.09182278e-01
1.59400609e-01
1.17637146e-01
8.40991044e-02
5.82694389e-02
3.91483281e-02
2.55129331e-02
1.61292274e-02
9.88910467e-03
5.87654066e-03
3.38137158e-03
1.88158163e-03
1.01099327e-03
5.23603665e-04
2.60874060e-04
1.24766205e-04
5.71465854e-05
2.50051082e-05
1.04246023e-05
eC
1.00638940e+00
3.07804198e+00
5.27088624e+00
7.59201189e+00
1.00489234e+01
1.26495642e+01
1.54023425e+01
1.83161584e+01
2.14004324e+01
2.46651365e+01
2.81208258e+01
3.17786729e+01
3.56505041e+01
3.97488374e+01
4.40869232e+01
4.86787870e+01
5.35392748e+01
5.86841012e+01
6.41298999e+01
6.98942779e+01
7.59958720e+01
8.24544093e+01
8.92907710e+01
9.65270599e+01
1.04186672e+02
1.12294371e+02
1.20876370e+02
1.29960417e+02
1.39575880e+02
1.49753848e+02
1.60527227e+02
1.71930848e+02
1.84001582e+02
1.96778453e+02
2.10302771e+02
2.24618262e+02
2.39771209e+02
2.55810604e+02
2.72788303e+02
2.90759198e+02
