t: 1.05191e-06
dt: 3.28907e-08
N: 0.608224 0.656859 0.70384 0.748039 0.788334 0.823689 0.853473 0.877386 0.895471 0.908124 0.916122 0.920314 0.921526 0.920516 0.917806 0.913678 0.908196 0.901235 0.892488 0.881468 0.867481 0.84956 0.826371 0.796105 0.756378 0.70425 0.636574 0.551087 0.448587 0.335675 0.225503 0.133317 0.0684659 0.030314 0.0114885 0.00368357 0.000981071 0.00021165 3.58366e-05 4.58661e-06 
eC: 1 1.15749 1.33977 1.55077 1.795 2.07768 2.40489 2.78363 3.22201 3.72944 4.31677 4.99661 5.78351 6.69433 7.7486 8.9689 10.3814 12.0163 13.9087 16.0991 18.6345 21.5692 24.9661 28.8979 33.4489 38.7167 44.814 51.8717 60.0407 69.4963 80.4411 93.1095 107.773 124.746 144.391 167.131 193.452 223.918 259.182 300 
dV: 1.08333 0.211322 0.327712 0.508206 0.788112 1.22218 1.89532 2.93921 4.55805 7.06849 10.9616 16.999 26.3615 40.8807 63.3966 98.3136 152.462 236.434 366.655 568.597 881.764 1367.42 2120.55 3288.49 5099.69 7908.45 12264.2 19019 29494.1 45738.6 70930.1 109996 170579 264529 410225 636165 986546 1.52991e+06 2.37254e+06 3.67926e+06 
kVec: 1.02999e+06 1.1933e+06 1.3748e+06 1.58364e+06 1.82362e+06 2.09837e+06 2.41261e+06 2.77156e+06 3.18055e+06 3.64381e+06 4.1687e+06 4.76193e+06 5.4253e+06 6.16602e+06 6.99018e+06 7.89992e+06 8.88642e+06 9.95732e+06 1.11118e+07 1.23084e+07 1.3548e+07 1.48185e+07 1.60893e+07 1.72811e+07 1.84374e+07 1.96009e+07 2.06414e+07 2.18079e+07 2.33973e+07 2.58635e+07 2.96965e+07 3.61557e+07 4.71157e+07 6.38682e+07 8.94959e+07 1.28173e+08 1.82276e+08 2.48899e+08 3.2919e+08 4.18366e+08 
cMat: 
-62677.8 376.157 442.006 514.859 600.195 700.67 819.041 958.615 1123.84 1320.85 1555.46 1835.61 2174.58 2584.85 3082.58 3692.49 4450.68 5391.06 6564.18 8068.94 9994.69 12472.3 15722.1 20072.6 25876 33691.6 44617.5 59771.3 80946.3 111152 154786 217656 308985 444289 641479 927292 1.33297e+06 1.90506e+06 2.72568e+06 3.91374e+06 
1675.62 -74471.3 446.195 519.743 605.893 707.328 826.833 967.747 1134.57 1333.47 1570.36 1853.23 2195.51 2609.8 3112.45 3728.41 4494.19 5444.05 6629.09 8149.31 10095.1 12598.7 15883.1 20280.6 26147.5 34050.2 45099.9 60428.3 81851.5 112417 156580 220222 312689 449697 649396 938879 1.34979e+06 1.92924e+06 2.76041e+06 3.96378e+06 
1085.81 246.061 -85763.1 516.564 602.192 703.016 821.803 961.873 1127.7 1325.43 1560.92 1842.14 2182.44 2594.36 3094.16 3706.68 4468.25 5412.97 6591.71 8104.05 10040 12531.3 15800.2 20177.6 26018.9 33888.6 44895 60166.7 81515.7 111983 156013 219478 311707 448382 647628 936494 1.34655e+06 1.92479e+06 2.75423e+06 3.95508e+06 
686.529 155.579 280.394 -99052.1 589.559 688.276 804.584 941.736 1104.11 1297.73 1528.34 1803.75 2137.04 2540.49 3030.05 3630.07 4376.18 5301.82 6456.88 7939.06 9836.66 12279.1 15484.3 19777.5 25507.7 33229.4 44031.7 59024.1 79988.4 109915 153175 215544 306202 440574 636497 920588 1.3239e+06 1.8926e+06 2.70836e+06 3.88944e+06 
428.244 97.0481 174.908 315.468 -114697 658.964 777.254 909.764 1066.65 1253.74 1476.57 1742.7 2064.8 2454.73 2927.91 3507.91 4229.22 5124.19 6241.12 7674.62 9510.2 11873.2 14974.9 19130.4 24678.2 32156.1 42620.4 57148.1 77468.7 106485 148442 208949 296923 427344 617543 893384 1.28501e+06 1.83722e+06 2.62934e+06 3.77618e+06 
264.732 59.9939 108.127 195.023 348.945 -133096 743.496 870.271 1020.37 1199.38 1412.6 1667.27 1975.52 2348.72 2801.64 3356.88 4047.48 4904.47 5974.17 7347.32 9105.99 11370.5 14343.6 18328 23649 30823.4 40866.7 54815 74332.1 102212 142538 200714 285327 410793 593814 859297 1.23625e+06 1.76776e+06 2.53018e+06 3.63405e+06 
163.13 36.9691 66.6301 120.179 216.967 391.934 -154778 829.559 972.669 1143.35 1346.67 1589.52 1883.5 2239.46 2671.51 3201.22 3860.19 4678.05 5699.09 7010.08 8689.55 10852.6 13693.4 17501.7 22589.3 29451.5 39061.8 52414.3 71105.8 97817.6 136471 192254 273417 393801 569459 824324 1.18624e+06 1.69652e+06 2.42851e+06 3.48831e+06 
101.079 22.9072 41.2867 74.4691 134.446 242.872 439.174 -180395 922.713 1096.12 1291.1 1524.02 1805.99 2147.46 2561.97 3070.26 3702.69 4487.75 5468.04 6727.05 8340.36 10418.8 13149.3 16811.3 21705.3 28309 37561.9 50423.8 68437.2 94192.7 131479 185313 263674 379939 549640 795930 1.14572e+06 1.63886e+06 2.34628e+06 3.37053e+06 
63.7213 14.4411 26.0284 46.9485 84.7622 153.124 276.895 496.167 -210748 1068.86 1259.06 1486.28 1761.4 2094.62 2499.16 2995.31 3612.78 4379.43 5336.94 6567.08 8143.87 10175.9 12846.6 16429.9 21220.7 27688.5 36755.9 49366.9 67038.7 92320.2 128940 181839 258876 373218 540176 782562 1.12685e+06 1.61222e+06 2.3085e+06 3.31662e+06 
41.376 9.37719 16.9016 30.4868 55.0432 99.4395 179.823 325.64 590.525 -246723 1262.81 1490.82 1766.94 2101.41 2507.55 3005.76 3625.95 4396.18 5358.42 6595.09 8180.85 10225.3 12913.4 16522.1 21349.6 27870.5 37018.6 49750.2 67603.2 93161.4 130206 183751 261777 377637 546889 792700 1.14191e+06 1.63419e+06 2.34039e+06 3.3629e+06 
27.8488 6.31159 11.3764 20.521 37.0514 66.9383 121.054 219.226 397.571 721.755 -289636 1550.17 1837.47 2185.54 2608.28 3126.97 3772.84 4575.19 5577.88 6867.08 8520.88 10654 13460.3 17229.8 22275.5 29095.7 38671.1 52007.3 70722.5 97536.4 136429 192687 274720 396592 574719 833533 1.20129e+06 1.71967e+06 2.46333e+06 3.54009e+06 
19.4555 4.40943 7.94802 14.3373 25.8873 46.7708 84.5863 153.191 277.833 504.418 917.686 -341079 1969.39 2360.44 2817.41 3378.26 4076.85 4944.98 6030.25 7426.29 9218.01 11530.2 14573.8 18665 24145.1 31557.9 41974.4 56494.5 76888.8 106135 148590 210051 299741 433063 628040 911478 1.31432e+06 1.88209e+06 2.69664e+06 3.87605e+06 
14.0676 3.18839 5.74726 10.3678 18.7207 33.8245 61.1759 110.801 200.966 364.895 663.918 1202.02 -402714 2632.37 3142.55 3768.88 4549.35 5519.61 6733.07 8294.91 10300.6 12890.4 16302 20891.7 27044.7 35375.2 47093.9 63446 86437.9 119445 167410 236914 338439 489458 710474 1.03196e+06 1.48901e+06 2.1331e+06 3.05718e+06 4.39519e+06 
10.4319 2.36444 4.2622 7.6891 13.8846 25.088 45.3777 82.1932 149.092 270.733 492.65 898.79 1642.22 -477147 3592.63 4309.68 5203.6 6315.39 7706.55 9498.28 11800.7 14775.9 18698.3 23980.4 31068.5 40675.2 54205.8 73109.1 99721.2 137974 193629 274369 392437 568207 825662 1.20042e+06 1.73337e+06 2.48432e+06 3.56175e+06 5.12183e+06 
7.86673 1.7831 3.21438 5.79908 10.4722 18.9234 34.2301 62.0065 112.485 204.283 371.78 678.373 1239.7 2271.77 -567700 4958.26 6056.1 7352.67 8975.94 11068.2 13758.8 17238.4 21830.2 28020.6 36336.7 47621.2 63537.3 85804 117196 162385 228222 323859 463889 672547 978467 1.42413e+06 2.05815e+06 2.9514e+06 4.23302e+06 6.08878e+06 
6.00122 1.36031 2.45234 4.42452 7.99045 14.4399 26.1221 47.3237 85.8588 155.948 283.855 518.027 946.87 1735.55 3157.7 -678482 7124.73 8653.68 10569.1 13040.1 16220.5 20337.4 25776.2 33117.8 42993.3 56412.4 75370.6 101936 139451 193547 272486 387336 555748 806970 1.17571e+06 1.71339e+06 2.47868e+06 3.55665e+06 5.10339e+06 7.34305e+06 
4.61999 1.04727 1.88811 3.40675 6.15286 11.12 20.1185 36.4514 66.142 120.155 218.743 399.28 729.997 1338.41 2463.36 4550.53 -814093 10243.2 12517.4 15454.3 19238.5 24142.4 30629.6 39399.8 51215.5 67298.2 90065.1 122030 167262 232624 328192 467499 672147 977834 1.42713e+06 2.08303e+06 3.0171e+06 4.33253e+06 6.22006e+06 8.95321e+06 
3.57536 0.810514 1.46136 2.63694 4.76291 8.60884 15.5769 28.2265 51.2253 93.0731 169.475 309.42 565.862 1037.81 1910.78 3531.23 6544.34 -982573 14912.5 18425.5 22957.4 28837.8 36628.4 47179.6 61420.1 80840.5 108396 147172 202170 281838 398591 569153 820249 1.1959e+06 1.74889e+06 2.55726e+06 3.7092e+06 5.33105e+06 7.65837e+06 1.10283e+07 
2.77805 0.629805 1.13562 2.04933 3.7019 6.69181 12.1098 21.947 39.8358 72.3936 131.85 240.787 440.483 808.149 1488.54 2752.18 5103.41 9516.23 -1.19421e+06 21967.8 27558 34655.4 44074.6 56856.9 74143.6 97770 131382 178802 246240 344202 488142 698955 1.01006e+06 1.47632e+06 2.16395e+06 3.17066e+06 4.60631e+06 6.62705e+06 9.5269e+06 1.37258e+07 
2.17416 0.492935 0.8889 1.60426 2.89824 5.23976 9.48355 17.1903 31.2083 56.7284 103.347 188.793 345.497 634.151 1168.62 2161.9 4011.55 7486.01 13986.3 -1.45868e+06 33119.7 41706.2 53125.3 68659.7 89720.9 118584 159779 218086 301283 422561 601356 864052 1.25292e+06 1.83704e+06 2.70043e+06 3.96689e+06 5.77467e+06 8.31833e+06 1.19688e+07 1.72542e+07 
1.70875 0.387446 0.698743 1.26121 2.27877 4.12044 7.45896 13.5231 24.5562 44.649 81.3666 148.691 272.225 499.907 921.744 1706.29 3168.59 5918.16 11132.6 21014.6 -1.7952e+06 50390.9 64304.3 83286 109096 144576 195412 267637 371098 522543 746701 1.0773e+06 1.56849e+06 2.30829e+06 3.40472e+06 5.01669e+06 7.32029e+06 1.05603e+07 1.52103e+07 2.19425e+07 
1.34648 0.305332 0.550715 0.994147 1.79649 3.24893 5.88248 10.6673 19.3754 35.2398 64.242 117.443 215.119 395.257 729.242 1350.92 2510.85 4694.3 8840.28 16710.1 31819.8 -2.22919e+06 77358.8 101592 133439 177375 240603 330827 460660 651629 935602 1.35628e+06 1.984e+06 2.93245e+06 4.34249e+06 6.42105e+06 9.39545e+06 1.35771e+07 1.95788e+07 2.82668e+07 
1.06457 0.24143 0.435512 0.786294 1.42112 2.57057 4.65528 8.44404 15.3417 27.9132 50.906 93.1053 170.632 313.717 579.218 1073.89 1997.97 3739.69 7051.67 13350.2 25468 48519.8 -2.7935e+06 124213 163672 218342 297427 410867 575000 817829 1.18096e+06 1.72183e+06 2.53312e+06 3.7637e+06 5.60013e+06 8.31591e+06 1.22087e+07 1.76788e+07 2.55298e+07 3.68928e+07 
0.844304 0.1915 0.345493 0.623873 1.12777 2.04041 3.69614 6.70626 12.1885 22.1853 40.4788 74.0733 135.84 249.933 461.841 857.109 1596.52 2992.29 5650.91 10718.2 20490.8 39582.4 77161.1 -3.52349e+06 200179 268193 367214 510168 718405 1.02875e+06 1.49621e+06 2.19727e+06 3.25591e+06 4.86979e+06 7.28977e+06 1.08831e+07 1.6045e+07 2.32942e+07 3.36985e+07 4.87524e+07 
0.666812 0.151262 0.272942 0.492955 0.891296 1.61297 2.92268 5.30462 9.64469 17.563 32.0616 58.7047 107.732 198.38 366.92 681.689 1271.43 2386.55 4514.62 8580.74 16443.9 31851.8 62290.1 122639 -4.49173e+06 329502 453819 634637 900119 1.29922e+06 1.90556e+06 2.82242e+06 4.21819e+06 6.35909e+06 9.58783e+06 1.44056e+07 2.13445e+07 3.10836e+07 4.50611e+07 6.52758e+07 
0.521269 0.118264 0.213437 0.385561 0.697276 1.2622 2.28781 4.15382 7.55546 13.7654 25.1432 46.0666 84.605 155.934 288.709 537.024 1003.06 1885.92 3574.26 6809.09 13083.6 25420.2 49890.1 98648.9 197829 -5.79695e+06 557607 788652 1.12781e+06 1.64283e+06 2.43329e+06 3.64028e+06 5.49542e+06 8.3621e+06 1.2715e+07 1.92481e+07 2.86878e+07 4.19289e+07 6.09318e+07 8.83977e+07 
0.402361 0.0913015 0.16481 0.297786 0.538678 0.975408 1.76862 3.21248 5.846 10.657 19.4782 35.7135 65.6495 121.123 224.522 418.207 782.442 1473.93 2799.53 5347.53 10307.4 20098.2 39612 78728.8 158813 325011 -7.50161e+06 956655 1.38227e+06 2.03712e+06 3.05595e+06 4.63218e+06 7.08669e+06 1.09192e+07 1.67929e+07 2.56783e+07 3.8574e+07 5.66527e+07 8.25952e+07 1.20052e+08 
0.300901 0.0682909 0.123299 0.222838 0.403213 0.730358 1.32481 2.4074 4.38316 7.9952 14.6233 26.8333 49.3732 91.1956 169.261 315.746 591.812 1117.15 2126.88 4074.58 7880.72 15426.8 30547 61058.7 123979 256611 534042 -9.78984e+06 1.65088e+06 2.46654e+06 3.75694e+06 5.786e+06 8.99786e+06 1.40814e+07 2.19651e+07 3.40118e+07 5.15964e+07 7.62407e+07 1.116e+08 1.62577e+08 
0.213897 0.0485541 0.0876845 0.158513 0.286903 0.519864 0.943373 1.71507 3.12431 5.70266 10.438 19.1694 35.3075 65.2929 121.35 226.728 425.784 805.522 1537.47 2954.65 5735.69 11275.4 22439.4 45131.6 92299.6 192621 405033 866549 -1.29016e+07 2.84672e+06 4.4614e+06 7.00142e+06 1.11034e+07 1.77092e+07 2.81064e+07 4.41968e+07 6.78583e+07 1.01024e+08 1.48604e+08 2.17063e+08 
0.141725 0.0321777 0.0581241 0.105103 0.190292 0.344935 0.626208 1.13902 2.0761 3.79201 6.94622 12.7681 23.5426 43.5913 81.1328 151.843 285.739 541.856 1037.01 1999.6 3897.11 7696.18 15400.3 31184.9 64284.2 135389 288029 624724 1.37362e+06 -1.71818e+07 4.96257e+06 7.9708e+06 1.29558e+07 2.11744e+07 3.43694e+07 5.51405e+07 8.59985e+07 1.29297e+08 1.91415e+08 2.80531e+08 
0.0854965 0.0194153 0.0350793 0.06345 0.114914 0.208379 0.378465 0.688737 1.2561 2.29588 4.20895 7.7436 14.2939 26.5007 49.396 92.606 174.634 331.968 637.092 1232.74 2412.42 4786.87 9633.6 19647.7 40844.2 86869.9 187177 412211 932567 2.14977e+06 -2.29999e+07 8.22443e+06 1.37957e+07 2.33001e+07 3.90025e+07 6.43462e+07 1.0259e+08 1.56423e+08 2.33686e+08 3.44046e+08 
0.0458321 0.01041 0.0188133 0.034038 0.0616652 0.111862 0.203257 0.370074 0.675316 1.23519 2.26622 4.17312 7.71164 14.3155 26.7224 50.1842 94.8343 180.71 347.768 675.248 1326.87 2645.42 5354.59 10999.8 23063 49544.3 108162 242018 557929 1.31635e+06 3.13538e+06 -3.13355e+07 1.33085e+07 2.34012e+07 4.07187e+07 6.96323e+07 1.14262e+08 1.77507e+08 2.68422e+08 3.97562e+08 
0.0215465 0.00489492 0.00884833 0.0160132 0.0290193 0.0526612 0.0957278 0.174378 0.318386 0.582742 1.07 1.97208 3.64819 6.78083 12.6758 23.845 45.1534 86.2463 166.429 324.256 639.752 1281.53 2608.75 5397.81 11414.6 24768.6 54799.1 124638 293016 708557 1.74168e+06 4.40726e+06 -4.38899e+07 2.12855e+07 3.89056e+07 6.95861e+07 1.18451e+08 1.88511e+08 2.89585e+08 4.32233e+08 
0.0088456 0.0020099 0.003634 0.00657825 0.0119245 0.0216467 0.039365 0.0717394 0.131053 0.240016 0.441019 0.813486 1.50638 2.80311 5.24692 9.88549 18.7548 35.9013 69.4518 135.739 268.808 540.8 1106.66 2305.03 4913.03 10760.6 24106.9 55689.9 133430 330631 839855 2.21259e+06 6.07723e+06 -6.19321e+07 3.1703e+07 6.05685e+07 1.09282e+08 1.81091e+08 2.85848e+08 4.32615e+08 
0.00312115 0.000709307 0.00128272 0.00232251 0.00421116 0.00764696 0.0139112 0.0253626 0.0463541 0.0849444 0.156185 0.288308 0.534364 0.99542 1.86551 3.51974 6.68929 12.8307 24.8782 48.7628 96.8955 195.712 402.408 843.238 1810.28 3998.61 9060.41 21229.2 51752.5 131152 343565 940864 2.71459e+06 7.74767e+06 -8.84678e+07 4.60453e+07 8.99118e+07 1.58195e+08 2.60575e+08 4.03837e+08 
0.00093284 0.000212028 0.000383504 0.000694521 0.00125959 0.00228792 0.00416351 0.00759361 0.0138845 0.0254567 0.0468344 0.0865116 0.160476 0.299223 0.561383 1.06054 2.0187 3.879 7.5367 14.8103 29.5188 59.8331 123.548 260.285 562.359 1251.52 2864.49 6796.57 16825.7 43504.2 117192 332661 1.00386e+06 3.06038e+06 9.52015e+06 -1.277e+08 6.46265e+07 1.24847e+08 2.19168e+08 3.53282e+08 
0.000230301 5.23519e-05 9.4705e-05 0.000171537 0.000311159 0.000565312 0.00102901 0.0018773 0.0034337 0.00629813 0.0115925 0.0214246 0.0397675 0.0742057 0.139339 0.263496 0.502168 0.966293 1.88048 3.70276 7.39764 15.0362 31.1516 65.9049 143.105 320.355 739.026 1770.78 4436.81 11652.9 32089.5 93751.1 293475 948336 3.1927e+06 1.10993e+07 -1.82097e+08 8.31955e+07 1.62449e+08 2.82106e+08 
4.57882e-05 1.04093e-05 1.88322e-05 3.41139e-05 6.1888e-05 0.000112453 0.000204726 0.000373567 0.000683423 0.00125386 0.00230856 0.00426798 0.00792523 0.0147953 0.0277966 0.0525974 0.100316 0.193202 0.376361 0.742001 1.48461 3.02272 6.27529 13.3105 28.9913 65.1355 150.992 364 918.886 2437.27 6806.59 20261 64974 218615 781458 2.98285e+06 1.15736e+07 -2.48846e+08 9.78565e+07 1.99294e+08 
7.15284e-06 1.62619e-06 2.94225e-06 5.33018e-06 9.67058e-06 1.75737e-05 3.19975e-05 5.83939e-05 0.000106845 0.000196064 0.00036106 0.000667675 0.00124017 0.00231601 0.00435286 0.00824028 0.0157248 0.0303036 0.059074 0.116568 0.233471 0.475922 0.989437 2.10242 4.5888 10.335 24.0353 58.1752 147.581 393.958 1110.25 3345.21 10897.8 37677.1 140542 571730 2.46744e+06 1.06844e+07 -3.29178e+08 1.19787e+08 
8.47644e-07 1.92719e-07 3.487e-07 6.3174e-07 1.14624e-06 2.08314e-06 3.79322e-06 6.92314e-06 1.26689e-05 2.32509e-05 4.28241e-05 7.92043e-05 0.000147148 0.000274865 0.00051674 0.000978537 0.00186804 0.00360151 0.00702424 0.0138689 0.027797 0.056708 0.118005 0.251028 0.548614 1.23744 2.88325 6.9944 17.791 47.651 134.904 408.91 1342.45 4706.1 17976.1 76059.5 353639 1.79586e+06 9.88611e+06 -4.18364e+08 
dt_FE: 3.28907e-08
dt_EA: 3.28907e-08
dt_PE: 3.28907e-08
tolC: 1e-06
dt_grow: 1.03
dt_max: 0.1
steps: 0
