t: 9.34573e-09
dt: 2.80372e-10
N: 0.005046 0.0149254 0.0246642 0.0342027 0.0434759 0.0524136 0.0609403 0.0689751 0.0764326 0.0832229 0.0892524 0.0944251 0.098644 0.101813 0.103842 0.104645 0.104154 0.102316 0.0991111 0.0946093 0.0903448 0.105206 0.230749 0.485747 0.432266 0.132423 0.0321705 0.0186099 0.0122798 0.00782643 0.00479491 0.00281924 0.00158946 0.000859079 0.000445144 0.000221121 0.000105249 4.79506e-05 2.08734e-05 8.66143e-06 
eC: 1.00639 3.07804 5.27089 7.59201 10.0489 12.6496 15.4023 18.3162 21.4004 24.6651 28.1208 31.7787 35.6505 39.7488 44.0869 48.6788 53.5393 58.6841 64.1299 69.8943 75.9959 82.4544 89.2908 96.5271 104.187 112.294 120.876 129.96 139.576 149.754 160.527 171.931 184.002 196.778 210.303 224.618 239.771 255.811 272.788 290.759 
dV: 2.71811 20.9912 63.6092 138.722 256.496 429.553 673.497 1007.55 1455.33 2045.74 2814.09 3803.42 5066.04 6665.5 8678.77 11199 14338.7 18233.7 23047.8 28977.8 36261 45182.1 56083.2 69374.4 85547.6 105192 129013 157855 192727 234836 285622 346808 420447 508992 615366 743056 896219 1.07981e+06 1.29972e+06 1.56298e+06 
kVec: 732967 2.19455e+06 3.6821e+06 5.19365e+06 6.72593e+06 8.2754e+06 9.83845e+06 1.14116e+07 1.29918e+07 1.45765e+07 1.61644e+07 1.77557e+07 1.93529e+07 2.09615e+07 2.25907e+07 2.42552e+07 2.59762e+07 2.77827e+07 2.97142e+07 3.18223e+07 3.41731e+07 3.68497e+07 3.99589e+07 4.36649e+07 4.82647e+07 5.41557e+07 6.16542e+07 7.0945e+07 8.21531e+07 9.53511e+07 1.10537e+08 1.27625e+08 1.46458e+08 1.66833e+08 1.88518e+08 2.11236e+08 2.34598e+08 2.57954e+08 2.80128e+08 2.98992e+08 
cMat: 
-174247 11416.1 12572 14121.3 15968.4 18132.5 20659.9 23612.4 27066.1 31112.9 35863.1 41448.5 48026.8 55786.2 64951.1 75789.3 88619.7 103822 121850 143239 168630 198779 234579 277079 327493 387204 457741 540734 637845 750756 881271 1.03159e+06 1.20467e+06 1.40441e+06 1.63579e+06 1.90483e+06 2.21864e+06 2.58551e+06 3.01512e+06 3.51879e+06 
1323.15 -532721 36046.9 40526.8 45872.8 52143.6 59476.4 68053.9 78101.5 89891.5 103751 120072 139324 162068 188972 220838 258619 303452 356691 419948 495138 584532 690809 817116 967101 1.14492e+06 1.35517e+06 1.60276e+06 1.89269e+06 2.22998e+06 2.62001e+06 3.06929e+06 3.58655e+06 4.18349e+06 4.87496e+06 5.67906e+06 6.61716e+06 7.71425e+06 8.9995e+06 1.0507e+07 
427.892 10585.4 -920695 64861 73493.4 83631.7 95503.1 109410 125724 144897 167471 194098 225557 262785 306898 359232 421383 495255 583118 687673 812132 960306 1.1367e+06 1.34659e+06 1.59611e+06 1.89225e+06 2.24276e+06 2.65588e+06 3.14001e+06 3.70358e+06 4.35547e+06 5.10645e+06 5.97097e+06 6.96843e+06 8.1237e+06 9.46705e+06 1.10343e+07 1.28673e+07 1.5015e+07 1.75346e+07 
194.91 4826.24 26303.4 -1.34319e+06 98624.3 112360 128468 147365 169570 195709 226537 262964 306080 357192 417868 489983 575781 677940 799657 944739 1.11772e+06 1.32397e+06 1.56985e+06 1.86282e+06 2.21155e+06 2.62591e+06 3.11687e+06 3.69609e+06 4.37545e+06 5.1668e+06 6.08251e+06 7.13751e+06 8.35182e+06 9.75257e+06 1.13746e+07 1.32606e+07 1.54608e+07 1.80344e+07 2.10502e+07 2.45886e+07 
104.748 2596.26 14164.5 46871.6 -1.80478e+06 138110 158115 181623 209293 241924 280480 326123 380252 444545 521020 612093 720659 850178 1.00479e+06 1.18941e+06 1.40993e+06 1.6733e+06 1.98776e+06 2.36301e+06 2.81028e+06 3.34241e+06 3.97365e+06 4.71917e+06 5.59441e+06 6.61463e+06 7.79571e+06 9.15657e+06 1.07227e+07 1.25288e+07 1.46198e+07 1.70508e+07 1.98868e+07 2.32043e+07 2.70922e+07 3.16546e+07 
61.9929 1538.13 8400.88 27831.6 71981.9 -2.31066e+06 184211 211910 244571 283161 328849 383045 447450 524114 615497 724560 854851 1.01062e+06 1.19695e+06 1.4199e+06 1.68671e+06 2.00595e+06 2.3878e+06 2.84419e+06 3.389e+06 4.03809e+06 4.80907e+06 5.72069e+06 6.79201e+06 8.04181e+06 9.48936e+06 1.11575e+07 1.30769e+07 1.52899e+07 1.78512e+07 2.08285e+07 2.4302e+07 2.83652e+07 3.31278e+07 3.87173e+07 
39.0448 969.81 5303 17590.2 45553.5 101828 -2.86686e+06 237982 275112 319072 371228 433232 507083 595191 700462 826396 977194 1.1579e+06 1.37455e+06 1.63437e+06 1.94595e+06 2.31953e+06 2.76722e+06 3.30327e+06 3.94425e+06 4.70909e+06 5.61884e+06 6.69595e+06 7.96317e+06 9.44281e+06 1.11575e+07 1.31338e+07 1.54076e+07 1.80282e+07 2.10605e+07 2.45846e+07 2.86958e+07 3.35054e+07 3.91433e+07 4.57613e+07 
25.6626 638.147 3493.7 11603.7 30091.7 67363.9 136858 -3.48041e+06 300668 349352 407244 476230 558597 657110 775113 916637 1.08654e+06 1.29066e+06 1.536e+06 1.83093e+06 2.18547e+06 2.61151e+06 3.12316e+06 3.73701e+06 4.47237e+06 5.35134e+06 6.39847e+06 7.63999e+06 9.10246e+06 1.08118e+07 1.27939e+07 1.50789e+07 1.77074e+07 2.07359e+07 2.4239e+07 2.83094e+07 3.30574e+07 3.86124e+07 4.51248e+07 5.27705e+07 
17.3854 432.839 2372.72 7891.33 20494.2 45949.5 93505.1 177700 -4.15953e+06 373750 436581 511644 601501 709262 838697 994368 1.18178e+06 1.40756e+06 1.67969e+06 2.00771e+06 2.40306e+06 2.87932e+06 3.45264e+06 4.142e+06 4.96952e+06 5.96052e+06 7.14317e+06 8.54756e+06 1.02042e+07 1.21425e+07 1.43919e+07 1.69857e+07 1.99689e+07 2.34049e+07 2.73778e+07 3.19929e+07 3.73758e+07 4.36737e+07 5.1058e+07 5.97287e+07 
12.0387 300.099 1647.27 5486.43 14270.3 32047 65327 124377 225143 -4.91384e+06 458994 539151 635376 751111 890540 1.05874e+06 1.26185e+06 1.50731e+06 1.80405e+06 2.16281e+06 2.59645e+06 3.1203e+06 3.75256e+06 4.51468e+06 5.43163e+06 6.53205e+06 7.84782e+06 9.41301e+06 1.12621e+07 1.34284e+07 1.59443e+07 1.88465e+07 2.21841e+07 2.60265e+07 3.04675e+07 3.56248e+07 4.16393e+07 4.86763e+07 5.69279e+07 6.66187e+07 
8.46964 211.406 1162.06 3876.14 10098 22715.9 46389.9 88493.7 160518 280148 -5.75466e+06 558518 659900 782220 930059 1.10899e+06 1.3258e+06 1.58868e+06 1.90755e+06 2.29434e+06 2.76337e+06 3.33173e+06 4.01972e+06 4.8513e+06 5.85441e+06 7.06106e+06 8.50696e+06 1.02303e+07 1.22697e+07 1.46622e+07 1.74436e+07 2.06533e+07 2.43443e+07 2.85917e+07 3.34983e+07 3.91942e+07 4.58356e+07 5.3606e+07 6.27186e+07 7.34223e+07 
6.02665 150.632 829.196 2770.16 7228.77 16290.4 33331.4 63712.4 115818 202600 343864 -6.69527e+06 674864 802272 956799 1.1445e+06 1.37276e+06 1.65055e+06 1.98875e+06 2.4005e+06 2.90157e+06 3.51084e+06 4.2508e+06 5.14795e+06 6.23328e+06 7.5423e+06 9.11464e+06 1.09927e+07 1.32195e+07 1.5836e+07 1.88811e+07 2.23971e+07 2.644e+07 3.10902e+07 3.64592e+07 4.2689e+07 4.99513e+07 5.84477e+07 6.84127e+07 8.01195e+07 
4.32177 108.172 596.356 1995.51 5216.33 11777.1 24144.7 46250.5 84266.5 147765 251443 417664 -7.7513e+06 811097 970457 1.16478e+06 1.40204e+06 1.69195e+06 2.04634e+06 2.47954e+06 3.00881e+06 3.65486e+06 4.44237e+06 5.40051e+06 6.56338e+06 7.9701e+06 9.66441e+06 1.16931e+07 1.41036e+07 1.6941e+07 2.02475e+07 2.40678e+07 2.84605e+07 3.35109e+07 3.9338e+07 4.60958e+07 5.39714e+07 6.31845e+07 7.39909e+07 8.66882e+07 
3.11427 78.061 431.023 1444.68 3783.22 8557.98 17581.3 33752.6 61642 108367 184902 308024 503181 -8.94115e+06 970919 1.16956e+06 1.41314e+06 1.7121e+06 2.07918e+06 2.5299e+06 3.083e+06 3.76105e+06 4.59098e+06 5.6047e+06 6.83953e+06 8.33836e+06 1.01492e+07 1.23233e+07 1.49129e+07 1.79673e+07 2.15319e+07 2.56538e+07 3.03937e+07 3.58405e+07 4.21207e+07 4.93994e+07 5.78787e+07 6.77968e+07 7.94306e+07 9.31023e+07 
2.24949 56.4683 312.293 1048.52 2750.86 6235.06 12836.6 24700.3 45221.4 79710.2 136393 227904 373505 602354 -1.02865e+07 1.15881e+06 1.40584e+06 1.71049e+06 2.08639e+06 2.55021e+06 3.12219e+06 3.82675e+06 4.69314e+06 5.75608e+06 7.05625e+06 8.64044e+06 1.0561e+07 1.28743e+07 1.56371e+07 1.89032e+07 2.27216e+07 2.71415e+07 3.2225e+07 3.80639e+07 4.47907e+07 5.25814e+07 6.16529e+07 7.22614e+07 8.47052e+07 9.93309e+07 
1.62519 40.8582 226.33 761.238 2000.92 4544.52 9376.73 18085.7 33195.9 58674.4 100695 168790 277564 449254 717486 -1.1813e+07 1.38021e+06 1.68693e+06 2.06743e+06 2.53946e+06 3.12473e+06 3.84953e+06 4.74547e+06 5.85016e+06 7.20777e+06 8.86918e+06 1.08914e+07 1.33359e+07 1.62645e+07 1.97357e+07 2.38021e+07 2.85148e+07 3.39371e+07 4.01624e+07 4.73281e+07 5.56199e+07 6.5269e+07 7.65499e+07 8.9782e+07 1.05336e+08 
1.1721 29.5123 163.75 551.739 1453.05 3307.06 6838.82 13222.7 24333.9 43132.7 74249.7 124871 206071 334805 536875 851298 -1.35508e+07 1.64167e+06 2.02219e+06 2.49706e+06 3.08939e+06 3.82731e+06 4.74482e+06 5.88251e+06 7.28815e+06 9.01695e+06 1.11309e+07 1.36965e+07 1.67815e+07 2.04492e+07 2.47558e+07 2.97546e+07 3.5509e+07 4.21132e+07 4.97081e+07 5.84875e+07 6.86965e+07 8.06273e+07 9.46203e+07 1.1107e+08 
0.842303 21.241 118.053 398.483 1051.48 2398.18 4970.66 9634.5 17778.1 31604 54575.3 92095.6 152541 248815 400681 638230 1.007e+06 -1.55354e+07 1.95113e+06 2.42303e+06 3.01553e+06 3.75857e+06 4.6885e+06 5.84896e+06 7.29148e+06 9.07578e+06 1.1269e+07 1.39435e+07 1.71728e+07 2.10255e+07 2.55621e+07 3.08375e+07 3.69152e+07 4.38885e+07 5.19001e+07 6.11505e+07 7.18972e+07 8.44498e+07 9.91694e+07 1.16475e+08 
0.602076 15.2064 84.6551 286.267 756.861 1729.89 3593.8 6983.25 12921 23037.6 39910.3 67583.5 112364 184030 297662 476386 755463 1.18833e+06 -1.7809e+07 2.31814e+06 2.90333e+06 3.6426e+06 4.57458e+06 5.74596e+06 7.21216e+06 9.0376e+06 1.1295e+07 1.40628e+07 1.74209e+07 2.14439e+07 2.61964e+07 3.17355e+07 3.81241e+07 4.54535e+07 5.38659e+07 6.35664e+07 7.48232e+07 8.79623e+07 1.03365e+08 1.21474e+08 
0.427302 10.8088 60.2732 204.186 540.905 1238.93 2579.81 5025.57 9324.26 16674.5 28981 49250 82198.8 135190 219660 353278 563205 890950 1.39954e+06 -2.04213e+07 2.75388e+06 3.47963e+06 4.40202e+06 5.57069e+06 7.04498e+06 8.89426e+06 1.11971e+07 1.40386e+07 1.75055e+07 2.16789e+07 2.66285e+07 3.24134e+07 3.90955e+07 4.67629e+07 5.5555e+07 6.56784e+07 7.74099e+07 9.10904e+07 1.07121e+08 1.25966e+08 
0.300097 7.6026 42.4643 144.113 382.507 877.977 1832.42 3578.59 6657.82 11941.8 20823.3 35513.4 59503.8 98281.4 160431 259324 415685 661475 1.04568e+06 1.64286e+06 -2.34351e+07 3.2664e+06 4.165e+06 5.31379e+06 6.77584e+06 8.62544e+06 1.09472e+07 1.38333e+07 1.73779e+07 2.16691e+07 2.67822e+07 3.27789e+07 3.97196e+07 4.76879e+07 5.68174e+07 6.73127e+07 7.94553e+07 9.35981e+07 1.1016e+08 1.29625e+08 
0.203919 5.17373 28.9446 98.403 261.684 601.901 1259.08 2465.02 4598.53 8272.7 14472.4 24770.4 41665.9 69114.2 113350 184161 296857 475262 756262 1.1966e+06 1.88291e+06 -2.69842e+07 3.78874e+06 4.87641e+06 6.27444e+06 8.06021e+06 1.03226e+07 1.31591e+07 1.66698e+07 2.09488e+07 2.60759e+07 3.21146e+07 3.9123e+07 4.71767e+07 5.63986e+07 6.69827e+07 7.92044e+07 9.34174e+07 1.10046e+08 1.29583e+08 
0.119484 3.03588 17.0112 57.9322 154.347 355.741 745.811 1463.71 2737.86 4939.81 8669.58 14891 25145.3 41888.6 69021.6 112720 182728 294358 471568 751621 1.19209e+06 1.88116e+06 -3.15497e+07 3.83623e+06 4.98446e+06 6.46722e+06 8.36563e+06 1.07695e+07 1.37719e+07 1.74607e+07 2.19107e+07 2.71796e+07 3.33163e+07 4.03799e+07 4.84661e+07 5.77315e+07 6.8407e+07 8.07979e+07 9.52764e+07 1.12277e+08 
0.0536243 1.36443 7.65708 26.1199 69.717 161.003 338.274 665.46 1247.98 2258.12 3975.57 6852.13 11614.9 19430.4 32165.3 52799.4 86076.7 139527 225058 361406 577877 919962 1.45762e+06 -3.76388e+07 3.01618e+06 3.95594e+06 5.17361e+06 6.73323e+06 8.70194e+06 1.1144e+07 1.4114e+07 1.76539e+07 2.17959e+07 2.65755e+07 3.20488e+07 3.83111e+07 4.55088e+07 5.38431e+07 6.35647e+07 7.49692e+07 
0.039081 0.995733 5.59624 19.1206 51.1244 118.291 249.054 491.067 923.247 1675.16 2958.21 5115.79 8703.87 14620.4 24313 40111.3 65757.6 107251 174181 281819 454359 729877 1.16778e+06 1.85978e+06 -4.36981e+07 3.90839e+06 5.17272e+06 6.81339e+06 8.91018e+06 1.15406e+07 1.47717e+07 1.86542e+07 2.32249e+07 2.85186e+07 3.45876e+07 4.15235e+07 4.94752e+07 5.86559e+07 6.93403e+07 8.18568e+07 
0.0386956 0.9872 5.55612 19.0127 50.9211 118.036 249.015 492.067 927.356 1687.08 2987.96 5183.93 8851.32 14927 24932.2 41334.1 68131.4 111797 182788 297961 484369 785200 1.26888e+06 2.04274e+06 3.27308e+06 -4.96654e+07 6.98898e+06 9.32696e+06 1.23578e+07 1.6211e+07 2.1001e+07 2.68155e+07 3.37152e+07 4.17482e+07 5.09792e+07 6.1524e+07 7.35827e+07 8.74584e+07 1.03558e+08 1.22382e+08 
0.0273984 0.699854 3.94419 13.5165 36.2585 84.1941 177.958 352.388 665.634 1213.99 2156.06 3752.12 6428.38 10881.9 18252.1 30401.3 50373 83140.5 136824 224666 368197 602291 983068 1.60007e+06 2.59454e+06 4.18597e+06 -5.79274e+07 9.08059e+06 1.22046e+07 1.62384e+07 2.13255e+07 2.75791e+07 3.50762e+07 4.38691e+07 5.40138e+07 6.56099e+07 7.8842e+07 9.40112e+07 1.11545e+08 1.31987e+08 
0.0172359 0.440785 2.4873 8.5356 22.9315 53.3353 112.935 224.07 424.163 775.428 1380.77 2409.85 4141.93 7036.38 11848.9 19823.2 33008.5 54783 90718.7 150004 247770 408874 673949 1.10896e+06 1.81991e+06 2.97487e+06 4.83571e+06 -6.82158e+07 1.06487e+07 1.43908e+07 1.91911e+07 2.51844e+07 3.24648e+07 4.10903e+07 5.11051e+07 6.25794e+07 7.56552e+07 9.05879e+07 1.07769e+08 1.27721e+08 
0.0104946 0.268681 1.51793 5.21573 14.032 32.6862 69.3269 137.8 261.377 478.886 854.801 1495.89 2578.71 4395.25 7428.63 12479.4 20875.9 34826.8 58008.8 96550 160664 267358 444860 739789 1.22849e+06 2.03455e+06 3.35481e+06 5.49663e+06 -8.02251e+07 1.22718e+07 1.66462e+07 2.22117e+07 2.90868e+07 3.73438e+07 4.70227e+07 5.81662e+07 7.0868e+07 8.53236e+07 1.01867e+08 1.20981e+08 
0.0062041 0.158997 0.899232 3.09345 8.333 19.4379 41.2902 82.2085 156.217 286.791 513.051 900.032 1555.75 2659.7 4510.43 7605.63 12776.8 21416.6 35863.8 60054.4 100622 168753 283284 475841 799183 1.3405e+06 2.24191e+06 3.73091e+06 6.16364e+06 -9.40298e+07 1.39356e+07 1.8947e+07 2.52684e+07 3.29985e+07 4.21854e+07 5.28528e+07 6.50467e+07 7.88936e+07 9.46528e+07 1.12743e+08 
0.00355463 0.0911791 0.516167 1.7775 4.79354 11.1954 23.8132 47.4819 90.3738 166.209 297.922 523.776 907.567 1555.74 2646.23 4477.17 7549.67 12708.8 21384.6 36004.7 60702.1 102526 173509 294156 499290 847623 1.43708e+06 2.42848e+06 4.08086e+06 6.8019e+06 -1.09661e+08 1.5572e+07 2.12062e+07 2.82574e+07 3.67993e+07 4.68525e+07 5.8424e+07 7.15687e+07 8.64556e+07 1.03416e+08 
0.00197079 0.0505915 0.28663 0.987917 2.66674 6.23468 13.2767 26.5059 50.519 93.052 167.072 294.278 510.964 877.917 1497.16 2540.42 4297.85 7261.63 12270.2 20757.9 35188.3 59806.3 101943 174266 298638 512621 880252 1.50943e+06 2.57908e+06 4.38017e+06 7.37552e+06 -1.27065e+08 1.71258e+07 2.33626e+07 3.1113e+07 4.04187e+07 5.12673e+07 6.36492e+07 7.76354e+07 9.34483e+07 
0.00105606 0.0271273 0.153793 0.53045 1.43298 3.35308 7.14696 14.2829 27.2532 50.2604 90.3651 159.41 277.26 477.282 815.673 1387.39 2353.56 3988.86 6763.86 11488.8 19565.9 33432.2 57340.2 98727.6 170613 295750 513723 892862 1.54977e+06 2.68052e+06 4.60892e+06 7.8585e+06 -1.46114e+08 1.85718e+07 2.53966e+07 3.38216e+07 4.3847e+07 5.54213e+07 6.85211e+07 8.32439e+07 
0.000546363 0.0140421 0.0796511 0.274883 0.74304 1.73983 3.71111 7.42248 14.1753 26.1677 47.0987 83.1846 144.875 249.765 427.564 728.631 1238.71 2104.55 3578.72 6098.39 10424.8 17890.6 30841.3 53420.7 92971.9 162518 285128 501505 882988 1.55346e+06 2.72542e+06 4.75746e+06 8.24175e+06 -1.6663e+08 1.9918e+07 2.73279e+07 3.64137e+07 4.71229e+07 5.93607e+07 7.30961e+07 
0.000272593 0.00700915 0.039775 0.13733 0.371402 0.870103 1.85704 3.71655 7.10272 13.1216 23.6369 41.7855 72.8484 125.734 215.514 367.796 626.294 1066.05 1816.66 3103.39 5320.35 9161.5 15856.4 27595.6 48299.5 85007.4 150379 267178 476260 850684 1.52034e+06 2.71391e+06 4.8277e+06 8.53189e+06 -1.88403e+08 2.11944e+07 2.92002e+07 3.89451e+07 5.03121e+07 6.31614e+07 
0.000130968 0.00336894 0.0191247 0.0660561 0.178718 0.418875 0.894414 1.79093 3.42455 6.3303 11.4107 20.1864 35.2203 60.8417 104.386 178.337 304.045 518.242 884.526 1513.77 2600.63 4489.35 7792.97 13610.5 23924.4 42328.4 75365.7 134987 243069 439741 798651 1.45466e+06 2.65266e+06 4.82979e+06 8.74469e+06 -2.11174e+08 2.24405e+07 3.10659e+07 4.14787e+07 5.34861e+07 
6.04868e-05 0.00155652 0.00883872 0.0305386 0.0826523 0.19379 0.41396 0.829246 1.58637 2.93387 5.29127 9.366 16.3516 28.266 48.5321 82.982 141.604 241.607 412.842 707.455 1217.22 2104.92 3661.47 6410.79 11303.1 20073.7 35911 64708.7 117429 214595 394894 731615 1.36362e+06 2.55183e+06 4.77721e+06 8.89813e+06 -2.34566e+08 2.36955e+07 3.29752e+07 4.4073e+07 
2.67964e-05 0.000689816 0.00391823 0.0135418 0.036662 0.0859873 0.183743 0.368212 0.704681 1.3038 2.35249 4.16613 7.2772 12.5867 21.6242 36.998 63.1799 107.883 184.502 316.47 545.094 943.782 1644.04 2883.39 5094.25 9070.08 16278.2 29454.5 53746.6 98945 183895 345297 655219 1.25539e+06 2.42213e+06 4.68281e+06 9.00789e+06 -2.57938e+08 2.49933e+07 3.49713e+07 
1.13598e-05 0.000292544 0.00166211 0.00574596 0.0155605 0.0365068 0.0780347 0.15643 0.299481 0.55431 1.00056 1.7727 3.09788 5.36072 9.21461 15.7745 26.9535 46.0538 78.8157 135.29 233.217 404.158 704.743 1237.44 2189.21 3904.16 7021.2 12738.2 23326.5 43153.7 80755.6 153106 294488 574881 1.1375e+06 2.2729e+06 4.55699e+06 9.08567e+06 -2.80121e+08 2.63619e+07 
4.59604e-06 0.000118407 0.000672908 0.00232684 0.00630294 0.0147915 0.0316267 0.0634194 0.121455 0.224879 0.40607 0.719717 1.25827 2.17832 3.74608 6.41608 10.9687 18.7519 32.1104 55.1532 95.1374 164.987 287.913 505.959 895.947 1599.5 2880.17 5233.62 9604.13 17819.6 33488.3 63889.6 124028 245414 495058 1.01607e+06 2.11149e+06 4.40728e+06 9.13906e+06 -2.98989e+08 
cycle: 0
true_cycle: 0
nIterations: 0
nTrueIterations: 0
Branch: 0
dt_FE: 2.80372e-10
dt_EA: 2.80372e-10
dt_PE: 2.80372e-10
