t: 3.5025e-11
dt: 1.05075e-12
N: 1.83767e-05 5.47741e-05 9.12348e-05 0.00012756 0.000163524 0.000198871 0.000233317 0.000266543 0.0002982 0.000327907 0.000355254 0.000379801 0.000401087 0.000418639 0.000431979 0.000440644 0.000444204 0.000442322 0.000436573 0.000507856 0.00275723 0.0348488 0.238193 0.663954 0.628485 0.165273 0.00971201 0.000187111 6.2099e-05 4.00722e-05 2.49229e-05 1.486e-05 8.47132e-06 4.60974e-06 2.39269e-06 1.18458e-06 5.59519e-07 2.52145e-07 1.08355e-07 4.43455e-08 
eC: 1.00639 3.07804 5.27089 7.59201 10.0489 12.6496 15.4023 18.3162 21.4004 24.6651 28.1208 31.7787 35.6505 39.7488 44.0869 48.6788 53.5393 58.6841 64.1299 69.8943 75.9959 82.4544 89.2908 96.5271 104.187 112.294 120.876 129.96 139.576 149.754 160.527 171.931 184.002 196.778 210.303 224.618 239.771 255.811 272.788 290.759 
dV: 2.71811 20.9912 63.6092 138.722 256.496 429.553 673.497 1007.55 1455.33 2045.74 2814.09 3803.42 5066.04 6665.5 8678.77 11199 14338.7 18233.7 23047.8 28977.8 36261 45182.1 56083.2 69374.4 85547.6 105192 129013 157855 192727 234836 285622 346808 420447 508992 615366 743056 896219 1.07981e+06 1.29972e+06 1.56298e+06 
kVec: 710876 2.13479e+06 3.59368e+06 5.08706e+06 6.61318e+06 8.17001e+06 9.75538e+06 1.13671e+07 1.30032e+07 1.4662e+07 1.63421e+07 1.80434e+07 1.97668e+07 2.15151e+07 2.32936e+07 2.5111e+07 2.69803e+07 2.89202e+07 3.09565e+07 3.31242e+07 3.54692e+07 3.80508e+07 4.09503e+07 4.43217e+07 4.85144e+07 5.40373e+07 6.12756e+07 7.04059e+07 8.15247e+07 9.4682e+07 1.0986e+08 1.2696e+08 1.45818e+08 1.66225e+08 1.87946e+08 2.107e+08 2.34093e+08 2.57475e+08 2.7967e+08 2.98548e+08 
cMat: 
-186113 11473.8 12635.5 14192.7 16049.1 18224.2 20764.3 23731.7 27202.9 31270.1 36044.3 41658 48269.5 56068.1 65279.3 76172.2 89067.5 104347 122465 143963 169482 199783 235764 278479 329148 389161 460055 543466 641068 754550 885724 1.03681e+06 1.21076e+06 1.41151e+06 1.64406e+06 1.91446e+06 2.22985e+06 2.59857e+06 3.03036e+06 3.53657e+06 
1343.13 -570631 36591.1 41138.6 46565.3 52930.8 60374.2 69081.2 79280.5 91248.5 105317 121885 141428 164514 191825 224172 262523 308033 362076 426288 502613 593356 701238 829451 981701 1.1622e+06 1.37563e+06 1.62696e+06 1.92126e+06 2.26364e+06 2.65956e+06 3.11562e+06 3.6407e+06 4.24664e+06 4.94855e+06 5.76479e+06 6.71705e+06 7.8307e+06 9.13535e+06 1.06657e+07 
438.672 10852.1 -988278 66495.1 75345 85738.7 97909.2 112166 128891 148547 171690 198988 231240 269405 314630 368282 431999 507733 597809 704998 832593 984501 1.16534e+06 1.38051e+06 1.63632e+06 1.93993e+06 2.29927e+06 2.72279e+06 3.21912e+06 3.79689e+06 4.4652e+06 5.23511e+06 6.1214e+06 7.144e+06 8.32838e+06 9.70557e+06 1.13123e+07 1.31915e+07 1.53933e+07 1.79763e+07 
201.787 4996.52 27231.4 -1.44424e+06 102104 116325 133000 152565 175553 202614 234530 272242 316879 369794 432611 507271 596095 701859 827870 978072 1.15715e+06 1.37068e+06 1.62524e+06 1.92855e+06 2.28957e+06 2.71856e+06 3.22683e+06 3.82649e+06 4.52983e+06 5.34909e+06 6.29712e+06 7.38933e+06 8.64649e+06 1.00967e+07 1.17759e+07 1.37284e+07 1.60063e+07 1.86707e+07 2.17929e+07 2.54562e+07 
109.491 2713.82 14805.9 48994 -1.94322e+06 144363 165274 189847 218770 252879 293180 340890 397470 464675 544612 639809 753291 888675 1.05028e+06 1.24327e+06 1.47377e+06 1.74906e+06 2.07777e+06 2.47001e+06 2.93753e+06 3.49376e+06 4.15358e+06 4.93286e+06 5.84773e+06 6.91415e+06 8.1487e+06 9.57118e+06 1.12082e+07 1.30961e+07 1.52818e+07 1.78228e+07 2.07873e+07 2.4255e+07 2.8319e+07 3.3088e+07 
65.4089 1622.88 8863.8 29365.2 75948.3 -2.49048e+06 194362 223587 258048 298764 346969 404152 472106 552994 649413 764486 901956 1.06631e+06 1.2629e+06 1.49814e+06 1.77965e+06 2.11649e+06 2.51937e+06 3.00091e+06 3.57574e+06 4.2606e+06 5.07406e+06 6.03591e+06 7.16627e+06 8.48494e+06 1.00123e+07 1.17723e+07 1.37975e+07 1.61324e+07 1.88349e+07 2.19763e+07 2.56411e+07 2.99282e+07 3.49532e+07 4.08508e+07 
41.5689 1032.5 5645.82 18727.3 48498.4 108411 -3.09201e+06 253367 292897 339699 395226 461239 539864 633668 745745 879819 1.04037e+06 1.23275e+06 1.46341e+06 1.74002e+06 2.07175e+06 2.46948e+06 2.94611e+06 3.51681e+06 4.19923e+06 5.01352e+06 5.98208e+06 7.12882e+06 8.47796e+06 1.00533e+07 1.18788e+07 1.39829e+07 1.64036e+07 1.91936e+07 2.2422e+07 2.61739e+07 3.05508e+07 3.56714e+07 4.16737e+07 4.87196e+07 
27.5564 685.242 3751.53 12460 32312.5 72335.3 146958 -3.75472e+06 322857 375134 437298 511376 599821 705604 832315 984284 1.16673e+06 1.38591e+06 1.64935e+06 1.96605e+06 2.34676e+06 2.80424e+06 3.35364e+06 4.01279e+06 4.80243e+06 5.74626e+06 6.87067e+06 8.20381e+06 9.77421e+06 1.16097e+07 1.37381e+07 1.61917e+07 1.90142e+07 2.22662e+07 2.60278e+07 3.03986e+07 3.5497e+07 4.14619e+07 4.8455e+07 5.6665e+07 
18.8186 468.521 2568.32 8541.85 22183.6 49737.4 101213 192348 -4.48654e+06 404560 472571 553822 651086 767730 907836 1.07634e+06 1.2792e+06 1.52359e+06 1.81815e+06 2.17322e+06 2.60115e+06 3.11668e+06 3.73726e+06 4.48344e+06 5.37918e+06 6.45187e+06 7.73202e+06 9.25218e+06 1.10453e+07 1.31435e+07 1.55783e+07 1.83859e+07 2.16151e+07 2.53343e+07 2.96347e+07 3.46302e+07 4.04569e+07 4.7274e+07 5.5267e+07 6.46525e+07 
13.1272 327.234 1796.22 5982.51 15560.6 34944.7 71233.8 135623 245500 -5.29662e+06 500497 587901 692827 819027 971062 1.15447e+06 1.37595e+06 1.6436e+06 1.96717e+06 2.35837e+06 2.83122e+06 3.40244e+06 4.09187e+06 4.92289e+06 5.92276e+06 7.12268e+06 8.55742e+06 1.02641e+07 1.22804e+07 1.46426e+07 1.7386e+07 2.05506e+07 2.419e+07 2.83799e+07 3.32224e+07 3.8846e+07 4.54044e+07 5.30776e+07 6.20753e+07 7.26424e+07 
9.29635 232.042 1275.48 4254.48 11083.6 24933.2 50918 97131.4 176186 307493 -6.19555e+06 613034 724312 858572 1.02084e+06 1.21724e+06 1.45521e+06 1.74375e+06 2.09374e+06 2.51829e+06 3.0331e+06 3.65694e+06 4.41208e+06 5.32483e+06 6.42585e+06 7.75028e+06 9.33731e+06 1.12288e+07 1.34673e+07 1.60933e+07 1.91462e+07 2.26693e+07 2.67205e+07 3.13825e+07 3.6768e+07 4.30199e+07 5.03096e+07 5.88384e+07 6.88405e+07 8.0589e+07 
6.65253 166.276 915.31 3057.85 7979.49 17982.2 36792.9 70329.1 127846 223641 379575 -7.19555e+06 744949 885589 1.05616e+06 1.26336e+06 1.51532e+06 1.82196e+06 2.19529e+06 2.64979e+06 3.2029e+06 3.87545e+06 4.69225e+06 5.68258e+06 6.88062e+06 8.32557e+06 1.00612e+07 1.21344e+07 1.45924e+07 1.74806e+07 2.0842e+07 2.47231e+07 2.91858e+07 3.4319e+07 4.02455e+07 4.71223e+07 5.51388e+07 6.45176e+07 7.55175e+07 8.84401e+07 
4.79282 119.962 661.355 2213.01 5784.88 13060.8 26776.4 51291.6 93451 163871 278848 463187 -8.31076e+06 899502 1.07623e+06 1.29174e+06 1.55485e+06 1.87636e+06 2.26938e+06 2.7498e+06 3.33676e+06 4.05322e+06 4.92657e+06 5.98914e+06 7.27875e+06 8.8388e+06 1.07178e+07 1.29676e+07 1.56409e+07 1.87875e+07 2.24544e+07 2.66911e+07 3.15626e+07 3.71634e+07 4.36256e+07 5.112e+07 5.9854e+07 7.00713e+07 8.20555e+07 9.61367e+07 
3.46583 86.8731 479.68 1607.77 4210.3 9524.07 19566 37562.9 68600.6 120600 205775 342796 559984 -9.55756e+06 1.08053e+06 1.30159e+06 1.57267e+06 1.90538e+06 2.3139e+06 2.81549e+06 3.43103e+06 4.18563e+06 5.10925e+06 6.23741e+06 7.61163e+06 9.27966e+06 1.12949e+07 1.37145e+07 1.65964e+07 1.99955e+07 2.39626e+07 2.85498e+07 3.38248e+07 3.98865e+07 4.68756e+07 5.4976e+07 6.44126e+07 7.54503e+07 8.83974e+07 1.03612e+08 
2.50907 62.9843 348.329 1169.52 3068.29 6954.54 14317.8 27550.6 50439.6 88908.1 152131 254202 416604 671861 -1.09549e+07 1.29253e+06 1.56806e+06 1.90786e+06 2.32714e+06 2.84449e+06 3.48247e+06 4.26833e+06 5.23469e+06 6.42029e+06 7.87048e+06 9.63748e+06 1.17797e+07 1.43599e+07 1.74415e+07 2.10845e+07 2.53436e+07 3.02734e+07 3.59435e+07 4.24562e+07 4.99592e+07 5.86489e+07 6.87671e+07 8.05998e+07 9.44796e+07 1.10793e+08 
1.81434 45.6135 252.671 849.834 2233.8 5073.43 10468 20190.6 37059.4 65503.1 112415 188434 309868 501540 800989 -1.25246e+07 1.54084e+06 1.88326e+06 2.30804e+06 2.83501e+06 3.4884e+06 4.29755e+06 5.29777e+06 6.53103e+06 8.04663e+06 9.90141e+06 1.2159e+07 1.48879e+07 1.81574e+07 2.20326e+07 2.65723e+07 3.18335e+07 3.78868e+07 4.48366e+07 5.28363e+07 6.20931e+07 7.28652e+07 8.54591e+07 1.00231e+08 1.17595e+08 
1.30779 32.9289 182.707 615.612 1621.26 3689.91 7630.54 14753.5 27150.9 48126 82845.3 139327 229927 373564 599027 949851 -1.42921e+07 1.83172e+06 2.25629e+06 2.78614e+06 3.44704e+06 4.27039e+06 5.29412e+06 6.56351e+06 8.13188e+06 1.00608e+07 1.24194e+07 1.52821e+07 1.87242e+07 2.28165e+07 2.76218e+07 3.31992e+07 3.96198e+07 4.69886e+07 5.54626e+07 6.52585e+07 7.66493e+07 8.99613e+07 1.05574e+08 1.23929e+08 
0.937893 23.6515 131.45 443.705 1170.81 2670.33 5534.76 10727.9 19795.6 35190.6 60768.8 102547 169852 277052 446153 710660 1.12128e+06 -1.62864e+07 2.17256e+06 2.698e+06 3.35774e+06 4.18511e+06 5.22058e+06 6.51273e+06 8.11896e+06 1.01057e+07 1.25479e+07 1.55259e+07 1.91216e+07 2.34116e+07 2.8463e+07 3.43371e+07 4.11045e+07 4.88692e+07 5.779e+07 6.80902e+07 8.00565e+07 9.40336e+07 1.10424e+08 1.29693e+08 
0.668021 16.872 93.9274 317.622 839.76 1919.36 3987.42 7748.12 14336.2 25560.9 44281.7 74985.9 124671 204187 330266 528565 838209 1.31849e+06 -1.85412e+07 2.57204e+06 3.22133e+06 4.04157e+06 5.07564e+06 6.37532e+06 8.00211e+06 1.00275e+07 1.25321e+07 1.56031e+07 1.9329e+07 2.37926e+07 2.90657e+07 3.52115e+07 4.22999e+07 5.04321e+07 5.97659e+07 7.05289e+07 8.30186e+07 9.75968e+07 1.14687e+08 1.34779e+08 
0.471713 11.9322 66.5377 225.408 597.123 1367.7 2847.94 5547.9 10293.4 18407.6 31993.1 54368.8 90742.1 149241 242490 389996 621742 983551 1.545e+06 -2.10956e+07 3.04011e+06 3.84128e+06 4.85954e+06 6.14968e+06 7.7772e+06 9.81868e+06 1.23608e+07 1.54977e+07 1.93249e+07 2.39321e+07 2.93961e+07 3.57822e+07 4.31589e+07 5.16232e+07 6.1329e+07 7.25047e+07 8.54555e+07 1.00558e+08 1.18255e+08 1.39058e+08 
0.328993 8.33462 46.5531 157.989 419.337 962.515 2008.85 3923.16 7298.87 13091.6 22828.3 38932.9 65233.2 107745 175878 284293 455710 725166 1.14636e+06 1.80104e+06 -2.4e+07 3.58091e+06 4.56604e+06 5.82543e+06 7.42827e+06 9.45596e+06 1.20013e+07 1.51653e+07 1.90511e+07 2.37556e+07 2.9361e+07 3.5935e+07 4.35441e+07 5.22796e+07 6.22881e+07 7.3794e+07 8.71058e+07 1.0261e+08 1.20767e+08 1.42106e+08 
0.219953 5.58054 31.2205 106.14 282.26 649.228 1358.08 2658.84 4960.11 8923.17 15610.3 26718 44942.1 74548.6 122262 198642 320198 512632 815726 1.29069e+06 2.03096e+06 -2.74015e+07 4.08665e+06 5.25983e+06 6.76779e+06 8.69398e+06 1.11343e+07 1.41938e+07 1.79805e+07 2.2596e+07 2.81262e+07 3.46398e+07 4.21992e+07 5.08862e+07 6.08332e+07 7.22495e+07 8.54321e+07 1.00763e+08 1.18699e+08 1.39772e+08 
0.118327 3.00651 16.8466 57.3715 152.854 352.298 738.594 1449.54 2711.36 4892 8585.68 14746.9 24901.9 41483.2 68353.7 111629 180959 291510 467005 744348 1.18055e+06 1.86296e+06 -3.19742e+07 3.79911e+06 4.93623e+06 6.40463e+06 8.28467e+06 1.06653e+07 1.36386e+07 1.72918e+07 2.16986e+07 2.69166e+07 3.29939e+07 3.99891e+07 4.79971e+07 5.71728e+07 6.7745e+07 8.0016e+07 9.43544e+07 1.1119e+08 
0.0350415 0.891602 5.00362 17.0684 45.5575 105.209 221.049 434.854 815.51 1475.6 2597.89 4477.62 7589.91 12697 21018.8 34502.4 56248 91176 147067 236165 377621 601161 952499 -3.85185e+07 1.97096e+06 2.58506e+06 3.38076e+06 4.39992e+06 5.6864e+06 7.28217e+06 9.223e+06 1.15361e+07 1.42428e+07 1.73661e+07 2.09427e+07 2.50349e+07 2.97383e+07 3.51845e+07 4.15372e+07 4.89896e+07 
0.0255739 0.65159 3.66208 12.5122 33.4549 77.4075 162.976 321.346 604.157 1096.19 1935.8 3347.68 5695.66 9567.35 15910 26248.1 43030.6 70183.3 113981 184418 297325 477619 764177 1.21701e+06 -4.45695e+07 2.55758e+06 3.38494e+06 4.45857e+06 5.83066e+06 7.55199e+06 9.66635e+06 1.2207e+07 1.5198e+07 1.86621e+07 2.26335e+07 2.71723e+07 3.23757e+07 3.83834e+07 4.53751e+07 5.35657e+07 
0.0372305 0.949821 5.34575 18.2928 48.993 113.567 239.586 473.436 892.243 1623.2 2874.82 4987.64 8516.17 14361.8 23988.1 39769 65551.7 107564 175867 286679 466029 755469 1.22083e+06 1.9654e+06 3.14915e+06 -4.96372e+07 6.72435e+06 8.97381e+06 1.18899e+07 1.55972e+07 2.02058e+07 2.58002e+07 3.24386e+07 4.01675e+07 4.90489e+07 5.91945e+07 7.07966e+07 8.41469e+07 9.96372e+07 1.17748e+08 
0.0280342 0.716094 4.03571 13.8302 37.0999 86.1478 182.087 360.565 681.08 1242.16 2206.09 3839.19 6577.55 11134.4 18675.7 31106.8 51541.9 85069.7 139999 229879 376741 616267 1.00588e+06 1.6372e+06 2.65475e+06 4.28311e+06 -5.75083e+07 9.2913e+06 1.24878e+07 1.66152e+07 2.18204e+07 2.8219e+07 3.58901e+07 4.48871e+07 5.52672e+07 6.71323e+07 8.06715e+07 9.61928e+07 1.14134e+08 1.3505e+08 
0.0175594 0.44906 2.53399 8.69583 23.3619 54.3365 115.055 228.276 432.125 789.984 1406.69 2455.09 4219.69 7168.47 12071.3 20195.3 33628.2 55811.4 92421.7 152820 252422 416549 686600 1.12978e+06 1.85408e+06 3.03072e+06 4.92648e+06 -6.77595e+07 1.08486e+07 1.4661e+07 1.95514e+07 2.56571e+07 3.30743e+07 4.18616e+07 5.20645e+07 6.37542e+07 7.70754e+07 9.22884e+07 1.09792e+08 1.30119e+08 
0.0106244 0.272004 1.53671 5.28024 14.2056 33.0905 70.1844 139.504 264.61 484.809 865.374 1514.39 2610.61 4449.62 7520.52 12633.7 21134.1 35257.6 58726.4 97744.3 162652 270665 450363 748940 1.24369e+06 2.05971e+06 3.3963e+06 5.56462e+06 -7.97521e+07 1.24236e+07 1.68522e+07 2.24865e+07 2.94466e+07 3.78057e+07 4.76043e+07 5.88857e+07 7.17446e+07 8.6379e+07 1.03127e+08 1.22478e+08 
0.00625279 0.160245 0.906289 3.11773 8.39839 19.5905 41.6142 82.8537 157.443 289.042 517.077 907.095 1567.96 2680.57 4545.83 7665.32 12877 21584.6 36145.2 60525.7 101412 170077 285508 479575 805455 1.35102e+06 2.25951e+06 3.76019e+06 6.21201e+06 -9.35355e+07 1.40449e+07 1.90956e+07 2.54667e+07 3.32574e+07 4.25165e+07 5.32676e+07 6.55571e+07 7.95128e+07 9.53956e+07 1.13627e+08 
0.00357167 0.0916161 0.518641 1.78602 4.81652 11.249 23.9274 47.7095 90.807 167.005 299.35 526.287 911.917 1563.2 2658.91 4498.63 7585.86 12769.7 21487.1 36177.2 60993.1 103018 174340 295566 501683 851686 1.44396e+06 2.44012e+06 4.10042e+06 6.8345e+06 -1.09146e+08 1.56467e+07 2.13079e+07 2.83928e+07 3.69756e+07 4.70771e+07 5.87041e+07 7.19117e+07 8.687e+07 1.03912e+08 
0.00197633 0.0507337 0.287436 0.990695 2.67424 6.25221 13.314 26.5804 50.6611 93.3137 167.542 295.105 512.401 880.386 1501.37 2547.56 4309.94 7282.05 12304.7 20816.3 35287.3 59974.5 102229 174756 299478 514063 882727 1.51367e+06 2.58633e+06 4.39249e+06 7.39626e+06 -1.26534e+08 1.71739e+07 2.34283e+07 3.12005e+07 4.05324e+07 5.14115e+07 6.38282e+07 7.78537e+07 9.37111e+07 
0.00105773 0.0271703 0.154037 0.53129 1.43525 3.35839 7.15828 14.3055 27.2963 50.34 90.5082 159.662 277.699 478.038 816.965 1389.59 2357.29 3995.18 6774.58 11507 19596.9 33485.2 57431 98883.9 170884 296219 514537 894276 1.55223e+06 2.68477e+06 4.61622e+06 7.87095e+06 -1.45575e+08 1.86012e+07 2.54368e+07 3.38751e+07 4.39164e+07 5.5509e+07 6.86296e+07 8.33757e+07 
0.00054683 0.0140541 0.0797192 0.275118 0.743676 1.74132 3.71428 7.42883 14.1874 26.1901 47.1389 83.2558 144.999 249.978 427.93 729.254 1239.77 2106.35 3581.78 6103.61 10433.7 17905.9 30867.6 53466.4 93051.4 162657 285372 501934 883743 1.55479e+06 2.72775e+06 4.76153e+06 8.2488e+06 -1.66093e+08 1.9935e+07 2.73512e+07 3.64448e+07 4.71632e+07 5.94115e+07 7.31587e+07 
0.000272714 0.00701225 0.0397926 0.137391 0.371566 0.870489 1.85786 3.7182 7.10587 13.1274 23.6474 41.804 72.8806 125.789 215.61 367.959 626.571 1066.52 1817.46 3104.77 5322.7 9165.56 15863.4 27607.8 48320.9 85045 150445 267296 476471 851061 1.52101e+06 2.71511e+06 4.82984e+06 8.53567e+06 -1.87877e+08 2.12038e+07 2.92131e+07 3.89623e+07 5.03344e+07 6.31894e+07 
0.000130997 0.00336969 0.0191289 0.0660706 0.178757 0.418967 0.894611 1.79133 3.4253 6.33169 11.4132 20.1908 35.228 60.8551 104.409 178.376 304.112 518.356 884.72 1514.1 2601.21 4490.34 7794.68 13613.5 23929.6 42337.7 75382.3 135016 243123 439838 798827 1.45498e+06 2.65324e+06 4.83086e+06 8.74662e+06 -2.10666e+08 2.24455e+07 3.10727e+07 4.14878e+07 5.34979e+07 
6.04931e-05 0.00155668 0.00883964 0.0305418 0.082661 0.193811 0.414003 0.829333 1.58654 2.93418 5.29183 9.36698 16.3533 28.2689 48.5372 82.9906 141.618 241.632 412.885 707.529 1217.35 2105.14 3661.86 6411.46 11304.3 20075.8 35914.8 64715.5 117441 214617 394935 731692 1.36376e+06 2.5521e+06 4.77771e+06 8.89906e+06 -2.34077e+08 2.3698e+07 3.29787e+07 4.40777e+07 
2.67977e-05 0.000689849 0.00391842 0.0135424 0.0366637 0.0859914 0.183752 0.36823 0.704715 1.30386 2.3526 4.16632 7.27755 12.5873 21.6252 36.9998 63.1829 107.888 184.511 316.485 545.12 943.827 1644.12 2883.53 5094.49 9070.51 16279 29455.9 53749.2 98949.7 183904 345313 655250 1.25545e+06 2.42225e+06 4.68303e+06 9.00832e+06 -2.57468e+08 2.49945e+07 3.4973e+07 
1.136e-05 0.00029255 0.00166215 0.00574608 0.0155609 0.0365075 0.0780363 0.156433 0.299487 0.554321 1.00058 1.77273 3.09795 5.36084 9.2148 15.7749 26.954 46.0548 78.8173 135.293 233.222 404.167 704.758 1237.46 2189.26 3904.24 7021.35 12738.4 23327 43154.6 80757.3 153109 294494 574893 1.13752e+06 2.27295e+06 4.55708e+06 9.08586e+06 -2.79666e+08 2.63624e+07 
4.59607e-06 0.000118408 0.000672914 0.00232686 0.00630299 0.0147916 0.031627 0.0634199 0.121456 0.224881 0.406073 0.719723 1.25828 2.17834 3.74611 6.41614 10.9688 18.752 32.1107 55.1536 95.1382 164.988 287.915 505.963 895.954 1599.51 2880.19 5233.66 9604.21 17819.8 33488.6 63890.1 124030 245416 495063 1.01608e+06 2.11151e+06 4.40731e+06 9.13914e+06 -2.98547e+08 
cycle: 0
true_cycle: 0
nIterations: 0
nTrueIterations: 0
Branch: 0
dt_FE: 1.05075e-12
dt_EA: 1.05075e-12
dt_PE: 1.05075e-12
