t: 9.65503e-08
dt: 2.89651e-09
N: 0.0605757 0.167045 0.257582 0.333688 0.396759 0.448069 0.488748 0.519773 0.54196 0.555969 0.562306 0.561337 0.553319 0.538427 0.516814 0.488676 0.454341 0.414371 0.369668 0.321553 0.271844 0.223259 0.179626 0.140204 0.10068 0.0684927 0.0460443 0.0301281 0.0190972 0.0117285 0.00697751 0.00401819 0.00223738 0.0012028 0.000623211 0.000310613 0.000148599 6.80798e-05 2.97954e-05 1.24239e-05 
eC: 1.00639 3.07804 5.27089 7.59201 10.0489 12.6496 15.4023 18.3162 21.4004 24.6651 28.1208 31.7787 35.6505 39.7488 44.0869 48.6788 53.5393 58.6841 64.1299 69.8943 75.9959 82.4544 89.2908 96.5271 104.187 112.294 120.876 129.96 139.576 149.754 160.527 171.931 184.002 196.778 210.303 224.618 239.771 255.811 272.788 290.759 
dV: 2.71811 20.9912 63.6092 138.722 256.496 429.553 673.497 1007.55 1455.33 2045.74 2814.09 3803.42 5066.04 6665.5 8678.77 11199 14338.7 18233.7 23047.8 28977.8 36261 45182.1 56083.2 69374.4 85547.6 105192 129013 157855 192727 234836 285622 346808 420447 508992 615366 743056 896219 1.07981e+06 1.29972e+06 1.56298e+06 
kVec: 845155 2.49812e+06 4.13182e+06 5.73764e+06 7.30595e+06 8.82737e+06 1.02933e+07 1.16963e+07 1.30312e+07 1.4295e+07 1.54888e+07 1.66179e+07 1.76939e+07 1.87352e+07 1.97692e+07 2.08336e+07 2.19778e+07 2.32653e+07 2.47746e+07 2.66009e+07 2.88571e+07 3.16747e+07 3.5204e+07 3.96144e+07 4.50929e+07 5.18382e+07 6.00505e+07 6.9917e+07 8.15922e+07 9.51708e+07 1.10665e+08 1.27999e+08 1.47019e+08 1.6753e+08 1.89305e+08 2.12077e+08 2.35466e+08 2.58832e+08 2.81007e+08 2.99869e+08 
cMat: 
-111785 10778.9 11870.3 13333.2 15077.2 17120.5 19506.9 22294.6 25555.5 29376.4 33861.5 39135.2 45346.4 52672.7 61326.1 71559.4 83673.8 98028 115049 135245 159219 187685 221487 261615 309215 365594 432194 510555 602246 708855 832086 974020 1.13743e+06 1.32603e+06 1.5445e+06 1.79852e+06 2.09481e+06 2.44121e+06 2.84684e+06 3.3224e+06 
1118.83 -335932 30480.4 34268.5 38789 44091.4 50291.8 57544.7 66040.7 76010.1 87729.5 101530 117809 137041 159791 186735 218682 256591 301609 355098 418677 494266 584132 690934 817758 968117 1.1459e+06 1.35526e+06 1.60041e+06 1.88562e+06 2.21541e+06 2.59531e+06 3.0327e+06 3.53745e+06 4.12215e+06 4.80208e+06 5.59531e+06 6.52298e+06 7.60976e+06 8.8845e+06 
325.708 8057.49 -575905 49371.7 55942.6 63659.8 72696.2 83281.7 95699.9 110294 127477 147746 171693 200030 233608 273444 320753 376984 443865 523451 618188 730977 865245 1.02501e+06 1.21495e+06 1.44037e+06 1.70717e+06 2.02163e+06 2.39015e+06 2.81913e+06 3.31535e+06 3.88699e+06 4.54505e+06 5.30432e+06 6.1837e+06 7.20624e+06 8.39922e+06 9.7945e+06 1.14293e+07 1.33472e+07 
134.47 3329.66 18147 -837558 68041.8 77518.4 88631 101669 116988 135021 156290 181421 211167 246430 288291 338044 397236 467717 551690 651784 771124 913419 1.08305e+06 1.28518e+06 1.52577e+06 1.81164e+06 2.15035e+06 2.54996e+06 3.01866e+06 3.56462e+06 4.19638e+06 4.92423e+06 5.762e+06 6.72838e+06 7.84745e+06 9.14857e+06 1.06666e+07 1.24421e+07 1.45227e+07 1.69639e+07 
66.0604 1637.35 8933 29560 -1.12651e+06 87100.1 99716.4 114542 131993 152572 176887 205672 239809 280356 328586 386022 454490 536173 633677 750114 889183 1.05528e+06 1.2536e+06 1.49025e+06 1.77233e+06 2.10792e+06 2.50602e+06 2.97619e+06 3.52816e+06 4.17158e+06 4.91643e+06 5.77467e+06 6.76237e+06 7.90141e+06 9.22013e+06 1.07532e+07 1.25418e+07 1.4634e+07 1.70859e+07 1.99633e+07 
36.1084 895.898 4893.17 16210.8 41926.5 -1.4492e+06 107296 123429 142453 164930 191541 223108 260622 305275 358502 422027 497916 588645 697173 827035 982439 1.16839e+06 1.3908e+06 1.65662e+06 1.97396e+06 2.35203e+06 2.80109e+06 3.33207e+06 3.95607e+06 4.68403e+06 5.52717e+06 6.49878e+06 7.61678e+06 8.90573e+06 1.03976e+07 1.21318e+07 1.41549e+07 1.65216e+07 1.92956e+07 2.25513e+07 
21.2571 527.993 2887.11 9576.61 24800.7 55438.1 -1.81316e+06 129564 149779 173712 202107 235864 276071 324040 381353 449914 532013 630395 748347 889797 1.05943e+06 1.26282e+06 1.50656e+06 1.7984e+06 2.14737e+06 2.56377e+06 3.05907e+06 3.64547e+06 4.33538e+06 5.14094e+06 6.07448e+06 7.15045e+06 8.38833e+06 9.81507e+06 1.1466e+07 1.33846e+07 1.56228e+07 1.82413e+07 2.13108e+07 2.49138e+07 
13.2369 329.16 1802.07 5985.25 15521.5 34746.6 70592 -2.2272e+06 155086 180198 210059 245642 288127 338941 399807 472806 560443 665729 792276 944405 1.12728e+06 1.34703e+06 1.61094e+06 1.92757e+06 2.30687e+06 2.76025e+06 3.30037e+06 3.94075e+06 4.6951e+06 5.57677e+06 6.59915e+06 7.77778e+06 9.13358e+06 1.06957e+07 1.25026e+07 1.46021e+07 1.70512e+07 1.99165e+07 2.32756e+07 2.72193e+07 
8.62223 214.665 1176.74 3913.68 10164 22788.5 46373.5 88129.4 -2.70171e+06 185360 216521 253748 298312 351756 415949 493153 586098 698075 833035 995718 1.19179e+06 1.42799e+06 1.71232e+06 2.05421e+06 2.46461e+06 2.9561e+06 3.54263e+06 4.23913e+06 5.06071e+06 6.02203e+06 7.13759e+06 8.42397e+06 9.90351e+06 1.16076e+07 1.35779e+07 1.58667e+07 1.85364e+07 2.16598e+07 2.5322e+07 2.96222e+07 
5.83079 145.349 797.839 2657.29 6911.65 15521.6 31640.4 60240.7 109045 -3.24895e+06 222309 261132 307737 363792 431323 512788 611164 730048 873770 1.04753e+06 1.25756e+06 1.51128e+06 1.81751e+06 2.18663e+06 2.63075e+06 3.16373e+06 3.801e+06 4.55909e+06 5.45468e+06 6.50388e+06 7.72245e+06 9.1281e+06 1.07446e+07 1.26057e+07 1.47566e+07 1.72545e+07 2.01675e+07 2.35758e+07 2.75724e+07 3.2266e+07 
4.07041 101.599 558.47 1862.83 4852.97 10917 22294.4 42529 77142.9 134636 -3.88337e+06 268417 317140 375926 446975 532969 637162 763500 916746 1.10263e+06 1.32804e+06 1.60119e+06 1.93183e+06 2.33148e+06 2.81356e+06 3.39346e+06 4.08834e+06 4.91655e+06 5.89665e+06 7.04646e+06 8.38317e+06 9.92575e+06 1.16996e+07 1.37408e+07 1.60989e+07 1.88362e+07 2.20281e+07 2.57624e+07 3.01418e+07 3.52859e+07 
2.91932 72.9667 401.665 1341.87 3501.63 7891.14 16145.8 30862.5 56102.5 98140.1 166569 -4.62203e+06 326906 388623 463476 554398 664967 799530 963357 1.16281e+06 1.40553e+06 1.70066e+06 2.0591e+06 2.49368e+06 3.01942e+06 3.65351e+06 4.41516e+06 5.32492e+06 6.40357e+06 7.67099e+06 9.14606e+06 1.08492e+07 1.28076e+07 1.50602e+07 1.76609e+07 2.06786e+07 2.41965e+07 2.83122e+07 3.31393e+07 3.88101e+07 
2.14172 53.6061 295.534 988.908 2585.04 5836.34 11965.3 22920.2 41759.6 73227.3 124606 206980 -5.48511e+06 401952 480925 577226 694802 838472 1.0141e+06 1.22878e+06 1.49107e+06 1.81123e+06 2.20149e+06 2.67631e+06 3.25259e+06 3.94971e+06 4.78935e+06 5.79472e+06 6.98929e+06 8.39539e+06 1.0034e+07 1.19272e+07 1.41041e+07 1.66068e+07 1.94946e+07 2.28435e+07 2.67464e+07 3.13121e+07 3.66674e+07 4.29597e+07 
1.6004 40.1151 221.5 742.415 1944.17 4397.9 9034.94 17345.3 31677.5 55689.1 95020 158292 258582 -6.49637e+06 498950 601032 726207 879838 1.06848e+06 1.3001e+06 1.58434e+06 1.93278e+06 2.35928e+06 2.88022e+06 3.51479e+06 4.28504e+06 5.21559e+06 6.33289e+06 7.66367e+06 9.23327e+06 1.10651e+07 1.31833e+07 1.56191e+07 1.84182e+07 2.16456e+07 2.53861e+07 2.97435e+07 3.48404e+07 4.08189e+07 4.78447e+07 
1.21287 30.4462 168.38 565.338 1483.19 3361.78 6921.15 13317.8 24382.2 42977.7 73539.5 122880 201384 324774 -7.68389e+06 624803 757993 922251 1.12493e+06 1.37501e+06 1.6834e+06 2.06328e+06 2.53042e+06 3.10353e+06 3.80455e+06 4.6587e+06 5.69424e+06 6.9415e+06 8.43114e+06 1.01921e+07 1.22509e+07 1.4634e+07 1.73749e+07 2.05231e+07 2.415e+07 2.83505e+07 3.32416e+07 3.89615e+07 4.56709e+07 5.35567e+07 
0.928124 23.3335 129.254 434.732 1142.7 2595.31 5354.91 10328.5 18957.7 33508.1 57505.6 96393.3 158513 256562 409745 -9.0808e+06 788216 963382 1.18068e+06 1.45025e+06 1.78449e+06 2.19841e+06 2.71007e+06 3.34094e+06 4.11625e+06 5.06506e+06 6.21994e+06 7.61591e+06 9.2884e+06 1.12708e+07 1.3593e+07 1.62844e+07 1.9381e+07 2.29361e+07 2.70284e+07 3.17637e+07 3.72742e+07 4.37165e+07 5.12732e+07 6.01559e+07 
0.713927 17.9759 99.7402 336.064 885.051 2014.33 4165.52 8053.95 14821.7 26272.1 45225.4 76058.8 125518 203929 327010 518525 -1.07263e+07 999940 1.23171e+06 1.52096e+06 1.88174e+06 2.33121e+06 2.89007e+06 3.58303e+06 4.43921e+06 5.49222e+06 6.7798e+06 8.34255e+06 1.02216e+07 1.24556e+07 1.50788e+07 1.81235e+07 2.16285e+07 2.56511e+07 3.02772e+07 3.56247e+07 4.1843e+07 4.91101e+07 5.76332e+07 6.7653e+07 
0.549501 13.8572 77.0152 259.962 685.966 1564.52 3242.75 6285.34 11598 20617.8 35603.7 60081.2 99514.4 162322 261396 416367 656943 -1.26668e+07 1.27288e+06 1.58073e+06 1.96726e+06 2.45201e+06 3.05868e+06 3.81573e+06 4.75681e+06 5.92084e+06 7.35165e+06 9.09646e+06 1.12031e+07 1.37166e+07 1.66762e+07 2.01177e+07 2.40827e+07 2.86319e+07 3.38585e+07 3.98933e+07 4.69042e+07 5.50932e+07 6.4696e+07 7.59856e+07 
0.421259 10.6396 59.2313 200.295 529.559 1210.36 2514.5 4886.02 9040.53 16118.9 27924.4 47286.7 78618.5 128762 208268 333317 528581 831448 -1.49578e+07 1.62195e+06 2.0314e+06 2.54864e+06 3.20074e+06 4.02033e+06 5.04619e+06 6.32341e+06 7.90285e+06 9.83946e+06 1.2189e+07 1.50038e+07 1.83291e+07 2.22047e+07 2.66746e+07 3.18028e+07 3.76888e+07 4.4476e+07 5.23522e+07 6.15453e+07 7.23224e+07 8.49925e+07 
0.320195 8.09946 45.1653 153.005 405.323 928.382 1933.16 3765.87 6987.06 12494.9 21716.7 36905.1 61595 101304 164600 264726 422033 667626 1.04873e+06 -1.76656e+07 2.0636e+06 2.60743e+06 3.29862e+06 4.17435e+06 5.2791e+06 6.66484e+06 8.39044e+06 1.05197e+07 1.31176e+07 1.62449e+07 1.99538e+07 2.42887e+07 2.92959e+07 3.50414e+07 4.16297e+07 4.92156e+07 5.80065e+07 6.82579e+07 8.02702e+07 9.43914e+07 
0.24022 6.08569 33.9916 115.358 306.187 702.799 1466.8 2864.57 5329.41 9559.1 16668.5 28427.6 47631.2 78671.8 128421 207582 332746 529494 837037 1.31507e+06 -2.08706e+07 2.61467e+06 3.33398e+06 4.25355e+06 5.42389e+06 6.90445e+06 8.76297e+06 1.10732e+07 1.39106e+07 1.73456e+07 2.14385e+07 2.62386e+07 3.17946e+07 3.81729e+07 4.54809e+07 5.38821e+07 6.36019e+07 7.49229e+07 8.818e+07 1.03761e+08 
0.177015 4.49115 25.1259 85.4204 227.159 522.49 1092.97 2139.8 3991.83 7181.25 12563 21502.3 36168.8 59995.7 98395 159864 257692 412559 656486 1.03873e+06 1.63449e+06 -2.46716e+07 3.28888e+06 4.23305e+06 5.44663e+06 6.9968e+06 8.96072e+06 1.1423e+07 1.44705e+07 1.8185e+07 2.26356e+07 2.78776e+07 3.39614e+07 4.09525e+07 4.89578e+07 5.81454e+07 6.87547e+07 8.10925e+07 9.55273e+07 1.12487e+08 
0.127424 3.23765 18.1417 61.7823 164.605 379.383 795.377 1560.98 2919.81 5268.1 9245.75 15880.6 26816.4 44672.4 73608.7 120211 194872 313921 502908 801573 1.27131e+06 2.00618e+06 -2.91924e+07 4.09118e+06 5.31573e+06 6.89702e+06 8.9216e+06 1.14852e+07 1.46871e+07 1.86211e+07 2.33668e+07 2.8986e+07 3.55305e+07 4.30635e+07 5.16871e+07 6.15683e+07 7.29533e+07 8.61677e+07 1.01608e+08 1.19739e+08 
0.0896562 2.28123 12.8021 43.6707 116.562 269.185 565.57 1112.6 2086.54 3775.43 6646.88 11456.3 19419.3 32486.3 53778.1 88276.9 143914 233280 376282 604245 966170 1.53811e+06 2.43704e+06 -3.45654e+07 5.04284e+06 6.61407e+06 8.64992e+06 1.12575e+07 1.45491e+07 1.8632e+07 2.35977e+07 2.95161e+07 3.64413e+07 4.44324e+07 5.35834e+07 6.40535e+07 7.60876e+07 9.00219e+07 1.06276e+08 1.25343e+08 
0.0619062 1.57729 8.86473 30.288 80.9836 187.379 394.514 777.875 1462.47 2653.54 4685.95 8103.67 13787.4 23159.5 38513 63538.3 104163 169891 275912 446416 719728 1.15616e+06 1.84983e+06 2.94599e+06 -4.09229e+07 6.19109e+06 8.19386e+06 1.07928e+07 1.41142e+07 1.82809e+07 2.33991e+07 2.95492e+07 3.67895e+07 4.51749e+07 5.47885e+07 6.57754e+07 7.83712e+07 9.29139e+07 1.09839e+08 1.29665e+08 
0.041547 1.05995 5.96554 20.4137 54.6734 126.734 267.364 528.327 995.691 1811.39 3208.14 5565.92 9503.56 16027 26769.4 44379.9 73151.8 120035 196258 319917 520061 843060 1.36238e+06 2.19327e+06 3.51427e+06 -4.84665e+07 7.50398e+06 1.00142e+07 1.32684e+07 1.74055e+07 2.25485e+07 2.87915e+07 3.61996e+07 4.48246e+07 5.47357e+07 6.60576e+07 7.90049e+07 9.39031e+07 1.11189e+08 1.314e+08 
0.0270056 0.689821 3.88765 13.3227 35.7387 82.9872 175.407 347.336 656.092 1196.59 2125.16 3698.34 6336.23 10725.9 17990.5 29965.5 49650.9 81948.7 134863 221445 362919 593657 968976 1.57714e+06 2.55735e+06 4.12596e+06 -5.73981e+07 8.95042e+06 1.20296e+07 1.60056e+07 2.10198e+07 2.71837e+07 3.45734e+07 4.32402e+07 5.32395e+07 6.46694e+07 7.77118e+07 9.26636e+07 1.09946e+08 1.30095e+08 
0.0170336 0.435612 2.45811 8.43542 22.6623 52.7093 111.609 221.44 419.185 766.327 1364.56 2381.56 4093.32 6953.8 11709.8 19590.5 32621.1 54140.1 89654 148243 244863 404075 666039 1.09594e+06 1.79855e+06 2.93996e+06 4.77895e+06 -6.78873e+07 1.05237e+07 1.42219e+07 1.89659e+07 2.48888e+07 3.20838e+07 4.0608e+07 5.05053e+07 6.18449e+07 7.47673e+07 8.95247e+07 1.06504e+08 1.26222e+08 
0.0104221 0.266826 1.50745 5.17973 13.9351 32.4606 68.8483 136.849 259.573 475.58 848.901 1485.56 2560.91 4364.91 7377.36 12393.2 20731.8 34586.4 57608.4 95883.6 159555 265512 441789 734683 1.22001e+06 2.02051e+06 3.33165e+06 5.45869e+06 -8.0084e+07 1.21871e+07 1.65314e+07 2.20584e+07 2.88861e+07 3.7086e+07 4.66981e+07 5.77647e+07 7.03788e+07 8.47347e+07 1.01164e+08 1.20146e+08 
0.0061797 0.158372 0.895695 3.08128 8.30023 19.3615 41.1278 81.8852 155.603 285.663 511.033 896.492 1549.64 2649.24 4492.69 7575.72 12726.5 21332.3 35722.7 59818.2 100227 168089 282170 473969 796040 1.33523e+06 2.2331e+06 3.71624e+06 6.13939e+06 -9.40858e+07 1.38808e+07 1.88724e+07 2.5169e+07 3.28687e+07 4.20195e+07 5.26449e+07 6.47908e+07 7.85834e+07 9.42805e+07 1.12299e+08 
0.00354684 0.0909791 0.515035 1.7736 4.78303 11.1708 23.761 47.3778 90.1756 165.844 297.269 522.628 905.576 1552.33 2640.42 4467.35 7533.12 12680.9 21337.7 35925.7 60569 102302 173128 293511 498195 845764 1.43393e+06 2.42316e+06 4.07191e+06 6.78699e+06 -1.09912e+08 1.55379e+07 2.11597e+07 2.81954e+07 3.67186e+07 4.67498e+07 5.82959e+07 7.14117e+07 8.6266e+07 1.03189e+08 
0.00196842 0.0505306 0.286285 0.986729 2.66353 6.22718 13.2607 26.474 50.4583 92.9401 166.872 293.924 510.35 876.862 1495.36 2537.36 4292.68 7252.89 12255.4 20733 35146 59734.4 101820 174057 298279 512005 879193 1.50761e+06 2.57598e+06 4.37491e+06 7.36665e+06 -1.27495e+08 1.71052e+07 2.33345e+07 3.10756e+07 4.03701e+07 5.12057e+07 6.35727e+07 7.7542e+07 9.3336e+07 
0.00105538 0.0271097 0.153693 0.530106 1.43205 3.3509 7.14232 14.2736 27.2355 50.2277 90.3065 159.307 277.08 476.973 815.144 1386.49 2352.03 3986.28 6759.48 11481.4 19553.2 33410.5 57303 98663.5 170503 295558 513390 892282 1.54877e+06 2.67878e+06 4.60593e+06 7.8534e+06 -1.46697e+08 1.85598e+07 2.53801e+07 3.37996e+07 4.38185e+07 5.53853e+07 6.84766e+07 8.31899e+07 
0.000546175 0.0140373 0.0796237 0.274788 0.742785 1.73923 3.70983 7.41992 14.1704 26.1587 47.0825 83.156 144.825 249.679 427.417 728.381 1238.28 2103.83 3577.49 6096.29 10421.2 17884.5 30830.6 53402.3 92939.9 162462 285030 501332 882684 1.55293e+06 2.72448e+06 4.75582e+06 8.23892e+06 -1.67332e+08 1.99111e+07 2.73185e+07 3.64011e+07 4.71067e+07 5.93403e+07 7.3071e+07 
0.000272544 0.0070079 0.0397679 0.137305 0.371336 0.869948 1.85671 3.71589 7.10145 13.1192 23.6327 41.7781 72.8354 125.711 215.476 367.731 626.182 1065.86 1816.34 3102.84 5319.4 9159.87 15853.6 27590.7 48290.9 84992.2 150352 267130 476175 850533 1.52007e+06 2.71343e+06 4.82684e+06 8.53037e+06 -1.89189e+08 2.11906e+07 2.9195e+07 3.89381e+07 5.03032e+07 6.31502e+07 
0.000130957 0.00336864 0.019123 0.0660502 0.178702 0.418838 0.894334 1.79077 3.42424 6.32973 11.4097 20.1845 35.2171 60.8362 104.377 178.321 304.018 518.195 884.446 1513.63 2600.4 4488.95 7792.27 13609.3 23922.2 42324.6 75359 134974 243047 439702 798579 1.45453e+06 2.65242e+06 4.82936e+06 8.74391e+06 -2.12012e+08 2.24385e+07 3.10631e+07 4.1475e+07 5.34813e+07 
6.04842e-05 0.00155645 0.00883833 0.0305373 0.0826487 0.193782 0.413942 0.82921 1.58631 2.93374 5.29104 9.3656 16.3509 28.2647 48.53 82.9784 141.597 241.596 412.824 707.424 1217.17 2104.83 3661.31 6410.51 11302.6 20072.9 35909.4 64705.9 117424 214586 394877 731584 1.36356e+06 2.55172e+06 4.777e+06 8.89774e+06 -2.35431e+08 2.36945e+07 3.29738e+07 4.40711e+07 
2.67959e-05 0.000689802 0.00391815 0.0135415 0.0366612 0.0859856 0.18374 0.368205 0.704667 1.30377 2.35244 4.16604 7.27706 12.5864 21.6238 36.9973 63.1786 107.881 184.498 316.463 545.083 943.763 1644.01 2883.33 5094.15 9069.9 16277.9 29453.9 53745.5 98943 183891 345290 655206 1.25536e+06 2.42208e+06 4.68272e+06 9.00771e+06 -2.58814e+08 2.49928e+07 3.49706e+07 
1.13597e-05 0.000292541 0.0016621 0.00574591 0.0155604 0.0365064 0.078034 0.156429 0.299478 0.554305 1.00055 1.77268 3.09786 5.36068 9.21453 15.7744 26.9532 46.0534 78.815 135.289 233.215 404.155 704.737 1237.43 2189.19 3904.13 7021.14 12738 23326.3 43153.4 80754.9 153105 294485 574876 1.13749e+06 2.27288e+06 4.55695e+06 9.08559e+06 -2.80999e+08 2.63616e+07 
4.59602e-06 0.000118407 0.000672906 0.00232683 0.00630291 0.0147914 0.0316266 0.0634192 0.121454 0.224878 0.406068 0.719714 1.25826 2.17831 3.74606 6.41606 10.9686 18.7518 32.1103 55.1529 95.137 164.986 287.912 505.957 895.943 1599.49 2880.15 5233.6 9604.09 17819.5 33488.2 63889.3 124028 245413 495056 1.01606e+06 2.11148e+06 4.40726e+06 9.13902e+06 -2.99866e+08 
cycle: 0
true_cycle: 0
nIterations: 0
nTrueIterations: 0
Branch: 0
dt_FE: 2.89651e-09
dt_EA: 2.89651e-09
dt_PE: 2.89651e-09
