t: 3.7158e-11
dt: 1.11474e-12
N: 1.9496e-05 5.81102e-05 9.67915e-05 0.000135329 0.000173483 0.000210982 0.000247525 0.000282773 0.000316358 0.000347873 0.000376884 0.000402925 0.000425506 0.000444125 0.000458276 0.000467467 0.000471243 0.000469242 0.000463026 0.000533477 0.00278149 0.0348687 0.238192 0.663904 0.628428 0.165263 0.00971877 0.000192728 6.58692e-05 4.25096e-05 2.64388e-05 1.57638e-05 8.98648e-06 4.89005e-06 2.53819e-06 1.25662e-06 5.93544e-07 2.6748e-07 1.14945e-07 4.7043e-08 
eC: 1.00639 3.07804 5.27089 7.59201 10.0489 12.6496 15.4023 18.3162 21.4004 24.6651 28.1208 31.7787 35.6505 39.7488 44.0869 48.6788 53.5393 58.6841 64.1299 69.8943 75.9959 82.4544 89.2908 96.5271 104.187 112.294 120.876 129.96 139.576 149.754 160.527 171.931 184.002 196.778 210.303 224.618 239.771 255.811 272.788 290.759 
dV: 2.71811 20.9912 63.6092 138.722 256.496 429.553 673.497 1007.55 1455.33 2045.74 2814.09 3803.42 5066.04 6665.5 8678.77 11199 14338.7 18233.7 23047.8 28977.8 36261 45182.1 56083.2 69374.4 85547.6 105192 129013 157855 192727 234836 285622 346808 420447 508992 615366 743056 896219 1.07981e+06 1.29972e+06 1.56298e+06 
kVec: 710882 2.1348e+06 3.5937e+06 5.08709e+06 6.61321e+06 8.17003e+06 9.7554e+06 1.13672e+07 1.30032e+07 1.46619e+07 1.63421e+07 1.80433e+07 1.97667e+07 2.15149e+07 2.32934e+07 2.51108e+07 2.698e+07 2.89199e+07 3.09562e+07 3.31239e+07 3.54689e+07 3.80505e+07 4.095e+07 4.43215e+07 4.85143e+07 5.40374e+07 6.12757e+07 7.04061e+07 8.1525e+07 9.46823e+07 1.0986e+08 1.2696e+08 1.45818e+08 1.66225e+08 1.87946e+08 2.107e+08 2.34094e+08 2.57476e+08 2.7967e+08 2.98548e+08 
cMat: 
-186110 11473.8 12635.5 14192.7 16049.1 18224.1 20764.3 23731.7 27202.8 31270.1 36044.2 41657.9 48269.5 56068 65279.2 76172.2 89067.4 104347 122465 143963 169482 199783 235764 278479 329148 389160 460054 543465 641068 754549 885723 1.03681e+06 1.21076e+06 1.41151e+06 1.64406e+06 1.91446e+06 2.22985e+06 2.59857e+06 3.03035e+06 3.53656e+06 
1343.12 -570622 36591 41138.5 46565.2 52930.6 60374 69081 79280.2 91248.2 105317 121885 141427 164514 191825 224171 262522 308032 362074 426286 502611 593354 701235 829448 981697 1.1622e+06 1.37563e+06 1.62695e+06 1.92125e+06 2.26364e+06 2.65955e+06 3.11561e+06 3.64068e+06 4.24663e+06 4.94854e+06 5.76478e+06 6.71703e+06 7.83068e+06 9.13532e+06 1.06656e+07 
438.67 10852 -988262 66494.7 75344.6 85738.3 97908.7 112165 128891 148546 171689 198987 231239 269404 314628 368280 431997 507730 597806 704994 832589 984495 1.16533e+06 1.38051e+06 1.63631e+06 1.93992e+06 2.29925e+06 2.72277e+06 3.21911e+06 3.79687e+06 4.46518e+06 5.23508e+06 6.12137e+06 7.14396e+06 8.32833e+06 9.70551e+06 1.13122e+07 1.31914e+07 1.53932e+07 1.79762e+07 
201.785 4996.48 27231.2 -1.44422e+06 102103 116324 132999 152563 175551 202612 234528 272240 316876 369791 432608 507267 596091 701853 827864 978064 1.15715e+06 1.37067e+06 1.62523e+06 1.92853e+06 2.28956e+06 2.71854e+06 3.22681e+06 3.82646e+06 4.52979e+06 5.34905e+06 6.29707e+06 7.38928e+06 8.64643e+06 1.00966e+07 1.17758e+07 1.37283e+07 1.60062e+07 1.86706e+07 2.17927e+07 2.5456e+07 
109.49 2713.79 14805.8 48993.5 -1.94319e+06 144362 165273 189845 218768 252876 293177 340887 397466 464670 544607 639803 753283 888666 1.05027e+06 1.24326e+06 1.47375e+06 1.74905e+06 2.07775e+06 2.46998e+06 2.9375e+06 3.49372e+06 4.15354e+06 4.93281e+06 5.84767e+06 6.91408e+06 8.14862e+06 9.57109e+06 1.12081e+07 1.3096e+07 1.52817e+07 1.78226e+07 2.07871e+07 2.42548e+07 2.83187e+07 3.30876e+07 
65.4081 1622.86 8863.69 29364.9 75947.4 -2.49043e+06 194359 223584 258045 298761 346965 404147 472101 552987 649405 764476 901945 1.06629e+06 1.26289e+06 1.49812e+06 1.77963e+06 2.11646e+06 2.51934e+06 3.00087e+06 3.5757e+06 4.26055e+06 5.074e+06 6.03584e+06 7.16619e+06 8.48484e+06 1.00121e+07 1.17721e+07 1.37973e+07 1.61322e+07 1.88347e+07 2.1976e+07 2.56408e+07 2.99279e+07 3.49528e+07 4.08503e+07 
41.5683 1032.49 5645.74 18727 48497.7 108409 -3.09196e+06 253363 292893 339694 395221 461232 539856 633659 745734 879807 1.04035e+06 1.23274e+06 1.46339e+06 1.74e+06 2.07172e+06 2.46944e+06 2.94607e+06 3.51676e+06 4.19917e+06 5.01345e+06 5.982e+06 7.12871e+06 8.47784e+06 1.00531e+07 1.18786e+07 1.39827e+07 1.64034e+07 1.91934e+07 2.24217e+07 2.61736e+07 3.05504e+07 3.56709e+07 4.16732e+07 4.87189e+07 
27.556 685.231 3751.47 12459.8 32311.9 72334.1 146955 -3.75465e+06 322851 375128 437291 511367 599811 705593 832302 984268 1.16671e+06 1.38589e+06 1.64933e+06 1.96602e+06 2.34672e+06 2.80419e+06 3.35359e+06 4.01273e+06 4.80235e+06 5.74617e+06 6.87056e+06 8.20368e+06 9.77406e+06 1.16095e+07 1.37378e+07 1.61915e+07 1.90139e+07 2.22658e+07 2.60274e+07 3.03981e+07 3.54965e+07 4.14613e+07 4.84542e+07 5.6664e+07 
18.8182 468.512 2568.27 8541.7 22183.2 49736.5 101211 192345 -4.48645e+06 404552 472563 553812 651074 767716 907819 1.07632e+06 1.27917e+06 1.52357e+06 1.81812e+06 2.17318e+06 2.60111e+06 3.11662e+06 3.73719e+06 4.48336e+06 5.37908e+06 6.45176e+06 7.73188e+06 9.25201e+06 1.10451e+07 1.31432e+07 1.5578e+07 1.83855e+07 2.16147e+07 2.53338e+07 2.96341e+07 3.46296e+07 4.04562e+07 4.72731e+07 5.5266e+07 6.46513e+07 
13.1269 327.227 1796.18 5982.39 15560.3 34944 71232.4 135621 245496 -5.29652e+06 500487 587889 692813 819010 971043 1.15445e+06 1.37592e+06 1.64357e+06 1.96713e+06 2.35832e+06 2.83116e+06 3.40237e+06 4.09179e+06 4.9228e+06 5.92264e+06 7.12254e+06 8.55725e+06 1.02639e+07 1.22802e+07 1.46423e+07 1.73857e+07 2.05502e+07 2.41895e+07 2.83793e+07 3.32218e+07 3.88452e+07 4.54035e+07 5.30765e+07 6.20741e+07 7.26409e+07 
9.29615 232.037 1275.45 4254.39 11083.4 24932.6 50916.9 97129.3 176182 307486 -6.19544e+06 613021 724296 858553 1.02082e+06 1.21721e+06 1.45518e+06 1.74371e+06 2.0937e+06 2.51824e+06 3.03304e+06 3.65686e+06 4.41199e+06 5.32472e+06 6.42571e+06 7.75012e+06 9.33711e+06 1.12286e+07 1.3467e+07 1.6093e+07 1.91458e+07 2.26688e+07 2.67199e+07 3.13818e+07 3.67672e+07 4.30189e+07 5.03085e+07 5.88371e+07 6.8839e+07 8.05872e+07 
6.65237 166.272 915.289 3057.78 7979.3 17981.8 36792.1 70327.4 127843 223635 379566 -7.19542e+06 744932 885569 1.05614e+06 1.26333e+06 1.51528e+06 1.82192e+06 2.19524e+06 2.64973e+06 3.20282e+06 3.87536e+06 4.69214e+06 5.68244e+06 6.88046e+06 8.32538e+06 1.0061e+07 1.21341e+07 1.45921e+07 1.74802e+07 2.08415e+07 2.47225e+07 2.91851e+07 3.43182e+07 4.02446e+07 4.71212e+07 5.51375e+07 6.45161e+07 7.55157e+07 8.8438e+07 
4.79271 119.959 661.339 2212.96 5784.74 13060.5 26775.7 51290.3 93448.8 163867 278842 463176 -8.31062e+06 899480 1.0762e+06 1.2917e+06 1.55481e+06 1.87632e+06 2.26933e+06 2.74973e+06 3.33667e+06 4.05312e+06 4.92645e+06 5.989e+06 7.27857e+06 8.83859e+06 1.07175e+07 1.29673e+07 1.56405e+07 1.8787e+07 2.24538e+07 2.66904e+07 3.15618e+07 3.71624e+07 4.36245e+07 5.11188e+07 5.98525e+07 7.00696e+07 8.20535e+07 9.61344e+07 
3.46575 86.8709 479.668 1607.73 4210.19 9523.83 19565.5 37562 68598.9 120597 205770 342787 559970 -9.55741e+06 1.0805e+06 1.30156e+06 1.57263e+06 1.90533e+06 2.31384e+06 2.81542e+06 3.43095e+06 4.18552e+06 5.10912e+06 6.23725e+06 7.61144e+06 9.27943e+06 1.12946e+07 1.37141e+07 1.6596e+07 1.9995e+07 2.39619e+07 2.8549e+07 3.38239e+07 3.98855e+07 4.68744e+07 5.49746e+07 6.44109e+07 7.54484e+07 8.83952e+07 1.0361e+08 
2.509 62.9826 348.32 1169.49 3068.21 6954.35 14317.4 27549.8 50438.3 88905.8 152127 254195 416593 671843 -1.09547e+07 1.2925e+06 1.56802e+06 1.90781e+06 2.32708e+06 2.84441e+06 3.48238e+06 4.26821e+06 5.23456e+06 6.42012e+06 7.87028e+06 9.63722e+06 1.17794e+07 1.43595e+07 1.74411e+07 2.1084e+07 2.53429e+07 3.02726e+07 3.59425e+07 4.24551e+07 4.99579e+07 5.86474e+07 6.87653e+07 8.05977e+07 9.44771e+07 1.1079e+08 
1.81429 45.6122 252.665 849.811 2233.74 5073.3 10467.8 20190 37058.4 65501.4 112412 188429 309860 501527 800968 -1.25244e+07 1.5408e+06 1.88321e+06 2.30798e+06 2.83494e+06 3.4883e+06 4.29744e+06 5.29763e+06 6.53085e+06 8.04642e+06 9.90114e+06 1.21587e+07 1.48875e+07 1.81569e+07 2.2032e+07 2.65716e+07 3.18326e+07 3.78858e+07 4.48354e+07 5.28349e+07 6.20914e+07 7.28633e+07 8.54568e+07 1.00228e+08 1.17592e+08 
1.30776 32.928 182.702 615.596 1621.22 3689.81 7630.33 14753.1 27150.2 48124.7 82843.1 139323 229921 373554 599011 949825 -1.42919e+07 1.83167e+06 2.25623e+06 2.78606e+06 3.44694e+06 4.27027e+06 5.29397e+06 6.56333e+06 8.13166e+06 1.00605e+07 1.24191e+07 1.52817e+07 1.87237e+07 2.28159e+07 2.7621e+07 3.31983e+07 3.96187e+07 4.69873e+07 5.54611e+07 6.52567e+07 7.66473e+07 8.99589e+07 1.05571e+08 1.23925e+08 
0.937867 23.6509 131.447 443.693 1170.78 2670.26 5534.61 10727.6 19795.1 35189.6 60767.1 102544 169847 277044 446141 710641 1.12125e+06 -1.62862e+07 2.1725e+06 2.69793e+06 3.35765e+06 4.185e+06 5.22044e+06 6.51256e+06 8.11874e+06 1.01055e+07 1.25475e+07 1.55255e+07 1.91211e+07 2.3411e+07 2.84623e+07 3.43362e+07 4.11034e+07 4.88679e+07 5.77884e+07 6.80884e+07 8.00544e+07 9.40311e+07 1.10421e+08 1.29689e+08 
0.668004 16.8715 93.9249 317.614 839.738 1919.31 3987.32 7747.92 14335.8 25560.2 44280.5 74983.9 124668 204182 330257 528551 838187 1.31845e+06 -1.8541e+07 2.57198e+06 3.22125e+06 4.04146e+06 5.07551e+06 6.37515e+06 8.0019e+06 1.00272e+07 1.25318e+07 1.56027e+07 1.93285e+07 2.3792e+07 2.90649e+07 3.52106e+07 4.22987e+07 5.04307e+07 5.97643e+07 7.0527e+07 8.30164e+07 9.75942e+07 1.14684e+08 1.34775e+08 
0.471701 11.9319 66.536 225.402 597.108 1367.66 2847.87 5547.76 10293.1 18407.1 31992.3 54367.4 90739.8 149237 242484 389986 621726 983525 1.54496e+06 -2.10954e+07 3.04003e+06 3.84118e+06 4.85942e+06 6.14952e+06 7.777e+06 9.81843e+06 1.23605e+07 1.54973e+07 1.93244e+07 2.39315e+07 2.93953e+07 3.57813e+07 4.31578e+07 5.16218e+07 6.13275e+07 7.25028e+07 8.54533e+07 1.00555e+08 1.18251e+08 1.39054e+08 
0.328985 8.33442 46.5519 157.985 419.327 962.492 2008.8 3923.07 7298.7 13091.3 22827.7 38932 65231.6 107742 175874 284286 455699 725148 1.14633e+06 1.801e+06 -2.39999e+07 3.58082e+06 4.56593e+06 5.82529e+06 7.42809e+06 9.45573e+06 1.2001e+07 1.51649e+07 1.90507e+07 2.3755e+07 2.93602e+07 3.59341e+07 4.3543e+07 5.22783e+07 6.22866e+07 7.37923e+07 8.71036e+07 1.02608e+08 1.20764e+08 1.42102e+08 
0.219949 5.58042 31.2199 106.138 282.254 649.215 1358.05 2658.79 4960 8922.99 15610 26717.5 44941.2 74547.1 122260 198638 320192 512621 815710 1.29066e+06 2.03092e+06 -2.74014e+07 4.08657e+06 5.25973e+06 6.76765e+06 8.6938e+06 1.1134e+07 1.41935e+07 1.79802e+07 2.25955e+07 2.81256e+07 3.46391e+07 4.21983e+07 5.08851e+07 6.08319e+07 7.2248e+07 8.54304e+07 1.00761e+08 1.18696e+08 1.39769e+08 
0.118328 3.00651 16.8466 57.3717 152.854 352.299 738.595 1449.54 2711.37 4892.01 8585.7 14746.9 24902 41483.3 68353.8 111629 180960 291511 467006 744349 1.18055e+06 1.86296e+06 -3.19741e+07 3.79911e+06 4.93624e+06 6.40465e+06 8.28469e+06 1.06653e+07 1.36386e+07 1.72918e+07 2.16987e+07 2.69167e+07 3.2994e+07 3.99892e+07 4.79972e+07 5.7173e+07 6.77452e+07 8.00162e+07 9.43546e+07 1.11191e+08 
0.0350468 0.891735 5.00437 17.0709 45.5643 105.225 221.082 434.919 815.633 1475.82 2598.28 4478.29 7591.04 12698.9 21022 34507.6 56256.4 91189.7 147089 236201 377678 601252 952642 -3.85183e+07 1.97126e+06 2.58545e+06 3.38127e+06 4.40058e+06 5.68725e+06 7.28326e+06 9.22438e+06 1.15379e+07 1.4245e+07 1.73687e+07 2.09459e+07 2.50386e+07 2.97428e+07 3.51897e+07 4.15434e+07 4.89969e+07 
0.0255778 0.65169 3.66264 12.5141 33.46 77.4193 163.001 321.395 604.249 1096.36 1936.1 3348.19 5696.53 9568.81 15912.4 26252.1 43037.2 70194 113999 184446 297370 477692 764293 1.21719e+06 -4.45693e+07 2.55797e+06 3.38546e+06 4.45924e+06 5.83155e+06 7.55314e+06 9.66782e+06 1.22089e+07 1.52003e+07 1.86649e+07 2.2637e+07 2.71764e+07 3.23807e+07 3.83892e+07 4.5382e+07 5.35738e+07 
0.0372309 0.949832 5.34581 18.293 48.9936 113.568 239.589 473.441 892.253 1623.21 2874.86 4987.7 8516.27 14362 23988.4 39769.4 65552.4 107565 175869 286682 466034 755478 1.22085e+06 1.96542e+06 3.14919e+06 -4.96373e+07 6.72443e+06 8.97391e+06 1.189e+07 1.55974e+07 2.0206e+07 2.58005e+07 3.2439e+07 4.0168e+07 4.90495e+07 5.91952e+07 7.07974e+07 8.41479e+07 9.96384e+07 1.17749e+08 
0.028034 0.716089 4.03569 13.8301 37.0996 86.1472 182.086 360.563 681.076 1242.16 2206.08 3839.16 6577.51 11134.3 18675.5 31106.6 51541.6 85069.2 139998 229877 376739 616263 1.00587e+06 1.63719e+06 2.65473e+06 4.28308e+06 -5.75084e+07 9.29124e+06 1.24877e+07 1.66151e+07 2.18202e+07 2.82188e+07 3.58899e+07 4.48868e+07 5.52668e+07 6.71319e+07 8.0671e+07 9.61921e+07 1.14133e+08 1.35049e+08 
0.0175594 0.449057 2.53398 8.69579 23.3618 54.3362 115.054 228.275 432.123 789.98 1406.68 2455.07 4219.66 7168.43 12071.2 20195.2 33628 55811.1 92421.2 152819 252420 416547 686596 1.12977e+06 1.85407e+06 3.0307e+06 4.92646e+06 -6.77596e+07 1.08486e+07 1.46609e+07 1.95513e+07 2.5657e+07 3.30741e+07 4.18614e+07 5.20642e+07 6.37538e+07 7.7075e+07 9.22879e+07 1.09791e+08 1.30118e+08 
0.0106244 0.272003 1.5367 5.28022 14.2055 33.0904 70.1841 139.504 264.609 484.808 865.371 1514.38 2610.6 4449.6 7520.49 12633.7 21134.1 35257.4 58726.1 97743.9 162651 270664 450361 748937 1.24369e+06 2.05971e+06 3.39629e+06 5.5646e+06 -7.97522e+07 1.24235e+07 1.68521e+07 2.24864e+07 2.94465e+07 3.78056e+07 4.76042e+07 5.88854e+07 7.17443e+07 8.63787e+07 1.03127e+08 1.22477e+08 
0.00625277 0.160244 0.906287 3.11772 8.39837 19.5904 41.6141 82.8535 157.443 289.041 517.076 907.093 1567.96 2680.56 4545.82 7665.3 12877 21584.6 36145.2 60525.6 101412 170077 285507 479574 805453 1.35102e+06 2.2595e+06 3.76018e+06 6.21199e+06 -9.35357e+07 1.40449e+07 1.90956e+07 2.54667e+07 3.32574e+07 4.25164e+07 5.32674e+07 6.5557e+07 7.95126e+07 9.53954e+07 1.13627e+08 
0.00357166 0.091616 0.518641 1.78602 4.81651 11.249 23.9273 47.7094 90.8068 167.005 299.35 526.286 911.915 1563.2 2658.91 4498.62 7585.85 12769.7 21487 36177.2 60993 103018 174340 295566 501682 851684 1.44396e+06 2.44012e+06 4.10041e+06 6.83449e+06 -1.09146e+08 1.56467e+07 2.13078e+07 2.83928e+07 3.69756e+07 4.7077e+07 5.8704e+07 7.19116e+07 8.68699e+07 1.03912e+08 
0.00197633 0.0507337 0.287436 0.990694 2.67423 6.25221 13.314 26.5804 50.661 93.3136 167.542 295.105 512.401 880.385 1501.37 2547.56 4309.93 7282.04 12304.7 20816.3 35287.2 59974.4 102229 174756 299478 514062 882726 1.51367e+06 2.58633e+06 4.39249e+06 7.39625e+06 -1.26534e+08 1.71739e+07 2.34283e+07 3.12004e+07 4.05324e+07 5.14114e+07 6.38281e+07 7.78536e+07 9.3711e+07 
0.00105773 0.0271703 0.154037 0.53129 1.43525 3.35838 7.15827 14.3055 27.2963 50.3399 90.5082 159.662 277.698 478.038 816.964 1389.59 2357.29 3995.18 6774.57 11507 19596.9 33485.2 57431 98883.9 170883 296218 514537 894275 1.55223e+06 2.68477e+06 4.61622e+06 7.87094e+06 -1.45575e+08 1.86012e+07 2.54368e+07 3.38751e+07 4.39164e+07 5.5509e+07 6.86295e+07 8.33757e+07 
0.00054683 0.0140541 0.0797192 0.275118 0.743675 1.74132 3.71428 7.42882 14.1874 26.19 47.1389 83.2558 144.999 249.978 427.93 729.254 1239.77 2106.35 3581.78 6103.6 10433.7 17905.9 30867.6 53466.4 93051.4 162657 285372 501933 883743 1.55479e+06 2.72775e+06 4.76153e+06 8.2488e+06 -1.66093e+08 1.9935e+07 2.73512e+07 3.64448e+07 4.71632e+07 5.94115e+07 7.31586e+07 
0.000272714 0.00701225 0.0397926 0.137391 0.371566 0.870489 1.85786 3.7182 7.10587 13.1274 23.6474 41.804 72.8806 125.789 215.61 367.959 626.571 1066.52 1817.46 3104.77 5322.7 9165.55 15863.4 27607.8 48320.9 85045 150445 267296 476471 851061 1.52101e+06 2.71511e+06 4.82983e+06 8.53567e+06 -1.87877e+08 2.12038e+07 2.92131e+07 3.89623e+07 5.03344e+07 6.31894e+07 
0.000130997 0.00336969 0.0191289 0.0660706 0.178757 0.418967 0.894611 1.79133 3.4253 6.33169 11.4132 20.1908 35.228 60.8551 104.409 178.376 304.112 518.356 884.72 1514.1 2601.21 4490.34 7794.68 13613.5 23929.6 42337.7 75382.3 135016 243123 439838 798826 1.45498e+06 2.65324e+06 4.83086e+06 8.74662e+06 -2.10666e+08 2.24455e+07 3.10727e+07 4.14878e+07 5.34979e+07 
6.04931e-05 0.00155668 0.00883964 0.0305418 0.082661 0.193811 0.414003 0.829333 1.58654 2.93418 5.29183 9.36698 16.3533 28.2689 48.5372 82.9906 141.618 241.632 412.885 707.529 1217.35 2105.14 3661.86 6411.46 11304.3 20075.8 35914.8 64715.5 117441 214617 394935 731692 1.36376e+06 2.5521e+06 4.77771e+06 8.89906e+06 -2.34077e+08 2.3698e+07 3.29787e+07 4.40776e+07 
2.67977e-05 0.000689849 0.00391842 0.0135424 0.0366637 0.0859914 0.183752 0.36823 0.704715 1.30386 2.3526 4.16632 7.27755 12.5873 21.6252 36.9998 63.1829 107.888 184.511 316.485 545.12 943.827 1644.12 2883.53 5094.49 9070.51 16279 29455.9 53749.2 98949.7 183904 345313 655250 1.25545e+06 2.42225e+06 4.68303e+06 9.00832e+06 -2.57468e+08 2.49945e+07 3.4973e+07 
1.136e-05 0.00029255 0.00166215 0.00574608 0.0155609 0.0365075 0.0780363 0.156433 0.299487 0.554321 1.00058 1.77273 3.09795 5.36084 9.2148 15.7749 26.954 46.0548 78.8173 135.293 233.222 404.167 704.758 1237.46 2189.26 3904.24 7021.35 12738.4 23327 43154.6 80757.3 153109 294494 574893 1.13752e+06 2.27295e+06 4.55708e+06 9.08586e+06 -2.79667e+08 2.63624e+07 
4.59607e-06 0.000118408 0.000672914 0.00232686 0.00630299 0.0147916 0.031627 0.0634199 0.121456 0.224881 0.406073 0.719723 1.25828 2.17834 3.74611 6.41614 10.9688 18.752 32.1107 55.1536 95.1382 164.988 287.915 505.963 895.954 1599.51 2880.19 5233.66 9604.21 17819.8 33488.6 63890.1 124030 245416 495063 1.01608e+06 2.11151e+06 4.40731e+06 9.13914e+06 -2.98547e+08 
cycle: 0
true_cycle: 0
nIterations: 0
nTrueIterations: 0
Branch: 0
dt_FE: 1.11474e-12
dt_EA: 1.11474e-12
dt_PE: 1.11474e-12
