t: 1.1823e-06
dt: 2.26913e-08
N: 0.649681 0.697176 0.742057 0.783219 0.819658 0.850556 0.875565 0.894712 0.908365 0.917192 0.922113 0.924015 0.923667 0.921675 0.918396 0.913965 0.908335 0.901304 0.892523 0.881488 0.867494 0.849568 0.826376 0.796108 0.75638 0.704251 0.636574 0.551086 0.448585 0.335673 0.225502 0.133316 0.0684654 0.0303138 0.0114884 0.00368353 0.000981061 0.000211648 3.58362e-05 4.58656e-06 
eC: 1 1.15749 1.33977 1.55077 1.795 2.07768 2.40489 2.78363 3.22201 3.72944 4.31677 4.99661 5.78351 6.69433 7.7486 8.9689 10.3814 12.0163 13.9087 16.0991 18.6345 21.5692 24.9661 28.8979 33.4489 38.7167 44.814 51.8717 60.0407 69.4963 80.4411 93.1095 107.773 124.746 144.391 167.131 193.452 223.918 259.182 300 
dV: 1.08333 0.211322 0.327712 0.508206 0.788112 1.22218 1.89532 2.93921 4.55805 7.06849 10.9616 16.999 26.3615 40.8807 63.3966 98.3136 152.462 236.434 366.655 568.597 881.764 1367.42 2120.55 3288.49 5099.69 7908.45 12264.2 19019 29494.1 45738.6 70930.1 109996 170579 264529 410225 636165 986546 1.52991e+06 2.37254e+06 3.67926e+06 
kVec: 1.03003e+06 1.19333e+06 1.37483e+06 1.58367e+06 1.82365e+06 2.0984e+06 2.41263e+06 2.77157e+06 3.18055e+06 3.64381e+06 4.16869e+06 4.76191e+06 5.42526e+06 6.16598e+06 6.99013e+06 7.89986e+06 8.88636e+06 9.95725e+06 1.11117e+07 1.23083e+07 1.35479e+07 1.48184e+07 1.60892e+07 1.7281e+07 1.84373e+07 1.96008e+07 2.06413e+07 2.18078e+07 2.33972e+07 2.58634e+07 2.96964e+07 3.61556e+07 4.71157e+07 6.38682e+07 8.9496e+07 1.28173e+08 1.82276e+08 2.48899e+08 3.2919e+08 4.18366e+08 
cMat: 
-62262.1 336.353 395.233 460.378 536.683 626.526 732.371 857.176 1004.92 1181.08 1390.86 1641.36 1944.47 2311.32 2756.39 3301.75 3979.72 4820.59 5869.57 7215.09 8937.06 11152.5 14058.4 17948.5 23137.8 30126.4 39896.2 53446.4 72380.7 99390 138407 194624 276288 397275 573598 829168 1.19192e+06 1.70347e+06 2.43725e+06 3.49959e+06 
1478.75 -73828.8 393.771 458.677 534.705 624.222 729.686 854.044 1001.26 1176.8 1385.85 1635.48 1937.55 2303.17 2746.76 3290.35 3966.16 4804.41 5850.22 7191.82 8908.96 11118.4 14017 17897.7 23075.4 30049.5 39801 53328.4 72234.5 99208.9 138183 194347 275950 396861 573096 828567 1.1912e+06 1.70257e+06 2.43608e+06 3.49806e+06 
945.694 214.309 -85122.4 449.906 524.485 612.298 715.756 837.752 982.18 1154.39 1359.5 1604.43 1900.82 2259.58 2694.89 3228.36 3891.66 4714.47 5741.11 7058.3 8744.41 10914.3 13761.3 17573.8 22661.4 29515.6 39101.7 52402.7 70996.8 97532.5 135881 191156 271484 390523 564058 815648 1.17279e+06 1.67641e+06 2.39882e+06 3.44471e+06 
590.671 133.856 241.243 -98412.1 507.24 592.174 692.242 810.244 949.947 1116.53 1314.95 1551.89 1838.65 2185.77 2606.97 3123.21 3765.15 4561.54 5555.32 6830.55 8463.19 10564.6 13322.3 17016 21946.1 28589.7 37883.6 50782.8 68819.9 94567.7 131787 185448 263448 379058 547624 792049 1.13904e+06 1.62834e+06 2.3302e+06 3.34636e+06 
364.869 82.6861 149.023 268.782 -114060 561.445 662.229 775.13 908.798 1068.2 1258.06 1484.8 1759.23 2091.45 2494.61 2988.78 3603.35 4365.87 5317.51 6538.86 8102.8 10116.1 12758.8 16299.3 21026.1 27397.3 36313.1 48690.9 66004.2 90726.6 126474 178027 252982 364102 526154 761174 1.09484e+06 1.56533e+06 2.24023e+06 3.21735e+06 
224.392 50.8519 91.6502 165.305 295.772 -132466 630.201 737.657 864.886 1016.61 1197.35 1413.21 1674.49 1990.82 2374.72 2845.35 3430.72 4157.12 5063.81 6227.72 7718.4 9637.83 12157.9 15535.2 20045.3 26126.5 34639.4 46462.2 63005.3 86636.6 120818 170129 241849 348196 503327 728356 1.04787e+06 1.49838e+06 2.14463e+06 3.08028e+06 
138.535 31.3952 56.5842 102.06 184.254 332.842 -154163 704.485 826.018 970.962 1143.63 1349.87 1599.52 1901.81 2268.72 2718.57 3278.18 3972.73 4839.82 5953.16 7379.41 9216.34 11628.8 14863 19183.5 25011 33172.4 44511.7 60385.1 83069.5 115895 163267 232194 334427 483600 700039 1.00739e+06 1.44073e+06 2.06236e+06 2.96237e+06 
86.7962 19.6703 35.4527 63.9463 115.448 208.553 377.117 -179804 792.33 941.235 1108.66 1308.67 1550.8 1844.02 2199.95 2636.42 3179.48 3853.61 4695.38 5776.49 7161.83 8946.57 11291.3 14435.8 18638.2 24308.8 32254.3 43298.7 58766.7 80882.8 112900 159128 226416 326252 471973 683462 983821 1.40728e+06 2.01474e+06 2.89426e+06 
55.8612 12.6598 22.8177 41.1573 74.3067 134.236 242.74 434.964 -210188 937.013 1103.75 1302.94 1544.13 1836.24 2190.89 2625.84 3167.14 3839.22 4678.62 5757.02 7139.31 8920.72 11261.9 14403.2 18603.1 24273.1 32222 43277.4 58769.4 80932.4 113035 159408 226943 327181 473544 686032 987853 1.41335e+06 2.02374e+06 2.90751e+06 
37.2923 8.45167 15.2334 27.4778 49.6105 89.625 162.075 293.5 532.241 -246202 1138.17 1343.68 1592.54 1894 2260.06 2709.1 3268.07 3962.28 4829.55 5944.17 7373.42 9216.06 11638.9 14891.4 19242.4 25119.7 33365 44840 60930.8 83966.5 117354 165615 235940 340365 492912 714462 1.02921e+06 1.4729e+06 2.1094e+06 3.03098e+06 
25.8597 5.86077 10.5638 19.0553 34.4049 62.1571 112.408 203.567 369.174 670.202 -289160 1439.45 1706.22 2029.43 2421.98 2903.62 3503.35 4248.4 5179.47 6376.58 7912.26 9893.02 12498.8 15999.1 20684.4 27017.5 35908.9 48292.6 65671 90569.7 126684 178924 255098 368265 533668 773996 1.11549e+06 1.59684e+06 2.28739e+06 3.28723e+06 
18.5517 4.20461 7.57882 13.6713 24.6848 44.5982 80.6571 146.075 264.927 480.987 875.058 -340652 1877.91 2250.79 2686.54 3221.34 3887.48 4715.28 5750.14 7081.33 8789.82 10994.6 13896.8 17798 23023.5 30092 40024.6 53870.2 73317.2 101204 141688 200293 285817 412946 598866 869138 1.25327e+06 1.79466e+06 2.57137e+06 3.696e+06 
13.6837 3.1014 5.59045 10.0849 18.2099 32.9016 59.5067 107.777 195.483 354.939 645.804 1169.23 -402338 2560.55 3056.8 3666.05 4425.22 5369.01 6549.36 8068.58 10019.5 12538.7 15857.2 20321.7 26306.8 34410 45809 61714.9 84079.5 116186 162842 230450 329205 476103 691089 1.00381e+06 1.44838e+06 2.0749e+06 2.97376e+06 4.27527e+06 
10.2798 2.32996 4.20004 7.57697 13.6821 24.7221 44.716 80.9946 146.918 266.785 485.465 885.683 1618.27 -476820 3540.24 4246.83 5127.71 6223.29 7594.16 9359.76 11628.6 14560.4 18425.6 23630.7 30615.4 40082 53415.3 72042.9 98266.9 135962 190805 270368 386714 559920 813621 1.18291e+06 1.70809e+06 2.44809e+06 3.50981e+06 5.04714e+06 
7.81025 1.77029 3.1913 5.75745 10.397 18.7875 33.9843 61.5613 111.678 202.817 369.11 673.503 1230.8 2255.46 -567421 4922.66 6012.62 7299.88 8911.49 10988.7 13660 17114.6 21673.5 27819.4 36075.8 47279.2 63081.1 85188 116354 161219 226583 321534 460558 667718 971441 1.4139e+06 2.04338e+06 2.93021e+06 4.20262e+06 6.04506e+06 
5.98124 1.35578 2.44417 4.40978 7.96385 14.3918 26.0351 47.1661 85.5729 155.429 282.91 516.302 943.717 1729.78 3147.18 -678247 7101.01 8624.86 10533.9 12996.6 16166.5 20269.7 25690.4 33007.5 42850.1 56224.6 75119.7 101597 138986 192902 271579 386047 553897 804283 1.17179e+06 1.70769e+06 2.47042e+06 3.54481e+06 5.08639e+06 7.3186e+06 
4.61301 1.04569 1.88525 3.4016 6.14356 11.1032 20.0881 36.3963 66.042 119.973 218.413 398.677 728.893 1336.39 2459.64 4543.66 -813896 10227.7 12498.5 15431 19209.4 24105.9 30583.3 39340.3 51138.1 67196.5 89929 121846 167009 232272 327696 466792 671131 976356 1.42497e+06 2.07988e+06 3.01254e+06 4.32598e+06 6.21066e+06 8.93968e+06 
3.57289 0.809953 1.46034 2.63511 4.75961 8.60287 15.5662 28.207 51.1898 93.0087 169.358 309.206 565.47 1037.09 1909.46 3528.78 6539.81 -982411 14902.2 18412.8 22941.5 28817.8 36603.1 47146.9 61377.5 80784.5 108321 147070 202030 281643 398314 568759 819681 1.19507e+06 1.74768e+06 2.55549e+06 3.70663e+06 5.32735e+06 7.65306e+06 1.10207e+07 
2.77712 0.629595 1.13524 2.04865 3.70066 6.68958 12.1058 21.9396 39.8225 72.3695 131.806 240.707 440.337 807.88 1488.04 2751.26 5101.71 9513.06 -1.19407e+06 21960.5 27548.8 34643.9 44059.9 56837.9 74118.9 97737.4 131338 178743 246158 344087 487979 698722 1.00973e+06 1.47583e+06 2.16323e+06 3.16961e+06 4.60478e+06 6.62484e+06 9.52373e+06 1.37212e+07 
2.17379 0.492849 0.888746 1.60398 2.89774 5.23885 9.4819 17.1873 31.2028 56.7186 103.329 188.76 345.437 634.041 1168.41 2161.52 4010.85 7484.71 13983.9 -1.45857e+06 33114 41699 53116.1 68647.8 89705.4 118563 159751 218048 301231 422488 601252 863902 1.2527e+06 1.83672e+06 2.69996e+06 3.9662e+06 5.77367e+06 8.31689e+06 1.19667e+07 1.72512e+07 
1.70859 0.387409 0.698675 1.26109 2.27855 4.12004 7.45824 13.5218 24.5539 44.6447 81.3587 148.677 272.198 499.859 921.655 1706.13 3168.29 5917.59 11131.5 21012.5 -1.7951e+06 50386.1 64298.1 83278 109085 144562 195393 267611 371062 522493 746629 1.0772e+06 1.56834e+06 2.30806e+06 3.40439e+06 5.01621e+06 7.31959e+06 1.05593e+07 1.52089e+07 2.19404e+07 
1.34641 0.305316 0.550684 0.994092 1.79639 3.24875 5.88216 10.6667 19.3743 35.2379 64.2385 117.437 215.107 395.235 729.202 1350.84 2510.71 4694.04 8839.79 16709.2 31818.1 -2.22912e+06 77354.6 101587 133431 177366 240590 330809 460635 651593 935550 1.35621e+06 1.98389e+06 2.93228e+06 4.34226e+06 6.42069e+06 9.39493e+06 1.35764e+07 1.95777e+07 2.82653e+07 
1.06454 0.241423 0.435498 0.78627 1.42107 2.57049 4.65513 8.44377 15.3412 27.9123 50.9044 93.1024 170.627 313.707 579.2 1073.86 1997.91 3739.57 7051.45 13349.8 25467.2 48518.2 -2.79344e+06 124209 163667 218335 297418 410854 574982 817803 1.18093e+06 1.72178e+06 2.53304e+06 3.76358e+06 5.59995e+06 8.31565e+06 1.22083e+07 1.76782e+07 2.5529e+07 3.68917e+07 
0.844289 0.191496 0.345487 0.623862 1.12775 2.04038 3.69607 6.70614 12.1883 22.1849 40.4781 74.072 135.837 249.929 461.833 857.094 1596.49 2992.24 5650.82 10718 20490.4 39581.7 77159.8 -3.52344e+06 200175 268188 367208 510159 718393 1.02873e+06 1.49618e+06 2.19723e+06 3.25586e+06 4.8697e+06 7.28964e+06 1.08829e+07 1.60447e+07 2.32938e+07 3.36979e+07 4.87515e+07 
0.666806 0.151261 0.27294 0.492951 0.891288 1.61296 2.92265 5.30458 9.64461 17.5629 32.0614 58.7042 107.731 198.379 366.917 681.683 1271.42 2386.53 4514.58 8580.66 16443.7 31851.5 62289.6 122638 -4.49168e+06 329499 453815 634632 900111 1.2992e+06 1.90554e+06 2.8224e+06 4.21815e+06 6.35903e+06 9.58774e+06 1.44054e+07 2.13444e+07 3.10833e+07 4.50607e+07 6.52752e+07 
0.521267 0.118263 0.213436 0.385559 0.697274 1.26219 2.2878 4.15381 7.55544 13.7653 25.1431 46.0665 84.6048 155.934 288.708 537.023 1003.06 1885.92 3574.25 6809.07 13083.6 25420.1 49890 98648.6 197829 -5.79692e+06 557605 788649 1.12781e+06 1.64283e+06 2.43329e+06 3.64027e+06 5.4954e+06 8.36208e+06 1.2715e+07 1.9248e+07 2.86877e+07 4.19288e+07 6.09317e+07 8.83975e+07 
0.402361 0.0913015 0.16481 0.297787 0.538678 0.975408 1.76862 3.21248 5.846 10.657 19.4782 35.7135 65.6495 121.123 224.522 418.207 782.442 1473.93 2799.53 5347.53 10307.5 20098.2 39612 78728.9 158813 325011 -7.50158e+06 956655 1.38227e+06 2.03712e+06 3.05595e+06 4.63218e+06 7.08669e+06 1.09192e+07 1.67929e+07 2.56783e+07 3.8574e+07 5.66527e+07 8.25952e+07 1.20053e+08 
0.300901 0.0682911 0.1233 0.222839 0.403213 0.73036 1.32481 2.40741 4.38317 7.99521 14.6234 26.8334 49.3733 91.1957 169.262 315.746 591.813 1117.15 2126.89 4074.58 7880.74 15426.8 30547.1 61058.8 123979 256612 534043 -9.78982e+06 1.65089e+06 2.46655e+06 3.75695e+06 5.78601e+06 8.99788e+06 1.40814e+07 2.19651e+07 3.40119e+07 5.15965e+07 7.62409e+07 1.116e+08 1.62577e+08 
0.213897 0.0485542 0.0876847 0.158513 0.286903 0.519865 0.943376 1.71507 3.12431 5.70267 10.438 19.1694 35.3076 65.2931 121.35 226.729 425.785 805.524 1537.47 2954.66 5735.7 11275.4 22439.5 45131.7 92299.8 192621 405034 866551 -1.29016e+07 2.84672e+06 4.46141e+06 7.00144e+06 1.11035e+07 1.77092e+07 2.81065e+07 4.41969e+07 6.78584e+07 1.01024e+08 1.48605e+08 2.17063e+08 
0.141726 0.0321778 0.0581243 0.105103 0.190293 0.344936 0.62621 1.13902 2.0761 3.79202 6.94624 12.7681 23.5427 43.5915 81.133 151.843 285.74 541.857 1037.01 1999.61 3897.12 7696.2 15400.3 31185 64284.4 135389 288030 624726 1.37363e+06 -1.71818e+07 4.96258e+06 7.97082e+06 1.29558e+07 2.11745e+07 3.43695e+07 5.51406e+07 8.59987e+07 1.29297e+08 1.91415e+08 2.80531e+08 
0.0854966 0.0194153 0.0350794 0.0634501 0.114914 0.208379 0.378466 0.688738 1.2561 2.29588 4.20896 7.74361 14.294 26.5007 49.3961 92.6062 174.634 331.969 637.093 1232.74 2412.42 4786.88 9633.62 19647.8 40844.3 86870.1 187177 412212 932569 2.14977e+06 -2.29999e+07 8.22445e+06 1.37957e+07 2.33002e+07 3.90025e+07 6.43463e+07 1.0259e+08 1.56423e+08 2.33687e+08 3.44047e+08 
0.0458321 0.01041 0.0188133 0.0340381 0.0616653 0.111863 0.203258 0.370074 0.675316 1.23519 2.26623 4.17313 7.71165 14.3155 26.7225 50.1842 94.8344 180.711 347.768 675.249 1326.87 2645.43 5354.6 10999.9 23063 49544.4 108162 242018 557930 1.31635e+06 3.13538e+06 -3.13355e+07 1.33085e+07 2.34013e+07 4.07188e+07 6.96324e+07 1.14262e+08 1.77507e+08 2.68422e+08 3.97563e+08 
0.0215465 0.00489492 0.00884833 0.0160132 0.0290193 0.0526612 0.0957279 0.174378 0.318386 0.582742 1.07 1.97208 3.64819 6.78084 12.6758 23.845 45.1534 86.2464 166.429 324.257 639.753 1281.53 2608.75 5397.82 11414.6 24768.6 54799.2 124638 293016 708558 1.74168e+06 4.40726e+06 -4.38899e+07 2.12856e+07 3.89057e+07 6.95861e+07 1.18451e+08 1.88511e+08 2.89585e+08 4.32234e+08 
0.0088456 0.0020099 0.003634 0.00657825 0.0119245 0.0216467 0.039365 0.0717394 0.131053 0.240016 0.441019 0.813486 1.50638 2.80311 5.24692 9.88549 18.7548 35.9013 69.4518 135.739 268.808 540.8 1106.66 2305.03 4913.04 10760.6 24106.9 55689.9 133430 330631 839855 2.21259e+06 6.07724e+06 -6.19322e+07 3.1703e+07 6.05685e+07 1.09282e+08 1.81091e+08 2.85848e+08 4.32615e+08 
0.00312115 0.000709307 0.00128272 0.00232251 0.00421116 0.00764696 0.0139112 0.0253626 0.0463542 0.0849444 0.156185 0.288308 0.534364 0.99542 1.86551 3.51974 6.68929 12.8307 24.8782 48.7628 96.8956 195.712 402.408 843.238 1810.28 3998.62 9060.41 21229.2 51752.5 131152 343565 940864 2.71459e+06 7.74767e+06 -8.84678e+07 4.60453e+07 8.99118e+07 1.58195e+08 2.60575e+08 4.03838e+08 
0.00093284 0.000212028 0.000383505 0.000694521 0.00125959 0.00228792 0.00416351 0.00759361 0.0138845 0.0254567 0.0468344 0.0865117 0.160476 0.299223 0.561383 1.06054 2.0187 3.879 7.5367 14.8103 29.5188 59.8331 123.548 260.285 562.359 1251.52 2864.49 6796.57 16825.7 43504.2 117192 332661 1.00386e+06 3.06038e+06 9.52015e+06 -1.27701e+08 6.46265e+07 1.24847e+08 2.19168e+08 3.53282e+08 
0.000230301 5.23519e-05 9.4705e-05 0.000171537 0.000311159 0.000565312 0.00102901 0.0018773 0.0034337 0.00629813 0.0115925 0.0214246 0.0397675 0.0742057 0.139339 0.263496 0.502168 0.966293 1.88048 3.70276 7.39764 15.0362 31.1516 65.9049 143.105 320.355 739.026 1770.78 4436.81 11652.9 32089.5 93751.1 293475 948336 3.1927e+06 1.10993e+07 -1.82097e+08 8.31955e+07 1.62449e+08 2.82106e+08 
4.57882e-05 1.04093e-05 1.88322e-05 3.41139e-05 6.1888e-05 0.000112453 0.000204726 0.000373567 0.000683423 0.00125386 0.00230856 0.00426798 0.00792523 0.0147953 0.0277966 0.0525974 0.100316 0.193202 0.376361 0.742001 1.48461 3.02272 6.27529 13.3105 28.9913 65.1355 150.992 364 918.886 2437.27 6806.6 20261 64974 218615 781458 2.98285e+06 1.15736e+07 -2.48846e+08 9.78565e+07 1.99294e+08 
7.15284e-06 1.62619e-06 2.94225e-06 5.33018e-06 9.67058e-06 1.75737e-05 3.19975e-05 5.83939e-05 0.000106845 0.000196064 0.00036106 0.000667675 0.00124017 0.00231601 0.00435286 0.00824028 0.0157248 0.0303036 0.059074 0.116568 0.233471 0.475922 0.989437 2.10242 4.5888 10.335 24.0353 58.1752 147.581 393.958 1110.25 3345.21 10897.8 37677.1 140542 571730 2.46744e+06 1.06844e+07 -3.29178e+08 1.19787e+08 
8.47644e-07 1.92719e-07 3.487e-07 6.3174e-07 1.14624e-06 2.08314e-06 3.79322e-06 6.92314e-06 1.26689e-05 2.32509e-05 4.28241e-05 7.92043e-05 0.000147148 0.000274865 0.00051674 0.000978537 0.00186804 0.00360151 0.00702424 0.0138689 0.027797 0.056708 0.118005 0.251028 0.548614 1.23744 2.88325 6.9944 17.791 47.651 134.904 408.91 1342.45 4706.1 17976.1 76059.5 353639 1.79586e+06 9.88611e+06 -4.18364e+08 
dt_FE: 2.26913e-08
dt_EA: 2.26913e-08
dt_PE: 2.26913e-08
tolC: 1e-06
dt_grow: 1.03
dt_max: 0.1
steps: 0
