t: 1.37965e-08
dt: 8.59285e-10
N: 0.00858265 0.00990582 0.0114267 0.0131749 0.0151824 0.0174812 0.0201114 0.0231178 0.0265452 0.0304347 0.0348474 0.0398412 0.0454419 0.0517115 0.0587076 0.0664457 0.0748854 0.0840765 0.0940033 0.104361 0.115098 0.126058 0.13676 0.146426 0.154849 0.16149 0.164104 0.162549 0.156283 0.14372 0.132218 0.325104 0.23259 0.0321895 0.0131179 0.00447019 0.00122241 0.000264521 4.4668e-05 5.69488e-06 
eC: 1 1.15749 1.33977 1.55077 1.795 2.07768 2.40489 2.78363 3.22201 3.72944 4.31677 4.99661 5.78351 6.69433 7.7486 8.9689 10.3814 12.0163 13.9087 16.0991 18.6345 21.5692 24.9661 28.8979 33.4489 38.7167 44.814 51.8717 60.0407 69.4963 80.4411 93.1095 107.773 124.746 144.391 167.131 193.452 223.918 259.182 300 
dV: 1.08333 0.211322 0.327712 0.508206 0.788112 1.22218 1.89532 2.93921 4.55805 7.06849 10.9616 16.999 26.3615 40.8807 63.3966 98.3136 152.462 236.434 366.655 568.597 881.764 1367.42 2120.55 3288.49 5099.69 7908.45 12264.2 19019 29494.1 45738.6 70930.1 109996 170579 264529 410225 636165 986546 1.52991e+06 2.37254e+06 3.67926e+06 
kVec: 848267 985061 1.13662e+06 1.31171e+06 1.51381e+06 1.74647e+06 2.0142e+06 2.32212e+06 2.67585e+06 3.08051e+06 3.54404e+06 4.0745e+06 4.67724e+06 5.36243e+06 6.14045e+06 7.02064e+06 8.00515e+06 9.11059e+06 1.03499e+07 1.17051e+07 1.31947e+07 1.4828e+07 1.65993e+07 1.84561e+07 2.04445e+07 2.26049e+07 2.47595e+07 2.70683e+07 2.96879e+07 3.28146e+07 3.66292e+07 4.21155e+07 5.13196e+07 6.62902e+07 9.05436e+07 1.28159e+08 1.81497e+08 2.47693e+08 3.27769e+08 4.16893e+08 
cMat: 
-188881 951.892 1118.53 1302.89 1518.84 1773.09 2072.64 2425.84 2843.97 3342.5 3936.2 4645.13 5502.93 6541.14 7800.69 9344.09 11262.8 13642.5 16611.1 20419 25292.3 31562 39786 50795.1 65480.9 85259 112908 151256 204840 281278 391698 550793 781907 1.1243e+06 1.62331e+06 2.34658e+06 3.37319e+06 4.8209e+06 6.89751e+06 9.90399e+06 
4834.82 -223408 1287.45 1499.66 1748.23 2040.91 2385.73 2792.32 3273.66 3847.58 4531.08 5347.27 6334.89 7530.29 8980.61 10757.9 12967.5 15708.2 19127.5 23513.9 29128.1 36352.1 45828.9 58517.2 75445.7 98247.8 130130 174359 236173 324367 451793 635424 902228 1.29755e+06 1.87376e+06 2.70903e+06 3.89466e+06 5.5666e+06 7.96486e+06 1.1437e+07 
3624.4 821.346 -257286 1724.28 2010.1 2346.65 2743.16 3210.71 3764.23 4424.24 5210.31 6149.01 7284.94 8659.92 10328.2 12372.8 14914.9 18068.4 22003 27051.1 33513.2 41829.3 52740.5 67352.2 86850.5 113119 149858 200835 272097 373796 520768 732611 1.04047e+06 1.49669e+06 2.16177e+06 3.12599e+06 4.49476e+06 6.42489e+06 9.19354e+06 1.3202e+07 
2688.84 609.337 1098.18 -296858 2309.05 2695.68 3151.21 3688.38 4324.33 5082.67 5985.87 7064.51 8369.86 9950.02 11867.4 14217.4 17139.6 20765 25288.8 31093.9 38526 48091.9 60645.5 77460 99902.7 130145 172453 231172 313281 430490 599919 844193 1.19926e+06 1.72554e+06 2.49289e+06 3.60555e+06 5.18514e+06 7.41249e+06 1.06075e+07 1.52333e+07 
1992.48 451.534 813.79 1467.77 -343001 3065.95 3616.32 4232.85 4962.79 5833.24 6870.02 8108.25 9606.84 11421.1 13622.6 16321.2 19677.2 23841.2 29038 35707.6 44248 55242.4 69673.6 89007.8 114820 149612 198299 265892 360438 495442 690652 972172 1.38149e+06 1.9883e+06 2.87324e+06 4.15664e+06 5.97875e+06 8.54799e+06 1.22335e+07 1.75694e+07 
1475.26 334.325 602.554 1086.8 1944.55 -396643 4143.25 4849.72 5686.19 6683.72 7871.96 9291.13 11008.9 13088.6 15612.6 18706.7 22555.2 27330.9 33292 40944.1 50744.6 63363.9 79932.1 102136 131788 171768 227736 305465 414228 569591 794317 1.11851e+06 1.59003e+06 2.28921e+06 3.30912e+06 4.78857e+06 6.88922e+06 9.8511e+06 1.40999e+07 2.02513e+07 
1090.92 247.228 445.583 803.689 1450.95 2621.03 -458973 5547.61 6504.64 7646.03 9005.71 10629.8 12595.7 14976.2 17865.5 21407.9 25814.7 31284.1 38112.2 46879.3 58110.6 72575.9 91573.3 117041 151064 196954 261223 350517 475514 654147 912635 1.28568e+06 1.82845e+06 2.63351e+06 3.80821e+06 5.51259e+06 7.93289e+06 1.13453e+07 1.62404e+07 2.33278e+07 
805.312 182.505 328.937 593.306 1071.15 1935 3498.96 -531357 7351.39 8732.95 10286.4 12142 14388.6 17109.1 20411.6 24461.2 29499.8 35754.5 43564.7 53595.4 66448.8 83007.9 104763 133938 172929 225542 299261 401734 545249 750446 1.04751e+06 1.47642e+06 2.10073e+06 3.02702e+06 4.37906e+06 6.34129e+06 9.12808e+06 1.3057e+07 1.86932e+07 2.68535e+07 
593.42 134.487 242.396 437.219 789.369 1426.01 2578.65 4620.68 -615562 9954.01 11725.3 13841.3 16403.5 19506.6 23274.1 27894.6 33644.9 40784.5 49701.6 61157.5 75841.8 94765.9 119637 153007 197623 257856 342299 459741 624314 859754 1.20078e+06 1.69342e+06 2.41085e+06 3.47568e+06 5.03052e+06 7.2878e+06 1.04941e+07 1.50142e+07 2.14985e+07 3.08869e+07 
436.639 98.957 178.361 321.726 580.868 1049.38 1897.67 3436.46 6231.78 -713113 13326.4 15732.5 18646.4 22176 26462.1 31719.7 38264.5 46392.6 56547.1 69597.7 86332.2 107907 136275 174357 225301 294116 390656 525012 713413 983128 1.37405e+06 1.93912e+06 2.76252e+06 3.98519e+06 5.77129e+06 8.36532e+06 1.20506e+07 1.72455e+07 2.46981e+07 3.54885e+07 
320.444 72.6247 130.903 236.127 426.334 770.231 1392.92 2522.54 4574.68 8304.93 -826538 17837.2 21142.9 25148.1 30012.3 35980.7 43412.4 52644.7 64182.3 79016.5 98046.2 122591 154881 198256 256314 334792 444972 598426 813774 1.12231e+06 1.56983e+06 2.21716e+06 3.16109e+06 4.56341e+06 6.61304e+06 9.59111e+06 1.38228e+07 1.97875e+07 2.83445e+07 4.07343e+07 
234.424 53.1304 95.7678 172.754 311.923 563.554 1019.2 1845.84 3347.68 6077.86 11057.4 -958597 23729.7 28441.5 33947.8 40705.6 49123.1 59583.4 72660.1 89481.4 111070 138930 175604 224900 290930 380249 505761 680717 926453 1.27884e+06 1.7904e+06 2.53095e+06 3.61166e+06 5.21809e+06 7.56742e+06 1.09826e+07 1.58366e+07 2.26778e+07 3.24925e+07 4.67035e+07 
171.119 38.7837 69.91 126.114 227.719 411.442 744.146 1347.78 2444.56 4438.6 8075.93 14621.5 -1.11183e+06 32020.3 38226.1 45844.9 55338.5 67140.8 81901.4 100900 125297 156800 198299 254128 328973 430306 572852 771760 1.05143e+06 1.45293e+06 2.03638e+06 2.88183e+06 4.11679e+06 5.95378e+06 8.64224e+06 1.25528e+07 1.81124e+07 2.59471e+07 3.71876e+07 5.34632e+07 
124.458 28.2091 50.8504 91.7352 165.651 299.313 541.381 980.611 1778.75 3230 5877.58 10723.1 19592.6 -1.29031e+06 42862.1 51416.9 62081.8 75346.1 91943.3 113320 140789 176284 223081 286099 370664 485278 646705 872231 1.18973e+06 1.64611e+06 2.3101e+06 3.27338e+06 4.68199e+06 6.77902e+06 9.8506e+06 1.43216e+07 2.068e+07 2.96393e+07 4.24937e+07 6.11063e+07 
90.0903 20.4201 36.8113 66.4115 119.929 216.712 392.005 710.102 1288.19 2339.47 4257.64 7768.77 14197.2 26016.5 -1.49844e+06 56782.4 69354.9 84203.3 102793 126754 157567 197415 250001 320893 416130 545360 727633 982633 1.34213e+06 1.85965e+06 2.61361e+06 3.70886e+06 5.31249e+06 7.70205e+06 1.12055e+07 1.63092e+07 2.35701e+07 3.37996e+07 4.84768e+07 6.97291e+07 
64.9018 14.7114 26.5215 47.8501 86.4149 156.164 282.504 511.795 928.543 1686.54 3069.83 5602.34 10240.2 18769.6 34149.8 -1.74267e+06 77052.3 93587.5 114302 141025 175421 219944 278764 358161 464962 610087 815116 1.10241e+06 1.50812e+06 2.09316e+06 2.94688e+06 4.18895e+06 6.01028e+06 8.72719e+06 1.2715e+07 1.85299e+07 2.68063e+07 3.84643e+07 5.51919e+07 7.94134e+07 
46.5561 10.5534 19.0266 34.3301 62.0028 112.058 202.735 367.324 666.518 1210.81 2204.29 4023.58 7356.23 13487.3 24823.5 45856.1 -2.02698e+06 103221 126139 155735 193868 243285 308657 397035 516103 678169 907594 1.22971e+06 1.68551e+06 2.34417e+06 3.30721e+06 4.71102e+06 6.77328e+06 9.85371e+06 1.43813e+07 2.09909e+07 3.04036e+07 4.36593e+07 6.26801e+07 9.02222e+07 
33.1572 7.51654 13.5523 24.4544 44.1702 79.8365 144.457 261.767 475.053 863.141 1571.68 2869.5 5247.69 9624.43 17720.2 32747.9 60690.9 -2.36149e+06 138296 170874 212902 267435 339684 437533 569597 749698 1.00524e+06 1.36485e+06 1.87488e+06 2.61371e+06 3.69644e+06 5.27821e+06 7.60682e+06 1.10905e+07 1.62189e+07 2.37155e+07 3.43983e+07 4.9439e+07 7.10221e+07 1.02274e+08 
23.4104 5.30731 9.56976 17.2695 31.1955 56.3913 102.048 184.945 335.693 610.054 1111.09 2029.09 3711.91 6810.2 12543.8 23192.4 43006 80192.4 -2.7578e+06 185121 232228 292038 371412 479128 624802 823899 1.10714e+06 1.50675e+06 2.07504e+06 2.90056e+06 4.11353e+06 5.89003e+06 8.51171e+06 1.24408e+07 1.82354e+07 2.67189e+07 3.8817e+07 5.58455e+07 8.02823e+07 1.15666e+08 
16.4282 3.72466 6.71661 12.1219 21.8994 39.5921 71.6585 129.891 235.812 428.645 780.902 1426.54 2610.6 4791.7 8830.17 16335.5 30311.6 56564.9 105682 -3.22258e+06 250256 315136 401419 518799 677939 896028 1.2073e+06 1.64788e+06 2.27652e+06 3.19291e+06 4.5439e+06 6.52886e+06 9.46719e+06 1.38808e+07 2.04046e+07 2.99742e+07 4.36339e+07 6.28541e+07 9.0437e+07 1.30374e+08 
11.4103 2.5872 4.6659 8.42181 15.2167 27.5145 49.8078 90.3016 163.976 298.147 543.331 992.895 1817.8 3338.16 6155.01 11393.9 21158.5 39518.9 74338.8 140326 -3.77599e+06 336489 429397 556148 728493 965419 1.30488e+06 1.78716e+06 2.47803e+06 3.48932e+06 4.98615e+06 7.19375e+06 1.04737e+07 1.54138e+07 2.27352e+07 3.34993e+07 4.88818e+07 7.05173e+07 1.01568e+08 1.46523e+08 
7.82205 1.77375 3.19923 5.77524 10.4363 18.8738 34.1727 61.969 112.556 204.717 373.198 682.258 1249.68 2296.14 4236.34 7847.81 14586.1 27270.3 51355.3 97073.1 184849 -4.43896e+06 449396 590175 775178 1.03042e+06 1.39772e+06 1.92185e+06 2.67609e+06 3.78547e+06 5.43514e+06 7.87898e+06 1.15256e+07 1.70353e+07 2.52266e+07 3.73014e+07 5.45804e+07 7.88729e+07 1.13738e+08 1.64209e+08 
5.29278 1.20033 2.16525 3.90926 7.06543 12.7802 23.1449 41.9816 76.2749 138.777 253.091 462.896 848.341 1559.72 2879.72 5339.13 9933.41 18592.8 35059.1 66373.9 126620 241228 -5.24563e+06 617554 813738 1.08554e+06 1.47873e+06 2.04273e+06 2.85875e+06 4.06604e+06 5.87145e+06 8.5605e+06 1.2594e+07 1.87122e+07 2.78424e+07 4.13446e+07 6.06985e+07 8.78945e+07 1.26928e+08 1.83422e+08 
3.53454 0.801681 1.44635 2.61174 4.72123 8.54185 15.4733 28.0746 51.0252 92.875 169.458 310.095 568.67 1046.3 1933.42 3588.14 6683.57 12526.7 23656.6 44869.9 85781.1 165705 323022 -6.216e+06 838015 1.12275e+06 1.53728e+06 2.13573e+06 3.00748e+06 4.3067e+06 6.26363e+06 9.19848e+06 1.36303e+07 2.03866e+07 3.05174e+07 4.55604e+07 6.71696e+07 9.75171e+07 1.41073e+08 2.04094e+08 
2.31324 0.524745 0.946867 1.71012 3.092 5.59557 10.1391 18.4023 33.4585 60.9281 111.225 203.653 373.735 688.204 1272.89 2364.85 4410.74 8279.22 15661.7 29767.5 57045.6 110497 216091 425449 -7.41389e+06 1.14308e+06 1.57435e+06 2.20163e+06 3.12261e+06 4.50712e+06 6.61059e+06 9.7913e+06 1.46334e+07 2.20604e+07 3.32612e+07 4.99745e+07 7.40465e+07 1.07832e+08 1.56322e+08 2.26449e+08 
1.4779 0.335302 0.605137 1.09314 1.97692 3.57859 6.48639 11.7769 21.4213 39.0277 71.2861 130.608 239.872 442.106 818.548 1522.57 2843.89 5346.97 10133.7 19305.1 37094.7 72071.4 141449 279690 560886 -8.92852e+06 1.58093e+06 2.23599e+06 3.19758e+06 4.65777e+06 6.89888e+06 1.03209e+07 1.55806e+07 2.37083e+07 3.60497e+07 5.45723e+07 8.13358e+07 1.18877e+08 1.72754e+08 2.50625e+08 
0.925448 0.209998 0.37907 0.684922 1.23898 2.24348 4.06791 7.38885 13.4461 24.5115 44.8007 82.1427 150.997 278.589 516.411 961.895 1799.65 3390.11 6439.04 12299.6 23707.6 46226.7 91109.5 181080 365277 747540 -1.07966e+07 2.20035e+06 3.17929e+06 4.68547e+06 7.02883e+06 1.06542e+07 1.62997e+07 2.51146e+07 3.86244e+07 5.90613e+07 8.8722e+07 1.30304e+08 1.89973e+08 2.76126e+08 
0.561333 0.127397 0.230016 0.415707 0.752196 1.36249 2.47144 4.49103 8.17683 14.9151 27.28 50.0578 92.1061 170.126 315.759 589.026 1104.03 2084.05 3967.72 7601.16 14701.6 28778.9 56985.7 113906 231284 478710 996260 -1.31887e+07 3.07974e+06 4.60136e+06 7.00861e+06 1.07938e+07 1.67856e+07 2.62689e+07 4.0976e+07 6.34493e+07 9.62536e+07 1.42228e+08 2.0819e+08 3.03289e+08 
0.327283 0.0742925 0.134166 0.24254 0.43899 0.795444 1.44346 2.62423 4.7805 8.72563 15.9711 29.331 54.0241 99.9047 185.677 346.917 651.491 1232.53 2352.48 4520.9 8776.18 17252.5 34334.5 69055.8 141228 294729 619741 1.32591e+06 -1.63101e+07 4.35576e+06 6.82639e+06 1.07129e+07 1.69894e+07 2.70968e+07 4.30057e+07 6.76255e+07 1.0383e+08 1.54577e+08 2.27379e+08 3.32128e+08 
0.182676 0.0414754 0.0749189 0.135472 0.245276 0.444603 0.807149 1.46813 2.67598 4.8877 8.95331 16.4573 30.3452 56.1869 104.576 195.718 368.302 698.423 1336.65 2577.38 5023.17 9919.97 19850.2 40195.7 82859 174509 371254 805236 1.77053e+06 -2.04817e+07 6.39649e+06 1.02739e+07 1.66993e+07 2.72927e+07 4.43004e+07 7.10731e+07 1.10848e+08 1.66657e+08 2.46723e+08 3.61589e+08 
0.0957942 0.0217538 0.0393045 0.0710923 0.128755 0.233477 0.42405 0.771693 1.40739 2.5724 4.7159 8.67628 16.0156 29.6926 55.3456 103.76 195.668 371.953 713.827 1381.22 2702.99 5363.43 10793.9 22014.2 45763.8 97333.1 209721 461861 1.04489e+06 2.4087e+06 -2.60558e+07 9.21504e+06 1.54573e+07 2.61065e+07 4.37002e+07 7.20965e+07 1.14946e+08 1.75264e+08 2.61833e+08 3.85485e+08 
0.0356899 0.00810641 0.0146501 0.0265058 0.0480194 0.0871085 0.158279 0.288181 0.525876 0.961855 1.76473 3.24966 6.00514 11.1477 20.809 39.079 73.8485 140.721 270.81 525.824 1033.24 2060.02 4169.68 8565.7 17959.4 38580.7 84227 188462 434466 1.02506e+06 2.44156e+06 -3.55877e+07 1.03634e+07 1.82228e+07 3.17081e+07 5.42234e+07 8.8977e+07 1.38227e+08 2.09023e+08 3.09586e+08 
0.0177503 0.0040325 0.00728937 0.0131919 0.0239065 0.043383 0.0788618 0.143655 0.262291 0.480071 0.881479 1.62462 3.00543 5.58614 10.4425 19.6438 37.1979 71.0509 137.107 267.127 527.037 1055.74 2149.12 4446.79 9403.48 20404.7 45144.2 102678 241391 583719 1.43482e+06 3.63076e+06 -4.74938e+07 1.75353e+07 3.2051e+07 5.73259e+07 9.75812e+07 1.55298e+08 2.38564e+08 3.5608e+08 
0.00882849 0.00200601 0.00362697 0.00656552 0.0119014 0.0216048 0.0392889 0.0716007 0.130799 0.239552 0.440166 0.811913 1.50346 2.79769 5.23677 9.86637 18.7185 35.8319 69.3175 135.476 268.288 539.754 1104.52 2300.57 4903.53 10739.8 24060.3 55582.2 133172 329992 838231 2.20831e+06 6.06548e+06 -6.29781e+07 3.16417e+07 6.04514e+07 1.09071e+08 1.80741e+08 2.85295e+08 4.31778e+08 
0.003116 0.000708137 0.00128061 0.00231868 0.00420421 0.00763436 0.0138883 0.0253207 0.0462777 0.0848044 0.155928 0.287833 0.533483 0.993779 1.86244 3.51394 6.67827 12.8095 24.8372 48.6824 96.7358 195.389 401.745 841.848 1807.29 3992.02 9045.47 21194.2 51667.2 130936 342999 939314 2.71011e+06 7.7349e+06 -8.88879e+07 4.59694e+07 8.97635e+07 1.57934e+08 2.60146e+08 4.03172e+08 
0.000932103 0.00021186 0.000383202 0.000693973 0.0012586 0.00228611 0.00416023 0.00758761 0.0138736 0.0254366 0.0467974 0.0864433 0.160349 0.298986 0.56094 1.0597 2.01711 3.87594 7.53075 14.7986 29.4954 59.7858 123.451 260.079 561.915 1250.53 2862.23 6791.2 16812.5 43469.8 117100 332398 1.00307e+06 3.05797e+06 9.51263e+06 -1.27441e+08 6.45755e+07 1.24748e+08 2.18995e+08 3.53003e+08 
0.000230246 5.23393e-05 9.46821e-05 0.000171496 0.000311084 0.000565176 0.00102876 0.00187685 0.00343287 0.00629661 0.0115897 0.0214195 0.0397579 0.0741877 0.139305 0.263432 0.502047 0.966059 1.88002 3.70187 7.39585 15.0325 31.1441 65.889 143.07 320.278 738.847 1770.35 4435.74 11650.1 32081.8 93728.4 293404 948107 3.19193e+06 1.10966e+07 -1.81238e+08 8.31754e+07 1.62409e+08 2.82038e+08 
4.57858e-05 1.04088e-05 1.88312e-05 3.41121e-05 6.18847e-05 0.000112448 0.000204716 0.000373547 0.000683386 0.0012538 0.00230843 0.00426775 0.00792481 0.0147945 0.0277951 0.0525947 0.100311 0.193192 0.376341 0.741962 1.48453 3.02256 6.27496 13.3098 28.9898 65.1321 150.984 363.98 918.838 2437.14 6806.24 20259.9 64970.5 218603 781416 2.98269e+06 1.1573e+07 -2.47619e+08 9.78514e+07 1.99284e+08 
7.15278e-06 1.62618e-06 2.94222e-06 5.33013e-06 9.67049e-06 1.75735e-05 3.19972e-05 5.83934e-05 0.000106844 0.000196062 0.000361057 0.000667669 0.00124016 0.00231599 0.00435282 0.00824021 0.0157246 0.0303034 0.0590735 0.116567 0.233469 0.475917 0.989428 2.1024 4.58876 10.3349 24.0351 58.1746 147.579 393.954 1110.24 3345.18 10897.7 37676.8 140541 571725 2.46741e+06 1.06843e+07 -3.27752e+08 1.19785e+08 
8.47643e-07 1.92718e-07 3.487e-07 6.31739e-07 1.14624e-06 2.08314e-06 3.79322e-06 6.92313e-06 1.26689e-05 2.32508e-05 4.28241e-05 7.92042e-05 0.000147148 0.000274865 0.00051674 0.000978536 0.00186804 0.00360151 0.00702423 0.0138689 0.027797 0.0567079 0.118005 0.251028 0.548614 1.23743 2.88325 6.99439 17.791 47.651 134.903 408.909 1342.45 4706.1 17976.1 76059.4 353639 1.79586e+06 9.8861e+06 -4.16891e+08 
dt_FE: 8.59285e-10
dt_EA: 8.59285e-10
dt_PE: 8.59285e-10
tolC: 1e-06
dt_grow: 1.03
dt_max: 0.1
steps: 0
