t
0.0013272789003531430471194
dt
0.0001537465877346125937234
DN
-0.0000000001150696949075096
TC
70.0000
N
9.99400155e-01
9.99998394e-01
9.99997259e-01
9.99994289e-01
9.99987034e-01
9.99966628e-01
9.99886114e-01
9.99455346e-01
9.97380328e-01
9.90133460e-01
9.71884762e-01
9.36788467e-01
8.81918735e-01
8.08520466e-01
7.21259727e-01
6.26526802e-01
5.30783838e-01
4.39430744e-01
3.56271225e-01
2.83483096e-01
2.22410669e-01
1.80074416e-01
1.89246212e-01
2.52060798e-01
1.93454835e-01
4.61162459e-02
2.81254253e-03
7.90086296e-05
3.08420608e-06
1.20266671e-07
3.89996692e-09
1.03571043e-10
2.22597087e-12
3.82350079e-14
5.17985140e-16
5.45779880e-18
4.40702683e-20
2.68483409e-22
1.21382765e-24
4.00196337e-27
eC
1.00638940e+00
3.07804198e+00
5.27088624e+00
7.59201189e+00
1.00489234e+01
1.26495642e+01
1.54023425e+01
1.83161584e+01
2.14004324e+01
2.46651365e+01
2.81208258e+01
3.17786729e+01
3.56505041e+01
3.97488374e+01
4.40869232e+01
4.86787870e+01
5.35392748e+01
5.86841012e+01
6.41298999e+01
6.98942779e+01
7.59958720e+01
8.24544093e+01
8.92907710e+01
9.65270599e+01
1.04186672e+02
1.12294371e+02
1.20876370e+02
1.29960417e+02
1.39575880e+02
1.49753848e+02
1.60527227e+02
1.71930848e+02
1.84001582e+02
1.96778453e+02
2.10302771e+02
2.24618262e+02
2.39771209e+02
2.55810604e+02
2.72788303e+02
2.90759198e+02
