t
0.0297838069908727132162340
dt
0.0050898312403624213287601
DN
-0.0000000019254842139476630
TC
92.0000
N
1.00000000e+00
1.00000000e+00
1.00000000e+00
9.99999999e-01
9.99999998e-01
9.99999995e-01
9.99999988e-01
9.99999970e-01
9.99999921e-01
9.99999776e-01
9.99999325e-01
9.99997837e-01
9.99992573e-01
9.99972573e-01
9.99890577e-01
9.99526043e-01
9.97759751e-01
9.88443551e-01
9.37802279e-01
7.21184266e-01
3.06799087e-01
6.24195676e-02
8.17998460e-03
8.60908376e-04
7.68655042e-05
5.86489537e-06
3.83412155e-07
2.13572522e-08
1.00445036e-09
3.94963972e-11
1.28502553e-12
3.42133511e-14
7.36761405e-16
1.26742550e-17
1.71902453e-19
1.81288612e-21
1.46486786e-23
8.92898302e-26
4.03850941e-28
1.33191475e-30
eC
1.00638940e+00
3.07804198e+00
5.27088624e+00
7.59201189e+00
1.00489234e+01
1.26495642e+01
1.54023425e+01
1.83161584e+01
2.14004324e+01
2.46651365e+01
2.81208258e+01
3.17786729e+01
3.56505041e+01
3.97488374e+01
4.40869232e+01
4.86787870e+01
5.35392748e+01
5.86841012e+01
6.41298999e+01
6.98942779e+01
7.59958720e+01
8.24544093e+01
8.92907710e+01
9.65270599e+01
1.04186672e+02
1.12294371e+02
1.20876370e+02
1.29960417e+02
1.39575880e+02
1.49753848e+02
1.60527227e+02
1.71930848e+02
1.84001582e+02
1.96778453e+02
2.10302771e+02
2.24618262e+02
2.39771209e+02
2.55810604e+02
2.72788303e+02
2.90759198e+02
