t
0.0047722721626046807341659
dt
0.0005925121365699352734766
DN
-0.0000000004025206891448561
TC
80.0000
N
9.99999991e-01
9.99999986e-01
9.99999972e-01
9.99999941e-01
9.99999871e-01
9.99999699e-01
9.99999260e-01
9.99998057e-01
9.99994513e-01
9.99982857e-01
9.99936426e-01
9.99715657e-01
9.98691595e-01
9.94730168e-01
9.82465047e-01
9.51839291e-01
8.89288453e-01
7.84024002e-01
6.38050377e-01
4.71500051e-01
3.14615767e-01
1.92089068e-01
1.14715700e-01
7.05476106e-02
3.06050162e-02
5.19697287e-03
3.32572598e-04
1.58455154e-05
7.34087007e-07
2.89318819e-08
9.43211771e-10
2.51539676e-11
5.42396718e-13
9.34079501e-15
1.26802617e-16
1.33823496e-18
1.08198394e-20
6.59843069e-23
2.98566101e-25
9.85026313e-28
eC
1.00638940e+00
3.07804198e+00
5.27088624e+00
7.59201189e+00
1.00489234e+01
1.26495642e+01
1.54023425e+01
1.83161584e+01
2.14004324e+01
2.46651365e+01
2.81208258e+01
3.17786729e+01
3.56505041e+01
3.97488374e+01
4.40869232e+01
4.86787870e+01
5.35392748e+01
5.86841012e+01
6.41298999e+01
6.98942779e+01
7.59958720e+01
8.24544093e+01
8.92907710e+01
9.65270599e+01
1.04186672e+02
1.12294371e+02
1.20876370e+02
1.29960417e+02
1.39575880e+02
1.49753848e+02
1.60527227e+02
1.71930848e+02
1.84001582e+02
1.96778453e+02
2.10302771e+02
2.24618262e+02
2.39771209e+02
2.55810604e+02
2.72788303e+02
2.90759198e+02
