t
0.0095880324935930048152466
dt
0.0013033074985189471196867
DN
-0.0000000007366015987963987
TC
85.0000
N
9.99999999e-01
9.99999999e-01
9.99999997e-01
9.99999994e-01
9.99999987e-01
9.99999971e-01
9.99999930e-01
9.99999820e-01
9.99999511e-01
9.99998584e-01
9.99995602e-01
9.99985202e-01
9.99944809e-01
9.99766495e-01
9.98915024e-01
9.94991088e-01
9.79225005e-01
9.27799704e-01
8.00608255e-01
5.80162939e-01
3.29821585e-01
1.45966529e-01
5.34846191e-02
1.72364921e-02
4.05492793e-03
4.79691791e-04
3.14301430e-05
1.70987516e-06
8.07213398e-08
3.18697037e-09
1.03999303e-10
2.77518801e-12
5.98652482e-14
1.03123222e-15
1.40016677e-17
1.47788078e-19
1.19499927e-21
7.28813653e-24
3.29790232e-26
1.08808082e-28
eC
1.00638940e+00
3.07804198e+00
5.27088624e+00
7.59201189e+00
1.00489234e+01
1.26495642e+01
1.54023425e+01
1.83161584e+01
2.14004324e+01
2.46651365e+01
2.81208258e+01
3.17786729e+01
3.56505041e+01
3.97488374e+01
4.40869232e+01
4.86787870e+01
5.35392748e+01
5.86841012e+01
6.41298999e+01
6.98942779e+01
7.59958720e+01
8.24544093e+01
8.92907710e+01
9.65270599e+01
1.04186672e+02
1.12294371e+02
1.20876370e+02
1.29960417e+02
1.39575880e+02
1.49753848e+02
1.60527227e+02
1.71930848e+02
1.84001582e+02
1.96778453e+02
2.10302771e+02
2.24618262e+02
2.39771209e+02
2.55810604e+02
2.72788303e+02
2.90759198e+02
