t
0.0000002684354560000000209
dt
0.0000001342177280000000104
DN
-0.0000000000000002177980794
TC
28.0000
N
1.53731764e-03
3.49469177e-03
4.23053530e-03
4.12218183e-03
3.57378463e-03
2.89560175e-03
2.26137368e-03
1.73769962e-03
1.33175155e-03
1.02646115e-03
7.99276158e-04
6.29927868e-04
5.02576871e-04
4.05625154e-04
3.30824949e-04
2.72360090e-04
2.26112430e-04
1.89160913e-04
1.61212958e-04
2.21779761e-04
2.47252615e-03
3.46037699e-02
2.38188861e-01
6.64532324e-01
6.29162589e-01
1.65364333e-01
9.59703923e-03
9.47896843e-05
1.21029594e-07
1.22853306e-10
3.52919685e-12
9.31427473e-14
1.99029049e-15
3.40036172e-17
4.58378987e-19
4.80769920e-21
3.86577758e-23
2.34599912e-25
1.05687233e-27
3.47310039e-30
eC
1.00638940e+00
3.07804198e+00
5.27088624e+00
7.59201189e+00
1.00489234e+01
1.26495642e+01
1.54023425e+01
1.83161584e+01
2.14004324e+01
2.46651365e+01
2.81208258e+01
3.17786729e+01
3.56505041e+01
3.97488374e+01
4.40869232e+01
4.86787870e+01
5.35392748e+01
5.86841012e+01
6.41298999e+01
6.98942779e+01
7.59958720e+01
8.24544093e+01
8.92907710e+01
9.65270599e+01
1.04186672e+02
1.12294371e+02
1.20876370e+02
1.29960417e+02
1.39575880e+02
1.49753848e+02
1.60527227e+02
1.71930848e+02
1.84001582e+02
1.96778453e+02
2.10302771e+02
2.24618262e+02
2.39771209e+02
2.55810604e+02
2.72788303e+02
2.90759198e+02
