t
0.0000100143415023004044446
dt
0.0000000999999999999999955
DN
-0.0000000000000004355961589
TC
689.0000
N
3.17731367e-01
6.56319332e-01
8.08042171e-01
8.79471395e-01
9.14015482e-01
9.30010287e-01
9.35300822e-01
9.32999432e-01
9.23827098e-01
9.07127766e-01
8.81443542e-01
8.45071490e-01
7.96752914e-01
7.36394173e-01
6.65536467e-01
5.87316510e-01
5.05896440e-01
4.25606565e-01
3.50143279e-01
2.82084384e-01
2.23266028e-01
1.81038286e-01
1.89519437e-01
2.53292526e-01
1.99857477e-01
5.90848139e-02
1.03849780e-02
2.74386069e-03
7.90020775e-04
2.11013660e-04
5.20808080e-05
1.18456242e-05
2.47202116e-06
4.70945795e-07
8.14631688e-08
1.27213283e-08
1.78260019e-09
2.22714079e-10
2.46421443e-11
2.39742197e-12
eC
1.00638940e+00
3.07804198e+00
5.27088624e+00
7.59201189e+00
1.00489234e+01
1.26495642e+01
1.54023425e+01
1.83161584e+01
2.14004324e+01
2.46651365e+01
2.81208258e+01
3.17786729e+01
3.56505041e+01
3.97488374e+01
4.40869232e+01
4.86787870e+01
5.35392748e+01
5.86841012e+01
6.41298999e+01
6.98942779e+01
7.59958720e+01
8.24544093e+01
8.92907710e+01
9.65270599e+01
1.04186672e+02
1.12294371e+02
1.20876370e+02
1.29960417e+02
1.39575880e+02
1.49753848e+02
1.60527227e+02
1.71930848e+02
1.84001582e+02
1.96778453e+02
2.10302771e+02
2.24618262e+02
2.39771209e+02
2.55810604e+02
2.72788303e+02
2.90759198e+02
