t
0.0000035143415023003908686
dt
0.0000000999999999999999955
DN
-0.0000000000000006533942383
TC
624.0000
N
1.18487027e-01
2.97830113e-01
4.22651178e-01
5.08155633e-01
5.64580744e-01
5.98712448e-01
6.14954481e-01
6.16124534e-01
6.04098704e-01
5.80370924e-01
5.46521899e-01
5.04526200e-01
4.56818009e-01
4.06109152e-01
3.55056870e-01
3.05929847e-01
2.60388751e-01
2.19420014e-01
1.83394599e-01
1.52234415e-01
1.26651900e-01
1.21554350e-01
2.15120847e-01
4.33094215e-01
3.88337666e-01
1.07488546e-01
1.12824075e-02
2.03726601e-03
5.75262389e-04
1.53068061e-04
3.76133841e-05
8.51775358e-06
1.77028642e-06
3.35998427e-07
5.79234944e-08
9.01775191e-09
1.26016660e-09
1.57056402e-10
1.73394922e-11
1.68368109e-12
eC
1.00638940e+00
3.07804198e+00
5.27088624e+00
7.59201189e+00
1.00489234e+01
1.26495642e+01
1.54023425e+01
1.83161584e+01
2.14004324e+01
2.46651365e+01
2.81208258e+01
3.17786729e+01
3.56505041e+01
3.97488374e+01
4.40869232e+01
4.86787870e+01
5.35392748e+01
5.86841012e+01
6.41298999e+01
6.98942779e+01
7.59958720e+01
8.24544093e+01
8.92907710e+01
9.65270599e+01
1.04186672e+02
1.12294371e+02
1.20876370e+02
1.29960417e+02
1.39575880e+02
1.49753848e+02
1.60527227e+02
1.71930848e+02
1.84001582e+02
1.96778453e+02
2.10302771e+02
2.24618262e+02
2.39771209e+02
2.55810604e+02
2.72788303e+02
2.90759198e+02
