t: 8.61554e-08
dt: 2.39233e-09
N: 0.0620412 0.0712283 0.0816662 0.0935051 0.106894 0.121954 0.138834 0.157682 0.178593 0.201586 0.226755 0.254094 0.283319 0.314301 0.34679 0.380231 0.413753 0.446926 0.478951 0.507987 0.533354 0.554008 0.568118 0.573392 0.569077 0.553326 0.521847 0.474113 0.409402 0.328592 0.238289 0.157118 0.0823059 0.0362607 0.0138182 0.00443911 0.00118345 0.000255503 4.32841e-05 5.54194e-06 
eC: 1 1.15749 1.33977 1.55077 1.795 2.07768 2.40489 2.78363 3.22201 3.72944 4.31677 4.99661 5.78351 6.69433 7.7486 8.9689 10.3814 12.0163 13.9087 16.0991 18.6345 21.5692 24.9661 28.8979 33.4489 38.7167 44.814 51.8717 60.0407 69.4963 80.4411 93.1095 107.773 124.746 144.391 167.131 193.452 223.918 259.182 300 
dV: 1.08333 0.211322 0.327712 0.508206 0.788112 1.22218 1.89532 2.93921 4.55805 7.06849 10.9616 16.999 26.3615 40.8807 63.3966 98.3136 152.462 236.434 366.655 568.597 881.764 1367.42 2120.55 3288.49 5099.69 7908.45 12264.2 19019 29494.1 45738.6 70930.1 109996 170579 264529 410225 636165 986546 1.52991e+06 2.37254e+06 3.67926e+06 
kVec: 973340 1.1286e+06 1.30109e+06 1.49987e+06 1.72868e+06 1.9912e+06 2.29215e+06 2.63683e+06 3.03077e+06 3.47863e+06 3.98811e+06 4.56656e+06 5.21703e+06 5.9479e+06 6.76678e+06 7.67808e+06 8.6763e+06 9.77163e+06 1.09669e+07 1.22263e+07 1.35543e+07 1.49429e+07 1.63642e+07 1.77418e+07 1.91139e+07 2.05155e+07 2.17958e+07 2.31764e+07 2.49187e+07 2.74322e+07 3.11741e+07 3.7411e+07 4.80637e+07 6.44771e+07 8.97928e+07 1.28206e+08 1.8211e+08 2.48616e+08 3.28845e+08 4.18003e+08 
cMat: 
-125026 900.565 1058.21 1232.63 1436.94 1677.49 1960.88 2295.04 2690.62 3162.26 3723.95 4394.66 5206.2 6188.43 7380.06 8840.25 10655.5 12906.8 15715.4 19318 23928.5 29860.2 37640.7 48056.2 61950.1 80661.7 106820 143100 193795 266111 370577 521094 739746 1.06368e+06 1.53578e+06 2.22005e+06 3.1913e+06 4.56095e+06 6.52559e+06 9.36995e+06 
4535.37 -148974 1207.71 1406.78 1639.96 1914.51 2237.97 2619.38 3070.9 3609.27 4250.44 5016.08 5942.53 7063.89 8424.38 10091.6 12164.3 14735.3 17942.8 22057.5 27324.1 34100.6 42990.4 54892.9 70772.9 92162.7 122071 163560 221545 304277 423811 596069 846347 1.21718e+06 1.7577e+06 2.54124e+06 3.65344e+06 5.22182e+06 7.47154e+06 1.07287e+07 
3366.88 762.988 -170861 1601.76 1867.28 2179.92 2548.25 2982.58 3496.78 4109.89 4840.11 5712.11 6767.33 8044.62 9594.39 11493.7 13855.2 16784.6 20439.6 25129.1 31132 38857.2 48993.3 62566.7 80679.7 105082 139211 186565 252764 347237 483767 680558 966542 1.39035e+06 2.00817e+06 2.90389e+06 4.1754e+06 5.9684e+06 8.54033e+06 1.22639e+07 
2469.96 559.736 1008.79 -196424 2121.09 2476.25 2894.7 3388.13 3972.32 4668.92 5498.61 6489.44 7688.53 9140.06 10901.4 13060.1 15744.4 19074.6 23230.3 28562.8 35389.9 44177.1 55708.8 71154.5 91770.3 119551 158415 212354 287779 395447 551084 775473 1.10164e+06 1.58508e+06 2.28996e+06 3.31205e+06 4.76305e+06 6.80909e+06 9.74403e+06 1.39932e+07 
1806.93 409.485 738.005 1331.09 -226185 2780.43 3279.55 3838.66 4500.62 5290.01 6230.25 7353.16 8712.2 10357.5 12354 14801.3 17844.8 21621 26333.8 32382.3 40127.4 50097.9 63185.2 80718.9 104127 135679 179832 241131 326872 449304 626334 881637 1.25284e+06 1.80313e+06 2.60566e+06 3.76955e+06 5.42197e+06 7.75195e+06 1.10942e+07 1.59332e+07 
1318.4 298.776 538.483 971.236 1737.78 -260705 3702.69 4334.04 5081.57 5973.04 7034.92 8303.2 9838.3 11696.9 13952.5 16717.6 20156.9 24424.8 29752 36590.5 45348.8 56626.3 71432.8 91275.7 117775 153504 203521 272985 370182 509026 709857 999579 1.42096e+06 2.0458e+06 2.95726e+06 4.2794e+06 6.15668e+06 8.80361e+06 1.26006e+07 1.8098e+07 
958.743 217.274 391.597 706.314 1275.15 2303.47 -300682 4875.46 5716.54 6719.64 7914.59 9341.88 11069.6 13161.7 15700.9 18814.1 22687 27493.7 33494.5 41199.5 51070 63782.6 80478.3 102861 132761 173091 229573 308048 417901 574891 802061 1.12991e+06 1.60692e+06 2.31444e+06 3.34681e+06 4.84469e+06 6.97175e+06 9.97072e+06 1.42727e+07 2.05014e+07 
694.381 157.365 283.626 511.579 923.601 1668.46 3016.98 -346902 6338.75 7530 8869.46 10469.5 12406.6 14752.4 17599.9 21091.7 25436.3 30829.4 37563.7 46212.7 57295.6 71573.7 90331.8 115488 149108 194474 258038 346395 470142 647073 903217 1.27304e+06 1.81136e+06 2.61006e+06 3.77585e+06 5.46779e+06 7.8707e+06 1.12584e+07 1.61182e+07 2.31545e+07 
500.732 113.481 204.535 368.928 666.074 1203.27 2175.88 3898.96 -400465 8399.25 9893.86 11679.4 13841.4 16459.8 19638.8 23537.6 28389.7 34414.2 41938.5 51605.1 63995.8 79964 100950 129108 166756 217580 288834 387932 526800 725466 1.01323e+06 1.42891e+06 2.03429e+06 2.9328e+06 4.24478e+06 6.14949e+06 8.85497e+06 1.2669e+07 1.81405e+07 2.60625e+07 
359.562 81.4887 146.876 264.933 478.331 864.14 1562.68 2829.85 5131.72 -462261 10974 12955.4 15354.9 18261.5 21790.9 26120.4 31509.9 38203.2 46565.2 57312.1 71092.5 88858.8 112219 143579 185530 242198 321696 432335 587479 809583 1.1315e+06 1.59682e+06 2.27487e+06 3.28171e+06 4.75252e+06 6.88865e+06 9.92336e+06 1.42013e+07 2.03383e+07 2.92239e+07 
256.728 58.1843 104.875 189.176 341.563 617.081 1115.96 2020.96 3665.07 6653.61 -533811 14290.5 16938.9 20147.7 24044.8 28826.4 34780.5 42177.1 51420.5 63305.2 78551 98215.5 124085 158835 205350 268223 356495 479437 651966 899154 1.25769e+06 1.77631e+06 2.53255e+06 3.65604e+06 5.29813e+06 7.68405e+06 1.10743e+07 1.5853e+07 2.27086e+07 3.26349e+07 
182.114 41.2747 74.3978 134.205 242.319 437.801 791.774 1433.96 2600.67 4721.63 8590.05 -616811 18434.6 22095 26372.6 31622.4 38161.6 46287.8 56446.5 69514.2 86285.7 107929 136419 174715 226011 295399 392904 528820 719721 993478 1.39088e+06 1.96619e+06 2.80574e+06 4.0537e+06 5.8788e+06 8.53194e+06 1.23028e+07 1.76174e+07 2.5242e+07 3.62819e+07 
128.476 29.1188 52.4883 94.6862 170.971 308.91 558.704 1011.91 1835.37 3332.49 6063.4 10977.8 -712943 24040.8 28700.1 34420.2 41548.1 50409.2 61491.4 75755.3 94072.5 117725 148882 190799 246992 323073 430097 579436 789416 1.09086e+06 1.52891e+06 2.16368e+06 3.09088e+06 4.47009e+06 6.48858e+06 9.42464e+06 1.35987e+07 1.94811e+07 2.79204e+07 4.01401e+07 
89.9945 20.3977 36.7694 66.3329 119.78 216.431 391.468 709.071 1286.2 2335.58 4250.03 7753.75 14167.2 -824873 30993.2 37179.1 44890.8 54482 66483.4 81940.4 101803 127469 161308 206876 268024 350900 467626 630703 860282 1.19029e+06 1.67041e+06 2.36695e+06 3.38551e+06 4.90185e+06 7.12288e+06 1.03558e+07 1.49535e+07 2.14319e+07 3.07268e+07 4.41854e+07 
62.5181 14.1705 25.5452 46.0862 83.2244 150.387 272.032 492.775 893.938 1623.47 2954.59 5391.14 9852.12 18054.1 -955569 39404.1 48128.8 58432.9 71333.2 87960.6 109343 136996 173488 222684 288773 378453 504941 681898 931373 1.2905e+06 1.81371e+06 2.57376e+06 3.6866e+06 5.34483e+06 7.77603e+06 1.13178e+07 1.63565e+07 2.34552e+07 3.36404e+07 4.83885e+07 
43.0871 9.76662 17.6071 31.7668 57.3692 103.674 187.549 339.771 616.442 1119.66 2038 3719.29 6798.26 12460.8 22671.4 -1.1097e+06 51153.6 62131 75883.2 93624 116459 146017 185066 237777 308680 405025 541140 731873 1.00122e+06 1.38961e+06 1.95638e+06 2.78097e+06 3.99011e+06 5.79382e+06 8.44125e+06 1.23017e+07 1.77962e+07 2.55358e+07 3.66409e+07 5.2721e+07 
29.5027 6.68773 12.0572 21.755 39.2913 71.0111 128.474 232.774 422.374 767.29 1396.86 2549.75 4661.66 8546.93 15730.7 29059.1 -1.29079e+06 65411.6 79934.6 98689.4 122855 154170 195596 251602 327055 429757 575144 779270 1.06811e+06 1.4855e+06 2.09579e+06 2.98538e+06 4.29224e+06 6.24431e+06 9.11344e+06 1.3302e+07 1.92668e+07 2.7667e+07 3.97205e+07 5.7174e+07 
20.0217 4.5388 8.18346 14.7666 26.6719 48.2087 87.2295 158.066 286.857 521.201 949.047 1732.72 3168.78 5811.64 10700.2 19774.6 36647.7 -1.50668e+06 83508.8 103181 128559 161489 205116 264201 343947 452700 607008 824152 1.13213e+06 1.57827e+06 2.23207e+06 3.18721e+06 4.59332e+06 6.69692e+06 9.79363e+06 1.43204e+07 2.07712e+07 2.98534e+07 4.28862e+07 6.17575e+07 
13.4636 3.0523 5.50368 9.93191 17.9409 32.4313 58.6891 106.364 193.061 350.849 639 1166.95 2134.76 3916.62 7214.07 13338.2 24733.2 46119.6 -1.76727e+06 106465 133557 167954 213604 275552 359331 473834 636729 866549 1.19338e+06 1.66814e+06 2.36574e+06 3.38743e+06 4.89518e+06 7.15488e+06 1.04874e+07 1.53663e+07 2.23241e+07 3.21174e+07 4.61713e+07 6.65208e+07 
9.0247 2.04611 3.68972 6.6591 12.0303 21.7496 39.3651 71.355 129.542 235.473 428.983 783.658 1434.12 2632.29 4850.8 8973.78 16651.5 31073.5 58055.5 -2.08068e+06 137476 173118 220517 284999 372421 492227 663223 905250 1.25059e+06 1.754e+06 2.49616e+06 3.58658e+06 5.20073e+06 7.62534e+06 1.12092e+07 1.64661e+07 2.397e+07 3.45284e+07 4.9681e+07 7.16203e+07 
6.01713 1.36434 2.46053 4.44118 8.02439 14.5096 26.2657 47.6198 86.4714 157.225 286.521 523.595 958.601 1760.35 3245.79 6008.46 11157.8 20840 39202 73999.9 -2.46555e+06 177445 226439 293280 384165 509106 688116 942445 1.30677e+06 1.84007e+06 2.62941e+06 3.79357e+06 5.52321e+06 8.12832e+06 1.19892e+07 1.76656e+07 2.57774e+07 3.71867e+07 5.3561e+07 7.72675e+07 
3.99177 0.905184 1.63264 2.94723 5.32585 9.63173 17.4391 31.6241 57.44 104.471 190.451 348.171 637.738 1171.77 2161.9 4004.91 7443.62 13916.6 26207.8 49538.5 94332.5 -2.94461e+06 229337 301179 395590 525844 713288 980764 1.36567e+06 1.93181e+06 2.77367e+06 4.02082e+06 5.88174e+06 8.69348e+06 1.28737e+07 1.90357e+07 2.78536e+07 4.02506e+07 5.8043e+07 8.37994e+07 
2.648 0.600529 1.08328 1.95582 3.53486 6.39398 11.5795 21.0036 38.1606 69.4307 126.623 231.588 424.428 780.334 1440.74 2671.19 4969.72 9302.05 17540.2 33207.1 63348.6 120687 -3.55111e+06 308965 407116 543101 739815 1.02198e+06 1.43025e+06 2.03425e+06 2.93751e+06 4.28285e+06 6.30084e+06 9.36177e+06 1.39297e+07 2.06848e+07 3.03677e+07 4.39739e+07 6.35023e+07 9.17666e+07 
1.76653 0.400673 0.722871 1.30532 2.35963 4.26914 7.73339 14.0314 25.5019 46.4181 84.6933 154.983 284.216 522.933 966.305 1793.32 3340.39 6260.74 11823.4 22425.6 42872.6 82817.8 161443 -4.3158e+06 418832 561138 768318 1.06742e+06 1.50311e+06 2.15245e+06 3.13051e+06 4.59732e+06 6.81232e+06 1.0189e+07 1.52523e+07 2.27707e+07 3.35708e+07 4.87381e+07 7.0507e+07 1.02004e+08 
1.17947 0.267555 0.482786 0.871948 1.57654 2.85305 5.16969 9.38292 17.0597 31.0658 56.7112 103.838 190.559 350.899 649.016 1205.78 2248.94 4221.38 7985.54 15177.8 29086.2 56340.1 110180 216927 -5.30787e+06 582828 802723 1.12256e+06 1.59215e+06 2.29808e+06 3.37059e+06 4.99236e+06 7.46121e+06 1.12481e+07 1.69591e+07 2.54808e+07 3.77546e+07 5.49812e+07 7.97049e+07 1.15461e+08 
0.787279 0.178615 0.322356 0.582317 1.0531 1.90631 3.4553 6.27356 11.4111 20.79 37.9741 69.5749 127.78 235.51 436.041 811.074 1514.94 2848.33 5398.25 10283.8 19760.4 38392.4 75349.7 148991 298784 -6.62521e+06 842161 1.19111e+06 1.70335e+06 2.48119e+06 3.67503e+06 5.49796e+06 8.29979e+06 1.26294e+07 1.92037e+07 2.90706e+07 4.33276e+07 6.33258e+07 9.20261e+07 1.33508e+08 
0.529379 0.120124 0.216837 0.391793 0.708729 1.28333 2.32694 4.22661 7.69148 14.0212 25.6271 46.9877 86.3739 159.36 295.4 550.228 1029.45 1939.23 3683.29 7035.65 13561.3 26442.8 52116.9 103582 208947 427611 -8.32862e+06 1.25865e+06 1.81864e+06 2.6802e+06 4.02066e+06 6.09448e+06 9.32383e+06 1.43662e+07 2.20941e+07 3.37846e+07 5.07512e+07 7.4537e+07 1.08669e+08 1.57951e+08 
0.352495 0.0800005 0.144441 0.261048 0.47235 0.855591 1.55197 2.82019 5.13473 9.3661 17.1308 31.4343 57.839 106.833 198.284 369.885 693.288 1308.7 2491.57 4773.23 9232 18072 35784.8 71528.2 145238 300611 625613 -1.0606e+07 1.93396e+06 2.88947e+06 4.40114e+06 6.77811e+06 1.05407e+07 1.64959e+07 2.57313e+07 3.98437e+07 6.04435e+07 8.93134e+07 1.30735e+08 1.90453e+08 
0.229096 0.0520044 0.0939155 0.169777 0.307291 0.556807 1.01041 1.83695 3.34633 6.1079 11.1797 20.5316 37.8166 69.9328 129.973 242.84 456.041 862.764 1646.72 3164.61 6143.28 12076.7 24034 48338.7 98858.6 206309 433816 928127 -1.37019e+07 3.04901e+06 4.77844e+06 7.49896e+06 1.18925e+07 1.89676e+07 3.01037e+07 4.73375e+07 7.26804e+07 1.08203e+08 1.59164e+08 2.32488e+08 
0.143236 0.0325208 0.0587438 0.106224 0.192321 0.348613 0.632885 1.15116 2.09823 3.83244 7.02028 12.9042 23.7936 44.0561 81.9979 153.462 288.785 547.633 1048.07 2020.92 3938.66 7778.24 15564.5 31517.4 64969.6 136832 291100 631385 1.38827e+06 -1.79659e+07 5.01548e+06 8.05579e+06 1.30939e+07 2.14002e+07 3.47359e+07 5.57284e+07 8.69154e+07 1.30676e+08 1.93455e+08 2.83522e+08 
0.0840851 0.0190948 0.0345002 0.0624025 0.113017 0.204939 0.372217 0.677367 1.23536 2.25797 4.13947 7.61576 14.058 26.0632 48.5806 91.0772 171.751 326.488 626.574 1212.39 2372.59 4707.85 9474.56 19323.4 40170 85435.9 184087 405406 917172 2.11428e+06 -2.37563e+07 8.08866e+06 1.35679e+07 2.29155e+07 3.83586e+07 6.3284e+07 1.00896e+08 1.53841e+08 2.29829e+08 3.38367e+08 
0.0445734 0.0101242 0.0182967 0.0331033 0.0599718 0.108791 0.197676 0.359911 0.65677 1.20127 2.20399 4.05852 7.49987 13.9224 25.9886 48.806 92.2299 175.748 338.217 656.705 1290.43 2572.78 5207.54 10697.8 22429.6 48183.7 105192 235372 542608 1.2802e+06 3.04928e+06 -3.20549e+07 1.2943e+07 2.27586e+07 3.96005e+07 6.77201e+07 1.11124e+08 1.72632e+08 2.61051e+08 3.86645e+08 
0.0212264 0.00482219 0.00871687 0.0157753 0.0285881 0.0518788 0.0943056 0.171787 0.313656 0.574084 1.0541 1.94278 3.59399 6.68009 12.4875 23.4907 44.4825 84.9649 163.956 319.439 630.247 1262.49 2569.99 5317.62 11245 24400.6 53985 122786 288663 698030 1.7158e+06 4.34178e+06 -4.44184e+07 2.09693e+07 3.83276e+07 6.85522e+07 1.16691e+08 1.8571e+08 2.85282e+08 4.25812e+08 
0.00879135 0.00199757 0.00361172 0.0065379 0.0118514 0.0215139 0.0391236 0.0712995 0.130249 0.238544 0.438315 0.808498 1.49714 2.78592 5.21474 9.82486 18.6398 35.6811 69.0259 134.906 267.159 537.484 1099.87 2290.89 4882.9 10694.6 23959.1 55348.4 132612 328603 834704 2.19902e+06 6.03997e+06 -6.22508e+07 3.15086e+07 6.01971e+07 1.08612e+08 1.79981e+08 2.84095e+08 4.29962e+08 
0.00311379 0.000707635 0.0012797 0.00231704 0.00420123 0.00762894 0.0138785 0.0253028 0.0462449 0.0847442 0.155817 0.287629 0.533104 0.993074 1.86112 3.51144 6.67353 12.8004 24.8196 48.6478 96.6672 195.25 401.46 841.251 1806.01 3989.19 9039.05 21179.2 51630.5 130843 342755 938647 2.70819e+06 7.72941e+06 -8.85971e+07 4.59368e+07 8.96998e+07 1.57822e+08 2.59961e+08 4.02886e+08 
0.000932132 0.000211867 0.000383214 0.000693995 0.00125864 0.00228618 0.00416036 0.00758785 0.013874 0.0254374 0.0467989 0.086446 0.160354 0.298996 0.560957 1.05973 2.01717 3.87606 7.53098 14.7991 29.4964 59.7877 123.455 260.087 561.933 1250.57 2862.32 6791.42 16813 43471.2 117103 332409 1.0031e+06 3.05806e+06 9.51293e+06 -1.27652e+08 6.45775e+07 1.24752e+08 2.19002e+08 3.53014e+08 
0.000230255 5.23413e-05 9.46858e-05 0.000171502 0.000311096 0.000565198 0.0010288 0.00187692 0.00343301 0.00629685 0.0115901 0.0214203 0.0397594 0.0741906 0.139311 0.263442 0.502067 0.966097 1.8801 3.70201 7.39614 15.0331 31.1453 65.8916 143.076 320.29 738.876 1770.42 4435.91 11650.6 32083 93732.1 293416 948144 3.19206e+06 1.1097e+07 -1.81899e+08 8.31786e+07 1.62416e+08 2.82049e+08 
4.57862e-05 1.04089e-05 1.88314e-05 3.41124e-05 6.18853e-05 0.000112449 0.000204718 0.000373551 0.000683393 0.00125381 0.00230846 0.00426779 0.00792488 0.0147947 0.0277954 0.0525951 0.100312 0.193193 0.376345 0.741969 1.48454 3.02259 6.27501 13.31 28.9901 65.1327 150.986 363.984 918.846 2437.16 6806.3 20260.1 64971.1 218605 781423 2.98272e+06 1.15731e+07 -2.48553e+08 9.78522e+07 1.99286e+08 
7.15279e-06 1.62618e-06 2.94222e-06 5.33014e-06 9.67051e-06 1.75736e-05 3.19972e-05 5.83935e-05 0.000106845 0.000196062 0.000361058 0.00066767 0.00124016 0.00231599 0.00435283 0.00824022 0.0157247 0.0303034 0.0590736 0.116567 0.233469 0.475918 0.989429 2.1024 4.58877 10.3349 24.0351 58.1747 147.58 393.955 1110.25 3345.18 10897.7 37676.9 140541 571726 2.46742e+06 1.06843e+07 -3.28831e+08 1.19786e+08 
8.47643e-07 1.92718e-07 3.487e-07 6.31739e-07 1.14624e-06 2.08314e-06 3.79322e-06 6.92313e-06 1.26689e-05 2.32508e-05 4.28241e-05 7.92042e-05 0.000147148 0.000274865 0.00051674 0.000978536 0.00186804 0.00360151 0.00702423 0.0138689 0.027797 0.0567079 0.118005 0.251028 0.548614 1.23743 2.88325 6.99439 17.791 47.651 134.903 408.909 1342.45 4706.1 17976.1 76059.4 353639 1.79586e+06 9.8861e+06 -4.18e+08 
dt_FE: 2.39233e-09
dt_EA: 2.39233e-09
dt_PE: 2.39233e-09
tolC: 1e-06
dt_grow: 1.03
dt_max: 0.1
steps: 0
