t: 4.66969e-07
dt: 2.51238e-09
N: 0.337472 0.377135 0.419423 0.464002 0.510346 0.557648 0.605087 0.651714 0.696407 0.737956 0.775501 0.808209 0.835276 0.856551 0.8721 0.882131 0.887015 0.887379 0.8836 0.875761 0.863797 0.847159 0.824782 0.795033 0.755673 0.703823 0.636358 0.55104 0.44866 0.335806 0.225632 0.133411 0.0685194 0.030339 0.0114982 0.00368671 0.000981914 0.000211833 3.58676e-05 4.5906e-06 
eC: 1 1.15749 1.33977 1.55077 1.795 2.07768 2.40489 2.78363 3.22201 3.72944 4.31677 4.99661 5.78351 6.69433 7.7486 8.9689 10.3814 12.0163 13.9087 16.0991 18.6345 21.5692 24.9661 28.8979 33.4489 38.7167 44.814 51.8717 60.0407 69.4963 80.4411 93.1095 107.773 124.746 144.391 167.131 193.452 223.918 259.182 300 
dV: 1.08333 0.211322 0.327712 0.508206 0.788112 1.22218 1.89532 2.93921 4.55805 7.06849 10.9616 16.999 26.3615 40.8807 63.3966 98.3136 152.462 236.434 366.655 568.597 881.764 1367.42 2120.55 3288.49 5099.69 7908.45 12264.2 19019 29494.1 45738.6 70930.1 109996 170579 264529 410225 636165 986546 1.52991e+06 2.37254e+06 3.67926e+06 
kVec: 1.02878e+06 1.19197e+06 1.37335e+06 1.58207e+06 1.82195e+06 2.09661e+06 2.41079e+06 2.76971e+06 3.17873e+06 3.64208e+06 4.16713e+06 4.76059e+06 5.42428e+06 6.16541e+06 6.99006e+06 7.90036e+06 8.8875e+06 9.95909e+06 1.11143e+07 1.23117e+07 1.35521e+07 1.48235e+07 1.60951e+07 1.72878e+07 1.84449e+07 1.9609e+07 2.06498e+07 2.18163e+07 2.34054e+07 2.58707e+07 2.97023e+07 3.61598e+07 4.71181e+07 6.38688e+07 8.9495e+07 1.2817e+08 1.82273e+08 2.48895e+08 3.29186e+08 4.18362e+08 
cMat: 
-69036.4 636.115 747.471 870.673 1014.98 1184.9 1385.07 1621.1 1900.52 2233.67 2630.42 3104.17 3677.41 4371.21 5212.92 6244.32 7526.5 9116.77 11100.6 13645.3 16901.9 21091.8 26587.5 33944.5 43758.6 56975.5 75452.2 101079 136887 187968 261758 368075 522520 751332 1.0848e+06 1.56813e+06 2.25418e+06 3.22163e+06 4.60936e+06 6.61848e+06 
3041.57 -82882.1 809.927 943.43 1099.81 1283.93 1500.86 1756.64 2059.45 2420.5 2850.49 3363.95 3985.26 4737.28 5649.67 6767.75 8157.79 9881.96 12033 14792.5 18324.4 22869 28830.8 36813 47462.6 61807.4 81864.6 109688 148576 204058 284222 399743 567588 816283 1.17877e+06 1.70424e+06 2.45012e+06 3.50193e+06 5.01066e+06 7.19499e+06 
2128.57 482.366 -94808.6 1012.65 1180.51 1378.16 1611.02 1885.61 2210.69 2598.3 3059.95 3611.24 4278.36 5085.87 6065.64 7266.39 8759.34 10611.3 12922.1 15886.8 19681.9 24565.8 30973.9 39555.1 51006.3 66433.7 88010 117948 159799 219526 305841 430254 611055 878987 1.26958e+06 1.83586e+06 2.63972e+06 3.77326e+06 5.39925e+06 7.75335e+06 
1460.45 330.964 596.483 -108811 1254.17 1464.17 1711.59 2003.36 2348.78 2760.67 3251.25 3837.11 4546.12 5404.39 6445.83 7722.25 9309.45 11278.6 13735.7 16888.8 20925.5 26121.3 32939.8 42072.7 54262.5 70688.9 93668.6 125562 170159 233822 325848 458526 651384 937233 1.35402e+06 1.95837e+06 2.81633e+06 4.02612e+06 5.76151e+06 8.274e+06 
990.668 224.504 404.619 729.781 -125215 1524.4 1798.04 2104.58 2467.51 2900.3 3415.8 4031.44 4776.55 5678.59 6773.22 8114.96 9783.58 11853.9 14437.8 17753.9 22000.2 27466.7 34641.9 44254.9 57088.8 74387.6 98595 132202 179211 246335 343394 483367 686881 988586 1.42858e+06 2.06669e+06 2.97265e+06 4.25009e+06 6.08252e+06 8.73554e+06 
664.196 150.521 271.283 489.3 875.48 -144392 1865.38 2183.45 2560.05 3009.16 3544.13 4183.08 4956.45 5892.79 7029.15 8422.2 10154.9 12305 14988.8 18434 22846.4 28527.8 35987.2 45983.9 59333.8 77333.9 102532 137527 186495 256443 357620 503579 715868 1.03065e+06 1.48984e+06 2.15592e+06 3.10168e+06 4.43519e+06 6.34807e+06 9.11759e+06 
439.659 99.6371 179.578 323.901 584.757 1056.32 -166822 2235.78 2621.49 3081.49 3629.46 4283.99 5076.3 6035.67 7200.1 8627.76 10403.8 12608 15359.9 18893.2 23419.6 29249.4 36905.7 47169.7 60881.4 79376.1 105277 141264 191641 263633 367808 518152 736900 1.06135e+06 1.53477e+06 2.22167e+06 3.1971e+06 4.57236e+06 6.54518e+06 9.40151e+06 
287.116 65.0681 117.275 211.53 381.895 689.882 1247.48 -193093 2620.98 3113.55 3667.39 4328.98 5129.94 6099.89 7277.31 8721.1 10517.5 12747.5 15532 19108.3 23690.9 29594.7 37350.9 47752.8 61654 80412.1 106695 143229 194397 267555 373467 526384 748970 1.07922e+06 1.56126e+06 2.26085e+06 3.25442e+06 4.6552e+06 6.66465e+06 9.57403e+06 
185.071 41.9426 75.5963 136.356 246.182 444.731 804.209 1441.06 -224005 3104.37 3656.78 4316.72 5115.78 6083.56 7258.52 8699.54 10492.9 12719.5 15500.5 19073.3 23652.9 29554.8 37311.4 47718.6 61633.1 80417.9 106753 143380 194706 268133 374490 528129 751875 1.08397e+06 1.56888e+06 2.27286e+06 3.27281e+06 4.6825e+06 6.70476e+06 9.63274e+06 
118.01 26.7451 48.2057 86.9527 156.991 283.616 512.882 928.772 1684.26 -260394 3601.72 4252.03 5039.55 5993.51 7151.89 8572.87 10341.7 12538.5 15283 18810.2 23333 29164 36831 47123.5 60892 79490.6 105582 141895 192814 265710 371365 524085 746627 1.07708e+06 1.55981e+06 2.26089e+06 3.2569e+06 4.66094e+06 6.67514e+06 9.59147e+06 
74.5369 16.8929 30.4486 54.9242 99.1674 179.159 323.999 586.754 1064.09 1931.77 -303536 4149.01 4917.95 5849.56 6981.01 8369.28 10097.9 12245.4 14929.1 18379.6 22806 28515.3 36026.2 46115.2 59619.9 77874.1 103503 139197 189288 261055 365150 515722 735285 1.06147e+06 1.53823e+06 2.23094e+06 3.21524e+06 4.60266e+06 6.59307e+06 9.475e+06 
46.8259 10.6127 19.1295 34.5074 62.3062 112.569 203.584 368.705 668.696 1214.05 2208.71 -355009 4739.98 5681.16 6781.03 8130.9 9812.28 11901.7 14513.8 17873.8 22186.1 27751.1 35076.6 44923.4 58113 75954.3 101025 135972 185058 255447 357630 505555 721424 1.04231e+06 1.51158e+06 2.19377e+06 3.16334e+06 4.52986e+06 6.49034e+06 9.32897e+06 
29.5292 6.69274 12.0641 21.7629 39.2966 71.0008 128.414 232.581 421.848 765.949 1393.63 2523.16 -416496 5525.6 6596.51 7911.25 9549.53 11586.2 14133.4 17411.8 21621.9 27058.2 34219.5 43853.7 56769.4 74256.1 98854.6 133179 181442 250727 351409 497305 710416 1.02742e+06 1.49135e+06 2.16619e+06 3.12557e+06 4.47758e+06 6.41731e+06 9.22592e+06 
18.827 4.26723 7.69222 13.8769 25.0582 45.2776 81.8956 148.339 269.074 488.607 889.112 1622.1 2963.8 -490614 6483.82 7777.92 9391.22 11397.7 13908.4 17142.1 21297.4 26666.8 33745.9 43278.7 56071 73408.8 97828.2 131944 179972 249010 349452 495169 708253 1.02547e+06 1.49012e+06 2.16646e+06 3.1283e+06 4.48359e+06 6.42809e+06 9.24365e+06 
12.2412 2.77462 5.00181 9.02379 16.2955 29.4462 53.2645 96.4865 175.035 317.88 578.516 1055.6 1929.07 3535.04 -580666 7715.41 9423.73 11441.3 13967.2 17222.9 21409.7 26824.2 33969.4 43602 56542.4 74101.9 98868.6 133517 182365 252683 355129 503948 721845 1.04653e+06 1.52256e+06 2.21604e+06 3.20264e+06 4.59258e+06 6.58688e+06 9.47458e+06 
8.1944 1.85744 3.34856 6.04148 10.9106 19.717 35.6686 64.6184 117.236 212.94 387.591 707.343 1292.91 2369.82 4311.7 -690841 9728.5 11816.2 14431.6 17805.6 22148.4 27769.8 35196.3 45220.9 58705.4 77028.6 102915 139189 190413 264280 372068 528890 758848 1.10188e+06 1.60538e+06 2.33956e+06 3.38452e+06 4.85645e+06 6.96845e+06 1.00266e+07 
5.68594 1.2889 2.32374 4.19277 7.57248 13.6857 24.7603 44.8617 81.4026 147.877 269.213 491.404 898.425 1647.22 3031.72 5600.46 -825767 12606.5 15405.5 19020.1 23677.3 29712.7 37696.6 48490.3 63032.2 82825.6 110845 150186 205853 286296 403914 575362 827228 1.20344e+06 1.7564e+06 2.56364e+06 3.71322e+06 5.33216e+06 7.65519e+06 1.10189e+07 
4.07695 0.924222 1.66637 3.00688 5.43111 9.81658 17.7622 32.1864 58.4117 106.13 193.251 352.829 645.248 1183.41 2178.85 4026.63 7462.46 -993482 17004.6 21010.5 26178.1 32883.4 41767.1 53798.5 70036.8 92181.7 123603 167819 230532 321377 454509 649000 935323 1.36367e+06 1.99425e+06 2.91602e+06 4.22957e+06 6.07895e+06 8.73277e+06 1.25755e+07 
3.00769 0.681867 1.22949 2.21874 4.00791 7.24498 13.1108 23.7612 43.1287 78.3778 142.749 260.691 476.895 874.953 1611.58 2979.68 5525.27 10302.9 -1.20431e+06 23783.7 29836 37520.1 47717.9 61556.8 80272.6 105852 142242 193582 266595 372654 528493 756733 1.09356e+06 1.59836e+06 2.34283e+06 3.43276e+06 4.98708e+06 7.17486e+06 1.03144e+07 1.48604e+07 
2.27885 0.516669 0.9317 1.6815 3.03779 5.49205 9.94017 18.018 32.7109 59.4598 108.323 197.883 362.132 664.685 1224.88 2265.99 4204.7 7846.45 14659.7 -1.46799e+06 34714.4 43714.3 55683.2 71965.6 94040.9 124293 167472 228587 315790 442907 630311 905655 1.31325e+06 1.92549e+06 2.83045e+06 4.15789e+06 6.05271e+06 8.71885e+06 1.2545e+07 1.8085e+07 
1.75626 0.398218 0.71817 1.29627 2.34213 4.235 7.66634 13.8991 25.239 45.8904 83.6288 152.825 279.793 513.806 947.371 1753.73 3256.69 6082.7 11442.1 21598.8 -1.80373e+06 51791.9 66092.2 85601.6 112129 148596 200845 275077 381415 537072 767462 1.10725e+06 1.6121e+06 2.37246e+06 3.49938e+06 5.15617e+06 7.52381e+06 1.08539e+07 1.56332e+07 2.25526e+07 
1.36797 0.310205 0.559503 1.01001 1.82516 3.30078 5.97635 10.8375 19.6846 35.8022 65.2672 119.318 218.552 401.565 740.879 1372.48 2550.92 4769.21 8981.35 16976.8 32327.6 -2.23696e+06 78593.3 103214 135568 180206 244443 336106 468012 662028 950532 1.37793e+06 2.01566e+06 2.97924e+06 4.41179e+06 6.52351e+06 9.54539e+06 1.37938e+07 1.98912e+07 2.87179e+07 
1.07432 0.24364 0.439498 0.793491 1.43412 2.59409 4.69789 8.52132 15.4821 28.1686 51.3719 93.9574 172.194 316.588 584.519 1083.72 2016.26 3773.92 7116.21 13472.4 25701.1 48963.8 -2.80054e+06 125350 165170 220341 300149 414628 580263 825314 1.19177e+06 1.73759e+06 2.5563e+06 3.79815e+06 5.65138e+06 8.39202e+06 1.23204e+07 1.78406e+07 2.57634e+07 3.72305e+07 
0.848742 0.192506 0.347309 0.627153 1.1337 2.05114 3.71557 6.74151 12.2526 22.3019 40.6915 74.4626 136.554 251.247 464.268 861.614 1604.91 3008.02 5680.62 10774.5 20598.5 39790.4 77566.7 -3.52985e+06 201231 269603 369144 512849 722181 1.03416e+06 1.50408e+06 2.20882e+06 3.27303e+06 4.89539e+06 7.32809e+06 1.09403e+07 1.61293e+07 2.34166e+07 3.38756e+07 4.90086e+07 
0.668743 0.1517 0.273733 0.494383 0.893877 1.61764 2.93114 5.31999 9.67263 17.6139 32.1545 58.8748 108.044 198.955 367.983 683.664 1275.12 2393.47 4527.69 8605.59 16491.5 31944.1 62470.5 122994 -4.49741e+06 330456 455133 636475 902726 1.30298e+06 1.91108e+06 2.8306e+06 4.23041e+06 6.37751e+06 9.6156e+06 1.44473e+07 2.14064e+07 3.11736e+07 4.51916e+07 6.54648e+07 
0.522022 0.118435 0.213745 0.386117 0.698284 1.26402 2.29111 4.15982 7.56637 13.7853 25.1795 46.1331 84.7272 156.16 289.126 537.8 1004.51 1888.65 3579.42 6818.92 13102.5 25456.9 49962.2 98791.4 198115 -5.80197e+06 558412 789791 1.12944e+06 1.64521e+06 2.43681e+06 3.64554e+06 5.50336e+06 8.37418e+06 1.27334e+07 1.92759e+07 2.87293e+07 4.19895e+07 6.10199e+07 8.85254e+07 
0.4026 0.0913559 0.164908 0.297964 0.538999 0.975989 1.76967 3.2144 5.84948 10.6633 19.4898 35.7348 65.6886 121.196 224.656 418.456 782.908 1474.81 2801.19 5350.72 10313.6 20110.1 39635.6 78775.8 158908 325205 -7.50602e+06 957225 1.3831e+06 2.03833e+06 3.05777e+06 4.63494e+06 7.09091e+06 1.09257e+07 1.68029e+07 2.56936e+07 3.8597e+07 5.66864e+07 8.26444e+07 1.20124e+08 
0.300932 0.0682981 0.123312 0.222862 0.403255 0.730435 1.32494 2.40766 4.38362 7.99603 14.6249 26.8361 49.3783 91.2051 169.279 315.779 591.874 1117.27 2127.1 4075 7881.55 15428.4 30550.2 61065.1 123992 256638 534098 -9.79368e+06 1.65106e+06 2.4668e+06 3.75734e+06 5.78661e+06 8.9988e+06 1.40829e+07 2.19674e+07 3.40154e+07 5.16019e+07 7.62487e+07 1.11612e+08 1.62594e+08 
0.213868 0.0485476 0.0876727 0.158491 0.286864 0.519794 0.943247 1.71484 3.12389 5.70189 10.4366 19.1668 35.3028 65.2842 121.333 226.698 425.727 805.414 1537.26 2954.25 5734.92 11273.9 22436.4 45125.5 92287.2 192595 404979 866433 -1.29049e+07 2.84634e+06 4.4608e+06 7.00049e+06 1.1102e+07 1.77068e+07 2.81027e+07 4.41909e+07 6.78492e+07 1.0101e+08 1.48584e+08 2.17034e+08 
0.141697 0.0321714 0.0581126 0.105082 0.190255 0.344867 0.626085 1.13879 2.07569 3.79126 6.94485 12.7655 23.5379 43.5827 81.1168 151.813 285.683 541.749 1036.81 1999.21 3896.34 7694.66 15397.2 31178.8 64271.5 135362 287972 624601 1.37335e+06 -1.71845e+07 4.96159e+06 7.96923e+06 1.29532e+07 2.11703e+07 3.43626e+07 5.51296e+07 8.59815e+07 1.29272e+08 1.91377e+08 2.80475e+08 
0.0854822 0.0194121 0.0350735 0.0634394 0.114895 0.208344 0.378402 0.688622 1.25589 2.29549 4.20825 7.74231 14.2916 26.4963 49.3878 92.5906 174.605 331.913 636.985 1232.53 2412.02 4786.07 9632 19644.5 40837.4 86855.5 187145 412143 932411 2.14941e+06 -2.30019e+07 8.22306e+06 1.37934e+07 2.32962e+07 3.8996e+07 6.43355e+07 1.02573e+08 1.56397e+08 2.33647e+08 3.43989e+08 
0.0458271 0.0104089 0.0188113 0.0340344 0.0616586 0.11185 0.203235 0.370034 0.675243 1.23506 2.26598 4.17267 7.71081 14.314 26.7195 50.1788 94.824 180.691 347.73 675.176 1326.72 2645.14 5354.01 10998.7 23060.5 49539 108150 241992 557869 1.31621e+06 3.13504e+06 -3.13367e+07 1.3307e+07 2.33987e+07 4.07143e+07 6.96248e+07 1.1425e+08 1.77488e+08 2.68393e+08 3.97519e+08 
0.0215453 0.00489464 0.00884782 0.0160123 0.0290176 0.0526581 0.0957223 0.174368 0.318368 0.582708 1.06994 1.97197 3.64798 6.78044 12.6751 23.8436 45.1508 86.2414 166.42 324.238 639.716 1281.45 2608.6 5397.5 11413.9 24767.1 54796 124631 292999 708516 1.74158e+06 4.40701e+06 -4.38902e+07 2.12843e+07 3.89034e+07 6.95821e+07 1.18444e+08 1.885e+08 2.89568e+08 4.32209e+08 
0.00884537 0.00200985 0.00363391 0.00657808 0.0119242 0.0216461 0.039364 0.0717376 0.131049 0.24001 0.441008 0.813465 1.50634 2.80304 5.24678 9.88523 18.7543 35.9004 69.45 135.735 268.801 540.786 1106.63 2304.97 4912.91 10760.3 24106.3 55688.5 133426 330623 839833 2.21253e+06 6.07708e+06 -6.19314e+07 3.17022e+07 6.0567e+07 1.09279e+08 1.81086e+08 2.85841e+08 4.32603e+08 
0.00312112 0.0007093 0.00128271 0.00232249 0.00421111 0.00764689 0.0139111 0.0253623 0.0463537 0.0849436 0.156183 0.288305 0.534359 0.99541 1.86549 3.51971 6.68923 12.8305 24.878 48.7623 96.8946 195.71 402.404 843.23 1810.26 3998.58 9060.32 21229 51752 131151 343561 940855 2.71456e+06 7.7476e+06 -8.8466e+07 4.60449e+07 8.99109e+07 1.58194e+08 2.60573e+08 4.03834e+08 
0.000932837 0.000212027 0.000383503 0.000694519 0.00125959 0.00228791 0.0041635 0.00759359 0.0138845 0.0254567 0.0468343 0.0865114 0.160476 0.299222 0.561381 1.06053 2.01869 3.87899 7.53667 14.8103 29.5187 59.8329 123.548 260.284 562.358 1251.52 2864.48 6796.55 16825.7 43504 117192 332660 1.00385e+06 3.06037e+06 9.52012e+06 -1.27698e+08 6.46263e+07 1.24846e+08 2.19167e+08 3.53281e+08 
0.000230301 5.23519e-05 9.47049e-05 0.000171537 0.000311159 0.000565312 0.00102901 0.0018773 0.0034337 0.00629813 0.0115924 0.0214246 0.0397675 0.0742056 0.139339 0.263495 0.502168 0.966292 1.88048 3.70276 7.39763 15.0362 31.1516 65.9049 143.105 320.355 739.025 1770.78 4436.8 11652.9 32089.5 93751 293475 948335 3.1927e+06 1.10993e+07 -1.82094e+08 8.31954e+07 1.62448e+08 2.82106e+08 
4.57882e-05 1.04093e-05 1.88322e-05 3.41139e-05 6.1888e-05 0.000112453 0.000204726 0.000373567 0.000683422 0.00125386 0.00230856 0.00426798 0.00792523 0.0147953 0.0277966 0.0525974 0.100316 0.193202 0.376361 0.742001 1.48461 3.02272 6.27529 13.3105 28.9913 65.1355 150.992 363.999 918.886 2437.27 6806.59 20261 64974 218615 781457 2.98285e+06 1.15736e+07 -2.48843e+08 9.78565e+07 1.99294e+08 
7.15284e-06 1.62619e-06 2.94225e-06 5.33017e-06 9.67058e-06 1.75737e-05 3.19975e-05 5.83939e-05 0.000106845 0.000196064 0.00036106 0.000667675 0.00124017 0.00231601 0.00435286 0.00824028 0.0157248 0.0303036 0.059074 0.116568 0.233471 0.475922 0.989437 2.10242 4.5888 10.335 24.0353 58.1752 147.581 393.958 1110.25 3345.21 10897.8 37677.1 140542 571730 2.46744e+06 1.06844e+07 -3.29174e+08 1.19787e+08 
8.47644e-07 1.92719e-07 3.487e-07 6.3174e-07 1.14624e-06 2.08314e-06 3.79322e-06 6.92314e-06 1.26689e-05 2.32509e-05 4.28241e-05 7.92043e-05 0.000147148 0.000274865 0.00051674 0.000978537 0.00186804 0.00360151 0.00702424 0.0138689 0.027797 0.056708 0.118005 0.251028 0.548614 1.23744 2.88325 6.9944 17.791 47.651 134.904 408.91 1342.45 4706.1 17976.1 76059.5 353639 1.79586e+06 9.88611e+06 -4.1836e+08 
dt_FE: 2.51238e-09
dt_EA: 2.51238e-09
dt_PE: 2.51238e-09
tolC: 1e-06
dt_grow: 1.03
dt_max: 0.1
steps: 0
