t: 9.3834e-07
dt: 2.18218e-08
N: 0.567467 0.616482 0.664745 0.711162 0.754572 0.793801 0.827995 0.856572 0.879252 0.896115 0.90772 0.914785 0.918103 0.918526 0.916718 0.913112 0.90791 0.901091 0.892413 0.881426 0.867457 0.849544 0.826361 0.796098 0.756374 0.704248 0.636574 0.551088 0.448588 0.335677 0.225505 0.133318 0.0684667 0.0303144 0.0114886 0.00368361 0.000981084 0.000211653 3.5837e-05 4.58667e-06 
eC: 1 1.15749 1.33977 1.55077 1.795 2.07768 2.40489 2.78363 3.22201 3.72944 4.31677 4.99661 5.78351 6.69433 7.7486 8.9689 10.3814 12.0163 13.9087 16.0991 18.6345 21.5692 24.9661 28.8979 33.4489 38.7167 44.814 51.8717 60.0407 69.4963 80.4411 93.1095 107.773 124.746 144.391 167.131 193.452 223.918 259.182 300 
dV: 1.08333 0.211322 0.327712 0.508206 0.788112 1.22218 1.89532 2.93921 4.55805 7.06849 10.9616 16.999 26.3615 40.8807 63.3966 98.3136 152.462 236.434 366.655 568.597 881.764 1367.42 2120.55 3288.49 5099.69 7908.45 12264.2 19019 29494.1 45738.6 70930.1 109996 170579 264529 410225 636165 986546 1.52991e+06 2.37254e+06 3.67926e+06 
kVec: 1.02994e+06 1.19325e+06 1.37475e+06 1.58359e+06 1.82357e+06 2.09832e+06 2.41257e+06 2.77152e+06 3.18052e+06 3.6438e+06 4.16871e+06 4.76195e+06 5.42533e+06 6.16606e+06 6.99024e+06 7.89999e+06 8.8865e+06 9.95741e+06 1.11119e+07 1.23085e+07 1.35481e+07 1.48186e+07 1.60894e+07 1.72812e+07 1.84375e+07 1.9601e+07 2.06415e+07 2.1808e+07 2.33974e+07 2.58636e+07 2.96966e+07 3.61557e+07 4.71158e+07 6.38682e+07 8.94959e+07 1.28173e+08 1.82276e+08 2.48899e+08 3.2919e+08 4.18366e+08 
cMat: 
-63168.9 415.289 487.987 568.42 662.634 773.56 904.245 1058.34 1240.76 1458.25 1717.27 2026.56 2400.8 2853.75 3403.26 4076.61 4913.69 5951.89 7247.05 8908.35 11034.4 13769.8 17357.7 22160.7 28567.8 37196.5 49259.1 65989.3 89367.2 122715 170889 240298 341128 490508 708211 1.02376e+06 1.47164e+06 2.10325e+06 3.00923e+06 4.32088e+06 
1872.79 -75197.7 498.698 580.9 677.187 790.558 924.124 1081.62 1268.07 1490.38 1755.14 2071.29 2453.85 2916.89 3478.68 4167.12 5023.01 6084.64 7409.12 9108.22 11282.9 14081.2 17752 22666.9 29224.2 38056.8 50406.7 67538.7 91482.7 125645 175004 246135 349482 502612 725808 1.04935e+06 1.50861e+06 2.15625e+06 3.08523e+06 4.43018e+06 
1229.14 278.543 -86501.6 584.755 681.687 795.82 930.288 1088.85 1276.57 1500.4 1766.97 2085.32 2470.54 2936.84 3502.62 4195.99 5058.1 6127.53 7461.88 9173.86 11365.3 14185.6 17885.9 22841.2 29453.7 38362.3 50821.5 68109.2 92276.5 126766 176608 248451 352855 507573 733121 1.06012e+06 1.52431e+06 2.17888e+06 3.11781e+06 4.47719e+06 
787.009 178.35 321.432 -99804.4 675.846 789.011 922.342 1079.57 1265.71 1487.67 1752.03 2067.74 2449.81 2912.32 3473.52 4161.36 5016.67 6077.79 7401.9 9101.01 11276.3 14076.2 17750.6 22672.1 29241 38092.8 50476.1 67662.9 91695.5 126002 175593 247090 351017 505056 729654 1.05532e+06 1.51766e+06 2.16959e+06 3.10476e+06 4.45869e+06 
496.549 112.527 202.806 365.786 -115461 764.069 901.227 1054.87 1236.78 1453.71 1712.09 2020.67 2394.13 2846.26 3394.91 4067.43 4903.79 5941.5 7236.59 8898.73 11027.1 13767 17363.4 22181.7 28614.4 37285 49418.4 66263.3 89825.1 123470 172118 242276 344283 495505 716042 1.03588e+06 1.48997e+06 2.13026e+06 3.04872e+06 4.37848e+06 
309.611 70.1643 126.457 228.084 408.099 -133867 869.536 1017.8 1193.35 1402.7 1652.07 1949.91 2310.41 2746.88 3276.59 3925.95 4733.62 5735.89 6986.93 8592.86 10649.7 13298.1 16775.2 21435.1 27658.1 36048.7 47794.6 64107.4 86933.2 119539 166702 234740 333697 480432 694479 1.00497e+06 1.44583e+06 2.06743e+06 2.95911e+06 4.2501e+06 
191.495 43.3973 78.2158 141.076 254.693 460.084 -155548 973.803 1141.8 1342.15 1580.82 1865.91 2211 2628.86 3136.03 3757.85 4531.4 5491.47 6690.04 8228.99 10200.5 12739.7 16074.4 20544.9 26517.1 34572.5 45853.9 61528.2 83469.7 114826 160200 225683 320959 462275 668476 967657 1.39251e+06 1.99151e+06 2.85077e+06 4.09486e+06 
118.237 26.7957 48.2951 87.1102 157.268 284.1 513.723 -181151 1079.34 1282.19 1510.27 1782.72 2112.56 2511.99 2996.86 3591.43 4331.21 5249.54 6396.24 7868.97 9756.12 12187.4 15381.4 19665 25389.7 33114.4 43938 58983.2 80054.4 110182 153797 216770 308433 444433 642941 931039 1.3402e+06 1.91705e+06 2.74456e+06 3.94268e+06 
73.6085 16.6819 30.067 54.2331 97.9142 176.883 319.859 573.154 -211479 1234.71 1454.42 1716.89 2034.71 2419.62 2886.94 3460.08 4173.35 5058.95 6165.03 7586.05 9407.5 11754.9 14839.9 18979.2 24513.4 31984.7 42459.1 57026.8 77440.6 106645 148946 210053 299044 431127 623991 903987 1.3017e+06 1.86237e+06 2.66669e+06 3.83124e+06 
46.7842 10.6029 19.1107 34.4716 62.2378 112.437 203.328 368.204 667.711 -247419 1427.87 1685.68 1997.89 2376.08 2835.31 3398.64 4099.89 4970.79 6058.81 7457.13 9250.16 11561.8 14601.3 18681.7 24140.1 31513.4 41857.3 56253 76439.4 105338 147224 207769 295994 426997 618371 896312 1.29117e+06 1.84779e+06 2.6463e+06 3.80245e+06 
30.6384 6.94382 12.5159 22.5766 40.7628 73.6435 133.18 241.185 437.396 794.053 -290285 1705.45 2021.52 2404.46 2869.55 3440.2 4150.76 5033.48 6136.61 7554.95 9374.41 11721.2 14808.6 18955.7 24506.8 32010.2 42544.8 57216.9 77806.7 107307 150095 211988 302239 436318 632288 917027 1.32163e+06 1.89193e+06 2.71008e+06 3.8947e+06 
20.8054 4.7154 8.49952 15.3321 27.6836 50.0162 90.4556 163.821 297.111 539.418 981.363 -341674 2106.04 2524.22 3012.91 3612.68 4359.74 5288.11 6448.68 7941.59 9857.63 12330.2 15585.1 19960.1 25820.4 33747.6 44887 60414.5 82224 113499 158900 224626 320539 463112 671618 974724 1.40552e+06 2.01268e+06 2.88375e+06 4.145e+06 
14.6812 3.32747 5.99797 10.82 19.5373 35.2999 63.8445 115.634 209.733 380.812 692.879 1254.46 -403250 2747.2 3279.63 3933.29 4747.8 5760.38 7026.78 8656.74 10749.9 13452.7 17013.1 21803 28224.4 36918.4 49148.2 66213.6 90208.5 124655 174712 247249 353202 510808 741466 1.07698e+06 1.55396e+06 2.22615e+06 3.19053e+06 4.58691e+06 
10.6931 2.42364 4.36891 7.88162 14.2322 25.7161 46.5139 84.2512 152.825 277.512 504.985 921.294 1683.34 -477623 3682.58 4417.59 5333.88 6473.51 7899.5 9736.09 12096.2 15145.8 19166.5 24580.8 31846.4 41693.6 55563 74939.6 102218 141429 198477 281239 402263 582433 846334 1.23047e+06 1.77677e+06 2.54652e+06 3.65093e+06 5.25007e+06 
7.97088 1.8067 3.25694 5.87586 10.6109 19.1739 34.6833 62.8274 113.975 206.988 376.702 687.354 1256.12 2301.85 -568115 5023.91 6136.28 7450.02 9094.78 11214.7 13941 17466.6 22119.3 28391.5 36817.7 48251.6 64378.5 86940 118747 164535 231243 328147 470031 681451 991421 1.44298e+06 2.0854e+06 2.99047e+06 4.28906e+06 6.16939e+06 
6.04055 1.36922 2.46841 4.45351 8.04282 14.5345 26.2933 47.6338 86.4214 156.97 285.715 521.422 953.075 1746.93 3178.39 -678839 7171.42 8710.39 10638.4 13125.5 16326.8 20470.7 25945.1 33334.8 43275 56782.1 75864.5 102604 140364 194815 274272 389875 559389 812258 1.18341e+06 1.72462e+06 2.49492e+06 3.57996e+06 5.13683e+06 7.39117e+06 
4.63441 1.05054 1.894 3.41738 6.17206 11.1547 20.1812 36.5652 66.3484 120.529 219.426 400.526 732.275 1342.59 2471.05 4564.74 -814397 10275.2 12556.5 15502.6 19298.6 24217.7 30725.2 39522.8 51375.4 67508.2 90346.2 122411 167784 233350 329216 468958 674245 980886 1.43158e+06 2.08953e+06 3.02652e+06 4.34605e+06 6.23947e+06 8.98115e+06 
3.58059 0.811698 1.46349 2.64079 4.76987 8.62142 15.5997 28.2678 51.3001 93.2091 169.723 309.872 566.689 1039.33 1913.57 3536.39 6553.91 -982830 14934.3 18452.5 22991 28879.9 36681.9 47248.5 61509.8 80958.6 108554 147387 202465 282250 399173 569985 821448 1.19765e+06 1.75145e+06 2.561e+06 3.71462e+06 5.33884e+06 7.66956e+06 1.10444e+07 
2.77998 0.630243 1.13641 2.05076 3.70447 6.69646 12.1182 21.9622 39.8635 72.4439 131.942 240.954 440.79 808.711 1489.57 2754.09 5106.96 9522.85 -1.19442e+06 21983.1 27577.1 34679.5 44105.2 56896.4 74195.2 97837.9 131473 178926 246411 344441 488481 699441 1.01077e+06 1.47735e+06 2.16545e+06 3.17287e+06 4.60951e+06 6.63166e+06 9.53352e+06 1.37353e+07 
2.17493 0.493108 0.889212 1.60482 2.89926 5.2416 9.48687 17.1963 31.2192 56.7483 103.384 188.859 345.618 634.374 1169.03 2162.65 4012.95 7488.63 13991.2 -1.45886e+06 33131.4 41720.8 53143.9 68683.8 89752.4 118625 159835 218163 301389 422710 601567 864356 1.25336e+06 1.83768e+06 2.70137e+06 3.96828e+06 5.7767e+06 8.32125e+06 1.1973e+07 1.72603e+07 
1.70907 0.387519 0.698874 1.26145 2.2792 4.12121 7.46036 13.5257 24.5608 44.6574 81.3818 148.719 272.276 500.001 921.917 1706.61 3169.19 5919.27 11134.7 21018.5 -1.79535e+06 50400.4 64316.4 83301.6 109116 144603 195448 267687 371168 522641 746841 1.0775e+06 1.56878e+06 2.30872e+06 3.40536e+06 5.01763e+06 7.32166e+06 1.05623e+07 1.52132e+07 2.19466e+07 
1.34662 0.305364 0.550772 0.99425 1.79668 3.24927 5.88309 10.6684 19.3774 35.2435 64.2487 117.456 215.141 395.298 729.318 1351.06 2511.11 4694.79 8841.2 16711.9 31823.1 -2.22932e+06 77366.9 101603 133453 177394 240628 330861 460708 651697 935699 1.35642e+06 1.98421e+06 2.93275e+06 4.34295e+06 6.42171e+06 9.39643e+06 1.35786e+07 1.95808e+07 2.82698e+07 
1.06463 0.241444 0.435537 0.786341 1.4212 2.57072 4.65556 8.44454 15.3426 27.9148 50.909 93.1108 170.643 313.736 579.252 1073.96 1998.09 3739.91 7052.08 13351 25469.5 48522.6 -2.79361e+06 124220 163682 218355 297445 410892 575034 817877 1.18103e+06 1.72193e+06 2.53327e+06 3.76393e+06 5.60046e+06 8.3164e+06 1.22094e+07 1.76798e+07 2.55313e+07 3.6895e+07 
0.844332 0.191506 0.345504 0.623894 1.12781 2.04048 3.69626 6.70648 12.1889 22.186 40.4801 74.0757 135.844 249.941 461.856 857.137 1596.58 2992.39 5651.1 10718.5 20491.4 39583.7 77163.7 -3.52358e+06 200185 268202 367226 510184 718429 1.02879e+06 1.49626e+06 2.19734e+06 3.25602e+06 4.86995e+06 7.29001e+06 1.08835e+07 1.60455e+07 2.32949e+07 3.36996e+07 4.8754e+07 
0.666823 0.151265 0.272947 0.492964 0.891311 1.613 2.92273 5.30471 9.64486 17.5633 32.0622 58.7057 107.734 198.384 366.927 681.701 1271.46 2386.6 4514.69 8580.88 16444.2 31852.3 62291.2 122641 -4.4918e+06 329507 453827 634648 900134 1.29924e+06 1.90559e+06 2.82247e+06 4.21826e+06 6.3592e+06 9.58799e+06 1.44058e+07 2.13449e+07 3.10841e+07 4.50618e+07 6.52769e+07 
0.521273 0.118265 0.213438 0.385563 0.697281 1.26221 2.28782 4.15385 7.55551 13.7655 25.1434 46.0669 84.6056 155.936 288.711 537.028 1003.07 1885.93 3574.29 6809.14 13083.7 25420.4 49890.5 98649.6 197831 -5.79701e+06 557611 788657 1.12782e+06 1.64285e+06 2.43331e+06 3.6403e+06 5.49546e+06 8.36217e+06 1.27151e+07 1.92482e+07 2.8688e+07 4.19292e+07 6.09323e+07 8.83984e+07 
0.402361 0.0913016 0.16481 0.297787 0.538679 0.97541 1.76862 3.21249 5.84601 10.657 19.4782 35.7136 65.6496 121.124 224.522 418.208 782.443 1473.93 2799.53 5347.54 10307.5 20098.2 39612.1 78728.9 158813 325011 -7.50166e+06 956656 1.38228e+06 2.03712e+06 3.05596e+06 4.63219e+06 7.0867e+06 1.09192e+07 1.67929e+07 2.56784e+07 3.85741e+07 5.66528e+07 8.25953e+07 1.20053e+08 
0.3009 0.0682908 0.123299 0.222838 0.403212 0.730357 1.3248 2.4074 4.38315 7.99518 14.6233 26.8333 49.3731 91.1954 169.261 315.745 591.811 1117.15 2126.88 4074.57 7880.71 15426.8 30546.9 61058.6 123979 256611 534041 -9.78988e+06 1.65088e+06 2.46654e+06 3.75694e+06 5.78599e+06 8.99784e+06 1.40814e+07 2.1965e+07 3.40117e+07 5.15964e+07 7.62406e+07 1.116e+08 1.62577e+08 
0.213896 0.0485539 0.0876842 0.158512 0.286902 0.519862 0.943371 1.71506 3.1243 5.70264 10.4379 19.1693 35.3074 65.2927 121.349 226.728 425.782 805.519 1537.46 2954.64 5735.67 11275.4 22439.3 45131.4 92299.3 192620 405032 866546 -1.29016e+07 2.84671e+06 4.46139e+06 7.0014e+06 1.11034e+07 1.77091e+07 2.81064e+07 4.41966e+07 6.78581e+07 1.01024e+08 1.48604e+08 2.17062e+08 
0.141725 0.0321776 0.058124 0.105103 0.190292 0.344934 0.626206 1.13901 2.07609 3.792 6.9462 12.768 23.5425 43.5912 81.1326 151.843 285.738 541.854 1037.01 1999.6 3897.1 7696.16 15400.2 31184.8 64284 135389 288028 624722 1.37362e+06 -1.71818e+07 4.96256e+06 7.97078e+06 1.29558e+07 2.11744e+07 3.43693e+07 5.51403e+07 8.59983e+07 1.29297e+08 1.91414e+08 2.8053e+08 
0.0854963 0.0194153 0.0350793 0.0634499 0.114914 0.208378 0.378464 0.688736 1.25609 2.29587 4.20894 7.74358 14.2939 26.5006 49.3959 92.6058 174.633 331.967 637.09 1232.74 2412.41 4786.86 9633.58 19647.7 40844.1 86869.7 187176 412210 932565 2.14977e+06 -2.29999e+07 8.22441e+06 1.37956e+07 2.33001e+07 3.90024e+07 6.43461e+07 1.0259e+08 1.56423e+08 2.33686e+08 3.44045e+08 
0.045832 0.01041 0.0188133 0.034038 0.0616651 0.111862 0.203257 0.370073 0.675315 1.23519 2.26622 4.17312 7.71163 14.3155 26.7224 50.1841 94.8341 180.71 347.767 675.247 1326.86 2645.42 5354.58 10999.8 23062.9 49544.2 108162 242018 557928 1.31635e+06 3.13538e+06 -3.13355e+07 1.33084e+07 2.34012e+07 4.07187e+07 6.96322e+07 1.14262e+08 1.77507e+08 2.68422e+08 3.97562e+08 
0.0215465 0.00489491 0.00884832 0.0160132 0.0290192 0.0526611 0.0957277 0.174378 0.318386 0.582741 1.07 1.97208 3.64819 6.78083 12.6758 23.845 45.1533 86.2462 166.429 324.256 639.752 1281.53 2608.75 5397.81 11414.6 24768.5 54799.1 124638 293016 708557 1.74168e+06 4.40726e+06 -4.38899e+07 2.12855e+07 3.89056e+07 6.9586e+07 1.18451e+08 1.8851e+08 2.89584e+08 4.32233e+08 
0.0088456 0.0020099 0.003634 0.00657824 0.0119245 0.0216467 0.039365 0.0717394 0.131052 0.240016 0.441019 0.813486 1.50638 2.80311 5.24692 9.88548 18.7548 35.9013 69.4518 135.739 268.808 540.8 1106.66 2305.03 4913.03 10760.6 24106.9 55689.9 133430 330631 839855 2.21259e+06 6.07723e+06 -6.19321e+07 3.1703e+07 6.05685e+07 1.09282e+08 1.81091e+08 2.85848e+08 4.32614e+08 
0.00312115 0.000709306 0.00128272 0.00232251 0.00421115 0.00764696 0.0139112 0.0253626 0.0463541 0.0849444 0.156185 0.288308 0.534364 0.99542 1.86551 3.51974 6.68929 12.8307 24.8782 48.7628 96.8955 195.712 402.408 843.238 1810.28 3998.61 9060.41 21229.2 51752.5 131152 343565 940864 2.71459e+06 7.74767e+06 -8.84677e+07 4.60453e+07 8.99117e+07 1.58195e+08 2.60575e+08 4.03837e+08 
0.00093284 0.000212028 0.000383504 0.000694521 0.00125959 0.00228792 0.00416351 0.00759361 0.0138845 0.0254567 0.0468344 0.0865116 0.160476 0.299223 0.561383 1.06054 2.0187 3.879 7.5367 14.8103 29.5188 59.8331 123.548 260.285 562.359 1251.52 2864.49 6796.57 16825.7 43504.2 117192 332661 1.00386e+06 3.06038e+06 9.52015e+06 -1.277e+08 6.46265e+07 1.24847e+08 2.19168e+08 3.53282e+08 
0.000230301 5.23519e-05 9.4705e-05 0.000171537 0.000311159 0.000565312 0.00102901 0.0018773 0.0034337 0.00629813 0.0115925 0.0214246 0.0397675 0.0742056 0.139339 0.263496 0.502168 0.966293 1.88048 3.70276 7.39764 15.0362 31.1516 65.9049 143.105 320.355 739.026 1770.78 4436.81 11652.9 32089.5 93751.1 293475 948336 3.1927e+06 1.10993e+07 -1.82097e+08 8.31955e+07 1.62449e+08 2.82106e+08 
4.57882e-05 1.04093e-05 1.88322e-05 3.41139e-05 6.1888e-05 0.000112453 0.000204726 0.000373567 0.000683423 0.00125386 0.00230856 0.00426798 0.00792523 0.0147953 0.0277966 0.0525974 0.100316 0.193202 0.376361 0.742001 1.48461 3.02272 6.27529 13.3105 28.9913 65.1355 150.992 364 918.886 2437.27 6806.59 20261 64974 218615 781458 2.98285e+06 1.15736e+07 -2.48846e+08 9.78565e+07 1.99294e+08 
7.15284e-06 1.62619e-06 2.94225e-06 5.33018e-06 9.67058e-06 1.75737e-05 3.19975e-05 5.83939e-05 0.000106845 0.000196064 0.00036106 0.000667675 0.00124017 0.00231601 0.00435286 0.00824028 0.0157248 0.0303036 0.059074 0.116568 0.233471 0.475922 0.989437 2.10242 4.5888 10.335 24.0353 58.1752 147.581 393.958 1110.25 3345.21 10897.8 37677.1 140542 571730 2.46744e+06 1.06844e+07 -3.29178e+08 1.19787e+08 
8.47644e-07 1.92719e-07 3.487e-07 6.3174e-07 1.14624e-06 2.08314e-06 3.79322e-06 6.92314e-06 1.26689e-05 2.32509e-05 4.28241e-05 7.92043e-05 0.000147148 0.000274865 0.00051674 0.000978537 0.00186804 0.00360151 0.00702424 0.0138689 0.027797 0.056708 0.118005 0.251028 0.548614 1.23744 2.88325 6.9944 17.791 47.651 134.904 408.91 1342.45 4706.1 17976.1 76059.5 353639 1.79586e+06 9.88611e+06 -4.18364e+08 
dt_FE: 2.18218e-08
dt_EA: 2.18218e-08
dt_PE: 2.18218e-08
tolC: 1e-06
dt_grow: 1.03
dt_max: 0.1
steps: 0
