t: 2.34405e-07
dt: 2.39052e-09
N: 0.178287 0.202474 0.229288 0.258853 0.29122 0.326284 0.363933 0.40395 0.445912 0.489155 0.53313 0.577044 0.619666 0.660151 0.697589 0.730887 0.758949 0.781459 0.797926 0.807437 0.810041 0.805395 0.79262 0.770376 0.737272 0.690888 0.62806 0.546948 0.448064 0.337357 0.227742 0.135073 0.0694783 0.0307854 0.011671 0.00374258 0.000996858 0.000215067 3.64165e-05 4.66096e-06 
eC: 1 1.15749 1.33977 1.55077 1.795 2.07768 2.40489 2.78363 3.22201 3.72944 4.31677 4.99661 5.78351 6.69433 7.7486 8.9689 10.3814 12.0163 13.9087 16.0991 18.6345 21.5692 24.9661 28.8979 33.4489 38.7167 44.814 51.8717 60.0407 69.4963 80.4411 93.1095 107.773 124.746 144.391 167.131 193.452 223.918 259.182 300 
dV: 1.08333 0.211322 0.327712 0.508206 0.788112 1.22218 1.89532 2.93921 4.55805 7.06849 10.9616 16.999 26.3615 40.8807 63.3966 98.3136 152.462 236.434 366.655 568.597 881.764 1367.42 2120.55 3288.49 5099.69 7908.45 12264.2 19019 29494.1 45738.6 70930.1 109996 170579 264529 410225 636165 986546 1.52991e+06 2.37254e+06 3.67926e+06 
kVec: 1.02099e+06 1.18313e+06 1.36336e+06 1.57082e+06 1.80933e+06 2.08255e+06 2.39522e+06 2.75262e+06 3.16014e+06 3.62211e+06 4.14601e+06 4.73864e+06 5.40202e+06 6.14355e+06 6.9695e+06 7.88224e+06 8.87331e+06 9.95049e+06 1.11132e+07 1.23203e+07 1.35728e+07 1.48586e+07 1.61468e+07 1.73579e+07 1.85343e+07 1.97174e+07 2.07744e+07 2.1952e+07 2.35442e+07 2.60028e+07 2.98171e+07 3.62498e+07 4.71797e+07 6.39013e+07 8.95016e+07 1.28156e+08 1.82242e+08 2.48856e+08 3.29143e+08 4.18318e+08 
cMat: 
-83734.3 788.953 927.064 1079.87 1258.85 1469.59 1717.86 2010.6 2357.16 2770.35 3262.43 3850.01 4560.97 5421.47 6465.41 7744.63 9334.88 11307.2 13767.7 16923.8 20962.9 26159.4 32975.7 42100.3 54272.3 70664.9 93581 125365 169777 233131 324650 456512 648065 931854 1.34544e+06 1.94491e+06 2.79579e+06 3.99569e+06 5.71684e+06 8.20869e+06 
3894.47 -100552 1037.04 1207.98 1408.21 1643.97 1921.72 2249.23 2636.95 3099.24 3649.81 4307.25 5102.79 6065.68 7233.92 8665.53 10445.4 12653 15407.3 18940.6 23462.9 29281.8 36915.4 47135.9 60771.9 79139.1 104821 140447 190238 261279 363922 511838 726749 1.04518e+06 1.50932e+06 2.18213e+06 3.13717e+06 4.48392e+06 6.41573e+06 9.21257e+06 
2825.66 640.338 -114895 1344.28 1567.12 1829.5 2138.62 2503.14 2934.68 3449.23 4062.07 4793.89 5679.49 6751.46 8052.1 9646.09 11628 14086.5 17154 21089.6 26127.6 32611 41117.6 52509.2 67710.5 88190.3 116833 156575 212133 291419 406002 571159 811171 1.16685e+06 1.68536e+06 2.43709e+06 3.50421e+06 5.00898e+06 7.16748e+06 1.02925e+07 
2019.43 457.638 824.783 -131678 1734.19 2024.57 2366.69 2770.13 3247.76 3817.3 4495.64 5305.74 6286.12 7472.89 8912.92 10677.9 12872.6 15595.4 18993 23352.8 28934.7 36119.1 45547.3 58175.7 75031.1 97744.7 129520 173620 235287 323316 450565 634024 900696 1.29595e+06 1.87226e+06 2.70792e+06 3.89426e+06 5.56709e+06 7.96669e+06 1.14408e+07 
1434 324.972 585.69 1056.37 -151243 2206.58 2602.69 3046.41 3571.75 4198.22 4944.4 5835.56 6914.11 8219.82 9804.3 11746.5 14161.8 17158.7 20898.8 25699 31845.6 39758.3 50144.5 64059.5 82636.6 107677 142717 191364 259409 356573 497067 699678 994268 1.43099e+06 2.06789e+06 2.99156e+06 4.30294e+06 6.15205e+06 8.80452e+06 1.26448e+07 
1011.59 229.248 413.173 745.22 1333.38 -173971 2841.04 3325.47 3899.04 4583.05 5397.82 6370.96 7548.83 8974.9 10705.6 12827.3 15466.2 18740.9 22828.4 28075.5 34795.7 43448.8 54809.7 70034.9 90367.3 117782 156159 209458 284037 390571 544666 766967 1.09029e+06 1.56972e+06 2.26907e+06 3.28354e+06 4.72396e+06 6.75493e+06 9.66831e+06 1.38864e+07 
708.138 160.481 289.238 521.692 941.84 1701.37 -200338 3601.07 4222.3 4963.21 5845.8 6900.02 8176.16 9721.37 11596.9 13896.3 16756.9 20307.2 24739.4 30430.4 37720.9 47110.6 59442.2 75974 98058.8 127847 169565 227528 308667 424621 592411 834563 1.18689e+06 1.70947e+06 2.47199e+06 3.57834e+06 5.14941e+06 7.36449e+06 1.0542e+07 1.51426e+07 
491.365 111.356 200.703 362.009 653.568 1180.65 2134.91 -230900 4485.49 5328.46 6276.3 7408.54 8779.28 10439.2 12454.2 14925.1 17999.5 21815.8 26581.2 32701.5 40544.1 50647.7 63921.5 81723.1 105513 137616 182596 245120 332686 457889 639143 900843 1.28177e+06 1.84695e+06 2.67191e+06 3.86917e+06 5.56955e+06 7.96681e+06 1.14057e+07 1.63848e+07 
337.774 76.5495 137.971 248.864 449.307 811.68 1467.76 2630.08 -266469 5665.8 6674 7878.46 9336.83 11103.1 13247.5 15877.5 19150.6 23214.4 28290 34810.7 43169 53940.5 68097.2 87091.3 112487 146771 194836 261684 355358 489370 683482 963889 1.37225e+06 1.97835e+06 2.86336e+06 4.1482e+06 5.97321e+06 8.54603e+06 1.22369e+07 1.75807e+07 
230.057 52.1385 93.9751 169.511 306.048 552.898 999.843 1810.6 3283.4 -307784 7021.41 8289.16 9824.41 11684.1 13942.3 16712.5 20160.8 24443.4 29793.6 36669.7 45486.7 56854 71800.6 91865.4 118707 154964 205829 276618 375883 517991 723961 1.02168e+06 1.45552e+06 2.09972e+06 3.04078e+06 4.40752e+06 6.34921e+06 9.08631e+06 1.30129e+07 1.86982e+07 
155.007 35.1305 63.3211 114.221 206.229 372.581 673.791 1220.22 2212.89 4017.31 -356053 8628.31 10227.4 12164.8 14517.8 17404.8 20999.7 25465.6 31046.6 38222.3 47427.5 59300.5 74920.2 95901.5 123986 161947 215244 289474 393644 542890 759368 1.0725e+06 1.5291e+06 2.20744e+06 3.1989e+06 4.63947e+06 6.68644e+06 9.57172e+06 1.3711e+07 1.97043e+07 
103.265 23.4043 42.1863 76.0991 137.404 248.249 448.965 813.105 1474.67 2677.33 4870.87 -412748 10453.1 12528.7 14954.2 17931.1 21639 26246.8 32007.2 39417.1 48927.1 61199.6 77354.4 99069.6 128156 167502 222791 299860 408108 563338 788682 1.1149e+06 1.59096e+06 2.2986e+06 3.33349e+06 4.83792e+06 6.97611e+06 9.98969e+06 1.43131e+07 2.05732e+07 
68.1804 15.453 27.8549 50.2488 90.7325 163.935 296.498 537.011 974.012 1768.51 3217.77 5825.78 -479468 12758.2 15230.8 18266.4 22049.1 26751.6 32632.8 40202.4 49923.2 62475.2 79010.1 101255 131076 171451 228247 307500 418934 578907 811374 1.14824e+06 1.64029e+06 2.37223e+06 3.44341e+06 5.00155e+06 7.21669e+06 1.03384e+07 1.4817e+07 2.13019e+07 
44.6034 10.1096 18.2238 32.8762 59.366 107.268 194.021 351.432 637.469 1157.57 2106.41 3842.94 7021.61 -558706 15361 18426.8 22248.9 27002.6 32950.7 40611.6 50456 63176.9 79948.1 102533 132839 173914 231767 312591 426376 589935 827895 1.17312e+06 1.67794e+06 2.42947e+06 3.53027e+06 5.1326e+06 7.41133e+06 1.06222e+07 1.52289e+07 2.18993e+07 
28.9435 6.56042 11.8265 21.3362 38.5298 69.6236 125.94 228.136 413.86 751.606 1367.86 2495.89 4561.16 8358.37 -653537 18242.6 22281.8 27052.2 33024.6 40722.4 50621.8 63424.1 80318.5 103094 133691 175209 233768 315693 431190 597453 839680 1.19155e+06 1.70676e+06 2.47446e+06 3.60001e+06 5.23969e+06 7.57243e+06 1.08589e+07 1.55743e+07 2.2402e+07 
18.709 4.24081 7.64526 13.7936 24.9106 45.0169 81.4367 147.533 267.668 486.174 884.929 1614.97 2951.9 5410.66 9844.25 -768258 22211.6 26978.2 32949.6 40652.9 50568 63402.6 80358.4 103246 134033 175868 234971 317790 434743 603390 849487 1.20754e+06 1.73256e+06 2.51576e+06 3.66532e+06 5.34156e+06 7.72738e+06 1.1088e+07 1.591e+07 2.28923e+07 
12.1308 2.74983 4.95763 8.94514 16.1556 29.198 52.8253 95.711 173.67 315.491 574.357 1048.4 1916.76 3514.29 6468.08 11948.4 -907260 26895.7 32867.2 40578.7 50514.8 63391 80424.5 103453 134477 176706 236485 320417 439182 610804 861737 1.22752e+06 1.76487e+06 2.56751e+06 3.74723e+06 5.46945e+06 7.92204e+06 1.1376e+07 1.63321e+07 2.35086e+07 
7.91135 1.79346 3.2336 5.83486 10.5391 19.0491 34.4677 62.4579 113.348 205.947 375.005 684.666 1252.11 2296.4 4228.06 7813.69 14480.9 -1.07846e+06 32997.5 40770.9 50798.8 63810.5 81049.2 104396 135907 178879 239852 325654 447349 623634 881977 1.25939e+06 1.815e+06 2.64621e+06 3.86984e+06 5.65856e+06 8.20749e+06 1.17962e+07 1.6946e+07 2.44028e+07 
5.22148 1.18375 2.13445 3.85181 6.95789 12.5776 22.7609 41.2503 74.8732 136.067 247.819 452.571 827.909 1518.95 2797.78 5172.85 9592.1 17886.2 -1.29217e+06 41289.5 51796.5 65136.5 82840.2 106865 139356 183763 246938 336067 462820 646943 917486 1.31372e+06 1.89846e+06 2.77482e+06 4.06724e+06 5.95941e+06 8.65778e+06 1.24559e+07 1.79063e+07 2.57982e+07 
3.53206 0.800802 1.44407 2.60622 4.70837 8.51231 15.4066 27.9267 50.6997 92.1587 167.894 306.706 561.28 1030.22 1898.49 3512.13 6517 12161.5 22721.6 -1.55803e+06 53805 67754.2 86305.2 111542 145757 192646 259570 354294 489453 686476 976939 1.40371e+06 2.03545e+06 2.98438e+06 4.387e+06 6.44445e+06 9.3813e+06 1.35136e+07 1.9444e+07 2.80305e+07 
2.44942 0.555386 1.00162 1.80789 3.26652 5.90646 10.6921 19.3848 35.2002 64.0023 116.635 213.142 390.221 716.594 1321.28 2445.89 4542.03 8483.41 15958.1 30123.4 -1.89524e+06 72233.1 92177.3 119387 156384 207244 280114 383645 531952 749042 1.07036e+06 1.54426e+06 2.24835e+06 3.30882e+06 4.88051e+06 7.19119e+06 1.04933e+07 1.51377e+07 2.18033e+07 3.14536e+07 
1.74177 0.394969 0.712389 1.286 2.32389 4.20273 7.60941 13.7989 25.0634 45.5852 83.1017 151.922 278.272 511.293 943.327 1747.51 3247.96 6072.41 11435.5 21615.7 41161.2 -2.32894e+06 100069 131417 172613 229448 311237 427948 595897 842929 1.21027e+06 1.75445e+06 2.56645e+06 3.79333e+06 5.61733e+06 8.30608e+06 1.21537e+07 1.7563e+07 2.53266e+07 3.65652e+07 
1.27151 0.28836 0.520168 0.939137 1.69736 3.07024 5.56019 10.0854 18.3238 33.339 60.8012 111.203 203.801 374.698 691.808 1282.64 2386.34 4466.63 8422.39 15945.3 30418.5 57951.2 -2.89221e+06 148358 195488 260784 355242 490733 686771 976801 1.41052e+06 2.05652e+06 3.02551e+06 4.4953e+06 6.6887e+06 9.93238e+06 1.45819e+07 2.11153e+07 3.04923e+07 4.40642e+07 
0.950842 0.215664 0.389089 0.702596 1.27008 2.29788 4.16253 7.55248 13.7265 24.9847 45.5865 83.4201 152.98 281.471 520.118 965.262 1797.98 3369.87 6363.97 12070.7 23076.4 44577 86897.6 -3.62013e+06 225438 302035 413551 574543 809056 1.15856e+06 1.68501e+06 2.47453e+06 3.66676e+06 5.48428e+06 8.20962e+06 1.22564e+07 1.80696e+07 2.62335e+07 3.79507e+07 5.49041e+07 
0.719106 0.163125 0.294348 0.531615 0.961195 1.73947 3.15189 5.72063 10.4011 18.9404 34.5761 63.3086 116.181 213.938 395.696 735.15 1371.15 2573.72 4868.67 9253.68 17733.5 34349.8 67175.2 132257 -4.58492e+06 355342 489409 684408 970710 1.40111e+06 2.055e+06 3.04377e+06 4.549e+06 6.8578e+06 1.03397e+07 1.55353e+07 2.30185e+07 3.35213e+07 4.8595e+07 7.0395e+07 
0.544821 0.123607 0.22308 0.402981 0.728781 1.31923 2.39117 4.3415 7.89683 14.3873 26.2792 48.148 88.4277 162.98 301.753 561.288 1048.39 1971.13 3735.75 7116.74 13674.8 26568.7 52144.3 103106 206768 -5.88556e+06 582801 824285 1.17877e+06 1.71706e+06 2.54324e+06 3.80475e+06 5.74371e+06 8.73992e+06 1.32895e+07 2.01178e+07 2.9984e+07 4.38234e+07 6.36849e+07 9.23917e+07 
0.411788 0.0934406 0.168671 0.304763 0.551298 0.998261 1.81006 3.28775 5.98297 10.9067 19.9345 36.5503 67.1876 123.961 229.782 428.005 800.773 1508.47 2865.12 5472.82 10548.9 20569 40540.1 80573.4 162534 332626 -7.58486e+06 979068 1.41466e+06 2.08485e+06 3.12755e+06 4.74071e+06 7.25272e+06 1.1175e+07 1.71863e+07 2.628e+07 3.94778e+07 5.798e+07 8.45303e+07 1.22865e+08 
0.303675 0.0689205 0.124436 0.224893 0.40693 0.737091 1.33702 2.4296 4.42357 8.0689 14.7582 27.0807 49.8283 92.0363 170.822 318.656 597.268 1127.45 2146.49 4112.14 7953.37 15569 30828.6 61621.6 125122 258977 538965 -9.86756e+06 1.6661e+06 2.48928e+06 3.79158e+06 5.83934e+06 9.08081e+06 1.42112e+07 2.21675e+07 3.43254e+07 5.20721e+07 7.69436e+07 1.12629e+08 1.64076e+08 
0.214099 0.0486001 0.0877675 0.158663 0.287175 0.520357 0.944267 1.71669 3.12727 5.70806 10.4479 19.1875 35.341 65.3548 121.465 226.943 426.187 806.285 1538.92 2957.45 5741.12 11286.1 22460.7 45174.3 92387 192803 405417 867370 -1.29739e+07 2.84941e+06 4.46563e+06 7.00806e+06 1.1114e+07 1.77259e+07 2.81331e+07 4.42386e+07 6.79226e+07 1.0112e+08 1.48745e+08 2.17269e+08 
0.141366 0.0320962 0.0579769 0.104837 0.18981 0.344062 0.624622 1.13613 2.07084 3.78241 6.92863 12.7357 23.483 43.4809 80.9274 151.458 285.015 540.483 1034.38 1994.54 3887.24 7676.69 15361.3 31105.9 64121.4 135046 287300 623142 1.37014e+06 -1.7248e+07 4.95e+06 7.95062e+06 1.2923e+07 2.11208e+07 3.42824e+07 5.50008e+07 8.57807e+07 1.2897e+08 1.9093e+08 2.7982e+08 
0.0852494 0.0193592 0.034978 0.0632666 0.114582 0.207777 0.377371 0.686746 1.25247 2.28924 4.19679 7.72122 14.2526 26.4241 49.2533 92.3383 174.129 331.009 635.25 1229.18 2405.45 4773.03 9605.76 19590.9 40726.2 86618.9 186636 411020 929871 2.14356e+06 -2.30571e+07 8.20066e+06 1.37558e+07 2.32328e+07 3.88897e+07 6.41602e+07 1.02293e+08 1.55971e+08 2.33011e+08 3.43052e+08 
0.0457392 0.0103889 0.0187752 0.0339691 0.0615403 0.111636 0.202846 0.369324 0.673948 1.23269 2.26163 4.16467 7.69602 14.2865 26.6683 50.0825 94.6421 180.344 347.063 673.88 1324.18 2640.06 5343.74 10977.6 23016.2 49443.9 107943 241528 556799 1.31368e+06 3.12903e+06 -3.13792e+07 1.32815e+07 2.33538e+07 4.06363e+07 6.94912e+07 1.1403e+08 1.77147e+08 2.67878e+08 3.96757e+08 
0.0215231 0.0048896 0.00883871 0.0159958 0.0289877 0.0526039 0.0956238 0.174188 0.31804 0.582109 1.06884 1.96994 3.64422 6.77346 12.662 23.8191 45.1043 86.1526 166.248 323.904 639.057 1280.13 2605.92 5391.95 11402.2 24741.7 54739.6 124502 292698 707787 1.73978e+06 4.40247e+06 -4.39166e+07 2.12624e+07 3.88633e+07 6.95104e+07 1.18322e+08 1.88306e+08 2.8927e+08 4.31764e+08 
0.0088413 0.00200892 0.00363223 0.00657505 0.0119187 0.0216362 0.0393459 0.0717045 0.130989 0.239899 0.440805 0.813091 1.50564 2.80175 5.24437 9.88068 18.7457 35.8838 69.4181 135.673 268.677 540.537 1106.12 2303.91 4910.65 10755.4 24095.2 55662.8 133365 330470 839447 2.21151e+06 6.07428e+06 -6.1941e+07 3.16876e+07 6.05391e+07 1.09229e+08 1.81003e+08 2.85709e+08 4.32404e+08 
0.00312057 0.000709176 0.00128249 0.00232208 0.00421038 0.00764555 0.0139087 0.0253579 0.0463456 0.0849287 0.156156 0.288255 0.534265 0.995236 1.86517 3.51909 6.68806 12.8283 24.8736 48.7538 96.8777 195.675 402.334 843.083 1809.94 3997.88 9058.73 21225.3 51742.9 131128 343501 940691 2.71409e+06 7.74624e+06 -8.84597e+07 4.60368e+07 8.98952e+07 1.58166e+08 2.60527e+08 4.03763e+08 
0.000932785 0.000212015 0.000383482 0.00069448 0.00125952 0.00228778 0.00416327 0.00759316 0.0138837 0.0254552 0.0468316 0.0865065 0.160467 0.299205 0.56135 1.06047 2.01858 3.87877 7.53625 14.8094 29.517 59.8295 123.541 260.269 562.326 1251.45 2864.32 6796.17 16824.7 43501.6 117185 332641 1.0038e+06 3.0602e+06 9.51958e+06 -1.27677e+08 6.46227e+07 1.24839e+08 2.19155e+08 3.53261e+08 
0.000230298 5.23511e-05 9.47035e-05 0.000171534 0.000311154 0.000565303 0.00102899 0.00187727 0.00343365 0.00629803 0.0115923 0.0214243 0.0397669 0.0742045 0.139337 0.263491 0.50216 0.966277 1.88045 3.7027 7.39752 15.0359 31.1511 65.9039 143.103 320.35 739.014 1770.75 4436.74 11652.8 32089 93749.6 293471 948321 3.19265e+06 1.10991e+07 -1.82061e+08 8.31941e+07 1.62446e+08 2.82102e+08 
4.57881e-05 1.04093e-05 1.88322e-05 3.41138e-05 6.18878e-05 0.000112453 0.000204726 0.000373566 0.00068342 0.00125386 0.00230855 0.00426796 0.00792521 0.0147953 0.0277965 0.0525973 0.100316 0.193201 0.37636 0.741999 1.4846 3.02271 6.27527 13.3105 28.9912 65.1353 150.992 363.998 918.883 2437.26 6806.57 20260.9 64973.8 218614 781455 2.98284e+06 1.15736e+07 -2.48803e+08 9.78562e+07 1.99294e+08 
7.15284e-06 1.62619e-06 2.94224e-06 5.33017e-06 9.67057e-06 1.75737e-05 3.19974e-05 5.83939e-05 0.000106845 0.000196063 0.00036106 0.000667675 0.00124017 0.00231601 0.00435286 0.00824027 0.0157248 0.0303036 0.059074 0.116568 0.233471 0.475921 0.989436 2.10242 4.5888 10.3349 24.0353 58.1751 147.581 393.957 1110.25 3345.21 10897.8 37677.1 140542 571730 2.46744e+06 1.06844e+07 -3.29131e+08 1.19786e+08 
8.47644e-07 1.92719e-07 3.487e-07 6.3174e-07 1.14624e-06 2.08314e-06 3.79322e-06 6.92314e-06 1.26689e-05 2.32509e-05 4.28241e-05 7.92043e-05 0.000147148 0.000274865 0.00051674 0.000978537 0.00186804 0.00360151 0.00702424 0.0138689 0.027797 0.056708 0.118005 0.251028 0.548614 1.23744 2.88325 6.9944 17.791 47.651 134.904 408.91 1342.45 4706.1 17976.1 76059.5 353639 1.79586e+06 9.88611e+06 -4.18316e+08 
dt_FE: 2.39052e-09
dt_EA: 2.39052e-09
dt_PE: 2.39052e-09
tolC: 1e-06
dt_grow: 1.03
dt_max: 0.1
steps: 0
