t: 1.45952e-08
dt: 3.48956e-10
N: 0.00910833 0.0105118 0.0121248 0.0139784 0.0161067 0.0185431 0.0213301 0.0245147 0.028144 0.0322609 0.0369293 0.0422096 0.0481277 0.0547478 0.0621287 0.0702844 0.0791692 0.0888322 0.0992526 0.110105 0.121329 0.132755 0.143874 0.153864 0.162505 0.169227 0.171697 0.169765 0.162873 0.149397 0.136422 0.319804 0.226709 0.033003 0.0134349 0.00456646 0.00124684 0.000269764 4.55655e-05 5.81144e-06 
eC: 1 1.15749 1.33977 1.55077 1.795 2.07768 2.40489 2.78363 3.22201 3.72944 4.31677 4.99661 5.78351 6.69433 7.7486 8.9689 10.3814 12.0163 13.9087 16.0991 18.6345 21.5692 24.9661 28.8979 33.4489 38.7167 44.814 51.8717 60.0407 69.4963 80.4411 93.1095 107.773 124.746 144.391 167.131 193.452 223.918 259.182 300 
dV: 1.08333 0.211322 0.327712 0.508206 0.788112 1.22218 1.89532 2.93921 4.55805 7.06849 10.9616 16.999 26.3615 40.8807 63.3966 98.3136 152.462 236.434 366.655 568.597 881.764 1367.42 2120.55 3288.49 5099.69 7908.45 12264.2 19019 29494.1 45738.6 70930.1 109996 170579 264529 410225 636165 986546 1.52991e+06 2.37254e+06 3.67926e+06 
kVec: 850662 987810 1.13977e+06 1.31531e+06 1.51793e+06 1.75117e+06 2.01954e+06 2.32818e+06 2.68269e+06 3.0882e+06 3.55263e+06 4.08405e+06 4.68775e+06 5.37386e+06 6.15273e+06 7.03361e+06 8.01848e+06 9.12384e+06 1.03624e+07 1.17159e+07 1.32025e+07 1.48311e+07 1.65955e+07 1.84426e+07 2.04182e+07 2.25625e+07 2.46979e+07 2.69858e+07 2.9585e+07 3.26972e+07 3.65112e+07 4.20209e+07 5.12699e+07 6.62795e+07 9.05544e+07 1.28182e+08 1.81527e+08 2.47725e+08 3.278e+08 4.16924e+08 
cMat: 
-187803 951.387 1117.93 1302.2 1518.03 1772.15 2071.54 2424.56 2842.46 3340.72 3934.11 4642.67 5500.01 6537.67 7796.55 9339.14 11256.8 13635.2 16602.3 20408.2 25278.9 31545.3 39764.9 50768.2 65446.2 85213.8 112848 151175 204732 281129 391490 550501 781493 1.12371e+06 1.62245e+06 2.34533e+06 3.3714e+06 4.81834e+06 6.89386e+06 9.89874e+06 
4831.86 -222153 1286.66 1498.74 1747.16 2039.66 2384.27 2790.61 3271.66 3845.22 4528.31 5343.99 6331.01 7525.68 8975.11 10751.3 12959.5 15698.6 19115.8 23499.5 29110.3 36329.8 45800.8 58481.4 75399.5 98187.7 130051 174252 236028 324168 451517 635035 901675 1.29675e+06 1.87261e+06 2.70737e+06 3.89228e+06 5.56319e+06 7.95998e+06 1.143e+07 
3621.84 820.766 -255828 1723.06 2008.68 2344.99 2741.22 3208.44 3761.58 4421.12 5206.63 6144.66 7279.8 8653.81 10320.9 12364.1 14904.4 18055.6 21987.4 27032 33489.5 41799.7 52703.3 67304.6 86789.2 113040 149752 200693 271905 373532 520400 732094 1.03973e+06 1.49563e+06 2.16024e+06 3.12379e+06 4.49159e+06 6.42036e+06 9.18705e+06 1.31926e+07 
2686.65 608.841 1097.29 -295162 2307.17 2693.49 3148.65 3685.37 4320.81 5078.53 5981 7058.75 8363.05 9941.92 11857.7 14205.9 17125.7 20748 25268.3 31068.6 38494.6 48052.8 60596.1 77396.9 99821.3 130039 172313 230984 313026 430139 599431 843505 1.19829e+06 1.72413e+06 2.49086e+06 3.60261e+06 5.18092e+06 7.40645e+06 1.05989e+07 1.52209e+07 
1990.61 451.111 813.026 1466.4 -341026 3063.07 3612.92 4228.87 4958.13 5827.76 6863.58 8100.64 9597.83 11410.3 13609.9 16305.9 19658.8 23818.9 29010.7 35674.1 44206.5 55190.5 69608.2 88924.2 114712 149472 198113 265643 360099 494977 690004 971259 1.38019e+06 1.98643e+06 2.87054e+06 4.15273e+06 5.97314e+06 8.53997e+06 1.2222e+07 1.75529e+07 
1473.67 333.964 601.902 1085.62 1942.45 -394342 4138.77 4844.48 5680.04 6676.5 7863.45 9281.09 10997 13074.5 15595.7 18686.5 22530.9 27301.4 33256 40899.8 50689.7 63295.4 79845.7 102026 131645 171583 227490 305135 413780 568976 793459 1.1173e+06 1.58831e+06 2.28674e+06 3.30554e+06 4.78339e+06 6.88177e+06 9.84045e+06 1.40846e+07 2.02294e+07 
1089.56 246.92 445.029 802.689 1449.14 2617.77 -456291 5540.71 6496.55 7636.53 8994.51 10616.6 12580.1 14957.6 17843.3 21381.3 25782.6 31245.1 38064.8 46821 58038.3 72485.6 91459.4 116896 150876 196709 260898 350081 474923 653334 911500 1.28408e+06 1.82618e+06 2.63024e+06 3.80347e+06 5.50574e+06 7.92302e+06 1.13312e+07 1.62202e+07 2.32988e+07 
804.16 182.244 328.466 592.457 1069.62 1932.23 3493.95 -528225 7340.87 8720.46 10271.7 12124.7 14368 17084.7 20382.4 24426.2 29457.6 35703.4 43502.4 53518.7 66353.8 82889.2 104613 133747 172682 225219 298833 401159 544469 749373 1.04601e+06 1.4743e+06 2.09773e+06 3.0227e+06 4.3728e+06 6.33222e+06 9.11502e+06 1.30383e+07 1.86664e+07 2.68151e+07 
592.446 134.266 241.997 436.501 788.072 1423.66 2574.42 4613.09 -611902 9937.66 11706 13818.6 16376.5 19474.6 23235.8 27848.8 33589.6 40717.5 49619.9 61057.1 75717.2 94610.2 119441 152756 197299 257432 341736 458986 623289 858342 1.19881e+06 1.69063e+06 2.40689e+06 3.46997e+06 5.02226e+06 7.27583e+06 1.04768e+07 1.49895e+07 2.14632e+07 3.08361e+07 
435.817 98.7706 178.026 321.12 579.774 1047.4 1894.09 3429.99 6220.04 -708833 13301.3 15702.9 18611.3 22134.3 26412.2 31659.9 38192.4 46305.2 56440.6 69466.6 86169.5 107704 136018 174029 224877 293562 389920 524023 712069 981276 1.37146e+06 1.93547e+06 2.75732e+06 3.97768e+06 5.76042e+06 8.34957e+06 1.20279e+07 1.7213e+07 2.46515e+07 3.54217e+07 
319.753 72.4681 130.621 235.617 425.415 768.569 1389.91 2517.1 4564.81 8287.02 -821528 17798.7 21097.3 25093.8 29947.6 35903.1 43318.8 52531.2 64043.8 78846.1 97834.7 122327 154547 197828 255762 334069 444012 597135 812018 1.11989e+06 1.56644e+06 2.21238e+06 3.15427e+06 4.55357e+06 6.59878e+06 9.57042e+06 1.3793e+07 1.97448e+07 2.82834e+07 4.06465e+07 
233.846 52.9994 95.5315 172.328 311.154 562.164 1016.69 1841.29 3339.43 6062.87 11030.2 -952723 23671.2 28371.4 33864 40605.2 49001.9 59436.4 72480.9 89260.7 110796 138588 175171 224345 290213 379311 504514 679038 924168 1.27569e+06 1.78598e+06 2.52471e+06 3.60275e+06 5.20521e+06 7.54875e+06 1.09556e+07 1.57975e+07 2.26218e+07 3.24124e+07 4.65883e+07 
170.637 38.6746 69.7133 125.759 227.079 410.285 742.052 1343.99 2437.69 4426.11 8053.21 14580.3 -1.10494e+06 31930.2 38118.5 45715.9 55182.8 66951.9 81671 100616 124944 156358 197741 253413 328047 429095 571240 769588 1.04848e+06 1.44885e+06 2.03065e+06 2.87372e+06 4.1052e+06 5.93703e+06 8.61793e+06 1.25175e+07 1.80614e+07 2.58741e+07 3.7083e+07 5.33128e+07 
124.06 28.1188 50.6876 91.4415 165.12 298.355 539.648 977.471 1773.05 3219.66 5858.76 10688.7 19529.9 -1.28222e+06 42724.8 51252.3 61883 75104.8 91648.9 112957 140338 175720 222367 285183 369477 483724 644634 869439 1.18592e+06 1.64084e+06 2.3027e+06 3.2629e+06 4.667e+06 6.75731e+06 9.81906e+06 1.42758e+07 2.06138e+07 2.95444e+07 4.23576e+07 6.09106e+07 
89.7628 20.3459 36.6775 66.1701 119.493 215.924 390.58 707.521 1283.51 2330.96 4242.17 7740.54 14145.6 25921.9 -1.48894e+06 56576 69102.8 83897.3 102419 126293 156994 196698 249093 319727 414617 543378 724989 979062 1.33726e+06 1.85289e+06 2.60411e+06 3.69538e+06 5.29318e+06 7.67406e+06 1.11647e+07 1.62499e+07 2.34844e+07 3.36767e+07 4.83006e+07 6.94757e+07 
64.6349 14.6509 26.4124 47.6533 86.0595 155.522 281.343 509.69 924.724 1679.6 3057.2 5579.31 10198.1 18692.4 34009.3 -1.73148e+06 76735.5 93202.7 113832 140445 174700 219040 277618 356688 463050 607578 811764 1.09788e+06 1.50192e+06 2.08456e+06 2.93476e+06 4.17173e+06 5.98556e+06 8.6913e+06 1.26627e+07 1.84537e+07 2.66961e+07 3.83062e+07 5.4965e+07 7.90868e+07 
46.3405 10.5046 18.9385 34.1711 61.7157 111.539 201.797 365.623 663.432 1205.2 2194.09 4004.95 7322.17 13424.9 24708.5 45643.8 -2.01384e+06 102743 125555 155014 192970 242158 307227 395197 513713 675029 903391 1.22402e+06 1.67771e+06 2.33332e+06 3.2919e+06 4.68921e+06 6.74192e+06 9.80808e+06 1.43147e+07 2.08937e+07 3.02628e+07 4.34571e+07 6.23898e+07 8.98044e+07 
32.985 7.47751 13.4819 24.3275 43.9409 79.422 143.707 260.408 472.586 858.659 1563.52 2854.6 5220.44 9574.46 17628.2 32577.8 60375.8 -2.34605e+06 137578 169987 211797 266047 337921 435262 566639 745805 1.00002e+06 1.35776e+06 1.86515e+06 2.60013e+06 3.67725e+06 5.2508e+06 7.56732e+06 1.10329e+07 1.61346e+07 2.35924e+07 3.42197e+07 4.91823e+07 7.06533e+07 1.01743e+08 
23.2747 5.27656 9.51431 17.1695 31.0148 56.0646 101.457 183.873 333.748 606.519 1104.65 2017.33 3690.41 6770.74 12471.1 23058 42756.8 79727.8 -2.73964e+06 184048 230883 290346 369260 476352 621182 819125 1.10073e+06 1.49802e+06 2.06302e+06 2.88375e+06 4.0897e+06 5.8559e+06 8.4624e+06 1.23688e+07 1.81297e+07 2.65641e+07 3.85921e+07 5.5522e+07 7.98172e+07 1.14996e+08 
16.3228 3.70077 6.67354 12.0442 21.7589 39.3382 71.199 129.058 234.3 425.896 775.894 1417.39 2593.86 4760.97 8773.55 16230.7 30117.2 56202.2 105004 -3.20131e+06 248651 313115 398845 515472 673592 890282 1.19956e+06 1.63731e+06 2.26192e+06 3.17243e+06 4.51476e+06 6.48699e+06 9.40648e+06 1.37918e+07 2.02738e+07 2.97819e+07 4.33541e+07 6.2451e+07 8.98571e+07 1.29538e+08 
11.33 2.56898 4.63305 8.36251 15.1095 27.3208 49.457 89.6658 162.821 296.048 539.505 985.904 1805 3314.66 6111.67 11313.6 21009.5 39240.7 73815.4 139338 -3.75113e+06 334120 426373 552232 723364 958621 1.29569e+06 1.77458e+06 2.46058e+06 3.46475e+06 4.95104e+06 7.1431e+06 1.03999e+07 1.53052e+07 2.25752e+07 3.32634e+07 4.85376e+07 7.00208e+07 1.00853e+08 1.45491e+08 
7.76211 1.76016 3.17472 5.73098 10.3563 18.7292 33.9109 61.4941 111.694 203.148 370.338 677.029 1240.1 2278.55 4203.88 7787.67 14474.3 27061.3 50961.8 96329.2 183432 -4.41004e+06 445952 585652 769237 1.02252e+06 1.38701e+06 1.90712e+06 2.65558e+06 3.75646e+06 5.39349e+06 7.8186e+06 1.14372e+07 1.69047e+07 2.50333e+07 3.70155e+07 5.41622e+07 7.82685e+07 1.12866e+08 1.6295e+08 
5.24916 1.19044 2.14741 3.87704 7.0072 12.6749 22.9541 41.6356 75.6463 137.634 251.006 459.081 841.35 1546.87 2855.99 5295.13 9851.55 18439.6 34770.2 65827 125577 239240 -5.21212e+06 612465 807032 1.0766e+06 1.46655e+06 2.02589e+06 2.8352e+06 4.03253e+06 5.82307e+06 8.48995e+06 1.24902e+07 1.8558e+07 2.7613e+07 4.10039e+07 6.01983e+07 8.71702e+07 1.25882e+08 1.8191e+08 
3.50374 0.794695 1.43374 2.58898 4.68009 8.46742 15.3384 27.83 50.5806 92.0657 167.981 307.393 563.714 1037.19 1916.57 3556.88 6625.33 12417.6 23450.5 44478.9 85033.7 164261 320207 -6.17755e+06 830713 1.11296e+06 1.52388e+06 2.11712e+06 2.98128e+06 4.26917e+06 6.20905e+06 9.11833e+06 1.35116e+07 2.02089e+07 3.02515e+07 4.51634e+07 6.65843e+07 9.66673e+07 1.39844e+08 2.02315e+08 
2.29229 0.519991 0.93829 1.69462 3.06399 5.54488 10.0472 18.2356 33.1554 60.3762 110.218 201.808 370.349 681.97 1261.36 2343.43 4370.79 8204.22 15519.8 29497.9 56528.9 109496 214134 421595 -7.37024e+06 1.13272e+06 1.56009e+06 2.18168e+06 3.09433e+06 4.4663e+06 6.55071e+06 9.70261e+06 1.45008e+07 2.18605e+07 3.29599e+07 4.95218e+07 7.33758e+07 1.06856e+08 1.54906e+08 2.24397e+08 
1.46426 0.332208 0.599552 1.08305 1.95868 3.54556 6.42653 11.6682 21.2236 38.6675 70.6283 129.403 237.659 438.026 810.995 1508.52 2817.65 5297.63 10040.2 19127 36752.4 71406.3 140143 277109 555711 -8.87963e+06 1.56634e+06 2.21535e+06 3.16807e+06 4.61478e+06 6.83522e+06 1.02257e+07 1.54368e+07 2.34895e+07 3.5717e+07 5.40687e+07 8.05853e+07 1.1778e+08 1.7116e+08 2.48313e+08 
0.917042 0.20809 0.375627 0.678701 1.22773 2.22311 4.03096 7.32174 13.3239 24.2889 44.3938 81.3967 149.625 276.059 511.72 953.158 1783.31 3359.32 6380.55 12187.8 23492.3 45806.8 90281.9 179435 361959 740750 -1.07432e+07 2.18036e+06 3.15042e+06 4.64291e+06 6.96498e+06 1.05575e+07 1.61516e+07 2.48865e+07 3.82736e+07 5.85249e+07 8.79162e+07 1.2912e+08 1.88247e+08 2.73618e+08 
0.556496 0.1263 0.228034 0.412125 0.745715 1.35075 2.45014 4.45233 8.10637 14.7866 27.0449 49.6264 91.3124 168.66 313.038 583.951 1094.52 2066.09 3933.53 7535.66 14574.9 28530.9 56494.7 112924 229291 474585 987675 -1.3132e+07 3.0532e+06 4.56171e+06 6.94822e+06 1.07008e+07 1.66409e+07 2.60426e+07 4.06229e+07 6.29026e+07 9.54242e+07 1.41002e+08 2.06396e+08 3.00675e+08 
0.324727 0.0737123 0.133118 0.240646 0.435561 0.789231 1.43218 2.60373 4.74316 8.65748 15.8464 29.1019 53.6021 99.1243 184.227 344.207 646.403 1222.9 2334.1 4485.59 8707.63 17117.8 34066.3 68516.4 140124 292427 614901 1.31555e+06 -1.62533e+07 4.32174e+06 6.77307e+06 1.06292e+07 1.68567e+07 2.68851e+07 4.26697e+07 6.70972e+07 1.03019e+08 1.53369e+08 2.25603e+08 3.29534e+08 
0.181465 0.0412004 0.0744222 0.134574 0.24365 0.441655 0.801798 1.4584 2.65824 4.85529 8.89395 16.3482 30.144 55.8144 103.883 194.42 365.861 693.793 1327.79 2560.29 4989.86 9854.2 19718.6 39929.2 82309.6 173352 368793 799897 1.75879e+06 -2.04296e+07 6.35408e+06 1.02058e+07 1.65886e+07 2.71118e+07 4.40066e+07 7.06019e+07 1.10113e+08 1.65552e+08 2.45087e+08 3.59192e+08 
0.0953301 0.0216484 0.0391141 0.0707479 0.128131 0.232346 0.421996 0.767954 1.40057 2.55994 4.69306 8.63425 15.938 29.5488 55.0775 103.257 194.72 370.151 710.369 1374.53 2689.89 5337.45 10741.6 21907.6 45542.1 96861.6 208705 459623 1.03983e+06 2.39703e+06 -2.60147e+07 9.17039e+06 1.53824e+07 2.598e+07 4.34884e+07 7.17472e+07 1.1439e+08 1.74415e+08 2.60565e+08 3.83618e+08 
0.0359702 0.00817007 0.0147652 0.0267139 0.0483965 0.0877926 0.159522 0.290444 0.530005 0.969409 1.77859 3.27518 6.0523 11.2352 20.9725 39.3859 74.4284 141.826 272.937 529.953 1041.36 2076.2 4202.42 8632.96 18100.4 38883.7 84888.4 189942 437877 1.03311e+06 2.46073e+06 -3.55023e+07 1.04448e+07 1.83659e+07 3.19571e+07 5.46492e+07 8.96757e+07 1.39312e+08 2.10665e+08 3.12017e+08 
0.0178863 0.0040634 0.00734523 0.013293 0.0240897 0.0437154 0.0794662 0.144756 0.264301 0.483749 0.888234 1.63707 3.02846 5.62895 10.5225 19.7943 37.483 71.5953 138.157 269.174 531.075 1063.83 2165.59 4480.87 9475.54 20561 45490.2 103465 243240 588192 1.44581e+06 3.65858e+06 -4.74096e+07 1.76697e+07 3.22966e+07 5.77652e+07 9.8329e+07 1.56488e+08 2.40392e+08 3.58808e+08 
0.00882107 0.00200433 0.00362392 0.00656 0.0118914 0.0215867 0.0392559 0.0715405 0.130689 0.23935 0.439796 0.81123 1.5022 2.79534 5.23237 9.85807 18.7028 35.8017 69.2592 135.363 268.062 539.301 1103.59 2298.64 4899.41 10730.8 24040.1 55535.5 133060 329714 837526 2.20645e+06 6.06038e+06 -6.29887e+07 3.16151e+07 6.04006e+07 1.08979e+08 1.80589e+08 2.85055e+08 4.31415e+08 
0.003115 0.00070791 0.0012802 0.00231794 0.00420286 0.0076319 0.0138839 0.0253126 0.0462629 0.0847771 0.155877 0.287741 0.533312 0.99346 1.86184 3.51281 6.67612 12.8054 24.8292 48.6667 96.7047 195.326 401.616 841.578 1806.71 3990.74 9042.57 21187.4 51650.6 130894 342888 939012 2.70924e+06 7.73242e+06 -8.89028e+07 4.59546e+07 8.97347e+07 1.57884e+08 2.60062e+08 4.03042e+08 
0.000932013 0.00021184 0.000383165 0.000693906 0.00125848 0.00228589 0.00415982 0.00758688 0.0138722 0.0254342 0.0467929 0.086435 0.160334 0.298957 0.560886 1.0596 2.01691 3.87557 7.53002 14.7972 29.4926 59.7801 123.439 260.054 561.861 1250.41 2861.95 6790.55 16810.8 43465.6 117088 332366 1.00297e+06 3.05767e+06 9.51171e+06 -1.27463e+08 6.45692e+07 1.24736e+08 2.18974e+08 3.52969e+08 
0.00023024 5.2338e-05 9.46798e-05 0.000171492 0.000311076 0.000565162 0.00102874 0.0018768 0.00343279 0.00629645 0.0115894 0.0214189 0.0397569 0.0741859 0.139302 0.263426 0.502035 0.966036 1.87998 3.70178 7.39567 15.0322 31.1433 65.8874 143.067 320.27 738.829 1770.31 4435.63 11649.8 32081 93726.1 293397 948084 3.19186e+06 1.10963e+07 -1.81267e+08 8.31733e+07 1.62405e+08 2.82031e+08 
4.57856e-05 1.04087e-05 1.88311e-05 3.4112e-05 6.18844e-05 0.000112447 0.000204715 0.000373545 0.000683383 0.00125379 0.00230842 0.00426773 0.00792477 0.0147945 0.027795 0.0525944 0.10031 0.193191 0.376339 0.741958 1.48452 3.02255 6.27492 13.3098 28.9897 65.1317 150.983 363.978 918.833 2437.13 6806.2 20259.8 64970.2 218602 781412 2.98268e+06 1.1573e+07 -2.47651e+08 9.78509e+07 1.99283e+08 
7.15277e-06 1.62617e-06 2.94222e-06 5.33012e-06 9.67048e-06 1.75735e-05 3.19971e-05 5.83934e-05 0.000106844 0.000196062 0.000361057 0.000667669 0.00124016 0.00231599 0.00435282 0.0082402 0.0157246 0.0303034 0.0590734 0.116566 0.233469 0.475917 0.989427 2.1024 4.58876 10.3349 24.0351 58.1746 147.579 393.954 1110.24 3345.18 10897.7 37676.8 140540 571725 2.46741e+06 1.06843e+07 -3.27784e+08 1.19785e+08 
8.47643e-07 1.92718e-07 3.487e-07 6.31739e-07 1.14624e-06 2.08314e-06 3.79322e-06 6.92313e-06 1.26689e-05 2.32508e-05 4.28241e-05 7.92042e-05 0.000147148 0.000274865 0.00051674 0.000978536 0.00186804 0.00360151 0.00702423 0.0138689 0.027797 0.0567079 0.118005 0.251028 0.548613 1.23743 2.88325 6.99439 17.791 47.651 134.903 408.909 1342.45 4706.1 17976.1 76059.4 353639 1.79586e+06 9.8861e+06 -4.16921e+08 
dt_FE: 3.48956e-10
dt_EA: 3.48956e-10
dt_PE: 3.48956e-10
tolC: 1e-06
dt_grow: 1.03
dt_max: 0.1
steps: 0
