t: 7.26113e-10
dt: 1.3372e-10
N: 0.000430202 0.000496996 0.000573932 0.00066257 0.000764638 0.000881894 0.00101655 0.00117112 0.0013482 0.00155034 0.00178117 0.00204438 0.00234226 0.00267917 0.00305956 0.00348617 0.0039592 0.00448403 0.00506337 0.00568451 0.00634898 0.00705347 0.00777582 0.00847486 0.00914358 0.00975594 0.0101634 0.0103557 0.0102964 0.00991293 0.0246784 0.456467 0.396401 0.00415196 0.00112317 0.000405512 0.000116585 2.55859e-05 4.27793e-06 5.28842e-07 
eC: 1 1.15749 1.33977 1.55077 1.795 2.07768 2.40489 2.78363 3.22201 3.72944 4.31677 4.99661 5.78351 6.69433 7.7486 8.9689 10.3814 12.0163 13.9087 16.0991 18.6345 21.5692 24.9661 28.8979 33.4489 38.7167 44.814 51.8717 60.0407 69.4963 80.4411 93.1095 107.773 124.746 144.391 167.131 193.452 223.918 259.182 300 
dV: 1.08333 0.211322 0.327712 0.508206 0.788112 1.22218 1.89532 2.93921 4.55805 7.06849 10.9616 16.999 26.3615 40.8807 63.3966 98.3136 152.462 236.434 366.655 568.597 881.764 1367.42 2120.55 3288.49 5099.69 7908.45 12264.2 19019 29494.1 45738.6 70930.1 109996 170579 264529 410225 636165 986546 1.52991e+06 2.37254e+06 3.67926e+06 
kVec: 803802 934010 1.0781e+06 1.24473e+06 1.43728e+06 1.65924e+06 1.91505e+06 2.20976e+06 2.54899e+06 2.93803e+06 3.38486e+06 3.8978e+06 4.48298e+06 5.15119e+06 5.91379e+06 6.7819e+06 7.76047e+06 8.86855e+06 1.01229e+07 1.15129e+07 1.30624e+07 1.47888e+07 1.66965e+07 1.87446e+07 2.09859e+07 2.34684e+07 2.60042e+07 2.87309e+07 3.1758e+07 3.51573e+07 3.89225e+07 4.37825e+07 5.18335e+07 6.58795e+07 8.97331e+07 1.272e+08 1.80522e+08 2.46781e+08 3.26926e+08 4.1612e+08 
cMat: 
-209077 959.72 1127.72 1313.6 1531.33 1787.67 2089.68 2445.79 2867.35 3369.98 3968.57 4683.33 5548.18 6594.93 7864.83 9420.93 11355.4 13754.6 16747.7 20586.9 25500.2 31821.6 40113.1 51212.8 66019.4 85960 113836 152499 206525 283591 394919 555322 788337 1.13355e+06 1.63665e+06 2.36587e+06 3.40092e+06 4.86054e+06 6.95423e+06 9.98543e+06 
4880.77 -246922 1299.68 1513.91 1764.85 2060.31 2408.4 2818.86 3304.77 3884.14 4574.14 5398.08 6395.09 7601.85 9065.95 10860.1 13090.7 15857.5 19309.2 23737.3 29404.9 36697.5 46264.4 59073.3 76162.6 99181.4 131367 176016 238417 327449 456087 641463 910801 1.30988e+06 1.89156e+06 2.73477e+06 3.93167e+06 5.61949e+06 8.04055e+06 1.15457e+07 
3664.19 830.362 -284618 1743.21 2032.17 2372.41 2773.27 3245.96 3805.56 4472.81 5267.51 6216.51 7364.92 8754.99 10441.6 12508.6 15078.6 18266.7 22244.5 27348.1 33881.1 42288.5 53319.5 68091.6 87804 114361 151503 203040 275084 377900 526485 740654 1.05189e+06 1.51312e+06 2.1855e+06 3.16031e+06 4.54411e+06 6.49543e+06 9.29447e+06 1.33469e+07 
2722.93 617.063 1112.11 -328658 2338.33 2729.86 3191.17 3735.14 4379.16 5147.11 6061.77 7154.08 8475.98 10076.2 12017.9 14397.7 17357 21028.2 25609.5 31488.2 39014.5 48701.7 61414.4 78442.1 101169 131796 174640 234104 317253 435948 607526 854896 1.21447e+06 1.74742e+06 2.52449e+06 3.65127e+06 5.25088e+06 7.50648e+06 1.0742e+07 1.54264e+07 
2021.65 458.145 825.704 1489.26 -380034 3110.84 3669.26 4294.82 5035.44 5918.63 6970.6 8226.95 9747.49 11588.3 13822.1 16560.2 19965.3 24190.3 29463.1 36230.4 44895.8 56051.1 70693.6 90310.9 116501 151802 201202 269785 365714 502695 700763 986404 1.40172e+06 2.0174e+06 2.9153e+06 4.21749e+06 6.06628e+06 8.67314e+06 1.24126e+07 1.78266e+07 
1500.19 339.974 612.734 1105.16 1977.4 -439802 4213.25 4931.65 5782.25 6796.64 8004.95 9448.1 11194.9 13309.7 15876.4 19022.8 22936.3 27792.7 33854.5 41635.8 51601.9 64434.4 81282.5 103861 134014 174670 231584 310626 421226 579214 807737 1.13741e+06 1.61689e+06 2.32789e+06 3.36503e+06 4.86947e+06 7.00561e+06 1.00175e+07 1.43381e+07 2.05934e+07 
1112.18 252.045 454.266 819.35 1479.22 2672.1 -509319 5655.71 6631.39 7795.03 9181.21 10836.9 12841.2 15268 18213.6 21825.1 26317.7 31893.7 38854.8 47792.9 59243 73990.1 93357.8 119322 154008 200792 266313 357347 484781 666894 930420 1.31073e+06 1.86409e+06 2.68483e+06 3.88242e+06 5.62002e+06 8.08748e+06 1.15664e+07 1.65569e+07 2.37823e+07 
823.404 186.605 336.327 606.635 1095.21 1978.47 3577.57 -590155 7516.54 8929.15 10517.5 12414.8 14711.8 17493.5 20870.2 25010.7 30162.6 36557.8 44543.4 54799.5 67941.6 84872.8 107116 136947 176814 230609 305984 410759 557498 767306 1.07104e+06 1.50959e+06 2.14793e+06 3.09503e+06 4.47744e+06 6.48375e+06 9.33315e+06 1.33504e+07 1.91131e+07 2.74568e+07 
608.781 137.968 248.67 448.536 809.801 1462.92 2645.4 4740.28 -684315 10211.7 12028.8 14199.6 16828.1 20011.5 23876.5 28616.6 34515.7 41840.2 50988 62740.5 77804.9 97218.8 122734 156968 202738 264530 351159 471641 640474 882008 1.23186e+06 1.73725e+06 2.47325e+06 3.56565e+06 5.16073e+06 7.47644e+06 1.07657e+07 1.54028e+07 2.20549e+07 3.16863e+07 
449.647 101.905 183.675 331.31 598.173 1080.64 1954.2 3538.84 6417.43 -793568 13723.4 16201.2 19201.9 22836.7 27250.4 32664.6 39404.4 47774.7 58231.7 71671.1 88904.1 111122 140335 179552 232013 302878 402294 540653 734666 1.01242e+06 1.41499e+06 1.99689e+06 2.84482e+06 4.10391e+06 5.94322e+06 8.61454e+06 1.24096e+07 1.77593e+07 2.54338e+07 3.65457e+07 
331.423 75.1129 135.388 244.216 440.94 796.619 1440.64 2608.96 4731.41 8589.46 -920824 18448.3 21867.3 26009.6 31040.6 37213.4 44899.7 54448.3 66381.1 81723.6 101405 126791 160188 205048 265096 346262 460217 618928 841654 1.16076e+06 1.62361e+06 2.29312e+06 3.26939e+06 4.71976e+06 6.83961e+06 9.9197e+06 1.42963e+07 2.04654e+07 2.93156e+07 4.21299e+07 
243.652 55.2219 99.5377 179.554 324.202 585.738 1059.32 1918.51 3479.47 6317.12 11492.7 -1.06927e+06 24663.8 29561.1 35284.1 42308 51056.8 61928.9 75520.4 93003.8 115443 144399 182516 233753 302383 395218 525671 707514 962923 1.32919e+06 1.86088e+06 2.63059e+06 3.75383e+06 5.4235e+06 7.86531e+06 1.1415e+07 1.646e+07 2.35705e+07 3.37716e+07 4.8542e+07 
178.845 40.5349 73.0665 131.808 238.001 430.02 777.745 1408.64 2554.94 4639.01 8440.57 15281.6 -1.24183e+06 33466 39952 47914.8 57837.1 70172.3 85599.4 105455 130954 163879 207252 265602 343826 449735 598717 806606 1.09891e+06 1.51854e+06 2.12832e+06 3.01195e+06 4.30267e+06 6.22261e+06 9.03245e+06 1.31196e+07 1.89302e+07 2.71187e+07 3.88667e+07 5.58772e+07 
130.893 29.6677 53.4797 96.4785 174.216 314.79 569.374 1031.31 1870.72 3397.01 6181.49 11277.5 20605.6 -1.44321e+06 45078.3 54075.5 65291.8 79241.9 96697.4 119179 148068 185399 234616 300892 389830 510369 680144 917331 1.25125e+06 1.73122e+06 2.42954e+06 3.44263e+06 4.92408e+06 7.12954e+06 1.03599e+07 1.50621e+07 2.17493e+07 3.11719e+07 4.46909e+07 6.42659e+07 
95.4163 21.6273 38.9875 70.3377 127.019 229.524 415.18 752.082 1364.34 2477.77 4509.35 8228.05 15036.5 27554.5 -1.67854e+06 60139.3 73455.1 89181.3 108870 134247 166882 209086 264781 339864 440731 577601 770650 1.04073e+06 1.42148e+06 1.96959e+06 2.76812e+06 3.92812e+06 5.62656e+06 8.15738e+06 1.18679e+07 1.72734e+07 2.49636e+07 3.57978e+07 5.13427e+07 7.38514e+07 
69.2788 15.7035 28.3101 51.0771 92.2427 166.696 301.557 546.31 991.164 1800.28 3276.86 5980.17 10930.8 20035.4 36452.9 -1.95509e+06 82248.8 99899.1 122011 150536 187251 234777 297564 382316 496319 651231 870088 1.17676e+06 1.60983e+06 2.23433e+06 3.14561e+06 4.47146e+06 6.41562e+06 9.31576e+06 1.35725e+07 1.97796e+07 2.86141e+07 4.10584e+07 5.89141e+07 8.4769e+07 
50.1254 11.3625 20.4853 36.9621 66.7564 120.649 218.279 395.486 717.618 1303.64 2373.29 4332.06 7920.22 14521.3 26726.7 49371.8 -2.27745e+06 111135 135810 167675 208731 261937 332321 427475 555671 730163 977177 1.32399e+06 1.81474e+06 2.52389e+06 3.56077e+06 5.07221e+06 7.29257e+06 1.06092e+07 1.54839e+07 2.26002e+07 3.27345e+07 4.70065e+07 6.74856e+07 9.71393e+07 
36.0385 8.16971 14.73 26.5795 48.0086 86.7742 157.01 284.514 516.334 938.146 1708.26 3118.85 5703.7 10460.8 19260.1 35593.6 65964.8 -2.6571e+06 150313 185723 231403 290675 369202 475554 619094 814845 1.0926e+06 1.48345e+06 2.0378e+06 2.84083e+06 4.01766e+06 5.73687e+06 8.26784e+06 1.20543e+07 1.76282e+07 2.57764e+07 3.73875e+07 5.37352e+07 7.71938e+07 1.11162e+08 
25.7085 5.82832 10.5092 18.9648 34.2579 61.9271 112.066 203.101 368.647 669.942 1220.16 2228.28 4076.3 7478.74 13775.2 25469.1 47227.8 88064.8 -3.10694e+06 203294 255026 320707 407873 526163 686137 904779 1.21583e+06 1.65466e+06 2.27875e+06 3.1853e+06 4.51735e+06 6.46824e+06 9.34729e+06 1.36621e+07 2.00255e+07 2.93418e+07 4.26276e+07 6.13278e+07 8.81635e+07 1.27021e+08 
18.2381 4.13502 7.45661 13.4575 24.3121 43.9541 79.5535 144.202 261.793 475.871 866.938 1583.7 2898.23 5319.62 9803.04 18135.2 33651.2 62796.9 117325 -3.63388e+06 277827 349856 445645 575957 752631 994747 1.34032e+06 1.82943e+06 2.52734e+06 3.54469e+06 5.04452e+06 7.24817e+06 1.05102e+07 1.54102e+07 2.26527e+07 3.32765e+07 4.84413e+07 6.9779e+07 1.00401e+08 1.44738e+08 
12.8126 2.90515 5.23931 9.4568 17.0867 30.8959 55.9288 101.399 184.128 334.787 610.103 1114.92 2041.19 3748.4 6911.42 12794.1 23758.7 44375.5 83474.6 157571 -4.25969e+06 377841 482167 624495 818021 1.08406e+06 1.46524e+06 2.00679e+06 2.78257e+06 3.91814e+06 5.59892e+06 8.07782e+06 1.17608e+07 1.7308e+07 2.55293e+07 3.76161e+07 5.4889e+07 7.91835e+07 1.1405e+08 1.64529e+08 
8.88718 2.01528 3.63487 6.56165 11.8574 21.4439 38.826 70.4072 127.883 232.593 424.016 775.16 1419.85 2608.81 4813.2 8916.44 16572.3 30983.7 58348.4 110292 210020 -5.00608e+06 510590 670538 880734 1.17073e+06 1.58805e+06 2.18355e+06 3.04049e+06 4.30094e+06 6.17524e+06 8.95186e+06 1.3095e+07 1.9355e+07 2.86617e+07 4.23807e+07 6.20126e+07 8.9613e+07 1.29226e+08 1.86569e+08 
6.08362 1.37968 2.48878 4.49337 8.12113 14.6898 26.6031 48.2544 87.6718 159.513 290.908 532.061 975.099 1792.77 3310.01 6136.9 11417.6 21370.9 40297.6 76291.4 145540 277272 -5.90826e+06 709828 935325 1.24774e+06 1.69968e+06 2.34795e+06 3.28591e+06 4.67358e+06 6.74876e+06 9.83959e+06 1.44758e+07 2.15081e+07 3.20026e+07 4.75222e+07 6.9768e+07 1.01028e+08 1.45893e+08 2.10828e+08 
4.10577 0.931245 1.6801 3.03384 5.48426 9.92235 17.974 32.6119 59.2717 107.885 196.845 360.212 660.575 1215.4 2245.89 4168.04 7763.74 14551.2 27479.9 52121.6 99644.7 192486 375228 -6.98276e+06 973451 1.3042e+06 1.78573e+06 2.4809e+06 3.49354e+06 5.00272e+06 7.27594e+06 1.06851e+07 1.58332e+07 2.36813e+07 3.54495e+07 5.29237e+07 7.80253e+07 1.13277e+08 1.63873e+08 2.37078e+08 
2.71205 0.615212 1.11011 2.00494 3.62507 6.56026 11.8871 21.5749 39.2268 71.4323 130.401 238.763 438.167 806.852 1492.34 2772.56 5171.17 9706.58 18361.8 34899.5 66880.4 129547 253346 498797 -8.29218e+06 1.34015e+06 1.84577e+06 2.58119e+06 3.66096e+06 5.28416e+06 7.75027e+06 1.14793e+07 1.71562e+07 2.58636e+07 3.89955e+07 5.85902e+07 8.68123e+07 1.26423e+08 1.83272e+08 2.65489e+08 
1.74534 0.395977 0.71464 1.29095 2.33466 4.22615 7.66014 13.908 25.2976 46.09 84.1857 154.242 283.279 522.108 966.67 1798.09 3358.51 6314.54 11967.5 22798.5 43807.2 85113.1 167045 330301 662382 -9.92064e+06 1.86701e+06 2.6406e+06 3.7762e+06 5.50062e+06 8.14727e+06 1.21886e+07 1.84e+07 2.79984e+07 4.25731e+07 6.44475e+07 9.6054e+07 1.40389e+08 2.04015e+08 2.95978e+08 
1.09588 0.248671 0.44888 0.811059 1.46716 2.65665 4.81706 8.7496 15.9223 29.0256 53.0513 97.2704 178.805 329.895 611.514 1139.04 2131.08 4014.44 7624.87 14564.7 28073.6 54739.9 107888 214428 432547 885209 -1.18881e+07 2.60557e+06 3.7648e+06 5.54835e+06 8.32327e+06 1.26163e+07 1.93015e+07 2.97398e+07 4.57376e+07 6.99382e+07 1.05061e+08 1.54301e+08 2.24959e+08 3.26978e+08 
0.663346 0.15055 0.271818 0.491255 0.888896 1.6101 2.92058 5.3072 9.66283 17.6257 32.2377 59.155 108.845 201.044 373.143 696.072 1304.67 2462.79 4688.78 8982.54 17373.3 34008.9 67341.9 134606 273316 565708 1.17731e+06 -1.43461e+07 3.63943e+06 5.43758e+06 8.28231e+06 1.27554e+07 1.98361e+07 3.10429e+07 4.84227e+07 7.49802e+07 1.13746e+08 1.68075e+08 2.46026e+08 3.58406e+08 
0.383912 0.0871472 0.15738 0.284506 0.514947 0.933077 1.69321 3.07829 5.60766 10.2354 18.7346 34.4061 63.3717 117.191 217.804 406.943 764.217 1445.79 2759.52 5303.15 10294.7 20237.7 40275.3 81004.4 165664 345725 726974 1.55532e+06 -1.74557e+07 5.10943e+06 8.00754e+06 1.25665e+07 1.9929e+07 3.17853e+07 5.04468e+07 7.93265e+07 1.21795e+08 1.81323e+08 2.66722e+08 3.89595e+08 
0.211222 0.0479565 0.0866262 0.156642 0.283605 0.514079 0.933279 1.69755 3.09415 5.65148 10.3524 19.0291 35.0871 64.967 120.918 226.302 425.855 807.563 1545.52 2980.14 5808.12 11470.1 22952.1 46476.9 95807 201779 429268 931067 2.0472e+06 -2.14808e+07 7.39604e+06 1.18794e+07 1.93089e+07 3.15576e+07 5.1223e+07 8.21794e+07 1.28169e+08 1.927e+08 2.85278e+08 4.18093e+08 
0.107665 0.0244496 0.0441753 0.0799024 0.144711 0.262411 0.4766 0.867325 1.5818 2.89119 5.30032 9.75149 18.0003 33.3723 62.2043 116.618 219.916 418.047 802.288 1552.38 3037.95 6028.09 12131.6 24742.3 51435 109395 235711 519097 1.17438e+06 2.7072e+06 -2.67272e+07 1.0357e+07 1.73728e+07 2.93418e+07 4.91157e+07 8.1031e+07 1.29191e+08 1.96983e+08 2.94281e+08 4.33256e+08 
0.0287432 0.00652857 0.0117986 0.0213467 0.0386729 0.0701537 0.127471 0.232089 0.423519 0.774639 1.42124 2.61714 4.83629 8.97786 16.7588 31.4726 59.4745 113.331 218.1 423.477 832.133 1659.06 3358.09 6898.46 14463.8 31071.3 67833 151780 349901 825539 1.96633e+06 -3.73597e+07 8.34629e+06 1.46759e+07 2.55364e+07 4.36693e+07 7.16584e+07 1.11322e+08 1.68339e+08 2.49328e+08 
0.0139613 0.00317172 0.00573339 0.010376 0.0188034 0.0341225 0.062028 0.11299 0.206302 0.377595 0.693319 1.27783 2.36389 4.39373 8.21343 15.4507 29.2577 55.8844 107.84 210.106 414.536 830.382 1690.37 3497.58 7396.22 16049.1 35507.8 80760.6 189863 459119 1.12854e+06 2.85574e+06 -4.94209e+07 1.37922e+07 2.52094e+07 4.50892e+07 7.67516e+07 1.22148e+08 1.8764e+08 2.80071e+08 
0.00908425 0.00206413 0.00373205 0.00675573 0.0122462 0.0222307 0.0404271 0.0736749 0.134588 0.246491 0.452918 0.835434 1.54702 2.87874 5.38848 10.1522 19.2608 36.8699 71.3256 139.401 276.06 555.391 1136.52 2367.22 5045.59 11050.9 24757.3 57192.4 137030 339552 862514 2.27228e+06 6.2412e+06 -6.22449e+07 3.25584e+07 6.22027e+07 1.12231e+08 1.85977e+08 2.9356e+08 4.44286e+08 
0.00315387 0.000716744 0.00129617 0.00234687 0.00425531 0.00772714 0.0140571 0.0256285 0.0468402 0.0858351 0.157823 0.291331 0.539967 1.00586 1.88507 3.55665 6.75943 12.9652 25.1391 49.2741 97.9116 197.764 406.628 852.08 1829.26 4040.54 9155.41 21451.8 52295.2 132527 347167 950730 2.74305e+06 7.82891e+06 -8.81318e+07 4.65281e+07 9.08545e+07 1.59854e+08 2.63308e+08 4.08072e+08 
0.000935909 0.000212725 0.000384766 0.000696806 0.00126374 0.00229545 0.00417721 0.00761859 0.0139302 0.0255405 0.0469885 0.0867963 0.161004 0.300207 0.56323 1.06403 2.02534 3.89177 7.56149 14.859 29.6159 60.0299 123.955 261.141 564.21 1255.64 2873.92 6818.93 16881.1 43647.3 117578 333755 1.00716e+06 3.07045e+06 9.55147e+06 -1.26609e+08 6.48391e+07 1.25258e+08 2.19889e+08 3.54445e+08 
0.0002305 5.23972e-05 9.47869e-05 0.000171686 0.000311428 0.000565802 0.0010299 0.00187893 0.00343667 0.00630358 0.0116025 0.0214432 0.0398019 0.0742699 0.139459 0.263724 0.502603 0.967129 1.8821 3.70596 7.40404 15.0492 31.1785 65.962 143.229 320.633 739.665 1772.31 4440.65 11663 32117.3 93832.2 293729 949157 3.19547e+06 1.11089e+07 -1.80347e+08 8.32674e+07 1.62589e+08 2.8235e+08 
4.57967e-05 1.04113e-05 1.88357e-05 3.41203e-05 6.18995e-05 0.000112474 0.000204765 0.000373636 0.00068355 0.0012541 0.00230899 0.00426877 0.00792671 0.0147981 0.0278018 0.0526072 0.100335 0.193238 0.376431 0.742139 1.48489 3.02328 6.27646 13.313 28.9967 65.1476 151.02 364.067 919.057 2437.72 6807.86 20264.7 64986.1 218656 781603 2.98341e+06 1.15758e+07 -2.46741e+08 9.78747e+07 1.99332e+08 
7.15307e-06 1.62624e-06 2.94234e-06 5.33034e-06 9.67088e-06 1.75743e-05 3.19985e-05 5.83958e-05 0.000106849 0.00019607 0.000361072 0.000667696 0.00124021 0.00231608 0.004353 0.00824054 0.0157253 0.0303046 0.0590759 0.116571 0.233478 0.475937 0.989468 2.10249 4.58895 10.3353 24.036 58.177 147.585 393.97 1110.29 3345.31 10898.2 37678.3 140546 571748 2.46751e+06 1.06847e+07 -3.26919e+08 1.1979e+08 
8.47648e-07 1.92719e-07 3.48702e-07 6.31743e-07 1.14625e-06 2.08315e-06 3.79324e-06 6.92317e-06 1.2669e-05 2.3251e-05 4.28243e-05 7.92046e-05 0.000147149 0.000274866 0.000516742 0.000978541 0.00186805 0.00360152 0.00702427 0.0138689 0.0277971 0.0567082 0.118005 0.251029 0.548616 1.23744 2.88327 6.99443 17.7911 47.6512 134.904 408.912 1342.46 4706.12 17976.2 76059.8 353641 1.79587e+06 9.88615e+06 -4.16119e+08 
dt_FE: 1.3372e-10
dt_EA: 1.3372e-10
dt_PE: 1.3372e-10
tolC: 1e-06
dt_grow: 1.03
dt_max: 0.1
steps: 0
