t
0.0000085483300311778000002
dt
0.0000000033323757829515453
DN
0.0000000000000006533942383
TC
3039.0000
N
9.32638831e-01
9.26533009e-01
9.18927111e-01
9.10099726e-01
8.99820962e-01
8.87815870e-01
8.73757900e-01
8.57262955e-01
8.37885759e-01
8.15121148e-01
7.88414242e-01
7.57185096e-01
7.20874866e-01
6.79020712e-01
6.31363841e-01
5.77986676e-01
5.19459551e-01
4.56956288e-01
3.92280862e-01
3.27750324e-01
2.65916925e-01
2.09179736e-01
1.59398533e-01
1.17635528e-01
8.40978998e-02
5.82685788e-02
3.91477378e-02
2.55125426e-02
1.61289780e-02
9.88895075e-03
5.87644880e-03
3.38131857e-03
1.88155208e-03
1.01097737e-03
5.23595426e-04
2.60869953e-04
1.24764240e-04
5.71456853e-05
2.50047143e-05
1.04244380e-05
eC
1.00638940e+00
3.07804198e+00
5.27088624e+00
7.59201189e+00
1.00489234e+01
1.26495642e+01
1.54023425e+01
1.83161584e+01
2.14004324e+01
2.46651365e+01
2.81208258e+01
3.17786729e+01
3.56505041e+01
3.97488374e+01
4.40869232e+01
4.86787870e+01
5.35392748e+01
5.86841012e+01
6.41298999e+01
6.98942779e+01
7.59958720e+01
8.24544093e+01
8.92907710e+01
9.65270599e+01
1.04186672e+02
1.12294371e+02
1.20876370e+02
1.29960417e+02
1.39575880e+02
1.49753848e+02
1.60527227e+02
1.71930848e+02
1.84001582e+02
1.96778453e+02
2.10302771e+02
2.24618262e+02
2.39771209e+02
2.55810604e+02
2.72788303e+02
2.90759198e+02
