t
0.0000000000209267850394747
dt
0.0000000000006104888846449
DN
-0.0000000000000006533942383
TC
217.0000
N
1.09790316e-05
3.27247839e-05
5.45089319e-05
7.62127470e-05
9.77011922e-05
1.18821889e-04
1.39404221e-04
1.59258678e-04
1.78176546e-04
1.95930106e-04
2.12273530e-04
2.26944725e-04
2.39668443e-04
2.50161045e-04
2.58137374e-04
2.63320256e-04
2.65453480e-04
2.64345488e-04
2.61683835e-04
3.38460723e-04
2.59686364e-03
3.47172868e-02
2.38204375e-01
6.64287662e-01
6.28858910e-01
1.65336628e-01
9.66726408e-03
1.49969524e-04
3.71668776e-05
2.39534954e-05
1.48983096e-05
8.88318927e-06
5.06419603e-06
2.75576728e-06
1.43039305e-06
7.08161428e-07
3.34482118e-07
1.50728978e-07
6.47705287e-08
2.65069808e-08
eC
1.00638940e+00
3.07804198e+00
5.27088624e+00
7.59201189e+00
1.00489234e+01
1.26495642e+01
1.54023425e+01
1.83161584e+01
2.14004324e+01
2.46651365e+01
2.81208258e+01
3.17786729e+01
3.56505041e+01
3.97488374e+01
4.40869232e+01
4.86787870e+01
5.35392748e+01
5.86841012e+01
6.41298999e+01
6.98942779e+01
7.59958720e+01
8.24544093e+01
8.92907710e+01
9.65270599e+01
1.04186672e+02
1.12294371e+02
1.20876370e+02
1.29960417e+02
1.39575880e+02
1.49753848e+02
1.60527227e+02
1.71930848e+02
1.84001582e+02
1.96778453e+02
2.10302771e+02
2.24618262e+02
2.39771209e+02
2.55810604e+02
2.72788303e+02
2.90759198e+02
