t
0.0000018102660142798347147
dt
0.0000000033323764775345126
DN
0.0000000000000006533942383
TC
1017.0000
N
7.40616407e-01
9.17455431e-01
9.18392074e-01
9.10039932e-01
8.99804091e-01
8.87808092e-01
8.73753722e-01
8.57260654e-01
8.37884597e-01
8.15120758e-01
7.88414426e-01
7.57185740e-01
7.20875895e-01
6.79022072e-01
6.31365479e-01
5.77988535e-01
5.19461559e-01
4.56958361e-01
3.92282909e-01
3.27752253e-01
2.65918657e-01
2.09181218e-01
1.59399741e-01
1.17636468e-01
8.40985988e-02
5.82690777e-02
3.91480801e-02
2.55127690e-02
1.61291226e-02
9.88903996e-03
5.87650204e-03
3.38134929e-03
1.88156921e-03
1.01098658e-03
5.23600200e-04
2.60872332e-04
1.24765378e-04
5.71462067e-05
2.50049424e-05
1.04245332e-05
eC
1.00638940e+00
3.07804198e+00
5.27088624e+00
7.59201189e+00
1.00489234e+01
1.26495642e+01
1.54023425e+01
1.83161584e+01
2.14004324e+01
2.46651365e+01
2.81208258e+01
3.17786729e+01
3.56505041e+01
3.97488374e+01
4.40869232e+01
4.86787870e+01
5.35392748e+01
5.86841012e+01
6.41298999e+01
6.98942779e+01
7.59958720e+01
8.24544093e+01
8.92907710e+01
9.65270599e+01
1.04186672e+02
1.12294371e+02
1.20876370e+02
1.29960417e+02
1.39575880e+02
1.49753848e+02
1.60527227e+02
1.71930848e+02
1.84001582e+02
1.96778453e+02
2.10302771e+02
2.24618262e+02
2.39771209e+02
2.55810604e+02
2.72788303e+02
2.90759198e+02
