t
0.0000001711368968709269517
dt
0.0000000033334154113248173
DN
0.0000000000000004355961589
TC
103.0000
N
1.11826965e-01
2.90709199e-01
4.24578611e-01
5.23459775e-01
5.95165604e-01
6.45687572e-01
6.79537539e-01
7.00041328e-01
7.09584740e-01
7.09816612e-01
7.01816575e-01
6.86237312e-01
6.63432570e-01
6.33582720e-01
5.96828684e-01
5.53420955e-01
5.03881524e-01
4.49161037e-01
3.90753235e-01
3.30711572e-01
2.71518437e-01
2.15807147e-01
1.65909852e-01
1.23201692e-01
8.82849561e-02
6.12526542e-02
4.12052981e-02
2.68770581e-02
1.70014494e-02
1.04279780e-02
6.19851284e-03
3.56740649e-03
1.98544933e-03
1.06695858e-03
5.52656952e-04
2.75377909e-04
1.31714373e-04
6.03334860e-05
2.64012126e-05
1.10072247e-05
eC
1.00638940e+00
3.07804198e+00
5.27088624e+00
7.59201189e+00
1.00489234e+01
1.26495642e+01
1.54023425e+01
1.83161584e+01
2.14004324e+01
2.46651365e+01
2.81208258e+01
3.17786729e+01
3.56505041e+01
3.97488374e+01
4.40869232e+01
4.86787870e+01
5.35392748e+01
5.86841012e+01
6.41298999e+01
6.98942779e+01
7.59958720e+01
8.24544093e+01
8.92907710e+01
9.65270599e+01
1.04186672e+02
1.12294371e+02
1.20876370e+02
1.29960417e+02
1.39575880e+02
1.49753848e+02
1.60527227e+02
1.71930848e+02
1.84001582e+02
1.96778453e+02
2.10302771e+02
2.24618262e+02
2.39771209e+02
2.55810604e+02
2.72788303e+02
2.90759198e+02
