t: 1.99182e-09
dt: 9.342e-10
N: 0.00118498 0.00136886 0.00158063 0.00182457 0.0021054 0.00242794 0.00279824 0.00322316 0.00370979 0.004265 0.0048987 0.00562088 0.0064376 0.00736057 0.00840172 0.00956807 0.0108596 0.0122906 0.0138673 0.0155542 0.0173543 0.0192572 0.0212009 0.0230721 0.0248502 0.0264627 0.0275093 0.027962 0.0277227 0.0264883 0.0386075 0.439643 0.374012 0.0082855 0.00296332 0.00106364 0.00030385 6.65081e-05 1.11343e-05 1.38591e-06 
eC: 1 1.15749 1.33977 1.55077 1.795 2.07768 2.40489 2.78363 3.22201 3.72944 4.31677 4.99661 5.78351 6.69433 7.7486 8.9689 10.3814 12.0163 13.9087 16.0991 18.6345 21.5692 24.9661 28.8979 33.4489 38.7167 44.814 51.8717 60.0407 69.4963 80.4411 93.1095 107.773 124.746 144.391 167.131 193.452 223.918 259.182 300 
dV: 1.08333 0.211322 0.327712 0.508206 0.788112 1.22218 1.89532 2.93921 4.55805 7.06849 10.9616 16.999 26.3615 40.8807 63.3966 98.3136 152.462 236.434 366.655 568.597 881.764 1367.42 2120.55 3288.49 5099.69 7908.45 12264.2 19019 29494.1 45738.6 70930.1 109996 170579 264529 410225 636165 986546 1.52991e+06 2.37254e+06 3.67926e+06 
kVec: 808438 939332 1.0842e+06 1.25171e+06 1.44525e+06 1.66833e+06 1.92537e+06 2.22145e+06 2.56218e+06 2.95284e+06 3.40139e+06 3.91614e+06 4.50311e+06 5.17304e+06 5.93718e+06 6.80647e+06 7.78553e+06 8.89317e+06 1.01457e+07 1.15317e+07 1.30746e+07 1.47906e+07 1.66832e+07 1.87102e+07 2.09236e+07 2.33703e+07 2.5864e+07 2.85445e+07 3.15269e+07 3.48983e+07 3.86753e+07 4.36197e+07 5.18225e+07 6.59847e+07 8.98803e+07 1.27354e+08 1.80667e+08 2.46909e+08 3.27039e+08 4.16222e+08 
cMat: 
-206917 958.995 1126.87 1312.61 1530.17 1786.32 2088.11 2443.94 2865.19 3367.44 3965.57 4679.79 5543.99 6589.95 7858.89 9413.82 11346.8 13744.3 16735.1 20571.4 25481 31797.5 40082.8 51174.1 65969.5 85895.1 113750 152384 206369 283377 394621 554903 787742 1.13269e+06 1.63542e+06 2.36409e+06 3.39836e+06 4.85687e+06 6.94898e+06 9.97789e+06 
4876.51 -244408 1298.55 1512.59 1763.31 2058.51 2406.3 2816.4 3301.89 3880.75 4570.15 5393.37 6389.51 7595.22 9058.04 10850.6 13079.3 15843.6 19292.4 23716.6 29379.3 36665.5 46224 59021.7 76096.2 99094.9 131253 175862 238209 327164 455689 640903 910007 1.30874e+06 1.88991e+06 2.73238e+06 3.92824e+06 5.61459e+06 8.03353e+06 1.15356e+07 
3660.5 829.526 -281695 1741.45 2030.12 2370.02 2770.48 3242.69 3801.72 4468.31 5262.2 6210.25 7357.5 8746.17 10431.1 12496 15063.5 18248.3 22222.1 27320.6 33847 42245.9 53265.8 68023 87715.6 114246 151351 202835 274807 377519 525955 739908 1.05083e+06 1.5116e+06 2.1833e+06 3.15713e+06 4.53953e+06 6.48889e+06 9.28511e+06 1.33335e+07 
2719.77 616.346 1110.82 -325256 2335.61 2726.69 3187.46 3730.8 4374.07 5141.13 6054.72 7145.76 8466.13 10064.5 12003.9 14381 17336.8 21003.8 25579.7 31451.5 38969.1 48645.1 61343 78350.9 101052 131642 174437 233831 316884 435441 606819 853902 1.21306e+06 1.74539e+06 2.52156e+06 3.64702e+06 5.24478e+06 7.49775e+06 1.07295e+07 1.54085e+07 
2018.94 457.53 824.596 1487.26 -376072 3106.66 3664.34 4289.05 5028.69 5910.69 6961.25 8215.91 9734.41 11572.7 13803.5 16537.9 19938.5 24157.8 29423.6 36181.7 44835.5 55975.9 70598.8 90189.7 116345 151599 200932 269423 365224 502021 699823 985081 1.39984e+06 2.0147e+06 2.91139e+06 4.21183e+06 6.05814e+06 8.6615e+06 1.23959e+07 1.78027e+07 
1497.86 339.448 611.785 1103.45 1974.34 -435184 4206.73 4924.02 5773.31 6786.13 7992.56 9433.48 11177.6 13289.1 15851.8 18993.3 22900.8 27749.7 33802.1 41571.4 51522 64334.7 81156.8 103701 133807 174400 231225 310145 420574 578318 806487 1.13565e+06 1.61439e+06 2.32428e+06 3.35982e+06 4.86194e+06 6.99477e+06 1.0002e+07 1.43159e+07 2.05616e+07 
1110.19 251.596 453.456 817.888 1476.58 2667.34 -503930 5645.62 6619.57 7781.13 9164.83 10817.6 12818.3 15240.8 18181.1 21786.1 26270.8 31836.8 38785.5 47707.6 59137.3 73858.2 93191.3 119109 153733 200434 265838 356710 483916 665705 928760 1.3084e+06 1.86076e+06 2.68004e+06 3.87549e+06 5.60999e+06 8.07305e+06 1.15458e+07 1.65274e+07 2.37399e+07 
821.712 186.222 335.636 605.389 1092.96 1974.41 3570.22 -583859 7501.1 8910.8 10495.9 12389.3 14681.6 17457.6 20827.3 24959.3 30100.6 36482.7 44451.9 54686.9 67802 84698.4 106896 136666 176451 230135 305356 409915 556353 765729 1.06884e+06 1.50648e+06 2.14351e+06 3.08867e+06 4.46824e+06 6.47043e+06 9.31397e+06 1.33229e+07 1.90739e+07 2.74004e+07 
607.341 137.641 248.082 447.475 807.886 1459.46 2639.14 4729.07 -676950 10187.5 12000.3 14166 16788.3 19964.2 23820 28549 34434.1 41741.2 50867.5 62592.2 77620.9 96988.9 122444 156596 202259 263905 350328 470526 638959 879923 1.22895e+06 1.73314e+06 2.4674e+06 3.55721e+06 5.14853e+06 7.45876e+06 1.07403e+07 1.53664e+07 2.20028e+07 3.16114e+07 
448.425 101.628 183.176 330.409 596.547 1077.7 1948.89 3529.22 6399.98 -784946 13686.1 16157.2 19149.7 22774.6 27176.3 32575.8 39297.3 47644.8 58073.4 71476.2 88662.4 110819 139953 179063 231382 302054 401200 539183 732669 1.00966e+06 1.41114e+06 1.99146e+06 2.83709e+06 4.09275e+06 5.92707e+06 8.59111e+06 1.23758e+07 1.7711e+07 2.53647e+07 3.64464e+07 
330.388 74.8783 134.965 243.454 439.563 794.131 1436.14 2600.81 4716.63 8562.63 -910714 18390.7 21799 25928.4 30943.6 37097.2 44759.5 54278.3 66173.8 81468.4 101089 126395 159687 204408 264268 345180 458779 616995 839025 1.15713e+06 1.61854e+06 2.28596e+06 3.25918e+06 4.70502e+06 6.81824e+06 9.88872e+06 1.42517e+07 2.04015e+07 2.92241e+07 4.19983e+07 
242.779 55.024 99.181 178.911 323.04 583.639 1055.53 1911.63 3467 6294.48 11451.5 -1.05739e+06 24575.4 29455.2 35157.7 42156.4 50873.9 61707 75249.8 92670.5 115029 143882 181862 232915 301299 393802 523787 704978 959472 1.32442e+06 1.85421e+06 2.62116e+06 3.74038e+06 5.40406e+06 7.83712e+06 1.13741e+07 1.6401e+07 2.3486e+07 3.36506e+07 4.8368e+07 
178.111 40.3685 72.7666 131.267 237.024 428.254 774.553 1402.86 2544.45 4619.96 8405.92 15218.9 -1.22786e+06 33328.7 39788 47718.1 57599.7 69884.2 85248 105022 130416 163207 206401 264512 342415 447889 596260 803295 1.0944e+06 1.5123e+06 2.11959e+06 2.99959e+06 4.285e+06 6.19706e+06 8.99537e+06 1.30658e+07 1.88525e+07 2.70074e+07 3.87071e+07 5.56478e+07 
130.279 29.5284 53.2286 96.0256 173.398 313.312 566.701 1026.47 1861.94 3381.06 6152.47 11224.6 20508.9 -1.42677e+06 44866.7 53821.6 64985.3 78870 96243.5 118620 147373 184529 233515 299480 388000 507974 676951 913025 1.24537e+06 1.7231e+06 2.41814e+06 3.42647e+06 4.90097e+06 7.09607e+06 1.03113e+07 1.49914e+07 2.16472e+07 3.10256e+07 4.44811e+07 6.39642e+07 
94.905 21.5114 38.7786 69.9607 126.338 228.294 412.955 748.052 1357.03 2464.5 4485.19 8183.96 14955.9 27406.9 -1.65914e+06 59817 73061.4 88703.4 108287 133528 165988 207966 263362 338043 438369 574506 766520 1.03515e+06 1.41386e+06 1.95903e+06 2.75329e+06 3.90707e+06 5.59641e+06 8.11367e+06 1.18043e+07 1.71808e+07 2.48298e+07 3.56059e+07 5.10675e+07 7.34557e+07 
68.856 15.6077 28.1373 50.7654 91.6798 165.678 299.716 542.976 985.115 1789.29 3256.86 5943.67 10864.1 19913.2 36230.4 -1.93217e+06 81746.8 99289.4 121266 149617 186109 233344 295748 379982 493290 647257 864777 1.16958e+06 1.60001e+06 2.22069e+06 3.12642e+06 4.44417e+06 6.37646e+06 9.2589e+06 1.34897e+07 1.96589e+07 2.84395e+07 4.08078e+07 5.85545e+07 8.42517e+07 
49.7781 11.2838 20.3434 36.706 66.294 119.813 216.766 392.746 712.647 1294.6 2356.85 4302.05 7865.35 14420.7 26541.5 49029.7 -2.25036e+06 110365 134869 166513 207285 260122 330018 424513 551822 725104 970407 1.31482e+06 1.80216e+06 2.50641e+06 3.5361e+06 5.03707e+06 7.24205e+06 1.05357e+07 1.53766e+07 2.24436e+07 3.25078e+07 4.66809e+07 6.70181e+07 9.64663e+07 
35.7559 8.10565 14.6145 26.3711 47.6321 86.0938 155.779 282.283 512.285 930.79 1694.86 3094.39 5658.98 10378.8 19109 35314.5 65447.5 -2.62505e+06 149135 184267 229588 288396 366307 471825 614239 808456 1.08403e+06 1.47182e+06 2.02183e+06 2.81856e+06 3.98615e+06 5.69189e+06 8.203e+06 1.19597e+07 1.749e+07 2.55742e+07 3.70943e+07 5.33138e+07 7.65885e+07 1.1029e+08 
25.481 5.77675 10.4162 18.797 33.9548 61.3791 111.074 201.303 365.385 664.014 1209.37 2208.57 4040.23 7412.57 13653.3 25243.8 46809.9 87285.5 -3.06896e+06 201495 252769 317869 404264 521507 680066 896773 1.20507e+06 1.64002e+06 2.25858e+06 3.15711e+06 4.47737e+06 6.41101e+06 9.26458e+06 1.35413e+07 1.98483e+07 2.90822e+07 4.22504e+07 6.07851e+07 8.73833e+07 1.25897e+08 
18.0571 4.09397 7.38259 13.3239 24.0708 43.5178 78.7638 142.771 259.194 471.147 858.332 1567.98 2869.46 5266.82 9705.73 17955.2 33317.1 62173.6 116161 -3.58898e+06 275070 346383 441222 570240 745160 984873 1.32701e+06 1.81127e+06 2.50225e+06 3.5095e+06 4.99445e+06 7.17622e+06 1.04059e+07 1.52572e+07 2.24279e+07 3.29462e+07 4.79604e+07 6.90863e+07 9.94043e+07 1.43302e+08 
12.6707 2.87297 5.18128 9.35206 16.8975 30.5537 55.3094 100.276 182.088 331.079 603.346 1102.57 2018.59 3706.89 6834.87 12652.4 23495.6 43884.1 82550 155826 -4.20665e+06 373657 476827 617579 808960 1.07206e+06 1.44901e+06 1.98457e+06 2.75175e+06 3.87474e+06 5.53691e+06 7.98835e+06 1.16306e+07 1.71163e+07 2.52465e+07 3.71995e+07 5.42811e+07 7.83065e+07 1.12787e+08 1.62707e+08 
8.77795 1.99051 3.5902 6.481 11.7116 21.1803 38.3488 69.5419 126.311 229.734 418.804 765.633 1402.39 2576.75 4754.05 8806.85 16368.6 30602.9 57631.2 108936 207439 -4.94358e+06 504315 662297 869909 1.15634e+06 1.56853e+06 2.15671e+06 3.00312e+06 4.24808e+06 6.09934e+06 8.84183e+06 1.2934e+07 1.91171e+07 2.83094e+07 4.18598e+07 6.12505e+07 8.85117e+07 1.27637e+08 1.84276e+08 
6.00131 1.36101 2.45511 4.43257 8.01125 14.491 26.2432 47.6015 86.4856 157.355 286.972 524.862 961.906 1768.52 3265.22 6053.86 11263.2 21081.8 39752.3 75259.2 143570 273520 -5.83484e+06 700224 922670 1.23086e+06 1.67668e+06 2.31618e+06 3.24145e+06 4.61034e+06 6.65744e+06 9.70646e+06 1.42799e+07 2.12171e+07 3.15696e+07 4.68792e+07 6.8824e+07 9.96606e+07 1.43919e+08 2.07976e+08 
4.04533 0.917536 1.65537 2.98917 5.40352 9.77627 17.7094 32.1318 58.3991 106.297 193.947 354.909 650.851 1197.51 2212.83 4106.68 7649.45 14337 27075.3 51354.3 98177.8 189652 369703 -6.89732e+06 959120 1.285e+06 1.75944e+06 2.44437e+06 3.44211e+06 4.92907e+06 7.16882e+06 1.05278e+07 1.56001e+07 2.33327e+07 3.49276e+07 5.21445e+07 7.68766e+07 1.1161e+08 1.6146e+08 2.33588e+08 
2.66906 0.60546 1.09251 1.97316 3.56761 6.45627 11.6987 21.2329 38.605 70.2999 128.334 234.979 431.222 794.062 1468.68 2728.61 5089.2 9552.71 18070.8 34346.3 65820.3 127494 249330 490890 -8.19374e+06 1.3189e+06 1.81651e+06 2.54028e+06 3.60293e+06 5.2004e+06 7.62742e+06 1.12974e+07 1.68842e+07 2.54537e+07 3.83774e+07 5.76615e+07 8.54362e+07 1.24419e+08 1.80367e+08 2.61281e+08 
1.71589 0.389296 0.702583 1.26917 2.29527 4.15485 7.53091 13.6734 24.8708 45.3124 82.7654 151.64 278.499 513.299 950.361 1767.76 3301.85 6208 11765.6 22413.9 43068.2 83677.2 164226 324729 651207 -9.80885e+06 1.83551e+06 2.59605e+06 3.71249e+06 5.40781e+06 8.00982e+06 1.19829e+07 1.80896e+07 2.7526e+07 4.18549e+07 6.33602e+07 9.44335e+07 1.3802e+08 2.00573e+08 2.90984e+08 
1.07668 0.244314 0.441014 0.796846 1.44145 2.61009 4.73265 8.59627 15.6433 28.517 52.1216 95.5658 175.671 324.114 600.798 1119.08 2093.73 3944.09 7491.25 14309.4 27581.7 53780.6 105998 210670 424967 869696 -1.17647e+07 2.55991e+06 3.69883e+06 5.45112e+06 8.17742e+06 1.23952e+07 1.89633e+07 2.92186e+07 4.49361e+07 6.87126e+07 1.0322e+08 1.51597e+08 2.21016e+08 3.21248e+08 
0.651544 0.147871 0.266982 0.482515 0.873082 1.58146 2.86862 5.21278 9.49092 17.3121 31.6641 58.1026 106.908 197.467 366.504 683.689 1281.46 2418.98 4605.37 8822.74 17064.2 33403.9 66143.9 132211 268454 555643 1.15637e+06 -1.42153e+07 3.57468e+06 5.34084e+06 8.13497e+06 1.25285e+07 1.94832e+07 3.04906e+07 4.75613e+07 7.36463e+07 1.11723e+08 1.65085e+08 2.41649e+08 3.5203e+08 
0.377152 0.0856127 0.154609 0.279497 0.50588 0.916648 1.6634 3.02409 5.50892 10.0552 18.4047 33.8003 62.2559 115.128 213.969 399.778 750.761 1420.33 2710.93 5209.77 10113.4 19881.3 39566.2 79578.1 162747 339638 714173 1.52794e+06 -1.73278e+07 5.01946e+06 7.86655e+06 1.23452e+07 1.95781e+07 3.12256e+07 4.95586e+07 7.79298e+07 1.19651e+08 1.7813e+08 2.62026e+08 3.82735e+08 
0.207686 0.0471537 0.085176 0.15402 0.278857 0.505473 0.917655 1.66913 3.04235 5.55687 10.1791 18.7105 34.4997 63.8794 118.893 222.513 418.726 794.043 1519.65 2930.25 5710.88 11278.1 22567.8 45698.9 94203.1 198401 422082 915480 2.01293e+06 -2.13737e+07 7.27222e+06 1.16805e+07 1.89856e+07 3.10293e+07 5.03655e+07 8.08037e+07 1.26023e+08 1.89474e+08 2.80502e+08 4.11094e+08 
0.106128 0.0241005 0.0435444 0.0787613 0.142644 0.258663 0.469794 0.854938 1.55921 2.8499 5.22462 9.61223 17.7433 32.8957 61.3159 114.953 216.775 412.076 790.83 1530.21 2994.57 5942 11958.3 24389 50700.5 107833 232345 511683 1.15761e+06 2.66854e+06 -2.66664e+07 1.02091e+07 1.71247e+07 2.89227e+07 4.84142e+07 7.98738e+07 1.27346e+08 1.9417e+08 2.90078e+08 4.27069e+08 
0.0296329 0.00673065 0.0121638 0.0220074 0.0398699 0.0723251 0.131417 0.239273 0.436628 0.798616 1.46523 2.69815 4.98599 9.25575 17.2775 32.4467 61.3154 116.839 224.85 436.584 857.889 1710.41 3462.03 7111.99 14911.4 32033 69932.5 156478 360731 851091 2.02719e+06 -3.71587e+07 8.60463e+06 1.51301e+07 2.63268e+07 4.5021e+07 7.38764e+07 1.14768e+08 1.73549e+08 2.57045e+08 
0.0144792 0.00328937 0.00594605 0.0107608 0.0195009 0.0353882 0.0643288 0.117181 0.213955 0.391601 0.719036 1.32523 2.45157 4.5567 8.51809 16.0238 30.3429 57.9573 111.84 217.899 429.912 861.183 1753.07 3627.32 7670.56 16644.4 36824.9 83756.2 196906 476149 1.1704e+06 2.96167e+06 -4.9186e+07 1.43038e+07 2.61445e+07 4.67617e+07 7.95985e+07 1.26679e+08 1.946e+08 2.9046e+08 
0.00904655 0.00205556 0.00371656 0.00672769 0.0121954 0.0221384 0.0402593 0.0733691 0.13403 0.245468 0.451038 0.831966 1.5406 2.86679 5.36611 10.1101 19.1808 36.7169 71.0296 138.823 274.914 553.086 1131.8 2357.39 5024.64 11005.1 24654.5 56955 136461 338142 858934 2.26285e+06 6.21529e+06 -6.23746e+07 3.24232e+07 6.19445e+07 1.11765e+08 1.85205e+08 2.92342e+08 4.42442e+08 
0.00314806 0.000715424 0.00129379 0.00234254 0.00424747 0.00771291 0.0140312 0.0255813 0.0467539 0.085677 0.157532 0.290795 0.538972 1.004 1.8816 3.5501 6.74698 12.9413 25.0928 49.1833 97.7312 197.399 405.879 850.511 1825.89 4033.1 9138.55 21412.3 52198.8 132283 346528 948979 2.738e+06 7.81449e+06 -8.82591e+07 4.64424e+07 9.06872e+07 1.59559e+08 2.62822e+08 4.0732e+08 
0.000935293 0.000212585 0.000384513 0.000696348 0.00126291 0.00229393 0.00417446 0.00761358 0.013921 0.0255237 0.0469576 0.0867391 0.160898 0.300009 0.562859 1.06333 2.02401 3.8892 7.55651 14.8493 29.5964 59.9904 123.873 260.969 563.838 1254.81 2872.02 6814.44 16870 43618.6 117500 333536 1.0065e+06 3.06843e+06 9.54518e+06 -1.26739e+08 6.47964e+07 1.25175e+08 2.19744e+08 3.54211e+08 
0.000230457 5.23874e-05 9.47692e-05 0.000171653 0.00031137 0.000565696 0.00102971 0.00187857 0.00343603 0.0063024 0.0116003 0.0214392 0.0397945 0.074256 0.139433 0.263674 0.502509 0.966948 1.88175 3.70527 7.40266 15.0464 31.1727 65.9496 143.202 320.572 739.527 1771.98 4439.81 11660.8 32111.3 93814.6 293674 948979 3.19487e+06 1.11068e+07 -1.80477e+08 8.32519e+07 1.62559e+08 2.82298e+08 
4.57949e-05 1.04108e-05 1.8835e-05 3.41189e-05 6.1897e-05 0.00011247 0.000204756 0.000373621 0.000683522 0.00125404 0.00230889 0.0042686 0.00792638 0.0147975 0.0278006 0.0526051 0.100331 0.19323 0.376416 0.742109 1.48482 3.02316 6.2762 13.3125 28.9956 65.145 151.014 364.052 919.02 2437.62 6807.58 20263.9 64983.4 218647 781571 2.98328e+06 1.15753e+07 -2.46863e+08 9.78707e+07 1.99323e+08 
7.15302e-06 1.62623e-06 2.94232e-06 5.33031e-06 9.67082e-06 1.75741e-05 3.19982e-05 5.83954e-05 0.000106848 0.000196068 0.000361069 0.000667692 0.0012402 0.00231607 0.00435297 0.00824048 0.0157252 0.0303044 0.0590755 0.11657 0.233477 0.475933 0.989461 2.10247 4.58891 10.3352 24.0359 58.1766 147.584 393.967 1110.28 3345.29 10898.1 37678.1 140545 571744 2.4675e+06 1.06847e+07 -3.2703e+08 1.19789e+08 
8.47647e-07 1.92719e-07 3.48701e-07 6.31742e-07 1.14624e-06 2.08315e-06 3.79324e-06 6.92316e-06 1.2669e-05 2.32509e-05 4.28243e-05 7.92046e-05 0.000147149 0.000274866 0.000516742 0.00097854 0.00186804 0.00360152 0.00702426 0.0138689 0.0277971 0.0567082 0.118005 0.251029 0.548616 1.23744 2.88326 6.99442 17.7911 47.6512 134.904 408.911 1342.46 4706.12 17976.2 76059.7 353640 1.79587e+06 9.88614e+06 -4.1622e+08 
dt_FE: 9.342e-10
dt_EA: 9.342e-10
dt_PE: 9.342e-10
tolC: 1e-06
dt_grow: 1.03
dt_max: 0.1
steps: 0
