t: 2.44526e-06
dt: 8.57182e-07
N: 0.855248 0.880329 0.899787 0.913963 0.923546 0.929404 0.932474 0.933592 0.933406 0.932362 0.930717 0.928575 0.92594 0.922747 0.918884 0.914187 0.908441 0.901359 0.892555 0.881509 0.867508 0.849578 0.826383 0.796113 0.756383 0.704253 0.636575 0.551086 0.448585 0.335672 0.225501 0.133315 0.068465 0.0303136 0.0114883 0.00368351 0.000981054 0.000211646 3.58359e-05 4.58653e-06 
eC: 1 1.15749 1.33977 1.55077 1.795 2.07768 2.40489 2.78363 3.22201 3.72944 4.31677 4.99661 5.78351 6.69433 7.7486 8.9689 10.3814 12.0163 13.9087 16.0991 18.6345 21.5692 24.9661 28.8979 33.4489 38.7167 44.814 51.8717 60.0407 69.4963 80.4411 93.1095 107.773 124.746 144.391 167.131 193.452 223.918 259.182 300 
dV: 1.08333 0.211322 0.327712 0.508206 0.788112 1.22218 1.89532 2.93921 4.55805 7.06849 10.9616 16.999 26.3615 40.8807 63.3966 98.3136 152.462 236.434 366.655 568.597 881.764 1367.42 2120.55 3288.49 5099.69 7908.45 12264.2 19019 29494.1 45738.6 70930.1 109996 170579 264529 410225 636165 986546 1.52991e+06 2.37254e+06 3.67926e+06 
kVec: 1.0301e+06 1.19339e+06 1.37489e+06 1.58371e+06 1.82368e+06 2.09842e+06 2.41263e+06 2.77156e+06 3.18053e+06 3.64377e+06 4.16864e+06 4.76185e+06 5.42519e+06 6.1659e+06 6.99005e+06 7.89978e+06 8.88628e+06 9.95717e+06 1.11117e+07 1.23082e+07 1.35478e+07 1.48183e+07 1.60891e+07 1.72809e+07 1.84372e+07 1.96007e+07 2.06412e+07 2.18077e+07 2.33972e+07 2.58634e+07 2.96964e+07 3.61556e+07 4.71157e+07 6.38682e+07 8.9496e+07 1.28173e+08 1.82276e+08 2.48899e+08 3.2919e+08 4.18366e+08 
cMat: 
-61084.7 138.981 163.311 190.229 221.758 258.881 302.617 354.186 415.235 488.022 574.706 678.214 803.457 955.041 1138.94 1364.29 1644.42 1991.87 2425.31 2981.28 3692.81 4608.23 5808.96 7416.35 9560.57 12448.3 16485.1 22084.1 29907.8 41068.1 57190 80418.7 114163 164155 237011 342613 492503 703877 1.00707e+06 1.44604e+06 
584.378 -71651.8 155.612 181.262 211.307 246.683 288.36 337.504 395.683 465.051 547.666 646.317 765.69 910.176 1085.47 1300.29 1567.36 1898.63 2311.91 2842.09 3520.68 4393.83 5539.28 7072.9 9119.02 11875.1 15728.7 21074.5 28545.9 39205.8 54607.7 76802.9 109051 156833 226478 327436 470742 672827 962702 1.38238e+06 
367.409 83.2606 -83084.1 174.792 203.766 237.882 278.076 325.473 381.584 448.49 528.174 623.331 738.481 877.865 1046.98 1254.24 1511.94 1831.61 2230.46 2742.2 3397.27 4240.27 5346.36 6827.56 8804.12 11467 15191.3 20358.8 27582.8 37892.1 52790.8 74265.5 105473 151721 219140 316885 455638 651298 931958 1.3383e+06 
234.427 53.1252 95.7455 -96505.6 201.315 235.024 274.739 321.572 377.018 443.134 521.88 615.921 729.728 867.495 1034.66 1239.55 1494.32 1810.4 2204.81 2710.93 3358.9 4192.91 5287.39 6753.37 8710.04 11346.8 15035.4 20154.8 27313.5 37532.3 52304.1 73601.2 104558 150442 217343 314351 452068 646260 924818 1.32812e+06 
154.681 35.0537 63.1764 113.947 -112283 238.017 280.743 328.606 385.273 452.848 533.336 629.462 745.801 886.644 1057.56 1267.05 1527.59 1850.85 2254.29 2772.06 3435.07 4288.59 5408.92 6909.88 8913.73 11614.7 15394.4 20641.8 27981.6 38462.3 53616.9 75471.9 107248 154356 223056 322689 464144 663600 949713 1.36395e+06 
106.001 24.022 43.2948 78.0887 139.72 -130820 297.701 348.463 408.565 480.24 565.617 667.588 791.012 940.445 1121.8 1344.12 1620.64 1963.79 2392.1 2941.92 3646.11 4552.83 5743.29 7338.69 9469.24 12341.9 16363.3 21948.3 29763.1 40926.4 57073.4 80367.5 114247 164485 237767 344069 495005 707822 1.0131e+06 1.4551e+06 
75.1771 17.0369 30.7059 55.3836 99.9872 180.62 -152652 382.295 448.246 526.902 620.6 732.517 867.994 1032.04 1231.14 1475.26 1778.93 2155.84 2626.38 3230.54 4004.51 5001.33 6310.48 8065.52 10410.1 13572.5 18001.3 24154.7 32768.5 45078.4 62891.3 88598.6 126002 181480 262430 379883 546670 781825 1.11916e+06 1.60756e+06 
54.7451 12.4067 22.3611 40.3329 72.8168 131.541 237.859 -178440 499.748 593.666 699.269 825.417 978.137 1163.08 1387.58 1662.87 2005.4 2430.6 2961.53 3643.42 4517.19 5642.88 7121.77 9105.13 11755.7 15332.3 20343.8 27309.9 37066 51015.3 71209.7 100367 142808 205777 297688 431081 620527 887616 1.27076e+06 1.8255e+06 
40.5958 9.2002 16.5822 29.9101 54.0006 97.5529 176.405 316.1 -208973 680.952 802.124 946.884 1122.16 1334.44 1592.17 1908.26 2301.64 2790.06 3400.07 4183.78 5188.32 6482.92 8184.35 10467.2 13519.4 17639.9 23416.6 31450.8 42709.2 58815.6 82145.2 115846 164926 237771 344137 498557 717898 1.02712e+06 1.47071e+06 2.11297e+06 
30.4604 6.90333 12.4427 22.4439 40.5219 73.2057 132.383 239.731 434.734 -245134 929.66 1097.52 1300.79 1547.02 1846.02 2212.79 2669.36 3236.39 3944.78 4855.2 6022.61 7527.68 9506.66 12163.3 15717.2 20517.8 27252.5 36625.3 49768.3 68583.9 95855.1 135275 192716 278010 402610 583572 840659 1.20306e+06 1.72296e+06 2.47571e+06 
23.003 5.21334 9.39681 16.9503 30.6042 55.2907 99.9901 181.079 328.392 596.166 -288237 1280.44 1517.74 1805.24 2154.42 2582.86 3116.34 3779.08 4607.3 5672.17 7038.21 8800.15 11118.1 14231.7 18399.4 24032.9 31942.1 42957.8 58416.4 80564.6 112690 159158 226918 327583 474715 688494 992263 1.42044e+06 2.0347e+06 2.9241e+06 
17.4385 3.95231 7.12405 12.851 23.2036 41.9221 75.8172 137.31 249.03 452.125 822.55 -339869 1765.22 2115.73 2525.33 3028.04 3654.21 4432.34 5405.1 6656.41 8262.38 10334.8 13062.9 16730 21641.9 28286.3 37623 50637.7 68917.7 95131.6 133186 188275 268667 388167 562931 816985 1.17806e+06 1.68697e+06 2.41708e+06 3.47422e+06 
13.2764 3.00907 5.42402 9.78466 17.6678 31.9221 57.7352 104.569 189.663 344.372 626.578 1134.42 -401681 2484.32 2965.8 3556.91 4293.48 5209.17 6354.39 7828.38 9721.24 12165.4 15385.2 19716.7 25523.6 33385.6 44445.2 59877.6 81576.4 112727 157994 223589 319404 461929 670516 973922 1.40526e+06 2.01313e+06 2.88523e+06 4.14799e+06 
10.139 2.29806 4.14254 7.47323 13.4948 24.3836 44.1037 79.8856 144.906 263.132 478.818 873.556 1596.11 -476276 3491.77 4188.69 5057.5 6138.08 7490.18 9231.61 11469.4 14361 18173.4 23307.1 30196.2 39533.2 52684 71056.5 96921.5 134101 188193 266666 381420 552254 802481 1.16671e+06 1.6847e+06 2.41457e+06 3.46176e+06 4.97804e+06 
7.76359 1.75972 3.17224 5.72305 10.3349 18.6753 33.7813 61.1935 111.011 201.605 366.905 669.479 1223.45 2241.99 -566976 4893.26 5976.7 7256.28 8858.26 10923.1 13578.4 17012.4 21544 27653.2 35860.2 46996.8 62704.3 84679.1 115659 160256 225229 319613 457807 663729 965638 1.40546e+06 2.03117e+06 2.9127e+06 4.17752e+06 6.00895e+06 
5.96585 1.35229 2.43788 4.39843 7.94335 14.3548 25.9681 47.0447 85.3527 155.029 282.182 514.974 941.288 1725.32 3139.09 -677886 7082.74 8602.67 10506.8 12963.2 16124.9 20217.5 25624.3 32922.6 42739.8 56079.9 74926.4 101335 138629 192406 270880 385053 552472 802213 1.16878e+06 1.70329e+06 2.46407e+06 3.53569e+06 5.0733e+06 7.29977e+06 
4.60768 1.04448 1.88307 3.39766 6.13645 11.0904 20.0648 36.3542 65.9656 119.834 218.16 398.216 728.05 1334.85 2456.79 4538.4 -813604 10215.9 12484.1 15413.1 19187.2 24078 30547.9 39294.8 51079 67118.8 89825 121705 166816 232004 327317 466252 670355 975227 1.42332e+06 2.07748e+06 3.00906e+06 4.32098e+06 6.20348e+06 8.92933e+06 
3.57088 0.809498 1.45952 2.63363 4.75694 8.59805 15.5574 28.1911 51.1611 92.9565 169.263 309.032 565.153 1036.51 1908.39 3526.8 6536.14 -982174 14893.8 18402.4 22928.6 28801.6 36582.5 47120.4 61343.1 80739.2 108260 146988 201916 281485 398091 568440 819221 1.1944e+06 1.7467e+06 2.55406e+06 3.70455e+06 5.32437e+06 7.64877e+06 1.10145e+07 
2.7763 0.629408 1.1349 2.04804 3.69956 6.68759 12.1022 21.9331 39.8107 72.3479 131.767 240.635 440.206 807.64 1487.6 2750.45 5100.19 9510.23 -1.19388e+06 21953.9 27540.6 34633.6 44046.8 56821 74096.9 97708.4 131299 178689 246085 343985 487834 698514 1.00943e+06 1.47539e+06 2.16258e+06 3.16867e+06 4.60341e+06 6.62287e+06 9.52089e+06 1.37171e+07 
2.17342 0.492765 0.888594 1.60371 2.89724 5.23796 9.48028 17.1844 31.1975 56.7089 103.312 188.728 345.378 633.933 1168.22 2161.15 4010.17 7483.43 13981.5 -1.45841e+06 33108.3 41691.8 53107 68636.1 89690 118543 159724 218011 301180 422416 601149 863755 1.25249e+06 1.83641e+06 2.6995e+06 3.96552e+06 5.77268e+06 8.31547e+06 1.19646e+07 1.72483e+07 
1.70841 0.387369 0.698604 1.26096 2.27832 4.11962 7.45748 13.5204 24.5514 44.6402 81.3504 148.662 272.171 499.808 921.561 1705.95 3167.96 5916.99 11130.4 21010.4 -1.79497e+06 50380.9 64291.6 83269.5 109074 144548 195373 267583 371024 522440 746553 1.07709e+06 1.56818e+06 2.30783e+06 3.40404e+06 5.01569e+06 7.31884e+06 1.05582e+07 1.52073e+07 2.19381e+07 
1.34633 0.305297 0.55065 0.99403 1.79628 3.24855 5.88179 10.6661 19.3731 35.2357 64.2345 117.43 215.094 395.211 729.157 1350.76 2510.56 4693.75 8839.25 16708.2 31816.1 -2.22901e+06 77349.8 101580 133423 177355 240575 330788 460607 651553 935493 1.35612e+06 1.98377e+06 2.9321e+06 4.34199e+06 6.42029e+06 9.39435e+06 1.35756e+07 1.95765e+07 2.82635e+07 
1.0645 0.241414 0.435482 0.78624 1.42102 2.57039 4.65496 8.44346 15.3406 27.9113 50.9025 93.0989 170.621 313.696 579.178 1073.82 1997.84 3739.44 7051.18 13349.3 25466.2 48516.4 -2.79335e+06 124204 163661 218327 297407 410839 574961 817773 1.18088e+06 1.72171e+06 2.53295e+06 3.76344e+06 5.59974e+06 8.31534e+06 1.22079e+07 1.76776e+07 2.5528e+07 3.68903e+07 
0.844271 0.191492 0.345479 0.623849 1.12773 2.04033 3.69599 6.706 12.188 22.1844 40.4772 74.0704 135.834 249.923 461.823 857.075 1596.46 2992.17 5650.69 10717.8 20490 39580.8 77158.1 -3.52336e+06 200171 268182 367200 510147 718377 1.02871e+06 1.49615e+06 2.19718e+06 3.25579e+06 4.8696e+06 7.28948e+06 1.08827e+07 1.60443e+07 2.32932e+07 3.36972e+07 4.87504e+07 
0.666798 0.151259 0.272937 0.492945 0.891277 1.61294 2.92262 5.30451 9.64449 17.5627 32.061 58.7035 107.73 198.376 366.913 681.675 1271.41 2386.5 4514.52 8580.56 16443.5 31851.1 62288.8 122637 -4.49162e+06 329495 453809 634624 900100 1.29919e+06 1.90552e+06 2.82237e+06 4.2181e+06 6.35896e+06 9.58763e+06 1.44053e+07 2.13441e+07 3.10829e+07 4.50601e+07 6.52744e+07 
0.521264 0.118263 0.213435 0.385557 0.69727 1.26219 2.28778 4.15378 7.55539 13.7653 25.143 46.0662 84.6043 155.933 288.706 537.019 1003.06 1885.9 3574.23 6809.03 13083.5 25420 49889.7 98648 197828 -5.79686e+06 557602 788645 1.1278e+06 1.64282e+06 2.43327e+06 3.64025e+06 5.49537e+06 8.36203e+06 1.27149e+07 1.92479e+07 2.86876e+07 4.19286e+07 6.09313e+07 8.83969e+07 
0.40236 0.0913013 0.164809 0.297786 0.538677 0.975406 1.76862 3.21247 5.84599 10.657 19.4781 35.7135 65.6493 121.123 224.522 418.206 782.44 1473.93 2799.52 5347.52 10307.4 20098.1 39612 78728.7 158813 325010 -7.50154e+06 956653 1.38227e+06 2.03712e+06 3.05595e+06 4.63217e+06 7.08667e+06 1.09192e+07 1.67929e+07 2.56783e+07 3.8574e+07 5.66526e+07 8.25951e+07 1.20052e+08 
0.300901 0.0682911 0.1233 0.222839 0.403213 0.73036 1.32481 2.40741 4.38317 7.99521 14.6234 26.8334 49.3733 91.1957 169.262 315.746 591.813 1117.15 2126.89 4074.58 7880.74 15426.8 30547.1 61058.8 123979 256612 534043 -9.78978e+06 1.65089e+06 2.46655e+06 3.75695e+06 5.78601e+06 8.99788e+06 1.40814e+07 2.19651e+07 3.40119e+07 5.15965e+07 7.62409e+07 1.116e+08 1.62577e+08 
0.213897 0.0485542 0.0876848 0.158513 0.286904 0.519866 0.943377 1.71508 3.12432 5.70268 10.438 19.1694 35.3077 65.2932 121.35 226.729 425.785 805.525 1537.47 2954.66 5735.71 11275.5 22439.5 45131.7 92299.9 192622 405035 866552 -1.29016e+07 2.84673e+06 4.46142e+06 7.00145e+06 1.11035e+07 1.77092e+07 2.81065e+07 4.41969e+07 6.78585e+07 1.01024e+08 1.48605e+08 2.17064e+08 
0.141726 0.0321778 0.0581244 0.105104 0.190293 0.344936 0.626211 1.13902 2.07611 3.79203 6.94625 12.7681 23.5427 43.5915 81.1332 151.844 285.74 541.858 1037.01 1999.61 3897.13 7696.21 15400.4 31185 64284.5 135389 288030 624727 1.37363e+06 -1.71818e+07 4.96259e+06 7.97083e+06 1.29559e+07 2.11745e+07 3.43696e+07 5.51407e+07 8.59989e+07 1.29298e+08 1.91415e+08 2.80532e+08 
0.0854967 0.0194154 0.0350795 0.0634502 0.114914 0.208379 0.378466 0.688739 1.2561 2.29588 4.20896 7.74362 14.294 26.5008 49.3962 92.6063 174.634 331.969 637.094 1232.74 2412.43 4786.88 9633.63 19647.8 40844.4 86870.2 187177 412212 932570 2.14978e+06 -2.29998e+07 8.22446e+06 1.37957e+07 2.33002e+07 3.90026e+07 6.43464e+07 1.0259e+08 1.56424e+08 2.33687e+08 3.44047e+08 
0.0458322 0.0104101 0.0188133 0.0340381 0.0616654 0.111863 0.203258 0.370075 0.675317 1.23519 2.26623 4.17313 7.71166 14.3155 26.7225 50.1843 94.8344 180.711 347.768 675.25 1326.87 2645.43 5354.6 10999.9 23063 49544.4 108162 242019 557930 1.31635e+06 3.13539e+06 -3.13355e+07 1.33085e+07 2.34013e+07 4.07188e+07 6.96324e+07 1.14262e+08 1.77507e+08 2.68423e+08 3.97563e+08 
0.0215465 0.00489492 0.00884834 0.0160132 0.0290193 0.0526612 0.0957279 0.174378 0.318386 0.582743 1.07 1.97208 3.64819 6.78084 12.6758 23.845 45.1534 86.2464 166.429 324.257 639.753 1281.53 2608.75 5397.82 11414.6 24768.6 54799.2 124638 293016 708558 1.74168e+06 4.40727e+06 -4.38899e+07 2.12856e+07 3.89057e+07 6.95861e+07 1.18451e+08 1.88511e+08 2.89585e+08 4.32234e+08 
0.0088456 0.0020099 0.003634 0.00657825 0.0119245 0.0216467 0.039365 0.0717394 0.131053 0.240016 0.441019 0.813487 1.50638 2.80311 5.24692 9.88549 18.7548 35.9013 69.4519 135.739 268.808 540.801 1106.66 2305.03 4913.04 10760.6 24106.9 55689.9 133430 330631 839855 2.21259e+06 6.07724e+06 -6.19322e+07 3.1703e+07 6.05686e+07 1.09282e+08 1.81091e+08 2.85848e+08 4.32615e+08 
0.00312115 0.000709307 0.00128272 0.00232251 0.00421116 0.00764696 0.0139112 0.0253626 0.0463542 0.0849444 0.156185 0.288308 0.534364 0.99542 1.86551 3.51974 6.68929 12.8307 24.8782 48.7628 96.8956 195.712 402.408 843.239 1810.28 3998.62 9060.41 21229.2 51752.5 131152 343565 940865 2.71459e+06 7.74767e+06 -8.84678e+07 4.60453e+07 8.99118e+07 1.58195e+08 2.60575e+08 4.03838e+08 
0.00093284 0.000212028 0.000383505 0.000694521 0.00125959 0.00228792 0.00416351 0.00759361 0.0138845 0.0254567 0.0468344 0.0865117 0.160476 0.299223 0.561383 1.06054 2.0187 3.879 7.5367 14.8103 29.5188 59.8331 123.548 260.285 562.359 1251.52 2864.49 6796.57 16825.7 43504.2 117192 332661 1.00386e+06 3.06038e+06 9.52015e+06 -1.27701e+08 6.46265e+07 1.24847e+08 2.19168e+08 3.53282e+08 
0.000230301 5.23519e-05 9.4705e-05 0.000171537 0.000311159 0.000565312 0.00102901 0.0018773 0.0034337 0.00629813 0.0115925 0.0214246 0.0397675 0.0742057 0.139339 0.263496 0.502168 0.966293 1.88048 3.70276 7.39764 15.0362 31.1516 65.905 143.105 320.355 739.026 1770.78 4436.81 11652.9 32089.5 93751.1 293475 948336 3.1927e+06 1.10993e+07 -1.82097e+08 8.31955e+07 1.62449e+08 2.82106e+08 
4.57882e-05 1.04093e-05 1.88322e-05 3.41139e-05 6.1888e-05 0.000112453 0.000204726 0.000373567 0.000683423 0.00125386 0.00230856 0.00426798 0.00792523 0.0147953 0.0277966 0.0525974 0.100316 0.193202 0.376361 0.742001 1.48461 3.02272 6.27529 13.3105 28.9913 65.1355 150.992 364 918.886 2437.27 6806.6 20261 64974 218615 781458 2.98285e+06 1.15736e+07 -2.48846e+08 9.78565e+07 1.99294e+08 
7.15284e-06 1.62619e-06 2.94225e-06 5.33018e-06 9.67058e-06 1.75737e-05 3.19975e-05 5.83939e-05 0.000106845 0.000196064 0.00036106 0.000667675 0.00124017 0.00231601 0.00435286 0.00824028 0.0157248 0.0303036 0.059074 0.116568 0.233471 0.475922 0.989437 2.10242 4.5888 10.335 24.0353 58.1752 147.581 393.958 1110.25 3345.21 10897.8 37677.1 140542 571730 2.46744e+06 1.06844e+07 -3.29178e+08 1.19787e+08 
8.47644e-07 1.92719e-07 3.487e-07 6.3174e-07 1.14624e-06 2.08314e-06 3.79322e-06 6.92314e-06 1.26689e-05 2.32509e-05 4.28241e-05 7.92043e-05 0.000147148 0.000274865 0.00051674 0.000978537 0.00186804 0.00360151 0.00702424 0.0138689 0.027797 0.056708 0.118005 0.251028 0.548614 1.23744 2.88325 6.9944 17.791 47.651 134.904 408.91 1342.45 4706.1 17976.1 76059.5 353639 1.79586e+06 9.88611e+06 -4.18364e+08 
dt_FE: 8.57182e-07
dt_EA: 8.57182e-07
dt_PE: 8.57182e-07
tolC: 1e-06
dt_grow: 1.03
dt_max: 0.1
steps: 0
