t: 2.92602e-09
dt: 1.40106e-09
N: 0.00174708 0.00201805 0.00233008 0.00268944 0.00310308 0.00357805 0.0041232 0.00474859 0.00546454 0.00628108 0.00721262 0.00827366 0.00947285 0.0108271 0.0123534 0.0140617 0.0159512 0.0180418 0.0203419 0.0227981 0.0254132 0.0281703 0.0309771 0.0336668 0.0362074 0.038491 0.0399386 0.0405101 0.0400633 0.0381392 0.0483131 0.427903 0.358594 0.0110986 0.0042053 0.0015019 0.000426814 9.32388e-05 1.5626e-05 1.9543e-06 
eC: 1 1.15749 1.33977 1.55077 1.795 2.07768 2.40489 2.78363 3.22201 3.72944 4.31677 4.99661 5.78351 6.69433 7.7486 8.9689 10.3814 12.0163 13.9087 16.0991 18.6345 21.5692 24.9661 28.8979 33.4489 38.7167 44.814 51.8717 60.0407 69.4963 80.4411 93.1095 107.773 124.746 144.391 167.131 193.452 223.918 259.182 300 
dV: 1.08333 0.211322 0.327712 0.508206 0.788112 1.22218 1.89532 2.93921 4.55805 7.06849 10.9616 16.999 26.3615 40.8807 63.3966 98.3136 152.462 236.434 366.655 568.597 881.764 1367.42 2120.55 3288.49 5099.69 7908.45 12264.2 19019 29494.1 45738.6 70930.1 109996 170579 264529 410225 636165 986546 1.52991e+06 2.37254e+06 3.67926e+06 
kVec: 811821 943216 1.08865e+06 1.2568e+06 1.45107e+06 1.67496e+06 1.93291e+06 2.22999e+06 2.57182e+06 2.96366e+06 3.41347e+06 3.92954e+06 4.51783e+06 5.18903e+06 5.95431e+06 6.82447e+06 7.80392e+06 8.91126e+06 1.01625e+07 1.15457e+07 1.30838e+07 1.47924e+07 1.66742e+07 1.86859e+07 2.08792e+07 2.33002e+07 2.57635e+07 2.84108e+07 3.1361e+07 3.47117e+07 3.84962e+07 4.34989e+07 5.18067e+07 6.60503e+07 8.99765e+07 1.27457e+08 1.80765e+08 2.46996e+08 3.27117e+08 4.16292e+08 
cMat: 
-205353 958.455 1126.24 1311.87 1529.31 1785.32 2086.93 2442.57 2863.58 3365.54 3963.34 4677.16 5540.87 6586.24 7854.47 9408.52 11340.4 13736.5 16725.6 20559.8 25466.6 31779.6 40060.3 51145.3 65932.4 85846.8 113686 152298 206253 283217 394399 554591 787298 1.13206e+06 1.6345e+06 2.36276e+06 3.39644e+06 4.85414e+06 6.94507e+06 9.97227e+06 
4873.34 -242587 1297.7 1511.61 1762.16 2057.17 2404.74 2814.57 3299.74 3878.23 4567.18 5389.87 6385.36 7590.28 9052.15 10843.6 13070.8 15833.3 19279.9 23701.2 29360.2 36641.7 46194 58983.4 76046.7 99030.5 131167 175748 238054 326951 455393 640487 909415 1.30789e+06 1.88868e+06 2.73061e+06 3.92569e+06 5.61094e+06 8.02831e+06 1.15281e+07 
3657.75 828.903 -279579 1740.14 2028.6 2368.24 2768.4 3240.25 3798.87 4464.95 5258.25 6205.59 7351.97 8739.61 10423.3 12486.6 15052.1 18234.6 22205.4 27300 33821.6 42214.2 53225.8 67972 87649.7 114160 151237 202683 274601 377236 525560 739353 1.05004e+06 1.51046e+06 2.18166e+06 3.15476e+06 4.53612e+06 6.48401e+06 9.27814e+06 1.33234e+07 
2717.41 615.812 1109.85 -322794 2333.59 2724.33 3184.7 3727.57 4370.28 5136.67 6049.48 7139.57 8458.79 10055.7 11993.5 14368.5 17321.7 20985.6 25557.5 31424.3 38935.4 48602.9 61289.8 78283 100964 131528 174286 233629 316609 435064 606294 853163 1.21201e+06 1.74387e+06 2.51937e+06 3.64386e+06 5.24023e+06 7.49125e+06 1.07202e+07 1.53951e+07 
2016.92 457.073 823.771 1485.78 -373204 3103.56 3660.67 4284.76 5023.66 5904.78 6954.29 8207.7 9724.68 11561.2 13789.7 16521.4 19918.6 24133.7 29394.2 36145.6 44790.7 55920 70528.2 90099.5 116228 151447 200732 269154 364859 501519 699123 984096 1.39844e+06 2.01268e+06 2.90848e+06 4.20762e+06 6.05208e+06 8.65284e+06 1.23835e+07 1.77849e+07 
1496.14 339.056 611.08 1102.18 1972.07 -431841 4201.88 4918.35 5766.65 6778.3 7983.35 9422.61 11164.7 13273.8 15833.5 18971.4 22874.4 27717.7 33763.1 41523.5 51462.6 64260.5 81063.2 103581 133653 174199 230959 309788 420089 577651 805557 1.13434e+06 1.61253e+06 2.3216e+06 3.35595e+06 4.85633e+06 6.9867e+06 9.99049e+06 1.42994e+07 2.05379e+07 
1108.72 251.261 452.854 816.802 1474.62 2663.79 -500030 5638.12 6610.77 7770.79 9152.65 10803.2 12801.2 15220.5 18157 21757.2 26235.9 31794.5 38734 47644.2 59058.8 73760 93067.5 118951 153529 200168 265485 356236 483273 664821 927526 1.30666e+06 1.85829e+06 2.67648e+06 3.87034e+06 5.60254e+06 8.06233e+06 1.15304e+07 1.65054e+07 2.37084e+07 
820.455 185.937 335.122 604.462 1091.29 1971.38 3564.75 -579303 7489.62 8897.17 10479.8 12370.4 14659.2 17430.8 20795.4 24921.1 30054.5 36426.9 44383.8 54603.2 67698.3 84568.8 106733 136457 176181 229783 304888 409288 555502 764557 1.06721e+06 1.50418e+06 2.14023e+06 3.08394e+06 4.4614e+06 6.46053e+06 9.29972e+06 1.33025e+07 1.90447e+07 2.73584e+07 
606.271 137.399 247.645 446.687 806.463 1456.89 2634.5 4720.74 -671621 10169.6 11979.2 14141.1 16758.7 19929 23778.1 28498.7 34373.5 41667.7 50777.9 62481.9 77484.2 96818.1 122228 156321 201903 263440 349711 469697 637834 878373 1.22678e+06 1.73009e+06 2.46306e+06 3.55095e+06 5.13946e+06 7.44562e+06 1.07213e+07 1.53393e+07 2.1964e+07 3.15557e+07 
447.517 101.422 182.805 329.74 595.339 1075.52 1944.94 3522.07 6387.02 -778707 13658.4 16124.5 19110.9 22728.5 27121.3 32509.9 39217.7 47548.4 57955.8 71331.5 88482.8 110595 139670 178701 230914 301443 400388 538091 731185 1.00762e+06 1.40828e+06 1.98743e+06 2.83134e+06 4.08446e+06 5.91506e+06 8.57372e+06 1.23508e+07 1.76751e+07 2.53133e+07 3.63726e+07 
329.62 74.7042 134.651 242.888 438.541 792.284 1432.8 2594.76 4705.67 8542.72 -903398 18347.9 21748.3 25868.1 30871.7 37010.9 44655.4 54152.1 66020 81278.9 100853 126101 159316 203932 263653 344377 457712 615561 837074 1.15444e+06 1.61478e+06 2.28064e+06 3.2516e+06 4.69408e+06 6.80239e+06 9.86572e+06 1.42186e+07 2.0354e+07 2.91561e+07 4.19007e+07 
242.131 54.8772 98.9164 178.434 322.178 582.082 1052.71 1906.53 3457.75 6277.69 11421 -1.0488e+06 24509.9 29376.6 35063.9 42043.9 50738.1 61542.4 75049 92423.3 114722 143498 181377 232294 300495 392751 522389 703097 956913 1.32089e+06 1.84926e+06 2.61417e+06 3.7304e+06 5.38964e+06 7.81621e+06 1.13437e+07 1.63573e+07 2.34234e+07 3.35608e+07 4.8239e+07 
177.566 40.2452 72.5443 130.866 236.3 426.946 772.187 1398.57 2536.68 4605.85 8380.24 15172.4 -1.21776e+06 33226.8 39666.5 47572.4 57423.8 69670.7 84987.6 104702 130018 162708 205771 263704 341369 446521 594438 800841 1.09105e+06 1.50768e+06 2.11311e+06 2.99042e+06 4.27191e+06 6.17813e+06 8.96789e+06 1.30258e+07 1.87949e+07 2.69249e+07 3.85889e+07 5.54778e+07 
129.824 29.4253 53.0427 95.6903 172.792 312.218 564.722 1022.89 1855.44 3369.26 6130.99 11185.4 20437.3 -1.41488e+06 44710 53633.7 64758.4 78594.5 95907.4 118205 146859 183884 232699 298434 386645 506200 674587 909837 1.24102e+06 1.71708e+06 2.4097e+06 3.4145e+06 4.88385e+06 7.07129e+06 1.02753e+07 1.49391e+07 2.15716e+07 3.09172e+07 4.43257e+07 6.37408e+07 
94.5268 21.4257 38.6241 69.6819 125.835 227.384 411.309 745.071 1351.63 2454.67 4467.31 8151.35 14896.3 27297.7 -1.64512e+06 59578.6 72770.3 88349.9 107855 132996 165326 207137 262313 336696 436622 572217 763466 1.03102e+06 1.40823e+06 1.95123e+06 2.74232e+06 3.8915e+06 5.5741e+06 8.08134e+06 1.17573e+07 1.71123e+07 2.47308e+07 3.5464e+07 5.0864e+07 7.31629e+07 
68.5436 15.5369 28.0096 50.5351 91.2638 164.926 298.356 540.513 980.645 1781.17 3242.08 5916.7 10814.8 19822.8 36066 -1.9156e+06 81375.9 98838.9 120716 148938 185264 232286 294406 378258 491052 644320 860854 1.16427e+06 1.59275e+06 2.21062e+06 3.11223e+06 4.424e+06 6.34753e+06 9.21689e+06 1.34285e+07 1.95697e+07 2.83105e+07 4.06227e+07 5.82889e+07 8.38694e+07 
49.5219 11.2257 20.2387 36.5171 65.9527 119.196 215.651 390.724 708.979 1287.94 2344.72 4279.9 7824.86 14346.5 26404.9 48777.4 -2.2308e+06 109797 134175 165656 206218 258783 328320 422328 548981 721372 965412 1.30805e+06 1.79289e+06 2.4935e+06 3.5179e+06 5.01114e+06 7.20477e+06 1.04814e+07 1.52974e+07 2.23281e+07 3.23404e+07 4.64406e+07 6.66731e+07 9.59698e+07 
35.5477 8.05845 14.5294 26.2175 47.3548 85.5925 154.872 280.639 509.302 925.37 1684.99 3076.38 5626.02 10318.3 18997.8 35108.9 65066.5 -2.60191e+06 148266 183194 228252 286716 364174 469078 610663 803748 1.07772e+06 1.46325e+06 2.01005e+06 2.80214e+06 3.96294e+06 5.65875e+06 8.15524e+06 1.18901e+07 1.73882e+07 2.54253e+07 3.68783e+07 5.30034e+07 7.61425e+07 1.09648e+08 
25.3137 5.73882 10.3478 18.6736 33.7319 60.9761 110.345 199.982 362.986 659.654 1201.43 2194.06 4013.71 7363.9 13563.6 25078 46502.5 86712.4 -3.04156e+06 200172 251110 315782 401610 518083 675601 890885 1.19716e+06 1.62925e+06 2.24375e+06 3.13638e+06 4.44798e+06 6.36892e+06 9.20375e+06 1.34523e+07 1.9718e+07 2.88913e+07 4.1973e+07 6.0386e+07 8.68096e+07 1.2507e+08 
17.9242 4.06385 7.32827 13.2258 23.8937 43.1976 78.1842 141.72 257.287 467.68 852.017 1556.45 2848.34 5228.07 9634.31 17823.1 33072 61716.1 115306 -3.5566e+06 273046 343834 437975 566044 739677 977626 1.31725e+06 1.79794e+06 2.48384e+06 3.48368e+06 4.9577e+06 7.12342e+06 1.03293e+07 1.51449e+07 2.22628e+07 3.27038e+07 4.76075e+07 6.8578e+07 9.86729e+07 1.42247e+08 
12.5667 2.84941 5.13879 9.27536 16.7589 30.3031 54.8558 99.4536 180.595 328.364 598.398 1093.52 2002.03 3676.49 6778.82 12548.6 23302.9 43524.2 81873 154548 -4.16844e+06 370592 472916 612514 802326 1.06326e+06 1.43712e+06 1.96829e+06 2.72918e+06 3.84296e+06 5.4915e+06 7.92284e+06 1.15352e+07 1.69759e+07 2.50395e+07 3.68944e+07 5.38359e+07 7.76643e+07 1.11862e+08 1.61373e+08 
8.69818 1.97242 3.55757 6.4221 11.6052 20.9878 38.0003 68.9099 125.163 227.646 414.998 758.675 1389.65 2553.33 4710.84 8726.81 16219.9 30324.8 57107.5 107946 205553 -4.8986e+06 499732 656278 862003 1.14583e+06 1.55428e+06 2.13711e+06 2.97583e+06 4.20947e+06 6.04391e+06 8.76148e+06 1.28165e+07 1.89434e+07 2.80522e+07 4.14794e+07 6.06938e+07 8.77073e+07 1.26477e+08 1.82601e+08 
5.94136 1.34742 2.43059 4.3883 7.93123 14.3463 25.9811 47.1261 85.6218 155.783 284.106 519.62 952.298 1750.85 3232.61 5993.4 11150.7 20871.2 39355.3 74507.5 142136 270788 -5.78206e+06 693230 913455 1.21857e+06 1.65994e+06 2.29305e+06 3.20907e+06 4.5643e+06 6.59095e+06 9.60951e+06 1.41373e+07 2.10052e+07 3.12543e+07 4.6411e+07 6.81366e+07 9.86652e+07 1.42481e+08 2.05899e+08 
4.00146 0.907585 1.63741 2.95676 5.34492 9.67025 17.5173 31.7834 57.7657 105.144 191.843 351.06 643.792 1184.52 2188.83 4062.14 7566.49 14181.5 26781.7 50797.3 97113 187595 365694 -6.83596e+06 948719 1.27106e+06 1.74036e+06 2.41787e+06 3.40478e+06 4.87562e+06 7.09107e+06 1.04136e+07 1.54309e+07 2.30797e+07 3.45488e+07 5.1579e+07 7.60429e+07 1.10399e+08 1.59709e+08 2.31055e+08 
2.63798 0.598408 1.07979 1.95018 3.52606 6.38107 11.5624 20.9856 38.1554 69.4812 126.839 232.242 426.199 784.814 1451.57 2696.83 5029.92 9441.46 17860.3 33946.3 65053.7 126009 246426 485173 -8.12312e+06 1.30354e+06 1.79535e+06 2.51069e+06 3.56096e+06 5.13983e+06 7.53859e+06 1.11658e+07 1.66876e+07 2.51572e+07 3.79304e+07 5.69899e+07 8.44412e+07 1.2297e+08 1.78266e+08 2.58238e+08 
1.69469 0.384486 0.693902 1.25349 2.26691 4.10352 7.43786 13.5044 24.5635 44.7525 81.7428 149.767 275.059 506.957 938.619 1745.91 3261.05 6131.3 11620.2 22137 42536 82643.3 162197 320716 643161 -9.72874e+06 1.81283e+06 2.56398e+06 3.66662e+06 5.341e+06 7.91086e+06 1.18349e+07 1.78661e+07 2.7186e+07 4.13377e+07 6.25773e+07 9.32667e+07 1.36315e+08 1.98095e+08 2.87389e+08 
1.06292 0.241191 0.435377 0.786662 1.42302 2.57673 4.67216 8.48641 15.4434 28.1525 51.4555 94.3444 173.426 319.971 593.119 1104.78 2066.97 3893.69 7395.5 14126.6 27229.2 53093.3 104643 207978 419536 858581 -1.16763e+07 2.52719e+06 3.65155e+06 5.38145e+06 8.0729e+06 1.22368e+07 1.87209e+07 2.88452e+07 4.43618e+07 6.78344e+07 1.01901e+08 1.49659e+08 2.18192e+08 3.17142e+08 
0.643134 0.145962 0.263536 0.476286 0.861811 1.56104 2.83159 5.14549 9.3684 17.0886 31.2554 57.3525 105.528 194.918 361.773 674.863 1264.92 2387.75 4545.92 8708.84 16844 32972.7 65290 130505 264989 548471 1.14144e+06 -1.41216e+07 3.52854e+06 5.2719e+06 8.02995e+06 1.23668e+07 1.92317e+07 3.0097e+07 4.69473e+07 7.26956e+07 1.1028e+08 1.62954e+08 2.38529e+08 3.47486e+08 
0.372365 0.0845261 0.152647 0.275949 0.499459 0.905014 1.64229 2.98571 5.439 9.92756 18.1711 33.3713 61.4657 113.666 211.253 394.704 741.232 1402.31 2676.52 5143.65 9985.07 19629 39064 78568 160681 335327 705109 1.50854e+06 -1.72359e+07 4.95575e+06 7.7667e+06 1.21885e+07 1.93296e+07 3.08293e+07 4.89295e+07 7.69406e+07 1.18132e+08 1.75869e+08 2.587e+08 3.77877e+08 
0.205201 0.0465894 0.0841566 0.152177 0.27552 0.499423 0.906672 1.64915 3.00593 5.49036 10.0573 18.4866 34.0868 63.1149 117.47 219.85 413.715 784.54 1501.46 2895.18 5642.54 11143.1 22297.7 45151.9 93075.6 196026 417030 904523 1.98884e+06 -2.12961e+07 7.18519e+06 1.15407e+07 1.87584e+07 3.0658e+07 4.97627e+07 7.98366e+07 1.24515e+08 1.87206e+08 2.77145e+08 4.06174e+08 
0.105056 0.0238572 0.0431048 0.0779662 0.141204 0.256052 0.465051 0.846307 1.54347 2.82113 5.17188 9.51519 17.5641 32.5636 60.6969 113.792 214.587 407.916 782.846 1514.77 2964.33 5882.02 11837.6 24142.8 50188.6 106744 229999 506517 1.14592e+06 2.6416e+06 -2.66203e+07 1.0106e+07 1.69518e+07 2.86307e+07 4.79255e+07 7.90674e+07 1.2606e+08 1.9221e+08 2.87149e+08 4.22757e+08 
0.0302537 0.00687166 0.0124187 0.0224685 0.0407052 0.0738404 0.13417 0.244286 0.445776 0.815348 1.49593 2.75468 5.09045 9.44967 17.6395 33.1266 62.6001 119.287 229.561 445.731 875.864 1746.24 3534.56 7260.99 15223.9 32704.2 71397.7 159756 368289 868923 2.06966e+06 -3.70147e+07 8.78491e+06 1.54471e+07 2.68784e+07 4.59643e+07 7.54242e+07 1.17172e+08 1.77185e+08 2.62431e+08 
0.0148358 0.00337039 0.0060925 0.0110259 0.0199812 0.0362597 0.0659132 0.120068 0.219224 0.401246 0.736746 1.35787 2.51195 4.66893 8.72789 16.4184 31.0903 59.3847 114.594 223.266 440.5 882.393 1796.25 3716.65 7859.48 17054.4 37731.8 85819 201756 487876 1.19923e+06 3.03461e+06 -4.90204e+07 1.46561e+07 2.67884e+07 4.79134e+07 8.1559e+07 1.29799e+08 1.99393e+08 2.97614e+08 
0.00902089 0.00204973 0.00370601 0.0067086 0.0121608 0.0220757 0.0401451 0.073161 0.133649 0.244772 0.449758 0.829606 1.53623 2.85866 5.35089 10.0814 19.1264 36.6127 70.8281 138.429 274.135 551.517 1128.59 2350.71 5010.39 10973.8 24584.6 56793.5 136074 337183 856498 2.25643e+06 6.19766e+06 -6.24599e+07 3.23313e+07 6.17688e+07 1.11448e+08 1.8468e+08 2.91512e+08 4.41187e+08 
0.00314414 0.000714533 0.00129217 0.00233962 0.00424218 0.0077033 0.0140137 0.0255494 0.0466957 0.0855703 0.157336 0.290433 0.538301 1.00275 1.87926 3.54567 6.73858 12.9252 25.0615 49.122 97.6094 197.154 405.373 849.451 1823.62 4028.08 9127.16 21385.6 52133.8 132118 346096 947796 2.73459e+06 7.80476e+06 -8.83434e+07 4.63846e+07 9.05742e+07 1.59361e+08 2.62495e+08 4.06813e+08 
0.000934883 0.000212492 0.000384344 0.000696042 0.00126235 0.00229293 0.00417263 0.00761024 0.0139149 0.0255125 0.046937 0.0867011 0.160828 0.299878 0.562612 1.06286 2.02312 3.8875 7.5532 14.8428 29.5834 59.9641 123.819 260.855 563.591 1254.26 2870.76 6811.45 16862.6 43599.4 117449 333389 1.00606e+06 3.06708e+06 9.54099e+06 -1.26827e+08 6.4768e+07 1.2512e+08 2.19648e+08 3.54056e+08 
0.000230429 5.2381e-05 9.47575e-05 0.000171632 0.000311332 0.000565626 0.00102958 0.00187834 0.00343561 0.00630162 0.0115989 0.0214365 0.0397896 0.0742468 0.139416 0.263642 0.502447 0.966829 1.88152 3.70482 7.40174 15.0445 31.1689 65.9415 143.184 320.533 739.436 1771.76 4439.27 11659.4 32107.3 93803.1 293638 948862 3.19448e+06 1.11054e+07 -1.80566e+08 8.32416e+07 1.62539e+08 2.82263e+08 
4.57936e-05 1.04106e-05 1.88345e-05 3.4118e-05 6.18953e-05 0.000112467 0.000204751 0.000373611 0.000683503 0.00125401 0.00230883 0.00426848 0.00792617 0.0147971 0.0277999 0.0526037 0.100328 0.193225 0.376406 0.742089 1.48478 3.02308 6.27603 13.3121 28.9948 65.1432 151.01 364.043 918.995 2437.56 6807.4 20263.4 64981.7 218641 781550 2.9832e+06 1.1575e+07 -2.46947e+08 9.78681e+07 1.99318e+08 
7.15299e-06 1.62622e-06 2.94231e-06 5.33028e-06 9.67077e-06 1.75741e-05 3.19981e-05 5.83951e-05 0.000106848 0.000196067 0.000361068 0.000667689 0.0012402 0.00231606 0.00435295 0.00824045 0.0157251 0.0303043 0.0590752 0.11657 0.233476 0.475931 0.989457 2.10246 4.58889 10.3352 24.0358 58.1763 147.584 393.966 1110.28 3345.28 10898 37677.9 140545 571742 2.46749e+06 1.06846e+07 -3.27108e+08 1.19789e+08 
8.47646e-07 1.92719e-07 3.48701e-07 6.31742e-07 1.14624e-06 2.08315e-06 3.79323e-06 6.92316e-06 1.26689e-05 2.32509e-05 4.28242e-05 7.92045e-05 0.000147149 0.000274866 0.000516742 0.00097854 0.00186804 0.00360152 0.00702426 0.0138689 0.0277971 0.0567081 0.118005 0.251029 0.548616 1.23744 2.88326 6.99442 17.7911 47.6512 134.904 408.911 1342.46 4706.11 17976.2 76059.7 353640 1.79587e+06 9.88613e+06 -4.1629e+08 
dt_FE: 1.40106e-09
dt_EA: 1.40106e-09
dt_PE: 1.40106e-09
tolC: 1e-06
dt_grow: 1.03
dt_max: 0.1
steps: 0
