t: 3.78936e-09
dt: 2.80787e-10
N: 0.00227256 0.00262482 0.00303037 0.00349736 0.00403476 0.00465166 0.0053595 0.00617122 0.0071001 0.00815894 0.00936625 0.0107405 0.0122925 0.0140435 0.0160152 0.0182191 0.0206534 0.0233425 0.0262956 0.0294416 0.0327821 0.0362926 0.0398517 0.0432429 0.0464225 0.0492486 0.0509863 0.0515845 0.050863 0.0482347 0.0566245 0.417824 0.345591 0.0134293 0.00522276 0.00185483 0.000524235 0.000114312 1.9179e-05 2.4083e-06 
eC: 1 1.15749 1.33977 1.55077 1.795 2.07768 2.40489 2.78363 3.22201 3.72944 4.31677 4.99661 5.78351 6.69433 7.7486 8.9689 10.3814 12.0163 13.9087 16.0991 18.6345 21.5692 24.9661 28.8979 33.4489 38.7167 44.814 51.8717 60.0407 69.4963 80.4411 93.1095 107.773 124.746 144.391 167.131 193.452 223.918 259.182 300 
dV: 1.08333 0.211322 0.327712 0.508206 0.788112 1.22218 1.89532 2.93921 4.55805 7.06849 10.9616 16.999 26.3615 40.8807 63.3966 98.3136 152.462 236.434 366.655 568.597 881.764 1367.42 2120.55 3288.49 5099.69 7908.45 12264.2 19019 29494.1 45738.6 70930.1 109996 170579 264529 410225 636165 986546 1.52991e+06 2.37254e+06 3.67926e+06 
kVec: 814896 946746 1.0927e+06 1.26143e+06 1.45636e+06 1.68099e+06 1.93976e+06 2.23776e+06 2.58058e+06 2.9735e+06 3.42446e+06 3.94173e+06 4.53123e+06 5.20359e+06 5.96992e+06 6.84089e+06 7.82072e+06 8.92784e+06 1.0178e+07 1.15587e+07 1.30925e+07 1.47945e+07 1.66665e+07 1.86647e+07 2.084e+07 2.32381e+07 2.56743e+07 2.82917e+07 3.1213e+07 3.4545e+07 3.83348e+07 4.33868e+07 5.17842e+07 6.6098e+07 9.00517e+07 1.2754e+08 1.80846e+08 2.47069e+08 3.27183e+08 4.16352e+08 
cMat: 
-203944 957.951 1125.65 1311.18 1528.5 1784.38 2085.83 2441.28 2862.07 3363.77 3961.25 4674.7 5537.95 6582.77 7850.33 9403.57 11334.5 13729.3 16716.8 20549 25453.2 31762.9 40039.2 51118.4 65897.7 85801.6 113626 152218 206144 283068 394191 554299 786884 1.13146e+06 1.63364e+06 2.36151e+06 3.39466e+06 4.85158e+06 6.94142e+06 9.96703e+06 
4870.38 -240947 1296.91 1510.69 1761.09 2055.92 2403.28 2812.86 3297.73 3875.87 4564.4 5386.59 6381.48 7585.66 9046.65 10837 13062.8 15823.7 19268.1 23686.8 29342.3 36619.4 46165.9 58947.5 76000.5 98970.3 131087 175641 237910 326752 455116 640097 908862 1.30709e+06 1.88753e+06 2.72895e+06 3.9233e+06 5.60753e+06 8.02343e+06 1.15211e+07 
3655.18 828.322 -277672 1738.92 2027.18 2366.58 2766.46 3237.98 3796.2 4461.82 5254.56 6201.23 7346.81 8733.47 10416 12477.9 15041.6 18221.8 22189.9 27280.9 33797.8 42184.5 53188.5 67924.3 87588.2 114080 151131 202541 274408 376971 525191 738834 1.04931e+06 1.5094e+06 2.18013e+06 3.15255e+06 4.53294e+06 6.47946e+06 9.27163e+06 1.33141e+07 
2715.21 615.313 1108.95 -320576 2331.7 2722.12 3182.12 3724.55 4366.74 5132.51 6044.57 7133.79 8451.94 10047.6 11983.8 14356.9 17307.7 20968.6 25536.8 31398.8 38903.8 48563.5 61240.2 78219.6 100882 131422 174144 233439 316353 434711 605802 852471 1.21102e+06 1.74246e+06 2.51733e+06 3.64091e+06 5.23599e+06 7.48518e+06 1.07115e+07 1.53827e+07 
2015.04 456.645 823.002 1484.39 -370620 3100.65 3657.25 4280.76 5018.96 5899.27 6947.79 8200.03 9715.59 11550.3 13776.8 16506 19900 24111.1 29366.7 36111.8 44748.9 55867.7 70462.3 90015.3 116120 151306 200544 268902 364518 501050 698470 983176 1.39713e+06 2.0108e+06 2.90576e+06 4.20369e+06 6.04642e+06 8.64475e+06 1.2372e+07 1.77683e+07 
1494.53 338.691 610.422 1100.99 1969.94 -428829 4197.35 4913.05 5760.44 6771 7974.75 9412.46 11152.6 13259.5 15816.5 18951 22849.8 27687.8 33726.7 41478.7 51407.2 64191.2 80975.8 103470 133509 174011 230710 309454 419636 577029 804689 1.13312e+06 1.61079e+06 2.3191e+06 3.35233e+06 4.8511e+06 6.97918e+06 9.97973e+06 1.4284e+07 2.05157e+07 
1107.34 250.95 452.291 815.788 1472.79 2660.49 -496517 5631.12 6602.56 7761.14 9141.29 10789.8 12785.4 15201.6 18134.4 21730.2 26203.3 31755 38685.9 47585.1 58985.4 73668.5 92951.9 118803 153338 199919 265155 355793 482673 663995 926375 1.30504e+06 1.85598e+06 2.67316e+06 3.86554e+06 5.59558e+06 8.05232e+06 1.15161e+07 1.64849e+07 2.3679e+07 
819.282 185.671 334.643 603.598 1089.73 1968.57 3559.66 -575199 7478.92 8884.45 10464.8 12352.7 14638.2 17405.9 20765.7 24885.5 30011.6 36374.8 44320.4 54525.1 67601.5 84447.9 106580 136262 175929 229454 304453 408703 554708 763464 1.06568e+06 1.50203e+06 2.13717e+06 3.07954e+06 4.45502e+06 6.4513e+06 9.28643e+06 1.32835e+07 1.90175e+07 2.73193e+07 
605.274 137.173 247.237 445.953 805.137 1454.49 2630.16 4712.98 -666821 10152.8 11959.5 14117.8 16731.1 19896.3 23739 28451.8 34316.9 41599.2 50694.4 62379.2 77356.7 96658.8 122027 156063 201571 263007 349136 468925 636785 876928 1.22477e+06 1.72724e+06 2.459e+06 3.54511e+06 5.13101e+06 7.43338e+06 1.07037e+07 1.53141e+07 2.19279e+07 3.15038e+07 
446.671 101.231 182.459 329.117 594.214 1073.49 1941.27 3515.42 6374.95 -773089 13632.6 16094 19074.8 22685.5 27070 32448.4 39143.6 47458.5 57846.3 71196.7 88315.6 110386 139406 178363 230477 300873 399631 537074 729803 1.00572e+06 1.40562e+06 1.98367e+06 2.82599e+06 4.07675e+06 5.90389e+06 8.55752e+06 1.23274e+07 1.76417e+07 2.52655e+07 3.63038e+07 
328.904 74.5421 134.359 242.361 437.59 790.566 1429.69 2589.13 4695.46 8524.19 -896812 18308.1 21701.1 25812 30804.7 36930.6 44558.6 54034.6 65876.7 81102.6 100635 125828 158970 203490 263081 343630 456720 614225 835258 1.15194e+06 1.61128e+06 2.2757e+06 3.24455e+06 4.68389e+06 6.78763e+06 9.84432e+06 1.41877e+07 2.03099e+07 2.90929e+07 4.18098e+07 
241.529 54.7407 98.6703 177.99 321.377 580.634 1050.09 1901.79 3449.15 6262.07 11392.6 -1.04107e+06 24448.9 29303.5 34976.7 41939.3 50611.9 61389.3 74862.3 92193.4 114437 143141 180926 231716 299748 391774 521090 701349 954533 1.3176e+06 1.84466e+06 2.60766e+06 3.72112e+06 5.37624e+06 7.79677e+06 1.13155e+07 1.63166e+07 2.33651e+07 3.34773e+07 4.8119e+07 
177.061 40.1306 72.3378 130.494 235.628 425.731 769.989 1394.59 2529.46 4592.74 8356.39 15129.2 -1.20867e+06 33132.3 39553.6 47436.9 57260.3 69472.4 84745.6 104404 129648 162245 205185 262953 340397 445250 592746 798561 1.08795e+06 1.50339e+06 2.1071e+06 2.98191e+06 4.25975e+06 6.16055e+06 8.94237e+06 1.29888e+07 1.87414e+07 2.68482e+07 3.84791e+07 5.53199e+07 
129.402 29.3296 52.8703 95.3791 172.231 311.203 562.886 1019.56 1849.4 3358.3 6111.05 11149 20370.9 -1.40418e+06 44564.6 53459.3 64547.8 78339 95595.5 117821 146381 183287 231943 297464 385388 504554 672394 906878 1.23699e+06 1.7115e+06 2.40186e+06 3.4034e+06 4.86797e+06 7.0483e+06 1.02419e+07 1.48905e+07 2.15015e+07 3.08167e+07 4.41816e+07 6.35336e+07 
94.1763 21.3463 38.4809 69.4236 125.368 226.541 409.785 742.309 1346.61 2445.57 4450.75 8121.13 14841.1 27196.4 -1.63251e+06 59357.7 72500.5 88022.4 107455 132502 164713 206369 261340 335447 435003 570095 760635 1.0272e+06 1.40301e+06 1.94399e+06 2.73215e+06 3.87707e+06 5.55344e+06 8.05138e+06 1.17137e+07 1.70489e+07 2.46391e+07 3.53326e+07 5.06755e+07 7.28917e+07 
68.2546 15.4714 27.8915 50.322 90.879 164.231 297.098 538.233 976.51 1773.66 3228.41 5891.75 10769.2 19739.2 35913.9 -1.90071e+06 81032.8 98422.2 120207 148310 184483 231306 293164 376663 488982 641603 857224 1.15936e+06 1.58603e+06 2.20129e+06 3.09911e+06 4.40535e+06 6.32076e+06 9.17803e+06 1.33718e+07 1.94872e+07 2.81911e+07 4.04514e+07 5.80431e+07 8.35158e+07 
49.2853 11.1721 20.142 36.3426 65.6376 118.627 214.62 388.857 705.591 1281.79 2333.51 4259.45 7787.47 14278 26278.7 48544.3 -2.21322e+06 109272 133534 164864 205233 257547 326751 420310 546358 717925 960798 1.3018e+06 1.78432e+06 2.48159e+06 3.50109e+06 4.98719e+06 7.17034e+06 1.04314e+07 1.52243e+07 2.22214e+07 3.21859e+07 4.62187e+07 6.63545e+07 9.55112e+07 
35.3558 8.01495 14.4509 26.076 47.0991 85.1304 154.036 279.124 506.553 920.375 1675.9 3059.77 5595.65 10262.6 18895.2 34919.3 64715.2 -2.58113e+06 147466 182205 227019 285169 362208 466546 607366 799409 1.0719e+06 1.45535e+06 1.9992e+06 2.78702e+06 3.94155e+06 5.6282e+06 8.11122e+06 1.18259e+07 1.72943e+07 2.52881e+07 3.66792e+07 5.27173e+07 7.57315e+07 1.09056e+08 
25.1599 5.70394 10.2849 18.5601 33.5269 60.6056 109.674 198.766 360.78 655.645 1194.12 2180.73 3989.31 7319.14 13481.2 24925.6 46219.9 86185.4 -3.01698e+06 198955 249584 313863 399169 514934 671495 885471 1.18988e+06 1.61935e+06 2.23012e+06 3.11732e+06 4.42094e+06 6.33021e+06 9.14782e+06 1.33706e+07 1.95982e+07 2.87157e+07 4.17179e+07 6.0019e+07 8.6282e+07 1.2431e+08 
17.8024 4.03622 7.27845 13.1359 23.7312 42.9039 77.6527 140.757 255.538 464.501 846.224 1545.87 2828.98 5192.52 9568.81 17701.9 32847.1 61296.5 114522 -3.52758e+06 271189 341497 434998 562196 734648 970980 1.30829e+06 1.78572e+06 2.46695e+06 3.45999e+06 4.92399e+06 7.07499e+06 1.02591e+07 1.5042e+07 2.21115e+07 3.24815e+07 4.72839e+07 6.81118e+07 9.8002e+07 1.4128e+08 
12.4717 2.82786 5.09994 9.20523 16.6322 30.074 54.441 98.7017 179.229 325.881 593.873 1085.26 1986.89 3648.69 6727.56 12453.8 23126.7 43195.1 81254 153380 -4.13423e+06 367790 469340 607883 796260 1.05522e+06 1.42626e+06 1.95341e+06 2.70855e+06 3.81391e+06 5.44997e+06 7.86293e+06 1.1448e+07 1.68476e+07 2.48501e+07 3.66155e+07 5.34289e+07 7.7077e+07 1.11016e+08 1.60152e+08 
8.62548 1.95594 3.52784 6.36843 11.5082 20.8124 37.6827 68.334 124.117 225.744 411.53 752.334 1378.04 2531.99 4671.47 8653.88 16084.3 30071.3 56630.2 107044 203835 -4.85839e+06 495555 650793 854799 1.13625e+06 1.54128e+06 2.11925e+06 2.95096e+06 4.17429e+06 5.9934e+06 8.68825e+06 1.27094e+07 1.8785e+07 2.78177e+07 4.11327e+07 6.01866e+07 8.69742e+07 1.2542e+08 1.81075e+08 
5.88695 1.33508 2.40833 4.34811 7.8586 14.2149 25.7431 46.6945 84.8376 154.356 281.504 514.861 943.577 1734.82 3203.01 5938.51 11048.5 20680 38994.9 73825.1 140835 268308 -5.73493e+06 686882 905089 1.20741e+06 1.64474e+06 2.27205e+06 3.17968e+06 4.52249e+06 6.53059e+06 9.52151e+06 1.40078e+07 2.08128e+07 3.0968e+07 4.5986e+07 6.75126e+07 9.77616e+07 1.41177e+08 2.04013e+08 
3.9618 0.898591 1.62119 2.92746 5.29195 9.57442 17.3437 31.4684 57.1933 104.102 189.942 347.581 637.412 1172.78 2167.14 4021.89 7491.51 14041 26516.3 50293.9 96150.7 185736 362070 -6.78126e+06 939317 1.25847e+06 1.72311e+06 2.39391e+06 3.37104e+06 4.8273e+06 7.0208e+06 1.03104e+07 1.5278e+07 2.2851e+07 3.42064e+07 5.10679e+07 7.52893e+07 1.09305e+08 1.58126e+08 2.28765e+08 
2.61002 0.592066 1.06834 1.92951 3.48869 6.31344 11.4399 20.7632 37.751 68.7448 125.495 229.78 421.682 776.496 1436.19 2668.25 4976.61 9341.39 17671 33586.5 64364.2 124673 243814 480031 -8.06027e+06 1.28973e+06 1.77633e+06 2.48408e+06 3.52322e+06 5.08536e+06 7.45869e+06 1.10475e+07 1.65107e+07 2.48906e+07 3.75284e+07 5.63859e+07 8.35462e+07 1.21666e+08 1.76377e+08 2.55501e+08 
1.67573 0.380185 0.686139 1.23947 2.24155 4.05761 7.35464 13.3534 24.2886 44.2518 80.8283 148.091 271.981 501.285 928.117 1726.38 3224.57 6062.7 11490.2 21889.3 42060.1 81718.7 160383 317128 635965 -9.65753e+06 1.79255e+06 2.53529e+06 3.6256e+06 5.28124e+06 7.82235e+06 1.17025e+07 1.76662e+07 2.68818e+07 4.08752e+07 6.18772e+07 9.22232e+07 1.3479e+08 1.95879e+08 2.84174e+08 
1.05068 0.238416 0.430367 0.77761 1.40665 2.54708 4.6184 8.38875 15.2657 27.8286 50.8634 93.2587 171.43 316.289 586.294 1092.06 2043.19 3848.88 7310.4 13964 26915.8 52482.3 103439 205585 414708 848701 -1.15978e+07 2.49811e+06 3.60953e+06 5.31953e+06 7.98e+06 1.2096e+07 1.85055e+07 2.85132e+07 4.38513e+07 6.70538e+07 1.00728e+08 1.47937e+08 2.15681e+08 3.13493e+08 
0.635711 0.144278 0.260494 0.470789 0.851864 1.54302 2.79891 5.0861 9.26027 16.8914 30.8946 56.6906 104.31 192.668 357.598 667.074 1250.32 2360.19 4493.45 8608.33 16649.5 32592.1 64536.4 128998 261930 542140 1.12827e+06 -1.40384e+07 3.48781e+06 5.21105e+06 7.93727e+06 1.2224e+07 1.90097e+07 2.97496e+07 4.64054e+07 7.18565e+07 1.09007e+08 1.61073e+08 2.35776e+08 3.43475e+08 
0.368176 0.0835752 0.15093 0.272845 0.49384 0.894832 1.62381 2.95211 5.37781 9.81587 17.9667 32.9958 60.7742 112.387 208.877 390.263 732.893 1386.53 2646.41 5085.78 9872.73 19408.2 38624.5 77684.1 158873 331555 697176 1.49157e+06 -1.7154e+07 4.9e+06 7.67932e+06 1.20514e+07 1.91121e+07 3.04824e+07 4.83791e+07 7.6075e+07 1.16803e+08 1.7389e+08 2.5579e+08 3.73626e+08 
0.203047 0.0461004 0.0832733 0.150579 0.272628 0.494182 0.897156 1.63184 2.97438 5.43274 9.95171 18.2925 33.729 62.4524 116.237 217.543 409.372 776.306 1485.7 2864.79 5583.31 11026.2 22063.7 44678 92098.7 193969 412653 895030 1.96796e+06 -2.12261e+07 7.10977e+06 1.14196e+07 1.85615e+07 3.03362e+07 4.92404e+07 7.89986e+07 1.23208e+08 1.85241e+08 2.74236e+08 4.01911e+08 
0.104139 0.0236488 0.0427284 0.0772853 0.139971 0.253816 0.46099 0.838916 1.52999 2.79649 5.12671 9.43209 17.4107 32.2792 60.1668 112.799 212.713 404.354 776.009 1501.54 2938.45 5830.65 11734.2 23931.9 49750.3 105812 227991 502094 1.13591e+06 2.61853e+06 -2.65767e+07 1.00178e+07 1.68038e+07 2.83807e+07 4.75069e+07 7.83769e+07 1.2496e+08 1.90531e+08 2.84642e+08 4.19065e+08 
0.0307867 0.00699273 0.0126374 0.0228644 0.0414223 0.0751413 0.136534 0.24859 0.453629 0.829713 1.52229 2.80321 5.18014 9.61615 17.9502 33.7102 63.7029 121.388 233.606 453.584 891.294 1777.01 3596.84 7388.92 15492.1 33280.4 72655.6 162571 374777 884232 2.10613e+06 -3.68868e+07 8.93968e+06 1.57193e+07 2.7352e+07 4.67741e+07 7.6753e+07 1.19237e+08 1.80307e+08 2.67054e+08 
0.0151366 0.00343872 0.00621602 0.0112494 0.0203863 0.0369948 0.0672495 0.122502 0.223668 0.40938 0.751682 1.3854 2.56288 4.76358 8.90483 16.7513 31.7206 60.5887 116.918 227.792 449.431 900.282 1832.67 3792 8018.82 17400.1 38496.8 87558.9 205846 497767 1.22354e+06 3.09613e+06 -4.88762e+07 1.49533e+07 2.73315e+07 4.88847e+07 8.32125e+07 1.3243e+08 2.03435e+08 3.03647e+08 
0.00899962 0.0020449 0.00369728 0.00669279 0.0121321 0.0220236 0.0400505 0.0729886 0.133334 0.244195 0.448698 0.827651 1.53261 2.85192 5.33828 10.0576 19.0814 36.5264 70.6612 138.102 273.489 550.217 1125.93 2345.16 4998.58 10948 24526.7 56659.6 135753 336388 854479 2.25112e+06 6.18305e+06 -6.25272e+07 3.22551e+07 6.16232e+07 1.11185e+08 1.84244e+08 2.90825e+08 4.40148e+08 
0.00314093 0.000713802 0.00129085 0.00233723 0.00423785 0.00769543 0.0139994 0.0255233 0.046648 0.0854828 0.157175 0.290136 0.537751 1.00173 1.87734 3.54205 6.73169 12.912 25.0359 49.0718 97.5097 196.952 404.959 848.583 1821.75 4023.96 9117.84 21363.8 52080.5 131983 345743 946828 2.7318e+06 7.79678e+06 -8.84107e+07 4.63372e+07 9.04817e+07 1.59198e+08 2.62227e+08 4.06397e+08 
0.000934552 0.000212417 0.000384208 0.000695796 0.00126191 0.00229212 0.00417116 0.00760755 0.01391 0.0255035 0.0469204 0.0866704 0.160771 0.299772 0.562413 1.06248 2.02241 3.88612 7.55053 14.8375 29.5729 59.9429 123.775 260.763 563.392 1253.82 2869.75 6809.05 16856.6 43584 117407 333271 1.0057e+06 3.066e+06 9.53762e+06 -1.26897e+08 6.47451e+07 1.25076e+08 2.1957e+08 3.53931e+08 
0.000230407 5.23759e-05 9.47483e-05 0.000171616 0.000311301 0.000565571 0.00102948 0.00187816 0.00343527 0.00630101 0.0115978 0.0214344 0.0397857 0.0742396 0.139403 0.263616 0.502398 0.966734 1.88134 3.70445 7.40102 15.043 31.1658 65.9351 143.17 320.502 739.363 1771.59 4438.84 11658.3 32104.2 93793.9 293609 948770 3.19416e+06 1.11043e+07 -1.80639e+08 8.32335e+07 1.62523e+08 2.82235e+08 
4.57927e-05 1.04103e-05 1.88341e-05 3.41173e-05 6.1894e-05 0.000112464 0.000204746 0.000373603 0.000683489 0.00125398 0.00230878 0.00426839 0.007926 0.0147968 0.0277993 0.0526026 0.100326 0.193221 0.376398 0.742073 1.48475 3.02302 6.2759 13.3118 28.9942 65.1418 151.007 364.035 918.976 2437.5 6807.26 20262.9 64980.3 218636 781534 2.98314e+06 1.15748e+07 -2.47017e+08 9.78661e+07 1.99314e+08 
7.15296e-06 1.62622e-06 2.9423e-06 5.33026e-06 9.67074e-06 1.7574e-05 3.1998e-05 5.83949e-05 0.000106847 0.000196067 0.000361066 0.000667686 0.00124019 0.00231605 0.00435293 0.00824042 0.015725 0.0303042 0.059075 0.11657 0.233475 0.47593 0.989453 2.10245 4.58888 10.3351 24.0357 58.1761 147.583 393.964 1110.27 3345.26 10898 37677.8 140544 571740 2.46748e+06 1.06846e+07 -3.27173e+08 1.19789e+08 
8.47646e-07 1.92719e-07 3.48701e-07 6.31741e-07 1.14624e-06 2.08315e-06 3.79323e-06 6.92315e-06 1.26689e-05 2.32509e-05 4.28242e-05 7.92045e-05 0.000147149 0.000274866 0.000516741 0.000978539 0.00186804 0.00360152 0.00702425 0.0138689 0.0277971 0.0567081 0.118005 0.251028 0.548615 1.23744 2.88326 6.99441 17.7911 47.6511 134.904 408.911 1342.46 4706.11 17976.2 76059.6 353640 1.79587e+06 9.88613e+06 -4.1635e+08 
dt_FE: 2.80787e-10
dt_EA: 2.80787e-10
dt_PE: 2.80787e-10
tolC: 1e-06
dt_grow: 1.03
dt_max: 0.1
steps: 0
