t: 1.4875e-07
dt: 2.39109e-09
N: 0.111761 0.127714 0.145653 0.165759 0.188187 0.213016 0.240347 0.270234 0.302612 0.337248 0.373999 0.412525 0.452057 0.492068 0.531868 0.570421 0.606429 0.639252 0.667926 0.690652 0.706963 0.716055 0.716507 0.706544 0.685265 0.650584 0.598911 0.529038 0.440878 0.338445 0.232787 0.140368 0.0725426 0.0322047 0.0122205 0.00392021 0.00104439 0.000225363 3.81647e-05 4.88517e-06 
eC: 1 1.15749 1.33977 1.55077 1.795 2.07768 2.40489 2.78363 3.22201 3.72944 4.31677 4.99661 5.78351 6.69433 7.7486 8.9689 10.3814 12.0163 13.9087 16.0991 18.6345 21.5692 24.9661 28.8979 33.4489 38.7167 44.814 51.8717 60.0407 69.4963 80.4411 93.1095 107.773 124.746 144.391 167.131 193.452 223.918 259.182 300 
dV: 1.08333 0.211322 0.327712 0.508206 0.788112 1.22218 1.89532 2.93921 4.55805 7.06849 10.9616 16.999 26.3615 40.8807 63.3966 98.3136 152.462 236.434 366.655 568.597 881.764 1367.42 2120.55 3288.49 5099.69 7908.45 12264.2 19019 29494.1 45738.6 70930.1 109996 170579 264529 410225 636165 986546 1.52991e+06 2.37254e+06 3.67926e+06 
kVec: 1.00555e+06 1.1655e+06 1.34326e+06 1.54798e+06 1.78344e+06 2.05332e+06 2.36237e+06 2.71589e+06 3.11934e+06 3.57718e+06 4.09698e+06 4.68576e+06 5.3459e+06 6.08514e+06 6.91023e+06 7.82419e+06 8.81949e+06 9.90463e+06 1.108e+07 1.23059e+07 1.35842e+07 1.49036e+07 1.62337e+07 1.7495e+07 1.87282e+07 1.9972e+07 2.10872e+07 2.23132e+07 2.39349e+07 2.6394e+07 3.01747e+07 3.65455e+07 4.73973e+07 6.40353e+07 8.95593e+07 1.28149e+08 1.82188e+08 2.48774e+08 3.29047e+08 4.18219e+08 
cMat: 
-100406 852.828 1002.12 1167.29 1360.77 1588.57 1856.94 2173.38 2547.99 2994.64 3526.55 4161.71 4930.23 5860.39 6988.86 8371.64 10090.6 12222.7 14882.4 18294 22660.1 28277.3 35645.4 45508.8 58666.3 76386 101157 135514 183522 252005 350933 493471 700533 1.0073e+06 1.45437e+06 2.10237e+06 3.02213e+06 4.31918e+06 6.17968e+06 8.87327e+06 
4259.54 -120174 1134.26 1321.22 1540.22 1798.07 2101.86 2460.07 2884.14 3389.76 3991.94 4711.01 5581.12 6634.28 7912.03 9477.84 11424.5 13839.1 16851.6 20716 25662.3 32026.7 40375.8 51554.4 66468.6 86557.6 114647 153612 208071 285771 398036 559817 794874 1.14316e+06 1.6508e+06 2.38669e+06 3.43124e+06 4.90424e+06 7.01714e+06 1.00762e+07 
3132.29 709.825 -137516 1490.16 1737.18 2028.03 2370.7 2774.77 3253.13 3823.53 4502.86 5314.11 6295.81 7484.1 8925.88 10692.8 12889.8 15615.1 19015.5 23378.2 28962.9 36149.8 45579.5 58207.3 75058.2 97760.4 129511 173566 235153 323043 450059 633139 899196 1.29347e+06 1.86825e+06 2.70155e+06 3.88447e+06 5.55254e+06 7.94526e+06 1.14094e+07 
2273.09 515.121 928.382 -157781 1952.02 2278.87 2663.97 3118.08 3655.7 4296.78 5060.33 5972.19 7075.71 8411.54 10032.5 12019.1 14489.5 17554.3 21378.7 26286.1 32569.1 40655.9 51268.4 65483 84455.6 110022 145788 195428 264841 363927 507159 713663 1.01383e+06 1.45874e+06 2.10743e+06 3.04806e+06 4.38341e+06 6.26637e+06 8.96737e+06 1.28779e+07 
1642.46 372.212 670.83 1209.93 -181375 2527.35 2981.03 3489.25 4090.97 4808.5 5663.15 6683.85 7919.19 9414.7 11229.5 13454 16220.5 19653 23936.8 29434.8 36474.9 45537.8 57433.9 73371.6 94649.3 123329 163464 219182 297119 408407 569324 801388 1.1388e+06 1.63901e+06 2.36849e+06 3.42643e+06 4.92845e+06 7.04635e+06 1.00844e+07 1.44829e+07 
1181.66 267.79 482.637 870.508 1557.56 -208739 3318.68 3884.56 4554.56 5353.57 6305.32 7442.07 8817.96 10483.8 12505.5 14983.8 18066.4 21891.7 26666.4 32795.6 40645.7 50753.5 64024.5 81809.4 105560 137584 182414 244673 331790 456235 636237 895912 1.27359e+06 1.83363e+06 2.65056e+06 3.83558e+06 5.51817e+06 7.89059e+06 1.12938e+07 1.6221e+07 
845.728 191.662 345.436 623.055 1124.84 2031.94 -240421 4300.75 5042.68 5927.54 6981.63 8240.68 9764.77 11610.2 13850.1 16596.3 20012.7 24252.8 29546.2 36342.9 45049.9 56264 70991.7 90735.6 117111 152688 202511 271736 368640 507124 707515 996717 1.4175e+06 2.04162e+06 2.95229e+06 4.27361e+06 6.14993e+06 8.79539e+06 1.25903e+07 1.80847e+07 
601.597 136.338 245.728 443.221 800.187 1445.51 2613.85 -277039 5491.75 6523.83 7684.3 9070.54 10748.8 12781.1 15248.2 18273.4 22037.4 26709.9 32544.3 40037.7 49639.6 62009.9 78261.4 100057 129184 168488 223559 300109 407320 560610 782527 1.10294e+06 1.56932e+06 2.26129e+06 3.27131e+06 4.73717e+06 6.819e+06 9.75405e+06 1.39645e+07 2.00605e+07 
425.13 96.3469 173.653 313.226 565.508 1021.6 1847.36 3310.28 -319496 7131.1 8400.05 9916.01 11751.5 13974.6 16673.7 19983.8 24103.4 29218.2 35606.5 43813.6 54333.5 67890.8 85708.6 109615 141578 184729 245225 329361 447262 615933 860246 1.21317e+06 1.72714e+06 2.49e+06 3.60389e+06 5.22102e+06 7.51802e+06 1.07562e+07 1.54016e+07 2.21275e+07 
298.467 67.6426 121.92 219.917 397.056 717.31 1297.16 2349.01 4259.77 -368545 9109.32 10754.1 12745.8 15158.6 18088.3 21682.2 26155.9 31711.9 38653.1 47573.9 59012.8 73760.4 93151.5 119183 154006 201045 267035 358875 487657 672023 939241 1.3255e+06 1.88834e+06 2.7241e+06 3.945e+06 5.71816e+06 8.23724e+06 1.17883e+07 1.68825e+07 2.42584e+07 
207.841 47.1046 84.904 153.152 276.522 499.574 903.451 1636.12 2967.15 5386.6 -425463 11569.2 13713.4 16311.1 19466.1 23337.2 28157.4 34145.5 41628.8 51250.3 63593 79512.9 100457 128589 166246 217147 288610 388141 527816 727933 1.0182e+06 1.43806e+06 2.05029e+06 2.95984e+06 4.28924e+06 6.22082e+06 8.96549e+06 1.28342e+07 1.83843e+07 2.64204e+07 
143.433 32.508 58.5957 105.7 190.851 344.812 623.601 1129.38 2048.29 3718.75 6765.52 -491740 14519.1 17402 20771 24905.8 30056.1 36456.2 44457.2 54749.4 67958.6 85004.7 107443 137605 178006 232656 309451 416498 566852 782463 1.09546e+06 1.54857e+06 2.2098e+06 3.1927e+06 4.63014e+06 6.71975e+06 9.68965e+06 1.38754e+07 1.98806e+07 2.85756e+07 
98.2268 22.2629 40.1303 72.3929 130.717 236.179 427.161 773.665 1403.25 2547.88 4635.81 8393.13 -568943 18380.5 21942.8 26316.2 31765.9 38540.7 47013.7 57919.2 71923.7 90007.4 113829 145876 188839 247008 328833 443012 603553 834025 1.16894e+06 1.65425e+06 2.36315e+06 3.41764e+06 4.96089e+06 7.20567e+06 1.0397e+07 1.48944e+07 2.13467e+07 3.06894e+07 
66.6635 15.1096 27.237 49.1361 88.7275 160.321 289.98 525.245 952.751 1730.08 3148.21 5743.59 10494.4 -659539 22958.2 27540.4 33252.9 40357.6 49247.6 60697.4 75410.7 94423.1 119489 153243 198539 259929 346395 467194 637255 881706 1.23736e+06 1.75332e+06 2.50782e+06 3.63105e+06 5.27628e+06 7.6711e+06 1.10768e+07 1.58757e+07 2.27609e+07 3.27304e+07 
44.8045 10.1555 18.3073 33.0283 59.644 107.777 194.955 353.154 640.653 1163.48 2117.45 3863.63 7060.66 12938.7 -766436 28239.5 34492.2 41876.7 51121.9 63038.2 78362.4 98180.2 124333 159589 206953 271223 361873 488692 667481 924856 1.29982e+06 1.84452e+06 2.64205e+06 3.83045e+06 5.5728e+06 8.11103e+06 1.17221e+07 1.68095e+07 2.41089e+07 3.46783e+07 
29.8648 6.76951 12.204 22.0184 39.7642 71.8594 129.996 235.504 427.273 776.068 1412.59 2577.94 4712.06 8636.91 15714.2 -894017 35455.9 43064.7 52596.7 64893.3 80720.6 101208 128274 164809 213954 280734 375079 507281 693970 963178 1.35602e+06 1.92756e+06 2.76565e+06 4.01585e+06 5.85086e+06 8.52662e+06 1.2335e+07 1.76995e+07 2.53968e+07 3.65424e+07 
19.8063 4.48975 8.09449 14.605 26.3779 47.6726 86.2497 156.271 283.557 515.113 937.773 1711.75 3129.56 5737.9 10560.7 19508.6 -1.04626e+06 43913.5 53663.4 66254.2 82477.3 103501 131312 168911 219566 288514 386117 523156 717067 997280 1.40699e+06 2.00421e+06 2.88156e+06 4.19206e+06 6.11823e+06 8.93015e+06 1.29346e+07 1.8574e+07 2.6666e+07 3.83832e+07 
13.0594 2.96048 5.33774 9.63168 17.397 31.4446 56.8963 103.1 187.105 339.959 619.025 1130.19 2066.87 3790.7 6979.32 12898.1 23903.9 -1.23092e+06 54469.4 67301 83854.2 105333 133789 172328 224343 295278 395927 537561 738445 1.02944e+06 1.45589e+06 2.07889e+06 2.99604e+06 4.36813e+06 6.388e+06 9.34065e+06 1.35482e+07 1.94722e+07 2.79729e+07 4.02819e+07 
8.58058 1.94528 3.5076 6.32979 11.4341 20.669 37.4036 67.7877 123.041 223.603 407.247 743.721 1360.52 2496.14 4597.66 8500.68 15762.9 29392.9 -1.45813e+06 67852.1 85118.5 107040 136133 175614 229008 301983 405799 552268 760563 1.06314e+06 1.50773e+06 2.15887e+06 3.11979e+06 4.55993e+06 6.6838e+06 9.79325e+06 1.42275e+07 2.0469e+07 2.94258e+07 4.23949e+07 
5.67419 1.28647 2.31987 4.18684 7.5639 13.6749 24.7504 44.8637 81.4481 148.051 269.719 492.717 901.686 1655.02 3049.89 5642.17 10469.4 19537.2 36501.8 -1.73698e+06 86436.7 108846 138648 179190 234156 309482 416995 569167 786297 1.10281e+06 1.56943e+06 2.25503e+06 3.26991e+06 4.79435e+06 7.04764e+06 1.03529e+07 1.50709e+07 2.17094e+07 3.12364e+07 4.50305e+07 
3.77855 0.856757 1.54512 2.7889 5.03904 9.1115 16.494 29.9036 54.301 98.7321 179.925 328.799 601.968 1105.44 2038.25 3773.11 7006.69 13086.8 24617.5 46469.4 -2.08649e+06 111429 142196 184170 241242 319701 432113 591823 820606 1.1555e+06 1.65118e+06 2.38223e+06 3.46839e+06 5.1043e+06 7.52883e+06 1.10934e+07 1.61873e+07 2.3352e+07 3.36345e+07 4.85213e+07 
2.5414 0.576295 1.03944 1.87639 3.39076 6.13214 11.1028 20.1338 36.5698 66.5128 121.253 221.667 406.022 746.021 1376.4 2549.77 4739.06 8860.18 16685.4 31539.2 60057.8 -2.53093e+06 146010 191749 251857 334784 454122 624414 869466 1.22991e+06 1.76589e+06 2.5599e+06 3.74467e+06 5.5348e+06 8.19617e+06 1.21193e+07 1.77333e+07 2.5626e+07 3.69537e+07 5.33518e+07 
1.73818 0.394195 0.711081 1.28382 2.32032 4.19709 7.6009 13.787 25.0491 45.5752 83.1166 152.017 278.6 512.221 945.717 1753.4 3262.19 6105.98 11513.6 21797.6 41582.8 79220.5 -3.10356e+06 202808 267236 356498 485624 670843 938830 1.33531e+06 1.92822e+06 2.81131e+06 4.13595e+06 6.14518e+06 9.1436e+06 1.35778e+07 1.99337e+07 2.8865e+07 4.16837e+07 6.02367e+07 
1.21516 0.275615 0.497249 0.897906 1.62314 2.93666 5.31965 9.65195 17.5423 31.9301 58.2589 106.61 195.506 359.715 664.702 1233.59 2297.79 4306.64 8133.05 15426.1 29491.2 56968.7 111054 -3.83819e+06 288106 385996 528511 734256 1.03396e+06 1.48063e+06 2.15341e+06 3.1624e+06 4.68606e+06 7.00882e+06 1.04918e+07 1.56635e+07 2.30927e+07 3.3526e+07 4.85004e+07 7.01666e+07 
0.861454 0.195416 0.352614 0.636849 1.15147 2.0838 3.77581 6.85304 12.46 22.6897 41.4204 75.8407 139.179 256.288 474.025 880.674 1642.57 3083.19 5832.44 11085.5 21243.9 41149.4 80472.6 158438 -4.8061e+06 425683 586289 819888 1.16286e+06 1.67846e+06 2.46179e+06 3.64629e+06 5.44948e+06 8.21531e+06 1.23865e+07 1.86106e+07 2.7575e+07 4.01569e+07 5.82144e+07 8.43298e+07 
0.615858 0.139724 0.252167 0.455524 0.823803 1.49123 2.70295 4.90757 8.92646 16.2632 29.7057 54.4258 99.9574 184.23 341.098 634.472 1185.08 2228.14 4222.84 8044.66 15457.8 30032.9 58943.1 116550 233727 -6.10626e+06 658790 931759 1.33246e+06 1.94094e+06 2.87484e+06 4.30084e+06 6.49261e+06 9.87948e+06 1.50223e+07 2.27408e+07 3.38935e+07 4.95373e+07 7.19885e+07 1.04438e+08 
0.444059 0.100764 0.18189 0.328648 0.594504 1.07649 1.95191 3.54541 6.45185 11.7614 21.4968 39.4147 72.453 133.676 247.79 461.548 863.53 1626.68 3089.66 5901.72 11375.7 22181 43717.2 86887.9 175271 358693 -7.80147e+06 1.0558e+06 1.52553e+06 2.24824e+06 3.37266e+06 5.11224e+06 7.82111e+06 1.20508e+07 1.85332e+07 2.83395e+07 4.25717e+07 6.25239e+07 9.1155e+07 1.32494e+08 
0.31568 0.0716451 0.129355 0.233783 0.423017 0.766231 1.38988 2.52565 4.59845 8.38789 15.3416 28.1513 51.7982 95.6748 177.575 331.254 620.88 1172.02 2231.35 4274.7 8267.8 16184.5 32047.4 64057.7 130069 269215 560272 -1.00781e+07 1.73197e+06 2.58769e+06 3.94147e+06 6.07019e+06 9.4398e+06 1.4773e+07 2.30439e+07 3.56823e+07 5.41307e+07 7.99854e+07 1.17081e+08 1.70562e+08 
0.216887 0.0492328 0.0889102 0.160728 0.290913 0.527131 0.956561 1.73904 3.16798 5.78237 10.5839 19.4373 35.8011 66.2057 123.046 229.898 431.736 816.782 1558.96 2995.95 5815.87 11433 22753.1 45762.5 93589.9 195314 410695 878662 -1.3178e+07 2.88651e+06 4.52377e+06 7.0993e+06 1.12587e+07 1.79567e+07 2.84993e+07 4.48146e+07 6.88069e+07 1.02436e+08 1.50682e+08 2.20097e+08 
0.141134 0.0320435 0.0578817 0.104665 0.189499 0.343497 0.623597 1.13427 2.06744 3.7762 6.91725 12.7148 23.4444 43.4096 80.7945 151.21 284.547 539.596 1032.69 1991.26 3880.86 7664.09 15336.1 31054.9 64016.1 134824 286828 622119 1.36789e+06 -1.74458e+07 4.94187e+06 7.93756e+06 1.29018e+07 2.10861e+07 3.42261e+07 5.49105e+07 8.56399e+07 1.28758e+08 1.90616e+08 2.79361e+08 
0.0846925 0.0192327 0.0347495 0.0628533 0.113833 0.206419 0.374906 0.68226 1.24428 2.27428 4.16937 7.67078 14.1595 26.2515 48.9315 91.7351 172.991 328.846 631.1 1221.15 2389.73 4741.85 9543.01 19463 40460.1 86053 185416 408335 923797 2.12955e+06 -2.32431e+07 8.14709e+06 1.36659e+07 2.3081e+07 3.86357e+07 6.37411e+07 1.01625e+08 1.54952e+08 2.31489e+08 3.40811e+08 
0.0454592 0.0103253 0.0186602 0.0337611 0.0611636 0.110952 0.201604 0.367063 0.669822 1.22514 2.24779 4.13917 7.64891 14.1991 26.505 49.7759 94.0627 179.24 344.938 669.755 1316.07 2623.9 5311.03 10910.4 22875.3 49141.3 107282 240049 553390 1.30564e+06 3.10987e+06 -3.15394e+07 1.32002e+07 2.32108e+07 4.03875e+07 6.90658e+07 1.13332e+08 1.76063e+08 2.66238e+08 3.94328e+08 
0.0214522 0.0048735 0.00880961 0.0159431 0.0288923 0.0524307 0.0953089 0.173615 0.316993 0.580192 1.06532 1.96345 3.63222 6.75116 12.6203 23.7406 44.9558 85.8689 165.701 322.837 636.953 1275.92 2597.33 5374.19 11364.6 24660.2 54559.3 124092 291734 705456 1.73406e+06 4.38797e+06 -4.40305e+07 2.11924e+07 3.87354e+07 6.92815e+07 1.17932e+08 1.87686e+08 2.88317e+08 4.30342e+08 
0.00882835 0.00200598 0.00362692 0.00656542 0.0119013 0.0216045 0.0392883 0.0715995 0.130797 0.239548 0.440159 0.8119 1.50344 2.79764 5.23669 9.86621 18.7182 35.8313 69.3164 135.474 268.284 539.746 1104.5 2300.53 4903.45 10739.6 24059.9 55581.3 133170 329986 838217 2.20827e+06 6.06538e+06 -6.20058e+07 3.16412e+07 6.04504e+07 1.09069e+08 1.80738e+08 2.85291e+08 4.31771e+08 
0.00311884 0.000708781 0.00128177 0.00232079 0.00420804 0.0076413 0.0139009 0.0253438 0.0463198 0.0848815 0.156069 0.288095 0.533968 0.994683 1.86413 3.51713 6.68434 12.8212 24.8598 48.7267 96.8238 195.567 402.11 842.614 1808.94 3995.65 9053.7 21213.5 51714.2 131055 343310 940168 2.71258e+06 7.74194e+06 -8.84775e+07 4.60112e+07 8.98452e+07 1.58078e+08 2.60382e+08 4.03538e+08 
0.000932618 0.000211977 0.000383413 0.000694356 0.00125929 0.00228737 0.00416252 0.00759181 0.0138812 0.0254507 0.0468233 0.0864911 0.160438 0.299152 0.56125 1.06029 2.01822 3.87808 7.53491 14.8068 29.5117 59.8189 123.519 260.223 562.226 1251.22 2863.81 6794.96 16821.8 43493.9 117164 332582 1.00362e+06 3.05966e+06 9.51789e+06 -1.27651e+08 6.46111e+07 1.24817e+08 2.19116e+08 3.53198e+08 
0.000230287 5.23486e-05 9.4699e-05 0.000171526 0.000311139 0.000565277 0.00102894 0.00187718 0.00343348 0.00629773 0.0115917 0.0214233 0.039765 0.0742009 0.13933 0.263479 0.502137 0.966231 1.88036 3.70253 7.39717 15.0352 31.1496 65.9008 143.096 320.335 738.979 1770.66 4436.53 11652.2 32087.5 93745.1 293457 948276 3.1925e+06 1.10986e+07 -1.81999e+08 8.31902e+07 1.62438e+08 2.82088e+08 
4.57876e-05 1.04092e-05 1.8832e-05 3.41135e-05 6.18871e-05 0.000112452 0.000204724 0.000373562 0.000683413 0.00125384 0.00230853 0.00426792 0.00792512 0.0147951 0.0277962 0.0525967 0.100315 0.193199 0.376356 0.741991 1.48459 3.02268 6.2752 13.3104 28.9909 65.1346 150.99 363.995 918.874 2437.23 6806.5 20260.7 64973.1 218612 781447 2.98281e+06 1.15735e+07 -2.48718e+08 9.78552e+07 1.99292e+08 
7.15283e-06 1.62619e-06 2.94224e-06 5.33016e-06 9.67056e-06 1.75737e-05 3.19974e-05 5.83938e-05 0.000106845 0.000196063 0.000361059 0.000667674 0.00124017 0.002316 0.00435285 0.00824026 0.0157247 0.0303036 0.0590739 0.116567 0.233471 0.475921 0.989434 2.10241 4.58879 10.3349 24.0352 58.175 147.58 393.957 1110.25 3345.2 10897.8 37677.1 140541 571729 2.46743e+06 1.06844e+07 -3.29034e+08 1.19786e+08 
8.47644e-07 1.92719e-07 3.487e-07 6.3174e-07 1.14624e-06 2.08314e-06 3.79322e-06 6.92314e-06 1.26689e-05 2.32509e-05 4.28241e-05 7.92043e-05 0.000147148 0.000274865 0.00051674 0.000978537 0.00186804 0.00360151 0.00702424 0.0138689 0.027797 0.056708 0.118005 0.251028 0.548614 1.23744 2.88325 6.9944 17.791 47.651 134.903 408.91 1342.45 4706.1 17976.1 76059.4 353639 1.79586e+06 9.8861e+06 -4.18216e+08 
dt_FE: 2.39109e-09
dt_EA: 2.39109e-09
dt_PE: 2.39109e-09
tolC: 1e-06
dt_grow: 1.03
dt_max: 0.1
steps: 0
