t: 6.96798e-09
dt: 3.23481e-10
N: 0.00423076 0.00488541 0.00563873 0.00650564 0.0075026 0.00864613 0.00995704 0.0114588 0.0131752 0.0151289 0.017353 0.0198799 0.0227271 0.0259315 0.0295291 0.0335368 0.0379453 0.0427927 0.0480874 0.05369 0.059593 0.0657385 0.0718948 0.077663 0.0829524 0.087495 0.0900132 0.09042 0.0884035 0.0829612 0.0848507 0.383487 0.302128 0.0210467 0.00850811 0.00297577 0.000829531 0.000180164 3.03119e-05 3.83749e-06 
eC: 1 1.15749 1.33977 1.55077 1.795 2.07768 2.40489 2.78363 3.22201 3.72944 4.31677 4.99661 5.78351 6.69433 7.7486 8.9689 10.3814 12.0163 13.9087 16.0991 18.6345 21.5692 24.9661 28.8979 33.4489 38.7167 44.814 51.8717 60.0407 69.4963 80.4411 93.1095 107.773 124.746 144.391 167.131 193.452 223.918 259.182 300 
dV: 1.08333 0.211322 0.327712 0.508206 0.788112 1.22218 1.89532 2.93921 4.55805 7.06849 10.9616 16.999 26.3615 40.8807 63.3966 98.3136 152.462 236.434 366.655 568.597 881.764 1367.42 2120.55 3288.49 5099.69 7908.45 12264.2 19019 29494.1 45738.6 70930.1 109996 170579 264529 410225 636165 986546 1.52991e+06 2.37254e+06 3.67926e+06 
kVec: 825993 959486 1.1073e+06 1.27815e+06 1.47546e+06 1.70275e+06 1.9645e+06 2.26579e+06 2.61224e+06 3.00905e+06 3.46417e+06 3.98581e+06 4.57968e+06 5.25626e+06 6.02642e+06 6.90038e+06 7.88165e+06 8.98805e+06 1.02344e+07 1.16063e+07 1.31249e+07 1.48034e+07 1.66411e+07 1.8591e+07 2.07023e+07 2.30191e+07 2.53588e+07 2.78707e+07 3.0689e+07 3.39527e+07 3.77578e+07 4.29751e+07 5.16752e+07 6.62291e+07 9.02826e+07 1.27804e+08 1.81109e+08 2.47312e+08 3.27405e+08 4.16554e+08 
cMat: 
-198896 956.071 1123.44 1308.61 1525.5 1780.88 2081.74 2436.49 2856.45 3357.17 3953.48 4665.52 5527.09 6569.85 7834.93 9385.11 11312.2 13702.3 16684 20508.6 25403.3 31700.6 39960.6 51018.1 65768.4 85633.2 113403 151919 205740 282513 393417 553211 785340 1.12924e+06 1.63043e+06 2.35688e+06 3.38799e+06 4.84206e+06 6.92779e+06 9.94746e+06 
4859.34 -235069 1293.97 1507.26 1757.1 2051.26 2397.83 2806.48 3290.26 3867.09 4554.05 5374.38 6367.01 7568.47 9026.14 10812.4 13033.2 15787.8 19224.5 23633.1 29275.8 36536.4 46061.3 58813.9 75828.2 98746 130790 175243 237370 326012 454084 638646 906802 1.30413e+06 1.88326e+06 2.72276e+06 3.91441e+06 5.59482e+06 8.00524e+06 1.1495e+07 
3645.62 826.154 -270840 1734.37 2021.87 2360.39 2759.22 3229.51 3786.27 4450.15 5240.81 6185.01 7327.59 8710.63 10388.7 12445.2 15002.2 18174.1 22131.8 27209.5 33709.4 42074.2 53049.3 67746.5 87359 113782 150736 202011 273690 375985 523817 736901 1.04656e+06 1.50545e+06 2.17442e+06 3.1443e+06 4.52108e+06 6.46251e+06 9.24737e+06 1.32793e+07 
2707.01 613.456 1105.61 -312626 2324.66 2713.9 3172.51 3713.3 4353.56 5117.02 6026.33 7112.25 8426.43 10017.3 11947.6 14313.5 17255.5 20905.3 25459.8 31304.1 38786.4 48416.9 61055.3 77983.5 100578 131025 173619 232735 315398 433399 603974 849898 1.20737e+06 1.7372e+06 2.50973e+06 3.62992e+06 5.22018e+06 7.46259e+06 1.06792e+07 1.53362e+07 
2008.02 455.055 820.136 1479.22 -361362 3089.86 3644.52 4265.86 5001.49 5878.72 6923.6 8171.48 9681.76 11510.1 13728.9 16448.5 19830.7 24027.2 29264.4 35986 44593 55673.2 70216.9 89701.9 115715 150779 199846 267966 363248 499306 696038 979753 1.39226e+06 2.0038e+06 2.89564e+06 4.18905e+06 6.02537e+06 8.61465e+06 1.23289e+07 1.77064e+07 
1488.53 337.332 607.972 1096.57 1962.03 -418038 4180.51 4893.33 5737.32 6743.83 7942.74 9374.68 11107.9 13206.3 15753 18875 22758.1 27576.7 33591.4 41312.3 51200.9 63933.6 80650.9 103054 132973 173313 229784 308212 417952 574713 801460 1.12857e+06 1.60433e+06 2.3098e+06 3.33888e+06 4.83163e+06 6.95117e+06 9.93968e+06 1.42266e+07 2.04334e+07 
1102.22 249.79 450.201 812.017 1465.98 2648.19 -483928 5605.09 6572.04 7725.27 9099.04 10739.9 12726.3 15131.4 18050.6 21629.7 26082.2 31608.2 38507.1 47365.1 58712.8 73327.9 92522.3 118254 152629 198995 263930 354149 480442 660926 922093 1.299e+06 1.8474e+06 2.6608e+06 3.84767e+06 5.56972e+06 8.0151e+06 1.14629e+07 1.64087e+07 2.35695e+07 
814.923 184.683 332.863 600.387 1083.93 1958.09 3540.72 -560496 7439.13 8837.18 10409.2 12287 14560.3 17313.3 20655.2 24753.1 29851.9 36181.3 44084.6 54235 67241.8 83998.6 106013 135537 174993 228234 302833 406528 551756 759403 1.06001e+06 1.49404e+06 2.1258e+06 3.06315e+06 4.43132e+06 6.41697e+06 9.23702e+06 1.32128e+07 1.89163e+07 2.7174e+07 
601.571 136.334 245.725 443.224 800.21 1445.59 2614.07 4684.14 -649627 10090.7 11886.3 14031.4 16628.8 19774.5 23593.7 28277.7 34107 41344.6 50384.2 61997.5 76883.4 96067.4 121280 155109 200337 261397 347000 466056 632889 871563 1.21727e+06 1.71667e+06 2.44396e+06 3.52342e+06 5.09961e+06 7.3879e+06 1.06382e+07 1.52204e+07 2.17937e+07 3.13111e+07 
443.532 100.519 181.177 326.804 590.038 1065.95 1927.62 3490.71 6330.15 -752965 13536.8 15980.9 18940.7 22526.1 26879.8 32220.4 38868.5 47125 57439.8 70696.4 87695 109610 138426 177110 228858 298759 396823 533300 724675 998648 1.39574e+06 1.96973e+06 2.80613e+06 4.0481e+06 5.8624e+06 8.49738e+06 1.22408e+07 1.75177e+07 2.50879e+07 3.60487e+07 
326.253 73.9411 133.276 240.407 434.062 784.192 1418.17 2568.26 4657.6 8455.46 -873225 18160.5 21526.2 25603.9 30556.3 36632.9 44199.3 53599 65345.6 80448.8 99823.3 124813 157689 201849 260960 340860 453037 609273 828524 1.14265e+06 1.59828e+06 2.25735e+06 3.21839e+06 4.64613e+06 6.73291e+06 9.76495e+06 1.40733e+07 2.01461e+07 2.88583e+07 4.14727e+07 
239.298 54.235 97.7587 176.345 318.408 575.27 1040.39 1884.22 3417.28 6204.22 11287.3 -1.01337e+06 24223 29032.8 34653.5 41551.9 50144.4 60822.1 74170.7 91341.7 113379 141819 179254 229575 296979 388155 516276 694869 945714 1.30543e+06 1.82762e+06 2.58357e+06 3.68674e+06 5.32657e+06 7.72474e+06 1.1211e+07 1.61658e+07 2.31492e+07 3.3168e+07 4.76745e+07 
175.19 39.7066 71.5736 129.115 233.138 421.233 761.854 1379.86 2502.73 4544.22 8268.11 14969.4 -1.17614e+06 32782.2 39135.7 46935.8 56655.4 68738.5 83850.3 103301 128278 160531 203017 260175 336801 440546 586484 790125 1.07645e+06 1.48751e+06 2.08484e+06 2.95041e+06 4.21475e+06 6.09546e+06 8.84789e+06 1.28515e+07 1.85434e+07 2.65646e+07 3.80725e+07 5.47355e+07 
127.842 28.976 52.2328 94.2291 170.154 307.45 556.099 1007.27 1827.1 3317.81 6037.37 11014.6 20125.2 -1.3659e+06 44027.3 52814.7 63769.5 77394.4 94442.9 116400 144616 181077 229146 293877 380741 498470 664286 895944 1.22207e+06 1.69086e+06 2.3729e+06 3.36237e+06 4.80928e+06 6.96331e+06 1.01184e+07 1.4711e+07 2.12422e+07 3.04451e+07 4.36489e+07 6.27675e+07 
92.8829 21.0531 37.9524 68.4701 123.646 223.43 404.157 732.114 1328.12 2411.99 4389.62 8009.59 14637.3 26822.9 -1.5874e+06 58542.5 71504.8 86813.5 105979 130683 162451 203535 257751 330840 429029 562266 750189 1.01309e+06 1.38374e+06 1.91729e+06 2.69463e+06 3.82382e+06 5.47717e+06 7.9408e+06 1.15528e+07 1.68148e+07 2.43008e+07 3.48473e+07 4.99795e+07 7.18906e+07 
67.1897 15.23 27.4564 49.5369 89.4611 161.669 292.463 529.836 961.275 1745.99 3178.04 5799.83 10601.1 19431.3 35353.6 -1.84748e+06 79768.5 96886.6 118332 145996 181605 227697 288591 370787 481353 631593 843849 1.14128e+06 1.56129e+06 2.16695e+06 3.05076e+06 4.33662e+06 6.22215e+06 9.03483e+06 1.31632e+07 1.91831e+07 2.77513e+07 3.98203e+07 5.71375e+07 8.22128e+07 
48.4151 10.9748 19.7864 35.7009 64.4786 116.532 210.831 381.991 693.133 1259.15 2292.31 4184.24 7649.97 14025.9 25814.7 47687.2 -2.15041e+06 107343 131176 161953 201609 252999 320981 412889 536711 705249 943834 1.27881e+06 1.75282e+06 2.43777e+06 3.43927e+06 4.89914e+06 7.04374e+06 1.02472e+07 1.49555e+07 2.18291e+07 3.16176e+07 4.54026e+07 6.51829e+07 9.38248e+07 
34.6517 7.85533 14.1632 25.5567 46.1611 83.435 150.968 273.565 496.465 902.045 1642.52 2998.83 5484.22 10058.2 18518.9 34223.9 63426.4 -2.50695e+06 144529 178576 222498 279490 354995 457255 595270 783489 1.05055e+06 1.42636e+06 1.95939e+06 2.73151e+06 3.86306e+06 5.51611e+06 7.94968e+06 1.15904e+07 1.69499e+07 2.47845e+07 3.59488e+07 5.16674e+07 7.42233e+07 1.06884e+08 
24.5968 5.57629 10.0548 18.1447 32.7765 59.2492 107.22 194.318 352.705 640.972 1167.4 2131.93 3900.03 7155.34 13179.5 24367.8 45185.5 84256.6 -2.92928e+06 194503 243998 306838 390236 503410 656467 865654 1.16325e+06 1.58311e+06 2.18021e+06 3.04756e+06 4.322e+06 6.18854e+06 8.94309e+06 1.30714e+07 1.91596e+07 2.8073e+07 4.07842e+07 5.86758e+07 8.4351e+07 1.21528e+08 
17.3576 3.93538 7.0966 12.8077 23.1383 41.832 75.7126 137.24 249.154 452.896 825.082 1507.24 2758.3 5062.79 9329.74 17259.7 32026.5 59765.1 111661 -3.42417e+06 264414 332965 424130 548150 716294 946721 1.27561e+06 1.74111e+06 2.40532e+06 3.37355e+06 4.80097e+06 6.89823e+06 1.00028e+07 1.46661e+07 2.1559e+07 3.167e+07 4.61025e+07 6.641e+07 9.55535e+07 1.3775e+08 
12.126 2.74948 4.95857 8.95007 16.1711 29.2403 52.9319 95.9657 174.261 316.848 577.411 1055.17 1931.82 3547.55 6541.08 12108.5 22485.7 41997.7 79001.6 149128 -4.01248e+06 357595 456330 591032 774188 1.02597e+06 1.38672e+06 1.89926e+06 2.63347e+06 3.70819e+06 5.2989e+06 7.64497e+06 1.11306e+07 1.63806e+07 2.41613e+07 3.56005e+07 5.19478e+07 7.49405e+07 1.07939e+08 1.55713e+08 
8.36193 1.89617 3.42005 6.17384 11.1566 20.1765 36.5313 66.246 120.325 218.846 398.956 729.347 1335.93 2454.62 4528.73 8389.46 15592.9 29152.5 54899.9 103773 197607 -4.71545e+06 480413 630908 828681 1.10154e+06 1.49419e+06 2.0545e+06 2.86079e+06 4.04674e+06 5.81027e+06 8.42278e+06 1.2321e+07 1.82111e+07 2.69677e+07 3.98759e+07 5.83476e+07 8.43167e+07 1.21588e+08 1.75542e+08 
5.69049 1.29052 2.32795 4.203 7.59633 13.7405 24.884 45.1362 82.0063 149.205 272.109 497.678 912.087 1676.92 3096.11 5740.32 10679.8 19989.9 37693.5 71361.4 136135 259354 -5.56768e+06 663958 874883 1.16711e+06 1.58985e+06 2.19622e+06 3.07357e+06 4.37156e+06 6.31264e+06 9.20374e+06 1.35404e+07 2.01182e+07 2.99345e+07 4.44513e+07 6.52595e+07 9.4499e+07 1.36465e+08 1.97204e+08 
3.81927 0.866263 1.56286 2.82214 5.10157 9.22997 16.7198 30.3363 55.1357 100.357 183.109 335.076 614.481 1130.59 2089.17 3877.2 7221.99 13535.9 25562.4 48484.6 92691.6 179054 349044 -6.58743e+06 905524 1.21319e+06 1.66112e+06 2.30778e+06 3.24976e+06 4.65364e+06 6.76823e+06 9.9395e+06 1.47284e+07 2.20289e+07 3.29758e+07 4.92307e+07 7.25807e+07 1.05373e+08 1.52438e+08 2.20535e+08 
2.51003 0.569385 1.02742 1.8556 3.35504 6.07158 11.0016 19.9678 36.3048 66.1113 120.687 220.978 405.528 746.749 1381.17 2566.03 4785.97 8983.53 16994 32299.8 61898.5 119897 234474 461642 -7.8379e+06 1.24032e+06 1.70828e+06 2.38892e+06 3.38825e+06 4.89054e+06 7.17296e+06 1.06242e+07 1.58782e+07 2.39371e+07 3.60908e+07 5.42258e+07 8.03457e+07 1.17006e+08 1.6962e+08 2.45713e+08 
1.60832 0.364891 0.658537 1.18961 2.15137 3.89438 7.05878 12.8162 23.3116 42.4717 77.5767 142.134 261.04 481.119 890.781 1656.93 3094.85 5818.81 11028 21008.7 40368.2 78431.3 153931 304371 610382 -9.40598e+06 1.72044e+06 2.4333e+06 3.47975e+06 5.06879e+06 7.50767e+06 1.12317e+07 1.69555e+07 2.58004e+07 3.92309e+07 5.9388e+07 8.85133e+07 1.29367e+08 1.87999e+08 2.72742e+08 
1.00748 0.228611 0.412669 0.745631 1.3488 2.44234 4.42847 8.04377 14.6379 26.6842 48.7717 89.4236 164.381 303.282 562.184 1047.15 1959.17 3690.6 7009.77 13389.7 25809 50324 99185.1 197130 397654 813799 -1.13208e+07 2.39538e+06 3.4611e+06 5.10077e+06 7.65184e+06 1.15986e+07 1.77444e+07 2.73407e+07 4.2048e+07 6.42963e+07 9.65861e+07 1.41853e+08 2.06811e+08 3.00601e+08 
0.60968 0.13837 0.249827 0.451511 0.816982 1.47984 2.6843 4.87784 8.88109 16.1997 29.6296 54.3692 100.039 184.779 342.955 639.758 1199.12 2263.55 4309.45 8255.83 15967.8 31257.5 61893.8 123716 251205 519941 1.08207e+06 -1.37446e+07 3.34499e+06 4.99767e+06 7.61226e+06 1.17235e+07 1.82313e+07 2.85314e+07 4.45052e+07 6.89141e+07 1.04544e+08 1.54478e+08 2.26122e+08 3.29411e+08 
0.353614 0.0802696 0.14496 0.262053 0.474308 0.859439 1.55958 2.83535 5.1651 9.42763 17.2561 31.6908 58.3704 107.942 200.615 374.827 703.906 1331.69 2541.74 4884.62 9482.24 18640.5 37096.8 74611.5 152590 318441 669601 1.43258e+06 -1.68638e+07 4.70619e+06 7.37559e+06 1.15748e+07 1.83562e+07 2.92768e+07 4.64656e+07 7.30661e+07 1.12183e+08 1.67013e+08 2.45673e+08 3.58848e+08 
0.195638 0.0444183 0.0802349 0.145085 0.26268 0.476151 0.864422 1.5723 2.86586 5.23452 9.58861 17.6251 32.4984 60.1738 111.996 209.605 394.436 747.981 1431.5 2760.26 5379.6 10623.9 21258.7 43047.9 88738.4 186892 397597 862373 1.89616e+06 -2.09752e+07 6.85036e+06 1.1003e+07 1.78843e+07 2.92293e+07 4.74438e+07 7.61163e+07 1.18713e+08 1.78483e+08 2.6423e+08 3.87246e+08 
0.101023 0.0229412 0.0414499 0.0749729 0.135783 0.246221 0.447197 0.813815 1.48421 2.71282 4.97332 9.14987 16.8898 31.3134 58.3666 109.424 206.348 392.255 752.791 1456.61 2850.53 5656.19 11383.1 23215.9 48261.8 102646 221169 487071 1.10193e+06 2.54018e+06 -2.64135e+07 9.71803e+06 1.6301e+07 2.75315e+07 4.60855e+07 7.60318e+07 1.21221e+08 1.8483e+08 2.76125e+08 4.06527e+08 
0.0326025 0.00740515 0.0133828 0.0242129 0.0438654 0.0795731 0.144587 0.263251 0.480384 0.878648 1.61207 2.96854 5.48566 10.1833 19.0089 35.6984 67.4601 128.548 247.383 480.336 943.862 1881.81 3808.97 7824.71 16405.8 35243.2 76940.8 172159 396881 936383 2.23034e+06 -3.64358e+07 9.46693e+06 1.66464e+07 2.89652e+07 4.95327e+07 8.12799e+07 1.26269e+08 1.90941e+08 2.82805e+08 
0.0161419 0.0036671 0.00662885 0.0119965 0.0217402 0.0394519 0.0717159 0.130638 0.238523 0.436569 0.801605 1.47741 2.73309 5.07996 9.49624 17.8638 33.8273 64.6127 124.683 242.921 479.28 960.075 1954.38 4043.85 8551.39 18555.7 41053.5 93374.1 219517 530826 1.3048e+06 3.30176e+06 -4.83781e+07 1.59464e+07 2.91467e+07 5.21314e+07 8.8739e+07 1.41225e+08 2.16946e+08 3.23814e+08 
0.00893014 0.00202911 0.00366873 0.00664111 0.0120385 0.0218536 0.0397412 0.072425 0.132305 0.24231 0.445234 0.821261 1.52077 2.8299 5.29706 9.97996 18.934 36.2444 70.1156 137.036 271.377 545.969 1117.23 2327.06 4959.99 10863.5 24337.3 56222.1 134705 333791 847881 2.23373e+06 6.13531e+06 -6.27357e+07 3.2006e+07 6.11474e+07 1.10327e+08 1.82822e+08 2.8858e+08 4.36749e+08 
0.00313056 0.000711445 0.00128659 0.00232951 0.00422385 0.00767002 0.0139532 0.025439 0.0464939 0.0852005 0.156656 0.289178 0.535975 0.998421 1.87114 3.53035 6.70946 12.8694 24.9532 48.9098 97.1877 196.302 403.621 845.781 1815.74 4010.67 9087.72 21293.2 51908.5 131547 344601 943701 2.72277e+06 7.77103e+06 -8.8622e+07 4.61841e+07 9.01828e+07 1.58672e+08 2.61361e+08 4.05055e+08 
0.000933503 0.000212178 0.000383777 0.000695015 0.00126049 0.00228954 0.00416647 0.007599 0.0138944 0.0254748 0.0468677 0.0865731 0.16059 0.299435 0.561782 1.06129 2.02013 3.88176 7.54205 14.8208 29.5397 59.8756 123.636 260.47 562.759 1252.41 2866.53 6801.4 16837.7 43535.1 117275 332897 1.00457e+06 3.06256e+06 9.52691e+06 -1.27125e+08 6.46724e+07 1.24936e+08 2.19324e+08 3.53533e+08 
0.000230336 5.23599e-05 9.47193e-05 0.000171563 0.000311206 0.000565398 0.00102917 0.00187759 0.00343422 0.00629909 0.0115942 0.0214279 0.0397735 0.0742169 0.13936 0.263536 0.502245 0.966439 1.88076 3.70332 7.39876 15.0385 31.1563 65.9149 143.127 320.404 739.138 1771.05 4437.48 11654.7 32094.4 93765.3 293520 948480 3.19319e+06 1.1101e+07 -1.80878e+08 8.32081e+07 1.62473e+08 2.82149e+08 
4.57897e-05 1.04097e-05 1.88328e-05 3.4115e-05 6.18899e-05 0.000112457 0.000204733 0.000373579 0.000683444 0.0012539 0.00230863 0.00426811 0.00792548 0.0147958 0.0277975 0.0525991 0.100319 0.193208 0.376373 0.742025 1.48466 3.02282 6.27549 13.311 28.9923 65.1376 150.997 364.011 918.915 2437.34 6806.81 20261.6 64976 218622 781482 2.98294e+06 1.1574e+07 -2.4725e+08 9.78596e+07 1.99301e+08 
7.15288e-06 1.6262e-06 2.94226e-06 5.3302e-06 9.67063e-06 1.75738e-05 3.19976e-05 5.83943e-05 0.000106846 0.000196065 0.000361062 0.000667679 0.00124018 0.00231602 0.00435288 0.00824032 0.0157249 0.0303038 0.0590743 0.116568 0.233472 0.475924 0.989442 2.10243 4.58883 10.335 24.0354 58.1755 147.581 393.96 1110.26 3345.23 10897.9 37677.4 140543 571733 2.46745e+06 1.06845e+07 -3.27392e+08 1.19787e+08 
8.47645e-07 1.92719e-07 3.487e-07 6.3174e-07 1.14624e-06 2.08314e-06 3.79323e-06 6.92314e-06 1.26689e-05 2.32509e-05 4.28241e-05 7.92044e-05 0.000147149 0.000274865 0.000516741 0.000978538 0.00186804 0.00360151 0.00702424 0.0138689 0.027797 0.056708 0.118005 0.251028 0.548615 1.23744 2.88326 6.9944 17.791 47.6511 134.904 408.91 1342.46 4706.11 17976.2 76059.5 353639 1.79586e+06 9.88612e+06 -4.16552e+08 
dt_FE: 3.23481e-10
dt_EA: 3.23481e-10
dt_PE: 3.23481e-10
tolC: 1e-06
dt_grow: 1.03
dt_max: 0.1
steps: 0
