t: 8.36767e-08
dt: 1.17312e-09
N: 0.0601057 0.0690158 0.0791422 0.0906317 0.103631 0.118259 0.134665 0.152995 0.173346 0.195743 0.220283 0.246971 0.275536 0.305864 0.337724 0.370584 0.403604 0.436372 0.468112 0.497018 0.522417 0.543277 0.557778 0.563631 0.560093 0.545338 0.515069 0.468791 0.405772 0.326734 0.238013 0.158987 0.0834422 0.0366115 0.0139626 0.00448666 0.00119623 0.000258275 4.37549e-05 5.60232e-06 
eC: 1 1.15749 1.33977 1.55077 1.795 2.07768 2.40489 2.78363 3.22201 3.72944 4.31677 4.99661 5.78351 6.69433 7.7486 8.9689 10.3814 12.0163 13.9087 16.0991 18.6345 21.5692 24.9661 28.8979 33.4489 38.7167 44.814 51.8717 60.0407 69.4963 80.4411 93.1095 107.773 124.746 144.391 167.131 193.452 223.918 259.182 300 
dV: 1.08333 0.211322 0.327712 0.508206 0.788112 1.22218 1.89532 2.93921 4.55805 7.06849 10.9616 16.999 26.3615 40.8807 63.3966 98.3136 152.462 236.434 366.655 568.597 881.764 1367.42 2120.55 3288.49 5099.69 7908.45 12264.2 19019 29494.1 45738.6 70930.1 109996 170579 264529 410225 636165 986546 1.52991e+06 2.37254e+06 3.67926e+06 
kVec: 970784 1.12567e+06 1.29774e+06 1.49603e+06 1.72431e+06 1.98623e+06 2.28651e+06 2.63046e+06 3.0236e+06 3.47061e+06 3.9792e+06 4.55673e+06 5.20631e+06 5.93635e+06 6.75452e+06 7.66536e+06 8.6635e+06 9.75928e+06 1.09558e+07 1.22173e+07 1.3549e+07 1.49427e+07 1.63712e+07 1.77583e+07 1.91422e+07 2.05579e+07 2.18536e+07 2.32498e+07 2.50057e+07 2.75276e+07 3.12692e+07 3.74955e+07 4.81297e+07 6.45218e+07 8.9818e+07 1.28215e+08 1.82106e+08 2.48604e+08 3.28829e+08 4.17985e+08 
cMat: 
-126578 902.423 1060.4 1235.18 1439.9 1680.95 1964.93 2299.77 2696.17 3168.79 3731.64 4403.73 5216.95 6201.2 7395.29 8858.49 10677.5 12933.5 15747.9 19357.9 23977.8 29921.8 37718.3 48155.3 62078 80828.1 107040 143395 194195 266660 371342 522169 741272 1.06588e+06 1.53894e+06 2.22463e+06 3.19788e+06 4.57036e+06 6.53906e+06 9.38929e+06 
4546.18 -150785 1210.58 1410.13 1643.86 1919.07 2243.3 2625.62 3078.22 3617.87 4260.57 5028.03 5956.69 7080.72 8444.45 10115.6 12193.3 14770.4 17985.5 22110.1 27389.1 34181.8 43092.8 55023.6 70941.5 92382.3 122362 163949 222073 305002 424821 597489 848363 1.22008e+06 1.76189e+06 2.54729e+06 3.66214e+06 5.23426e+06 7.48934e+06 1.07542e+07 
3376.14 765.085 -172962 1606.17 1872.42 2185.91 2555.26 2990.78 3506.39 4121.19 4853.41 5727.81 6785.93 8066.73 9620.76 11525.3 13893.3 16830.7 20495.8 25198.2 31217.6 38964 49127.9 62738.7 80901.4 105371 139593 187078 253459 348192 485097 682429 969199 1.39417e+06 2.01369e+06 2.91187e+06 4.18688e+06 5.9848e+06 8.5638e+06 1.22977e+07 
2477.79 561.51 1011.99 -198863 2127.81 2484.1 2903.87 3398.87 3984.91 4683.72 5516.04 6510.01 7712.9 9169.04 10935.9 13101.5 15794.3 19135.1 23303.9 28653.3 35502.1 44317.1 55885.3 71380.1 92061.2 119930 158917 213027 288691 396700 552831 777931 1.10513e+06 1.5901e+06 2.29722e+06 3.32255e+06 4.77815e+06 6.83068e+06 9.77492e+06 1.40376e+07 
1813.53 410.981 740.701 1335.95 -229018 2790.59 3291.53 3852.68 4517.07 5309.34 6253.01 7380.03 8744.03 10395.3 12399.2 14855.4 17910 21700 26430 32500.6 40274 50280.9 63416 81013.8 104508 136175 180490 242012 328066 450945 628623 884859 1.25742e+06 1.80972e+06 2.61518e+06 3.78332e+06 5.44178e+06 7.78028e+06 1.11348e+07 1.59914e+07 
1323.94 300.033 540.749 975.322 1745.09 -263997 3718.27 4352.28 5102.95 5998.17 7064.52 8338.13 9879.69 11746.1 14011.2 16788 20241.7 24527.6 29877.2 36744.4 45539.6 56864.6 71733.4 91659.7 118270 154150 204377 274133 371740 511168 712843 1.00379e+06 1.42694e+06 2.0544e+06 2.9697e+06 4.2974e+06 6.18258e+06 8.84066e+06 1.26536e+07 1.81741e+07 
963.384 218.325 393.492 709.733 1281.32 2314.62 -304510 4899.06 5744.21 6752.17 7952.9 9387.11 11123.2 13225.4 15776.9 18905.2 22796.8 27626.8 33656.6 41398.9 51317.2 64091.4 80867.9 103359 133404 173929 230685 309539 419924 577674 805944 1.13538e+06 1.6147e+06 2.32564e+06 3.36301e+06 4.86814e+06 7.0055e+06 1.0019e+07 1.43418e+07 2.06006e+07 
698.245 158.241 285.205 514.426 928.74 1677.74 3033.77 -351355 6374.02 7571.9 8918.81 10527.8 12475.6 14834.5 17697.9 21209 25577.8 31001 37772.7 46469.8 57614.4 71972 90834.4 116131 149938 195556 259474 348323 472758 650674 908242 1.28013e+06 1.82144e+06 2.62458e+06 3.79686e+06 5.49821e+06 7.91449e+06 1.13211e+07 1.62079e+07 2.32833e+07 
503.93 114.205 205.841 371.284 670.329 1210.96 2189.78 3923.86 -405645 8452.9 9957.06 11754 13929.8 16564.9 19764.2 23688 28571.1 34634 42206.3 51934.7 64404.5 80474.8 101595 129933 167821 218970 290678 390410 530165 730100 1.0197e+06 1.43804e+06 2.04728e+06 2.95153e+06 4.27189e+06 6.18877e+06 8.91153e+06 1.275e+07 1.82564e+07 2.6229e+07 
362.193 82.0851 147.951 266.872 481.832 870.464 1574.12 2850.56 5169.28 -468284 11054.3 13050.2 15467.2 18395.1 21950.3 26311.6 31740.5 38482.8 46906 57731.5 71612.7 89509.1 113040 144630 186888 243970 324050 435499 591778 815507 1.13978e+06 1.6085e+06 2.29152e+06 3.30572e+06 4.7873e+06 6.93906e+06 9.99598e+06 1.43052e+07 2.04871e+07 2.94378e+07 
258.877 58.6713 105.752 190.759 344.422 622.245 1125.3 2037.88 3695.74 6709.29 -540814 14410.1 17080.7 20316.3 24246 29067.7 35071.5 42530 51850.8 63835 79208.4 99037.4 125124 160165 207068 270468 359479 483450 657422 906679 1.26822e+06 1.79118e+06 2.55375e+06 3.68664e+06 5.34247e+06 7.74835e+06 1.1167e+07 1.59857e+07 2.28987e+07 3.2908e+07 
183.853 41.6689 75.1084 135.487 244.634 441.982 799.336 1447.65 2625.51 4766.72 8672.09 -624951 18610.6 22306 26624.4 31924.4 38526.1 46729.8 56985.6 70178.1 87109.7 108960 137722 176383 228170 298220 396656 533870 726595 1.00297e+06 1.40417e+06 1.98497e+06 2.83254e+06 4.09242e+06 5.93494e+06 8.61342e+06 1.24203e+07 1.77856e+07 2.54831e+07 3.66284e+07 
129.871 29.435 53.0584 95.7145 172.828 312.265 564.772 1022.9 1855.31 3368.68 6129.25 11097 -722392 24301.9 29011.8 34794.1 41999.3 50956.7 62159.3 76578 95094.2 119003 150499 192871 249675 326582 434768 585729 797989 1.10271e+06 1.54551e+06 2.18717e+06 3.12445e+06 4.51864e+06 6.55905e+06 9.527e+06 1.37464e+07 1.96926e+07 2.82236e+07 4.05761e+07 
91.1018 20.6487 37.2219 67.1491 121.254 219.094 396.284 717.795 1302.02 2364.32 4302.32 7849.15 14341.5 -835826 31374.5 37636.5 45443.1 55152.4 67301.4 82948.6 103056 129038 163293 209421 271322 355217 473380 638463 870867 1.20493e+06 1.69096e+06 2.39607e+06 3.42716e+06 4.96216e+06 7.21052e+06 1.04833e+07 1.51375e+07 2.16956e+07 3.11049e+07 4.47291e+07 
63.3859 14.3672 25.8998 46.7259 84.3796 152.475 275.808 499.615 906.346 1646.01 2995.6 5465.96 9988.87 18304.7 -968242 39951 48796.8 59243.9 72323.3 89181.4 110861 138898 175896 225774 292781 383706 511949 691363 944300 1.30841e+06 1.83889e+06 2.60948e+06 3.73777e+06 5.41902e+06 7.88395e+06 1.14748e+07 1.65835e+07 2.37808e+07 3.41074e+07 4.90601e+07 
43.7578 9.91865 17.8812 32.2612 58.2622 105.288 190.469 345.06 626.037 1137.09 2069.72 3777.18 6904.08 12654.8 23024.3 -1.12433e+06 51949.8 63098.1 77064.4 95081.3 118271 148290 187947 241478 313484 411330 549563 743265 1.0168e+06 1.41124e+06 1.98683e+06 2.82425e+06 4.05222e+06 5.884e+06 8.57265e+06 1.24931e+07 1.80732e+07 2.59332e+07 3.72112e+07 5.35417e+07 
30.0134 6.80351 12.2659 22.1317 39.9715 72.2404 130.698 236.804 429.686 780.574 1421.05 2593.89 4742.36 8694.9 16003 29562.2 -1.30763e+06 66544.1 81318.5 100398 124981 156839 198983 255958 332718 437197 585101 792761 1.0866e+06 1.51122e+06 2.13207e+06 3.03707e+06 4.36655e+06 6.35242e+06 9.27122e+06 1.35323e+07 1.96003e+07 2.81459e+07 4.04081e+07 5.81638e+07 
20.4038 4.62542 8.33963 15.0484 27.1809 49.1287 88.8941 161.082 292.331 531.148 967.158 1765.79 3229.25 5922.55 10904.4 20151.9 37347.1 -1.52599e+06 85102.4 105150 131013 164571 209030 269243 350511 461339 618592 839879 1.15374e+06 1.60839e+06 2.27467e+06 3.24803e+06 4.68098e+06 6.82472e+06 9.98053e+06 1.45937e+07 2.11676e+07 3.04231e+07 4.37046e+07 6.2936e+07 
13.7436 3.11579 5.61816 10.1385 18.3141 33.1059 59.9098 108.576 197.077 358.147 652.292 1191.23 2179.17 3998.09 7364.13 13615.7 25247.7 47078.9 -1.78931e+06 108680 136335 171448 218047 281284 366805 483690 649974 884574 1.2182e+06 1.70284e+06 2.41495e+06 3.45789e+06 4.99701e+06 7.30371e+06 1.07055e+07 1.5686e+07 2.27885e+07 3.27855e+07 4.71317e+07 6.79045e+07 
9.2259 2.09173 3.77198 6.80756 12.2985 22.2345 40.2427 72.9458 132.43 240.723 438.547 801.129 1466.09 2690.97 4958.94 9173.84 17022.7 31766.3 59349.8 -2.10566e+06 140541 176977 225433 291352 380724 503201 678009 925432 1.27847e+06 1.79311e+06 2.55181e+06 3.66654e+06 5.31668e+06 7.79534e+06 1.14591e+07 1.68332e+07 2.45044e+07 3.52982e+07 5.07886e+07 7.3217e+07 
6.15816 1.39631 2.5182 4.54527 8.21246 14.8496 26.8813 48.7359 88.4981 160.91 293.237 535.867 981.069 1801.61 3321.87 6149.29 11419.3 21328.4 40120.8 75734.3 -2.49368e+06 181604 231746 300154 393169 521038 704244 964534 1.3374e+06 1.88319e+06 2.69103e+06 3.88248e+06 5.65266e+06 8.31883e+06 1.22703e+07 1.80796e+07 2.63816e+07 3.80583e+07 5.48164e+07 7.90785e+07 
4.08781 0.926963 1.67192 3.01814 5.45399 9.86347 17.8587 32.385 58.822 106.985 195.033 356.548 653.082 1199.97 2213.91 4101.27 7622.72 14251.5 26838.3 50730.5 96602.2 -2.97601e+06 234855 308426 405108 538496 730450 1.00436e+06 1.39852e+06 1.97829e+06 2.84041e+06 4.11756e+06 6.02326e+06 8.90265e+06 1.31834e+07 1.94937e+07 2.85238e+07 4.1219e+07 5.94395e+07 8.58156e+07 
2.71139 0.614906 1.10922 2.00264 3.61949 6.54706 11.8567 21.5064 39.0742 71.0929 129.654 237.133 434.589 799.016 1475.23 2735.14 5088.7 9524.74 17960.1 34002.1 64865.2 123577 -3.5859e+06 316362 416863 556103 757527 1.04645e+06 1.46449e+06 2.08295e+06 3.00784e+06 4.38538e+06 6.45168e+06 9.5859e+06 1.42632e+07 2.11801e+07 3.10947e+07 4.50267e+07 6.50226e+07 9.39635e+07 
1.80694 0.40984 0.73941 1.33519 2.41361 4.36681 7.91032 14.3525 26.0854 47.4801 86.631 158.529 290.718 534.897 988.413 1834.35 3416.81 6403.98 12093.9 22938.6 43853.5 84712.6 165137 -4.35386e+06 428414 573976 785896 1.09184e+06 1.5375e+06 2.20169e+06 3.20213e+06 4.7025e+06 6.96817e+06 1.04221e+07 1.56013e+07 2.32916e+07 3.43388e+07 4.98532e+07 7.21201e+07 1.04338e+08 
1.20406 0.273133 0.492851 0.890127 1.60941 2.91253 5.27747 9.57854 17.4154 31.7135 57.8936 106.003 194.531 358.215 662.547 1230.92 2295.82 4309.39 8152.03 15494.2 29692.7 57514.7 112477 221449 -5.34891e+06 594980 819459 1.14596e+06 1.62534e+06 2.34599e+06 3.44086e+06 5.09644e+06 7.61677e+06 1.14826e+07 1.73127e+07 2.60121e+07 3.85417e+07 5.61275e+07 8.13666e+07 1.17868e+08 
0.801357 0.181809 0.32812 0.59273 1.07194 1.9404 3.51709 6.38575 11.6151 21.1618 38.6531 70.819 130.065 239.721 443.838 825.578 1542.03 2899.26 5494.78 10467.7 20113.7 39078.9 76697 151655 304127 -6.66881e+06 857220 1.21241e+06 1.73381e+06 2.52556e+06 3.74075e+06 5.59627e+06 8.44821e+06 1.28552e+07 1.95471e+07 2.95905e+07 4.41024e+07 6.44581e+07 9.36717e+07 1.35895e+08 
0.536883 0.121827 0.219911 0.397346 0.718776 1.30152 2.35993 4.28652 7.80051 14.22 25.9904 47.6538 87.5983 161.619 299.587 558.027 1044.04 1966.72 3735.5 7135.39 13753.6 26817.6 52855.7 105051 211909 433673 -8.37407e+06 1.2765e+06 1.84441e+06 2.7182e+06 4.07766e+06 6.18087e+06 9.456e+06 1.45698e+07 2.24073e+07 3.42635e+07 5.14706e+07 7.55936e+07 1.1021e+08 1.6019e+08 
0.356062 0.0808102 0.145903 0.26369 0.47713 0.86425 1.56767 2.84873 5.18669 9.46089 17.3041 31.7525 58.4244 107.914 200.291 373.629 700.304 1321.95 2516.79 4821.54 9325.44 18254.9 36147 72252.1 146707 303654 631944 -1.06525e+07 1.95353e+06 2.91872e+06 4.44568e+06 6.84671e+06 1.06474e+07 1.66628e+07 2.59917e+07 4.02469e+07 6.10552e+07 9.02173e+07 1.32059e+08 1.92381e+08 
0.230505 0.052324 0.0944927 0.17082 0.309179 0.560229 1.01662 1.84824 3.36689 6.14544 11.2484 20.6578 38.049 70.3626 130.772 244.333 458.844 868.066 1656.84 3184.06 6181.04 12150.9 24181.7 48635.8 99466.2 207577 436482 933832 -1.37487e+07 3.06775e+06 4.80781e+06 7.54505e+06 1.19656e+07 1.90842e+07 3.02888e+07 4.76284e+07 7.31271e+07 1.08868e+08 1.60143e+08 2.33917e+08 
0.143633 0.0326108 0.0589064 0.106518 0.192853 0.349578 0.634637 1.15435 2.10404 3.84305 7.03971 12.9399 23.8595 44.178 82.2248 153.887 289.585 549.148 1050.97 2026.52 3949.56 7799.77 15607.6 31604.6 65149.4 137211 291906 633132 1.39211e+06 -1.80127e+07 5.02936e+06 8.07808e+06 1.31302e+07 2.14594e+07 3.4832e+07 5.58826e+07 8.7156e+07 1.31037e+08 1.93991e+08 2.84306e+08 
0.0841155 0.0191017 0.0345127 0.0624252 0.113058 0.205013 0.372352 0.677613 1.23581 2.25879 4.14097 7.61852 14.0631 26.0727 48.5982 91.1102 171.813 326.606 626.801 1212.83 2373.45 4709.55 9478 19330.4 40184.5 85466.8 184153 405553 917504 2.11505e+06 -2.38031e+07 8.09159e+06 1.35728e+07 2.29238e+07 3.83725e+07 6.33069e+07 1.00933e+08 1.53897e+08 2.29912e+08 3.38489e+08 
0.0444746 0.0101017 0.0182561 0.0330299 0.0598388 0.108549 0.197237 0.359113 0.655313 1.1986 2.1991 4.04952 7.48323 13.8915 25.9309 48.6978 92.0254 175.358 337.467 655.248 1287.56 2567.07 5195.99 10674 22379.9 48076.9 104958 234850 541404 1.27736e+06 3.04251e+06 -3.21089e+07 1.29143e+07 2.27081e+07 3.95127e+07 6.75699e+07 1.10878e+08 1.72249e+08 2.60472e+08 3.85787e+08 
0.0212001 0.00481622 0.00870607 0.0157558 0.0285527 0.0518145 0.0941888 0.171574 0.313267 0.573373 1.0528 1.94037 3.58954 6.67182 12.472 23.4616 44.4274 84.8597 163.753 319.043 629.467 1260.92 2566.81 5311.03 11231.1 24370.4 53918.1 122634 288305 697166 1.71368e+06 4.33641e+06 -4.44602e+07 2.09433e+07 3.82801e+07 6.84673e+07 1.16546e+08 1.8548e+08 2.84929e+08 4.25284e+08 
0.00878815 0.00199685 0.0036104 0.00653553 0.0118471 0.0215061 0.0391094 0.0712735 0.130201 0.238457 0.438155 0.808203 1.49659 2.78491 5.21284 9.82129 18.633 35.6681 69.0008 134.857 267.062 537.288 1099.47 2290.06 4881.13 10690.7 23950.3 55328.2 132563 328484 834401 2.19822e+06 6.03777e+06 -6.22763e+07 3.14971e+07 6.01752e+07 1.08573e+08 1.79915e+08 2.83992e+08 4.29805e+08 
0.00311333 0.000707531 0.00127951 0.0023167 0.00420062 0.00762782 0.0138764 0.0252991 0.0462381 0.0847318 0.155794 0.287587 0.533026 0.992928 1.86084 3.51093 6.67255 12.7986 24.816 48.6407 96.653 195.222 401.401 841.128 1805.75 3988.61 9037.73 21176.1 51623 130824 342705 938510 2.70779e+06 7.72828e+06 -8.86114e+07 4.59301e+07 8.96867e+07 1.57799e+08 2.59923e+08 4.02827e+08 
0.000932088 0.000211857 0.000383195 0.000693961 0.00125858 0.00228607 0.00416016 0.00758749 0.0138733 0.0254362 0.0467967 0.0864419 0.160347 0.298981 0.560931 1.05968 2.01707 3.87588 7.53062 14.7984 29.495 59.7849 123.449 260.075 561.906 1250.51 2862.18 6791.09 16812.2 43469.1 117098 332393 1.00305e+06 3.05792e+06 9.51247e+06 -1.27655e+08 6.45744e+07 1.24746e+08 2.18991e+08 3.52998e+08 
0.000230252 5.23407e-05 9.46846e-05 0.0001715 0.000311092 0.000565191 0.00102879 0.0018769 0.00343296 0.00629677 0.01159 0.02142 0.0397589 0.0741897 0.139309 0.263439 0.50206 0.966084 1.88007 3.70196 7.39605 15.0329 31.1449 65.8908 143.074 320.286 738.866 1770.4 4435.85 11650.4 32082.6 93730.9 293412 948132 3.19202e+06 1.10969e+07 -1.81893e+08 8.31775e+07 1.62414e+08 2.82046e+08 
4.57861e-05 1.04088e-05 1.88314e-05 3.41124e-05 6.18851e-05 0.000112448 0.000204717 0.000373549 0.000683391 0.0012538 0.00230845 0.00426778 0.00792486 0.0147946 0.0277953 0.052595 0.100312 0.193193 0.376344 0.741967 1.48454 3.02258 6.275 13.3099 28.99 65.1325 150.985 363.983 918.844 2437.15 6806.28 20260 64970.9 218605 781421 2.98271e+06 1.15731e+07 -2.48541e+08 9.7852e+07 1.99285e+08 
7.15279e-06 1.62618e-06 2.94222e-06 5.33013e-06 9.6705e-06 1.75736e-05 3.19972e-05 5.83935e-05 0.000106845 0.000196062 0.000361057 0.00066767 0.00124016 0.00231599 0.00435283 0.00824021 0.0157247 0.0303034 0.0590735 0.116567 0.233469 0.475918 0.989429 2.1024 4.58876 10.3349 24.0351 58.1747 147.579 393.955 1110.25 3345.18 10897.7 37676.9 140541 571726 2.46742e+06 1.06843e+07 -3.28815e+08 1.19786e+08 
8.47643e-07 1.92718e-07 3.487e-07 6.31739e-07 1.14624e-06 2.08314e-06 3.79322e-06 6.92313e-06 1.26689e-05 2.32508e-05 4.28241e-05 7.92042e-05 0.000147148 0.000274865 0.00051674 0.000978536 0.00186804 0.00360151 0.00702423 0.0138689 0.027797 0.0567079 0.118005 0.251028 0.548614 1.23743 2.88325 6.99439 17.791 47.651 134.903 408.909 1342.45 4706.1 17976.1 76059.4 353639 1.79586e+06 9.8861e+06 -4.17983e+08 
dt_FE: 1.17312e-09
dt_EA: 1.17312e-09
dt_PE: 1.17312e-09
tolC: 1e-06
dt_grow: 1.03
dt_max: 0.1
steps: 0
