t: 1.31631e-08
dt: 4.24695e-10
N: 0.00817367 0.00943414 0.0108831 0.0125487 0.0144617 0.0166525 0.0191595 0.0220256 0.0252937 0.0290033 0.033213 0.0379785 0.0433251 0.0493128 0.0559974 0.0633952 0.0714691 0.0802684 0.0897805 0.0997165 0.110029 0.120573 0.13089 0.140236 0.148415 0.154914 0.15757 0.156245 0.150419 0.138549 0.128267 0.330007 0.238255 0.0313294 0.0127704 0.0043606 0.00119407 0.000258441 4.36303e-05 5.56036e-06 
eC: 1 1.15749 1.33977 1.55077 1.795 2.07768 2.40489 2.78363 3.22201 3.72944 4.31677 4.99661 5.78351 6.69433 7.7486 8.9689 10.3814 12.0163 13.9087 16.0991 18.6345 21.5692 24.9661 28.8979 33.4489 38.7167 44.814 51.8717 60.0407 69.4963 80.4411 93.1095 107.773 124.746 144.391 167.131 193.452 223.918 259.182 300 
dV: 1.08333 0.211322 0.327712 0.508206 0.788112 1.22218 1.89532 2.93921 4.55805 7.06849 10.9616 16.999 26.3615 40.8807 63.3966 98.3136 152.462 236.434 366.655 568.597 881.764 1367.42 2120.55 3288.49 5099.69 7908.45 12264.2 19019 29494.1 45738.6 70930.1 109996 170579 264529 410225 636165 986546 1.52991e+06 2.37254e+06 3.67926e+06 
kVec: 846260 982756 1.13398e+06 1.30868e+06 1.51035e+06 1.74253e+06 2.00972e+06 2.31704e+06 2.67011e+06 3.07407e+06 3.53683e+06 4.0665e+06 4.66844e+06 5.35285e+06 6.13015e+06 7.00978e+06 7.99398e+06 9.09949e+06 1.03394e+07 1.16961e+07 1.31883e+07 1.48256e+07 1.66028e+07 1.84678e+07 2.04671e+07 2.26414e+07 2.48124e+07 2.71391e+07 2.97764e+07 3.29154e+07 3.67299e+07 4.2194e+07 5.13562e+07 6.62915e+07 9.05268e+07 1.28132e+08 1.81467e+08 2.47662e+08 3.27739e+08 4.16865e+08 
cMat: 
-189780 952.285 1118.99 1303.43 1519.46 1773.83 2073.5 2426.84 2845.14 3343.88 3937.82 4647.05 5505.2 6543.84 7803.9 9347.95 11267.4 13648.1 16618 20427.4 25302.7 31575.1 39802.4 50816 65508 85294.1 112954 151318 204925 281394 391860 551020 782230 1.12477e+06 1.62398e+06 2.34755e+06 3.37458e+06 4.82289e+06 6.90036e+06 9.90807e+06 
4837.12 -224456 1288.06 1500.37 1749.07 2041.89 2386.87 2793.65 3275.22 3849.41 4533.24 5349.81 6337.91 7533.88 8984.89 10763 12973.7 15715.7 19136.6 23525.1 29142 36369.4 45850.7 58545.1 75481.6 98294.6 130192 174442 236285 324521 452009 635727 902657 1.29817e+06 1.87465e+06 2.71032e+06 3.89651e+06 5.56925e+06 7.96865e+06 1.14425e+07 
3626.39 821.797 -258503 1725.23 2011.21 2347.94 2744.67 3212.48 3766.3 4426.68 5213.17 6152.39 7288.95 8664.68 10333.9 12379.6 14923.1 18078.3 22015.1 27066 33531.6 41852.3 52769.5 67389.2 86898.3 113182 149941 200945 272247 374002 521055 733014 1.04104e+06 1.49751e+06 2.16296e+06 3.12771e+06 4.49723e+06 6.42843e+06 9.1986e+06 1.32092e+07 
2690.55 609.724 1098.88 -298275 2310.52 2697.39 3153.21 3690.72 4327.08 5085.89 5989.67 7068.99 8375.17 9956.34 11874.9 14226.5 17150.5 20778.1 25304.9 31113.6 38550.5 48122.4 60683.9 77509.1 99966.1 130228 172563 231319 313479 430763 600300 844728 1.20002e+06 1.72663e+06 2.49447e+06 3.60784e+06 5.18843e+06 7.41719e+06 1.06142e+07 1.52429e+07 
1993.94 451.865 814.385 1468.85 -344650 3068.19 3618.97 4235.94 4966.42 5837.5 6875.05 8114.18 9613.87 11429.4 13632.6 16333.2 19691.6 23858.7 29059.2 35733.7 44280.4 55282.8 69724.6 89072.9 114904 149722 198444 266087 360701 495805 691157 972883 1.3825e+06 1.98975e+06 2.87534e+06 4.15968e+06 5.98312e+06 8.55425e+06 1.22424e+07 1.75822e+07 
1476.51 334.607 603.062 1087.71 1946.19 -398564 4146.74 4853.81 5690.98 6689.36 7878.59 9298.97 11018.2 13099.6 15625.8 18722.5 22574.3 27354 33320.1 40978.6 50787.4 63417.3 79999.5 102222 131899 171913 227928 305723 414577 570072 794987 1.11946e+06 1.59137e+06 2.29114e+06 3.31191e+06 4.79261e+06 6.89503e+06 9.8594e+06 1.41117e+07 2.02684e+07 
1091.98 247.468 446.016 804.469 1452.36 2623.57 -461214 5552.99 6510.96 7653.46 9014.46 10640.1 12608 14990.7 17882.8 21428.7 25839.7 31314.4 38149.2 46924.9 58167.1 72646.4 91662.3 117155 151211 197146 261477 350857 475976 654783 913522 1.28693e+06 1.83023e+06 2.63607e+06 3.81191e+06 5.51795e+06 7.9406e+06 1.13563e+07 1.62562e+07 2.33504e+07 
806.212 182.709 329.305 593.969 1072.35 1937.16 3502.87 -533973 7359.61 8742.72 10297.9 12155.6 14404.7 17128.3 20434.4 24488.5 29532.8 35794.5 43613.4 53655.3 66523.1 83100.8 104880 134088 173122 225794 299596 402183 545858 751285 1.04868e+06 1.47807e+06 2.10308e+06 3.03041e+06 4.38395e+06 6.34838e+06 9.13828e+06 1.30716e+07 1.87141e+07 2.68835e+07 
594.183 134.659 242.707 437.781 790.384 1427.84 2581.97 4626.62 -618620 9966.8 11740.4 13859.1 16424.6 19531.7 23304 27930.5 33688.1 40836.9 49765.5 61236.2 75939.3 94887.7 119791 153204 197877 258187 342739 460332 625117 860860 1.20232e+06 1.69559e+06 2.41395e+06 3.48015e+06 5.03699e+06 7.29717e+06 1.05076e+07 1.50335e+07 2.15261e+07 3.09266e+07 
437.284 99.1031 178.625 322.201 581.726 1050.93 1900.47 3441.54 6240.98 -716690 13346.1 15755.8 18673.9 22208.8 26501.1 31766.5 38321 46461.1 56630.6 69700.5 86459.6 108066 136476 174615 225634 294550 391233 525787 714466 984579 1.37608e+06 1.94198e+06 2.7666e+06 3.99107e+06 5.77981e+06 8.37767e+06 1.20684e+07 1.7271e+07 2.47345e+07 3.55409e+07 
320.987 72.7477 131.125 236.527 427.056 771.535 1395.28 2526.81 4582.43 8318.99 -830728 17867.4 21178.7 25190.6 30063.2 36041.6 43485.9 52733.9 64290.9 79150.3 98212.2 122799 155144 198591 256748 335358 445725 599440 815152 1.12421e+06 1.57249e+06 2.22092e+06 3.16644e+06 4.57114e+06 6.62424e+06 9.60735e+06 1.38462e+07 1.9821e+07 2.83925e+07 4.08033e+07 
234.879 53.2335 95.9536 173.089 312.528 564.647 1021.18 1849.42 3354.18 6089.65 11078.9 -963512 23775.7 28496.7 34013.6 40784.6 49218.4 59699 72801.1 89655 111286 139200 175944 225336 291495 380987 506742 682038 928251 1.28132e+06 1.79387e+06 2.53586e+06 3.61866e+06 5.22821e+06 7.5821e+06 1.10039e+07 1.58673e+07 2.27218e+07 3.25556e+07 4.67941e+07 
171.498 38.8697 70.065 126.394 228.224 412.355 745.796 1350.77 2449.98 4448.44 8093.84 14653.9 -1.1176e+06 32091.3 38310.8 45946.5 55461.2 67289.7 82083 101123 125574 157147 198738 254691 329702 431260 574123 773471 1.05377e+06 1.45616e+06 2.04089e+06 2.88822e+06 4.12592e+06 5.96699e+06 8.66141e+06 1.25807e+07 1.81525e+07 2.60047e+07 3.72701e+07 5.35818e+07 
124.773 28.2804 50.979 91.9673 166.07 300.07 542.751 983.091 1783.25 3238.17 5892.45 10750.2 19642.2 -1.29709e+06 42970.5 51546.9 62238.8 75536.7 92175.9 113606 141145 176730 223646 286823 371602 486505 648341 874438 1.19274e+06 1.65027e+06 2.31594e+06 3.28166e+06 4.69384e+06 6.79617e+06 9.87552e+06 1.43579e+07 2.07323e+07 2.97143e+07 4.26012e+07 6.12609e+07 
90.3497 20.4789 36.9173 66.6027 120.274 217.336 393.134 712.147 1291.9 2346.2 4269.9 7791.14 14238 26091.4 -1.50641e+06 56945.8 69554.6 84445.7 103089 127118 158020 197984 250721 321817 417328 546931 729728 985462 1.346e+06 1.865e+06 2.62113e+06 3.71953e+06 5.32778e+06 7.72422e+06 1.12377e+07 1.63562e+07 2.3638e+07 3.38969e+07 4.86164e+07 6.99299e+07 
65.1139 14.7595 26.6081 48.0064 86.6972 156.674 283.428 513.467 931.577 1692.05 3079.86 5620.65 10273.6 18830.9 34261.4 -1.75205e+06 77304.1 93893.3 114676 141486 175994 220663 279675 359331 466481 612080 817779 1.10602e+06 1.51305e+06 2.1e+06 2.9565e+06 4.20264e+06 6.02992e+06 8.75571e+06 1.27566e+07 1.85905e+07 2.68939e+07 3.859e+07 5.53723e+07 7.96728e+07 
46.728 10.5924 19.0969 34.4568 62.2318 112.471 203.484 368.68 668.98 1215.28 2212.43 4038.44 7383.4 13537.1 24915.2 46025.4 -2.03802e+06 103603 126605 156310 194584 244183 309797 398501 518009 680674 910945 1.23425e+06 1.69174e+06 2.35283e+06 3.31943e+06 4.72842e+06 6.79829e+06 9.8901e+06 1.44344e+07 2.10684e+07 3.05158e+07 4.38205e+07 6.29116e+07 9.05554e+07 
33.295 7.54779 13.6087 24.5561 44.3539 80.1685 145.058 262.855 477.028 866.729 1578.21 2881.43 5269.5 9664.45 17793.9 32884 60943.2 -2.3745e+06 138871 171585 213787 268547 341097 439353 571965 752815 1.00942e+06 1.37052e+06 1.88268e+06 2.62457e+06 3.71181e+06 5.30015e+06 7.63844e+06 1.11366e+07 1.62863e+07 2.38141e+07 3.45413e+07 4.96446e+07 7.13174e+07 1.02699e+08 
23.5195 5.33205 9.61436 17.35 31.3409 56.6541 102.524 185.807 337.257 612.897 1116.27 2038.55 3729.21 6841.94 12602.2 23300.5 43206.4 80566.2 -2.77311e+06 185983 233311 293399 373144 481361 627714 827739 1.1123e+06 1.51377e+06 2.08471e+06 2.91408e+06 4.1327e+06 5.91748e+06 8.55138e+06 1.24988e+07 1.83204e+07 2.68434e+07 3.89979e+07 5.61058e+07 8.06565e+07 1.16205e+08 
16.5134 3.74397 6.75144 12.1848 22.0129 39.7974 72.0301 130.565 237.035 430.868 784.952 1433.93 2624.14 4816.55 8875.97 16420.2 30468.8 56858.2 106230 -3.24056e+06 251553 316770 403501 521489 681455 900674 1.21356e+06 1.65642e+06 2.28833e+06 3.20947e+06 4.56746e+06 6.56271e+06 9.51628e+06 1.39528e+07 2.05105e+07 3.01296e+07 4.38602e+07 6.318e+07 9.0906e+07 1.3105e+08 
11.4757 2.60202 4.69263 8.47005 15.3038 27.6721 50.093 90.8188 164.915 299.855 546.443 998.582 1828.21 3357.29 6190.27 11459.1 21279.7 39745.3 74764.6 141130 -3.79705e+06 338416 431856 559334 732666 970949 1.31235e+06 1.7974e+06 2.49223e+06 3.50931e+06 5.01471e+06 7.23496e+06 1.05337e+07 1.5502e+07 2.28655e+07 3.36912e+07 4.91618e+07 7.09213e+07 1.0215e+08 1.47362e+08 
7.87115 1.78488 3.21931 5.81148 10.5017 18.9923 34.3872 62.3579 113.263 206.001 375.54 686.539 1257.52 2310.55 4262.93 7897.06 14677.7 27441.5 51677.6 97682.3 186009 -4.46354e+06 452217 593879 780043 1.03688e+06 1.40649e+06 1.93391e+06 2.69288e+06 3.80923e+06 5.46925e+06 7.92843e+06 1.15979e+07 1.71422e+07 2.53849e+07 3.75355e+07 5.4923e+07 7.9368e+07 1.14452e+08 1.65239e+08 
5.32877 1.20849 2.17998 3.93584 7.11347 12.8671 23.3023 42.2671 76.7936 139.721 254.813 466.044 854.11 1570.33 2899.31 5375.44 10001 18719.2 35297.5 66825.3 127481 242868 -5.2742e+06 621754 819271 1.09292e+06 1.48879e+06 2.05662e+06 2.8782e+06 4.09369e+06 5.91138e+06 8.61871e+06 1.26797e+07 1.88394e+07 2.80318e+07 4.16257e+07 6.11113e+07 8.84922e+07 1.27791e+08 1.84669e+08 
3.56017 0.807495 1.45684 2.63068 4.75547 8.6038 15.5855 28.2782 51.3952 93.5486 170.686 312.344 572.794 1053.89 1947.44 3614.16 6732.04 12617.6 23828.2 45195.3 86403.3 166907 325365 -6.24889e+06 844092 1.13089e+06 1.54843e+06 2.15122e+06 3.02929e+06 4.33793e+06 6.30906e+06 9.26519e+06 1.37292e+07 2.05344e+07 3.07387e+07 4.58908e+07 6.76567e+07 9.82243e+07 1.42096e+08 2.05574e+08 
2.33085 0.52874 0.954076 1.72313 3.11554 5.63817 10.2163 18.5424 33.7132 61.392 112.072 205.204 376.58 693.443 1282.58 2382.86 4444.32 8342.25 15780.9 29994.1 57479.9 111339 217736 428688 -7.45136e+06 1.15178e+06 1.58633e+06 2.21839e+06 3.14638e+06 4.54144e+06 6.66092e+06 9.86584e+06 1.47448e+07 2.22283e+07 3.35144e+07 5.03549e+07 7.46102e+07 1.08653e+08 1.57512e+08 2.28173e+08 
1.48949 0.337931 0.609882 1.10171 1.99242 3.60665 6.53726 11.8693 21.5892 39.3337 71.8451 131.632 241.754 445.573 824.968 1534.51 2866.19 5388.9 10213.2 19456.5 37385.6 72636.6 142558 281883 565285 -8.97063e+06 1.59333e+06 2.25352e+06 3.22265e+06 4.69429e+06 6.95298e+06 1.04019e+07 1.57028e+07 2.38942e+07 3.63324e+07 5.50003e+07 8.19737e+07 1.19809e+08 1.74109e+08 2.52591e+08 
0.932682 0.211639 0.382033 0.690276 1.24867 2.26102 4.0997 7.44661 13.5512 24.7031 45.1509 82.7848 152.177 280.767 520.447 969.414 1813.72 3416.61 6489.37 12395.7 23892.9 46588 91821.7 182495 368132 753383 -1.08428e+07 2.21755e+06 3.20415e+06 4.72209e+06 7.08377e+06 1.07375e+07 1.64271e+07 2.53109e+07 3.89263e+07 5.9523e+07 8.94156e+07 1.31322e+08 1.91458e+08 2.78285e+08 
0.565558 0.128356 0.231748 0.418836 0.757858 1.37275 2.49004 4.52483 8.23837 15.0274 27.4853 50.4346 92.7993 171.407 318.135 593.46 1112.34 2099.74 3997.58 7658.37 14812.2 28995.5 57414.6 114763 233025 482313 1.00376e+06 -1.32376e+07 3.10292e+06 4.63599e+06 7.06137e+06 1.08751e+07 1.69119e+07 2.64667e+07 4.12844e+07 6.39269e+07 9.69781e+07 1.43298e+08 2.09757e+08 3.05571e+08 
0.329558 0.0748089 0.135098 0.244226 0.442041 0.800972 1.45349 2.64246 4.81372 8.78627 16.0821 29.5349 54.3995 100.599 186.968 349.328 656.019 1241.09 2368.83 4552.33 8837.17 17372.4 34573.1 69535.7 142209 296778 624049 1.33512e+06 -1.63591e+07 4.38603e+06 6.87383e+06 1.07873e+07 1.71074e+07 2.72851e+07 4.33045e+07 6.80955e+07 1.04552e+08 1.55651e+08 2.2896e+08 3.34436e+08 
0.183779 0.0417258 0.0753714 0.136291 0.246758 0.447288 0.812024 1.477 2.69214 4.91722 9.00738 16.5567 30.5284 56.5262 105.207 196.9 370.527 702.641 1344.72 2592.95 5053.5 9979.88 19970 40438.5 83359.3 175563 373496 810099 1.78122e+06 -2.05258e+07 6.43512e+06 1.0336e+07 1.68002e+07 2.74575e+07 4.45679e+07 7.15023e+07 1.11517e+08 1.67664e+08 2.48213e+08 3.63773e+08 
0.0962303 0.0218528 0.0394835 0.071416 0.129341 0.23454 0.425981 0.775206 1.4138 2.58412 4.73737 8.71578 16.0885 29.8278 55.5976 104.232 196.559 373.646 717.077 1387.51 2715.29 5387.85 10843.1 22114.5 45972.1 97776.2 210676 463963 1.04965e+06 2.41967e+06 -2.60891e+07 9.25699e+06 1.55277e+07 2.62254e+07 4.38991e+07 7.24247e+07 1.1547e+08 1.76062e+08 2.63025e+08 3.8724e+08 
0.0354307 0.00804752 0.0145437 0.0263132 0.0476706 0.0864757 0.157129 0.286087 0.522055 0.954868 1.75191 3.22605 5.96151 11.0667 20.6579 38.7951 73.312 139.699 268.843 522.003 1025.74 2045.05 4139.39 8503.47 17828.9 38300.4 83615.1 187093 431309 1.01761e+06 2.42382e+06 -3.56622e+07 1.02882e+07 1.80904e+07 3.14778e+07 5.38295e+07 8.83306e+07 1.37222e+08 2.07505e+08 3.07337e+08 
0.0176193 0.00400273 0.00723556 0.0130945 0.02373 0.0430627 0.0782797 0.142594 0.260354 0.476527 0.874972 1.61263 2.98324 5.54491 10.3654 19.4988 36.9234 70.5264 136.094 265.155 523.146 1047.95 2133.26 4413.97 9334.07 20254.1 44811 101920 239609 579410 1.42423e+06 3.60396e+06 -4.75695e+07 1.74059e+07 3.18144e+07 5.69028e+07 9.68609e+07 1.54151e+08 2.36803e+08 3.53451e+08 
0.00883634 0.00200779 0.0036302 0.00657136 0.011912 0.021624 0.0393238 0.0716643 0.130915 0.239765 0.440557 0.812634 1.5048 2.80017 5.24142 9.87513 18.7351 35.8637 69.3791 135.597 268.526 540.234 1105.5 2302.61 4907.89 10749.3 24081.7 55631.6 133290 330285 838975 2.21027e+06 6.07087e+06 -6.29623e+07 3.16698e+07 6.05051e+07 1.09168e+08 1.80902e+08 2.85549e+08 4.32162e+08 
0.0031171 0.000708387 0.00128106 0.0023195 0.00420569 0.00763704 0.0138932 0.0253297 0.046294 0.0848342 0.155982 0.287934 0.533671 0.994129 1.86309 3.51518 6.68062 12.814 24.846 48.6995 96.7699 195.458 401.886 842.145 1807.93 3993.43 9048.66 21201.7 51685.4 130982 343119 939644 2.71107e+06 7.73763e+06 -8.88693e+07 4.59856e+07 8.97951e+07 1.5799e+08 2.60237e+08 4.03314e+08 
0.000932206 0.000211884 0.000383244 0.000694049 0.00125874 0.00228636 0.00416068 0.00758845 0.0138751 0.0254394 0.0468026 0.0864529 0.160367 0.299019 0.561002 1.05982 2.01733 3.87637 7.53157 14.8003 29.4987 59.7924 123.464 260.108 561.977 1250.67 2862.54 6791.95 16814.3 43474.6 117112 332435 1.00318e+06 3.0583e+06 9.51368e+06 -1.27417e+08 6.45826e+07 1.24762e+08 2.19019e+08 3.53042e+08 
0.000230252 5.23408e-05 9.46848e-05 0.000171501 0.000311093 0.000565192 0.00102879 0.0018769 0.00343297 0.00629679 0.01159 0.0214201 0.039759 0.0741898 0.139309 0.263439 0.502061 0.966087 1.88008 3.70197 7.39606 15.033 31.1449 65.8909 143.074 320.287 738.868 1770.4 4435.86 11650.5 32082.7 93731.1 293413 948134 3.19202e+06 1.10969e+07 -1.8121e+08 8.31777e+07 1.62414e+08 2.82046e+08 
4.57861e-05 1.04088e-05 1.88314e-05 3.41123e-05 6.18851e-05 0.000112448 0.000204717 0.000373549 0.000683391 0.0012538 0.00230845 0.00426778 0.00792486 0.0147946 0.0277953 0.052595 0.100312 0.193193 0.376344 0.741967 1.48454 3.02258 6.27499 13.3099 28.99 65.1325 150.985 363.983 918.843 2437.15 6806.28 20260 64970.9 218605 781421 2.98271e+06 1.15731e+07 -2.47589e+08 9.7852e+07 1.99285e+08 
7.15279e-06 1.62618e-06 2.94222e-06 5.33013e-06 9.6705e-06 1.75736e-05 3.19972e-05 5.83935e-05 0.000106845 0.000196062 0.000361057 0.00066767 0.00124016 0.00231599 0.00435283 0.00824021 0.0157247 0.0303034 0.0590735 0.116567 0.233469 0.475918 0.989429 2.1024 4.58877 10.3349 24.0351 58.1747 147.579 393.955 1110.25 3345.18 10897.7 37676.9 140541 571726 2.46742e+06 1.06843e+07 -3.27723e+08 1.19786e+08 
8.47643e-07 1.92718e-07 3.487e-07 6.31739e-07 1.14624e-06 2.08314e-06 3.79322e-06 6.92313e-06 1.26689e-05 2.32508e-05 4.28241e-05 7.92042e-05 0.000147148 0.000274865 0.00051674 0.000978536 0.00186804 0.00360151 0.00702423 0.0138689 0.027797 0.0567079 0.118005 0.251028 0.548614 1.23743 2.88325 6.99439 17.791 47.651 134.903 408.909 1342.45 4706.1 17976.1 76059.4 353639 1.79586e+06 9.8861e+06 -4.16862e+08 
dt_FE: 4.24695e-10
dt_EA: 4.24695e-10
dt_PE: 4.24695e-10
tolC: 1e-06
dt_grow: 1.03
dt_max: 0.1
steps: 0
