t: 6.75782e-06
dt: 5.56905e-07
N: 0.939721 0.939999 0.939776 0.939276 0.938603 0.937786 0.93682 0.935683 0.934341 0.932756 0.930877 0.928641 0.92597 0.922763 0.918892 0.914192 0.908444 0.901361 0.892557 0.881509 0.867508 0.849577 0.826382 0.796112 0.756382 0.704251 0.636573 0.551084 0.448582 0.33567 0.225499 0.133314 0.0684644 0.0303133 0.0114882 0.00368347 0.000981045 0.000211644 3.58356e-05 4.58648e-06 
eC: 1 1.15749 1.33977 1.55077 1.795 2.07768 2.40489 2.78363 3.22201 3.72944 4.31677 4.99661 5.78351 6.69433 7.7486 8.9689 10.3814 12.0163 13.9087 16.0991 18.6345 21.5692 24.9661 28.8979 33.4489 38.7167 44.814 51.8717 60.0407 69.4963 80.4411 93.1095 107.773 124.746 144.391 167.131 193.452 223.918 259.182 300 
dV: 1.08333 0.211322 0.327712 0.508206 0.788112 1.22218 1.89532 2.93921 4.55805 7.06849 10.9616 16.999 26.3615 40.8807 63.3966 98.3136 152.462 236.434 366.655 568.597 881.764 1367.42 2120.55 3288.49 5099.69 7908.45 12264.2 19019 29494.1 45738.6 70930.1 109996 170579 264529 410225 636165 986546 1.52991e+06 2.37254e+06 3.67926e+06 
kVec: 1.0301e+06 1.19339e+06 1.37488e+06 1.5837e+06 1.82367e+06 2.0984e+06 2.41262e+06 2.77154e+06 3.18051e+06 3.64374e+06 4.16861e+06 4.76182e+06 5.42516e+06 6.16587e+06 6.99002e+06 7.89974e+06 8.88624e+06 9.95713e+06 1.11116e+07 1.23081e+07 1.35477e+07 1.48183e+07 1.60891e+07 1.72809e+07 1.84372e+07 1.96007e+07 2.06412e+07 2.18076e+07 2.33971e+07 2.58634e+07 2.96964e+07 3.61556e+07 4.71157e+07 6.38683e+07 8.9496e+07 1.28173e+08 1.82276e+08 2.48899e+08 3.2919e+08 4.18366e+08 
cMat: 
-60897.1 57.8762 68.0077 79.2171 92.347 107.806 126.019 147.494 172.917 203.228 239.326 282.429 334.585 397.709 474.291 568.132 684.789 829.478 1009.98 1241.5 1537.8 1919.01 2419.03 3088.4 3981.32 5183.84 6864.93 9196.51 12454.5 17102 23815.7 33488.9 47540.9 68359 98698.9 142675 205094 293116 419377 602174 
292.995 -71084.2 78.0204 90.8808 105.945 123.681 144.578 169.217 198.387 233.167 274.588 324.05 383.901 456.343 544.233 651.939 785.841 951.931 1159.14 1424.96 1765.19 2202.97 2777.27 3546.2 4572.08 5953.91 7886.03 10566.3 14312.3 19656.9 27379.1 38507.3 54675.9 78632.7 113551 164170 236020 337341 482678 693094 
220.801 50.0369 -82602.4 105.044 122.457 142.959 167.115 195.598 229.319 269.528 317.415 374.601 443.803 527.568 629.202 753.758 908.625 1100.73 1340.43 1647.97 2041.64 2548.26 3212.99 4103.14 5290.99 6891.31 9129.46 12235 16576.3 22771.9 31725.5 44631.1 63386 91179.2 131696 190438 273824 391408 560076 804272 
165.457 37.4954 67.5765 -96101.5 142.087 165.878 193.909 226.963 266.097 312.761 368.339 434.713 515.037 612.272 730.258 874.866 1054.68 1277.77 1556.14 1913.36 2370.69 2959.32 3731.8 4766.48 6147.49 8008.46 10611.9 14225.1 19277.6 26490.1 36915.9 51947.2 73796.3 106181 153399 221867 319066 456126 652730 937375 
124.219 28.1503 50.7346 91.5063 -111947 191.142 225.454 263.891 309.398 363.665 428.302 505.497 598.926 712.031 849.285 1017.52 1226.75 1486.35 1810.33 2226.14 2758.58 3444.01 4343.7 5549.07 7158.29 9327.36 12362.7 16576.7 22471 30887.7 43057.8 60608.7 86127.2 123958 179128 259140 372737 532913 762680 1.09534e+06 
93.4146 21.1697 38.1541 68.8167 123.13 -130543 262.353 307.088 360.053 423.218 498.458 588.321 697.091 828.78 988.601 1184.52 1428.21 1730.61 2108.07 2592.61 3213.18 4012.24 5061.36 6467.32 8344.9 10876.5 14420.4 19342.3 26229.2 36066.9 50296.7 70825 100682 144954 209536 303216 436230 623778 892812 1.28233e+06 
70.3386 15.9404 28.7297 51.819 93.5519 168.995 -152426 357.69 419.396 492.99 580.657 685.371 812.128 965.612 1151.9 1380.31 1664.44 2017.09 2457.34 3022.61 3746.77 4679.44 5904.33 7546.41 9740.07 12698.9 16842.7 22600.1 30659.5 42177.1 58843.5 82896.2 117892 169800 245540 355433 511485 731506 1.04713e+06 1.50409e+06 
53.0213 12.016 21.657 39.063 70.524 127.399 230.37 -178257 484.012 574.973 677.251 799.427 947.338 1126.46 1343.89 1610.51 1942.25 2354.06 2868.28 3528.69 4374.96 5465.2 6897.52 8818.43 11385.6 14849.6 19703.2 26449.9 35898.9 49409 68967.5 97206.5 138311 199298 288315 417507 600988 859668 1.23075e+06 1.76802e+06 
40.0257 9.071 16.3494 29.4901 53.2423 96.183 173.928 311.661 -208827 671.389 790.86 933.587 1106.4 1315.71 1569.82 1881.47 2269.32 2750.88 3352.33 4125.02 5115.46 6391.88 8069.42 10320.2 13329.5 17392.2 23087.8 31009.2 42109.5 57989.7 80991.7 114219 162610 234432 339304 491556 707817 1.01269e+06 1.45005e+06 2.08329e+06 
30.283 6.86313 12.3702 22.3132 40.2859 72.7795 131.612 238.335 432.203 -245019 924.247 1091.12 1293.21 1538.01 1835.27 2199.91 2653.82 3217.55 3921.81 4826.93 5987.54 7483.85 9451.31 12092.5 15625.7 20398.3 27093.8 36412 49478.5 68184.5 95297 134487 191594 276391 400266 580174 835763 1.19606e+06 1.71293e+06 2.46129e+06 
22.9499 5.2013 9.37512 16.9111 30.5336 55.1631 99.7592 180.661 327.634 594.79 -288147 1277.48 1514.23 1801.08 2149.45 2576.9 3109.15 3770.36 4596.66 5659.07 7021.96 8779.83 11092.4 14198.9 18356.9 23977.4 31868.4 42858.6 58281.6 80378.6 112429 158791 226394 326827 473619 686904 989972 1.41716e+06 2.03e+06 2.91735e+06 
17.4224 3.94866 7.11747 12.8391 23.1821 41.8834 75.7472 137.183 248.8 451.707 821.79 -339799 1763.59 2113.78 2523 3025.24 3650.83 4428.24 5400.11 6650.26 8254.75 10325.3 13050.9 16714.6 21622 28260.2 37588.2 50591 68854.1 95043.8 133063 188101 268419 387809 562411 816231 1.17698e+06 1.68541e+06 2.41485e+06 3.47101e+06 
13.271 3.00786 5.42185 9.78073 17.6607 31.9093 57.712 104.527 189.587 344.234 626.326 1133.96 -401627 2483.32 2964.61 3555.48 4291.76 5207.08 6351.84 7825.24 9717.34 12160.5 15379 19708.8 25513.4 33372.3 44427.4 59853.6 81543.7 112682 157931 223500 319276 461744 670246 973531 1.4047e+06 2.01232e+06 2.88407e+06 4.14633e+06 
10.137 2.29761 4.14172 7.47175 13.4921 24.3788 44.095 79.8699 144.877 263.081 478.724 873.384 1595.8 -476235 3491.08 4187.86 5056.51 6136.87 7488.7 9229.79 11467.1 14358.2 18169.8 23302.5 30190.3 39525.4 52673.6 71042.5 96902.4 134074 188155 266614 381344 552145 802323 1.16648e+06 1.68437e+06 2.4141e+06 3.46107e+06 4.97706e+06 
7.76275 1.75953 3.1719 5.72244 10.3338 18.6733 33.7777 61.1869 110.999 201.583 366.866 669.407 1223.32 2241.74 -566944 4892.73 5976.06 7255.49 8857.3 10921.9 13577 17010.6 21541.7 27650.2 35856.4 46991.7 62697.5 84670 115647 160239 225205 319579 457758 663658 965534 1.4053e+06 2.03095e+06 2.91239e+06 4.17707e+06 6.00831e+06 
5.96548 1.3522 2.43773 4.39816 7.94286 14.3539 25.9665 47.0418 85.3474 155.019 282.164 514.942 941.23 1725.22 3138.89 -677862 7082.3 8602.14 10506.2 12962.4 16123.9 20216.2 25622.7 32920.5 42737.2 56076.4 74921.7 101329 138620 192394 270863 385029 552437 802163 1.16871e+06 1.70319e+06 2.46391e+06 3.53547e+06 5.07299e+06 7.29931e+06 
4.60751 1.04444 1.88301 3.39754 6.13623 11.09 20.0641 36.3529 65.9632 119.83 218.152 398.201 728.024 1334.8 2456.7 4538.24 -813586 10215.5 12483.6 15412.6 19186.5 24077.2 30546.8 39293.3 51077.1 67116.3 89821.7 121701 166810 231995 327305 466235 670331 975191 1.42327e+06 2.0774e+06 3.00895e+06 4.32082e+06 6.20325e+06 8.92901e+06 
3.57081 0.809482 1.45949 2.63358 4.75685 8.59787 15.5571 28.1906 51.16 92.9546 169.26 309.026 565.141 1036.49 1908.35 3526.73 6536.01 -982161 14893.5 18402.1 22928.2 28801 36581.8 47119.5 61341.8 80737.5 108258 146985 201912 281479 398083 568428 819204 1.19437e+06 1.74666e+06 2.55401e+06 3.70447e+06 5.32426e+06 7.64861e+06 1.10142e+07 
2.77627 0.629402 1.13489 2.04802 3.69952 6.68752 12.102 21.9329 39.8103 72.3472 131.766 240.633 440.201 807.631 1487.58 2750.42 5100.14 9510.14 -1.19387e+06 21953.7 27540.3 34633.2 44046.3 56820.4 74096.1 97707.3 131297 178688 246082 343981 487829 698507 1.00942e+06 1.47538e+06 2.16256e+06 3.16863e+06 4.60336e+06 6.6228e+06 9.5208e+06 1.3717e+07 
2.17341 0.492763 0.888591 1.6037 2.89723 5.23793 9.48024 17.1843 31.1974 56.7086 103.311 188.727 345.376 633.93 1168.21 2161.14 4010.15 7483.4 13981.4 -1.4584e+06 33108.2 41691.7 53106.8 68635.8 89689.7 118542 159723 218010 301178 422414 601147 863751 1.25249e+06 1.8364e+06 2.69948e+06 3.96551e+06 5.77266e+06 8.31544e+06 1.19646e+07 1.72482e+07 
1.70841 0.387369 0.698604 1.26096 2.27832 4.11962 7.45748 13.5204 24.5514 44.6401 81.3504 148.662 272.171 499.808 921.561 1705.95 3167.96 5916.98 11130.4 21010.4 -1.79497e+06 50380.9 64291.6 83269.5 109074 144548 195373 267583 371024 522440 746553 1.07709e+06 1.56818e+06 2.30783e+06 3.40404e+06 5.01569e+06 7.31884e+06 1.05582e+07 1.52073e+07 2.19381e+07 
1.34633 0.305298 0.550652 0.994033 1.79629 3.24856 5.88181 10.6661 19.3732 35.2358 64.2347 117.43 215.094 395.212 729.159 1350.76 2510.56 4693.76 8839.27 16708.2 31816.2 -2.22901e+06 77350 101581 133423 177355 240575 330789 460608 651554 935495 1.35613e+06 1.98378e+06 2.93211e+06 4.342e+06 6.42031e+06 9.39438e+06 1.35756e+07 1.95765e+07 2.82636e+07 
1.0645 0.241415 0.435483 0.786244 1.42102 2.5704 4.65498 8.44349 15.3407 27.9114 50.9027 93.0993 170.621 313.697 579.181 1073.83 1997.84 3739.45 7051.21 13349.4 25466.3 48516.6 -2.79335e+06 124205 163662 218328 297408 410841 574963 817776 1.18089e+06 1.72172e+06 2.53296e+06 3.76346e+06 5.59977e+06 8.31537e+06 1.22079e+07 1.76777e+07 2.55281e+07 3.68904e+07 
0.844275 0.191493 0.345481 0.623852 1.12773 2.04034 3.69601 6.70603 12.1881 22.1845 40.4774 74.0707 135.835 249.925 461.825 857.079 1596.47 2992.19 5650.72 10717.8 20490.1 39581 77158.5 -3.52337e+06 200172 268184 367201 510150 718380 1.02872e+06 1.49616e+06 2.19719e+06 3.2558e+06 4.86962e+06 7.28952e+06 1.08828e+07 1.60444e+07 2.32934e+07 3.36973e+07 4.87507e+07 
0.666801 0.15126 0.272938 0.492948 0.891282 1.61294 2.92263 5.30454 9.64454 17.5628 32.0611 58.7038 107.73 198.377 366.915 681.678 1271.41 2386.52 4514.55 8580.6 16443.6 31851.3 62289.1 122637 -4.49163e+06 329496 453812 634627 900105 1.2992e+06 1.90553e+06 2.82238e+06 4.21812e+06 6.35899e+06 9.58768e+06 1.44053e+07 2.13442e+07 3.10831e+07 4.50604e+07 6.52747e+07 
0.521267 0.118263 0.213436 0.385559 0.697274 1.26219 2.2878 4.15381 7.55543 13.7653 25.1431 46.0664 84.6047 155.934 288.708 537.022 1003.06 1885.91 3574.25 6809.06 13083.6 25420.1 49889.9 98648.5 197829 -5.79687e+06 557605 788649 1.12781e+06 1.64283e+06 2.43328e+06 3.64026e+06 5.4954e+06 8.36208e+06 1.2715e+07 1.9248e+07 2.86877e+07 4.19288e+07 6.09316e+07 8.83974e+07 
0.402362 0.0913018 0.16481 0.297787 0.53868 0.975411 1.76863 3.21249 5.84602 10.657 19.4782 35.7137 65.6497 121.124 224.523 418.208 782.444 1473.94 2799.54 5347.55 10307.5 20098.2 39612.2 78729.1 158813 325012 -7.50155e+06 956658 1.38228e+06 2.03713e+06 3.05596e+06 4.63219e+06 7.08671e+06 1.09192e+07 1.6793e+07 2.56784e+07 3.85742e+07 5.66529e+07 8.25955e+07 1.20053e+08 
0.300903 0.0682914 0.1233 0.22284 0.403215 0.730363 1.32481 2.40742 4.38319 7.99525 14.6234 26.8335 49.3735 91.1962 169.263 315.748 591.816 1117.16 2126.9 4074.6 7880.78 15426.9 30547.2 61059.1 123980 256613 534046 -9.7898e+06 1.6509e+06 2.46656e+06 3.75697e+06 5.78604e+06 8.99792e+06 1.40815e+07 2.19652e+07 3.4012e+07 5.15968e+07 7.62412e+07 1.11601e+08 1.62578e+08 
0.213898 0.0485544 0.0876851 0.158514 0.286905 0.519868 0.943381 1.71508 3.12433 5.7027 10.4381 19.1695 35.3078 65.2934 121.351 226.73 425.787 805.528 1537.48 2954.67 5735.73 11275.5 22439.6 45131.9 92300.3 192622 405036 866555 -1.29016e+07 2.84674e+06 4.46144e+06 7.00148e+06 1.11035e+07 1.77093e+07 2.81067e+07 4.41971e+07 6.78588e+07 1.01025e+08 1.48605e+08 2.17065e+08 
0.141726 0.0321779 0.0581245 0.105104 0.190293 0.344937 0.626213 1.13902 2.07611 3.79204 6.94627 12.7681 23.5428 43.5916 81.1334 151.844 285.741 541.859 1037.02 1999.62 3897.14 7696.24 15400.4 31185.1 64284.7 135390 288031 624728 1.37363e+06 -1.71818e+07 4.9626e+06 7.97086e+06 1.29559e+07 2.11746e+07 3.43697e+07 5.51408e+07 8.59991e+07 1.29298e+08 1.91416e+08 2.80533e+08 
0.0854969 0.0194154 0.0350795 0.0634503 0.114914 0.20838 0.378467 0.688741 1.2561 2.29589 4.20897 7.74364 14.294 26.5008 49.3963 92.6065 174.635 331.97 637.095 1232.75 2412.43 4786.89 9633.65 19647.8 40844.4 86870.4 187178 412213 932572 2.14978e+06 -2.29999e+07 8.22448e+06 1.37957e+07 2.33002e+07 3.90027e+07 6.43465e+07 1.0259e+08 1.56424e+08 2.33688e+08 3.44048e+08 
0.0458322 0.0104101 0.0188134 0.0340382 0.0616654 0.111863 0.203258 0.370075 0.675318 1.23519 2.26623 4.17314 7.71167 14.3156 26.7225 50.1843 94.8345 180.711 347.769 675.251 1326.87 2645.43 5354.61 10999.9 23063 49544.5 108162 242019 557931 1.31636e+06 3.13539e+06 -3.13356e+07 1.33085e+07 2.34013e+07 4.07189e+07 6.96325e+07 1.14262e+08 1.77507e+08 2.68423e+08 3.97564e+08 
0.0215466 0.00489493 0.00884834 0.0160132 0.0290193 0.0526613 0.095728 0.174378 0.318386 0.582743 1.07 1.97208 3.6482 6.78084 12.6758 23.845 45.1534 86.2464 166.429 324.257 639.753 1281.53 2608.76 5397.82 11414.6 24768.6 54799.2 124638 293017 708558 1.74168e+06 4.40727e+06 -4.389e+07 2.12856e+07 3.89057e+07 6.95862e+07 1.18451e+08 1.88511e+08 2.89585e+08 4.32234e+08 
0.00884561 0.0020099 0.003634 0.00657825 0.0119245 0.0216467 0.039365 0.0717395 0.131053 0.240016 0.441019 0.813487 1.50638 2.80311 5.24692 9.88549 18.7548 35.9013 69.4519 135.739 268.808 540.801 1106.66 2305.03 4913.04 10760.6 24106.9 55690 133430 330631 839856 2.21259e+06 6.07724e+06 -6.19322e+07 3.17031e+07 6.05686e+07 1.09282e+08 1.81091e+08 2.85848e+08 4.32615e+08 
0.00312115 0.000709307 0.00128272 0.00232251 0.00421116 0.00764696 0.0139112 0.0253626 0.0463542 0.0849444 0.156185 0.288308 0.534364 0.99542 1.86551 3.51974 6.68929 12.8307 24.8782 48.7628 96.8956 195.712 402.408 843.239 1810.28 3998.62 9060.41 21229.2 51752.5 131152 343565 940865 2.71459e+06 7.74768e+06 -8.84679e+07 4.60453e+07 8.99118e+07 1.58195e+08 2.60575e+08 4.03838e+08 
0.00093284 0.000212028 0.000383505 0.000694521 0.00125959 0.00228792 0.00416351 0.00759361 0.0138845 0.0254567 0.0468344 0.0865117 0.160476 0.299223 0.561383 1.06054 2.0187 3.879 7.5367 14.8103 29.5188 59.8331 123.548 260.285 562.36 1251.52 2864.49 6796.57 16825.7 43504.2 117192 332661 1.00386e+06 3.06038e+06 9.52015e+06 -1.27701e+08 6.46265e+07 1.24847e+08 2.19168e+08 3.53282e+08 
0.000230301 5.23519e-05 9.4705e-05 0.000171537 0.000311159 0.000565312 0.00102901 0.0018773 0.0034337 0.00629813 0.0115925 0.0214246 0.0397675 0.0742057 0.139339 0.263496 0.502168 0.966293 1.88048 3.70276 7.39764 15.0362 31.1516 65.905 143.105 320.355 739.026 1770.78 4436.81 11652.9 32089.5 93751.1 293475 948336 3.1927e+06 1.10993e+07 -1.82097e+08 8.31955e+07 1.62449e+08 2.82106e+08 
4.57882e-05 1.04093e-05 1.88322e-05 3.41139e-05 6.1888e-05 0.000112453 0.000204726 0.000373567 0.000683423 0.00125386 0.00230856 0.00426798 0.00792523 0.0147953 0.0277966 0.0525974 0.100316 0.193202 0.376361 0.742001 1.48461 3.02272 6.27529 13.3105 28.9913 65.1355 150.992 364 918.886 2437.27 6806.6 20261 64974 218615 781458 2.98285e+06 1.15736e+07 -2.48847e+08 9.78565e+07 1.99294e+08 
7.15284e-06 1.62619e-06 2.94225e-06 5.33018e-06 9.67058e-06 1.75737e-05 3.19975e-05 5.83939e-05 0.000106845 0.000196064 0.00036106 0.000667675 0.00124017 0.00231601 0.00435286 0.00824028 0.0157248 0.0303036 0.059074 0.116568 0.233471 0.475922 0.989437 2.10242 4.5888 10.335 24.0353 58.1752 147.581 393.958 1110.25 3345.21 10897.8 37677.1 140542 571730 2.46744e+06 1.06844e+07 -3.29178e+08 1.19787e+08 
8.47644e-07 1.92719e-07 3.487e-07 6.3174e-07 1.14624e-06 2.08314e-06 3.79322e-06 6.92314e-06 1.26689e-05 2.32509e-05 4.28241e-05 7.92043e-05 0.000147148 0.000274865 0.00051674 0.000978537 0.00186804 0.00360151 0.00702424 0.0138689 0.027797 0.056708 0.118005 0.251028 0.548614 1.23744 2.88325 6.9944 17.791 47.651 134.904 408.91 1342.45 4706.1 17976.1 76059.5 353639 1.79586e+06 9.88611e+06 -4.18364e+08 
dt_FE: 5.56905e-07
dt_EA: 5.56905e-07
dt_PE: 5.56905e-07
tolC: 1e-06
dt_grow: 1.03
dt_max: 0.1
steps: 0
