t: 1.80203e-09
dt: 2.85336e-10
N: 0.00107211 0.00123847 0.00143007 0.00165076 0.00190484 0.00219665 0.00253167 0.00291611 0.00335637 0.00385868 0.004432 0.00508536 0.00582425 0.00665926 0.00760118 0.00865636 0.00982481 0.0111193 0.0125457 0.0140718 0.0157002 0.0174215 0.0191798 0.0208724 0.0224808 0.0239393 0.0248859 0.0252952 0.0250785 0.0239681 0.0364848 0.442206 0.377433 0.00765179 0.00268064 0.000962225 0.000274907 6.01774e-05 1.00743e-05 1.25365e-06 
eC: 1 1.15749 1.33977 1.55077 1.795 2.07768 2.40489 2.78363 3.22201 3.72944 4.31677 4.99661 5.78351 6.69433 7.7486 8.9689 10.3814 12.0163 13.9087 16.0991 18.6345 21.5692 24.9661 28.8979 33.4489 38.7167 44.814 51.8717 60.0407 69.4963 80.4411 93.1095 107.773 124.746 144.391 167.131 193.452 223.918 259.182 300 
dV: 1.08333 0.211322 0.327712 0.508206 0.788112 1.22218 1.89532 2.93921 4.55805 7.06849 10.9616 16.999 26.3615 40.8807 63.3966 98.3136 152.462 236.434 366.655 568.597 881.764 1367.42 2120.55 3288.49 5099.69 7908.45 12264.2 19019 29494.1 45738.6 70930.1 109996 170579 264529 410225 636165 986546 1.52991e+06 2.37254e+06 3.67926e+06 
kVec: 807740 938531 1.08328e+06 1.25066e+06 1.44405e+06 1.66696e+06 1.92382e+06 2.21969e+06 2.5602e+06 2.95061e+06 3.3989e+06 3.91338e+06 4.50008e+06 5.16975e+06 5.93367e+06 6.80277e+06 7.78176e+06 8.88947e+06 1.01423e+07 1.15289e+07 1.30728e+07 1.47904e+07 1.66853e+07 1.87154e+07 2.0933e+07 2.33851e+07 2.58852e+07 2.85727e+07 3.15618e+07 3.49374e+07 3.87126e+07 4.36441e+07 5.18237e+07 6.59682e+07 8.98575e+07 1.2733e+08 1.80645e+08 2.46889e+08 3.27022e+08 4.16206e+08 
cMat: 
-207243 959.103 1127 1312.76 1530.34 1786.53 2088.34 2444.22 2865.51 3367.82 3966.02 4680.32 5544.62 6590.69 7859.78 9414.88 11348.1 13745.8 16737 20573.7 25483.9 31801.1 40087.4 51179.9 65977 85904.8 113763 152401 206392 283409 394665 554966 787831 1.13282e+06 1.6356e+06 2.36436e+06 3.39874e+06 4.85742e+06 6.94977e+06 9.97902e+06 
4877.15 -244787 1298.72 1512.79 1763.54 2058.78 2406.62 2816.77 3302.32 3881.26 4570.74 5394.08 6390.35 7596.21 9059.22 10852.1 13081 15845.7 19294.9 23719.7 29383.1 36670.3 46230.1 59029.4 76106.1 99107.9 131270 175885 238240 327206 455748 640987 910126 1.30891e+06 1.89016e+06 2.73274e+06 3.92875e+06 5.61533e+06 8.03458e+06 1.15371e+07 
3661.05 829.651 -282136 1741.71 2030.43 2370.38 2770.9 3243.18 3802.3 4468.98 5263 6211.19 7358.61 8747.49 10432.7 12497.9 15065.7 18251.1 22225.5 27324.7 33852.1 42252.2 53273.9 68033.3 87728.8 114263 151374 202866 274849 377576 526034 740020 1.05099e+06 1.51182e+06 2.18363e+06 3.15761e+06 4.54021e+06 6.48986e+06 9.28651e+06 1.33355e+07 
2720.24 616.453 1111.01 -325769 2336.02 2727.16 3188.01 3731.45 4374.83 5142.02 6055.78 7147.01 8467.6 10066.2 12006 14383.5 17339.8 21007.4 25584.2 31457 38975.9 48653.5 61353.7 78364.5 101069 131665 174467 233872 316939 435517 606925 854051 1.21327e+06 1.74569e+06 2.522e+06 3.64766e+06 5.24569e+06 7.49905e+06 1.07314e+07 1.54112e+07 
2019.35 457.622 824.762 1487.56 -376670 3107.29 3665.07 4289.91 5029.7 5911.88 6962.65 8217.56 9736.37 11575 13806.3 16541.3 19942.5 24162.7 29429.5 36189 44844.6 55987.2 70612.9 90207.8 116368 151629 200973 269477 365297 502122 699964 985279 1.40012e+06 2.0151e+06 2.91197e+06 4.21268e+06 6.05935e+06 8.66324e+06 1.23984e+07 1.78062e+07 
1498.21 339.526 611.927 1103.7 1974.8 -435880 4207.7 4925.16 5774.64 6787.7 7994.41 9435.67 11180.1 13292.2 15855.5 18997.8 22906.1 27756.1 33809.9 41581 51534 64349.6 81175.6 103725 133838 174440 231279 310217 420671 578452 806674 1.13591e+06 1.61477e+06 2.32482e+06 3.3606e+06 4.86306e+06 6.99639e+06 1.00043e+07 1.43192e+07 2.05663e+07 
1110.49 251.663 453.577 818.107 1476.98 2668.05 -504743 5647.13 6621.34 7783.21 9167.28 10820.5 12821.7 15244.9 18186 21792 26277.8 31845.3 38795.9 47720.4 59153.1 73877.9 93216.2 119141 153774 200488 265909 356805 484045 665883 929008 1.30875e+06 1.86126e+06 2.68076e+06 3.87653e+06 5.61149e+06 8.07521e+06 1.15489e+07 1.65318e+07 2.37463e+07 
821.965 186.279 335.739 605.575 1093.3 1975.01 3571.32 -584809 7503.41 8913.55 10499.1 12393.1 14686.1 17462.9 20833.7 24967 30109.9 36493.9 44465.6 54703.7 67822.9 84724.5 106929 136708 176505 230206 305450 410041 556524 765965 1.06917e+06 1.50695e+06 2.14417e+06 3.08962e+06 4.46961e+06 6.47243e+06 9.31684e+06 1.3327e+07 1.90797e+07 2.74088e+07 
607.556 137.69 248.17 447.634 808.172 1459.98 2640.08 4730.75 -678061 10191.1 12004.6 14171.1 16794.2 19971.3 23828.5 28559.1 34446.3 41756 50885.5 62614.4 77648.4 97023.3 122487 156652 202331 263998 350453 470693 639186 880235 1.22939e+06 1.73375e+06 2.46828e+06 3.55848e+06 5.15035e+06 7.46141e+06 1.07441e+07 1.53718e+07 2.20106e+07 3.16226e+07 
448.608 101.669 183.25 330.544 596.79 1078.14 1949.68 3530.66 6402.59 -786246 13691.7 16163.8 19157.5 22783.9 27187.4 32589.1 39313.3 47664.3 58097.1 71505.4 88698.5 110865 140010 179136 231477 302178 401364 539403 732968 1.01008e+06 1.41172e+06 1.99227e+06 2.83825e+06 4.09442e+06 5.92948e+06 8.59462e+06 1.23809e+07 1.77182e+07 2.5375e+07 3.64612e+07 
330.543 74.9134 135.028 243.568 439.769 794.503 1436.81 2602.03 4718.85 8566.65 -912238 18399.3 21809.2 25940.6 30958.1 37114.6 44780.5 54303.8 66204.9 81506.6 101136 126454 159762 204503 264392 345342 458994 617285 839419 1.15768e+06 1.6193e+06 2.28703e+06 3.26071e+06 4.70722e+06 6.82144e+06 9.89336e+06 1.42584e+07 2.0411e+07 2.92378e+07 4.2018e+07 
242.91 55.0537 99.2344 179.007 323.214 583.954 1056.1 1912.66 3468.86 6297.87 11457.7 -1.05919e+06 24588.7 29471.1 35176.6 42179.1 50901.3 61740.2 75290.3 92720.4 115091 143959 181960 233040 301461 394014 524069 705358 959989 1.32514e+06 1.85521e+06 2.62257e+06 3.74239e+06 5.40697e+06 7.84134e+06 1.13802e+07 1.64098e+07 2.34987e+07 3.36687e+07 4.83941e+07 
178.221 40.3934 72.8115 131.348 237.171 428.519 775.031 1403.72 2546.02 4622.82 8411.11 15228.3 -1.22997e+06 33349.2 39812.6 47747.6 57635.3 69927.4 85300.6 105087 130497 163307 206529 264675 342626 448165 596628 803791 1.09507e+06 1.51324e+06 2.1209e+06 3.00144e+06 4.28765e+06 6.20089e+06 9.00093e+06 1.30738e+07 1.88641e+07 2.7024e+07 3.8731e+07 5.56822e+07 
130.371 29.5493 53.2662 96.0935 173.52 313.533 567.102 1027.2 1863.25 3383.45 6156.82 11232.5 20523.4 -1.42925e+06 44898.4 53859.6 65031.2 78925.7 96311.5 118703 147478 184659 233680 299692 388274 508333 677429 913670 1.24625e+06 1.72431e+06 2.41985e+06 3.42889e+06 4.90443e+06 7.10108e+06 1.03186e+07 1.5002e+07 2.16625e+07 3.10475e+07 4.45125e+07 6.40094e+07 
94.9816 21.5288 38.8099 70.0172 126.44 228.478 413.289 748.656 1358.13 2466.49 4488.81 8190.57 14968 27429 -1.66207e+06 59865.3 73120.4 88775 108374 133635 166122 208134 263575 338316 438723 574970 767139 1.03598e+06 1.415e+06 1.96061e+06 2.75551e+06 3.91022e+06 5.60092e+06 8.12022e+06 1.18138e+07 1.71947e+07 2.48498e+07 3.56347e+07 5.11088e+07 7.3515e+07 
68.9194 15.6221 28.1632 50.8121 91.7642 165.831 299.992 543.476 986.022 1790.94 3259.86 5949.14 10874.1 19931.5 36263.7 -1.93562e+06 81822 99380.8 121378 149755 186280 233559 296020 380332 493744 647853 865573 1.17066e+06 1.60148e+06 2.22274e+06 3.12929e+06 4.44826e+06 6.38233e+06 9.26742e+06 1.35021e+07 1.9677e+07 2.84657e+07 4.08454e+07 5.86084e+07 8.43292e+07 
49.8302 11.2956 20.3647 36.7444 66.3633 119.938 216.993 393.157 713.392 1295.96 2359.32 4306.55 7873.58 14435.8 26569.3 49081 -2.25445e+06 110481 135010 166687 207502 260395 330364 424957 552399 725863 971422 1.31619e+06 1.80405e+06 2.50903e+06 3.5398e+06 5.04234e+06 7.24963e+06 1.05467e+07 1.53927e+07 2.24671e+07 3.25418e+07 4.67297e+07 6.70882e+07 9.65672e+07 
35.7983 8.11526 14.6318 26.4023 47.6886 86.1958 155.964 282.618 512.892 931.894 1696.87 3098.06 5665.69 10391.1 19131.7 35356.4 65525.2 -2.62989e+06 149311 184485 229861 288738 366742 472385 614968 809414 1.08531e+06 1.47356e+06 2.02422e+06 2.8219e+06 3.99088e+06 5.69864e+06 8.21273e+06 1.19739e+07 1.75108e+07 2.56046e+07 3.71383e+07 5.3377e+07 7.66793e+07 1.10421e+08 
25.5152 5.78449 10.4302 18.8222 34.0003 61.4614 111.223 201.573 365.874 664.904 1210.99 2211.53 4045.65 7422.5 13671.6 25277.6 46872.6 87402.5 -3.0747e+06 201765 253108 318295 404806 522206 680977 897975 1.20668e+06 1.64222e+06 2.26161e+06 3.16134e+06 4.48337e+06 6.4196e+06 9.27699e+06 1.35594e+07 1.98749e+07 2.91212e+07 4.2307e+07 6.08666e+07 8.75005e+07 1.26065e+08 
18.0843 4.10014 7.39371 13.3439 24.107 43.5834 78.8824 142.986 259.585 471.856 859.625 1570.35 2873.78 5274.75 9720.34 17982.2 33367.3 62267.2 116335 -3.59576e+06 275484 346905 441886 571099 746282 986356 1.32901e+06 1.814e+06 2.50602e+06 3.51479e+06 5.00197e+06 7.18703e+06 1.04216e+07 1.52802e+07 2.24616e+07 3.29958e+07 4.80326e+07 6.91904e+07 9.9554e+07 1.43517e+08 
12.692 2.87781 5.19001 9.3678 16.9259 30.6051 55.4025 100.445 182.395 331.637 604.361 1104.42 2021.98 3713.13 6846.38 12673.7 23535.2 43957.9 82689 156089 -4.21466e+06 374286 477629 618618 810322 1.07386e+06 1.45145e+06 1.98791e+06 2.75638e+06 3.88126e+06 5.54623e+06 8.0018e+06 1.16502e+07 1.71451e+07 2.5289e+07 3.72621e+07 5.43725e+07 7.84383e+07 1.12977e+08 1.62981e+08 
8.79438 1.99424 3.59692 6.49313 11.7335 21.22 38.4206 69.6721 126.548 230.164 419.588 767.066 1405.02 2581.57 4762.95 8823.34 16399.3 30660.2 57739.1 109140 207827 -4.95302e+06 505259 663537 871537 1.1585e+06 1.57147e+06 2.16075e+06 3.00874e+06 4.25603e+06 6.11076e+06 8.85838e+06 1.29582e+07 1.91529e+07 2.83624e+07 4.19382e+07 6.13651e+07 8.86773e+07 1.27876e+08 1.84621e+08 
6.0137 1.36382 2.46018 4.44173 8.02779 14.521 26.2974 47.6998 86.6642 157.68 287.565 525.946 963.892 1772.17 3271.97 6066.36 11286.4 21125.3 39834.4 75414.6 143867 274085 -5.84594e+06 701670 924575 1.2334e+06 1.68015e+06 2.32096e+06 3.24814e+06 4.61986e+06 6.67119e+06 9.7265e+06 1.43094e+07 2.12609e+07 3.16348e+07 4.6976e+07 6.89661e+07 9.98664e+07 1.44216e+08 2.08405e+08 
4.05444 0.919601 1.65909 2.99591 5.41568 9.79828 17.7492 32.2042 58.5305 106.536 194.383 355.708 652.316 1200.21 2217.81 4115.93 7666.67 14369.3 27136.3 51469.9 98398.8 190079 370536 -6.91023e+06 961280 1.28789e+06 1.7634e+06 2.44988e+06 3.44986e+06 4.94017e+06 7.18496e+06 1.05515e+07 1.56352e+07 2.33852e+07 3.50062e+07 5.2262e+07 7.70497e+07 1.11861e+08 1.61824e+08 2.34114e+08 
2.67555 0.606931 1.09517 1.97796 3.57628 6.47196 11.7271 21.2845 38.6988 70.4708 128.646 235.55 432.269 795.991 1472.25 2735.24 5101.56 9575.92 18114.7 34429.8 65980.2 127804 249936 492083 -8.20862e+06 1.32211e+06 1.82092e+06 2.54645e+06 3.61168e+06 5.21304e+06 7.64595e+06 1.13248e+07 1.69253e+07 2.55155e+07 3.84706e+07 5.78016e+07 8.56438e+07 1.24721e+08 1.80805e+08 2.61915e+08 
1.72034 0.390305 0.704404 1.27246 2.30122 4.16562 7.55043 13.7088 24.9352 45.4298 82.9799 152.033 279.221 514.629 952.824 1772.34 3310.41 6224.09 11796.1 22472 43179.8 83894 164652 325570 652895 -9.82576e+06 1.84027e+06 2.60278e+06 3.72211e+06 5.42183e+06 8.03058e+06 1.2014e+07 1.81365e+07 2.75974e+07 4.19633e+07 6.35244e+07 9.46783e+07 1.38378e+08 2.01093e+08 2.91738e+08 
1.07958 0.244973 0.442204 0.798996 1.44534 2.61713 4.74542 8.61946 15.6855 28.5939 52.2623 95.8236 176.145 324.988 602.419 1122.1 2099.38 3954.73 7511.46 14348 27656.1 53925.7 106284 211239 426114 872043 -1.17833e+07 2.56682e+06 3.7088e+06 5.46583e+06 8.19948e+06 1.24287e+07 1.90144e+07 2.92974e+07 4.50573e+07 6.8898e+07 1.03499e+08 1.52006e+08 2.21613e+08 3.22115e+08 
0.653332 0.148277 0.267715 0.483839 0.875477 1.58579 2.87649 5.22709 9.51696 17.3596 31.751 58.262 107.202 198.009 367.51 685.564 1284.97 2425.61 4618 8846.94 17111.1 33495.5 66325.3 132574 269191 557168 1.15954e+06 -1.42351e+07 3.58449e+06 5.35549e+06 8.15729e+06 1.25629e+07 1.95366e+07 3.05743e+07 4.76917e+07 7.38483e+07 1.12029e+08 1.65538e+08 2.42312e+08 3.52996e+08 
0.378178 0.0858456 0.15503 0.280257 0.507256 0.919141 1.66792 3.03231 5.5239 10.0825 18.4548 33.8922 62.4252 115.441 214.551 400.865 752.803 1424.2 2718.3 5223.94 10140.9 19935.4 39673.8 79794.5 163189 340562 716116 1.53209e+06 -1.73471e+07 5.03311e+06 7.88794e+06 1.23788e+07 1.96313e+07 3.13105e+07 4.96933e+07 7.81417e+07 1.19976e+08 1.78614e+08 2.62739e+08 3.83776e+08 
0.208224 0.0472758 0.0853965 0.154419 0.279579 0.506781 0.92003 1.67345 3.05022 5.57125 10.2054 18.7589 34.589 64.0448 119.201 223.089 419.81 796.099 1523.58 2937.83 5725.67 11307.3 22626.2 45817.2 94446.9 198915 423175 917850 2.01814e+06 -2.13899e+07 7.29105e+06 1.17108e+07 1.90348e+07 3.11097e+07 5.04958e+07 8.10128e+07 1.2635e+08 1.89964e+08 2.81228e+08 4.12158e+08 
0.106362 0.0241537 0.0436406 0.0789352 0.142959 0.259234 0.470831 0.856826 1.56265 2.85619 5.23616 9.63345 17.7824 32.9683 61.4513 115.207 217.254 412.986 792.576 1533.59 3001.18 5955.12 11984.7 24442.8 50812.4 108071 232858 512813 1.16016e+06 2.67443e+06 -2.66754e+07 1.02316e+07 1.71625e+07 2.89866e+07 4.85211e+07 8.00501e+07 1.27627e+08 1.94599e+08 2.90718e+08 4.28012e+08 
0.0294974 0.00669987 0.0121082 0.0219068 0.0396875 0.0719943 0.130816 0.238178 0.434631 0.794964 1.45853 2.68581 4.96319 9.21342 17.1985 32.2984 61.035 116.305 223.822 434.588 853.966 1702.59 3446.2 7079.46 14843.2 31886.6 69612.7 155762 359081 847199 2.01792e+06 -3.71891e+07 8.56528e+06 1.50609e+07 2.62065e+07 4.48151e+07 7.35386e+07 1.14243e+08 1.72756e+08 2.5587e+08 
0.0144001 0.00327139 0.00591355 0.010702 0.0193943 0.0351947 0.0639772 0.116541 0.212785 0.38946 0.715106 1.31799 2.43817 4.53179 8.47153 15.9362 30.1771 57.6405 111.229 216.708 427.562 856.476 1743.49 3607.49 7628.63 16553.4 36623.6 83298.3 195830 473546 1.164e+06 2.94548e+06 -4.92217e+07 1.42256e+07 2.60016e+07 4.6506e+07 7.91634e+07 1.25986e+08 1.93536e+08 2.88872e+08 
0.00905233 0.00205687 0.00371893 0.00673198 0.0122032 0.0221526 0.040285 0.073416 0.134115 0.245625 0.451326 0.832498 1.54158 2.86862 5.36954 10.1165 19.1931 36.7403 71.075 138.911 275.09 553.439 1132.52 2358.9 5027.86 11012.1 24670.3 56991.4 136548 338358 859483 2.2643e+06 6.21926e+06 -6.23545e+07 3.2444e+07 6.19841e+07 1.11836e+08 1.85323e+08 2.92528e+08 4.42725e+08 
0.00314896 0.000715627 0.00129415 0.00234321 0.00424868 0.0077151 0.0140352 0.0255885 0.0467672 0.0857013 0.157577 0.290877 0.539125 1.00429 1.88213 3.5511 6.74889 12.945 25.0999 49.1972 97.7589 197.455 405.994 850.752 1826.41 4034.24 9141.14 21418.4 52213.6 132320 346626 949248 2.73878e+06 7.81671e+06 -8.82394e+07 4.64556e+07 9.07129e+07 1.59605e+08 2.62897e+08 4.07436e+08 
0.000935388 0.000212607 0.000384552 0.000696418 0.00126303 0.00229417 0.00417489 0.00761435 0.0139224 0.0255263 0.0469623 0.0867479 0.160914 0.30004 0.562916 1.06343 2.02421 3.8896 7.55728 14.8508 29.5994 59.9965 123.886 260.996 563.895 1254.94 2872.31 6815.14 16871.7 43623 117512 333569 1.0066e+06 3.06874e+06 9.54615e+06 -1.26719e+08 6.4803e+07 1.25188e+08 2.19767e+08 3.54247e+08 
0.000230464 5.23889e-05 9.47719e-05 0.000171658 0.000311379 0.000565712 0.00102974 0.00187863 0.00343613 0.00630258 0.0116007 0.0214398 0.0397956 0.0742581 0.139437 0.263682 0.502523 0.966976 1.88181 3.70538 7.40287 15.0468 31.1736 65.9515 143.206 320.582 739.548 1772.03 4439.94 11661.2 32112.2 93817.3 293683 949006 3.19496e+06 1.11071e+07 -1.80457e+08 8.32543e+07 1.62563e+08 2.82306e+08 
4.57952e-05 1.04109e-05 1.88351e-05 3.41191e-05 6.18974e-05 0.000112471 0.000204758 0.000373624 0.000683526 0.00125405 0.00230891 0.00426862 0.00792643 0.0147976 0.0278008 0.0526054 0.100331 0.193231 0.376418 0.742114 1.48483 3.02318 6.27624 13.3126 28.9957 65.1454 151.015 364.055 919.026 2437.64 6807.63 20264 64983.8 218648 781576 2.9833e+06 1.15754e+07 -2.46844e+08 9.78714e+07 1.99325e+08 
7.15303e-06 1.62623e-06 2.94232e-06 5.33031e-06 9.67083e-06 1.75742e-05 3.19983e-05 5.83954e-05 0.000106848 0.000196069 0.00036107 0.000667692 0.0012402 0.00231607 0.00435297 0.00824049 0.0157252 0.0303044 0.0590755 0.116571 0.233477 0.475934 0.989462 2.10247 4.58892 10.3352 24.0359 58.1767 147.584 393.968 1110.28 3345.3 10898.1 37678.1 140545 571745 2.4675e+06 1.06847e+07 -3.27013e+08 1.1979e+08 
8.47647e-07 1.92719e-07 3.48701e-07 6.31742e-07 1.14625e-06 2.08315e-06 3.79324e-06 6.92316e-06 1.2669e-05 2.32509e-05 4.28243e-05 7.92046e-05 0.000147149 0.000274866 0.000516742 0.000978541 0.00186804 0.00360152 0.00702426 0.0138689 0.0277971 0.0567082 0.118005 0.251029 0.548616 1.23744 2.88326 6.99442 17.7911 47.6512 134.904 408.911 1342.46 4706.12 17976.2 76059.7 353640 1.79587e+06 9.88614e+06 -4.16205e+08 
dt_FE: 2.85336e-10
dt_EA: 2.85336e-10
dt_PE: 2.85336e-10
tolC: 1e-06
dt_grow: 1.03
dt_max: 0.1
steps: 0
