t: 3.31673e-07
dt: 2.39034e-09
N: 0.248957 0.280788 0.315506 0.353077 0.39333 0.435868 0.480261 0.525933 0.572069 0.617623 0.66174 0.703396 0.741295 0.7747 0.802976 0.825531 0.841971 0.852546 0.857366 0.856287 0.849519 0.836793 0.817282 0.789591 0.751825 0.701279 0.634855 0.550426 0.448729 0.336243 0.226123 0.133778 0.0687303 0.0304371 0.0115361 0.00369898 0.000985193 0.000212542 3.59879e-05 4.606e-06 
eC: 1 1.15749 1.33977 1.55077 1.795 2.07768 2.40489 2.78363 3.22201 3.72944 4.31677 4.99661 5.78351 6.69433 7.7486 8.9689 10.3814 12.0163 13.9087 16.0991 18.6345 21.5692 24.9661 28.8979 33.4489 38.7167 44.814 51.8717 60.0407 69.4963 80.4411 93.1095 107.773 124.746 144.391 167.131 193.452 223.918 259.182 300 
dV: 1.08333 0.211322 0.327712 0.508206 0.788112 1.22218 1.89532 2.93921 4.55805 7.06849 10.9616 16.999 26.3615 40.8807 63.3966 98.3136 152.462 236.434 366.655 568.597 881.764 1367.42 2120.55 3288.49 5099.69 7908.45 12264.2 19019 29494.1 45738.6 70930.1 109996 170579 264529 410225 636165 986546 1.52991e+06 2.37254e+06 3.67926e+06 
kVec: 1.02649e+06 1.18939e+06 1.37046e+06 1.57884e+06 1.81835e+06 2.09264e+06 2.40645e+06 2.76502e+06 3.17372e+06 3.63682e+06 4.16172e+06 4.75517e+06 5.41902e+06 6.16054e+06 6.98586e+06 7.89715e+06 8.88566e+06 9.95903e+06 1.11165e+07 1.23165e+07 1.356e+07 1.48349e+07 1.61104e+07 1.73072e+07 1.84683e+07 1.96362e+07 2.068e+07 2.18481e+07 2.3437e+07 2.58999e+07 2.9727e+07 3.61786e+07 4.71302e+07 6.38743e+07 8.94945e+07 1.28165e+08 1.82264e+08 2.48885e+08 3.29175e+08 4.18351e+08 
cMat: 
-74837.6 721.101 847.334 986.997 1150.59 1343.2 1570.12 1837.69 2154.43 2532.09 2981.85 3518.9 4168.72 4955.21 5909.37 7078.57 8532.06 10334.8 12583.7 15468.3 19160 23909.7 30139.7 38479.6 49604.8 64587.5 85532.8 114583 155176 213081 296729 417251 592330 851712 1.22973e+06 1.77764e+06 2.55534e+06 3.65205e+06 5.22518e+06 7.50272e+06 
3512.05 -89952.1 935.21 1089.36 1269.93 1482.54 1733.01 2028.36 2378.01 2794.91 3291.41 3884.3 4601.71 5470.06 6523.58 7814.62 9419.67 11410.5 13894.3 17080.7 21158.9 26406.4 33290.5 42507.3 54804.3 71368 94527.8 126656 171558 235623 328186 461577 655385 942549 1.36111e+06 1.96786e+06 2.82911e+06 4.04362e+06 5.78573e+06 8.30794e+06 
2509.56 568.705 -102776 1193.9 1391.81 1624.83 1899.38 2223.12 2606.38 3063.37 3607.65 4257.61 5044.14 5996.18 7151.33 8567 10327.2 12510.6 15235 18730.4 23204.7 28962.8 36517.9 46635.1 60135.8 78324.6 103763 139059 188402 258819 360583 507265 720427 1.03632e+06 1.49682e+06 2.16446e+06 3.1122e+06 4.44864e+06 6.36566e+06 9.14112e+06 
1762.7 399.457 719.926 -117805 1513.72 1767.18 2065.81 2417.95 2834.86 3331.99 3924.1 4631.21 5486.95 6522.84 7779.8 9320.38 11236.1 13612.7 16578.4 20383.9 25256.1 31527.2 39756.8 50779.7 65492.2 85318.2 113054 151547 205374 282212 393283 553419 786189 1.1312e+06 1.63424e+06 2.36366e+06 3.39917e+06 4.85933e+06 6.95386e+06 9.98632e+06 
1227.41 278.155 501.313 904.181 -135362 1888.69 2227.73 2607.53 3057.19 3593.4 4232.09 4994.86 5918.03 7035.63 8391.85 10054.2 12121.6 14686.7 17888 21996.7 27257.7 34030.5 42920.5 54830.8 70731.6 92164.4 122157 163796 222038 305203 425457 598879 851029 1.22483e+06 1.76998e+06 2.56058e+06 3.68304e+06 5.26575e+06 7.5361e+06 1.08231e+07 
847.05 191.959 345.968 624.005 1116.5 -155814 2378.93 2784.56 3264.84 3837.59 4519.84 5334.68 6320.97 7515.08 8964.28 10740.8 12950.5 15692.6 19115.2 23508.8 29136 36381.6 45894.6 58643.3 75668.5 98624.1 130759 175389 237837 327042 456073 642216 912948 1.31439e+06 1.9e+06 2.74945e+06 3.95558e+06 5.6562e+06 8.0957e+06 1.16277e+07 
578.629 131.131 236.34 426.281 769.59 1390.21 -179627 2942.48 3450.1 4055.5 4776.68 5638.1 6680.85 7943.46 9475.95 11354.9 13692.2 16593.2 20214.9 24865.1 30822.2 38494.7 48571 62079.4 80125.2 104466 138554 185916 252216 346963 484067 681933 969823 1.39683e+06 2.01989e+06 2.92391e+06 4.20765e+06 6.01762e+06 8.61402e+06 1.23732e+07 
390.806 88.5669 159.628 287.923 519.813 939.026 1697.99 -207358 3567.52 4237.97 4991.83 5892.36 6982.57 8302.81 9905.44 11870.6 14315.8 17351.2 21141.3 26009 32246.6 40282.5 50839.8 64998.2 83919.8 109452 145227 194955 264601 364180 508341 716483 1.01945e+06 1.46897e+06 2.12509e+06 3.07733e+06 4.42972e+06 6.33638e+06 9.07152e+06 1.30316e+07 
260.868 59.1203 106.557 192.202 347.007 626.873 1133.58 2031.25 -239800 4375.78 5154.43 6084.66 7210.98 8575.11 10231.3 12262.5 14790.3 17928.9 21848.8 26884.9 33340.1 41659.1 52592.5 67261.9 86875.2 113353 150475 202102 274449 377948 527864 744426 1.05981e+06 1.52791e+06 2.21142e+06 3.20372e+06 4.6132e+06 6.60023e+06 9.45073e+06 1.35779e+07 
172.202 39.0266 70.3421 126.882 229.083 413.854 748.401 1355.27 2457.69 -277737 5255.65 6204.59 7353.75 8745.78 10436.1 12509.6 15090.7 18296.3 22301 27447.9 34047.6 42556.3 53744.1 68762.9 88854.1 115993 154067 207054 281355 387726 541898 764749 1.08948e+06 1.57168e+06 2.27608e+06 3.29911e+06 4.7525e+06 6.80127e+06 9.74041e+06 1.39959e+07 
112.307 25.453 45.8779 82.7559 149.418 269.945 488.18 884.08 1603.3 2910.65 -322398 6251.44 7410.02 8813.7 10518.5 12610.3 15214.9 18450.5 22494.1 27693.1 34362.5 42964.8 54281.7 69483.2 89831.2 117335 155950 209732 285205 393339 550182 777054 1.10788e+06 1.59935e+06 2.31769e+06 3.36142e+06 4.8445e+06 6.93497e+06 9.93398e+06 1.42763e+07 
72.4164 16.4126 29.5838 53.3657 96.3567 174.089 314.844 570.203 1034.14 1877.52 3415.78 -375310 7330.38 8785.93 10486.9 12574.4 15174.7 18406 22445.6 27641.9 34310.9 42917.2 54246.1 69474.1 89871.8 117464 156236 210282 286192 395050 553076 781842 1.11568e+06 1.61193e+06 2.33767e+06 3.39267e+06 4.89211e+06 7.00544e+06 1.00373e+07 1.44273e+07 
46.3767 10.5112 18.9471 34.1795 61.7167 111.509 201.679 365.277 662.527 1202.95 2188.74 3962.72 -438124 8678.16 10360.1 12424.9 14997.9 18196.5 22197 27345.9 33958 42496 53743.1 68873.9 89158.4 116622 155255 209163 284961 393775 551901 781036 1.11573e+06 1.6136e+06 2.34223e+06 3.40208e+06 4.90883e+06 7.03221e+06 1.00786e+07 1.44896e+07 
29.5695 6.70207 12.0813 21.795 39.3562 71.1125 128.624 232.979 422.605 767.401 1396.43 2547.64 4654.92 -513410 10183.4 12215.9 14749.7 17901.1 21844.4 26923.1 33449.4 41882.6 53000.9 67973.1 88064.5 115295 153648 207230 282662 391092 548846 777707 1.11237e+06 1.6106e+06 2.34036e+06 3.40261e+06 4.91328e+06 7.04188e+06 1.00959e+07 1.4518e+07 
18.857 4.27418 7.70506 13.9007 25.1025 45.3605 82.0515 148.633 269.634 489.68 891.178 1626.1 2971.64 5445.57 -604389 11885.3 14516.8 17624.8 21515.9 26531.1 32980.7 41321.4 52328.4 67166.9 87101.1 114151 152303 205677 280925 389247 547061 776310 1.11197e+06 1.61213e+06 2.34544e+06 3.41372e+06 4.93352e+06 7.07467e+06 1.01468e+07 1.45952e+07 
12.1293 2.74936 4.95651 8.94254 16.1498 29.1849 52.7963 95.6475 173.532 315.192 573.709 1047 1913.75 3507.79 6382.13 -715311 14400 17490.3 21361.6 26355.7 32783.8 41104.6 52097.2 66935.5 86895.2 114017 152334 206027 281848 391184 550731 782859 1.12324e+06 1.63099e+06 2.37626e+06 3.46299e+06 5.00974e+06 7.18847e+06 1.03146e+07 1.48413e+07 
7.95275 1.80275 3.25015 5.86429 10.5914 19.1418 34.6315 62.7466 113.855 206.831 376.54 687.312 1256.6 2303.91 4240.37 7833.18 -850754 17632.4 21547.2 26602.8 33116.7 41558.2 52725 67821.9 88161.2 115846 155036 210060 287921 400433 564942 804742 1.15702e+06 1.68322e+06 2.45662e+06 3.58568e+06 5.19357e+06 7.45792e+06 1.07071e+07 1.54118e+07 
5.33795 1.21008 2.18178 3.9369 7.11094 12.8528 23.2561 42.1417 76.4784 138.956 253.024 461.958 844.821 1549.43 2852.76 5272.05 9770.58 -1.01872e+06 22264.1 27509 34275 43054.2 54685.5 70438.2 91699 120693 161833 219725 301836 420779 595088 849735 1.22462e+06 1.78545e+06 2.61106e+06 3.81795e+06 5.53776e+06 7.95915e+06 1.14338e+07 1.6465e+07 
3.68557 0.835547 1.5066 2.7188 4.91122 8.87787 16.0658 29.1165 52.8492 96.0428 174.922 319.446 584.379 1072.15 1974.81 3651.25 6770.57 12625 -1.22958e+06 29144.1 36560.5 45976.5 58472.7 75430.6 98364.6 129709 174301 237213 326681 456644 647606 927287 1.34003e+06 1.9586e+06 2.87086e+06 4.20644e+06 6.11108e+06 8.79195e+06 1.26391e+07 1.82097e+07 
2.63604 0.597654 1.07774 1.94507 3.51395 6.3529 11.4982 20.8422 37.8382 68.7798 125.303 228.9 418.894 768.871 1416.88 2621.17 4863.76 9076.34 16957.6 -1.49305e+06 40155.7 50566.3 64411.3 83245.8 108781 143776 193722 264417 365288 512331 729109 1.04761e+06 1.51909e+06 2.2273e+06 3.27411e+06 4.80962e+06 7.00145e+06 1.00855e+07 1.45114e+07 2.09197e+07 
1.94036 0.439962 0.793453 1.43216 2.58765 4.67894 8.46998 15.3561 27.8847 50.7009 92.3953 168.845 309.123 567.666 1046.68 1937.57 3598.07 6720.33 12641.6 23863 -1.8284e+06 57221.1 73020.4 94574.9 123883 164173 221899 303913 421398 593371 847912 1.22332e+06 1.78109e+06 2.62116e+06 3.86621e+06 5.69667e+06 8.31251e+06 1.19917e+07 1.7272e+07 2.49167e+07 
1.46075 0.331244 0.59745 1.07851 1.94895 3.52465 6.38169 11.5726 21.0196 38.2304 69.6938 127.41 233.374 428.8 791.128 1465.56 2723.93 5092.67 9590.49 18128.2 34520.1 -2.26098e+06 83923.8 110214 144763 192428 261021 358902 499753 706928 1.015e+06 1.47138e+06 2.15237e+06 3.1813e+06 4.71101e+06 6.96596e+06 1.01928e+07 1.47293e+07 2.12403e+07 3.06656e+07 
1.1203 0.254068 0.458309 0.827454 1.49551 2.70512 4.89896 8.88605 16.1447 29.3743 53.5707 97.979 179.564 330.139 609.538 1130.11 2102.56 3935.45 7420.79 14049.1 26801.1 51059.6 -2.82374e+06 130715 172240 229772 312996 432375 605099 860639 1.24278e+06 1.81196e+06 2.66572e+06 3.96072e+06 5.89327e+06 8.75121e+06 1.28478e+07 1.86042e+07 2.68661e+07 3.8824e+07 
0.871274 0.197617 0.356529 0.643802 1.1638 2.10559 3.81421 6.92048 12.5779 22.894 41.7718 76.4394 140.179 257.917 476.594 884.488 1647.52 3087.88 5831.43 11060.6 21145.3 40846.8 79625.9 -3.55203e+06 206573 276760 378944 526464 741354 1.06161e+06 1.544e+06 2.26745e+06 3.35992e+06 5.02535e+06 7.52263e+06 1.12308e+07 1.65575e+07 2.40383e+07 3.47749e+07 5.03097e+07 
0.679273 0.154089 0.278043 0.502168 0.907953 1.64311 2.9773 5.40376 9.82493 17.8913 32.6608 59.8018 109.745 202.088 373.777 694.429 1295.19 2431.16 4598.99 8741.1 16751.2 32447.1 63454.2 124931 -4.51831e+06 335659 462300 646497 916941 1.3235e+06 1.94117e+06 2.87517e+06 4.29702e+06 6.47793e+06 9.76701e+06 1.46748e+07 2.17434e+07 3.16645e+07 4.59032e+07 6.64956e+07 
0.526506 0.119452 0.215581 0.389434 0.704281 1.27488 2.31079 4.19555 7.63136 13.9037 25.3958 46.5294 85.455 157.501 291.609 542.419 1013.14 1904.87 3610.17 6877.49 13215.1 25675.6 50391.3 99639.9 199817 -5.82141e+06 563209 796574 1.13914e+06 1.65934e+06 2.45774e+06 3.67685e+06 5.55062e+06 8.44611e+06 1.28428e+07 1.94415e+07 2.8976e+07 4.23501e+07 6.1544e+07 8.92858e+07 
0.404264 0.0917335 0.165589 0.299195 0.541226 0.980023 1.77699 3.22768 5.87366 10.7074 19.5703 35.8825 65.96 121.696 225.584 420.185 786.143 1480.91 2812.77 5372.83 10356.2 20193.2 39799.4 79101.3 159564 326549 -7.52391e+06 961181 1.38881e+06 2.04676e+06 3.07041e+06 4.65409e+06 7.12021e+06 1.09708e+07 1.68723e+07 2.57998e+07 3.87565e+07 5.69207e+07 8.2986e+07 1.2062e+08 
0.301344 0.0683914 0.123481 0.223166 0.403806 0.731434 1.32676 2.41095 4.38961 8.00696 14.6449 26.8728 49.4458 91.3298 169.511 316.21 592.683 1118.79 2130.01 4080.57 7892.32 15449.5 30592 61148.6 124162 256989 534828 -9.81003e+06 1.65331e+06 2.47017e+06 3.76247e+06 5.79452e+06 9.0111e+06 1.41021e+07 2.19974e+07 3.40619e+07 5.16724e+07 7.63529e+07 1.11764e+08 1.62816e+08 
0.213841 0.0485415 0.0876619 0.158472 0.286829 0.51973 0.94313 1.71463 3.1235 5.70119 10.4353 19.1644 35.2984 65.2761 121.318 226.67 425.674 805.314 1537.07 2953.89 5734.21 11272.5 22433.6 45119.9 92275.8 192571 404929 866325 -1.29197e+07 2.84598e+06 4.46025e+06 6.99962e+06 1.11006e+07 1.77046e+07 2.80992e+07 4.41854e+07 6.78408e+07 1.00998e+08 1.48566e+08 2.17007e+08 
0.141604 0.0321502 0.0580744 0.105013 0.190129 0.34464 0.625673 1.13804 2.07432 3.78877 6.94028 12.7571 23.5225 43.5541 81.0634 151.713 285.495 541.392 1036.12 1997.89 3893.78 7689.6 15387.1 31158.3 64229.2 135273 287783 624190 1.37245e+06 -1.71976e+07 4.95832e+06 7.96399e+06 1.29447e+07 2.11563e+07 3.434e+07 5.50933e+07 8.5925e+07 1.29187e+08 1.91251e+08 2.80291e+08 
0.0854281 0.0193998 0.0350513 0.0633993 0.114822 0.208212 0.378163 0.688186 1.25509 2.29404 4.20558 7.7374 14.2825 26.4795 49.3565 92.5319 174.494 331.703 636.582 1231.75 2410.49 4783.04 9625.89 19632 40811.6 86800.5 187027 411882 931821 2.14805e+06 -2.30128e+07 8.21786e+06 1.37846e+07 2.32815e+07 3.89713e+07 6.42947e+07 1.02508e+08 1.56298e+08 2.33499e+08 3.43771e+08 
0.0458077 0.0104045 0.0188033 0.0340199 0.0616325 0.111803 0.203149 0.369877 0.674957 1.23453 2.26502 4.1709 7.70754 14.3079 26.7082 50.1575 94.7838 180.614 347.583 674.889 1326.16 2644.02 5351.74 10994 23050.7 49518 108105 241889 557633 1.31565e+06 3.13371e+06 -3.13445e+07 1.33014e+07 2.33888e+07 4.06971e+07 6.95953e+07 1.14201e+08 1.77413e+08 2.68279e+08 3.97351e+08 
0.0215404 0.00489353 0.00884582 0.0160087 0.029011 0.0526462 0.0957006 0.174328 0.318296 0.582577 1.0697 1.97152 3.64715 6.77891 12.6722 23.8382 45.1405 86.2218 166.382 324.164 639.571 1281.16 2608.01 5396.28 11411.3 24761.5 54783.6 124602 292933 708356 1.74118e+06 4.40601e+06 -4.38943e+07 2.12795e+07 3.88946e+07 6.95663e+07 1.18417e+08 1.88457e+08 2.89502e+08 4.32111e+08 
0.00884448 0.00200964 0.00363354 0.00657741 0.011923 0.0216439 0.03936 0.0717303 0.131036 0.239985 0.440963 0.813383 1.50618 2.80275 5.24625 9.88423 18.7524 35.8967 69.443 135.722 268.774 540.732 1106.52 2304.74 4912.41 10759.2 24103.8 55682.8 133413 330589 839748 2.21231e+06 6.07646e+06 -6.19317e+07 3.1699e+07 6.05608e+07 1.09268e+08 1.81068e+08 2.85812e+08 4.3256e+08 
0.003121 0.000709272 0.00128266 0.0023224 0.00421095 0.00764659 0.0139106 0.0253613 0.0463519 0.0849403 0.156177 0.288294 0.534338 0.995372 1.86542 3.51957 6.68897 12.83 24.877 48.7604 96.8909 195.702 402.389 843.198 1810.19 3998.42 9059.97 21228.2 51750 131146 343548 940819 2.71446e+06 7.7473e+06 -8.84627e+07 4.60431e+07 8.99074e+07 1.58188e+08 2.60563e+08 4.03818e+08 
0.000932825 0.000212024 0.000383499 0.000694511 0.00125957 0.00228788 0.00416345 0.00759349 0.0138843 0.0254563 0.0468337 0.0865103 0.160474 0.299218 0.561374 1.06052 2.01867 3.87894 7.53658 14.8101 29.5183 59.8322 123.546 260.281 562.351 1251.5 2864.45 6796.47 16825.5 43503.5 117190 332656 1.00384e+06 3.06034e+06 9.52e+06 -1.27691e+08 6.46255e+07 1.24845e+08 2.19165e+08 3.53277e+08 
0.0002303 5.23517e-05 9.47046e-05 0.000171536 0.000311158 0.00056531 0.00102901 0.00187729 0.00343369 0.0062981 0.0115924 0.0214246 0.0397673 0.0742053 0.139338 0.263495 0.502166 0.966289 1.88047 3.70275 7.39761 15.0361 31.1515 65.9047 143.104 320.354 739.022 1770.77 4436.79 11652.9 32089.4 93750.7 293474 948332 3.19269e+06 1.10992e+07 -1.82085e+08 8.31951e+07 1.62448e+08 2.82105e+08 
4.57882e-05 1.04093e-05 1.88322e-05 3.41139e-05 6.18879e-05 0.000112453 0.000204726 0.000373567 0.000683422 0.00125386 0.00230855 0.00426797 0.00792523 0.0147953 0.0277966 0.0525974 0.100316 0.193202 0.376361 0.742001 1.48461 3.02272 6.27528 13.3105 28.9913 65.1355 150.992 363.999 918.886 2437.27 6806.59 20260.9 64973.9 218615 781457 2.98285e+06 1.15736e+07 -2.48832e+08 9.78565e+07 1.99294e+08 
7.15284e-06 1.62619e-06 2.94225e-06 5.33017e-06 9.67058e-06 1.75737e-05 3.19975e-05 5.83939e-05 0.000106845 0.000196064 0.00036106 0.000667675 0.00124017 0.00231601 0.00435286 0.00824028 0.0157248 0.0303036 0.059074 0.116568 0.233471 0.475922 0.989437 2.10242 4.5888 10.335 24.0353 58.1752 147.581 393.958 1110.25 3345.21 10897.8 37677.1 140542 571730 2.46744e+06 1.06844e+07 -3.29163e+08 1.19787e+08 
8.47644e-07 1.92719e-07 3.487e-07 6.3174e-07 1.14624e-06 2.08314e-06 3.79322e-06 6.92314e-06 1.26689e-05 2.32509e-05 4.28241e-05 7.92043e-05 0.000147148 0.000274865 0.00051674 0.000978537 0.00186804 0.00360151 0.00702424 0.0138689 0.027797 0.056708 0.118005 0.251028 0.548614 1.23744 2.88325 6.9944 17.791 47.651 134.904 408.91 1342.45 4706.1 17976.1 76059.5 353639 1.79586e+06 9.88611e+06 -4.18349e+08 
dt_FE: 2.39034e-09
dt_EA: 2.39034e-09
dt_PE: 2.39034e-09
tolC: 1e-06
dt_grow: 1.03
dt_max: 0.1
steps: 0
