t: 1.38033e-07
dt: 2.39122e-09
N: 0.103259 0.118096 0.134809 0.15358 0.174571 0.197874 0.223606 0.251848 0.282572 0.315597 0.350829 0.387992 0.426397 0.46558 0.504913 0.543416 0.57982 0.613487 0.643431 0.667777 0.68599 0.697196 0.699878 0.692164 0.673193 0.640916 0.591641 0.524267 0.438602 0.338258 0.233799 0.141742 0.0733382 0.0325694 0.0123619 0.00396596 0.00105664 0.000228017 3.86153e-05 4.94298e-06 
eC: 1 1.15749 1.33977 1.55077 1.795 2.07768 2.40489 2.78363 3.22201 3.72944 4.31677 4.99661 5.78351 6.69433 7.7486 8.9689 10.3814 12.0163 13.9087 16.0991 18.6345 21.5692 24.9661 28.8979 33.4489 38.7167 44.814 51.8717 60.0407 69.4963 80.4411 93.1095 107.773 124.746 144.391 167.131 193.452 223.918 259.182 300 
dV: 1.08333 0.211322 0.327712 0.508206 0.788112 1.22218 1.89532 2.93921 4.55805 7.06849 10.9616 16.999 26.3615 40.8807 63.3966 98.3136 152.462 236.434 366.655 568.597 881.764 1367.42 2120.55 3288.49 5099.69 7908.45 12264.2 19019 29494.1 45738.6 70930.1 109996 170579 264529 410225 636165 986546 1.52991e+06 2.37254e+06 3.67926e+06 
kVec: 1.00216e+06 1.16162e+06 1.33884e+06 1.54294e+06 1.77772e+06 2.04684e+06 2.35507e+06 2.7077e+06 3.1102e+06 3.56705e+06 4.08585e+06 4.67366e+06 5.33293e+06 6.07149e+06 6.89616e+06 7.81013e+06 8.80606e+06 9.89265e+06 1.10706e+07 1.23003e+07 1.35842e+07 1.4911e+07 1.62506e+07 1.75237e+07 1.87705e+07 2.00291e+07 2.11593e+07 2.23983e+07 2.40289e+07 2.64902e+07 3.02646e+07 3.66214e+07 4.74544e+07 6.40718e+07 8.95768e+07 1.28151e+08 1.82178e+08 2.48757e+08 3.29025e+08 4.18196e+08 
cMat: 
-103488 860.99 1011.71 1178.47 1373.79 1603.77 1874.71 2194.18 2572.38 3023.3 3560.31 4201.54 4977.42 5916.48 7055.75 8451.77 10187.2 12339.7 15024.8 18469.1 22876.9 28548 35986.6 45944.3 59227.8 77117 102126 136811 185279 254417 354292 498194 707238 1.01694e+06 1.46829e+06 2.12249e+06 3.05106e+06 4.36052e+06 6.23883e+06 8.95819e+06 
4306.51 -123787 1146.76 1335.79 1557.2 1817.9 2125.04 2487.2 2915.94 3427.14 4035.96 4762.96 5642.66 6707.44 7999.27 9582.35 11550.5 13991.7 17037.4 20944.5 25945.2 32379.8 40821.1 52122.9 67201.6 87512 115911 155306 210366 288922 402425 565990 803639 1.15576e+06 1.66901e+06 2.413e+06 3.46908e+06 4.95832e+06 7.09452e+06 1.01873e+07 
3172.04 718.835 -141692 1509.07 1759.23 2053.77 2400.79 2809.99 3294.43 3872.06 4560.02 5381.56 6375.72 7579.09 9039.18 10828.6 13053.4 15813.3 19256.8 23674.9 29330.5 36608.6 46158.1 58946.1 76010.9 99001.2 131155 175769 238137 327143 455772 641175 910610 1.30989e+06 1.89196e+06 2.73584e+06 3.93378e+06 5.62301e+06 8.04611e+06 1.15543e+07 
2306.27 522.641 941.935 -162613 1980.52 2312.14 2702.86 3163.6 3709.07 4359.51 5134.2 6059.37 7179 8534.34 10178.9 12194.6 14701 17810.5 21690.8 26669.9 33044.5 41249.4 52016.8 66439 85688.5 111628 147917 198281 268707 369240 514563 724081 1.02863e+06 1.48003e+06 2.1382e+06 3.09255e+06 4.4474e+06 6.35784e+06 9.09828e+06 1.30659e+07 
1670.01 378.455 682.081 1230.22 -186968 2569.74 3031.03 3547.78 4159.58 4889.15 5758.14 6795.96 8052.01 9572.61 11417.9 13679.7 16492.6 19982.6 24338.3 29928.5 37086.6 46301.6 58397.2 74602.2 96236.8 125398 166205 222859 302102 415257 578873 814830 1.1579e+06 1.6665e+06 2.40821e+06 3.4839e+06 5.01111e+06 7.16453e+06 1.02535e+07 1.47258e+07 
1204.4 272.943 491.924 887.258 1587.53 -215213 3382.54 3959.3 4642.19 5456.58 6426.65 7585.26 8987.63 10685.5 12746.1 15272.1 18414 22312.9 27179.5 33426.7 41427.8 51730.1 65256.4 83383.6 107591 140231 185923 249381 338175 465013 648479 913151 1.2981e+06 1.86891e+06 2.70156e+06 3.90938e+06 5.62434e+06 8.04241e+06 1.15111e+07 1.65331e+07 
864.366 195.886 353.049 636.786 1149.63 2076.72 -247911 4395.53 5153.81 6058.17 7135.49 8422.28 9979.96 11866.1 14155.3 16962.1 20453.7 24787.3 30197.4 37143.9 46042.7 57504 72556.2 92735.2 119692 156053 206974 277724 376764 518300 723107 1.01868e+06 1.44874e+06 2.08661e+06 3.01735e+06 4.36779e+06 6.28546e+06 8.98922e+06 1.28678e+07 1.84833e+07 
616.754 139.773 251.919 454.387 820.347 1481.93 2679.7 -285698 5630.11 6688.19 7877.91 9299.07 11019.6 13103.1 15632.4 18733.8 22592.6 27382.9 33364.3 41046.4 50890.3 63572.2 80233.2 102578 132439 172733 229191 307670 417583 574734 802242 1.13072e+06 1.60886e+06 2.31827e+06 3.35373e+06 4.85652e+06 6.9908e+06 9.9998e+06 1.43163e+07 2.05659e+07 
437.346 99.1155 178.644 322.227 581.758 1050.96 1900.45 3405.4 -329496 7336.02 8641.44 10201 12089.2 14376.2 17152.8 20558.1 24796 30057.8 36629.7 45072.6 55894.8 69841.7 88171.6 112765 145647 190038 252271 338826 460115 633632 884966 1.24803e+06 1.77678e+06 2.56155e+06 3.70745e+06 5.37105e+06 7.73406e+06 1.10653e+07 1.58442e+07 2.27634e+07 
308.218 69.8524 125.903 227.102 410.027 740.744 1339.54 2425.75 4398.93 -380072 9406.92 11105.4 13162.2 15653.8 18679.2 22390.5 27010.4 32747.9 39915.9 49128.1 60940.7 76170.1 96194.7 123076 159037 207613 275759 370599 503589 693977 969925 1.3688e+06 1.95003e+06 2.81309e+06 4.07388e+06 5.90497e+06 8.50634e+06 1.21734e+07 1.7434e+07 2.50509e+07 
215.534 48.8481 88.0466 158.821 286.757 518.065 936.89 1696.68 3076.98 5585.98 -438724 11997.5 14220.9 16914.8 20186.6 24201 29199.6 35409.4 43169.6 53147.3 65946.8 82455.9 104175 133349 172400 225184 299292 402507 547352 754876 1.05588e+06 1.49128e+06 2.12618e+06 3.0694e+06 4.448e+06 6.45107e+06 9.29733e+06 1.33092e+07 1.90648e+07 2.73983e+07 
149.423 33.8655 61.0427 110.114 198.821 359.211 649.643 1176.55 2133.82 3874.05 7048.05 -506955 15125.4 18128.7 21638.4 25945.9 31311.2 37978.6 46313.8 57035.7 70796.5 88554.5 111930 143352 185440 242372 322374 433891 590524 815139 1.14121e+06 1.61324e+06 2.30208e+06 3.32602e+06 4.82349e+06 7.00037e+06 1.00943e+07 1.44549e+07 2.07108e+07 2.9769e+07 
102.827 23.3055 42.0096 75.7831 136.839 247.24 447.165 809.896 1468.96 2667.2 4852.91 8786.18 -586339 19241.3 22970.4 27548.6 33253.5 40345.6 49215.4 60631.6 75291.9 94222.4 119160 152708 197683 258575 344233 463758 631818 873083 1.22368e+06 1.73172e+06 2.47382e+06 3.57769e+06 5.19321e+06 7.54312e+06 1.08839e+07 1.55919e+07 2.23464e+07 3.21266e+07 
70.14 15.8976 28.6574 51.6986 93.3546 168.682 305.102 552.636 1002.44 1820.31 3312.39 6043.12 11041.7 -679348 24155.5 28976.7 34987 42462.3 51815.9 63862.8 79343.4 99347.2 125720 161235 208893 273485 364459 491558 670487 927687 1.30189e+06 1.84475e+06 2.6386e+06 3.82041e+06 5.55143e+06 8.07114e+06 1.16545e+07 1.67036e+07 2.39479e+07 3.44373e+07 
47.3843 10.7403 19.3615 34.9301 63.0782 113.983 206.181 373.489 677.542 1230.48 2239.37 4086.1 7467.21 13683.7 -788880 29865.5 36478.2 44288 54065.5 66667.9 82874.5 103833 131492 168779 218870 286840 382709 516830 705915 978109 1.37467e+06 1.95073e+06 2.79418e+06 4.05101e+06 5.89368e+06 8.57806e+06 1.23971e+07 1.77774e+07 2.54971e+07 3.66751e+07 
31.7422 7.19507 12.9711 23.4026 42.2639 76.3768 138.168 250.309 454.133 824.854 1501.39 2740 5008.27 9179.86 16702 -919339 37684.8 45771.9 55903.1 68972.8 85795 107570 136338 175170 227404 298382 398658 539170 737595 1.02373e+06 1.44126e+06 2.04874e+06 2.93951e+06 4.2683e+06 6.21867e+06 9.06263e+06 1.31105e+07 1.88122e+07 2.69933e+07 3.88396e+07 
21.1454 4.79328 8.64174 15.5924 28.1612 50.8956 92.0808 166.835 302.727 549.939 1001.17 1827.48 3341.14 6125.83 11274.6 20827.5 -1.07463e+06 46882.3 57291.4 70733.4 88053.3 110498 140189 180330 234410 308019 412222 558525 765546 1.0647e+06 1.50211e+06 2.13971e+06 3.07637e+06 4.47548e+06 6.53186e+06 9.53389e+06 1.38091e+07 1.98297e+07 2.84688e+07 4.09782e+07 
13.9921 3.17192 5.71897 10.3196 18.6395 33.6904 60.9599 110.464 200.469 364.239 663.236 1210.91 2214.48 4061.44 7477.78 13819.3 25611.1 -1.2625e+06 58359.7 72107.7 89843.1 112856 143344 184636 240365 316367 424204 575954 791185 1.10296e+06 1.55987e+06 2.22736e+06 3.21002e+06 4.68011e+06 6.84423e+06 1.00078e+07 1.45158e+07 2.08629e+07 2.99708e+07 4.31589e+07 
9.21351 2.08877 3.76633 6.79669 12.2775 22.1937 40.1626 72.7879 132.117 240.096 437.286 798.58 1460.88 2680.26 4936.79 9127.71 16925.7 31561 -1.49301e+06 72857 91397.1 114936 146175 188568 245900 324258 435732 593004 816665 1.14156e+06 1.61894e+06 2.31811e+06 3.34991e+06 4.89629e+06 7.17682e+06 1.05156e+07 1.5277e+07 2.19789e+07 3.15963e+07 4.55221e+07 
6.09376 1.3816 2.49142 4.49643 8.12321 14.686 26.5806 48.1811 87.4707 158.999 289.663 529.151 968.361 1777.4 3275.41 6059.38 11243.6 20981.8 39200.9 -1.77518e+06 92828.2 116894 148900 192440 251470 332367 447829 611253 844439 1.18436e+06 1.68549e+06 2.42177e+06 3.5117e+06 5.14887e+06 7.56877e+06 1.11184e+07 1.61853e+07 2.33147e+07 3.35461e+07 4.83603e+07 
4.04898 0.918074 1.65571 2.9885 5.39968 9.7636 17.6744 32.0438 58.1873 105.798 192.802 352.331 645.051 1184.56 2184.12 4043.15 7508.15 14023.4 26379.3 49795.1 -2.12794e+06 119404 152373 197351 258508 342582 463039 634179 879337 1.23819e+06 1.76935e+06 2.55272e+06 3.71662e+06 5.46961e+06 8.06766e+06 1.18873e+07 1.73458e+07 2.50233e+07 3.60417e+07 5.19939e+07 
2.71019 0.614571 1.10847 2.00101 3.61596 6.53942 11.8402 21.4711 38.9986 70.9304 129.306 236.389 432.989 795.57 1467.81 2719.12 5053.82 9448.65 17793.6 33634 64046.7 -2.57539e+06 155707 204484 268584 357020 484284 665885 927213 1.31159e+06 1.88317e+06 2.72992e+06 3.99338e+06 5.9024e+06 8.74054e+06 1.29242e+07 1.89111e+07 2.7328e+07 3.9408e+07 5.68952e+07 
1.84014 0.417318 0.752792 1.35913 2.45643 4.44328 8.04676 14.5957 26.5184 48.2486 87.9921 160.935 294.942 542.267 1001.19 1856.25 3453.54 6464.15 12189 23076.2 44022 83867.5 -3.1508e+06 214705 282912 377410 514110 710194 993901 1.41364e+06 2.04132e+06 2.97622e+06 4.37856e+06 6.50565e+06 9.67995e+06 1.43742e+07 2.1103e+07 3.05582e+07 4.41288e+07 6.37701e+07 
1.27471 0.289121 0.521617 0.941908 1.70268 3.08057 5.58034 10.1249 18.4019 33.4948 61.1138 111.834 205.087 377.343 697.276 1294.04 2410.39 4517.69 8531.61 16182.1 30936.5 59760.5 116496 -3.88768e+06 302225 404911 554411 770238 1.08463e+06 1.55318e+06 2.25894e+06 3.31738e+06 4.9157e+06 7.35229e+06 1.10059e+07 1.64311e+07 2.42243e+07 3.5169e+07 5.08772e+07 7.36051e+07 
0.894497 0.202911 0.36614 0.661276 1.19563 2.16372 3.92064 7.11591 12.9379 23.56 43.0092 78.7497 144.518 266.118 492.207 914.454 1705.57 3201.45 6056.15 11510.7 22058.7 42727.7 83559.3 164515 -4.85709e+06 442011 608777 851336 1.20747e+06 1.74284e+06 2.55622e+06 3.78615e+06 5.6585e+06 8.53042e+06 1.28616e+07 1.93244e+07 2.86327e+07 4.16972e+07 6.04473e+07 8.75644e+07 
0.632898 0.14359 0.259144 0.468128 0.846597 1.5325 2.77773 5.04335 9.17345 16.7132 30.5276 55.9317 102.723 189.328 350.535 652.027 1217.87 2289.79 4339.68 8267.24 15885.5 30863.9 60574 119774 240194 -6.15793e+06 677018 957540 1.36933e+06 1.99464e+06 2.95438e+06 4.41984e+06 6.67225e+06 1.01528e+07 1.54379e+07 2.33701e+07 3.48313e+07 5.09079e+07 7.39803e+07 1.07328e+08 
0.452107 0.10259 0.185186 0.334604 0.605278 1.096 1.98729 3.60966 6.56878 11.9746 21.8864 40.1291 73.7662 136.099 252.281 469.913 879.18 1656.17 3145.65 6008.68 11581.8 22583 44509.6 88462.6 178448 365194 -7.85293e+06 1.07493e+06 1.55317e+06 2.28898e+06 3.43378e+06 5.20489e+06 7.96286e+06 1.22692e+07 1.88691e+07 2.88531e+07 4.33432e+07 6.3657e+07 9.2807e+07 1.34895e+08 
0.318877 0.0723708 0.130666 0.236151 0.427302 0.773992 1.40395 2.55123 4.64502 8.47285 15.497 28.4364 52.3229 96.6439 179.374 334.609 627.169 1183.89 2253.95 4318 8351.54 16348.5 32372 64706.5 131386 271942 565947 -1.01287e+07 1.74951e+06 2.6139e+06 3.9814e+06 6.13168e+06 9.53542e+06 1.49226e+07 2.32773e+07 3.60438e+07 5.4679e+07 8.07956e+07 1.18267e+08 1.7229e+08 
0.217769 0.0494332 0.0892721 0.161383 0.292097 0.529277 0.960455 1.74612 3.18088 5.80591 10.627 19.5164 35.9468 66.4752 123.547 230.834 433.493 820.107 1565.3 3008.15 5839.54 11479.6 22845.7 45948.8 93970.8 196109 412367 882239 -1.32277e+07 2.89826e+06 4.54218e+06 7.12819e+06 1.13045e+07 1.80298e+07 2.86153e+07 4.4997e+07 6.90869e+07 1.02853e+08 1.51295e+08 2.20993e+08 
0.141174 0.0320526 0.0578982 0.104695 0.189552 0.343594 0.623774 1.13459 2.06803 3.77727 6.91921 12.7184 23.4511 43.4219 80.8174 151.253 284.628 539.749 1032.98 1991.83 3881.96 7666.26 15340.4 31063.7 64034.3 134863 286909 622295 1.36828e+06 -1.74946e+07 4.94328e+06 7.93982e+06 1.29054e+07 2.10921e+07 3.42358e+07 5.49261e+07 8.56642e+07 1.28794e+08 1.9067e+08 2.7944e+08 
0.0845807 0.0192073 0.0347036 0.0627704 0.113683 0.206147 0.374412 0.68136 1.24264 2.27128 4.16387 7.66066 14.1408 26.2169 48.867 91.6141 172.763 328.413 630.268 1219.54 2386.58 4735.6 9530.42 19437.3 40406.8 85939.5 185172 407796 922578 2.12674e+06 -2.32901e+07 8.13634e+06 1.36479e+07 2.30505e+07 3.85847e+07 6.3657e+07 1.01491e+08 1.54748e+08 2.31183e+08 3.40361e+08 
0.0453865 0.0103088 0.0186304 0.0337072 0.0610658 0.110775 0.201281 0.366476 0.668751 1.22318 2.24419 4.13256 7.63667 14.1764 26.4626 49.6963 93.9123 178.954 344.387 668.684 1313.97 2619.71 5302.54 10892.9 22838.8 49062.7 107111 239665 552506 1.30355e+06 3.1049e+06 -3.15821e+07 1.31791e+07 2.31737e+07 4.03229e+07 6.89554e+07 1.13151e+08 1.75781e+08 2.65813e+08 3.93698e+08 
0.0214338 0.00486932 0.00880205 0.0159294 0.0288675 0.0523857 0.0952271 0.173466 0.316721 0.579694 1.0644 1.96176 3.62911 6.74537 12.6095 23.7203 44.9172 85.7952 165.559 322.56 636.406 1274.82 2595.11 5369.58 11354.9 24639 54512.5 123986 291484 704851 1.73257e+06 4.38421e+06 -4.40617e+07 2.11742e+07 3.87021e+07 6.92221e+07 1.17831e+08 1.87525e+08 2.8807e+08 4.29973e+08 
0.00882503 0.00200522 0.00362555 0.00656295 0.0118968 0.0215963 0.0392735 0.0715725 0.130748 0.239458 0.439993 0.811594 1.50287 2.79659 5.23471 9.86249 18.7112 35.8178 69.2903 135.423 268.183 539.542 1104.08 2299.67 4901.61 10735.6 24050.8 55560.4 133120 329862 837901 2.20744e+06 6.0631e+06 -6.20249e+07 3.16293e+07 6.04276e+07 1.09028e+08 1.8067e+08 2.85183e+08 4.31608e+08 
0.00311839 0.00070868 0.00128159 0.00232046 0.00420743 0.0076402 0.013899 0.0253401 0.0463132 0.0848693 0.156047 0.288054 0.533892 0.99454 1.86386 3.51663 6.68338 12.8193 24.8562 48.7197 96.8099 195.539 402.053 842.493 1808.68 3995.08 9052.4 21210.5 51706.8 131036 343261 940033 2.71219e+06 7.74083e+06 -8.8485e+07 4.60046e+07 8.98323e+07 1.58055e+08 2.60345e+08 4.03481e+08 
0.000932575 0.000211968 0.000383396 0.000694324 0.00125924 0.00228727 0.00416233 0.00759146 0.0138806 0.0254495 0.0468211 0.0864871 0.160431 0.299138 0.561224 1.06024 2.01813 3.8779 7.53456 14.8061 29.5104 59.8161 123.513 260.211 562.2 1251.17 2863.68 6794.64 16821 43491.9 117159 332567 1.00357e+06 3.05952e+06 9.51745e+06 -1.27648e+08 6.46082e+07 1.24811e+08 2.19106e+08 3.53182e+08 
0.000230284 5.2348e-05 9.46978e-05 0.000171524 0.000311136 0.00056527 0.00102893 0.00187716 0.00343344 0.00629765 0.0115916 0.021423 0.0397645 0.0742 0.139328 0.263476 0.50213 0.966219 1.88033 3.70248 7.39708 15.035 31.1492 65.9 143.094 320.331 738.97 1770.64 4436.47 11652.1 32087.1 93744 293453 948264 3.19246e+06 1.10984e+07 -1.81986e+08 8.31892e+07 1.62436e+08 2.82085e+08 
4.57875e-05 1.04092e-05 1.88319e-05 3.41134e-05 6.1887e-05 0.000112452 0.000204723 0.000373561 0.000683411 0.00125384 0.00230852 0.00426791 0.0079251 0.0147951 0.0277962 0.0525966 0.100315 0.193199 0.376355 0.741989 1.48458 3.02267 6.27519 13.3103 28.9909 65.1344 150.99 363.994 918.871 2437.23 6806.48 20260.6 64972.9 218611 781445 2.9828e+06 1.15734e+07 -2.487e+08 9.78549e+07 1.99291e+08 
7.15282e-06 1.62619e-06 2.94224e-06 5.33016e-06 9.67055e-06 1.75736e-05 3.19974e-05 5.83938e-05 0.000106845 0.000196063 0.000361059 0.000667673 0.00124017 0.002316 0.00435285 0.00824026 0.0157247 0.0303036 0.0590738 0.116567 0.23347 0.47592 0.989434 2.10241 4.58879 10.3349 24.0352 58.175 147.58 393.957 1110.25 3345.2 10897.8 37677 140541 571729 2.46743e+06 1.06844e+07 -3.29013e+08 1.19786e+08 
8.47644e-07 1.92718e-07 3.487e-07 6.3174e-07 1.14624e-06 2.08314e-06 3.79322e-06 6.92313e-06 1.26689e-05 2.32509e-05 4.28241e-05 7.92043e-05 0.000147148 0.000274865 0.00051674 0.000978537 0.00186804 0.00360151 0.00702423 0.0138689 0.027797 0.0567079 0.118005 0.251028 0.548614 1.23744 2.88325 6.9944 17.791 47.651 134.903 408.91 1342.45 4706.1 17976.1 76059.4 353639 1.79586e+06 9.8861e+06 -4.18194e+08 
dt_FE: 2.39122e-09
dt_EA: 2.39122e-09
dt_PE: 2.39122e-09
tolC: 1e-06
dt_grow: 1.03
dt_max: 0.1
steps: 0
