t: 1.35773e-08
dt: 2.39869e-09
N: 0.00841956 0.00971828 0.0112113 0.0129277 0.0148992 0.0171573 0.0197417 0.0226966 0.0260666 0.0298926 0.0342353 0.0391526 0.0446712 0.0508535 0.057758 0.0654024 0.0737496 0.0828519 0.0926977 0.10299 0.113682 0.124624 0.135344 0.145072 0.153607 0.160415 0.16325 0.161967 0.156018 0.14379 0.132571 0.324848 0.231743 0.0324967 0.0132689 0.00452657 0.00123804 0.000267867 4.52334e-05 5.76782e-06 
eC: 1 1.15749 1.33977 1.55077 1.795 2.07768 2.40489 2.78363 3.22201 3.72944 4.31677 4.99661 5.78351 6.69433 7.7486 8.9689 10.3814 12.0163 13.9087 16.0991 18.6345 21.5692 24.9661 28.8979 33.4489 38.7167 44.814 51.8717 60.0407 69.4963 80.4411 93.1095 107.773 124.746 144.391 167.131 193.452 223.918 259.182 300 
dV: 1.08333 0.211322 0.327712 0.508206 0.788112 1.22218 1.89532 2.93921 4.55805 7.06849 10.9616 16.999 26.3615 40.8807 63.3966 98.3136 152.462 236.434 366.655 568.597 881.764 1367.42 2120.55 3288.49 5099.69 7908.45 12264.2 19019 29494.1 45738.6 70930.1 109996 170579 264529 410225 636165 986546 1.52991e+06 2.37254e+06 3.67926e+06 
kVec: 847865 984599 1.13609e+06 1.3111e+06 1.51312e+06 1.74568e+06 2.0133e+06 2.3211e+06 2.6747e+06 3.07922e+06 3.54259e+06 4.0729e+06 4.67547e+06 5.3605e+06 6.13837e+06 7.01844e+06 8.00287e+06 9.1083e+06 1.03477e+07 1.17032e+07 1.31932e+07 1.48271e+07 1.65993e+07 1.84574e+07 2.04474e+07 2.26098e+07 2.47666e+07 2.70777e+07 2.96996e+07 3.28283e+07 3.66448e+07 4.21334e+07 5.13406e+07 6.63114e+07 9.05612e+07 1.28172e+08 1.81506e+08 2.47698e+08 3.27771e+08 4.16895e+08 
cMat: 
-189069 952.049 1118.71 1303.1 1519.09 1773.39 2072.98 2426.24 2844.44 3343.05 3936.85 4645.89 5503.83 6542.21 7801.97 9345.63 11264.6 13644.7 16613.9 20422.4 25296.4 31567.2 39792.5 50803.4 65491.7 85273 112926 151280 204874 281324 391762 550884 782036 1.12449e+06 1.62357e+06 2.34696e+06 3.37374e+06 4.82169e+06 6.89865e+06 9.90562e+06 
4835.74 -223628 1287.69 1499.94 1748.57 2041.3 2386.18 2792.85 3274.28 3848.3 4531.94 5348.28 6336.09 7531.71 8982.31 10759.9 12969.9 15711.2 19131.1 23518.3 29133.6 36359 45837.6 58528.3 75460 98266.4 130155 174392 236218 324428 451879 635545 902398 1.29779e+06 1.87411e+06 2.70954e+06 3.8954e+06 5.56765e+06 7.96636e+06 1.14392e+07 
3625.19 821.524 -257541 1724.65 2010.54 2347.16 2743.75 3211.41 3765.05 4425.21 5211.44 6150.35 7286.53 8661.81 10330.5 12375.5 14918.2 18072.3 22007.8 27057 33520.5 41838.4 52752 67366.9 86869.5 113144 149891 200879 272157 373878 520882 732771 1.0407e+06 1.49702e+06 2.16224e+06 3.12668e+06 4.49574e+06 6.42629e+06 9.19554e+06 1.32048e+07 
2689.51 609.49 1098.46 -297154 2309.63 2696.36 3152 3689.3 4325.42 5083.94 5987.37 7066.28 8371.96 9952.51 11870.4 14221 17143.9 20770.2 25295.2 31101.7 38535.7 48104 60660.6 77479.4 99927.7 130178 172496 231230 313359 430597 600069 844404 1.19956e+06 1.72597e+06 2.49351e+06 3.60645e+06 5.18644e+06 7.41435e+06 1.06102e+07 1.52371e+07 
1993.06 451.664 814.024 1468.2 -343345 3066.83 3617.36 4234.06 4964.22 5834.91 6872 8110.58 9609.61 11424.4 13626.6 16325.9 19682.9 23848.1 29046.3 35717.9 44260.7 55258.3 69693.6 89033.4 114853 149655 198356 265969 360541 495585 690851 972451 1.38189e+06 1.98887e+06 2.87406e+06 4.15783e+06 5.98047e+06 8.55045e+06 1.2237e+07 1.75744e+07 
1475.75 334.436 602.752 1087.15 1945.19 -397043 4144.61 4851.32 5688.06 6685.93 7874.55 9294.2 11012.5 13092.9 15617.7 18712.9 22562.7 27339.9 33303 40957.6 50761.3 63384.7 79958.5 102170 131831 171825 227811 305566 414364 569779 794579 1.11888e+06 1.59056e+06 2.28997e+06 3.31021e+06 4.79015e+06 6.89149e+06 9.85434e+06 1.41045e+07 2.0258e+07 
1091.33 247.321 445.751 803.992 1451.49 2622.02 -459440 5549.7 6507.09 7648.92 9009.11 10633.8 12600.5 14981.8 17872.2 21416 25824.4 31295.9 38126.5 46897 58132.5 72603.2 91607.9 117085 151121 197029 261321 350649 475694 654394 912980 1.28617e+06 1.82914e+06 2.63451e+06 3.80964e+06 5.51467e+06 7.93588e+06 1.13496e+07 1.62466e+07 2.33366e+07 
805.659 182.583 329.079 593.562 1071.61 1935.83 3500.47 -531900 7354.56 8736.72 10290.8 12147.3 14394.8 17116.5 20420.4 24471.7 29512.5 35770 43583.4 53618.5 66477.4 83043.7 104808 133996 173003 225639 299390 401907 545484 750770 1.04796e+06 1.47705e+06 2.10164e+06 3.02833e+06 4.38095e+06 6.34402e+06 9.13201e+06 1.30626e+07 1.87012e+07 2.68651e+07 
593.712 134.553 242.515 437.434 789.757 1426.71 2579.92 4622.95 -616195 9958.9 11731 13848.1 16411.5 19516.2 23285.5 27908.3 33661.4 40804.5 49726 61187.6 75879.1 94812.4 119696 153082 197720 257983 342467 459967 624621 860177 1.20137e+06 1.69425e+06 2.41203e+06 3.47739e+06 5.03299e+06 7.29139e+06 1.04992e+07 1.50216e+07 2.1509e+07 3.09021e+07 
436.883 99.0123 178.461 321.905 581.193 1049.97 1898.73 3438.39 6235.26 -713851 13333.8 15741.3 18656.8 22188.4 26476.9 31737.4 38285.9 46418.6 56578.8 69636.6 86380.4 107967 136351 174455 225427 294280 390874 525305 713812 983678 1.37482e+06 1.9402e+06 2.76407e+06 3.98741e+06 5.77452e+06 8.37e+06 1.20573e+07 1.72551e+07 2.47119e+07 3.55083e+07 
320.648 72.6708 130.986 236.276 426.605 770.719 1393.8 2524.14 4577.58 8310.2 -827399 17848.5 21156.3 25164 30031.4 36003.5 43440 52678.1 64223 79066.6 98108.3 122669 154980 198381 256477 335004 445254 598806 814290 1.12302e+06 1.57083e+06 2.21857e+06 3.16309e+06 4.56631e+06 6.61724e+06 9.59719e+06 1.38315e+07 1.98e+07 2.83625e+07 4.07602e+07 
234.592 53.1685 95.8364 172.878 312.147 563.958 1019.93 1847.17 3350.09 6082.22 11065.4 -959601 23746.7 28461.9 33972.1 40734.8 49158.3 59626.1 72712.2 89545.6 111150 139030 175730 225061 291139 380522 506124 681205 927118 1.27976e+06 1.79168e+06 2.53277e+06 3.61425e+06 5.22183e+06 7.57284e+06 1.09905e+07 1.5848e+07 2.2694e+07 3.25158e+07 4.6737e+07 
171.257 38.815 69.9664 126.216 227.903 411.775 744.747 1348.87 2446.54 4442.18 8082.45 14633.3 -1.113e+06 32046.1 38256.9 45881.9 55383.2 67195 81967.5 100981 125398 156926 198459 254333 329238 430653 573315 772383 1.05228e+06 1.45411e+06 2.03802e+06 2.88416e+06 4.12011e+06 5.95859e+06 8.64922e+06 1.2563e+07 1.8127e+07 2.59681e+07 3.72176e+07 5.35064e+07 
124.571 28.2346 50.8964 91.8182 165.8 299.584 541.871 981.498 1780.36 3232.92 5882.9 10732.8 19610.3 -1.29168e+06 42900.8 51463.4 62137.9 75414.2 92026.5 113422 140916 176444 223283 286358 371000 485717 647290 873021 1.19081e+06 1.6476e+06 2.31219e+06 3.27634e+06 4.68623e+06 6.78515e+06 9.85951e+06 1.43346e+07 2.06987e+07 2.96662e+07 4.25321e+07 6.11616e+07 
90.1812 20.4407 36.8484 66.4785 120.05 216.931 392.401 710.818 1289.49 2341.83 4261.94 7776.61 14211.5 26042.7 -1.50003e+06 56839.6 69424.8 84288.2 102897 126881 157726 197614 250254 321217 416549 545911 728367 983624 1.34349e+06 1.86152e+06 2.61624e+06 3.7126e+06 5.31785e+06 7.70982e+06 1.12168e+07 1.63256e+07 2.35939e+07 3.38337e+07 4.85257e+07 6.97995e+07 
64.9743 14.7278 26.5511 47.9036 86.5114 156.338 282.82 512.366 929.58 1688.42 3073.26 5608.6 10251.6 18790.6 34187.9 -1.7445e+06 77138.4 93692.1 114430 141183 175617 220190 279075 358561 465482 610769 816026 1.10365e+06 1.50981e+06 2.0955e+06 2.95017e+06 4.19363e+06 6.01699e+06 8.73694e+06 1.27292e+07 1.85506e+07 2.68363e+07 3.85073e+07 5.52536e+07 7.95021e+07 
46.6132 10.5664 19.05 34.3722 62.079 112.195 202.984 367.775 667.336 1212.29 2207 4028.52 7365.27 13503.9 24854 45912.4 -2.0291e+06 103348 126294 155926 194106 243584 309036 397523 516737 679002 908708 1.23122e+06 1.68758e+06 2.34705e+06 3.31127e+06 4.71681e+06 6.7816e+06 9.86581e+06 1.43989e+07 2.10167e+07 3.04409e+07 4.37129e+07 6.2757e+07 9.0333e+07 
33.2015 7.52659 13.5704 24.4871 44.2293 79.9433 144.65 262.117 475.688 864.295 1573.78 2873.33 5254.7 9637.3 17743.9 32791.6 60772 -2.36394e+06 138480 171103 213187 267793 340138 438118 570358 750700 1.00659e+06 1.36667e+06 1.87739e+06 2.6172e+06 3.70139e+06 5.28526e+06 7.61699e+06 1.11053e+07 1.62405e+07 2.37472e+07 3.44443e+07 4.95051e+07 7.1117e+07 1.02411e+08 
23.4441 5.31496 9.58355 17.2944 31.2405 56.4726 102.195 185.212 336.176 610.933 1112.69 2032.02 3717.26 6820.01 12561.8 23225.8 43067.9 80308 -2.76061e+06 185387 232563 292459 371948 479818 625702 825086 1.10874e+06 1.50892e+06 2.07803e+06 2.90474e+06 4.11946e+06 5.89852e+06 8.52398e+06 1.24588e+07 1.82617e+07 2.67574e+07 3.88729e+07 5.5926e+07 8.0398e+07 1.15833e+08 
16.4533 3.73036 6.72689 12.1405 21.9329 39.6527 71.7682 130.09 236.173 429.301 782.098 1428.72 2614.6 4799.04 8843.69 16360.5 30358 56651.5 105843 -3.22578e+06 250639 315618 402034 519593 678977 897400 1.20915e+06 1.6504e+06 2.28001e+06 3.1978e+06 4.55086e+06 6.53885e+06 9.48168e+06 1.39021e+07 2.04359e+07 3.002e+07 4.37007e+07 6.29503e+07 9.05755e+07 1.30574e+08 
11.4286 2.59134 4.67337 8.43529 15.241 27.5585 49.8875 90.4461 164.238 298.624 544.201 994.484 1820.71 3343.51 6164.86 11412.1 21192.4 39582.2 74457.8 140551 -3.77959e+06 337028 430084 557038 729659 966964 1.30696e+06 1.79002e+06 2.482e+06 3.4949e+06 4.99413e+06 7.20526e+06 1.04904e+07 1.54384e+07 2.27716e+07 3.35529e+07 4.896e+07 7.06302e+07 1.01731e+08 1.46757e+08 
7.83489 1.77666 3.20448 5.78471 10.4534 18.9048 34.2288 62.0706 112.741 205.053 373.81 683.377 1251.73 2299.91 4243.29 7860.68 14610.1 27315.1 51439.6 97232.4 185152 -4.44298e+06 450134 591143 776450 1.03211e+06 1.40001e+06 1.92501e+06 2.68048e+06 3.79168e+06 5.44406e+06 7.89191e+06 1.15445e+07 1.70632e+07 2.5268e+07 3.73626e+07 5.467e+07 7.90024e+07 1.13925e+08 1.64478e+08 
5.30146 1.2023 2.1688 3.91567 7.07702 12.8012 23.1828 42.0505 76.4 139.005 253.507 463.655 849.733 1562.28 2884.45 5347.89 9949.71 18623.3 35116.6 66482.8 126828 241624 -5.25007e+06 618567 815073 1.08732e+06 1.48116e+06 2.04608e+06 2.86344e+06 4.07271e+06 5.88108e+06 8.57454e+06 1.26147e+07 1.87429e+07 2.78881e+07 4.14124e+07 6.07981e+07 8.80387e+07 1.27136e+08 1.83723e+08 
3.54014 0.802952 1.44864 2.61588 4.72872 8.5554 15.4978 28.1192 51.1061 93.0223 169.726 310.587 569.571 1047.96 1936.49 3593.83 6694.17 12546.6 23694.1 44941.1 85917.2 165968 323534 -6.22082e+06 839344 1.12453e+06 1.53972e+06 2.13912e+06 3.01225e+06 4.31352e+06 6.27357e+06 9.21307e+06 1.3652e+07 2.04189e+07 3.05658e+07 4.56327e+07 6.72761e+07 9.76717e+07 1.41297e+08 2.04417e+08 
2.31664 0.525516 0.948259 1.71263 3.09655 5.60379 10.154 18.4294 33.5077 61.0177 111.389 203.952 374.284 689.215 1274.76 2368.33 4417.23 8291.39 15684.7 29811.3 57129.5 110660 216409 426074 -7.41904e+06 1.14476e+06 1.57666e+06 2.20486e+06 3.1272e+06 4.51375e+06 6.62031e+06 9.80569e+06 1.46549e+07 2.20928e+07 3.33101e+07 5.0048e+07 7.41554e+07 1.07991e+08 1.56552e+08 2.26782e+08 
1.4798 0.335732 0.605912 1.09454 1.97945 3.58317 6.49471 11.792 21.4487 39.0777 71.3775 130.776 240.18 442.672 819.598 1524.52 2847.54 5353.82 10146.7 19329.9 37142.3 72163.8 141630 280048 561605 -8.93393e+06 1.58296e+06 2.23885e+06 3.20168e+06 4.66374e+06 6.90772e+06 1.03342e+07 1.56006e+07 2.37387e+07 3.60959e+07 5.46422e+07 8.14401e+07 1.19029e+08 1.72976e+08 2.50947e+08 
0.926393 0.210212 0.379457 0.685622 1.24025 2.24577 4.07206 7.3964 13.4598 24.5366 44.8465 82.2266 151.151 278.874 516.938 962.877 1801.49 3393.57 6445.61 12312.1 23731.8 46273.9 91202.5 181265 365650 748303 -1.08023e+07 2.2026e+06 3.18254e+06 4.69025e+06 7.03601e+06 1.06651e+07 1.63163e+07 2.51402e+07 3.86639e+07 5.91217e+07 8.88126e+07 1.30437e+08 1.90167e+08 2.76408e+08 
0.561723 0.127486 0.230176 0.415996 0.752719 1.36344 2.47315 4.49415 8.18251 14.9255 27.2989 50.0926 92.1701 170.244 315.978 589.436 1104.8 2085.5 3970.47 7606.44 14711.8 28798.8 57025.3 113985 231445 479043 996953 -1.31945e+07 3.08188e+06 4.60456e+06 7.01348e+06 1.08013e+07 1.67972e+07 2.62872e+07 4.10045e+07 6.34934e+07 9.63205e+07 1.42327e+08 2.08335e+08 3.03499e+08 
0.327386 0.0743158 0.134208 0.242616 0.439127 0.795693 1.44391 2.62505 4.782 8.72837 15.9761 29.3402 54.041 99.936 185.735 347.026 651.696 1232.91 2353.21 4522.32 8778.93 17257.9 34345.3 69077.5 141272 294822 619936 1.32632e+06 -1.63165e+07 4.35712e+06 6.82853e+06 1.07162e+07 1.69947e+07 2.71053e+07 4.30191e+07 6.76467e+07 1.03862e+08 1.54625e+08 2.27451e+08 3.32232e+08 
0.182661 0.041472 0.0749128 0.135461 0.245256 0.444567 0.807084 1.46801 2.67576 4.8873 8.95258 16.456 30.3427 56.1824 104.567 195.702 368.272 698.366 1336.54 2577.17 5022.76 9919.16 19848.5 40192.4 82852.2 174495 371224 805171 1.77038e+06 -2.04891e+07 6.39597e+06 1.02731e+07 1.6698e+07 2.72905e+07 4.42968e+07 7.10674e+07 1.10839e+08 1.66644e+08 2.46703e+08 3.6156e+08 
0.0957553 0.021745 0.0392885 0.0710634 0.128703 0.233382 0.423878 0.771379 1.40682 2.57136 4.71399 8.67276 16.0091 29.6805 55.3231 103.718 195.588 371.801 713.537 1380.66 2701.89 5361.25 10789.5 22005.3 45745.2 97293.5 209636 461673 1.04447e+06 2.40772e+06 -2.60656e+07 9.21129e+06 1.5451e+07 2.60959e+07 4.36824e+07 7.20672e+07 1.149e+08 1.75192e+08 2.61727e+08 3.85329e+08 
0.0357035 0.00810949 0.0146557 0.0265159 0.0480376 0.0871416 0.158339 0.28829 0.526076 0.962221 1.7654 3.25089 6.00742 11.1519 20.817 39.0938 73.8765 140.775 270.913 526.023 1033.64 2060.8 4171.26 8568.95 17966.2 38595.4 84259 188534 434631 1.02545e+06 2.44248e+06 -3.55949e+07 1.03674e+07 1.82297e+07 3.17202e+07 5.4244e+07 8.90108e+07 1.38279e+08 2.09103e+08 3.09704e+08 
0.0177699 0.00403695 0.00729742 0.0132064 0.0239328 0.0434308 0.0789489 0.143813 0.26258 0.4806 0.882452 1.62642 3.00874 5.5923 10.454 19.6655 37.239 71.1293 137.258 267.422 527.618 1056.9 2151.5 4451.7 9413.86 20427.2 45194.1 102791 241657 584363 1.4364e+06 3.63477e+06 -4.74952e+07 1.75547e+07 3.20863e+07 5.73892e+07 9.76889e+07 1.55469e+08 2.38827e+08 3.56473e+08 
0.00882569 0.00200537 0.00362582 0.00656344 0.0118977 0.021598 0.0392764 0.0715779 0.130758 0.239476 0.440026 0.811655 1.50298 2.7968 5.23511 9.86323 18.7126 35.8205 69.2955 135.433 268.203 539.583 1104.17 2299.84 4901.98 10736.4 24052.6 55564.6 133130 329887 837964 2.20761e+06 6.06355e+06 -6.29939e+07 3.16317e+07 6.04322e+07 1.09036e+08 1.80684e+08 2.85205e+08 4.31641e+08 
0.00311552 0.000708029 0.00128041 0.00231833 0.00420357 0.00763319 0.0138862 0.0253169 0.0462707 0.0847914 0.155904 0.287789 0.533401 0.993627 1.86215 3.5134 6.67724 12.8076 24.8334 48.6749 96.721 195.359 401.683 841.72 1807.02 3991.41 9044.09 21191 51659.3 130916 342946 939170 2.7097e+06 7.73372e+06 -8.89009e+07 4.59624e+07 8.97498e+07 1.5791e+08 2.60106e+08 4.0311e+08 
0.000932051 0.000211848 0.00038318 0.000693934 0.00125853 0.00228598 0.00415999 0.00758719 0.0138728 0.0254352 0.0467948 0.0864384 0.16034 0.298969 0.560908 1.05964 2.01699 3.87572 7.53032 14.7978 29.4938 59.7825 123.444 260.065 561.884 1250.46 2862.07 6790.82 16811.5 43467.4 117093 332379 1.00301e+06 3.05779e+06 9.51209e+06 -1.27451e+08 6.45718e+07 1.24741e+08 2.18983e+08 3.52983e+08 
0.000230242 5.23385e-05 9.46806e-05 0.000171493 0.000311079 0.000565167 0.00102874 0.00187682 0.00343282 0.00629651 0.0115895 0.0214191 0.0397573 0.0741866 0.139303 0.263428 0.502039 0.966044 1.87999 3.70181 7.39574 15.0323 31.1436 65.888 143.068 320.273 738.835 1770.32 4435.67 11649.9 32081.3 93726.9 293400 948092 3.19188e+06 1.10964e+07 -1.81245e+08 8.31741e+07 1.62407e+08 2.82034e+08 
4.57856e-05 1.04087e-05 1.88312e-05 3.4112e-05 6.18845e-05 0.000112447 0.000204715 0.000373546 0.000683384 0.00125379 0.00230843 0.00426774 0.00792479 0.0147945 0.0277951 0.0525945 0.100311 0.193191 0.37634 0.74196 1.48453 3.02255 6.27494 13.3098 28.9897 65.1318 150.984 363.979 918.835 2437.13 6806.21 20259.8 64970.3 218603 781414 2.98268e+06 1.1573e+07 -2.47624e+08 9.7851e+07 1.99283e+08 
7.15278e-06 1.62617e-06 2.94222e-06 5.33012e-06 9.67049e-06 1.75735e-05 3.19972e-05 5.83934e-05 0.000106844 0.000196062 0.000361057 0.000667669 0.00124016 0.00231599 0.00435282 0.0082402 0.0157246 0.0303034 0.0590734 0.116567 0.233469 0.475917 0.989427 2.1024 4.58876 10.3349 24.0351 58.1746 147.579 393.954 1110.24 3345.18 10897.7 37676.8 140540 571725 2.46741e+06 1.06843e+07 -3.27755e+08 1.19785e+08 
8.47643e-07 1.92718e-07 3.487e-07 6.31739e-07 1.14624e-06 2.08314e-06 3.79322e-06 6.92313e-06 1.26689e-05 2.32508e-05 4.28241e-05 7.92042e-05 0.000147148 0.000274865 0.00051674 0.000978536 0.00186804 0.00360151 0.00702423 0.0138689 0.027797 0.0567079 0.118005 0.251028 0.548613 1.23743 2.88325 6.99439 17.791 47.651 134.903 408.909 1342.45 4706.1 17976.1 76059.4 353639 1.79586e+06 9.8861e+06 -4.16892e+08 
dt_FE: 2.39869e-09
dt_EA: 2.39869e-09
dt_PE: 2.39869e-09
tolC: 1e-06
dt_grow: 1.03
dt_max: 0.1
steps: 0
