t: 1.11727e-07
dt: 2.39167e-09
N: 0.0823128 0.094323 0.107911 0.123249 0.140499 0.159777 0.181227 0.204976 0.231071 0.259445 0.290112 0.322946 0.357462 0.393368 0.430218 0.467219 0.503258 0.537759 0.569773 0.597345 0.619817 0.636179 0.644704 0.643272 0.631097 0.606222 0.564661 0.505605 0.428586 0.335958 0.236571 0.147209 0.076498 0.0339699 0.0129082 0.00414286 0.00110401 0.000238282 4.03589e-05 5.16666e-06 
eC: 1 1.15749 1.33977 1.55077 1.795 2.07768 2.40489 2.78363 3.22201 3.72944 4.31677 4.99661 5.78351 6.69433 7.7486 8.9689 10.3814 12.0163 13.9087 16.0991 18.6345 21.5692 24.9661 28.8979 33.4489 38.7167 44.814 51.8717 60.0407 69.4963 80.4411 93.1095 107.773 124.746 144.391 167.131 193.452 223.918 259.182 300 
dV: 1.08333 0.211322 0.327712 0.508206 0.788112 1.22218 1.89532 2.93921 4.55805 7.06849 10.9616 16.999 26.3615 40.8807 63.3966 98.3136 152.462 236.434 366.655 568.597 881.764 1367.42 2120.55 3288.49 5099.69 7908.45 12264.2 19019 29494.1 45738.6 70930.1 109996 170579 264529 410225 636165 986546 1.52991e+06 2.37254e+06 3.67926e+06 
kVec: 990530 1.1483e+06 1.32362e+06 1.52559e+06 1.75798e+06 2.02447e+06 2.3298e+06 2.67928e+06 3.0784e+06 3.53172e+06 4.0469e+06 4.63111e+06 5.28706e+06 6.0228e+06 6.8455e+06 7.75885e+06 8.75624e+06 9.84696e+06 1.10325e+07 1.22749e+07 1.35772e+07 1.49293e+07 1.63019e+07 1.76165e+07 1.89124e+07 2.02262e+07 2.14129e+07 2.27038e+07 2.4373e+07 2.6849e+07 3.06059e+07 3.69141e+07 4.76782e+07 6.42185e+07 8.96522e+07 1.28166e+08 1.82146e+08 2.48698e+08 3.28952e+08 4.18118e+08 
cMat: 
-112921 881.101 1035.34 1205.99 1405.88 1641.23 1918.5 2245.44 2632.47 3093.92 3643.47 4299.68 5093.69 6054.68 7220.56 8649.19 10425.2 12627.9 15375.8 18900.5 23411.3 29214.8 36827.2 47017.5 60611.2 78918.4 104511 140007 189607 260360 362568 509831 723758 1.04069e+06 1.50258e+06 2.17207e+06 3.12233e+06 4.46238e+06 6.38456e+06 9.16744e+06 
4422.6 -134828 1177.68 1371.8 1599.18 1866.9 2182.32 2554.24 2994.54 3519.52 4144.75 4891.35 5794.77 6888.24 8214.9 9840.65 11861.8 14368.9 17496.6 21509.1 26644.6 33252.6 41921.4 53527.9 69013 89871 119035 159493 216036 296711 413273 581247 825302 1.18692e+06 1.714e+06 2.47805e+06 3.56259e+06 5.09198e+06 7.28576e+06 1.04619e+07 
3270.66 741.182 -154470 1555.99 1813.92 2117.62 2475.43 2897.35 3396.85 3992.44 4701.78 5548.87 6573.93 7814.72 9320.2 11165.2 13459.2 16304.9 19855.5 24410.9 30242.3 37746.7 47593.1 60778.6 78373.9 102079 135232 181233 245541 337314 469941 661109 938919 1.35061e+06 1.95078e+06 2.8209e+06 4.05607e+06 5.79783e+06 8.29625e+06 1.19135e+07 
2388.92 541.37 975.689 -177414 2051.49 2395 2799.71 3276.96 3841.98 4515.73 5318.19 6276.5 7436.26 8840.16 10543.7 12631.6 15227.8 18448.8 22468 27625.6 34228.7 42727.6 53880.8 68819.8 88759.2 115628 153217 205387 278336 382471 533002 750028 1.06549e+06 1.53307e+06 2.21482e+06 3.20337e+06 4.60677e+06 6.58567e+06 9.42431e+06 1.35341e+07 
1738.94 394.077 710.236 1281 -204122 2675.81 3156.15 3694.22 4331.28 5090.96 5995.82 7076.48 8384.38 9967.75 11889.2 14244.4 17173.3 20807.5 25342.9 31163.8 38617.5 48212.8 60807.7 77681.6 100209 130574 173066 232058 314572 432398 602767 848464 1.2057e+06 1.73529e+06 2.50762e+06 3.62771e+06 5.21796e+06 7.46027e+06 1.06768e+07 1.53337e+07 
1261.6 285.906 515.287 929.398 1662.92 -235096 3543.19 4147.35 4862.67 5715.74 6731.88 7945.52 9414.5 11193 13351.5 15997.5 19288.6 23372.7 28470.4 35014.3 43395.4 54187 68355.7 87343.8 112701 146891 194754 261225 354236 487099 679278 956521 1.35975e+06 1.95767e+06 2.82987e+06 4.09505e+06 5.89147e+06 8.42438e+06 1.20578e+07 1.73184e+07 
911.546 206.578 372.319 671.544 1212.38 2190.07 -270952 4635.45 5435.13 6388.85 7524.97 8882 10524.7 12513.8 14928 17887.9 21570.1 26140.2 31845.6 39171.3 48555.9 60642.7 76516.6 97797 126226 164570 218272 292884 397329 546591 762577 1.07429e+06 1.52781e+06 2.2005e+06 3.18205e+06 4.6062e+06 6.62854e+06 9.47988e+06 1.35701e+07 1.94921e+07 
655.393 148.529 267.701 482.855 871.742 1574.78 2847.59 -312388 5982.84 7107.21 8371.46 9881.66 11710 13924.1 16611.7 19907.4 24008.1 29098.4 35454.6 43618 54078.6 67555 85259.8 109004 140736 183555 243550 326946 443744 610742 852503 1.20156e+06 1.70966e+06 2.46351e+06 3.56384e+06 5.16078e+06 7.42878e+06 1.06263e+07 1.52132e+07 2.18544e+07 
468.741 106.231 191.468 345.358 623.52 1126.4 2036.87 3649.86 -360400 7862.64 9261.76 10933.2 12957.1 15408.2 18384.1 22033.9 26576 32215.5 39259.1 48308.2 59907.2 74855.3 94501 120860 156102 203680 270381 363148 493144 679117 948494 1.33762e+06 1.90432e+06 2.74543e+06 3.97359e+06 5.75661e+06 8.28925e+06 1.18596e+07 1.69816e+07 2.43974e+07 
333.506 75.5835 136.233 245.734 443.668 801.518 1449.44 2624.78 4759.84 -415798 10178.7 12016.5 14242.1 16938.1 20211.8 24227.5 29226.5 35434.8 43190.8 53158.8 65940.6 82419.5 104087 133174 172085 224646 298384 401005 544906 750914 1.0495e+06 1.4811e+06 2.11002e+06 3.04389e+06 4.40812e+06 6.38945e+06 9.20424e+06 1.31721e+07 1.88644e+07 2.71062e+07 
235.693 53.4169 96.2815 173.676 313.577 566.519 1024.52 1855.37 3364.76 6108.43 -479967 13119.6 15551 18496.9 22074.6 26464.5 31930.6 38721.2 47207.2 58118.1 72114.8 90168 113918 145821 188524 246245 327285 440154 598546 825480 1.15464e+06 1.63076e+06 2.32504e+06 3.35648e+06 4.86402e+06 7.05444e+06 1.01669e+07 1.45541e+07 2.08479e+07 2.99609e+07 
165.304 37.4648 67.5305 121.817 219.952 397.389 718.689 1301.59 2360.61 4285.79 7797.14 -554479 16732.9 20055.5 23938.2 28703.5 34639.1 42015.1 51236.2 63097.6 78321 97966.4 123827 158587 205149 268132 356637 480006 653287 901774 1.2625e+06 1.7847e+06 2.54675e+06 3.67952e+06 5.33615e+06 7.74439e+06 1.11671e+07 1.59912e+07 2.2912e+07 3.29329e+07 
115.184 26.1063 47.0582 84.8906 153.284 276.953 500.904 907.228 1645.5 2987.73 5436.12 9842.09 -640941 21553.7 25731 30859.4 37249.8 45194.2 55129.9 67918.1 84340.4 105546 133480 171060 221440 289650 385602 519491 707748 978008 1.37074e+06 1.93984e+06 2.77112e+06 4.00765e+06 5.81732e+06 8.44963e+06 1.21919e+07 1.74657e+07 2.50319e+07 3.59875e+07 
79.6174 18.0457 32.5296 58.6841 105.969 191.474 346.328 627.309 1137.89 2066.27 3759.96 6859.67 12533.6 -741885 27419.4 32892 39714.5 48199.8 58817.3 72492 90064.3 112771 142708 183021 237118 310438 413705 557977 761084 1.05304e+06 1.4778e+06 2.09402e+06 2.99513e+06 4.33662e+06 6.30155e+06 9.16172e+06 1.32293e+07 1.89607e+07 2.71837e+07 3.90905e+07 
54.5333 12.3607 22.2826 40.2001 72.595 131.18 237.288 429.838 779.765 1416.12 2577.23 4702.58 8593.81 15748.3 -860208 34371.4 41981.8 50969.8 62222.6 76726.3 95378.1 119499 151331 194243 251891 330117 440450 594806 812418 1.12568e+06 1.58207e+06 2.24504e+06 3.21575e+06 4.66219e+06 6.78288e+06 9.87226e+06 1.42674e+07 2.04595e+07 2.93439e+07 4.22083e+07 
37.0396 8.39582 15.1358 27.3081 49.3171 89.1229 161.226 292.082 529.921 962.511 1751.95 3197.27 5844.08 10711.9 19489.3 -1.00041e+06 43973.9 53410.6 65232.6 80483.3 100113 125522 159091 204403 265355 348178 465188 629150 860689 1.19457e+06 1.68179e+06 2.39064e+06 3.43008e+06 4.98062e+06 7.25647e+06 1.05751e+07 1.52984e+07 2.19517e+07 3.14981e+07 4.53213e+07 
24.9984 5.66669 10.2164 18.4336 33.2926 60.1695 108.859 197.235 357.888 650.145 1183.6 2160.47 3949.95 7242.04 13329 24622.5 -1.1662e+06 55425 67730.7 83622.1 104098 130632 165734 213189 277123 364145 487334 660296 905040 1.25871e+06 1.77582e+06 2.52959e+06 3.63693e+06 5.29097e+06 7.72206e+06 1.12711e+07 1.63253e+07 2.34429e+07 3.36562e+07 4.8445e+07 
16.7335 3.79339 6.83947 12.3415 22.2915 40.2913 72.9035 132.106 239.746 435.603 793.182 1448.15 2648.36 4857.18 8942.88 16526.9 30629 -1.36532e+06 69793.9 86235.6 107446 134967 171429 220811 287460 378351 507317 688799 946200 1.31906e+06 1.86549e+06 2.66376e+06 3.83895e+06 5.59707e+06 8.1852e+06 1.19686e+07 1.73599e+07 2.49505e+07 3.58429e+07 5.16149e+07 
11.1168 2.52026 4.54436 8.20072 14.8137 26.7783 48.4592 87.8242 159.409 289.694 527.619 963.547 1762.66 3233.93 5956.62 11013.3 20422.1 38080.7 -1.60774e+06 87907.6 110278 138679 176371 227522 296697 391242 525744 715505 985368 1.37738e+06 1.95338e+06 2.79698e+06 4.04193e+06 5.90774e+06 8.65938e+06 1.26879e+07 1.84329e+07 2.65192e+07 3.81234e+07 5.49259e+07 
7.38567 1.67451 3.01961 5.4497 9.84537 17.7995 32.2158 58.3957 106.015 192.707 351.073 641.333 1173.66 2154.22 3969.81 7343.99 13627.3 25430.1 47511.7 -1.90208e+06 112508 141677 180467 233238 304783 402830 542771 740842 1.02346e+06 1.43545e+06 2.04282e+06 2.9352e+06 4.2562e+06 6.24045e+06 9.17339e+06 1.34756e+07 1.96166e+07 2.82575e+07 4.06581e+07 5.86129e+07 
4.90224 1.11155 2.00463 3.61829 6.53758 11.8211 21.3991 38.7965 70.4495 128.094 233.433 426.58 780.986 1434.19 2644.4 4895.18 9090.39 16978.6 31938.4 60288.8 -2.26713e+06 144567 184483 238940 312985 414776 560618 767824 1.06464e+06 1.49913e+06 2.14221e+06 3.09067e+06 4.49984e+06 6.62226e+06 9.76781e+06 1.43924e+07 2.10012e+07 3.02966e+07 4.3637e+07 6.29509e+07 
3.25631 0.73841 1.33184 2.40422 4.3446 7.85715 14.2261 25.7976 46.857 85.2233 155.362 284.023 520.239 955.882 1763.58 3267.03 6072.19 11352.6 21379.2 40411.4 76952.4 -2.72639e+06 187083 245689 322706 428961 581869 800065 1.11405e+06 1.57589e+06 2.26264e+06 3.28001e+06 4.79807e+06 7.09177e+06 1.05018e+07 1.55285e+07 2.27218e+07 3.28347e+07 4.73489e+07 6.83599e+07 
2.17843 0.494037 0.891185 1.60899 2.90802 5.26013 9.52607 17.279 31.3936 57.1186 104.169 190.521 349.164 641.957 1185.25 2197.5 4088.44 7652.51 14429.8 27318.5 52114.9 99285.7 -3.31315e+06 254176 334922 446792 608623 840756 1.17662e+06 1.67352e+06 2.4166e+06 3.52337e+06 5.18351e+06 7.70164e+06 1.14595e+07 1.70168e+07 2.49826e+07 3.6176e+07 5.22414e+07 7.54936e+07 
1.47716 0.335041 0.604462 1.09151 1.97311 3.56983 6.46663 11.733 21.3246 38.8146 70.8201 129.596 237.66 437.274 808.02 1499.57 2793.22 5235.2 9886.63 18752.2 35849.9 69251.9 134998 -4.05979e+06 350225 469221 642464 892570 1.2569e+06 1.79987e+06 2.61771e+06 3.84425e+06 5.69643e+06 8.52e+06 1.27539e+07 1.90407e+07 2.80717e+07 4.07546e+07 5.89576e+07 8.52953e+07 
1.00972 0.229048 0.413302 0.746455 1.34964 2.44243 4.42565 8.0325 14.6044 26.5948 48.5492 88.8934 163.133 300.397 555.608 1032.24 1925.26 3613.83 6836.24 12993.3 24900.1 48231.4 94322.5 185706 -5.03661e+06 498946 687193 960996 1.363e+06 1.96733e+06 2.88548e+06 4.27384e+06 6.38737e+06 9.62922e+06 1.45183e+07 2.18136e+07 3.23209e+07 4.70682e+07 6.82335e+07 9.88435e+07 
0.694046 0.157463 0.284182 0.513357 0.928392 1.68056 3.04611 5.53063 10.0598 18.328 33.4771 61.3356 112.648 207.62 384.403 715.024 1335.54 2511.02 4758.97 9065.99 17420.3 33845.8 66426.5 131347 263401 -6.34219e+06 742429 1.05005e+06 1.50163e+06 2.18736e+06 3.23982e+06 4.84687e+06 7.3169e+06 1.11338e+07 1.69295e+07 2.5628e+07 3.81966e+07 5.58265e+07 8.1128e+07 1.17698e+08 
0.481978 0.109368 0.197421 0.356711 0.645269 1.16842 2.11859 3.84815 7.00278 12.7657 23.3324 42.7804 78.6399 145.091 268.949 500.96 937.268 1765.59 3353.48 6405.67 12347 24075.1 47450.3 94307.3 190238 389323 -8.03869e+06 1.14595e+06 1.65579e+06 2.44021e+06 3.66065e+06 5.54877e+06 8.48897e+06 1.30798e+07 2.01158e+07 3.07595e+07 4.62069e+07 6.78629e+07 9.89388e+07 1.43808e+08 
0.331387 0.0752099 0.135792 0.245415 0.444064 0.804355 1.45903 2.65131 4.82724 8.80523 16.1049 29.552 54.3754 100.435 186.41 347.736 651.772 1230.33 2342.37 4487.39 8679.16 16989.8 33641.9 67244.9 136540 282610 588149 -1.03135e+07 1.81814e+06 2.71644e+06 4.13758e+06 6.37221e+06 9.90948e+06 1.5508e+07 2.41905e+07 3.74577e+07 5.6824e+07 8.39651e+07 1.22907e+08 1.79048e+08 
0.221655 0.0503152 0.0908649 0.164262 0.297309 0.53872 0.977591 1.77728 3.23763 5.9095 10.8166 19.8646 36.5882 67.6612 125.751 234.952 441.227 834.739 1593.23 3061.82 5943.73 11684.4 23253.3 46768.5 95647.4 199607 419724 897979 -1.34102e+07 2.94997e+06 4.62322e+06 7.25537e+06 1.15062e+07 1.83515e+07 2.91259e+07 4.57998e+07 7.03196e+07 1.04688e+08 1.53994e+08 2.24936e+08 
0.141665 0.032164 0.0580994 0.105059 0.190211 0.344788 0.625942 1.13853 2.07522 3.7904 6.94326 12.7626 23.5326 43.5728 81.0983 151.778 285.617 541.625 1036.57 1998.75 3895.45 7692.91 15393.7 31171.7 64256.9 135331 287906 624458 1.37304e+06 -1.76754e+07 4.96046e+06 7.96741e+06 1.29503e+07 2.11654e+07 3.43548e+07 5.5117e+07 8.59619e+07 1.29242e+08 1.91333e+08 2.80411e+08 
0.0842748 0.0191379 0.0345781 0.0625433 0.113272 0.205401 0.373057 0.678895 1.23815 2.26307 4.14881 7.63294 14.0897 26.122 48.6902 91.2827 172.138 327.225 627.988 1215.12 2377.95 4718.47 9495.94 19367 40260.6 85628.6 184502 406321 919241 2.11905e+06 -2.34675e+07 8.10691e+06 1.35985e+07 2.29672e+07 3.84451e+07 6.34267e+07 1.01124e+08 1.54188e+08 2.30347e+08 3.3913e+08 
0.0450974 0.0102432 0.0185117 0.0334924 0.0606768 0.110069 0.199999 0.364142 0.664491 1.21539 2.2299 4.10623 7.58803 14.086 26.2941 49.3798 93.3141 177.814 342.193 664.425 1305.6 2603.02 5268.76 10823.5 22693.3 48750.1 106428 238139 548986 1.29525e+06 3.08512e+06 -3.17526e+07 1.30951e+07 2.30261e+07 4.00661e+07 6.85161e+07 1.1243e+08 1.74662e+08 2.64119e+08 3.9119e+08 
0.0213607 0.00485271 0.00877204 0.0158751 0.0287691 0.0522071 0.0949024 0.172874 0.315641 0.577717 1.06077 1.95507 3.61673 6.72236 12.5665 23.6394 44.764 85.5027 164.994 321.461 634.236 1270.48 2586.26 5351.27 11316.2 24555 54326.6 123563 290490 702448 1.72666e+06 4.36926e+06 -4.41887e+07 2.1102e+07 3.85702e+07 6.89861e+07 1.17429e+08 1.86885e+08 2.87088e+08 4.28507e+08 
0.00881225 0.00200232 0.0036203 0.00655345 0.0118795 0.0215651 0.0392166 0.0714689 0.130558 0.239111 0.439356 0.810419 1.5007 2.79254 5.22714 9.84822 18.6841 35.7659 69.19 135.227 267.794 538.761 1102.49 2296.34 4894.51 10720 24016 55480 132927 329385 836689 2.20425e+06 6.05432e+06 -6.21049e+07 3.15835e+07 6.03402e+07 1.0887e+08 1.80408e+08 2.8477e+08 4.30984e+08 
0.00311666 0.000708288 0.00128088 0.00231918 0.00420511 0.00763598 0.0138913 0.0253261 0.0462876 0.0848224 0.155961 0.287894 0.533596 0.99399 1.86283 3.51468 6.67968 12.8122 24.8425 48.6927 96.7564 195.431 401.83 842.027 1807.68 3992.87 9047.39 21198.7 51678.2 130963 343071 939513 2.71069e+06 7.73655e+06 -8.85215e+07 4.59792e+07 8.97826e+07 1.57968e+08 2.60201e+08 4.03257e+08 
0.00093241 0.00021193 0.000383328 0.000694201 0.00125901 0.00228686 0.00416159 0.00759011 0.0138781 0.025445 0.0468128 0.0864718 0.160402 0.299085 0.561124 1.06005 2.01777 3.87721 7.53322 14.8035 29.5051 59.8055 123.491 260.165 562.1 1250.94 2863.17 6793.44 16818 43484.1 117138 332507 1.0034e+06 3.05897e+06 9.51576e+06 -1.27643e+08 6.45967e+07 1.24789e+08 2.19067e+08 3.53119e+08 
0.000230273 5.23455e-05 9.46933e-05 0.000171516 0.000311121 0.000565243 0.00102888 0.00187707 0.00343328 0.00629736 0.011591 0.021422 0.0397626 0.0741965 0.139322 0.263463 0.502107 0.966174 1.88025 3.70231 7.39673 15.0343 31.1478 65.8968 143.087 320.316 738.935 1770.56 4436.26 11651.5 32085.6 93739.5 293439 948219 3.19231e+06 1.10979e+07 -1.81948e+08 8.31852e+07 1.62429e+08 2.82072e+08 
4.5787e-05 1.04091e-05 1.88317e-05 3.4113e-05 6.18863e-05 0.00011245 0.000204721 0.000373557 0.000683404 0.00125383 0.0023085 0.00426786 0.00792502 0.0147949 0.0277959 0.052596 0.100314 0.193197 0.376351 0.741981 1.48457 3.02264 6.27512 13.3102 28.9906 65.1338 150.988 363.99 918.862 2437.2 6806.41 20260.4 64972.2 218609 781437 2.98277e+06 1.15733e+07 -2.48639e+08 9.78539e+07 1.99289e+08 
7.15281e-06 1.62618e-06 2.94223e-06 5.33015e-06 9.67053e-06 1.75736e-05 3.19973e-05 5.83937e-05 0.000106845 0.000196063 0.000361059 0.000667672 0.00124016 0.002316 0.00435284 0.00824024 0.0157247 0.0303035 0.0590737 0.116567 0.23347 0.475919 0.989432 2.10241 4.58878 10.3349 24.0352 58.1749 147.58 393.956 1110.25 3345.19 10897.8 37677 140541 571728 2.46743e+06 1.06844e+07 -3.28939e+08 1.19786e+08 
8.47644e-07 1.92718e-07 3.487e-07 6.3174e-07 1.14624e-06 2.08314e-06 3.79322e-06 6.92313e-06 1.26689e-05 2.32509e-05 4.28241e-05 7.92043e-05 0.000147148 0.000274865 0.00051674 0.000978537 0.00186804 0.00360151 0.00702423 0.0138689 0.027797 0.0567079 0.118005 0.251028 0.548614 1.23744 2.88325 6.9944 17.791 47.651 134.903 408.91 1342.45 4706.1 17976.1 76059.4 353639 1.79586e+06 9.8861e+06 -4.18116e+08 
dt_FE: 2.39167e-09
dt_EA: 2.39167e-09
dt_PE: 2.39167e-09
tolC: 1e-06
dt_grow: 1.03
dt_max: 0.1
steps: 0
