t: 4.06008e-09
dt: 8.11637e-11
N: 0.00243836 0.00281625 0.00325128 0.00375218 0.00432856 0.00499015 0.00574918 0.00661951 0.00761533 0.00875028 0.0100441 0.0115166 0.013179 0.0150542 0.0171649 0.0195234 0.0221272 0.025002 0.0281572 0.0315158 0.0350792 0.0388198 0.0426072 0.0462092 0.0495782 0.0525619 0.0543774 0.0549708 0.0541501 0.0512909 0.0591243 0.414787 0.341711 0.0141172 0.00552123 0.00195746 0.000552356 0.000120384 2.02043e-05 2.5397e-06 
eC: 1 1.15749 1.33977 1.55077 1.795 2.07768 2.40489 2.78363 3.22201 3.72944 4.31677 4.99661 5.78351 6.69433 7.7486 8.9689 10.3814 12.0163 13.9087 16.0991 18.6345 21.5692 24.9661 28.8979 33.4489 38.7167 44.814 51.8717 60.0407 69.4963 80.4411 93.1095 107.773 124.746 144.391 167.131 193.452 223.918 259.182 300 
dV: 1.08333 0.211322 0.327712 0.508206 0.788112 1.22218 1.89532 2.93921 4.55805 7.06849 10.9616 16.999 26.3615 40.8807 63.3966 98.3136 152.462 236.434 366.655 568.597 881.764 1367.42 2120.55 3288.49 5099.69 7908.45 12264.2 19019 29494.1 45738.6 70930.1 109996 170579 264529 410225 636165 986546 1.52991e+06 2.37254e+06 3.67926e+06 
kVec: 815851 947842 1.09395e+06 1.26287e+06 1.458e+06 1.68286e+06 1.94189e+06 2.24017e+06 2.58331e+06 2.97655e+06 3.42787e+06 3.94552e+06 4.53539e+06 5.20812e+06 5.97478e+06 6.846e+06 7.82595e+06 8.933e+06 1.01828e+07 1.15628e+07 1.30952e+07 1.47952e+07 1.66643e+07 1.86583e+07 2.0828e+07 2.3219e+07 2.56469e+07 2.82552e+07 3.11675e+07 3.44936e+07 3.8285e+07 4.33517e+07 5.1776e+07 6.61109e+07 9.00733e+07 1.27564e+08 1.8087e+08 2.47091e+08 3.27203e+08 4.1637e+08 
cMat: 
-203509 957.792 1125.46 1310.96 1528.25 1784.08 2085.49 2440.88 2861.59 3363.21 3960.59 4673.92 5537.03 6581.68 7849.03 9402 11332.6 13727 16714.1 20545.6 25449 31757.6 40032.5 51109.9 65886.8 85787.4 113608 152193 206110 283021 394125 554207 786753 1.13127e+06 1.63337e+06 2.36112e+06 3.39409e+06 4.85078e+06 6.94026e+06 9.96537e+06 
4869.44 -240440 1296.66 1510.4 1760.75 2055.53 2402.81 2812.32 3297.1 3875.13 4563.52 5385.56 6380.25 7584.21 9044.91 10834.9 13060.3 15820.7 19264.4 23682.3 29336.7 36612.4 46157 58936.2 75985.9 98951.3 131062 175607 237864 326689 455028 639974 908688 1.30684e+06 1.88717e+06 2.72842e+06 3.92255e+06 5.60645e+06 8.02189e+06 1.15189e+07 
3654.37 828.138 -277083 1738.54 2026.73 2366.06 2765.84 3237.26 3795.36 4460.83 5253.4 6199.86 7345.19 8731.54 10413.6 12475.1 15038.2 18217.8 22184.9 27274.8 33790.4 42175.2 53176.7 67909.2 87568.8 114055 151098 202496 274348 376887 525075 738670 1.04907e+06 1.50907e+06 2.17965e+06 3.15185e+06 4.53193e+06 6.47803e+06 9.26957e+06 1.33111e+07 
2714.52 615.156 1108.67 -319890 2331.1 2721.42 3181.3 3723.6 4365.62 5131.2 6043.03 7131.96 8449.78 10045 11980.7 14353.2 17303.3 20963.2 25530.3 31390.8 38893.9 48551.1 61224.5 78199.6 100857 131388 174100 233380 316272 434600 605648 852253 1.21071e+06 1.74202e+06 2.51669e+06 3.63998e+06 5.23465e+06 7.48327e+06 1.07088e+07 1.53787e+07 
2014.44 456.511 822.759 1483.95 -369821 3099.74 3656.17 4279.5 5017.48 5897.52 6945.74 8197.61 9712.72 11546.9 13772.8 16501.1 19894.1 24104 29358 36101.1 44735.7 55851.2 70441.5 89988.8 116085 151261 200485 268823 364410 500903 698264 982886 1.39672e+06 2.01021e+06 2.9049e+06 4.20245e+06 6.04464e+06 8.6422e+06 1.23683e+07 1.7763e+07 
1494.02 338.576 610.214 1100.61 1969.27 -427898 4195.92 4911.38 5758.48 6768.7 7972.03 9409.25 11148.8 13255 15811.1 18944.6 22842 27678.4 33715.2 41464.6 51389.7 64169.4 80948.3 103434 133463 173952 230632 309349 419494 576833 804416 1.13273e+06 1.61025e+06 2.31831e+06 3.35119e+06 4.84945e+06 6.9768e+06 9.97633e+06 1.42791e+07 2.05088e+07 
1106.91 250.851 452.114 815.468 1472.21 2659.44 -495430 5628.92 6599.98 7758.1 9137.71 10785.6 12780.3 15195.7 18127.3 21721.7 26193 31742.6 38670.8 47566.4 58962.3 73639.6 92915.5 118757 153278 199841 265052 355654 482484 663735 926012 1.30453e+06 1.85525e+06 2.67211e+06 3.86402e+06 5.59339e+06 8.04916e+06 1.15116e+07 1.64785e+07 2.36697e+07 
818.912 185.587 334.492 603.326 1089.24 1967.68 3558.05 -573930 7475.54 8880.44 10460.1 12347.1 14631.6 17398.1 20756.3 24874.3 29998 36358.4 44300.4 54500.5 67571 84409.8 106532 136200 175849 229351 304315 408518 554457 763120 1.0652e+06 1.50135e+06 2.13621e+06 3.07815e+06 4.45301e+06 6.44839e+06 9.28224e+06 1.32775e+07 1.90089e+07 2.7307e+07 
604.96 137.102 247.109 445.721 804.719 1453.74 2628.8 4710.53 -665337 10147.6 11953.3 14110.5 16722.5 19885.9 23726.6 28437 34299.1 41577.6 50668.1 62346.8 77316.6 96608.7 121964 155982 201466 262870 348955 468681 636455 876473 1.22413e+06 1.72635e+06 2.45773e+06 3.54327e+06 5.12834e+06 7.42952e+06 1.06982e+07 1.53061e+07 2.19165e+07 3.14875e+07 
446.405 101.17 182.351 328.921 593.86 1072.85 1940.11 3513.32 6371.15 -771352 13624.4 16084.4 19063.4 22672 27053.9 32429.1 39120.3 47430.2 57811.8 71154.3 88263 110320 139323 178257 230340 300694 399393 536754 729368 1.00512e+06 1.40478e+06 1.98249e+06 2.82431e+06 4.07431e+06 5.90037e+06 8.55241e+06 1.23201e+07 1.76312e+07 2.52504e+07 3.62822e+07 
328.679 74.4911 134.267 242.195 437.29 790.025 1428.71 2587.36 4692.25 8518.36 -894776 18295.6 21686.3 25794.3 30783.6 36905.4 44528.1 53997.6 65831.7 81047.1 100566 125741 158862 203351 262901 343395 456407 613805 834687 1.15115e+06 1.61017e+06 2.27414e+06 3.24233e+06 4.68069e+06 6.78299e+06 9.83759e+06 1.4178e+07 2.0296e+07 2.9073e+07 4.17812e+07 
241.34 54.6978 98.5929 177.85 321.125 580.179 1049.27 1900.3 3446.44 6257.16 11383.6 -1.03868e+06 24429.7 29280.6 34949.2 41906.4 50572.2 61341.1 74803.6 92121.1 114347 143029 180784 231534 299513 391467 520681 700798 953784 1.31657e+06 1.84322e+06 2.60562e+06 3.7182e+06 5.37202e+06 7.79066e+06 1.13066e+07 1.63038e+07 2.33468e+07 3.3451e+07 4.80813e+07 
176.902 40.0946 72.2729 130.376 235.416 425.349 769.297 1393.34 2527.19 4588.62 8348.89 15115.7 -1.20586e+06 33102.5 39518.1 47394.4 57208.9 69410.1 84669.6 104310 129531 162099 205001 262717 340092 444850 592214 797844 1.08697e+06 1.50204e+06 2.10521e+06 2.97924e+06 4.25593e+06 6.15502e+06 8.93434e+06 1.29771e+07 1.87246e+07 2.68241e+07 3.84445e+07 5.52702e+07 
129.269 29.2995 52.8161 95.2813 172.054 310.884 562.309 1018.52 1847.51 3354.86 6104.79 11137.6 20350 -1.40088e+06 44518.9 53404.5 64481.6 78258.7 95497.5 117700 146231 183099 231705 297159 384993 504037 671704 905949 1.23572e+06 1.70974e+06 2.3994e+06 3.39991e+06 4.86298e+06 7.04107e+06 1.02314e+07 1.48752e+07 2.14794e+07 3.07851e+07 4.41363e+07 6.34684e+07 
94.0663 21.3213 38.4359 69.3425 125.221 226.276 409.306 741.441 1345.04 2442.72 4445.55 8111.64 14823.7 27164.7 -1.62861e+06 59288.4 72415.8 87919.5 107330 132348 164521 206128 261035 335055 434495 569429 759746 1.026e+06 1.40137e+06 1.94172e+06 2.72896e+06 3.87254e+06 5.54695e+06 8.04197e+06 1.17e+07 1.7029e+07 2.46104e+07 3.52913e+07 5.06162e+07 7.28065e+07 
68.1639 15.4508 27.8545 50.2551 90.7582 164.013 296.704 537.518 975.213 1771.31 3224.12 5883.93 10754.9 19713 35866.2 -1.89611e+06 80925.1 98291.4 120047 148113 184238 230999 292775 376163 488332 640751 856085 1.15782e+06 1.58393e+06 2.19837e+06 3.09499e+06 4.3995e+06 6.31237e+06 9.16583e+06 1.33541e+07 1.94613e+07 2.81537e+07 4.03976e+07 5.7966e+07 8.34048e+07 
49.2111 11.1553 20.1117 36.2879 65.5388 118.448 214.297 388.272 704.529 1279.86 2330 4253.04 7775.75 14256.5 26239.1 48471.2 -2.20779e+06 109108 133333 164616 204924 257159 326259 419678 545536 716845 959353 1.29984e+06 1.78163e+06 2.47786e+06 3.49582e+06 4.97969e+06 7.15955e+06 1.04157e+07 1.52014e+07 2.2188e+07 3.21374e+07 4.61491e+07 6.62547e+07 9.53674e+07 
35.2957 8.00133 14.4264 26.0317 47.0191 84.9858 153.774 278.65 505.692 918.811 1673.05 3054.57 5586.15 10245.2 18863.1 34860 64605.3 -2.57472e+06 147215 181895 226634 284684 361593 465753 606334 798051 1.07008e+06 1.45287e+06 1.9958e+06 2.78228e+06 3.93485e+06 5.61864e+06 8.09743e+06 1.18058e+07 1.72649e+07 2.52451e+07 3.66169e+07 5.26277e+07 7.56028e+07 1.0887e+08 
25.1118 5.69304 10.2653 18.5246 33.4628 60.4897 109.465 198.386 360.09 654.392 1191.84 2176.56 3981.69 7305.15 13455.4 24878 46131.5 86020.7 -3.00939e+06 198575 249106 313263 398406 513950 670211 883778 1.1876e+06 1.61626e+06 2.22585e+06 3.11136e+06 4.41249e+06 6.31811e+06 9.13033e+06 1.3345e+07 1.95607e+07 2.86608e+07 4.16381e+07 5.99043e+07 8.61171e+07 1.24072e+08 
17.7643 4.0276 7.26289 13.1078 23.6805 42.8122 77.4867 140.456 254.992 463.508 844.416 1542.56 2822.93 5181.43 9548.36 17664.1 32776.9 61165.5 114277 -3.51863e+06 270610 340767 434068 560994 733078 968905 1.3055e+06 1.78191e+06 2.46168e+06 3.4526e+06 4.91347e+06 7.05987e+06 1.02372e+07 1.50098e+07 2.20642e+07 3.24121e+07 4.71828e+07 6.79662e+07 9.77926e+07 1.40978e+08 
12.4421 2.82115 5.08783 9.18337 16.5927 30.0026 54.3117 98.4673 178.804 325.107 592.463 1082.68 1982.18 3640.02 6711.59 12424.2 23071.8 43092.5 81061 153015 -4.12369e+06 366917 468226 606439 794369 1.05272e+06 1.42287e+06 1.94877e+06 2.70211e+06 3.80485e+06 5.43703e+06 7.84426e+06 1.14208e+07 1.68076e+07 2.47911e+07 3.65285e+07 5.3302e+07 7.6894e+07 1.10752e+08 1.59772e+08 
8.60286 1.95081 3.51859 6.35173 11.478 20.7578 37.5839 68.1548 123.792 225.152 410.451 750.361 1374.42 2525.35 4659.22 8631.18 16042.1 29992.5 56481.7 106763 203301 -4.846e+06 494256 649087 852557 1.13327e+06 1.53724e+06 2.11369e+06 2.94322e+06 4.16334e+06 5.97768e+06 8.66547e+06 1.2676e+07 1.87358e+07 2.77448e+07 4.10249e+07 6.00287e+07 8.67461e+07 1.25091e+08 1.806e+08 
5.87006 1.33125 2.40141 4.33563 7.83604 14.1741 25.6693 46.5605 84.5941 153.913 280.696 513.383 940.869 1729.84 3193.81 5921.46 11016.8 20620.7 38882.9 73613.3 140431 267538 -5.72043e+06 684910 902491 1.20394e+06 1.64002e+06 2.26553e+06 3.17056e+06 4.50952e+06 6.51185e+06 9.49418e+06 1.39676e+07 2.07531e+07 3.08792e+07 4.5854e+07 6.73188e+07 9.74811e+07 1.40771e+08 2.03427e+08 
3.94952 0.895805 1.61616 2.91838 5.27554 9.54473 17.29 31.3708 57.016 103.779 189.353 346.503 635.436 1169.15 2160.42 4009.42 7468.28 13997.5 26434.1 50138 95852.6 185160 360948 -6.76444e+06 936405 1.25456e+06 1.71777e+06 2.38648e+06 3.36059e+06 4.81234e+06 6.99904e+06 1.02785e+07 1.52307e+07 2.27801e+07 3.41004e+07 5.09096e+07 7.50559e+07 1.08966e+08 1.57636e+08 2.28056e+08 
2.60138 0.590107 1.06481 1.92313 3.47714 6.29255 11.402 20.6945 37.6261 68.5173 125.079 229.02 420.287 773.926 1431.44 2659.42 4960.14 9310.47 17612.5 33475.3 64151.2 124261 243007 478442 -8.04096e+06 1.28546e+06 1.77045e+06 2.47586e+06 3.51156e+06 5.06853e+06 7.434e+06 1.10109e+07 1.64561e+07 2.48082e+07 3.74042e+07 5.61993e+07 8.32697e+07 1.21264e+08 1.75793e+08 2.54655e+08 
1.66989 0.37886 0.683748 1.23515 2.23373 4.04347 7.32901 13.3068 24.204 44.0976 80.5466 147.575 271.033 499.538 924.883 1720.36 3213.33 6041.57 11450.2 21813 41913.6 81433.9 159824 316023 633749 -9.63568e+06 1.7863e+06 2.52646e+06 3.61296e+06 5.26284e+06 7.79509e+06 1.16617e+07 1.76046e+07 2.67881e+07 4.07328e+07 6.16616e+07 9.19019e+07 1.3432e+08 1.95196e+08 2.83183e+08 
1.04693 0.237564 0.428829 0.774831 1.40162 2.53798 4.60189 8.35877 15.2111 27.7291 50.6816 92.9255 170.818 315.159 584.199 1088.16 2035.89 3835.13 7284.28 13914.1 26819.7 52294.8 103069 204850 413226 845668 -1.15737e+07 2.48919e+06 3.59663e+06 5.30052e+06 7.95149e+06 1.20528e+07 1.84393e+07 2.84114e+07 4.36946e+07 6.68142e+07 1.00368e+08 1.47408e+08 2.1491e+08 3.12373e+08 
0.633441 0.143763 0.259564 0.469108 0.848823 1.53751 2.78891 5.06794 9.22721 16.8311 30.7843 56.4882 103.938 191.98 356.321 664.692 1245.85 2351.76 4477.4 8577.59 16590.1 32475.7 64306 128538 260995 540205 1.12424e+06 -1.40129e+07 3.47536e+06 5.19244e+06 7.90893e+06 1.21804e+07 1.89418e+07 2.96434e+07 4.62397e+07 7.15999e+07 1.08618e+08 1.60498e+08 2.34934e+08 3.42249e+08 
0.366901 0.0832857 0.150407 0.2719 0.49213 0.891733 1.61819 2.94189 5.35918 9.78187 17.9045 32.8816 60.5637 111.998 208.153 388.911 730.355 1381.73 2637.25 5068.16 9838.54 19340.9 38490.7 77415.1 158323 330406 694761 1.48641e+06 -1.71288e+07 4.88303e+06 7.65273e+06 1.20097e+07 1.90459e+07 3.03769e+07 4.82115e+07 7.58116e+07 1.16399e+08 1.73288e+08 2.54904e+08 3.72332e+08 
0.202395 0.0459523 0.0830059 0.150096 0.271752 0.492595 0.894275 1.6266 2.96483 5.41529 9.91975 18.2338 33.6207 62.2519 115.864 216.844 408.058 773.813 1480.93 2855.59 5565.38 10990.8 21992.8 44534.6 91803 193346 411328 892156 1.96164e+06 -2.12044e+07 7.08694e+06 1.13829e+07 1.85019e+07 3.02388e+07 4.90823e+07 7.8745e+07 1.22813e+08 1.84647e+08 2.73355e+08 4.0062e+08 
0.103863 0.0235861 0.0426152 0.0770805 0.1396 0.253143 0.459768 0.836693 1.52593 2.78908 5.11313 9.40709 17.3646 32.1936 60.0074 112.5 212.149 403.282 773.953 1497.56 2930.66 5815.2 11703.1 23868.5 49618.5 105532 227386 500763 1.1329e+06 2.61159e+06 -2.6563e+07 9.99122e+06 1.67593e+07 2.83055e+07 4.7381e+07 7.81692e+07 1.24628e+08 1.90026e+08 2.83887e+08 4.17955e+08 
0.0309473 0.0070292 0.0127034 0.0229836 0.0416384 0.0755332 0.137246 0.249886 0.455995 0.83404 1.53023 2.81783 5.20715 9.66631 18.0439 33.886 64.0352 122.022 234.824 455.95 895.943 1786.28 3615.59 7427.45 15572.9 33453.9 73034.5 163419 376732 888843 2.11711e+06 -3.68476e+07 8.98631e+06 1.58013e+07 2.74946e+07 4.7018e+07 7.71533e+07 1.19858e+08 1.81247e+08 2.68447e+08 
0.0152263 0.0034591 0.00625287 0.0113161 0.0205071 0.0372142 0.0676482 0.123228 0.224995 0.411808 0.756139 1.39361 2.57808 4.79183 8.95763 16.8506 31.9086 60.9479 117.611 229.143 452.095 905.62 1843.53 3814.49 8066.37 17503.3 38725 88078 207066 500718 1.2308e+06 3.11449e+06 -4.88325e+07 1.50419e+07 2.74935e+07 4.91746e+07 8.37058e+07 1.33215e+08 2.04641e+08 3.05447e+08 
0.00899335 0.00204347 0.0036947 0.00668812 0.0121237 0.0220083 0.0400225 0.0729377 0.133242 0.244025 0.448386 0.827074 1.53154 2.84993 5.33456 10.0506 19.068 36.501 70.6119 138.006 273.298 549.833 1125.14 2343.53 4995.1 10940.3 24509.6 56620.1 135659 336154 853883 2.24955e+06 6.17874e+06 -6.25466e+07 3.22326e+07 6.15802e+07 1.11108e+08 1.84116e+08 2.90623e+08 4.39841e+08 
0.00313999 0.000713588 0.00129047 0.00233653 0.00423658 0.00769312 0.0139952 0.0255157 0.046634 0.0854572 0.157128 0.290049 0.53759 1.00143 1.87677 3.54099 6.72967 12.9081 25.0284 49.0571 97.4805 196.893 404.837 848.329 1821.21 4022.75 9115.1 21357.4 52064.9 131944 345639 946544 2.73098e+06 7.79444e+06 -8.84301e+07 4.63233e+07 9.04545e+07 1.5915e+08 2.62148e+08 4.06275e+08 
0.000934456 0.000212395 0.000384169 0.000695725 0.00126178 0.00229188 0.00417073 0.00760677 0.0139086 0.0255008 0.0469155 0.0866615 0.160754 0.299741 0.562356 1.06237 2.0222 3.88572 7.54975 14.836 29.5699 59.9367 123.762 260.736 563.334 1253.69 2869.45 6808.35 16854.9 43579.6 117395 333237 1.0056e+06 3.06568e+06 9.53664e+06 -1.26918e+08 6.47385e+07 1.25063e+08 2.19548e+08 3.53894e+08 
0.0002304 5.23744e-05 9.47456e-05 0.000171611 0.000311293 0.000565555 0.00102945 0.00187811 0.00343518 0.00630083 0.0115974 0.0214338 0.0397846 0.0742375 0.139399 0.263609 0.502384 0.966707 1.88128 3.70435 7.40081 15.0426 31.165 65.9332 143.166 320.493 739.343 1771.54 4438.71 11657.9 32103.3 93791.3 293601 948743 3.19407e+06 1.1104e+07 -1.8066e+08 8.32312e+07 1.62518e+08 2.82227e+08 
4.57924e-05 1.04103e-05 1.8834e-05 3.41171e-05 6.18936e-05 0.000112464 0.000204745 0.000373601 0.000683485 0.00125398 0.00230877 0.00426837 0.00792596 0.0147967 0.0277992 0.0526022 0.100325 0.193219 0.376395 0.742069 1.48474 3.023 6.27586 13.3118 28.994 65.1415 151.006 364.033 918.97 2437.49 6807.22 20262.8 64979.9 218635 781529 2.98312e+06 1.15747e+07 -2.47038e+08 9.78655e+07 1.99313e+08 
7.15295e-06 1.62622e-06 2.94229e-06 5.33026e-06 9.67073e-06 1.7574e-05 3.1998e-05 5.83949e-05 0.000106847 0.000196067 0.000361066 0.000667686 0.00124019 0.00231605 0.00435293 0.00824041 0.015725 0.0303041 0.0590749 0.116569 0.233475 0.475929 0.989452 2.10245 4.58887 10.3351 24.0357 58.1761 147.583 393.964 1110.27 3345.26 10898 37677.7 140544 571739 2.46748e+06 1.06846e+07 -3.27192e+08 1.19788e+08 
8.47646e-07 1.92719e-07 3.48701e-07 6.31741e-07 1.14624e-06 2.08315e-06 3.79323e-06 6.92315e-06 1.26689e-05 2.32509e-05 4.28242e-05 7.92045e-05 0.000147149 0.000274866 0.000516741 0.000978539 0.00186804 0.00360152 0.00702425 0.0138689 0.0277971 0.0567081 0.118005 0.251028 0.548615 1.23744 2.88326 6.99441 17.7911 47.6511 134.904 408.911 1342.46 4706.11 17976.2 76059.6 353640 1.79587e+06 9.88613e+06 -4.16368e+08 
dt_FE: 8.11637e-11
dt_EA: 8.11637e-11
dt_PE: 8.11637e-11
tolC: 1e-06
dt_grow: 1.03
dt_max: 0.1
steps: 0
