t: 2.10161e-06
dt: 7.71878e-09
N: 0.827644 0.858533 0.883463 0.902482 0.916027 0.924855 0.929957 0.932331 0.932839 0.932133 0.930633 0.928545 0.925927 0.92274 0.918877 0.91418 0.908435 0.901352 0.892548 0.881501 0.867499 0.849568 0.826372 0.796101 0.75637 0.704237 0.636558 0.551068 0.448566 0.335656 0.225488 0.133307 0.0684602 0.0303114 0.0114874 0.00368323 0.000980981 0.000211631 3.58333e-05 4.58618e-06 
eC: 1 1.15749 1.33977 1.55077 1.795 2.07768 2.40489 2.78363 3.22201 3.72944 4.31677 4.99661 5.78351 6.69433 7.7486 8.9689 10.3814 12.0163 13.9087 16.0991 18.6345 21.5692 24.9661 28.8979 33.4489 38.7167 44.814 51.8717 60.0407 69.4963 80.4411 93.1095 107.773 124.746 144.391 167.131 193.452 223.918 259.182 300 
dV: 1.08333 0.211322 0.327712 0.508206 0.788112 1.22218 1.89532 2.93921 4.55805 7.06849 10.9616 16.999 26.3615 40.8807 63.3966 98.3136 152.462 236.434 366.655 568.597 881.764 1367.42 2120.55 3288.49 5099.69 7908.45 12264.2 19019 29494.1 45738.6 70930.1 109996 170579 264529 410225 636165 986546 1.52991e+06 2.37254e+06 3.67926e+06 
kVec: 1.03006e+06 1.19335e+06 1.37484e+06 1.58366e+06 1.82362e+06 2.09835e+06 2.41256e+06 2.77148e+06 3.18043e+06 3.64365e+06 4.16851e+06 4.76169e+06 5.42502e+06 6.1657e+06 6.98982e+06 7.89952e+06 8.88599e+06 9.95684e+06 1.11113e+07 1.23078e+07 1.35474e+07 1.48179e+07 1.60886e+07 1.72804e+07 1.84367e+07 1.96002e+07 2.06407e+07 2.18072e+07 2.33968e+07 2.58631e+07 2.96963e+07 3.61557e+07 4.7116e+07 6.38686e+07 8.94965e+07 1.28173e+08 1.82277e+08 2.489e+08 3.29191e+08 4.18367e+08 
cMat: 
-61169.5 165.485 194.454 226.505 264.047 308.249 360.325 421.728 494.419 581.087 684.301 807.548 956.674 1137.17 1356.14 1624.45 1958.01 2371.72 2887.81 3549.81 4397.01 5487 6916.72 8830.63 11383.7 14822.1 19628.8 26295.5 35611.1 48899.7 68096 95754.4 135933 195458 282209 407948 586422 838105 1.19912e+06 1.72179e+06 
690.811 -71862 183.953 214.275 249.792 291.611 340.879 398.974 467.749 549.751 647.412 764.031 905.145 1075.95 1283.17 1537.11 1852.83 2244.42 2732.98 3359.72 4161.9 5194.08 6548.15 8361.08 10779.9 14037.9 18593.4 24912.8 33745 46346.3 64553.4 90791 128913 185397 267727 387072 556479 795369 1.13804e+06 1.63415e+06 
427.26 96.8237 -83267.3 203.265 236.96 276.633 323.375 378.492 443.744 521.549 614.214 724.871 858.78 1020.87 1217.54 1458.56 1758.23 2129.98 2593.81 3188.9 3950.68 4931.01 6217.28 7939.77 10238.3 13335 17665.9 23675.3 32076 44064.7 61390.4 86363.4 122655 176436 254838 368506 529862 757394 1.08377e+06 1.5563e+06 
265.711 60.2147 108.522 -96664 228.18 266.387 311.402 364.485 427.33 502.269 591.523 698.114 827.109 983.26 1172.74 1404.96 1693.74 2051.99 2499.04 3072.7 3807.14 4752.44 5992.98 7654.58 9872.37 12861 17041.8 22844.4 30958.4 42540.9 59283.9 83423 118511 170518 246347 356300 512395 732501 1.04823e+06 1.50535e+06 
169.894 38.5011 69.3897 125.153 -112420 261.425 308.354 360.924 423.164 497.385 585.789 691.369 819.15 973.844 1161.57 1391.67 1677.83 2032.88 2475.99 3044.69 3772.91 4710.37 5940.88 7589.46 9790.39 12757 16908.5 22671.9 30733.6 42245 58890.1 82894.5 117796 169537 244993 354425 509792 728865 1.04312e+06 1.49809e+06 
112.831 25.5698 46.0844 83.1201 148.723 -130937 316.883 370.915 434.89 511.183 602.061 710.603 841.98 1001.04 1194.08 1430.73 1725.06 2090.32 2546.23 3131.48 3881.04 4846.18 6113.35 7811.54 10079.4 13137.1 17417.7 23362.5 31680.9 43563.4 60750.8 85545.8 121608 175083 253087 366238 526900 753429 1.07838e+06 1.54886e+06 
77.9793 17.6719 31.8505 57.448 103.714 187.352 -152752 396.546 464.955 546.542 643.733 759.822 900.349 1070.51 1277.03 1530.25 1845.25 2236.2 2724.28 3350.96 4153.77 5187.76 6545.71 8366.17 10798.1 14078.4 18672.3 25055.1 33990 46758.8 65235.6 91901.1 130699 188245 272212 394043 567047 810968 1.16087e+06 1.66748e+06 
55.7846 12.6422 22.7857 41.0988 74.1994 134.039 242.376 -178523 509.236 604.938 712.546 841.089 996.709 1185.16 1413.93 1694.44 2043.47 2476.75 3017.76 3712.59 4602.96 5750.02 7256.99 9278 11978.9 15623.5 20730 27828.4 37769.8 51984 72561.8 102272 145519 209684 303341 439266 632309 904469 1.29489e+06 1.86016e+06 
40.9415 9.27854 16.7234 30.1648 54.4604 98.3835 177.907 318.791 -209043 686.75 808.954 954.946 1131.71 1345.81 1605.73 1924.51 2321.24 2813.82 3429.03 4219.4 5232.5 6538.12 8254.04 10556.3 13634.5 17790.1 23616 31718.6 43072.9 59316.5 82844.7 116833 166330 239795 347067 502802 724011 1.03586e+06 1.48323e+06 2.13096e+06 
30.5634 6.92668 12.4847 22.5198 40.659 73.4533 132.831 240.542 436.205 -245193 932.805 1101.23 1305.19 1552.25 1852.26 2220.28 2678.39 3247.34 3958.12 4871.62 6042.98 7553.14 9538.82 12204.5 15770.4 20587.2 27344.7 36749.2 49936.6 68815.9 96179.3 135732 193368 278950 403972 585546 843502 1.20713e+06 1.72879e+06 2.48408e+06 
23.0308 5.21964 9.40817 16.9707 30.6412 55.3575 100.111 181.298 328.789 596.887 -288287 1281.98 1519.57 1807.42 2157.03 2585.98 3120.11 3783.65 4612.87 5679.02 7046.71 8810.78 11131.5 14248.9 18421.7 24061.9 31980.7 43009.7 58487 80661.9 112826 159350 227192 327979 475288 689326 993462 1.42215e+06 2.03716e+06 2.92763e+06 
17.4458 3.95396 7.12702 12.8563 23.2132 41.9396 75.8488 137.367 249.134 452.313 822.893 -339911 1765.96 2116.61 2526.39 3029.3 3655.73 4434.18 5407.35 6659.18 8265.82 10339.2 13068.4 16737 21651 28298.1 37638.6 50658.8 68946.4 95171.2 133241 188353 268779 388329 563165 817326 1.17856e+06 1.68768e+06 2.41809e+06 3.47566e+06 
13.2786 3.00958 5.42494 9.78631 17.6708 31.9275 57.7449 104.587 189.695 344.43 626.684 1134.61 -401719 2484.74 2966.3 3557.51 4294.21 5210.05 6355.46 7829.7 9722.88 12167.5 15387.8 19720 25527.9 33391.3 44452.7 59887.7 81590.2 112746 158021 223627 319458 462007 670629 974086 1.4055e+06 2.01347e+06 2.88572e+06 4.14869e+06 
10.14 2.29829 4.14295 7.47397 13.4961 24.386 44.1081 79.8935 144.92 263.158 478.866 873.643 1596.27 -476311 3492.11 4189.1 5058 6138.69 7490.92 9232.52 11470.5 14362.4 18175.2 23309.4 30199.2 39537.1 52689.2 71063.5 96931.1 134114 188211 266693 381457 552309 802560 1.16683e+06 1.68487e+06 2.41481e+06 3.4621e+06 4.97853e+06 
7.7642 1.75986 3.17249 5.72351 10.3357 18.6768 33.784 61.1984 111.019 201.621 366.934 669.532 1223.55 2242.16 -567010 4893.64 5977.18 7256.85 8858.96 10923.9 13579.5 17013.7 21545.7 27655.4 35863.1 47000.5 62709.2 84685.8 115668 160269 225247 319638 457843 663782 965715 1.40557e+06 2.03133e+06 2.91293e+06 4.17785e+06 6.00943e+06 
5.96628 1.35239 2.43806 4.39875 7.94393 14.3558 25.97 47.0482 85.3589 155.04 282.202 515.011 941.357 1725.45 3139.31 -677920 7083.25 8603.3 10507.6 12964.1 16126.1 20219 25626.1 32925 42743 56084 74931.8 101343 138639 192420 270900 385081 552512 802271 1.16886e+06 1.70342e+06 2.46425e+06 3.53594e+06 5.07367e+06 7.3003e+06 
4.608 1.04455 1.88321 3.3979 6.13688 11.0912 20.0662 36.3567 65.9702 119.842 218.175 398.243 728.101 1334.94 2456.96 4538.72 -813640 10216.6 12484.9 15414.2 19188.6 24079.7 30550 39297.5 51082.5 67123.4 89831.2 121714 166828 232020 327339 466285 670402 975295 1.42342e+06 2.07762e+06 3.00927e+06 4.32128e+06 6.20391e+06 8.92996e+06 
3.57112 0.809553 1.45962 2.63381 4.75726 8.59863 15.5585 28.193 51.1646 92.9628 169.274 309.053 565.191 1036.58 1908.52 3527.04 6536.58 -982214 14894.8 18403.7 22930.2 28803.6 36585 47123.6 61347.2 80744.6 108267 146998 201930 281504 398118 568478 819276 1.19448e+06 1.74682e+06 2.55423e+06 3.7048e+06 5.32473e+06 7.64929e+06 1.10152e+07 
2.77648 0.62945 1.13498 2.04818 3.69981 6.68804 12.103 21.9346 39.8133 72.3528 131.776 240.651 440.235 807.693 1487.7 2750.63 5100.53 9510.87 -1.19392e+06 21955.4 27542.4 34635.9 44049.7 56824.8 74101.8 97714.9 131307 178701 246101 344008 487867 698561 1.00949e+06 1.47549e+06 2.16273e+06 3.16888e+06 4.60371e+06 6.62331e+06 9.52153e+06 1.3718e+07 
2.17356 0.492797 0.888652 1.60381 2.89743 5.2383 9.4809 17.1855 31.1996 56.7126 103.319 188.74 345.4 633.974 1168.29 2161.29 4010.43 7483.92 13982.4 -1.45846e+06 33110.5 41694.6 53110.5 68640.6 89695.9 118551 159734 218025 301199 422443 601188 863811 1.25257e+06 1.83653e+06 2.69967e+06 3.96578e+06 5.77306e+06 8.31601e+06 1.19654e+07 1.72494e+07 
1.70852 0.387394 0.698649 1.26104 2.27847 4.11989 7.45796 13.5213 24.5529 44.643 81.3557 148.671 272.188 499.84 921.62 1706.06 3168.17 5917.36 11131.1 21011.7 -1.79503e+06 50384.2 64295.7 83274.9 109081 144557 195386 267601 371048 522473 746601 1.07716e+06 1.56828e+06 2.30798e+06 3.40426e+06 5.01602e+06 7.31931e+06 1.05589e+07 1.52083e+07 2.19396e+07 
1.34641 0.305316 0.550685 0.994093 1.79639 3.24876 5.88216 10.6667 19.3743 35.2379 64.2386 117.437 215.107 395.236 729.203 1350.84 2510.71 4694.04 8839.8 16709.2 31818.1 -2.22908e+06 77354.7 101587 133432 177366 240590 330809 460635 651594 935551 1.35621e+06 1.9839e+06 2.93229e+06 4.34226e+06 6.4207e+06 9.39494e+06 1.35764e+07 1.95777e+07 2.82653e+07 
1.06456 0.241428 0.435508 0.786289 1.42111 2.57055 4.65524 8.44397 15.3416 27.913 50.9056 93.1046 170.631 313.715 579.214 1073.89 1997.96 3739.66 7051.61 13350.1 25467.8 48519.4 -2.79343e+06 124212 163671 218341 297425 410864 574996 817823 1.18096e+06 1.72182e+06 2.5331e+06 3.76367e+06 5.60009e+06 8.31585e+06 1.22086e+07 1.76787e+07 2.55296e+07 3.68925e+07 
0.84432 0.191503 0.3455 0.623885 1.12779 2.04045 3.69621 6.70639 12.1888 22.1857 40.4796 74.0747 135.842 249.938 461.85 857.126 1596.55 2992.35 5651.02 10718.4 20491.2 39583.1 77162.6 -3.52347e+06 200183 268198 367221 510177 718419 1.02877e+06 1.49624e+06 2.19731e+06 3.25598e+06 4.86988e+06 7.28991e+06 1.08833e+07 1.60453e+07 2.32946e+07 3.36992e+07 4.87533e+07 
0.666835 0.151267 0.272952 0.492972 0.891327 1.61303 2.92278 5.30481 9.64503 17.5637 32.0628 58.7068 107.736 198.387 366.933 681.713 1271.48 2386.64 4514.78 8581.04 16444.5 31852.9 62292.3 122644 -4.49174e+06 329513 453835 634659 900151 1.29926e+06 1.90563e+06 2.82252e+06 4.21834e+06 6.35931e+06 9.58816e+06 1.44061e+07 2.13453e+07 3.10847e+07 4.50627e+07 6.52781e+07 
0.521291 0.118269 0.213446 0.385577 0.697306 1.26225 2.2879 4.154 7.55578 13.766 25.1443 46.0686 84.6087 155.941 288.721 537.047 1003.11 1886 3574.41 6809.38 13084.2 25421.3 49892.3 98653.2 197838 -5.79701e+06 557631 788686 1.12786e+06 1.6429e+06 2.4334e+06 3.64044e+06 5.49565e+06 8.36247e+06 1.27156e+07 1.92489e+07 2.86891e+07 4.19307e+07 6.09345e+07 8.84015e+07 
0.402379 0.0913056 0.164817 0.2978 0.538702 0.975452 1.7687 3.21263 5.84627 10.6575 19.4791 35.7152 65.6524 121.129 224.532 418.226 782.477 1474 2799.65 5347.77 10307.9 20099.1 39613.8 78732.4 158820 325026 -7.50171e+06 956698 1.38234e+06 2.03721e+06 3.05609e+06 4.63239e+06 7.08701e+06 1.09197e+07 1.67937e+07 2.56795e+07 3.85758e+07 5.66552e+07 8.2599e+07 1.20058e+08 
0.300914 0.0682939 0.123305 0.222848 0.40323 0.73039 1.32486 2.40751 4.38335 7.99554 14.624 26.8345 49.3753 91.1995 169.269 315.759 591.837 1117.2 2126.97 4074.75 7881.06 15427.5 30548.3 61061.3 123985 256622 534065 -9.78998e+06 1.65096e+06 2.46665e+06 3.75711e+06 5.78625e+06 8.99824e+06 1.4082e+07 2.1966e+07 3.40133e+07 5.15987e+07 7.6244e+07 1.11605e+08 1.62584e+08 
0.213904 0.0485559 0.0876877 0.158518 0.286913 0.519883 0.943408 1.71513 3.12442 5.70287 10.4384 19.1701 35.3089 65.2954 121.354 226.737 425.799 805.552 1537.52 2954.76 5735.9 11275.8 22440.2 45133.3 92303 192628 405048 866581 -1.29018e+07 2.84682e+06 4.46157e+06 7.00168e+06 1.11039e+07 1.77098e+07 2.81075e+07 4.41984e+07 6.78608e+07 1.01028e+08 1.4861e+08 2.17071e+08 
0.141729 0.0321786 0.0581258 0.105106 0.190298 0.344945 0.626226 1.13905 2.07616 3.79212 6.94642 12.7684 23.5433 43.5926 81.1352 151.847 285.747 541.871 1037.04 1999.66 3897.22 7696.41 15400.7 31185.8 64286.1 135393 288037 624742 1.37366e+06 -1.7182e+07 4.96271e+06 7.97103e+06 1.29562e+07 2.1175e+07 3.43704e+07 5.51421e+07 8.6001e+07 1.29301e+08 1.9142e+08 2.80539e+08 
0.0854982 0.0194157 0.03508 0.0634513 0.114916 0.208383 0.378473 0.688751 1.25612 2.29592 4.20903 7.74375 14.2942 26.5012 49.397 92.6078 174.637 331.975 637.104 1232.76 2412.47 4786.96 9633.79 19648.1 40845.1 86871.7 187180 412219 932585 2.14981e+06 -2.30001e+07 8.2246e+06 1.37959e+07 2.33006e+07 3.90032e+07 6.43475e+07 1.02592e+08 1.56426e+08 2.33691e+08 3.44053e+08 
0.0458326 0.0104102 0.0188135 0.0340384 0.061666 0.111864 0.20326 0.370078 0.675324 1.2352 2.26625 4.17317 7.71173 14.3157 26.7227 50.1848 94.8354 180.712 347.772 675.256 1326.88 2645.45 5354.65 11000 23063.2 49544.9 108163 242021 557936 1.31637e+06 3.13542e+06 -3.13359e+07 1.33086e+07 2.34015e+07 4.07192e+07 6.96331e+07 1.14263e+08 1.77509e+08 2.68425e+08 3.97567e+08 
0.0215467 0.00489495 0.00884838 0.0160133 0.0290195 0.0526615 0.0957284 0.174379 0.318388 0.582746 1.07001 1.97209 3.64821 6.78087 12.6759 23.8451 45.1536 86.2468 166.43 324.258 639.756 1281.54 2608.77 5397.85 11414.6 24768.7 54799.5 124638 293018 708561 1.74169e+06 4.40729e+06 -4.38904e+07 2.12857e+07 3.89059e+07 6.95865e+07 1.18451e+08 1.88512e+08 2.89586e+08 4.32236e+08 
0.00884562 0.0020099 0.00363401 0.00657826 0.0119245 0.0216468 0.0393651 0.0717396 0.131053 0.240016 0.44102 0.813488 1.50638 2.80312 5.24693 9.88551 18.7548 35.9014 69.452 135.739 268.809 540.802 1106.66 2305.03 4913.05 10760.6 24107 55690.1 133430 330632 839857 2.21259e+06 6.07725e+06 -6.19327e+07 3.17031e+07 6.05687e+07 1.09283e+08 1.81092e+08 2.85849e+08 4.32616e+08 
0.00312115 0.000709307 0.00128272 0.00232251 0.00421116 0.00764697 0.0139113 0.0253626 0.0463542 0.0849445 0.156185 0.288309 0.534364 0.995421 1.86551 3.51974 6.6893 12.8307 24.8782 48.7628 96.8956 195.712 402.409 843.239 1810.28 3998.62 9060.42 21229.2 51752.6 131152 343565 940865 2.71459e+06 7.74768e+06 -8.84684e+07 4.60453e+07 8.99118e+07 1.58195e+08 2.60575e+08 4.03838e+08 
0.00093284 0.000212028 0.000383505 0.000694522 0.00125959 0.00228792 0.00416351 0.00759361 0.0138845 0.0254568 0.0468344 0.0865117 0.160476 0.299223 0.561383 1.06054 2.0187 3.879 7.5367 14.8103 29.5188 59.8331 123.548 260.285 562.36 1251.52 2864.49 6796.57 16825.8 43504.2 117192 332661 1.00386e+06 3.06038e+06 9.52015e+06 -1.27701e+08 6.46265e+07 1.24847e+08 2.19168e+08 3.53282e+08 
0.000230301 5.23519e-05 9.4705e-05 0.000171537 0.000311159 0.000565312 0.00102901 0.0018773 0.0034337 0.00629813 0.0115925 0.0214246 0.0397675 0.0742057 0.139339 0.263496 0.502168 0.966293 1.88048 3.70276 7.39764 15.0362 31.1516 65.905 143.105 320.355 739.026 1770.78 4436.81 11652.9 32089.5 93751.1 293475 948336 3.1927e+06 1.10993e+07 -1.82098e+08 8.31955e+07 1.62449e+08 2.82106e+08 
4.57882e-05 1.04093e-05 1.88322e-05 3.41139e-05 6.1888e-05 0.000112453 0.000204726 0.000373567 0.000683423 0.00125386 0.00230856 0.00426798 0.00792523 0.0147953 0.0277966 0.0525974 0.100316 0.193202 0.376361 0.742001 1.48461 3.02272 6.27529 13.3105 28.9913 65.1355 150.992 364 918.886 2437.27 6806.6 20261 64974 218615 781458 2.98285e+06 1.15736e+07 -2.48847e+08 9.78565e+07 1.99294e+08 
7.15284e-06 1.62619e-06 2.94225e-06 5.33018e-06 9.67058e-06 1.75737e-05 3.19975e-05 5.83939e-05 0.000106845 0.000196064 0.00036106 0.000667675 0.00124017 0.00231601 0.00435286 0.00824028 0.0157248 0.0303036 0.059074 0.116568 0.233471 0.475922 0.989437 2.10242 4.5888 10.335 24.0353 58.1752 147.581 393.958 1110.25 3345.21 10897.8 37677.1 140542 571730 2.46744e+06 1.06844e+07 -3.29179e+08 1.19787e+08 
8.47644e-07 1.92719e-07 3.487e-07 6.3174e-07 1.14624e-06 2.08314e-06 3.79322e-06 6.92314e-06 1.26689e-05 2.32509e-05 4.28241e-05 7.92043e-05 0.000147148 0.000274865 0.00051674 0.000978537 0.00186804 0.00360151 0.00702424 0.0138689 0.027797 0.056708 0.118005 0.251028 0.548614 1.23744 2.88325 6.9944 17.791 47.651 134.904 408.91 1342.45 4706.1 17976.1 76059.5 353639 1.79586e+06 9.88611e+06 -4.18365e+08 
dt_FE: 7.71878e-09
dt_EA: 7.71878e-09
dt_PE: 7.71878e-09
tolC: 1e-06
dt_grow: 1.03
dt_max: 0.1
steps: 0
