t: 2.65129e-06
dt: 1.01717e-08
N: 0.876443 0.897639 0.913166 0.923706 0.930182 0.933602 0.934922 0.934898 0.934041 0.932645 0.930832 0.928619 0.925956 0.922752 0.918884 0.914184 0.908437 0.901354 0.892549 0.881502 0.8675 0.849568 0.826372 0.796101 0.75637 0.704237 0.636557 0.551067 0.448566 0.335655 0.225488 0.133307 0.0684601 0.0303113 0.0114874 0.00368323 0.00098098 0.00021163 3.58332e-05 4.58618e-06 
eC: 1 1.15749 1.33977 1.55077 1.795 2.07768 2.40489 2.78363 3.22201 3.72944 4.31677 4.99661 5.78351 6.69433 7.7486 8.9689 10.3814 12.0163 13.9087 16.0991 18.6345 21.5692 24.9661 28.8979 33.4489 38.7167 44.814 51.8717 60.0407 69.4963 80.4411 93.1095 107.773 124.746 144.391 167.131 193.452 223.918 259.182 300 
dV: 1.08333 0.211322 0.327712 0.508206 0.788112 1.22218 1.89532 2.93921 4.55805 7.06849 10.9616 16.999 26.3615 40.8807 63.3966 98.3136 152.462 236.434 366.655 568.597 881.764 1367.42 2120.55 3288.49 5099.69 7908.45 12264.2 19019 29494.1 45738.6 70930.1 109996 170579 264529 410225 636165 986546 1.52991e+06 2.37254e+06 3.67926e+06 
kVec: 1.03006e+06 1.19335e+06 1.37484e+06 1.58366e+06 1.82362e+06 2.09834e+06 2.41255e+06 2.77147e+06 3.18042e+06 3.64364e+06 4.1685e+06 4.76168e+06 5.42501e+06 6.16569e+06 6.98981e+06 7.89951e+06 8.88597e+06 9.95683e+06 1.11113e+07 1.23078e+07 1.35473e+07 1.48179e+07 1.60886e+07 1.72804e+07 1.84367e+07 1.96002e+07 2.06407e+07 2.18072e+07 2.33968e+07 2.58631e+07 2.96963e+07 3.61557e+07 4.7116e+07 6.38686e+07 8.94965e+07 1.28173e+08 1.82277e+08 2.489e+08 3.29191e+08 4.18367e+08 
cMat: 
-61015.2 118.631 139.398 162.374 189.287 220.974 258.306 302.324 354.433 416.563 490.554 578.906 685.81 815.198 972.171 1164.52 1403.64 1700.21 2070.18 2544.75 3152.08 3933.46 4958.38 6330.41 8160.65 10625.5 14071.3 18850.4 25528.5 35054.6 48815.9 68643.3 97446.3 140118 202307 292446 420388 600811 859612 1.2343e+06 
499.849 -71486 133.103 155.043 180.742 211 246.65 288.685 338.448 397.783 468.447 552.829 654.935 778.521 928.463 1112.21 1340.65 1623.99 1977.5 2430.99 3011.42 3758.27 4738.03 6049.82 7799.98 10157.4 13453.6 18026.1 24416.8 33534.8 46708.8 65693.5 93277.1 134147 193719 280073 402651 575504 823449 1.18242e+06 
318.36 72.1454 -82939.1 151.457 176.564 206.125 240.954 282.023 330.643 388.617 457.664 540.117 639.895 760.671 907.212 1086.8 1310.1 1587.09 1932.7 2376.12 2943.74 3674.2 4632.63 5916.09 7628.79 9936.2 13163.3 17641 23900.5 32833.5 45743.3 64351.2 91392.8 131466 189886 274581 394811 564350 807543 1.15964e+06 
207.88 47.1092 84.903 -96379.9 178.518 208.409 243.627 285.157 334.324 392.952 462.781 546.172 647.092 769.258 917.495 1099.18 1325.1 1605.38 1955.14 2403.94 2978.53 3718.09 4688.63 5988.6 7723.69 10061.8 13332.7 17872.4 24220.4 33282.1 46381.1 65266.4 92717.6 133405 192730 278753 400874 573076 820090 1.17772e+06 
141.256 32.0112 57.693 104.057 -112176 217.358 256.376 300.084 351.833 413.543 487.045 574.828 681.07 809.688 965.767 1157.08 1395 1690.21 2058.63 2531.46 3136.93 3916.37 4939.46 6310.14 8140.07 10606.6 14058.3 18850.2 25553 35124 48963.3 68921.4 97939.8 140959 203696 294682 423859 606004 867283 1.24557e+06 
99.6974 22.5935 40.7202 73.4451 131.412 -130729 279.998 327.741 384.269 451.682 531.982 627.89 743.975 884.521 1055.09 1264.19 1524.27 1847.01 2249.85 2766.98 3429.29 4282.09 5401.77 6902.29 8906.15 11608 15390.3 20643.2 27993.3 38492.7 53679.5 75588.4 107453 154704 223629 323609 465570 665732 952860 1.36857e+06 
72.4518 16.4193 29.5928 53.3758 96.3625 174.072 -152576 368.436 431.996 507.801 598.102 705.962 836.527 994.622 1186.51 1421.77 1714.44 2077.69 2531.16 3113.42 3859.33 4820.02 6081.71 7773.13 10032.7 13080.4 17348.7 23279.1 31580.6 43444.3 60611.4 85386.7 121434 174901 252917 366111 526852 753483 1.07859e+06 1.54928e+06 
53.6683 12.1626 21.9213 39.5396 71.3845 128.954 233.181 -178378 489.917 581.989 685.515 809.181 958.897 1140.2 1360.29 1630.16 1965.95 2382.79 2903.27 3571.75 4428.34 5531.89 6981.68 8926.03 11524.5 15030.8 19943.6 26772.7 36336.9 50011.9 69809 98392.6 139999 201730 291833 422602 608321 870157 1.24577e+06 1.78959e+06 
40.2085 9.11243 16.424 29.6247 53.4854 96.6222 174.722 313.084 -208924 674.455 794.472 937.85 1111.45 1321.71 1576.98 1890.06 2279.68 2763.44 3367.64 4143.86 5138.82 6421.07 8106.27 10367.3 13390.4 17471.6 23193.2 31150.8 42301.8 58254.5 81361.5 114741 163352 235502 340854 493801 711050 1.01732e+06 1.45668e+06 2.09281e+06 
30.3331 6.8745 12.3907 22.3501 40.3527 72.9 131.83 238.73 432.919 -245097 925.777 1092.93 1295.36 1540.56 1838.31 2203.55 2658.21 3222.87 3928.3 4834.92 5997.45 7496.24 9466.96 12112.5 15651.6 20432.1 27138.7 36472.3 49560.5 68297.4 95454.8 134710 191911 276849 400929 581135 837148 1.19804e+06 1.71576e+06 2.46537e+06 
22.9646 5.20465 9.38115 16.922 30.5532 55.1986 99.8235 180.778 327.845 595.173 -288211 1278.3 1515.21 1802.24 2150.83 2578.56 3111.15 3772.78 4599.62 5662.72 7026.48 8785.48 11099.6 14208 18368.8 23992.8 31888.9 42886.2 58319.1 80430.3 112502 158893 226539 327037 473924 687347 990609 1.41807e+06 2.03131e+06 2.91923e+06 
17.4278 3.94987 7.11965 12.843 23.1893 41.8962 75.7704 137.225 248.876 451.846 822.042 -339851 1764.13 2114.42 2523.78 3026.17 3651.95 4429.6 5401.76 6652.3 8257.28 10328.5 13054.9 16719.7 21628.6 28268.8 37599.7 50606.5 68875.2 95072.9 133103 188158 268501 387927 562583 816481 1.17734e+06 1.68593e+06 2.41559e+06 3.47207e+06 
13.2735 3.00842 5.42285 9.78255 17.664 31.9152 57.7228 104.546 189.623 344.298 626.443 1134.17 -401672 2483.78 2965.16 3556.15 4292.56 5208.05 6353.02 7826.69 9719.14 12162.8 15381.9 19712.5 25518.1 33378.5 44435.6 59864.7 81558.9 112703 157960 223541 319335 461830 670371 973712 1.40496e+06 2.0127e+06 2.88461e+06 4.1471e+06 
10.1384 2.29791 4.14227 7.47275 13.4939 24.3821 44.1009 79.8805 144.897 263.116 478.788 873.5 1596.01 -476275 3491.54 4188.42 5057.18 6137.69 7489.7 9231.02 11468.7 14360.1 18172.2 23305.6 30194.3 39530.7 52680.6 71052 96915.3 134092 188181 266649 381395 552219 802430 1.16664e+06 1.68459e+06 2.41442e+06 3.46153e+06 4.97772e+06 
7.76357 1.75971 3.17223 5.72304 10.3349 18.6753 33.7812 61.1934 111.01 201.605 366.904 669.478 1223.45 2241.98 -566982 4893.24 5976.69 7256.26 8858.24 10923 13578.4 17012.3 21544 27653.1 35860.2 46996.7 62704.1 84678.9 115659 160256 225229 319612 457806 663728 965636 1.40545e+06 2.03117e+06 2.91269e+06 4.17751e+06 6.00894e+06 
5.96601 1.35232 2.43795 4.39855 7.94356 14.3551 25.9688 47.046 85.355 155.033 282.189 514.987 941.313 1725.37 3139.17 -677898 7082.92 8602.9 10507.1 12963.5 16125.3 20218 25625 32923.5 42741 56081.4 74928.3 101338 138632 192411 270887 385063 552486 802234 1.16881e+06 1.70334e+06 2.46413e+06 3.53578e+06 5.07344e+06 7.29996e+06 
4.60787 1.04452 1.88315 3.39781 6.13671 11.0909 20.0657 36.3557 65.9684 119.839 218.169 398.232 728.081 1334.9 2456.9 4538.59 -813623 10216.3 12484.6 15413.8 19188 24079 30549.2 39296.4 51081.1 67121.6 89828.8 121710 166823 232013 327330 466272 670383 975268 1.42338e+06 2.07757e+06 3.00918e+06 4.32116e+06 6.20374e+06 8.92971e+06 
3.57106 0.809539 1.4596 2.63377 4.75718 8.59848 15.5582 28.1926 51.1637 92.9612 169.272 309.048 565.182 1036.56 1908.48 3526.98 6536.47 -982200 14894.6 18403.4 22929.8 28803.1 36584.4 47122.8 61346.2 80743.3 108266 146995 201927 281499 398111 568469 819263 1.19446e+06 1.74679e+06 2.55419e+06 3.70474e+06 5.32464e+06 7.64916e+06 1.1015e+07 
2.77646 0.629444 1.13497 2.04816 3.69977 6.68797 12.1028 21.9344 39.8129 72.352 131.774 240.649 440.231 807.685 1487.68 2750.6 5100.48 9510.77 -1.19391e+06 21955.2 27542.1 34635.5 44049.3 56824.2 74101.1 97713.9 131306 178700 246099 344004 487862 698554 1.00948e+06 1.47548e+06 2.16271e+06 3.16884e+06 4.60367e+06 6.62325e+06 9.52143e+06 1.37179e+07 
2.17354 0.492794 0.888647 1.6038 2.89742 5.23827 9.48085 17.1854 31.1994 56.7122 103.318 188.739 345.398 633.97 1168.28 2161.28 4010.4 7483.87 13982.3 -1.45845e+06 33110.3 41694.3 53110.1 68640.2 89695.4 118550 159733 218024 301197 422441 601185 863806 1.25257e+06 1.83652e+06 2.69966e+06 3.96576e+06 5.77303e+06 8.31596e+06 1.19654e+07 1.72493e+07 
1.70852 0.387393 0.698647 1.26104 2.27846 4.11987 7.45794 13.5213 24.5529 44.6429 81.3554 148.671 272.187 499.838 921.617 1706.06 3168.16 5917.35 11131.1 21011.7 -1.79503e+06 50384 64295.5 83274.6 109081 144557 195385 267600 371047 522472 746599 1.07715e+06 1.56827e+06 2.30797e+06 3.40425e+06 5.016e+06 7.31929e+06 1.05589e+07 1.52082e+07 2.19395e+07 
1.34641 0.305315 0.550684 0.994091 1.79639 3.24875 5.88215 10.6667 19.3743 35.2379 64.2385 117.437 215.107 395.235 729.201 1350.84 2510.71 4694.04 8839.79 16709.2 31818 -2.22907e+06 77354.5 101587 133431 177365 240590 330808 460635 651593 935550 1.35621e+06 1.98389e+06 2.93228e+06 4.34225e+06 6.42069e+06 9.39493e+06 1.35764e+07 1.95777e+07 2.82652e+07 
1.06456 0.241428 0.435508 0.786288 1.4211 2.57055 4.65524 8.44397 15.3416 27.9129 50.9055 93.1045 170.631 313.714 579.213 1073.89 1997.96 3739.66 7051.61 13350.1 25467.7 48519.4 -2.79343e+06 124212 163671 218340 297425 410864 574996 817822 1.18095e+06 1.72182e+06 2.5331e+06 3.76367e+06 5.60008e+06 8.31584e+06 1.22086e+07 1.76787e+07 2.55296e+07 3.68925e+07 
0.84432 0.191503 0.3455 0.623885 1.12779 2.04045 3.69621 6.70639 12.1888 22.1857 40.4796 74.0747 135.842 249.938 461.85 857.126 1596.55 2992.35 5651.02 10718.4 20491.2 39583.1 77162.6 -3.52346e+06 200183 268198 367221 510177 718419 1.02877e+06 1.49624e+06 2.19731e+06 3.25598e+06 4.86988e+06 7.28991e+06 1.08833e+07 1.60453e+07 2.32946e+07 3.36992e+07 4.87533e+07 
0.666835 0.151267 0.272952 0.492973 0.891327 1.61303 2.92278 5.30481 9.64503 17.5637 32.0628 58.7068 107.736 198.388 366.933 681.713 1271.48 2386.64 4514.78 8581.04 16444.5 31852.9 62292.3 122644 -4.49174e+06 329513 453835 634660 900151 1.29926e+06 1.90563e+06 2.82252e+06 4.21834e+06 6.35932e+06 9.58817e+06 1.44061e+07 2.13453e+07 3.10847e+07 4.50627e+07 6.52781e+07 
0.521292 0.118269 0.213446 0.385577 0.697307 1.26225 2.28791 4.154 7.55579 13.766 25.1443 46.0686 84.6087 155.941 288.722 537.048 1003.11 1886 3574.42 6809.38 13084.2 25421.3 49892.3 98653.2 197838 -5.797e+06 557631 788686 1.12786e+06 1.64291e+06 2.4334e+06 3.64044e+06 5.49566e+06 8.36247e+06 1.27156e+07 1.92489e+07 2.86891e+07 4.19308e+07 6.09345e+07 8.84016e+07 
0.402379 0.0913057 0.164817 0.2978 0.538703 0.975453 1.7687 3.21263 5.84627 10.6575 19.4791 35.7152 65.6525 121.129 224.532 418.226 782.478 1474 2799.66 5347.77 10307.9 20099.1 39613.9 78732.5 158820 325026 -7.50171e+06 956699 1.38234e+06 2.03721e+06 3.05609e+06 4.63239e+06 7.08701e+06 1.09197e+07 1.67937e+07 2.56795e+07 3.85758e+07 5.66553e+07 8.2599e+07 1.20058e+08 
0.300914 0.0682939 0.123305 0.222848 0.40323 0.73039 1.32486 2.40751 4.38335 7.99554 14.624 26.8345 49.3753 91.1995 169.269 315.759 591.838 1117.2 2126.97 4074.75 7881.07 15427.5 30548.3 61061.4 123985 256622 534065 -9.78998e+06 1.65096e+06 2.46665e+06 3.75711e+06 5.78625e+06 8.99825e+06 1.4082e+07 2.1966e+07 3.40133e+07 5.15987e+07 7.6244e+07 1.11605e+08 1.62584e+08 
0.213905 0.0485559 0.0876878 0.158519 0.286914 0.519884 0.943409 1.71513 3.12442 5.70287 10.4384 19.1701 35.3089 65.2954 121.354 226.737 425.8 805.552 1537.52 2954.76 5735.91 11275.8 22440.2 45133.3 92303.1 192628 405049 866581 -1.29018e+07 2.84682e+06 4.46157e+06 7.00169e+06 1.11039e+07 1.77098e+07 2.81075e+07 4.41984e+07 6.78608e+07 1.01028e+08 1.4861e+08 2.17071e+08 
0.141729 0.0321787 0.0581258 0.105106 0.190298 0.344945 0.626227 1.13905 2.07616 3.79212 6.94642 12.7684 23.5433 43.5926 81.1352 151.848 285.747 541.871 1037.04 1999.66 3897.22 7696.41 15400.7 31185.8 64286.1 135393 288037 624742 1.37366e+06 -1.7182e+07 4.96272e+06 7.97104e+06 1.29562e+07 2.11751e+07 3.43704e+07 5.51421e+07 8.6001e+07 1.29301e+08 1.9142e+08 2.80539e+08 
0.0854982 0.0194157 0.0350801 0.0634513 0.114916 0.208383 0.378473 0.688751 1.25612 2.29592 4.20904 7.74375 14.2942 26.5012 49.397 92.6079 174.637 331.975 637.104 1232.76 2412.47 4786.97 9633.8 19648.1 40845.1 86871.7 187180 412220 932586 2.14981e+06 -2.30002e+07 8.2246e+06 1.37959e+07 2.33006e+07 3.90032e+07 6.43475e+07 1.02592e+08 1.56426e+08 2.33691e+08 3.44053e+08 
0.0458326 0.0104102 0.0188135 0.0340385 0.061666 0.111864 0.20326 0.370078 0.675324 1.2352 2.26625 4.17317 7.71173 14.3157 26.7227 50.1848 94.8354 180.712 347.772 675.257 1326.88 2645.46 5354.65 11000 23063.2 49544.9 108163 242021 557936 1.31637e+06 3.13542e+06 -3.13359e+07 1.33086e+07 2.34015e+07 4.07192e+07 6.96331e+07 1.14263e+08 1.77509e+08 2.68425e+08 3.97567e+08 
0.0215467 0.00489495 0.00884838 0.0160133 0.0290195 0.0526615 0.0957284 0.174379 0.318388 0.582746 1.07001 1.97209 3.64821 6.78087 12.6759 23.8451 45.1536 86.2468 166.43 324.258 639.756 1281.54 2608.77 5397.85 11414.6 24768.7 54799.5 124638 293018 708562 1.74169e+06 4.40729e+06 -4.38904e+07 2.12857e+07 3.89059e+07 6.95865e+07 1.18451e+08 1.88512e+08 2.89586e+08 4.32236e+08 
0.00884562 0.0020099 0.00363401 0.00657826 0.0119245 0.0216468 0.0393651 0.0717396 0.131053 0.240016 0.44102 0.813489 1.50638 2.80312 5.24693 9.88551 18.7548 35.9014 69.452 135.739 268.809 540.802 1106.66 2305.03 4913.05 10760.6 24107 55690.1 133430 330632 839857 2.21259e+06 6.07725e+06 -6.19327e+07 3.17031e+07 6.05687e+07 1.09283e+08 1.81092e+08 2.85849e+08 4.32616e+08 
0.00312115 0.000709307 0.00128272 0.00232251 0.00421116 0.00764697 0.0139113 0.0253626 0.0463542 0.0849445 0.156185 0.288309 0.534364 0.995421 1.86551 3.51974 6.6893 12.8307 24.8782 48.7628 96.8956 195.712 402.409 843.239 1810.28 3998.62 9060.42 21229.2 51752.6 131152 343565 940865 2.71459e+06 7.74768e+06 -8.84684e+07 4.60453e+07 8.99118e+07 1.58195e+08 2.60575e+08 4.03838e+08 
0.00093284 0.000212028 0.000383505 0.000694522 0.00125959 0.00228792 0.00416351 0.00759361 0.0138845 0.0254568 0.0468344 0.0865117 0.160476 0.299223 0.561383 1.06054 2.0187 3.879 7.5367 14.8103 29.5188 59.8331 123.548 260.285 562.36 1251.52 2864.49 6796.57 16825.8 43504.2 117192 332661 1.00386e+06 3.06038e+06 9.52015e+06 -1.27701e+08 6.46265e+07 1.24847e+08 2.19168e+08 3.53282e+08 
0.000230301 5.23519e-05 9.4705e-05 0.000171537 0.000311159 0.000565312 0.00102901 0.0018773 0.0034337 0.00629813 0.0115925 0.0214246 0.0397675 0.0742057 0.139339 0.263496 0.502168 0.966293 1.88048 3.70276 7.39764 15.0362 31.1516 65.905 143.105 320.355 739.026 1770.78 4436.81 11652.9 32089.5 93751.1 293475 948336 3.1927e+06 1.10993e+07 -1.82098e+08 8.31955e+07 1.62449e+08 2.82106e+08 
4.57882e-05 1.04093e-05 1.88322e-05 3.41139e-05 6.1888e-05 0.000112453 0.000204726 0.000373567 0.000683423 0.00125386 0.00230856 0.00426798 0.00792523 0.0147953 0.0277966 0.0525974 0.100316 0.193202 0.376361 0.742001 1.48461 3.02272 6.27529 13.3105 28.9913 65.1355 150.992 364 918.886 2437.27 6806.6 20261 64974 218615 781458 2.98285e+06 1.15736e+07 -2.48847e+08 9.78565e+07 1.99294e+08 
7.15284e-06 1.62619e-06 2.94225e-06 5.33018e-06 9.67058e-06 1.75737e-05 3.19975e-05 5.83939e-05 0.000106845 0.000196064 0.00036106 0.000667675 0.00124017 0.00231601 0.00435286 0.00824028 0.0157248 0.0303036 0.059074 0.116568 0.233471 0.475922 0.989437 2.10242 4.5888 10.335 24.0353 58.1752 147.581 393.958 1110.25 3345.21 10897.8 37677.1 140542 571730 2.46744e+06 1.06844e+07 -3.29179e+08 1.19787e+08 
8.47644e-07 1.92719e-07 3.487e-07 6.3174e-07 1.14624e-06 2.08314e-06 3.79322e-06 6.92314e-06 1.26689e-05 2.32509e-05 4.28241e-05 7.92043e-05 0.000147148 0.000274865 0.00051674 0.000978537 0.00186804 0.00360151 0.00702424 0.0138689 0.027797 0.056708 0.118005 0.251028 0.548614 1.23744 2.88325 6.9944 17.791 47.651 134.904 408.91 1342.45 4706.1 17976.1 76059.5 353639 1.79586e+06 9.88611e+06 -4.18365e+08 
dt_FE: 1.01717e-08
dt_EA: 1.01717e-08
dt_PE: 1.01717e-08
tolC: 1e-06
dt_grow: 1.03
dt_max: 0.1
steps: 0
