t: 4.71498e-06
dt: 2.96999e-08
N: 0.933093 0.936663 0.938271 0.938673 0.938387 0.937714 0.936795 0.935671 0.934334 0.93275 0.930871 0.928636 0.925964 0.922758 0.918887 0.914186 0.908439 0.901355 0.89255 0.881502 0.8675 0.849569 0.826372 0.796101 0.75637 0.704237 0.636557 0.551067 0.448566 0.335655 0.225488 0.133306 0.06846 0.0303113 0.0114874 0.00368322 0.000980979 0.00021163 3.58332e-05 4.58617e-06 
eC: 1 1.15749 1.33977 1.55077 1.795 2.07768 2.40489 2.78363 3.22201 3.72944 4.31677 4.99661 5.78351 6.69433 7.7486 8.9689 10.3814 12.0163 13.9087 16.0991 18.6345 21.5692 24.9661 28.8979 33.4489 38.7167 44.814 51.8717 60.0407 69.4963 80.4411 93.1095 107.773 124.746 144.391 167.131 193.452 223.918 259.182 300 
dV: 1.08333 0.211322 0.327712 0.508206 0.788112 1.22218 1.89532 2.93921 4.55805 7.06849 10.9616 16.999 26.3615 40.8807 63.3966 98.3136 152.462 236.434 366.655 568.597 881.764 1367.42 2120.55 3288.49 5099.69 7908.45 12264.2 19019 29494.1 45738.6 70930.1 109996 170579 264529 410225 636165 986546 1.52991e+06 2.37254e+06 3.67926e+06 
kVec: 1.03007e+06 1.19335e+06 1.37484e+06 1.58365e+06 1.82361e+06 2.09834e+06 2.41254e+06 2.77146e+06 3.18041e+06 3.64363e+06 4.16849e+06 4.76168e+06 5.425e+06 6.16568e+06 6.9898e+06 7.8995e+06 8.88597e+06 9.95683e+06 1.11113e+07 1.23078e+07 1.35473e+07 1.48178e+07 1.60886e+07 1.72804e+07 1.84367e+07 1.96002e+07 2.06407e+07 2.18072e+07 2.33968e+07 2.58631e+07 2.96963e+07 3.61557e+07 4.7116e+07 6.38686e+07 8.94965e+07 1.28173e+08 1.82277e+08 2.489e+08 3.29191e+08 4.18367e+08 
cMat: 
-60905.3 64.2396 75.4851 87.927 102.501 119.659 139.875 163.711 191.929 225.572 265.639 313.482 371.372 441.437 526.439 630.598 760.082 920.678 1121.02 1378 1706.88 2130 2685 3427.97 4419.06 5753.8 7619.72 10207.7 13823.9 18982.4 26434.2 37170.9 52768 75875.1 109551 158362 227644 325344 465487 668383 
309.285 -71122.6 82.3582 95.9336 111.835 130.558 152.616 178.626 209.417 246.13 289.854 342.066 405.245 481.714 574.492 688.185 829.533 1004.86 1223.59 1504.19 1863.33 2325.45 2931.69 3743.36 4826.28 6284.94 8324.48 11153.8 15108 20749.8 28901.3 40648.3 57715.7 83004.5 119865 173297 249142 356097 509514 731629 
226.316 51.2867 -82634.5 107.668 125.516 146.53 171.289 200.484 235.048 276.26 325.344 383.958 454.889 540.746 644.919 772.586 931.321 1128.23 1373.92 1689.14 2092.64 2611.92 3293.24 4205.63 5423.15 7063.44 9357.5 12540.6 16990.4 23340.7 32518 45746 64969.3 93456.8 134986 195194 280663 401185 574066 824362 
167.1 37.8677 68.2475 -96127.9 143.498 167.525 195.835 229.217 268.739 315.866 371.997 439.029 520.151 618.352 737.509 883.553 1065.16 1290.45 1571.59 1932.35 2394.23 2988.71 3768.86 4813.81 6208.53 8087.98 10717.2 14366.4 19469.1 26753.1 37282.4 52463 74529.1 107235 154922 224070 322234 460655 659212 946683 
124.655 28.2492 50.9129 91.8278 -111969 191.814 226.247 264.818 310.485 364.943 429.807 507.274 601.03 714.532 852.269 1021.1 1231.06 1491.57 1816.69 2233.96 2768.27 3456.11 4358.97 5568.56 7183.44 9360.13 12406.1 16634.9 22549.9 30996.2 43209 60821.7 86429.8 124393 179757 260050 374046 534785 765359 1.09919e+06 
93.5224 21.1941 38.1981 68.8961 123.272 -130561 262.656 307.442 360.469 423.706 499.033 589 697.895 829.736 989.742 1185.89 1429.86 1732.61 2110.51 2595.6 3216.89 4016.87 5067.2 6474.78 8354.53 10889 14437.1 19364.6 26259.4 36108.5 50354.8 70906.7 100798 145122 209778 303565 436733 624498 893843 1.28381e+06 
70.3666 15.9467 28.7411 51.8397 93.5892 169.062 -152442 357.833 419.564 493.186 580.888 685.644 812.452 965.997 1152.36 1380.86 1665.1 2017.89 2458.32 3023.82 3748.26 4681.3 5906.68 7549.42 9743.95 12704 16849.4 22609.1 30671.7 42193.9 58867 82929.3 117939 169867 245638 355574 511689 731797 1.04754e+06 1.50469e+06 
53.0309 12.0182 21.6609 39.07 70.5367 127.422 230.411 -178271 484.099 575.077 677.373 799.571 947.509 1126.66 1344.13 1610.8 1942.6 2354.49 2868.79 3529.33 4375.74 5466.19 6898.76 8820.02 11387.6 14852.2 19706.8 26454.7 35905.4 49417.9 68979.9 97224 138336 199334 288367 417583 601096 859822 1.23097e+06 1.76834e+06 
40.0303 9.07205 16.3513 29.4935 53.2484 96.1941 173.948 311.697 -208840 671.467 790.952 933.695 1106.53 1315.86 1570 1881.68 2269.58 2751.2 3352.72 4125.5 5116.06 6392.62 8070.35 10321.4 13331.1 17394.2 23090.4 31012.7 42114.3 57996.4 81001 114233 162628 234459 339344 491613 707899 1.01281e+06 1.45022e+06 2.08353e+06 
30.2858 6.86376 12.3713 22.3152 40.2896 72.7862 131.624 238.357 432.243 -245032 924.332 1091.23 1293.33 1538.15 1835.44 2200.11 2654.06 3217.84 3922.17 4827.37 5988.09 7484.54 9452.18 12093.6 15627.1 20400.2 27096.3 36415.4 49483.1 68190.8 95305.7 134499 191612 276417 400303 580228 835840 1.19617e+06 1.71308e+06 2.46152e+06 
22.9517 5.20172 9.37587 16.9125 30.536 55.1675 99.7673 180.676 327.66 594.837 -288161 1277.58 1514.35 1801.22 2149.62 2577.11 3109.4 3770.66 4597.03 5659.53 7022.52 8780.54 11093.3 14200 18358.4 23979.3 31870.9 42862 58286.2 80385 112438 158803 226412 326853 473657 686959 990051 1.41727e+06 2.03017e+06 2.91758e+06 
17.4237 3.94895 7.11799 12.84 23.1839 41.8865 75.7528 137.193 248.818 451.741 821.851 -339813 1763.72 2113.93 2523.19 3025.47 3651.1 4428.57 5400.5 6650.75 8255.36 10326.1 13051.8 16715.8 21623.6 28262.2 37591 50594.7 68859.2 95050.8 133072 188115 268438 387837 562452 816291 1.17706e+06 1.68554e+06 2.41502e+06 3.47126e+06 
13.272 3.00807 5.42222 9.78141 17.6619 31.9115 57.716 104.534 189.601 344.258 626.37 1134.04 -401642 2483.49 2964.82 3555.73 4292.06 5207.44 6352.28 7825.78 9718.01 12161.4 15380.1 19710.2 25515.1 33374.6 44430.5 59857.7 81549.4 112690 157942 223515 319298 461776 670293 973598 1.4048e+06 2.01246e+06 2.88427e+06 4.14661e+06 
10.1377 2.29776 4.142 7.47225 13.493 24.3804 44.098 79.8752 144.887 263.098 478.756 873.442 1595.91 -476252 3491.31 4188.14 5056.85 6137.28 7489.21 9230.4 11467.9 14359.2 18171 23304.1 30192.3 39528.1 52677.1 71047.3 96908.9 134083 188168 266632 381370 552182 802376 1.16656e+06 1.68448e+06 2.41426e+06 3.4613e+06 4.97739e+06 
7.76326 1.75964 3.1721 5.72281 10.3345 18.6745 33.7799 61.1909 111.006 201.597 366.89 669.451 1223.4 2241.89 -566964 4893.05 5976.45 7255.97 8857.88 10922.6 13577.8 17011.7 21543.1 27652 35858.7 46994.8 62701.6 84675.5 115654 160249 225220 319600 457788 663701 965597 1.4054e+06 2.03108e+06 2.91258e+06 4.17734e+06 6.0087e+06 
5.96586 1.35229 2.43789 4.39844 7.94337 14.3548 25.9682 47.0448 85.3528 155.029 282.182 514.975 941.29 1725.33 3139.09 -677884 7082.75 8602.69 10506.8 12963.2 16124.9 20217.5 25624.3 32922.6 42739.9 56080 74926.5 101335 138629 192406 270881 385054 552473 802215 1.16878e+06 1.70329e+06 2.46407e+06 3.53569e+06 5.07331e+06 7.29978e+06 
4.6078 1.04451 1.88312 3.39775 6.13662 11.0907 20.0654 36.3552 65.9674 119.837 218.166 398.226 728.07 1334.88 2456.86 4538.52 -813612 10216.1 12484.4 15413.6 19187.7 24078.7 30548.7 39295.8 51080.3 67120.5 89827.4 121708 166820 232010 327325 466265 670373 975253 1.42336e+06 2.07753e+06 3.00914e+06 4.32109e+06 6.20364e+06 8.92957e+06 
3.57103 0.809532 1.45958 2.63374 4.75714 8.5984 15.5581 28.1923 51.1632 92.9604 169.27 309.045 565.176 1036.55 1908.47 3526.95 6536.41 -982192 14894.5 18403.2 22929.6 28802.8 36584 47122.4 61345.6 80742.5 108265 146994 201925 281496 398107 568463 819255 1.19445e+06 1.74677e+06 2.55416e+06 3.7047e+06 5.32459e+06 7.64909e+06 1.10149e+07 
2.77644 0.62944 1.13496 2.04814 3.69975 6.68793 12.1028 21.9342 39.8127 72.3516 131.774 240.648 440.228 807.681 1487.67 2750.59 5100.45 9510.72 -1.19391e+06 21955.1 27542 34635.3 44049 56823.9 74100.7 97713.3 131305 178699 246097 344002 487859 698550 1.00948e+06 1.47547e+06 2.16269e+06 3.16883e+06 4.60364e+06 6.62321e+06 9.52138e+06 1.37178e+07 
2.17354 0.492793 0.888644 1.6038 2.89741 5.23825 9.48081 17.1854 31.1993 56.7121 103.318 188.739 345.397 633.968 1168.28 2161.27 4010.39 7483.85 13982.3 -1.45845e+06 33110.2 41694.2 53110 68639.9 89695.1 118549 159733 218023 301196 422440 601183 863803 1.25256e+06 1.83651e+06 2.69965e+06 3.96575e+06 5.77301e+06 8.31594e+06 1.19653e+07 1.72492e+07 
1.70851 0.387392 0.698645 1.26103 2.27846 4.11986 7.45792 13.5212 24.5528 44.6428 81.3552 148.67 272.187 499.837 921.616 1706.05 3168.15 5917.33 11131.1 21011.6 -1.79502e+06 50383.9 64295.4 83274.4 109080 144556 195385 267599 371046 522471 746597 1.07715e+06 1.56827e+06 2.30797e+06 3.40424e+06 5.01599e+06 7.31927e+06 1.05589e+07 1.52082e+07 2.19394e+07 
1.34641 0.305315 0.550684 0.99409 1.79639 3.24875 5.88215 10.6667 19.3743 35.2378 64.2384 117.437 215.107 395.235 729.201 1350.84 2510.71 4694.03 8839.78 16709.2 31818 -2.22907e+06 77354.5 101587 133431 177365 240589 330808 460634 651592 935549 1.35621e+06 1.98389e+06 2.93228e+06 4.34225e+06 6.42068e+06 9.39492e+06 1.35764e+07 1.95777e+07 2.82652e+07 
1.06456 0.241428 0.435508 0.786288 1.4211 2.57054 4.65524 8.44397 15.3415 27.9129 50.9055 93.1045 170.631 313.714 579.213 1073.89 1997.96 3739.66 7051.61 13350.1 25467.7 48519.3 -2.79343e+06 124212 163671 218340 297425 410864 574995 817822 1.18095e+06 1.72181e+06 2.5331e+06 3.76367e+06 5.60008e+06 8.31584e+06 1.22086e+07 1.76787e+07 2.55296e+07 3.68925e+07 
0.844321 0.191503 0.3455 0.623885 1.12779 2.04045 3.69621 6.70639 12.1888 22.1857 40.4796 74.0747 135.842 249.938 461.85 857.126 1596.55 2992.35 5651.03 10718.4 20491.2 39583.2 77162.6 -3.52346e+06 200183 268198 367221 510178 718419 1.02877e+06 1.49624e+06 2.19731e+06 3.25598e+06 4.86988e+06 7.28991e+06 1.08833e+07 1.60453e+07 2.32946e+07 3.36992e+07 4.87533e+07 
0.666836 0.151268 0.272952 0.492973 0.891328 1.61303 2.92278 5.30481 9.64504 17.5637 32.0628 58.7068 107.736 198.388 366.934 681.714 1271.48 2386.64 4514.78 8581.05 16444.5 31852.9 62292.3 122644 -4.49174e+06 329513 453835 634660 900151 1.29926e+06 1.90563e+06 2.82253e+06 4.21834e+06 6.35932e+06 9.58817e+06 1.44061e+07 2.13453e+07 3.10847e+07 4.50627e+07 6.52781e+07 
0.521292 0.118269 0.213446 0.385578 0.697307 1.26225 2.28791 4.154 7.55579 13.766 25.1443 46.0686 84.6088 155.941 288.722 537.048 1003.11 1886 3574.42 6809.39 13084.2 25421.3 49892.3 98653.3 197838 -5.797e+06 557632 788687 1.12786e+06 1.64291e+06 2.4334e+06 3.64044e+06 5.49566e+06 8.36248e+06 1.27156e+07 1.9249e+07 2.86891e+07 4.19308e+07 6.09345e+07 8.84016e+07 
0.402379 0.0913058 0.164817 0.2978 0.538703 0.975454 1.7687 3.21263 5.84627 10.6575 19.4791 35.7152 65.6525 121.129 224.532 418.226 782.478 1474 2799.66 5347.78 10307.9 20099.1 39613.9 78732.5 158820 325026 -7.50171e+06 956699 1.38234e+06 2.03721e+06 3.05609e+06 4.63239e+06 7.08702e+06 1.09197e+07 1.67937e+07 2.56795e+07 3.85758e+07 5.66553e+07 8.25991e+07 1.20058e+08 
0.300914 0.0682939 0.123305 0.222848 0.40323 0.730391 1.32486 2.40751 4.38335 7.99555 14.624 26.8345 49.3753 91.1996 169.269 315.76 591.838 1117.2 2126.98 4074.76 7881.07 15427.5 30548.4 61061.4 123985 256622 534066 -9.78998e+06 1.65096e+06 2.46665e+06 3.75711e+06 5.78626e+06 8.99826e+06 1.4082e+07 2.1966e+07 3.40133e+07 5.15987e+07 7.62441e+07 1.11605e+08 1.62584e+08 
0.213905 0.0485559 0.0876878 0.158519 0.286914 0.519884 0.943409 1.71513 3.12443 5.70287 10.4384 19.1701 35.3089 65.2954 121.354 226.737 425.8 805.552 1537.52 2954.76 5735.91 11275.8 22440.3 45133.3 92303.1 192628 405049 866582 -1.29018e+07 2.84682e+06 4.46157e+06 7.00169e+06 1.11039e+07 1.77098e+07 2.81075e+07 4.41985e+07 6.78609e+07 1.01028e+08 1.4861e+08 2.17071e+08 
0.141729 0.0321787 0.0581259 0.105106 0.190298 0.344945 0.626227 1.13905 2.07616 3.79212 6.94643 12.7684 23.5433 43.5926 81.1353 151.848 285.747 541.872 1037.04 1999.66 3897.23 7696.41 15400.7 31185.9 64286.1 135393 288038 624743 1.37366e+06 -1.7182e+07 4.96272e+06 7.97104e+06 1.29562e+07 2.11751e+07 3.43704e+07 5.51421e+07 8.60011e+07 1.29301e+08 1.9142e+08 2.80539e+08 
0.0854982 0.0194157 0.0350801 0.0634513 0.114916 0.208383 0.378473 0.688751 1.25612 2.29592 4.20904 7.74375 14.2942 26.5012 49.397 92.6079 174.637 331.975 637.105 1232.76 2412.47 4786.97 9633.8 19648.1 40845.1 86871.7 187180 412220 932586 2.14981e+06 -2.30002e+07 8.2246e+06 1.37959e+07 2.33006e+07 3.90032e+07 6.43475e+07 1.02592e+08 1.56426e+08 2.33691e+08 3.44053e+08 
0.0458326 0.0104102 0.0188135 0.0340385 0.061666 0.111864 0.20326 0.370078 0.675324 1.2352 2.26625 4.17317 7.71174 14.3157 26.7228 50.1848 94.8354 180.713 347.772 675.257 1326.88 2645.46 5354.66 11000 23063.2 49544.9 108163 242021 557936 1.31637e+06 3.13542e+06 -3.13359e+07 1.33086e+07 2.34015e+07 4.07192e+07 6.96331e+07 1.14263e+08 1.77509e+08 2.68425e+08 3.97567e+08 
0.0215467 0.00489495 0.00884839 0.0160133 0.0290195 0.0526615 0.0957284 0.174379 0.318388 0.582746 1.07001 1.97209 3.64821 6.78087 12.6759 23.8451 45.1536 86.2468 166.43 324.258 639.756 1281.54 2608.77 5397.85 11414.6 24768.7 54799.5 124638 293018 708562 1.74169e+06 4.40729e+06 -4.38904e+07 2.12857e+07 3.89059e+07 6.95865e+07 1.18451e+08 1.88512e+08 2.89586e+08 4.32236e+08 
0.00884562 0.0020099 0.00363401 0.00657826 0.0119245 0.0216468 0.0393651 0.0717396 0.131053 0.240017 0.44102 0.813489 1.50638 2.80312 5.24693 9.88551 18.7548 35.9014 69.452 135.739 268.809 540.802 1106.66 2305.03 4913.05 10760.6 24107 55690.1 133430 330632 839857 2.2126e+06 6.07725e+06 -6.19327e+07 3.17031e+07 6.05687e+07 1.09283e+08 1.81092e+08 2.85849e+08 4.32616e+08 
0.00312115 0.000709307 0.00128272 0.00232251 0.00421116 0.00764697 0.0139113 0.0253626 0.0463542 0.0849445 0.156185 0.288309 0.534364 0.995421 1.86551 3.51974 6.6893 12.8307 24.8782 48.7628 96.8956 195.712 402.409 843.239 1810.28 3998.62 9060.42 21229.2 51752.6 131152 343565 940865 2.71459e+06 7.74768e+06 -8.84684e+07 4.60454e+07 8.99118e+07 1.58195e+08 2.60575e+08 4.03838e+08 
0.00093284 0.000212028 0.000383505 0.000694522 0.00125959 0.00228792 0.00416351 0.00759361 0.0138845 0.0254568 0.0468344 0.0865117 0.160476 0.299223 0.561383 1.06054 2.0187 3.879 7.5367 14.8103 29.5188 59.8331 123.548 260.285 562.36 1251.52 2864.49 6796.57 16825.8 43504.2 117192 332661 1.00386e+06 3.06038e+06 9.52015e+06 -1.27701e+08 6.46265e+07 1.24847e+08 2.19168e+08 3.53282e+08 
0.000230301 5.23519e-05 9.4705e-05 0.000171537 0.000311159 0.000565312 0.00102901 0.0018773 0.0034337 0.00629813 0.0115925 0.0214246 0.0397675 0.0742057 0.139339 0.263496 0.502168 0.966293 1.88048 3.70276 7.39764 15.0362 31.1516 65.905 143.105 320.355 739.026 1770.78 4436.81 11652.9 32089.5 93751.1 293475 948336 3.1927e+06 1.10993e+07 -1.82098e+08 8.31955e+07 1.62449e+08 2.82106e+08 
4.57882e-05 1.04093e-05 1.88322e-05 3.41139e-05 6.1888e-05 0.000112453 0.000204726 0.000373567 0.000683423 0.00125386 0.00230856 0.00426798 0.00792523 0.0147953 0.0277966 0.0525974 0.100316 0.193202 0.376361 0.742001 1.48461 3.02272 6.27529 13.3105 28.9913 65.1355 150.992 364 918.886 2437.27 6806.6 20261 64974 218615 781458 2.98285e+06 1.15736e+07 -2.48847e+08 9.78565e+07 1.99294e+08 
7.15284e-06 1.62619e-06 2.94225e-06 5.33018e-06 9.67058e-06 1.75737e-05 3.19975e-05 5.83939e-05 0.000106845 0.000196064 0.00036106 0.000667675 0.00124017 0.00231601 0.00435286 0.00824028 0.0157248 0.0303036 0.059074 0.116568 0.233471 0.475922 0.989437 2.10242 4.5888 10.335 24.0353 58.1752 147.581 393.958 1110.25 3345.21 10897.8 37677.1 140542 571730 2.46744e+06 1.06844e+07 -3.29179e+08 1.19787e+08 
8.47644e-07 1.92719e-07 3.487e-07 6.3174e-07 1.14624e-06 2.08314e-06 3.79322e-06 6.92314e-06 1.26689e-05 2.32509e-05 4.28241e-05 7.92043e-05 0.000147148 0.000274865 0.00051674 0.000978537 0.00186804 0.00360151 0.00702424 0.0138689 0.027797 0.056708 0.118005 0.251028 0.548614 1.23744 2.88325 6.9944 17.791 47.651 134.904 408.91 1342.45 4706.1 17976.1 76059.5 353639 1.79586e+06 9.88611e+06 -4.18365e+08 
dt_FE: 2.96999e-08
dt_EA: 2.96999e-08
dt_PE: 2.96999e-08
tolC: 1e-06
dt_grow: 1.03
dt_max: 0.1
steps: 0
