t: 4.80183e-08
dt: 2.39416e-09
N: 0.0326613 0.0376037 0.0432541 0.0497086 0.0570684 0.0654256 0.0748965 0.0856041 0.0976569 0.111133 0.126166 0.142854 0.161148 0.181103 0.202721 0.225822 0.250014 0.275176 0.300931 0.326064 0.350134 0.372387 0.391315 0.404862 0.412384 0.41239 0.400558 0.376636 0.339688 0.288386 0.226131 0.195117 0.107481 0.0415692 0.0161277 0.00522006 0.00139485 0.000301348 5.10638e-05 6.53886e-06 
eC: 1 1.15749 1.33977 1.55077 1.795 2.07768 2.40489 2.78363 3.22201 3.72944 4.31677 4.99661 5.78351 6.69433 7.7486 8.9689 10.3814 12.0163 13.9087 16.0991 18.6345 21.5692 24.9661 28.8979 33.4489 38.7167 44.814 51.8717 60.0407 69.4963 80.4411 93.1095 107.773 124.746 144.391 167.131 193.452 223.918 259.182 300 
dV: 1.08333 0.211322 0.327712 0.508206 0.788112 1.22218 1.89532 2.93921 4.55805 7.06849 10.9616 16.999 26.3615 40.8807 63.3966 98.3136 152.462 236.434 366.655 568.597 881.764 1367.42 2120.55 3288.49 5099.69 7908.45 12264.2 19019 29494.1 45738.6 70930.1 109996 170579 264529 410225 636165 986546 1.52991e+06 2.37254e+06 3.67926e+06 
kVec: 928042 1.07664e+06 1.2416e+06 1.43185e+06 1.65108e+06 1.9029e+06 2.19199e+06 2.52359e+06 2.90328e+06 3.33592e+06 3.82933e+06 4.39116e+06 5.02534e+06 5.74096e+06 6.54671e+06 7.44883e+06 8.44462e+06 9.54662e+06 1.07613e+07 1.20589e+07 1.34487e+07 1.4928e+07 1.64759e+07 1.80225e+07 1.96066e+07 2.12622e+07 2.2826e+07 2.44965e+07 2.64988e+07 2.91815e+07 3.29335e+07 3.89751e+07 4.92712e+07 6.52823e+07 9.02399e+07 1.28354e+08 1.8203e+08 2.48397e+08 3.28551e+08 4.17683e+08 
cMat: 
-151238 928.774 1091.36 1271.24 1481.95 1730.03 2022.3 2366.93 2774.9 3261.32 3840.6 4532.31 5369.28 6382.27 7611.23 9117.15 10989.2 13311.1 16207.7 19923.1 24678 30795.5 38819.7 49561.4 63890.6 83188.3 110166 147582 199865 274447 382185 537416 762917 1.097e+06 1.58388e+06 2.28959e+06 3.29126e+06 4.70381e+06 6.72999e+06 9.66345e+06 
4699.57 -179553 1251.43 1457.71 1699.33 1983.82 2318.99 2714.21 3182.08 3739.94 4404.32 5197.68 6157.67 7319.63 8729.37 10456.9 12604.7 15268.7 18592.4 22856.1 28313.3 35335.1 44546.8 56880.2 73335.1 95499.3 126490 169481 229566 315293 439154 617648 876988 1.26125e+06 1.82134e+06 2.63324e+06 3.78571e+06 5.41087e+06 7.74204e+06 1.11171e+07 
3507.71 794.902 -206341 1668.76 1945.39 2271.1 2654.84 3107.34 3643.04 4281.8 5042.56 5951.04 7050.4 8381.11 9995.71 11974.4 14434.7 17486.6 21294.6 26180.2 32434.2 40482.6 51042.5 65183.8 84054.4 109478 145034 194369 263337 361762 504002 709025 1.00697e+06 1.4485e+06 2.09217e+06 3.02535e+06 4.35005e+06 6.21804e+06 8.89755e+06 1.27769e+07 
2589.3 586.779 1057.53 -237626 2223.57 2595.88 3034.55 3551.83 4164.24 4894.5 5764.27 6802.97 8060 9581.66 11428.1 13691.1 16505.1 19996.2 24352.6 29942.8 37099.7 46311.5 58400.3 74592.3 96204.1 125327 166069 222614 301683 414552 577709 812939 1.15486e+06 1.66166e+06 2.4006e+06 3.47207e+06 4.99318e+06 7.13807e+06 1.02148e+07 1.46693e+07 
1907.74 432.33 779.178 1405.35 -274069 2935.55 3462.51 4052.82 4751.71 5585.14 6577.83 7763.39 9198.25 10935.3 13043.2 15627 18840.3 22827.2 27803 34188.9 42366 52892.8 66710.2 85222.1 109936 143249 189865 254583 345108 474370 661277 930824 1.32273e+06 1.90373e+06 2.75103e+06 3.97985e+06 5.72446e+06 8.18443e+06 1.17132e+07 1.68221e+07 
1403.27 318.011 573.151 1033.76 1849.66 -316376 3941.07 4613.07 5408.72 6357.58 7487.82 8837.75 10471.7 12449.9 14850.7 17793.9 21454.6 25997.3 31667.4 38946.1 48268.4 60271.9 76031.6 97151.9 125357 163386 216623 290559 394014 541797 755557 1.06393e+06 1.51244e+06 2.1775e+06 3.14764e+06 4.5549e+06 6.55304e+06 9.37039e+06 1.34118e+07 1.92631e+07 
1029.93 233.405 420.671 758.755 1369.82 2474.49 -365437 5237.44 6140.97 7218.55 8502.21 10035.5 11891.5 14138.9 16866.6 20211 24371.4 29535 35981.3 44258.3 54861.7 68518.2 86453.5 110498 142618 185943 246618 330919 448929 617574 861610 1.2138e+06 1.72623e+06 2.48627e+06 3.59529e+06 5.20439e+06 7.48937e+06 1.0711e+07 1.53324e+07 2.20235e+07 
753.8 170.831 307.896 555.355 1002.63 1811.23 3275.15 -422257 6881.16 8174.35 9628.42 11365.4 13468.2 16014.7 19106 22896.5 27612.9 33467.5 40778 50167.1 62198.4 77698.3 98061.5 125371 161867 211115 280119 376037 510372 702444 980505 1.38198e+06 1.96636e+06 2.8334e+06 4.09895e+06 5.93567e+06 8.5442e+06 1.22218e+07 1.74975e+07 2.51358e+07 
550.071 124.662 224.688 405.28 731.705 1321.84 2390.28 4283.14 -488191 9226.86 10868.7 12830.2 15205.2 18081.6 21573.9 25856.9 31187.1 37805.1 46070.8 56689.9 70301.5 87843.1 110897 141830 183187 239019 317293 426157 578708 796949 1.11306e+06 1.56971e+06 2.23473e+06 3.22178e+06 4.66303e+06 6.75542e+06 9.72748e+06 1.39174e+07 1.9928e+07 2.86306e+07 
400.297 90.7207 163.516 294.948 532.522 962.039 1739.72 3150.44 5713.1 -564356 12217.2 14423.1 17094.4 20330.3 24259.6 29079.6 35079.7 42531.3 51840.7 63805 79146.6 98925.7 124933 159845 206549 269636 358141 481314 654035 901301 1.25969e+06 1.77772e+06 2.5326e+06 3.65349e+06 5.29094e+06 7.66907e+06 1.10476e+07 1.58101e+07 2.26424e+07 3.25347e+07 
290.125 65.7533 118.517 213.785 385.996 697.355 1261.13 2283.86 4141.84 7519.15 -652640 16149.5 19142.5 22768.7 27172.7 32576.4 39304.9 47663.7 58109.6 71540.3 88769.4 110992 140227 179498 232063 303115 402870 541806 736778 1.01612e+06 1.4213e+06 2.00738e+06 2.862e+06 4.13164e+06 5.98734e+06 8.68364e+06 1.25149e+07 1.79153e+07 2.56627e+07 3.68802e+07 
209.273 47.4302 85.4931 154.22 278.458 503.092 909.855 1647.81 2988.52 5425.79 9871.13 -755107 21183.8 25390.1 30305.6 36338.4 43852.8 53190.9 64864.6 79881.2 99153.9 124025 156764 200771 259717 339453 451499 607685 827057 1.14164e+06 1.59831e+06 2.25942e+06 3.22417e+06 4.65825e+06 6.75553e+06 9.80434e+06 1.41375e+07 2.02447e+07 2.90065e+07 4.16928e+07 
150.377 34.0826 61.4359 110.827 200.117 361.57 653.945 1184.41 2148.25 3900.58 7097.02 12849.1 -873710 28139 33592.5 40287.8 48630.7 59002.4 71973.8 88669.2 110109 137793 174262 223324 289097 378147 503415 678212 923986 1.27682e+06 1.78954e+06 2.53252e+06 3.61778e+06 5.2321e+06 7.59468e+06 1.10313e+07 1.59169e+07 2.2802e+07 3.268e+07 4.69828e+07 
107.476 24.36 43.912 79.2182 143.048 258.473 467.511 846.809 1536.04 2789.27 5075.6 9259.93 16919.2 -1.01157e+06 37013.7 44401.2 53610.9 65065.3 79397.9 97857.5 121579 152231 192643 247062 320088 419063 558464 753218 1.02739e+06 1.4215e+06 1.99489e+06 2.82673e+06 4.04315e+06 5.85404e+06 8.50651e+06 1.23675e+07 1.78583e+07 2.55951e+07 3.66955e+07 5.27685e+07 
76.3069 17.2959 31.1794 56.2509 101.58 183.556 332.03 601.46 1091.1 1981.54 3606.25 6580.19 12025.1 22036.1 -1.17205e+06 48094.9 58743.9 71320.6 87066.2 107361 133460 167212 211752 271798 352464 461923 616309 832295 1.13679e+06 1.57513e+06 2.21374e+06 3.14142e+06 4.4997e+06 6.52367e+06 9.49108e+06 1.3814e+07 1.9964e+07 2.86284e+07 4.10601e+07 5.90609e+07 
53.8218 12.1999 21.9937 39.6811 71.6622 129.504 234.275 424.421 770.022 1398.61 2545.75 4645.91 8491.97 15565.3 28319.7 -1.36037e+06 63898 77610.3 94788.7 116949 145473 182395 231173 297016 385584 505933 675959 914211 1.25066e+06 1.73582e+06 2.44379e+06 3.47382e+06 4.98421e+06 7.23729e+06 1.05443e+07 1.53665e+07 2.223e+07 3.18977e+07 4.57696e+07 6.58559e+07 
37.7428 8.55561 15.4248 27.8312 50.2654 90.8444 164.357 297.787 540.343 981.595 1787.01 3261.9 5963.66 10934.1 20124.3 37175.3 -1.57997e+06 83681.1 102260 126253 157168 197230 250226 321874 418402 549788 735781 996920 1.36644e+06 1.90041e+06 2.68114e+06 3.8192e+06 5.49106e+06 7.98835e+06 1.16588e+07 1.70172e+07 2.4648e+07 3.53943e+07 5.08144e+07 7.31427e+07 
26.2392 5.94827 10.7247 19.3522 34.9545 63.1793 114.317 207.151 375.937 683.054 1243.76 2270.8 4152.8 7616.37 14023 25915.3 48028.2 -1.83923e+06 109441 135223 168482 211637 268812 346246 450755 593280 795506 1.08008e+06 1.4837e+06 2.06838e+06 2.92521e+06 4.17695e+06 6.01972e+06 8.77656e+06 1.28349e+07 1.87675e+07 2.72214e+07 3.9124e+07 5.62039e+07 8.09355e+07 
18.0635 4.09513 7.38405 13.3252 24.0706 43.5117 78.7406 142.704 259.021 470.719 857.319 1565.65 2864.12 5254.77 9678.8 17895.3 33183.5 61876.7 -2.1483e+06 142839 179188 225337 286583 369696 482098 635722 854272 1.16261e+06 1.60111e+06 2.23808e+06 3.17401e+06 4.54476e+06 6.56766e+06 9.59939e+06 1.40705e+07 2.06164e+07 2.99513e+07 4.30906e+07 6.1946e+07 8.92481e+07 
12.3616 2.80267 5.054 9.12131 16.4785 29.7916 53.9204 97.7386 177.44 322.54 587.6 1073.42 1964.38 3605.58 6644.38 12291.8 22808.4 42563 79521.6 -2.51438e+06 188308 237128 302053 390377 510125 674228 908451 1.23997e+06 1.713e+06 2.40255e+06 3.41912e+06 4.91273e+06 7.12371e+06 1.04448e+07 1.53538e+07 2.25545e+07 3.28329e+07 4.72954e+07 6.80506e+07 9.8102e+07 
8.37965 1.90002 3.42661 6.18492 11.175 20.2065 36.5785 66.3169 120.423 218.957 399.019 729.175 1334.98 2451.53 4520.2 8367.58 15538.7 29022.4 54593.9 103055 -2.95613e+06 247115 315346 408432 535001 708997 958292 1.31248e+06 1.81985e+06 2.56253e+06 3.6618e+06 5.28304e+06 7.6918e+06 1.13198e+07 1.66966e+07 2.46017e+07 3.58984e+07 5.17875e+07 7.45908e+07 1.07605e+08 
5.61733 1.2738 2.2975 4.14743 7.49469 13.5541 24.5408 44.5024 80.8312 147.015 268.008 489.957 897.443 1648.95 3042.29 5635.83 10474.9 19583.9 36880.3 69712.1 132748 -3.49491e+06 322730 423828 556687 739983 1.00376e+06 1.38016e+06 1.92181e+06 2.7185e+06 3.90319e+06 5.65821e+06 8.27696e+06 1.22337e+07 1.81162e+07 2.67876e+07 3.91964e+07 5.66418e+07 8.16798e+07 1.17925e+08 
3.73203 0.846372 1.52676 2.75648 4.98195 9.01153 16.3198 29.6019 53.7827 97.8541 178.459 326.395 598.179 1099.79 2030.54 3764.71 7004.21 13110.1 24720.7 46801.4 89282 170094 -4.16402e+06 435448 573780 765434 1.04268e+06 1.44036e+06 2.01576e+06 2.86703e+06 4.14006e+06 6.03615e+06 8.88025e+06 1.31943e+07 1.96321e+07 2.91527e+07 4.27995e+07 6.19759e+07 8.94987e+07 1.29334e+08 
2.46439 0.558957 1.00844 1.82099 3.29179 5.95564 10.7884 19.5745 35.5763 64.7553 118.151 216.208 396.494 729.515 1348.04 2501.76 4659.99 8734.02 16494.1 31284.7 59809.3 115535 225221 -4.98999e+06 584290 782813 1.07184e+06 1.4891e+06 2.09691e+06 3.00276e+06 4.3672e+06 6.41347e+06 9.50349e+06 1.42141e+07 2.12777e+07 3.17661e+07 4.68327e+07 6.79919e+07 9.83605e+07 1.423e+08 
1.60835 0.364844 0.658337 1.18901 2.14981 3.89048 7.0495 12.7948 23.263 42.3621 77.3327 141.596 259.85 478.494 885.012 1644.23 3066.7 5756.37 10889.3 20696.7 39662.6 76826.5 150244 295806 -6.03958e+06 794758 1.09461e+06 1.53074e+06 2.17109e+06 3.13371e+06 4.59621e+06 6.80769e+06 1.01743e+07 1.53381e+07 2.31258e+07 3.47462e+07 5.1483e+07 7.49736e+07 1.08687e+08 1.57445e+08 
1.03568 0.234973 0.424067 0.766051 1.38538 2.5078 4.54553 8.25302 15.0116 27.3498 49.9558 91.5274 168.098 309.818 573.621 1066.99 1992.94 3747.04 7101.52 13528.6 25995.2 50506.1 99124.2 196001 393057 -7.40819e+06 1.10788e+06 1.56693e+06 2.2408e+06 3.26406e+06 4.83459e+06 7.23269e+06 1.09186e+07 1.66143e+07 2.52629e+07 3.82431e+07 5.69984e+07 8.33065e+07 1.21062e+08 1.75633e+08 
0.663662 0.150595 0.27184 0.491175 0.888506 1.60886 2.9172 5.29873 9.64251 17.5778 32.1277 58.9066 108.284 199.783 370.331 689.799 1290.57 2431.13 4617.59 8820.32 17001.3 33150.3 65336.9 129857 261949 536080 -9.15086e+06 1.57793e+06 2.27995e+06 3.36006e+06 5.04055e+06 7.64041e+06 1.16889e+07 1.80103e+07 2.76985e+07 4.23544e+07 6.36248e+07 9.3444e+07 1.36234e+08 1.98017e+08 
0.417833 0.0948292 0.171214 0.309435 0.559904 1.01418 1.83963 3.34294 6.08649 11.1022 20.3061 37.2609 68.5599 126.635 235.038 438.447 821.794 1551.28 2953.4 5657.98 10943.2 21421.8 42417.8 84786.5 172158 356332 741574 -1.14535e+07 2.29243e+06 3.42506e+06 5.21692e+06 8.03448e+06 1.24945e+07 1.95535e+07 3.05008e+07 4.7229e+07 7.16472e+07 1.05868e+08 1.54968e+08 2.25755e+08 
0.256139 0.058143 0.105001 0.189817 0.343563 0.622532 1.12968 2.05378 3.74133 6.82888 12.4994 22.9551 42.2805 78.1877 145.315 271.505 509.872 964.605 1841.1 3538.16 6868.44 13502.2 26871 54044.6 110528 230662 485024 1.03768e+06 -1.45571e+07 3.40892e+06 5.34249e+06 8.38414e+06 1.32963e+07 2.12066e+07 3.36572e+07 5.29252e+07 8.12597e+07 1.20975e+08 1.77952e+08 2.59931e+08 
0.151814 0.0344682 0.0622616 0.112585 0.203838 0.369489 0.670784 1.22009 2.22388 4.06194 7.44068 13.6769 25.2184 46.6943 86.9082 162.652 306.079 580.427 1110.83 2141.94 4174.52 8244.02 16496.5 33404.8 68860.2 145026 308532 669194 1.4714e+06 -1.88152e+07 5.31582e+06 8.53819e+06 1.3878e+07 2.26817e+07 3.6816e+07 5.90656e+07 9.21202e+07 1.38501e+08 2.0504e+08 3.005e+08 
0.0854272 0.0193996 0.0350509 0.0633986 0.114821 0.20821 0.378159 0.688179 1.25508 2.29402 4.20554 7.73733 14.2824 26.4792 49.356 92.531 174.492 331.699 636.576 1231.74 2410.47 4782.99 9625.8 19631.8 40811.2 86799.6 187025 411877 931812 2.14803e+06 -2.45924e+07 8.21777e+06 1.37845e+07 2.32812e+07 3.89709e+07 6.42941e+07 1.02507e+08 1.56296e+08 2.33497e+08 3.43768e+08 
0.042564 0.00966774 0.0174718 0.0316109 0.0572681 0.103886 0.188764 0.343686 0.627162 1.14711 2.10463 3.87556 7.16176 13.2947 24.817 46.6057 88.072 167.825 322.97 627.099 1232.25 2456.79 4972.78 10215.5 21418.4 46011.5 100449 224761 518146 1.22249e+06 2.91181e+06 -3.30865e+07 1.23595e+07 2.17326e+07 3.78153e+07 6.46671e+07 1.06114e+08 1.6485e+08 2.49282e+08 3.69214e+08 
0.0206441 0.00468991 0.00847774 0.0153425 0.0278039 0.0504556 0.0917184 0.167074 0.305051 0.558335 1.02518 1.88948 3.49539 6.49683 12.1449 22.8463 43.2622 82.6341 159.459 310.676 612.958 1227.85 2499.49 5171.74 10936.5 23731.2 52504 119417 280744 678881 1.66873e+06 4.22267e+06 -4.5234e+07 2.0394e+07 3.72761e+07 6.66716e+07 1.1349e+08 1.80615e+08 2.77456e+08 4.1413e+08 
0.00874293 0.00198657 0.00359182 0.00650189 0.0117861 0.0213954 0.0389081 0.0709067 0.129531 0.23723 0.4359 0.804044 1.48889 2.77057 5.18602 9.77074 18.5371 35.4846 68.6457 134.163 265.688 534.523 1093.81 2278.27 4856.01 10635.7 23827.1 55043.5 131881 326793 830107 2.18691e+06 6.0067e+06 -6.26977e+07 3.13351e+07 5.98655e+07 1.08014e+08 1.78989e+08 2.8253e+08 4.27593e+08 
0.0031065 0.000705978 0.0012767 0.00231161 0.00419139 0.00761107 0.013846 0.0252435 0.0461366 0.0845457 0.155452 0.286955 0.531856 0.990748 1.85676 3.50322 6.6579 12.7705 24.7615 48.5339 96.4408 194.793 400.52 839.281 1801.78 3979.85 9017.88 21129.6 51509.6 130536 341952 936449 2.70185e+06 7.71131e+06 -8.88494e+07 4.58292e+07 8.94898e+07 1.57453e+08 2.59352e+08 4.01942e+08 
0.000931401 0.000211701 0.000382913 0.00069345 0.00125765 0.00228439 0.00415709 0.0075819 0.0138631 0.0254175 0.0467622 0.0863782 0.160229 0.298761 0.560517 1.0589 2.01559 3.87302 7.52507 14.7875 29.4732 59.7408 123.358 259.883 561.492 1249.59 2860.07 6786.09 16799.8 43437.1 117011 332148 1.00231e+06 3.05566e+06 9.50547e+06 -1.27708e+08 6.45268e+07 1.24654e+08 2.1883e+08 3.52737e+08 
0.000230206 5.23303e-05 9.46657e-05 0.000171466 0.00031103 0.000565078 0.00102858 0.00187652 0.00343228 0.00629552 0.0115877 0.0214158 0.039751 0.0741749 0.139281 0.263387 0.50196 0.965892 1.8797 3.70123 7.39458 15.0299 31.1387 65.8777 143.046 320.223 738.719 1770.04 4434.97 11648.1 32076.2 93712.2 293354 947943 3.19138e+06 1.10947e+07 -1.81783e+08 8.3161e+07 1.62381e+08 2.8199e+08 
4.57841e-05 1.04084e-05 1.88305e-05 3.41109e-05 6.18824e-05 0.000112443 0.000204708 0.000373533 0.000683361 0.00125375 0.00230835 0.0042676 0.00792452 0.014794 0.0277941 0.0525927 0.100307 0.193184 0.376327 0.741935 1.48448 3.02245 6.27473 13.3093 28.9887 65.1297 150.979 363.967 918.804 2437.05 6805.98 20259.1 64968.1 218595 781387 2.98258e+06 1.15726e+07 -2.48324e+08 9.78478e+07 1.99277e+08 
7.15273e-06 1.62617e-06 2.9422e-06 5.33009e-06 9.67043e-06 1.75734e-05 3.1997e-05 5.8393e-05 0.000106844 0.000196061 0.000361055 0.000667665 0.00124015 0.00231597 0.00435279 0.00824015 0.0157245 0.0303032 0.0590731 0.116566 0.233468 0.475914 0.989422 2.10239 4.58873 10.3348 24.0349 58.1743 147.578 393.952 1110.24 3345.16 10897.7 37676.6 140540 571721 2.4674e+06 1.06842e+07 -3.28535e+08 1.19785e+08 
8.47642e-07 1.92718e-07 3.487e-07 6.31739e-07 1.14624e-06 2.08314e-06 3.79322e-06 6.92312e-06 1.26689e-05 2.32508e-05 4.2824e-05 7.92042e-05 0.000147148 0.000274864 0.000516739 0.000978535 0.00186803 0.0036015 0.00702422 0.0138688 0.027797 0.0567079 0.118005 0.251027 0.548613 1.23743 2.88325 6.99439 17.791 47.6509 134.903 408.909 1342.45 4706.09 17976.1 76059.3 353638 1.79586e+06 9.88609e+06 -4.1768e+08 
dt_FE: 2.39416e-09
dt_EA: 2.39416e-09
dt_PE: 2.39416e-09
tolC: 1e-06
dt_grow: 1.03
dt_max: 0.1
steps: 0
