t: 1.86746e-07
dt: 2.39075e-09
N: 0.141676 0.161453 0.183553 0.208145 0.235351 0.265183 0.297664 0.332739 0.370195 0.409609 0.450651 0.492764 0.534928 0.576427 0.616406 0.653721 0.68707 0.715897 0.739391 0.756117 0.765856 0.76805 0.761578 0.744937 0.717029 0.675617 0.617375 0.540755 0.445993 0.33826 0.229844 0.136983 0.0705848 0.0313003 0.0118702 0.00380698 0.00101409 0.000218799 3.705e-05 4.7422e-06 
eC: 1 1.15749 1.33977 1.55077 1.795 2.07768 2.40489 2.78363 3.22201 3.72944 4.31677 4.99661 5.78351 6.69433 7.7486 8.9689 10.3814 12.0163 13.9087 16.0991 18.6345 21.5692 24.9661 28.8979 33.4489 38.7167 44.814 51.8717 60.0407 69.4963 80.4411 93.1095 107.773 124.746 144.391 167.131 193.452 223.918 259.182 300 
dV: 1.08333 0.211322 0.327712 0.508206 0.788112 1.22218 1.89532 2.93921 4.55805 7.06849 10.9616 16.999 26.3615 40.8807 63.3966 98.3136 152.462 236.434 366.655 568.597 881.764 1367.42 2120.55 3288.49 5099.69 7908.45 12264.2 19019 29494.1 45738.6 70930.1 109996 170579 264529 410225 636165 986546 1.52991e+06 2.37254e+06 3.67926e+06 
kVec: 1.01467e+06 1.17592e+06 1.35516e+06 1.56151e+06 1.79879e+06 2.07068e+06 2.38191e+06 2.73778e+06 3.14371e+06 3.6041e+06 4.12645e+06 4.71768e+06 5.37995e+06 6.12081e+06 6.94671e+06 7.86031e+06 8.8535e+06 9.93433e+06 1.11026e+07 1.23176e+07 1.35808e+07 1.48802e+07 1.6185e+07 1.74156e+07 1.86137e+07 1.98194e+07 2.08975e+07 2.20917e+07 2.36928e+07 2.61492e+07 2.99488e+07 3.63571e+07 4.72572e+07 6.39474e+07 8.95193e+07 1.28149e+08 1.82219e+08 2.48822e+08 3.29104e+08 4.18278e+08 
cMat: 
-91374.7 824.105 968.369 1127.98 1314.94 1535.06 1794.4 2100.18 2462.18 2893.78 3407.78 4021.54 4764.19 5663.02 6753.48 8089.69 9750.79 11811 14381.1 17677.9 21896.9 27325 34444.9 43976.1 56690.4 73813.3 97750.4 130950 177341 243518 339114 476851 676940 973372 1.40538e+06 2.03156e+06 2.92035e+06 4.17371e+06 5.97155e+06 8.57442e+06 
4094.78 -109567 1090.38 1270.12 1480.64 1728.52 2020.56 2364.92 2772.58 3258.65 3837.53 4528.79 5365.25 6377.67 7606 9111.25 10982.6 13303.8 16199.8 19914.8 24669.7 30787.9 38814.1 49560.3 63897.7 83209.6 110212 147671 200023 274718 382640 538164 764129 1.09894e+06 1.58695e+06 2.29437e+06 3.29853e+06 4.71455e+06 6.74572e+06 9.68642e+06 
2993.33 678.336 -125270 1424.05 1660.11 1938.06 2265.53 2651.67 3108.82 3653.91 4303.11 5078.37 6016.52 7152.09 8529.92 10218.5 12318 14922.4 18171.9 22341.1 27678 34546.1 43557.6 55625.1 71728.5 93423.6 123766 165866 224721 308712 430094 605052 859307 1.23609e+06 1.78537e+06 2.58171e+06 3.71215e+06 5.30622e+06 7.5928e+06 1.09033e+07 
2157.6 488.949 881.213 -143629 1852.85 2163.09 2528.62 2959.65 3469.96 4078.47 4803.23 5668.75 6716.2 7984.17 9522.74 11408.5 13753.3 16662.4 20292.5 24950.6 30914.3 38590.3 48663.6 62156 80164.6 104432 138381 185499 251385 345437 481392 677403 962321 1.38462e+06 2.00036e+06 2.89319e+06 4.1607e+06 5.94798e+06 8.51176e+06 1.22236e+07 
1547.04 350.588 631.856 1139.63 -165014 2380.52 2807.84 3286.54 3853.29 4529.14 5334.14 6295.54 7459.11 8867.74 10577.1 12672.4 15278.1 18511.2 22546.2 27724.7 34355.8 42892.2 54097.1 69108.9 89150.4 116164 153967 206449 279857 384680 536248 754830 1.07264e+06 1.54379e+06 2.23089e+06 3.22736e+06 4.64212e+06 6.63698e+06 9.49852e+06 1.36415e+07 
1103.33 250.039 450.644 812.805 1454.31 -189830 3098.7 3627.06 4252.65 4998.69 5887.36 6948.75 8233.44 9788.85 11676.5 13990.6 16868.8 20440.6 24898.8 30621.7 37951.4 47389.2 59780.5 76386.5 98562.9 128464 170322 228454 309797 425992 594062 836525 1.18917e+06 1.71208e+06 2.47486e+06 3.58133e+06 5.15238e+06 7.36754e+06 1.05451e+07 1.51458e+07 
781.917 177.201 319.372 576.045 1039.97 1878.63 -218580 3976.25 4662.21 5480.31 6454.86 7618.91 9028 10734.2 12805.1 15344.1 18502.7 22422.9 27316.9 33600.8 41650.9 52018.8 65635.3 83889.5 108275 141167 187232 251233 340825 468861 654133 921514 1.31055e+06 1.88757e+06 2.72954e+06 3.95116e+06 5.68591e+06 8.13177e+06 1.16403e+07 1.67202e+07 
550.069 124.66 224.681 405.258 731.65 1321.7 2389.97 -251840 5021.38 5965.06 7026.14 8293.65 9828.15 11686.4 13942.2 16708.2 20149.9 24422.2 29756.9 36608.4 45387.9 56698.7 71558.3 91486.7 118119 154057 204411 274405 372433 512593 715503 1.00847e+06 1.43491e+06 2.06761e+06 2.99112e+06 4.33143e+06 6.23495e+06 8.91861e+06 1.27684e+07 1.83423e+07 
383.931 87.01 156.825 282.872 510.705 922.597 1668.34 2989.48 -290457 6440.04 7586.01 8955.06 10612.7 12620.4 15057.8 18047.2 21767.5 26386.7 32155.9 39567.7 49068.1 61311.5 77402.7 98992.4 127858 166827 221460 297443 403918 556243 776881 1.09561e+06 1.55977e+06 2.24869e+06 3.25464e+06 4.71506e+06 6.78946e+06 9.71386e+06 1.39091e+07 1.99832e+07 
265.88 60.2573 108.609 195.906 353.705 638.993 1155.53 2092.54 3794.68 -335166 8114.75 9579.92 11354.2 13503.5 16113.4 19314.9 23300.1 28249.6 34432.9 42379.7 52569.7 65707.1 82981.1 106170 137191 179094 237880 319692 434414 598650 836693 1.18078e+06 1.68217e+06 2.42667e+06 3.51428e+06 5.09385e+06 7.33788e+06 1.05012e+07 1.50392e+07 2.16098e+07 
182.392 41.3368 74.5077 134.399 242.662 438.402 792.826 1435.79 2603.83 4727.03 -387190 10152.6 12034.2 14313.8 17082.5 20479.6 24709.6 29964.5 36531.5 44974.9 55806.2 69776.7 88155.9 112844 145890 190558 253270 340614 463186 638800 893521 1.26197e+06 1.79924e+06 2.59742e+06 3.76403e+06 5.4591e+06 7.86769e+06 1.12627e+07 1.61332e+07 2.31853e+07 
123.842 28.0679 50.5925 91.263 164.784 297.716 538.428 975.129 1768.53 3210.83 5841.47 -447994 12536 15025.2 17934 21504.1 25950.9 31476.9 38385.1 47271.5 58676.6 73394.5 92768.5 118811 153694 200879 267185 359612 489430 675592 945838 1.33706e+06 1.90798e+06 2.75663e+06 3.99774e+06 5.80195e+06 8.36621e+06 1.19803e+07 1.71653e+07 2.46727e+07 
83.3709 18.8959 34.061 61.4442 110.948 200.46 362.557 656.656 1191.02 2162.54 3934.69 7123.75 -519148 15600.6 18624.2 22336.2 26961.6 32711.8 39903.3 49159.5 61046 76394.6 96613.4 123814 160279 209650 279100 376010 512271 707887 992147 1.40406e+06 2.00575e+06 2.90075e+06 4.2106e+06 6.11588e+06 8.82456e+06 1.26417e+07 1.81182e+07 2.60479e+07 
55.5919 12.6002 22.7134 40.9755 73.9913 133.695 241.819 438.011 794.515 1442.75 2625.35 4789.68 8751.45 -603114 19145.2 22966.4 27730.1 33654.9 41068.4 50616.6 62886.3 78741 99644 127792 165565 216760 288865 389601 531418 735270 1.03185e+06 1.46212e+06 2.09131e+06 3.02799e+06 4.39998e+06 6.39706e+06 9.23717e+06 1.3239e+07 1.89807e+07 2.72944e+07 
36.7134 8.32157 15.0013 27.0639 48.8731 88.3141 159.749 289.379 524.96 953.375 1735.07 3165.92 5785.6 10602.2 -702868 23139.8 28263.4 34314.4 41890 51654.4 64211.3 80450.3 101880 130770 169580 222244 296524 400441 546944 757840 1.06509e+06 1.51143e+06 2.16494e+06 3.13872e+06 4.56643e+06 6.64629e+06 9.60525e+06 1.37739e+07 1.97552e+07 2.84159e+07 
24.0737 5.45683 9.83748 17.7488 32.0535 57.9251 104.788 189.838 344.42 625.58 1138.68 2078.05 3798.34 6962.13 12667 -822739 28580.7 34714 42397.6 52309.8 65068 81582.8 103401 132851 172466 226297 302347 408914 559402 776407 1.09307e+06 1.55379e+06 2.22936e+06 3.23714e+06 4.71632e+06 6.87322e+06 9.94314e+06 1.42674e+07 2.04721e+07 2.94564e+07 
15.7481 3.56981 6.43596 11.6125 20.9731 37.9047 68.5774 124.251 225.457 409.568 745.626 1361.02 2488.32 4562.23 8396.81 15511.3 -966924 34915.8 42667.9 52678.9 65578 82293.7 104406 134301 174577 229398 307003 415963 570142 792941 1.1187e+06 1.59355e+06 2.29113e+06 3.33312e+06 4.86462e+06 7.10039e+06 1.02843e+07 1.47682e+07 2.12022e+07 3.05186e+07 
10.2848 2.3315 4.20368 7.58533 13.7008 24.7639 44.8081 81.1954 147.353 267.731 487.507 890.067 1627.74 2985.33 5496.49 10157.8 18825.2 -1.14326e+06 42896.8 53002.2 66038.5 82953.7 105364 135715 176679 232543 311808 423351 581555 810725 1.14657e+06 1.63721e+06 2.3595e+06 3.44008e+06 5.0308e+06 7.35613e+06 1.06697e+07 1.53351e+07 2.20298e+07 3.17236e+07 
6.73397 1.52664 2.75273 4.96756 8.97336 16.2209 29.354 53.1992 96.5615 175.481 319.603 583.666 1067.73 1958.95 3608.2 6671.26 12370.6 23067.3 -1.36197e+06 53249.7 66800.2 84004.3 106836 137820 179723 236993 318467 433415 596883 834341 1.18325e+06 1.69426e+06 2.44838e+06 3.57859e+06 5.24539e+06 7.68566e+06 1.11657e+07 1.60639e+07 2.30931e+07 3.32711e+07 
4.47341 1.01423 1.82894 3.30081 5.96321 10.781 19.5127 35.3696 64.2119 116.72 212.64 388.447 710.87 1304.78 2404.46 4448.16 8253.88 15402.7 28777.2 -1.63248e+06 68144.8 85811.7 109307 141269 184603 243989 328749 448719 619899 869432 1.23731e+06 1.77781e+06 2.57792e+06 3.77976e+06 5.5562e+06 8.16199e+06 1.18816e+07 1.71152e+07 2.46261e+07 3.55011e+07 
3.01915 0.684568 1.23459 2.2284 4.02631 7.2803 13.1791 23.8937 43.3878 78.8892 143.765 262.718 480.987 883.273 1628.61 3014.8 5598.5 10456.6 19669.9 37130.1 -1.97395e+06 89034.5 113618 147156 192758 255448 345268 472880 655683 923269 1.31933e+06 1.90345e+06 2.77132e+06 4.07845e+06 6.01571e+06 8.86386e+06 1.2934e+07 1.86588e+07 2.68747e+07 3.87696e+07 
2.07603 0.470766 0.849099 1.53279 2.76985 5.00924 9.06968 16.447 29.8732 54.3332 99.0492 181.076 331.673 609.412 1124.35 2082.86 3871.26 7237.73 13630.1 25763.9 49060.2 -2.41113e+06 119273 156636 205738 273480 370965 510073 710252 1.00469e+06 1.44252e+06 2.09114e+06 3.05896e+06 4.52128e+06 6.69531e+06 9.90005e+06 1.4486e+07 2.09334e+07 3.01868e+07 4.35822e+07 
1.46184 0.331524 0.598031 1.07971 1.95143 3.52982 6.39248 11.5951 21.0667 38.3295 69.9025 127.849 234.307 430.786 795.364 1474.64 2743.55 5135.23 9683.13 18332.1 34971.8 66625.8 -2.97723e+06 170565 224750 299821 408418 564190 789572 1.12302e+06 1.62166e+06 2.36436e+06 3.4784e+06 5.1682e+06 7.68992e+06 1.14191e+07 1.67646e+07 2.4276e+07 3.50567e+07 5.06601e+07 
1.05618 0.239556 0.432194 0.780433 1.41078 2.55245 4.62368 8.38918 15.2472 27.7526 50.6368 92.6618 169.928 312.653 577.739 1072.2 1997.17 3743.2 7069 13407.9 25632.9 49515.5 96524.5 -3.70686e+06 250413 335496 459366 638193 898687 1.28691e+06 1.87168e+06 2.74866e+06 4.07298e+06 6.09185e+06 9.11912e+06 1.36142e+07 2.00714e+07 2.91398e+07 4.21551e+07 6.09867e+07 
0.774513 0.175693 0.317027 0.572576 1.03525 1.87349 3.39474 6.16141 11.2025 20.3998 37.2401 68.1865 125.133 230.422 426.184 791.793 1476.79 2772.02 5243.8 9966.67 19099.8 36996.4 72351 142447 -4.67188e+06 382722 527118 737142 1.0455e+06 1.50906e+06 2.21334e+06 3.27829e+06 4.8995e+06 7.38619e+06 1.11364e+07 1.67323e+07 2.4792e+07 3.61041e+07 5.23392e+07 7.58189e+07 
0.571736 0.129714 0.234101 0.422889 0.764783 1.3844 2.5093 4.55597 8.28694 15.0981 27.5774 50.5265 92.7961 171.031 316.66 589.016 1100.18 2068.51 3920.3 7468.31 14350.3 27881.2 54720.2 108200 216982 -5.97133e+06 611592 865005 1.237e+06 1.80188e+06 2.66887e+06 3.99271e+06 6.02746e+06 9.17168e+06 1.3946e+07 2.11116e+07 3.14653e+07 4.59883e+07 6.6831e+07 9.6956e+07 
0.423616 0.0961248 0.173516 0.313518 0.567135 1.02694 1.86205 3.38219 6.15483 11.22 20.5072 37.6002 69.1176 127.522 236.383 440.3 823.776 1551.8 2947.42 5630.03 10852 21159.9 41704.7 82887.9 167203 342181 -7.66814e+06 1.00719e+06 1.4553e+06 2.14474e+06 3.21739e+06 4.87689e+06 7.46106e+06 1.1496e+07 1.768e+07 2.70349e+07 4.06118e+07 5.96455e+07 8.69585e+07 1.26395e+08 
0.307826 0.0698627 0.126137 0.227967 0.412493 0.747169 1.3553 2.46281 4.48405 8.17922 14.9599 27.4509 50.5095 93.2945 173.157 323.013 605.433 1142.86 2175.83 4168.36 8062.11 15781.9 31250.1 62464 126833 262517 546334 -9.94771e+06 1.68888e+06 2.52331e+06 3.84342e+06 5.91917e+06 9.20496e+06 1.44055e+07 2.24706e+07 3.47946e+07 5.2784e+07 7.79955e+07 1.14168e+08 1.66319e+08 
0.214902 0.0487824 0.0880968 0.159258 0.288252 0.522309 0.94781 1.72313 3.139 5.72947 10.4871 19.2595 35.4736 65.6 121.92 227.795 427.786 809.31 1544.7 2968.54 5762.66 11328.4 22544.9 45343.8 92733.7 193527 406938 870624 -1.3051e+07 2.8601e+06 4.48238e+06 7.03435e+06 1.11557e+07 1.77924e+07 2.82386e+07 4.44046e+07 6.81774e+07 1.01499e+08 1.49303e+08 2.18084e+08 
0.141174 0.0320525 0.057898 0.104694 0.189552 0.343593 0.623772 1.13458 2.06802 3.77726 6.91919 12.7184 23.451 43.4217 80.8172 151.252 284.627 539.747 1032.98 1991.82 3881.95 7666.24 15340.4 31063.6 64034.1 134862 286908 622294 1.36828e+06 -1.73218e+07 4.94326e+06 7.93979e+06 1.29054e+07 2.10921e+07 3.42357e+07 5.49259e+07 8.56639e+07 1.28794e+08 1.9067e+08 2.79439e+08 
0.0850173 0.0193065 0.0348827 0.0630944 0.11427 0.207211 0.376344 0.684877 1.24906 2.28301 4.18536 7.70019 14.2138 26.3522 49.1192 92.0869 173.655 330.108 633.521 1225.83 2398.9 4760.04 9579.6 19537.6 40615.3 86383 186128 409901 927340 2.13772e+06 -2.31249e+07 8.17834e+06 1.37183e+07 2.31695e+07 3.87838e+07 6.39856e+07 1.02015e+08 1.55546e+08 2.32377e+08 3.42118e+08 
0.0456382 0.010366 0.0187337 0.0338941 0.0614044 0.111389 0.202397 0.368508 0.672459 1.22996 2.25664 4.15547 7.67902 14.255 26.6094 49.9719 94.4331 179.946 346.296 672.392 1321.25 2634.23 5331.94 10953.3 22965.4 49334.7 107704 240994 555569 1.31078e+06 3.12212e+06 -3.14353e+07 1.32522e+07 2.33022e+07 4.05465e+07 6.93377e+07 1.13778e+08 1.76756e+08 2.67287e+08 3.95881e+08 
0.0214975 0.00488379 0.0088282 0.0159768 0.0289533 0.0525414 0.0955101 0.173981 0.317662 0.581416 1.06756 1.96759 3.63989 6.76541 12.647 23.7907 45.0507 86.0501 166.051 323.519 638.297 1278.61 2602.82 5385.54 11388.6 24712.2 54674.5 124354 292350 706945 1.73772e+06 4.39724e+06 -4.39555e+07 2.12371e+07 3.88171e+07 6.94278e+07 1.18181e+08 1.88082e+08 2.88926e+08 4.3125e+08 
0.0088366 0.00200785 0.0036303 0.00657156 0.0119124 0.0216247 0.039325 0.0716664 0.130919 0.239772 0.440571 0.812659 1.50484 2.80026 5.24158 9.87543 18.7357 35.8648 69.3812 135.601 268.534 540.25 1105.53 2302.68 4908.04 10749.7 24082.4 55633.3 133294 330295 839001 2.21034e+06 6.07105e+06 -6.19616e+07 3.16708e+07 6.05069e+07 1.09171e+08 1.80907e+08 2.85557e+08 4.32175e+08 
0.00311994 0.000709033 0.00128223 0.00232162 0.00420953 0.00764401 0.0139059 0.0253528 0.0463362 0.0849116 0.156125 0.288197 0.534157 0.995035 1.86479 3.51838 6.68671 12.8257 24.8686 48.7439 96.8581 195.636 402.253 842.913 1809.58 3997.07 9056.91 21221 51732.5 131101 343432 940501 2.71354e+06 7.74468e+06 -8.84627e+07 4.60275e+07 8.9877e+07 1.58134e+08 2.60475e+08 4.03682e+08 
0.000932724 0.000212001 0.000383457 0.000694435 0.00125944 0.00228763 0.004163 0.00759267 0.0138828 0.0254536 0.0468286 0.0865009 0.160456 0.299186 0.561313 1.06041 2.01845 3.87852 7.53576 14.8085 29.5151 59.8257 123.533 260.253 562.29 1251.37 2864.14 6795.73 16823.7 43498.8 117178 332620 1.00373e+06 3.06e+06 9.51897e+06 -1.27664e+08 6.46185e+07 1.24831e+08 2.19141e+08 3.53239e+08 
0.000230294 5.23502e-05 9.47018e-05 0.000171531 0.000311149 0.000565294 0.00102898 0.00187724 0.00343359 0.00629792 0.0115921 0.0214239 0.0397662 0.0742032 0.139334 0.263487 0.502152 0.966261 1.88041 3.70264 7.3974 15.0357 31.1506 65.9028 143.1 320.345 739.001 1770.72 4436.66 11652.6 32088.5 93748 293466 948305 3.1926e+06 1.10989e+07 -1.82034e+08 8.31927e+07 1.62443e+08 2.82097e+08 
4.57879e-05 1.04093e-05 1.88321e-05 3.41137e-05 6.18875e-05 0.000112453 0.000204725 0.000373564 0.000683418 0.00125385 0.00230854 0.00426795 0.00792518 0.0147952 0.0277964 0.0525971 0.100316 0.1932 0.376358 0.741996 1.4846 3.0227 6.27524 13.3104 28.9911 65.135 150.991 363.997 918.88 2437.25 6806.55 20260.8 64973.5 218613 781452 2.98283e+06 1.15735e+07 -2.48768e+08 9.78558e+07 1.99293e+08 
7.15283e-06 1.62619e-06 2.94224e-06 5.33017e-06 9.67057e-06 1.75737e-05 3.19974e-05 5.83939e-05 0.000106845 0.000196063 0.00036106 0.000667674 0.00124017 0.00231601 0.00435285 0.00824027 0.0157248 0.0303036 0.0590739 0.116567 0.233471 0.475921 0.989436 2.10242 4.5888 10.3349 24.0353 58.1751 147.58 393.957 1110.25 3345.21 10897.8 37677.1 140542 571729 2.46743e+06 1.06844e+07 -3.29092e+08 1.19786e+08 
8.47644e-07 1.92719e-07 3.487e-07 6.3174e-07 1.14624e-06 2.08314e-06 3.79322e-06 6.92314e-06 1.26689e-05 2.32509e-05 4.28241e-05 7.92043e-05 0.000147148 0.000274865 0.00051674 0.000978537 0.00186804 0.00360151 0.00702424 0.0138689 0.027797 0.056708 0.118005 0.251028 0.548614 1.23744 2.88325 6.9944 17.791 47.651 134.904 408.91 1342.45 4706.1 17976.1 76059.5 353639 1.79586e+06 9.88611e+06 -4.18276e+08 
dt_FE: 2.39075e-09
dt_EA: 2.39075e-09
dt_PE: 2.39075e-09
tolC: 1e-06
dt_grow: 1.03
dt_max: 0.1
steps: 0
