t: 1.74315e-06
dt: 2.14296e-07
N: 0.774691 0.812653 0.845371 0.872338 0.893432 0.908906 0.919429 0.925879 0.92919 0.930234 0.929726 0.928147 0.925763 0.922674 0.918851 0.91417 0.908432 0.901353 0.892551 0.881506 0.867506 0.849576 0.826382 0.796112 0.756383 0.704253 0.636575 0.551086 0.448585 0.335672 0.225501 0.133315 0.068465 0.0303136 0.0114883 0.00368351 0.000981056 0.000211647 3.5836e-05 4.58653e-06 
eC: 1 1.15749 1.33977 1.55077 1.795 2.07768 2.40489 2.78363 3.22201 3.72944 4.31677 4.99661 5.78351 6.69433 7.7486 8.9689 10.3814 12.0163 13.9087 16.0991 18.6345 21.5692 24.9661 28.8979 33.4489 38.7167 44.814 51.8717 60.0407 69.4963 80.4411 93.1095 107.773 124.746 144.391 167.131 193.452 223.918 259.182 300 
dV: 1.08333 0.211322 0.327712 0.508206 0.788112 1.22218 1.89532 2.93921 4.55805 7.06849 10.9616 16.999 26.3615 40.8807 63.3966 98.3136 152.462 236.434 366.655 568.597 881.764 1367.42 2120.55 3288.49 5099.69 7908.45 12264.2 19019 29494.1 45738.6 70930.1 109996 170579 264529 410225 636165 986546 1.52991e+06 2.37254e+06 3.67926e+06 
kVec: 1.03008e+06 1.19338e+06 1.37488e+06 1.58371e+06 1.82368e+06 2.09842e+06 2.41264e+06 2.77157e+06 3.18054e+06 3.64378e+06 4.16866e+06 4.76187e+06 5.42521e+06 6.16592e+06 6.99007e+06 7.8998e+06 8.88629e+06 9.95719e+06 1.11117e+07 1.23082e+07 1.35478e+07 1.48184e+07 1.60891e+07 1.7281e+07 1.84373e+07 1.96008e+07 2.06412e+07 2.18077e+07 2.33972e+07 2.58634e+07 2.96964e+07 3.61556e+07 4.71157e+07 6.38682e+07 8.9496e+07 1.28173e+08 1.82276e+08 2.48899e+08 3.2919e+08 4.18366e+08 
cMat: 
-61408.1 216.327 254.196 296.094 345.171 402.953 471.028 551.297 646.32 759.615 894.54 1055.65 1250.59 1486.54 1772.78 2123.54 2559.57 3100.38 3775.04 4640.42 5747.91 7172.78 9041.75 11543.7 14881.2 19375.9 25659.4 34374.3 46552 63923.2 89017.2 125173 177696 255509 368912 533283 766590 1.0956e+06 1.56753e+06 2.25078e+06 
914.852 -72349.2 243.612 283.768 330.804 386.185 451.432 528.367 619.447 728.044 857.378 1011.82 1198.7 1424.89 1699.32 2035.62 2453.72 2972.33 3619.33 4449.33 5511.67 6878.6 8671.81 11072.7 14275.9 18590.6 24623.5 32992.4 44689 61377.2 85489 120236 170721 245524 354555 512606 736953 1.05332e+06 1.50712e+06 2.16413e+06 
566.915 128.472 -83709.5 269.705 314.413 367.054 429.074 502.207 588.788 692.024 814.977 961.805 1139.48 1354.55 1615.5 1935.31 2332.93 2826.18 3441.62 4231.24 5242.01 6542.78 8249.48 10535 13584.8 17693.7 23440.3 31413.9 42560.5 58467.8 81456.6 114592 162746 234107 338136 488957 703054 1.00496e+06 1.43802e+06 2.065e+06 
347.846 78.8278 142.068 -97063.4 298.714 348.731 407.661 477.152 559.423 657.526 774.371 913.91 1082.78 1287.2 1535.24 1839.26 2217.29 2686.29 3271.53 4022.51 4983.97 6221.48 7845.48 10020.7 12924 16836.4 22309.7 29905.9 40528 55690.9 77609.4 109210 155144 223227 322496 466437 670783 958927 1.37226e+06 1.97067e+06 
215.609 48.861 88.061 158.829 -112778 331.77 391.326 458.041 537.028 631.22 743.412 877.402 1039.57 1235.89 1474.12 1766.14 2129.29 2579.89 3142.23 3863.96 4788.12 5977.83 7539.45 9631.62 12424.8 16189.7 21458.2 28772.5 39003.3 53612.3 74736.2 105200 149493 215155 310916 449794 646966 924987 1.3238e+06 1.9012e+06 
136.778 30.9969 55.8655 100.762 180.288 -131256 384.14 449.64 527.193 619.679 729.845 861.424 1020.69 1213.51 1447.52 1734.39 2091.2 2533.98 3086.66 3796.12 4704.76 5874.76 7410.88 9469.49 12218.7 15925.4 21114.5 28321.1 38405 52809.4 73644.8 103702 147419 212243 306804 443971 638731 913341 1.30726e+06 1.87759e+06 
89.6999 20.3281 36.6377 66.0827 119.303 215.512 -153032 456.148 534.839 628.689 740.488 874.026 1035.67 1231.41 1468.98 1760.25 2122.59 2572.31 3133.74 3854.62 4778.1 5967.49 7529.55 9623.63 12421.1 16194.4 21478.8 28821 39098.8 53786.8 75040.7 105714 150343 216539 313127 453269 652276 932859 1.33536e+06 1.91811e+06 
61.1031 13.8476 24.9581 45.0172 81.2736 146.818 265.484 -178766 557.787 662.614 780.481 921.28 1091.74 1298.16 1548.73 1855.99 2238.3 2712.88 3305.47 4066.56 5041.81 6298.24 7948.88 10162.6 13121 17113 22706.5 30481.6 41370.8 56940.2 79479.9 112023 159393 229676 332262 481146 692594 990703 1.41835e+06 2.03751e+06 
43.1658 9.78265 17.632 31.8036 57.4193 103.729 187.573 336.112 -209248 724.062 852.905 1006.83 1193.2 1418.93 1692.97 2029.07 2447.35 2966.69 3615.33 4448.64 5516.79 6893.34 8702.49 11129.8 14375.3 18756.6 24899.1 33441.9 45413.1 62539.2 87345.7 123180 175367 252824 365924 530120 763348 1.09214e+06 1.56381e+06 2.24673e+06 
31.4188 7.12055 12.8342 23.1501 41.797 75.5093 136.549 247.274 448.414 -245364 958.914 1132.05 1341.72 1595.7 1904.11 2282.42 2753.36 3338.23 4068.91 5007.98 6212.12 7764.56 9805.81 12546.1 16211.8 21163.4 28110.1 37777.8 51334.4 70742 98871.4 139531 198780 286758 415279 601936 867112 1.24092e+06 1.77717e+06 2.55361e+06 
23.3319 5.28788 9.53117 17.1926 31.0418 56.0813 101.42 183.668 333.087 604.69 -288426 1298.74 1539.44 1831.05 2185.23 2619.79 3160.9 3833.12 4673.17 5753.27 7138.84 8925.97 11277.1 14435.2 18662.5 24376.5 32398.8 43572 59251.7 81716.5 114301 161434 230162 332267 481502 698338 1.00645e+06 1.44075e+06 2.06379e+06 2.96591e+06 
17.5431 3.97601 7.16677 12.928 23.3427 42.1735 76.2719 138.133 250.524 454.836 827.483 -340022 1775.81 2128.42 2540.48 3046.2 3676.12 4458.92 5437.51 6696.33 8311.93 10396.8 13141.3 16830.3 21771.7 28455.9 37848.6 50941.4 69331 95702.1 133984 189404 270278 390495 566307 821885 1.18513e+06 1.69709e+06 2.43157e+06 3.49505e+06 
13.3081 3.01627 5.437 9.80806 17.7101 31.9985 57.8733 104.819 190.117 345.196 628.077 1137.13 -401804 2490.26 2972.9 3565.42 4303.76 5221.63 6369.59 7847.11 9744.49 12194.5 15422 19763.9 25584.7 33465.5 44551.5 60020.8 81771.6 112997 158372 224124 320168 463034 672119 976251 1.40863e+06 2.01794e+06 2.89213e+06 4.15791e+06 
10.1486 2.30024 4.14647 7.48032 13.5076 24.4068 44.1456 79.9614 145.043 263.382 479.273 874.385 1597.63 -476374 3495.08 4192.66 5062.3 6143.91 7497.29 9240.37 11480.3 14374.7 18190.6 23329.3 30224.9 39570.8 52733.9 71123.9 97013.5 134228 188371 266919 381782 552778 803242 1.16782e+06 1.6863e+06 2.41687e+06 3.46504e+06 4.98276e+06 
7.7667 1.76042 3.17351 5.72534 10.3391 18.6828 33.7948 61.218 111.055 201.686 367.052 669.747 1223.94 2242.88 -567053 4895.21 5979.09 7259.18 8861.8 10927.4 13583.8 17019.2 21552.7 27664.2 35874.6 47015.6 62729.4 84712.9 115705 160320 225319 319741 457990 663995 966024 1.40602e+06 2.03198e+06 2.91387e+06 4.17919e+06 6.01136e+06 
5.96698 1.35255 2.43835 4.39927 7.94487 14.3575 25.9731 47.0537 85.3689 155.058 282.236 515.072 941.467 1725.65 3139.68 -677947 7084.08 8604.31 10508.8 12965.7 16128 20221.3 25629.2 32928.8 42748 56090.6 74940.6 101355 138655 192443 270932 385126 552577 802366 1.169e+06 1.70362e+06 2.46454e+06 3.53636e+06 5.07427e+06 7.30116e+06 
4.60815 1.04459 1.88327 3.39801 6.13708 11.0915 20.0669 36.358 65.9724 119.846 218.182 398.257 728.125 1334.98 2457.05 4538.87 -813653 10216.9 12485.3 15414.7 19189.2 24080.5 30551 39298.8 51084.2 67125.7 89834.2 121718 166833 232028 327350 466300 670424 975327 1.42347e+06 2.07769e+06 3.00937e+06 4.32142e+06 6.20412e+06 8.93025e+06 
3.5711 0.809547 1.45961 2.63379 4.75723 8.59857 15.5584 28.1928 51.1642 92.9621 169.273 309.051 565.187 1036.57 1908.5 3527.01 6536.54 -982213 14894.7 18403.5 22930 28803.4 36584.7 47123.3 61346.8 80744.1 108267 146997 201929 281502 398115 568474 819270 1.19447e+06 1.7468e+06 2.55421e+06 3.70477e+06 5.32469e+06 7.64923e+06 1.10151e+07 
2.7764 0.629432 1.13495 2.04812 3.6997 6.68784 12.1026 21.9339 39.8122 72.3506 131.772 240.644 440.222 807.67 1487.65 2750.55 5100.38 9510.59 -1.19391e+06 21954.8 27541.6 34634.8 44048.4 56823.1 74099.6 97712 131304 178696 246094 343997 487852 698540 1.00946e+06 1.47545e+06 2.16266e+06 3.16878e+06 4.60358e+06 6.62312e+06 9.52125e+06 1.37176e+07 
2.17347 0.492776 0.888615 1.60375 2.89731 5.23808 9.4805 17.1848 31.1982 56.7102 103.314 188.732 345.386 633.947 1168.24 2161.2 4010.26 7483.6 13981.8 -1.45843e+06 33109.1 41692.8 53108.2 68637.7 89692.1 118545 159727 218016 301187 422426 601163 863775 1.25252e+06 1.83645e+06 2.69956e+06 3.96561e+06 5.77282e+06 8.31566e+06 1.19649e+07 1.72487e+07 
1.70844 0.387375 0.698614 1.26098 2.27835 4.11968 7.45759 13.5206 24.5517 44.6408 81.3516 148.664 272.175 499.815 921.575 1705.98 3168.01 5917.07 11130.6 21010.7 -1.795e+06 50381.7 64292.5 83270.7 109076 144550 195376 267587 371030 522447 746564 1.0771e+06 1.5682e+06 2.30786e+06 3.40409e+06 5.01577e+06 7.31895e+06 1.05584e+07 1.52075e+07 2.19385e+07 
1.34634 0.3053 0.550655 0.994039 1.7963 3.24858 5.88185 10.6662 19.3733 35.236 64.2351 117.431 215.096 395.214 729.163 1350.77 2510.58 4693.79 8839.33 16708.3 31816.4 -2.22902e+06 77350.5 101581 133424 177356 240577 330791 460611 651559 935501 1.35614e+06 1.98379e+06 2.93213e+06 4.34203e+06 6.42035e+06 9.39444e+06 1.35757e+07 1.95767e+07 2.82638e+07 
1.0645 0.241415 0.435484 0.786245 1.42103 2.5704 4.65499 8.4435 15.3407 27.9114 50.9028 93.0994 170.622 313.697 579.182 1073.83 1997.85 3739.46 7051.22 13349.4 25466.4 48516.7 -2.79336e+06 124205 163662 218328 297408 410841 574964 817777 1.18089e+06 1.72172e+06 2.53296e+06 3.76347e+06 5.59978e+06 8.31538e+06 1.22079e+07 1.76777e+07 2.55282e+07 3.68905e+07 
0.844274 0.191493 0.34548 0.623851 1.12773 2.04034 3.696 6.70602 12.1881 22.1845 40.4773 74.0706 135.835 249.924 461.824 857.078 1596.46 2992.18 5650.71 10717.8 20490 39580.9 77158.3 -3.52338e+06 200172 268183 367201 510149 718379 1.02871e+06 1.49616e+06 2.19719e+06 3.2558e+06 4.86961e+06 7.28951e+06 1.08827e+07 1.60444e+07 2.32933e+07 3.36973e+07 4.87506e+07 
0.666799 0.151259 0.272937 0.492946 0.891279 1.61294 2.92262 5.30452 9.64451 17.5627 32.061 58.7036 107.73 198.377 366.913 681.676 1271.41 2386.51 4514.53 8580.57 16443.6 31851.2 62288.9 122637 -4.49163e+06 329495 453810 634625 900102 1.29919e+06 1.90552e+06 2.82237e+06 4.21811e+06 6.35897e+06 9.58764e+06 1.44053e+07 2.13441e+07 3.1083e+07 4.50602e+07 6.52745e+07 
0.521265 0.118263 0.213435 0.385557 0.697271 1.26219 2.28779 4.15379 7.5554 13.7653 25.143 46.0662 84.6044 155.933 288.707 537.02 1003.06 1885.91 3574.23 6809.03 13083.5 25420 49889.7 98648.1 197828 -5.79687e+06 557603 788645 1.1278e+06 1.64282e+06 2.43327e+06 3.64025e+06 5.49537e+06 8.36204e+06 1.27149e+07 1.9248e+07 2.86876e+07 4.19286e+07 6.09313e+07 8.8397e+07 
0.40236 0.0913014 0.164809 0.297786 0.538677 0.975407 1.76862 3.21248 5.84599 10.657 19.4782 35.7135 65.6494 121.123 224.522 418.206 782.44 1473.93 2799.52 5347.52 10307.4 20098.1 39612 78728.7 158813 325010 -7.50154e+06 956653 1.38227e+06 2.03712e+06 3.05595e+06 4.63217e+06 7.08667e+06 1.09192e+07 1.67929e+07 2.56783e+07 3.8574e+07 5.66526e+07 8.25951e+07 1.20052e+08 
0.300901 0.0682911 0.1233 0.222839 0.403213 0.73036 1.32481 2.40741 4.38317 7.99521 14.6234 26.8334 49.3733 91.1957 169.262 315.746 591.813 1117.15 2126.89 4074.58 7880.74 15426.8 30547.1 61058.8 123979 256612 534043 -9.78979e+06 1.65089e+06 2.46655e+06 3.75695e+06 5.78601e+06 8.99788e+06 1.40814e+07 2.19651e+07 3.40119e+07 5.15965e+07 7.62409e+07 1.116e+08 1.62577e+08 
0.213897 0.0485542 0.0876848 0.158513 0.286904 0.519866 0.943377 1.71508 3.12432 5.70268 10.438 19.1694 35.3077 65.2932 121.35 226.729 425.785 805.525 1537.47 2954.66 5735.71 11275.5 22439.5 45131.7 92299.9 192622 405035 866552 -1.29016e+07 2.84673e+06 4.46142e+06 7.00145e+06 1.11035e+07 1.77092e+07 2.81065e+07 4.41969e+07 6.78585e+07 1.01024e+08 1.48605e+08 2.17064e+08 
0.141726 0.0321778 0.0581243 0.105104 0.190293 0.344936 0.626211 1.13902 2.07611 3.79202 6.94624 12.7681 23.5427 43.5915 81.1331 151.844 285.74 541.858 1037.01 1999.61 3897.12 7696.21 15400.3 31185 64284.5 135389 288030 624726 1.37363e+06 -1.71818e+07 4.96259e+06 7.97083e+06 1.29558e+07 2.11745e+07 3.43695e+07 5.51407e+07 8.59988e+07 1.29298e+08 1.91415e+08 2.80532e+08 
0.0854967 0.0194154 0.0350794 0.0634502 0.114914 0.208379 0.378466 0.688739 1.2561 2.29588 4.20896 7.74362 14.294 26.5008 49.3962 92.6063 174.634 331.969 637.093 1232.74 2412.43 4786.88 9633.63 19647.8 40844.4 86870.2 187177 412212 932570 2.14978e+06 -2.29998e+07 8.22446e+06 1.37957e+07 2.33002e+07 3.90026e+07 6.43464e+07 1.0259e+08 1.56424e+08 2.33687e+08 3.44047e+08 
0.0458321 0.0104101 0.0188133 0.0340381 0.0616653 0.111863 0.203258 0.370075 0.675317 1.23519 2.26623 4.17313 7.71166 14.3155 26.7225 50.1843 94.8344 180.711 347.768 675.25 1326.87 2645.43 5354.6 10999.9 23063 49544.4 108162 242018 557930 1.31635e+06 3.13539e+06 -3.13355e+07 1.33085e+07 2.34013e+07 4.07188e+07 6.96324e+07 1.14262e+08 1.77507e+08 2.68423e+08 3.97563e+08 
0.0215465 0.00489492 0.00884834 0.0160132 0.0290193 0.0526612 0.0957279 0.174378 0.318386 0.582742 1.07 1.97208 3.64819 6.78084 12.6758 23.845 45.1534 86.2464 166.429 324.257 639.753 1281.53 2608.75 5397.82 11414.6 24768.6 54799.2 124638 293016 708558 1.74168e+06 4.40726e+06 -4.38899e+07 2.12856e+07 3.89057e+07 6.95861e+07 1.18451e+08 1.88511e+08 2.89585e+08 4.32234e+08 
0.0088456 0.0020099 0.003634 0.00657825 0.0119245 0.0216467 0.039365 0.0717394 0.131053 0.240016 0.441019 0.813487 1.50638 2.80311 5.24692 9.88549 18.7548 35.9013 69.4519 135.739 268.808 540.801 1106.66 2305.03 4913.04 10760.6 24106.9 55689.9 133430 330631 839855 2.21259e+06 6.07724e+06 -6.19322e+07 3.1703e+07 6.05685e+07 1.09282e+08 1.81091e+08 2.85848e+08 4.32615e+08 
0.00312115 0.000709307 0.00128272 0.00232251 0.00421116 0.00764696 0.0139112 0.0253626 0.0463542 0.0849444 0.156185 0.288308 0.534364 0.99542 1.86551 3.51974 6.68929 12.8307 24.8782 48.7628 96.8956 195.712 402.408 843.239 1810.28 3998.62 9060.41 21229.2 51752.5 131152 343565 940865 2.71459e+06 7.74767e+06 -8.84678e+07 4.60453e+07 8.99118e+07 1.58195e+08 2.60575e+08 4.03838e+08 
0.00093284 0.000212028 0.000383505 0.000694521 0.00125959 0.00228792 0.00416351 0.00759361 0.0138845 0.0254567 0.0468344 0.0865117 0.160476 0.299223 0.561383 1.06054 2.0187 3.879 7.5367 14.8103 29.5188 59.8331 123.548 260.285 562.359 1251.52 2864.49 6796.57 16825.7 43504.2 117192 332661 1.00386e+06 3.06038e+06 9.52015e+06 -1.27701e+08 6.46265e+07 1.24847e+08 2.19168e+08 3.53282e+08 
0.000230301 5.23519e-05 9.4705e-05 0.000171537 0.000311159 0.000565312 0.00102901 0.0018773 0.0034337 0.00629813 0.0115925 0.0214246 0.0397675 0.0742057 0.139339 0.263496 0.502168 0.966293 1.88048 3.70276 7.39764 15.0362 31.1516 65.9049 143.105 320.355 739.026 1770.78 4436.81 11652.9 32089.5 93751.1 293475 948336 3.1927e+06 1.10993e+07 -1.82097e+08 8.31955e+07 1.62449e+08 2.82106e+08 
4.57882e-05 1.04093e-05 1.88322e-05 3.41139e-05 6.1888e-05 0.000112453 0.000204726 0.000373567 0.000683423 0.00125386 0.00230856 0.00426798 0.00792523 0.0147953 0.0277966 0.0525974 0.100316 0.193202 0.376361 0.742001 1.48461 3.02272 6.27529 13.3105 28.9913 65.1355 150.992 364 918.886 2437.27 6806.6 20261 64974 218615 781458 2.98285e+06 1.15736e+07 -2.48846e+08 9.78565e+07 1.99294e+08 
7.15284e-06 1.62619e-06 2.94225e-06 5.33018e-06 9.67058e-06 1.75737e-05 3.19975e-05 5.83939e-05 0.000106845 0.000196064 0.00036106 0.000667675 0.00124017 0.00231601 0.00435286 0.00824028 0.0157248 0.0303036 0.059074 0.116568 0.233471 0.475922 0.989437 2.10242 4.5888 10.335 24.0353 58.1752 147.581 393.958 1110.25 3345.21 10897.8 37677.1 140542 571730 2.46744e+06 1.06844e+07 -3.29178e+08 1.19787e+08 
8.47644e-07 1.92719e-07 3.487e-07 6.3174e-07 1.14624e-06 2.08314e-06 3.79322e-06 6.92314e-06 1.26689e-05 2.32509e-05 4.28241e-05 7.92043e-05 0.000147148 0.000274865 0.00051674 0.000978537 0.00186804 0.00360151 0.00702424 0.0138689 0.027797 0.056708 0.118005 0.251028 0.548614 1.23744 2.88325 6.9944 17.791 47.651 134.904 408.91 1342.45 4706.1 17976.1 76059.5 353639 1.79586e+06 9.88611e+06 -4.18364e+08 
dt_FE: 2.14296e-07
dt_EA: 2.14296e-07
dt_PE: 2.14296e-07
tolC: 1e-06
dt_grow: 1.03
dt_max: 0.1
steps: 0
