t: 3.52036e-09
dt: 1.5124e-09
N: 0.0021059 0.00243245 0.00280843 0.00324142 0.00373976 0.00431192 0.00496854 0.00572168 0.00658374 0.00756669 0.00868783 0.00996448 0.0114069 0.0130351 0.0148696 0.0169216 0.0191899 0.0216979 0.0244552 0.0273965 0.0305245 0.0338178 0.0371645 0.0403637 0.043376 0.0460706 0.0477568 0.0483866 0.0477904 0.0454133 0.0543518 0.420593 0.349047 0.0128319 0.004968 0.00176962 0.00050153 0.000109452 1.83534e-05 2.30075e-06 
eC: 1 1.15749 1.33977 1.55077 1.795 2.07768 2.40489 2.78363 3.22201 3.72944 4.31677 4.99661 5.78351 6.69433 7.7486 8.9689 10.3814 12.0163 13.9087 16.0991 18.6345 21.5692 24.9661 28.8979 33.4489 38.7167 44.814 51.8717 60.0407 69.4963 80.4411 93.1095 107.773 124.746 144.391 167.131 193.452 223.918 259.182 300 
dV: 1.08333 0.211322 0.327712 0.508206 0.788112 1.22218 1.89532 2.93921 4.55805 7.06849 10.9616 16.999 26.3615 40.8807 63.3966 98.3136 152.462 236.434 366.655 568.597 881.764 1367.42 2120.55 3288.49 5099.69 7908.45 12264.2 19019 29494.1 45738.6 70930.1 109996 170579 264529 410225 636165 986546 1.52991e+06 2.37254e+06 3.67926e+06 
kVec: 813964 945676 1.09147e+06 1.26003e+06 1.45476e+06 1.67916e+06 1.93768e+06 2.2354e+06 2.57792e+06 2.97051e+06 3.42112e+06 3.93803e+06 4.52716e+06 5.19916e+06 5.96517e+06 6.83588e+06 7.81558e+06 8.92275e+06 1.01732e+07 1.15547e+07 1.30897e+07 1.47936e+07 1.66686e+07 1.86707e+07 2.08513e+07 2.32562e+07 2.57004e+07 2.83266e+07 3.12565e+07 3.45942e+07 3.8383e+07 4.34218e+07 5.1795e+07 6.60893e+07 9.00347e+07 1.2752e+08 1.80825e+08 2.4705e+08 3.27166e+08 4.16335e+08 
cMat: 
-204366 958.111 1125.83 1311.4 1528.76 1784.68 2086.18 2441.69 2862.55 3364.33 3961.91 4675.48 5538.88 6583.87 7851.65 9405.14 11336.3 13731.6 16719.6 20552.4 25457.5 31768.2 40045.9 51126.9 65908.7 85815.9 113645 152244 206179 283115 394257 554391 787015 1.13165e+06 1.63391e+06 2.36191e+06 3.39522e+06 4.85239e+06 6.94257e+06 9.96869e+06 
4871.31 -241438 1297.16 1510.98 1761.43 2056.32 2403.74 2813.4 3298.37 3876.62 4565.28 5387.63 6382.71 7587.13 9048.39 10839.1 13065.4 15826.7 19271.9 23691.4 29348 36626.5 46174.8 58958.9 76015.2 98989.4 131113 175675 237956 326815 455204 640221 909038 1.30734e+06 1.8879e+06 2.72947e+06 3.92406e+06 5.60861e+06 8.02498e+06 1.15233e+07 
3656 828.506 -278242 1739.31 2027.63 2367.11 2767.07 3238.7 3797.05 4462.81 5255.73 6202.61 7348.45 8735.42 10418.3 12480.7 15044.9 18225.9 22194.8 27287 33805.4 42193.9 53200.3 67939.4 87607.7 114106 151165 202586 274469 377055 525308 738998 1.04954e+06 1.50974e+06 2.18061e+06 3.15325e+06 4.53395e+06 6.48091e+06 9.27369e+06 1.33171e+07 
2715.91 615.471 1109.24 -321239 2332.29 2722.82 3182.93 3725.51 4367.86 5133.83 6046.13 7135.62 8454.11 10050.2 11986.9 14360.5 17312.2 20974 25543.4 31406.9 38913.8 48576 61255.9 78239.7 100908 131455 174189 233499 316434 434823 605958 852690 1.21133e+06 1.74291e+06 2.51798e+06 3.64184e+06 5.23733e+06 7.48711e+06 1.07143e+07 1.53866e+07 
2015.63 456.781 823.245 1484.83 -371393 3101.57 3658.34 4282.03 5020.45 5901.01 6949.85 8202.46 9718.47 11553.8 13780.9 16510.9 19905.9 24118.3 29375.4 36122.5 44762.1 55884.2 70483.1 90042 116154 151350 200603 268982 364626 501199 698677 983467 1.39754e+06 2.0114e+06 2.90662e+06 4.20493e+06 6.04821e+06 8.64731e+06 1.23756e+07 1.77735e+07 
1495.04 338.807 610.63 1101.36 1970.61 -429730 4198.78 4914.72 5762.4 6773.31 7977.47 9415.67 11156.4 13264 15821.9 18957.5 22857.6 27697.3 33738.2 41492.9 51424.7 64213.2 81003.5 103505 133554 174071 230789 309559 419780 577226 804964 1.1335e+06 1.61134e+06 2.31989e+06 3.35347e+06 4.85275e+06 6.98156e+06 9.98313e+06 1.42888e+07 2.05227e+07 
1107.78 251.048 452.469 816.108 1473.37 2661.53 -497567 5633.34 6605.16 7764.19 9144.88 10794 12790.4 15207.6 18141.6 21738.7 26213.6 31767.5 38701.1 47603.8 59008.6 73697.4 92988.5 118850 153398 199998 265260 355933 482863 664256 926739 1.30555e+06 1.85671e+06 2.67421e+06 3.86706e+06 5.59778e+06 8.05548e+06 1.15206e+07 1.64914e+07 2.36883e+07 
819.652 185.755 334.795 603.871 1090.22 1969.46 3561.27 -576426 7482.3 8888.47 10469.6 12358.3 14644.8 17413.8 20775.1 24896.8 30025.1 36391.3 44340.4 54549.8 67632.1 84486.1 106628 136323 176008 229558 304590 408888 554958 763810 1.06616e+06 1.50271e+06 2.13814e+06 3.08093e+06 4.45704e+06 6.45421e+06 9.29063e+06 1.32895e+07 1.90261e+07 2.73317e+07 
605.589 137.244 247.366 446.184 805.555 1455.25 2631.53 4715.43 -668256 10158.1 11965.7 14125.2 16739.9 19906.6 23751.3 28466.6 34334.8 41620.8 50720.7 62411.6 77397 96709.1 122090 156145 201676 263143 349318 469169 637116 877384 1.2254e+06 1.72814e+06 2.46028e+06 3.54695e+06 5.13367e+06 7.43724e+06 1.07093e+07 1.5322e+07 2.19393e+07 3.15202e+07 
446.938 101.291 182.568 329.314 594.569 1074.13 1942.43 3517.52 6378.76 -774768 13640.7 16103.6 19086.2 22699.1 27086.2 32467.8 39167 47486.8 57880.9 71239.2 88368.4 110452 139489 178470 230615 301053 399870 537395 730239 1.00632e+06 1.40646e+06 1.98485e+06 2.82768e+06 4.07918e+06 5.90741e+06 8.56263e+06 1.23348e+07 1.76522e+07 2.52806e+07 3.63255e+07 
329.13 74.5932 134.451 242.527 437.89 791.107 1430.67 2590.91 4698.67 8530.03 -898780 18320.6 21716 25829.7 30825.8 36955.9 44589.1 54071.6 65921.9 81158.2 100704 125914 159079 203629 263262 343866 457032 614646 835830 1.15273e+06 1.61238e+06 2.27726e+06 3.24677e+06 4.6871e+06 6.79228e+06 9.85106e+06 1.41974e+07 2.03238e+07 2.91128e+07 4.18384e+07 
241.718 54.7837 98.7477 178.129 321.629 581.09 1050.92 1903.28 3451.85 6266.99 11401.5 -1.04338e+06 24468.1 29326.5 35004.1 41972.2 50651.6 61437.4 74921.1 92265.7 114526 143253 181068 231898 299983 392081 521499 701899 955281 1.31864e+06 1.84611e+06 2.60971e+06 3.72404e+06 5.38045e+06 7.80289e+06 1.13244e+07 1.63294e+07 2.33834e+07 3.35036e+07 4.81568e+07 
177.22 40.1666 72.4026 130.611 235.839 426.113 770.679 1395.84 2531.73 4596.86 8363.88 15142.8 -1.21139e+06 33162 39589 47479.5 57311.6 69534.7 84821.6 104497 129764 162390 205369 263189 340702 445649 593277 799277 1.08892e+06 1.50474e+06 2.10899e+06 2.98459e+06 4.26357e+06 6.16607e+06 8.95038e+06 1.30004e+07 1.87582e+07 2.68723e+07 3.85136e+07 5.53695e+07 
129.534 29.3596 52.9243 95.4767 172.407 311.521 563.462 1020.61 1851.29 3361.73 6117.3 11160.4 20391.7 -1.40737e+06 44610.2 53513.9 64613.8 78419.1 95693.3 117941 146531 183474 232180 297768 385782 505070 673081 907806 1.23825e+06 1.71325e+06 2.40432e+06 3.40688e+06 4.87295e+06 7.0555e+06 1.02524e+07 1.49057e+07 2.15235e+07 3.08482e+07 4.42268e+07 6.35985e+07 
94.286 21.3711 38.5257 69.5044 125.514 226.805 410.262 743.173 1348.18 2448.42 4455.93 8130.58 14858.4 27228.1 -1.63627e+06 59426.8 72584.9 88124.8 107580 132657 164905 206609 261644 335838 435510 570759 761521 1.0284e+06 1.40464e+06 1.94625e+06 2.73533e+06 3.88159e+06 5.5599e+06 8.06075e+06 1.17273e+07 1.70687e+07 2.46678e+07 3.53737e+07 5.07345e+07 7.29765e+07 
68.3448 15.4918 27.9284 50.3885 90.9991 164.448 297.491 538.945 977.801 1776.01 3232.68 5899.54 10783.4 19765.3 35961.4 -1.90515e+06 81139.9 98552.2 120366 148506 184727 231612 293552 377161 489628 642451 858357 1.1609e+06 1.58813e+06 2.2042e+06 3.1032e+06 4.41117e+06 6.32912e+06 9.19016e+06 1.33895e+07 1.95129e+07 2.82284e+07 4.05048e+07 5.81198e+07 8.36261e+07 
49.3589 11.1888 20.1721 36.3969 65.7357 118.804 214.941 389.438 706.645 1283.7 2337 4265.82 7799.11 14299.3 26318 48616.8 -2.21845e+06 109436 133733 165111 205540 257932 327239 420938 547175 718998 962234 1.30374e+06 1.78699e+06 2.4853e+06 3.50632e+06 4.99465e+06 7.18106e+06 1.04469e+07 1.52471e+07 2.22546e+07 3.2234e+07 4.62877e+07 6.64537e+07 9.56539e+07 
35.4153 8.02845 14.4753 26.1199 47.1784 85.2738 154.295 279.594 507.406 921.925 1678.72 3064.92 5605.08 10279.9 18927 34978.1 64824.2 -2.58731e+06 147714 182512 227402 285649 362818 467331 608389 800756 1.0737e+06 1.4578e+06 2.00257e+06 2.79171e+06 3.94819e+06 5.63768e+06 8.12488e+06 1.18458e+07 1.73234e+07 2.53307e+07 3.6741e+07 5.2806e+07 7.5859e+07 1.09239e+08 
25.2075 5.71472 10.3044 18.5952 33.5902 60.7201 109.882 199.142 361.462 656.884 1196.38 2184.85 3996.86 7332.98 13506.7 24972.7 46307.3 86348.3 -3.02428e+06 199331 250055 314456 399924 515907 672764 887145 1.19213e+06 1.62241e+06 2.23433e+06 3.12321e+06 4.4293e+06 6.34217e+06 9.16511e+06 1.33959e+07 1.96352e+07 2.877e+07 4.17967e+07 6.01325e+07 8.64451e+07 1.24545e+08 
17.8399 4.04473 7.29379 13.1636 23.7812 42.9943 77.8163 141.053 256.076 465.479 848.007 1549.12 2834.94 5203.46 9588.98 17739.2 32916.4 61425.7 114763 -3.53618e+06 271761 342216 435914 563381 736196 973026 1.31105e+06 1.78948e+06 2.47215e+06 3.46729e+06 4.93437e+06 7.0899e+06 1.02807e+07 1.50737e+07 2.21581e+07 3.25499e+07 4.73835e+07 6.82553e+07 9.82085e+07 1.41578e+08 
12.5008 2.83447 5.11184 9.22672 16.671 30.1442 54.5681 98.932 179.648 326.642 595.259 1087.79 1991.53 3657.21 6743.27 12482.8 23180.7 43295.9 81443.6 153738 -4.14435e+06 368649 470436 609301 798118 1.05769e+06 1.42959e+06 1.95797e+06 2.71487e+06 3.82281e+06 5.4627e+06 7.88128e+06 1.14747e+07 1.68869e+07 2.49081e+07 3.67009e+07 5.35536e+07 7.72569e+07 1.11275e+08 1.60526e+08 
8.64763 1.96096 3.5369 6.38478 11.5377 20.8659 37.7795 68.5095 124.436 226.323 412.587 754.266 1381.57 2538.49 4683.47 8676.1 16125.6 30148.5 56775.6 107319 204359 -4.87026e+06 496828 652464 856994 1.13917e+06 1.54524e+06 2.12469e+06 2.95853e+06 4.18501e+06 6.00879e+06 8.71056e+06 1.2742e+07 1.88333e+07 2.78891e+07 4.12384e+07 6.03411e+07 8.71976e+07 1.25742e+08 1.8154e+08 
5.90343 1.33882 2.41507 4.36028 7.88059 14.2547 25.8152 46.8252 85.075 154.788 282.292 516.302 946.218 1739.67 3211.97 5955.13 11079.5 20737.9 39104 74031.7 141229 269059 -5.74881e+06 688804 907622 1.21079e+06 1.64934e+06 2.27841e+06 3.18858e+06 4.53515e+06 6.54887e+06 9.54815e+06 1.4047e+07 2.08711e+07 3.10547e+07 4.61147e+07 6.77015e+07 9.80352e+07 1.41572e+08 2.04584e+08 
3.97373 0.901295 1.62607 2.93627 5.30787 9.60323 17.3959 31.5631 57.3654 104.415 190.514 348.627 639.33 1176.31 2173.66 4033.99 7514.05 14083.3 26596.1 50445.3 96440 186295 363160 -6.79733e+06 942144 1.26225e+06 1.7283e+06 2.40111e+06 3.38118e+06 4.84183e+06 7.04193e+06 1.03415e+07 1.5324e+07 2.29197e+07 3.43094e+07 5.12216e+07 7.55159e+07 1.09634e+08 1.58602e+08 2.29454e+08 
2.61835 0.593957 1.07176 1.93568 3.49983 6.33361 11.4764 20.8295 37.8716 68.9644 125.896 230.515 423.029 778.976 1440.78 2676.77 4992.51 9371.23 17727.4 33693.8 64569.8 125072 244593 481565 -8.07869e+06 1.29385e+06 1.782e+06 2.49202e+06 3.53448e+06 5.1016e+06 7.48251e+06 1.10828e+07 1.65635e+07 2.49701e+07 3.76483e+07 5.6566e+07 8.38131e+07 1.22055e+08 1.7694e+08 2.56317e+08 
1.68133 0.381455 0.688432 1.24361 2.24904 4.07117 7.37923 13.398 24.3698 44.3997 81.0984 148.586 272.89 502.961 931.22 1732.15 3235.35 6082.97 11528.6 21962.4 42200.7 81991.8 160919 318188 638091 -9.67835e+06 1.79854e+06 2.54377e+06 3.63772e+06 5.2989e+06 7.84849e+06 1.17416e+07 1.77253e+07 2.69716e+07 4.10119e+07 6.2084e+07 9.25315e+07 1.3524e+08 1.96533e+08 2.85123e+08 
1.05426 0.239227 0.431832 0.780256 1.41144 2.55575 4.63411 8.4173 15.3176 27.9233 51.0365 93.5761 172.014 317.366 588.289 1095.78 2050.14 3861.98 7335.28 14011.5 27007.4 52660.9 103791 206284 416119 851589 -1.16207e+07 2.50661e+06 3.62182e+06 5.33763e+06 8.00716e+06 1.21372e+07 1.85684e+07 2.86103e+07 4.40005e+07 6.7282e+07 1.01071e+08 1.48441e+08 2.16415e+08 3.1456e+08 
0.637854 0.144764 0.261372 0.472376 0.854737 1.54823 2.80835 5.10325 9.2915 16.9483 30.9988 56.8817 104.662 193.318 358.803 669.323 1254.53 2368.15 4508.6 8637.35 16705.7 32702 64754 129433 262813 543968 1.13207e+06 -1.40627e+07 3.49957e+06 5.22862e+06 7.96403e+06 1.22653e+07 1.90738e+07 2.98499e+07 4.65619e+07 7.20988e+07 1.09375e+08 1.61616e+08 2.36571e+08 3.44633e+08 
0.369368 0.0838457 0.151418 0.273728 0.495439 0.897728 1.62907 2.96167 5.39522 9.84765 18.0248 33.1027 60.9709 112.751 209.553 391.526 735.266 1391.02 2654.98 5102.24 9904.69 19471 38749.5 77935.6 159388 332628 699433 1.4964e+06 -1.7178e+07 4.91586e+06 7.70418e+06 1.20904e+07 1.9174e+07 3.05811e+07 4.85357e+07 7.63213e+07 1.17181e+08 1.74453e+08 2.56618e+08 3.74836e+08 
0.203649 0.046237 0.0835201 0.151026 0.273436 0.495647 0.899816 1.63668 2.9832 5.44884 9.98121 18.3468 33.829 62.6376 116.582 218.187 410.586 778.607 1490.11 2873.28 5599.86 11058.9 22129.1 44810.5 92371.7 194544 413877 897683 1.9738e+06 -2.12471e+07 7.13085e+06 1.14535e+07 1.86165e+07 3.04261e+07 4.93864e+07 7.92328e+07 1.23574e+08 1.85791e+08 2.75049e+08 4.03102e+08 
0.10439 0.0237058 0.0428313 0.0774715 0.140308 0.254427 0.4621 0.840937 1.53367 2.80323 5.13906 9.45481 17.4527 32.3569 60.3118 113.07 213.225 405.328 777.879 1505.15 2945.53 5844.69 11762.5 23989.6 49870.2 106067 228540 503303 1.13865e+06 2.62484e+06 -2.65908e+07 1.00419e+07 1.68443e+07 2.84491e+07 4.76214e+07 7.85657e+07 1.25261e+08 1.9099e+08 2.85327e+08 4.20075e+08 
0.0306403 0.00695946 0.0125773 0.0227556 0.0412253 0.0747838 0.135884 0.247407 0.451471 0.825765 1.51505 2.78987 5.15549 9.5704 17.8648 33.5498 63.3999 120.811 232.494 451.426 887.054 1768.55 3579.72 7353.76 15418.4 33122 72309.9 161797 372994 880025 2.09611e+06 -3.69241e+07 8.89715e+06 1.56445e+07 2.72218e+07 4.65515e+07 7.63879e+07 1.18669e+08 1.79449e+08 2.65784e+08 
0.0150567 0.00342056 0.00618319 0.01119 0.0202786 0.0367995 0.0668943 0.121855 0.222487 0.407218 0.747712 1.37808 2.54934 4.73843 8.8578 16.6628 31.553 60.2687 116.3 226.59 447.057 895.528 1822.99 3771.98 7976.47 17308.2 38293.5 87096.5 204759 495138 1.21708e+06 3.07978e+06 -4.89168e+07 1.48743e+07 2.71871e+07 4.86266e+07 8.2773e+07 1.31731e+08 2.02361e+08 3.02044e+08 
0.00900507 0.00204613 0.00369952 0.00669684 0.0121395 0.022037 0.0400747 0.0730328 0.133415 0.244343 0.44897 0.828152 1.53353 2.85365 5.34151 10.0637 19.0929 36.5485 70.704 138.186 273.654 550.55 1126.61 2346.58 5001.61 10954.6 24541.5 56693.9 135835 336592 854996 2.25248e+06 6.1868e+06 -6.25117e+07 3.22746e+07 6.16605e+07 1.11252e+08 1.84356e+08 2.91001e+08 4.40414e+08 
0.00314173 0.000713985 0.00129118 0.00233783 0.00423893 0.0076974 0.014003 0.0255299 0.0466599 0.0855047 0.157215 0.29021 0.537889 1.00199 1.87782 3.54296 6.73342 12.9153 25.0423 49.0844 97.5347 197.003 405.063 848.801 1822.22 4024.99 9120.17 21369.3 52093.9 132017 345831 947071 2.73249e+06 7.79878e+06 -8.83947e+07 4.6349e+07 9.05048e+07 1.59239e+08 2.62294e+08 4.06501e+08 
0.000934632 0.000212435 0.000384241 0.000695855 0.00126201 0.00229231 0.00417151 0.0076082 0.0139112 0.0255056 0.0469244 0.0866778 0.160784 0.299797 0.562461 1.06257 2.02258 3.88645 7.55117 14.8388 29.5755 59.948 123.786 260.785 563.44 1253.93 2869.99 6809.63 16858.1 43587.8 117417 333300 1.00579e+06 3.06626e+06 9.53844e+06 -1.2688e+08 6.47506e+07 1.25087e+08 2.19589e+08 3.53961e+08 
0.000230412 5.23771e-05 9.47504e-05 0.00017162 0.000311308 0.000565584 0.0010295 0.0018782 0.00343535 0.00630115 0.011598 0.0214349 0.0397866 0.0742413 0.139406 0.263622 0.502409 0.966756 1.88138 3.70454 7.40119 15.0434 31.1665 65.9366 143.174 320.509 739.38 1771.63 4438.94 11658.5 32104.9 93796.1 293616 948791 3.19424e+06 1.11046e+07 -1.8062e+08 8.32354e+07 1.62527e+08 2.82242e+08 
4.57929e-05 1.04104e-05 1.88342e-05 3.41174e-05 6.18943e-05 0.000112465 0.000204747 0.000373605 0.000683492 0.00125399 0.00230879 0.00426841 0.00792604 0.0147968 0.0277995 0.0526028 0.100326 0.193221 0.3764 0.742077 1.48476 3.02303 6.27593 13.3119 28.9943 65.1422 151.008 364.037 918.98 2437.52 6807.29 20263 64980.6 218637 781537 2.98316e+06 1.15748e+07 -2.46999e+08 9.78665e+07 1.99315e+08 
7.15297e-06 1.62622e-06 2.9423e-06 5.33027e-06 9.67075e-06 1.7574e-05 3.1998e-05 5.8395e-05 0.000106847 0.000196067 0.000361067 0.000667687 0.00124019 0.00231605 0.00435294 0.00824042 0.0157251 0.0303042 0.059075 0.11657 0.233475 0.47593 0.989454 2.10246 4.58888 10.3351 24.0357 58.1762 147.583 393.965 1110.27 3345.27 10898 37677.8 140544 571740 2.46748e+06 1.06846e+07 -3.27155e+08 1.19789e+08 
8.47646e-07 1.92719e-07 3.48701e-07 6.31741e-07 1.14624e-06 2.08315e-06 3.79323e-06 6.92315e-06 1.26689e-05 2.32509e-05 4.28242e-05 7.92045e-05 0.000147149 0.000274866 0.000516742 0.000978539 0.00186804 0.00360152 0.00702425 0.0138689 0.0277971 0.0567081 0.118005 0.251029 0.548615 1.23744 2.88326 6.99442 17.7911 47.6511 134.904 408.911 1342.46 4706.11 17976.2 76059.6 353640 1.79587e+06 9.88613e+06 -4.16334e+08 
dt_FE: 1.5124e-09
dt_EA: 1.5124e-09
dt_PE: 1.5124e-09
tolC: 1e-06
dt_grow: 1.03
dt_max: 0.1
steps: 0
