t: 2.07603e-07
dt: 2.39063e-09
N: 0.157841 0.179602 0.203834 0.230691 0.260268 0.292528 0.327439 0.364878 0.404541 0.445899 0.488521 0.53174 0.574428 0.615796 0.654947 0.690736 0.721927 0.748058 0.76845 0.781898 0.788312 0.787245 0.777703 0.758278 0.727746 0.683785 0.623162 0.544183 0.447222 0.337862 0.22875 0.135951 0.0699868 0.0310222 0.0117626 0.00377219 0.00100478 0.000216783 3.67078e-05 4.69831e-06 
eC: 1 1.15749 1.33977 1.55077 1.795 2.07768 2.40489 2.78363 3.22201 3.72944 4.31677 4.99661 5.78351 6.69433 7.7486 8.9689 10.3814 12.0163 13.9087 16.0991 18.6345 21.5692 24.9661 28.8979 33.4489 38.7167 44.814 51.8717 60.0407 69.4963 80.4411 93.1095 107.773 124.746 144.391 167.131 193.452 223.918 259.182 300 
dV: 1.08333 0.211322 0.327712 0.508206 0.788112 1.22218 1.89532 2.93921 4.55805 7.06849 10.9616 16.999 26.3615 40.8807 63.3966 98.3136 152.462 236.434 366.655 568.597 881.764 1367.42 2120.55 3288.49 5099.69 7908.45 12264.2 19019 29494.1 45738.6 70930.1 109996 170579 264529 410225 636165 986546 1.52991e+06 2.37254e+06 3.67926e+06 
kVec: 1.01793e+06 1.17964e+06 1.35939e+06 1.56631e+06 1.80424e+06 2.07682e+06 2.3888e+06 2.74547e+06 3.15224e+06 3.61348e+06 4.13666e+06 4.72865e+06 5.39154e+06 6.1328e+06 6.9588e+06 7.87204e+06 8.86421e+06 9.94324e+06 1.11087e+07 1.23197e+07 1.35774e+07 1.48697e+07 1.61658e+07 1.73861e+07 1.85726e+07 1.97662e+07 2.08328e+07 2.20178e+07 2.36138e+07 2.60709e+07 2.9878e+07 3.6299e+07 4.7215e+07 6.3922e+07 8.9509e+07 1.28152e+08 1.82231e+08 2.4884e+08 3.29124e+08 4.18299e+08 
cMat: 
-87639.2 808.584 950.132 1106.74 1290.17 1506.15 1760.6 2060.63 2415.81 2839.28 3343.6 3945.8 4674.46 5556.37 6626.29 7937.33 9567.15 11588.6 14110.3 17344.9 21484.5 26810.4 33796.2 43147.9 55622.7 72423.2 95909.5 128484 174002 238931 332728 467871 664191 955040 1.37892e+06 1.9933e+06 2.86535e+06 4.09511e+06 5.85909e+06 8.41294e+06 
4006.16 -105166 1066.78 1242.63 1448.6 1691.11 1976.83 2313.73 2712.57 3188.12 3754.48 4430.78 5249.13 6239.64 7441.38 8914.05 10744.9 13015.9 15849.1 19483.7 24135.7 30121.5 37974.1 48487.7 62514.7 81408.7 107827 144475 195694 268772 374359 526516 747591 1.07516e+06 1.5526e+06 2.24471e+06 3.22714e+06 4.61251e+06 6.59973e+06 9.47678e+06 
2918.98 661.486 -120200 1388.68 1618.87 1889.92 2209.25 2585.8 3031.59 3563.15 4196.22 4952.22 5867.06 6974.43 8318.03 9964.66 12012 14551.7 17720.5 21786.1 26990.5 33688 42475.6 54243.3 69946.7 91102.8 120691 161746 219139 301044 419410 590022 837961 1.20539e+06 1.74102e+06 2.51758e+06 3.61994e+06 5.17441e+06 7.40419e+06 1.06324e+07 
2096.17 475.027 856.122 -137783 1800.09 2101.5 2456.62 2875.38 3371.16 3962.34 4666.46 5507.34 6524.97 7756.83 9251.59 11083.6 13361.7 16187.9 19714.7 24240.2 30034.1 37491.5 47278 60386.2 77882.1 101459 134441 180217 244227 335601 467685 658115 934921 1.3452e+06 1.9434e+06 2.81081e+06 4.04223e+06 5.77863e+06 8.2694e+06 1.18755e+07 
1496.63 339.164 611.267 1102.5 -158271 2302.94 2716.35 3179.44 3727.73 4381.55 5160.32 6090.39 7216.04 8578.77 10232.5 12259.4 14780.3 17908 21811.5 26821.2 33236.2 41494.5 52334.3 66856.9 86245.3 112379 148950 199721 270738 372144 518773 730233 1.03769e+06 1.49348e+06 2.15819e+06 3.1222e+06 4.49085e+06 6.4207e+06 9.189e+06 1.3197e+07 
1062.28 240.734 433.875 782.558 1400.19 -182056 2983.39 3492.09 4094.39 4812.68 5668.28 6690.17 7927.06 9424.58 11242 13470 16241.1 19679.9 23972.2 29482.2 36539.1 45625.7 57555.9 73543.9 94895.1 123683 163984 219953 298268 410140 571956 805395 1.14492e+06 1.64837e+06 2.38276e+06 3.44806e+06 4.96065e+06 7.09337e+06 1.01527e+07 1.45821e+07 
748.768 169.688 305.833 551.624 995.879 1798.98 -209626 3807.68 4464.56 5247.97 6181.21 7295.91 8645.27 10279.1 12262.2 14693.6 17718.3 21472.3 26158.9 32176.3 39885.1 49813.5 62852.7 80333.1 103685 135183 179294 240582 326376 448984 626401 882447 1.25499e+06 1.80755e+06 2.61382e+06 3.78365e+06 5.44486e+06 7.78702e+06 1.11469e+07 1.60114e+07 
523.575 118.656 213.859 385.739 696.41 1258.04 2274.85 -241547 4779.52 5677.75 6687.72 7894.18 9354.77 11123.5 13270.6 15903.5 19179.4 23245.9 28323.6 34845.1 43201.8 53967.8 68111.7 87080.2 112430 146636 194565 261188 354495 487904 681040 959895 1.36579e+06 1.96803e+06 2.84705e+06 4.1228e+06 5.93464e+06 8.48904e+06 1.21534e+07 1.74589e+07 
362.993 82.265 148.272 267.445 482.854 872.284 1577.35 2826.45 -278644 6088.83 7172.31 8466.7 10034 11932.1 14236.7 17063 20580.4 24947.7 30402.3 37409.8 46392.2 57967.9 73181.6 93593.9 120885 157729 209383 281222 381891 525909 734514 1.03586e+06 1.47471e+06 2.12606e+06 3.07715e+06 4.45792e+06 6.4192e+06 9.18412e+06 1.31505e+07 1.88934e+07 
249.537 56.5534 101.933 183.864 331.963 599.715 1084.51 1963.92 3561.43 -321653 7615.96 8991.06 10656.3 12673.5 15122.9 18127.6 21867.9 26513.1 32316.4 39774.7 49338.4 61668.2 77880.4 99644.2 128758 168086 223258 300041 407712 561852 785264 1.1082e+06 1.57877e+06 2.27751e+06 3.29826e+06 4.78074e+06 6.88684e+06 9.85571e+06 1.41148e+07 2.02815e+07 
169.818 38.4872 69.3714 125.134 225.934 408.181 738.171 1336.81 2424.33 4401.16 -371787 9452.74 11204.6 13327.1 15904.9 19067.8 23006.2 27898.9 34013.1 41874.5 51959.1 64966.6 82078.8 105065 135833 177421 235811 317133 431256 594763 831925 1.17498e+06 1.67521e+06 2.41836e+06 3.50455e+06 5.08277e+06 7.32532e+06 1.04863e+07 1.50211e+07 2.1587e+07 
114.326 25.9112 46.705 84.2504 152.122 274.84 497.055 900.2 1632.63 2964.11 5392.61 -430509 11572.7 13870.7 16556 19851.7 23956.9 29058.2 35435.6 43639.2 54167.9 67754.9 85640.2 109681 141884 185444 246655 331979 451822 623679 873160 1.23432e+06 1.76137e+06 2.54481e+06 3.69056e+06 5.35613e+06 7.72335e+06 1.10597e+07 1.58463e+07 2.27768e+07 
76.2901 17.291 31.1681 56.2256 101.525 183.434 331.764 600.885 1089.86 1978.87 3600.51 6518.71 -499400 14275.7 17042.4 20439.1 24671.7 29933.5 36514.2 44984.2 55861.2 69906.3 88407.8 113298 146666 191844 255396 344075 468763 647764 907882 1.28481e+06 1.83539e+06 2.65439e+06 3.85299e+06 5.59645e+06 8.07507e+06 1.15681e+07 1.65794e+07 2.38356e+07 
50.4248 11.429 20.6023 37.1669 67.1141 121.268 219.343 397.299 720.668 1308.65 2381.33 4344.5 7938.03 -580935 17365.8 20831.8 25152.7 30526.8 37251.3 45912 57041.2 71422.3 90382.4 115914 150176 196612 262016 353389 482024 666929 935947 1.32622e+06 1.89693e+06 2.74655e+06 3.99102e+06 5.80247e+06 8.37861e+06 1.20085e+07 1.72165e+07 2.47575e+07 
33.0247 7.48547 13.494 24.3447 43.9626 79.4409 143.699 260.305 472.216 857.586 1560.74 2847.83 5204.3 9536.94 -678132 20814.9 25423.7 30866.7 37681.2 46464.5 57759.7 72367.1 91643.8 117631 152542 199915 266731 360207 491990 681697 958079 1.35957e+06 1.94742e+06 2.82337e+06 4.10762e+06 5.97852e+06 8.64018e+06 1.239e+07 1.77703e+07 2.55608e+07 
21.5004 4.87354 8.78593 15.8516 28.6272 51.7334 93.5871 169.545 307.604 558.711 1016.96 1855.92 3392.33 6217.93 11313 -795304 25525.6 31003.3 37865.7 46718.3 58112.8 72862.2 92347.9 118650 154031 202107 270029 365204 499606 693416 976230 1.3877e+06 1.99106e+06 2.89111e+06 4.21218e+06 6.13852e+06 8.8803e+06 1.27423e+07 1.82838e+07 2.63078e+07 
13.9939 3.17217 5.71906 10.319 18.6369 33.6825 60.9386 110.411 200.343 363.947 662.571 1209.42 2211.15 4054.04 7461.49 13783.5 -936745 31026.5 37915.2 46811 58273.2 73127.1 92776.6 119342 155131 203845 272806 369629 506634 704615 994089 1.41605e+06 2.03593e+06 2.96185e+06 4.32275e+06 6.30948e+06 9.13876e+06 1.31232e+07 1.88405e+07 2.71192e+07 
9.12048 2.06756 3.72781 6.72664 12.1498 21.9605 39.7356 72.0038 130.672 237.423 432.319 789.308 1443.47 2647.38 4874.26 9007.9 16694.1 -1.11033e+06 38040.7 47002.2 58562.6 73563 93436.4 120352 156678 206218 276510 375426 515720 718948 1.01677e+06 1.45187e+06 2.09239e+06 3.05065e+06 4.46129e+06 6.52339e+06 9.46189e+06 1.35991e+07 1.95359e+07 2.81324e+07 
5.9831 1.35642 2.44579 4.41366 7.97279 14.4122 26.0809 47.2673 85.7946 155.914 283.966 518.585 948.671 1740.52 3205.87 5927.39 10991.2 20495.2 -1.32633e+06 47312.2 59351.7 74637.5 94923.6 122453 159684 210568 282957 385087 530328 741309 1.05131e+06 1.50534e+06 2.17538e+06 3.17957e+06 4.66051e+06 6.82868e+06 9.92064e+06 1.42727e+07 2.05181e+07 2.95613e+07 
4.00052 0.907013 1.6356 2.95188 5.33284 9.6413 17.45 31.6306 57.424 104.382 190.162 347.384 635.723 1166.85 2150.29 3977.94 7381.35 13774.4 25735.2 -1.59428e+06 60941.2 76740.5 97751.9 126336 165089 218197 293997 401284 554369 777524 1.10651e+06 1.58988e+06 2.30541e+06 3.3802e+06 4.96885e+06 7.29918e+06 1.06255e+07 1.5306e+07 2.20228e+07 3.17482e+07 
2.72959 0.618914 1.11619 2.01468 3.64016 6.58207 11.9151 21.6021 39.2266 71.3233 129.977 237.522 434.857 798.562 1472.41 2725.66 5061.58 9453.79 17783.5 33569.1 -1.93336e+06 80495.5 102721 133043 174272 230949 312155 427528 592800 834722 1.1928e+06 1.7209e+06 2.50553e+06 3.68731e+06 5.43877e+06 8.01376e+06 1.16936e+07 1.68693e+07 2.42973e+07 3.50514e+07 
1.90422 0.431807 0.778831 1.40594 2.54063 4.5947 8.31911 15.0859 27.401 49.8368 90.8523 166.091 304.225 558.98 1031.31 1910.49 3550.89 6638.77 12502.1 23631.8 45000.2 -2.36854e+06 109402 143674 188712 250848 340265 467862 651475 921546 1.32315e+06 1.91808e+06 2.80581e+06 4.14712e+06 6.14124e+06 9.08077e+06 1.32872e+07 1.92011e+07 2.76887e+07 3.99755e+07 
1.36297 0.309102 0.557584 1.00669 1.81945 3.29109 5.96014 10.8109 19.6419 35.7371 65.1747 119.202 218.46 401.651 741.571 1374.9 2558 4787.91 9028.22 17092.2 32606.5 62119.6 -2.93297e+06 159029 209549 279543 380795 526032 736170 1.04706e+06 1.51198e+06 2.20445e+06 3.24314e+06 4.81865e+06 7.16982e+06 1.06468e+07 1.56307e+07 2.26341e+07 3.26857e+07 4.72337e+07 
1.00094 0.227026 0.409588 0.739612 1.33699 2.41894 4.38183 7.95039 14.4497 26.301 47.9883 87.8151 161.04 296.3 547.52 1016.12 1892.7 3547.41 6699.26 12706.6 24292.1 46925.6 91475.8 -3.66149e+06 237315 317947 435339 604812 851682 1.2196e+06 1.77378e+06 2.6049e+06 3.85994e+06 5.77322e+06 8.64215e+06 1.29021e+07 1.90216e+07 2.76156e+07 3.99501e+07 5.77968e+07 
0.745182 0.16904 0.305021 0.550892 0.996049 1.80254 3.26618 5.92807 10.7782 19.6272 35.8298 65.6042 120.394 221.696 410.044 761.807 1420.86 2667.04 5045.22 9589.23 18376.5 35595.3 69611 137053 -4.62618e+06 368228 507156 709225 1.00591e+06 1.45191e+06 2.12952e+06 3.15414e+06 4.71395e+06 7.10647e+06 1.07147e+07 1.60986e+07 2.38531e+07 3.47368e+07 5.03571e+07 7.29476e+07 
0.557339 0.126447 0.228206 0.41224 0.745525 1.34954 2.44611 4.44125 8.07827 14.7179 26.883 49.2542 90.4594 166.725 308.687 574.184 1072.47 2016.42 3821.59 7280.25 13989 27179.2 53342.4 105475 211519 -5.92606e+06 596192 843224 1.20585e+06 1.75651e+06 2.60167e+06 3.89217e+06 5.87568e+06 8.94073e+06 1.35949e+07 2.058e+07 3.06729e+07 4.48303e+07 6.51481e+07 9.45145e+07 
0.41721 0.094671 0.170892 0.308776 0.558558 1.01141 1.83389 3.33104 6.06175 11.0503 20.197 37.0315 68.0722 125.593 232.808 433.641 811.317 1528.33 2902.84 5544.88 10687.8 20839.9 41073.9 81634.3 164674 337005 -7.624e+06 991960 1.43329e+06 2.1123e+06 3.16873e+06 4.80313e+06 7.34822e+06 1.13221e+07 1.74126e+07 2.6626e+07 3.99976e+07 5.87434e+07 8.56434e+07 1.24483e+08 
0.305528 0.0693412 0.125196 0.226266 0.409414 0.741591 1.34518 2.44443 4.45057 8.11816 14.8483 27.246 50.1325 92.5981 171.865 320.602 600.914 1134.33 2159.59 4137.24 8001.93 15664.1 31016.8 61997.8 125886 260558 542256 -9.90508e+06 1.67627e+06 2.50448e+06 3.81473e+06 5.87499e+06 9.13624e+06 1.42979e+07 2.23029e+07 3.45349e+07 5.239e+07 7.74133e+07 1.13316e+08 1.65077e+08 
0.214426 0.0486742 0.0879014 0.158905 0.287613 0.52115 0.945708 1.71931 3.13204 5.71677 10.4638 19.2168 35.3949 65.4545 121.65 227.289 426.837 807.515 1541.27 2961.96 5749.88 11303.3 22494.9 45243.3 92528 193098 406036 868693 -1.30098e+07 2.85376e+06 4.47244e+06 7.01875e+06 1.11309e+07 1.7753e+07 2.8176e+07 4.43061e+07 6.80262e+07 1.01274e+08 1.48972e+08 2.176e+08 
0.141259 0.0320718 0.0579328 0.104757 0.189666 0.3438 0.624147 1.13527 2.06926 3.77953 6.92335 12.726 23.4651 43.4478 80.8658 151.343 284.798 540.072 1033.6 1993.02 3884.28 7670.85 15349.6 31082.3 64072.6 134943 287081 622668 1.3691e+06 -1.72822e+07 4.94623e+06 7.94456e+06 1.29131e+07 2.11047e+07 3.42563e+07 5.49589e+07 8.57154e+07 1.28871e+08 1.90784e+08 2.79607e+08 
0.0851381 0.0193339 0.0349323 0.063184 0.114432 0.207505 0.376879 0.68585 1.25083 2.28625 4.19131 7.71114 14.234 26.3896 49.189 92.2178 173.902 330.577 634.421 1227.57 2402.31 4766.8 9593.22 19565.4 40673 86505.8 186392 410483 928658 2.14076e+06 -2.30882e+07 8.18996e+06 1.37378e+07 2.32024e+07 3.8839e+07 6.40765e+07 1.0216e+08 1.55767e+08 2.32707e+08 3.42604e+08 
0.0456928 0.0103784 0.0187561 0.0339346 0.0614778 0.111522 0.20264 0.368949 0.673263 1.23143 2.25934 4.16044 7.6882 14.272 26.6412 50.0316 94.546 180.161 346.711 673.196 1322.83 2637.38 5338.32 10966.4 22992.9 49393.7 107833 241282 556234 1.31235e+06 3.12585e+06 -3.14046e+07 1.3268e+07 2.33301e+07 4.0595e+07 6.94207e+07 1.13915e+08 1.76967e+08 2.67606e+08 3.96354e+08 
0.0215113 0.00488693 0.00883388 0.0159871 0.0289719 0.0525752 0.0955715 0.174093 0.317866 0.581791 1.06825 1.96886 3.64223 6.76976 12.6551 23.8061 45.0796 86.1055 166.157 323.727 638.708 1279.44 2604.49 5389 11395.9 24728.1 54709.7 124434 292538 707400 1.73883e+06 4.40007e+06 -4.3934e+07 2.12508e+07 3.88421e+07 6.94725e+07 1.18257e+08 1.88203e+08 2.89112e+08 4.31528e+08 
0.00883914 0.00200843 0.00363135 0.00657344 0.0119158 0.0216309 0.0393363 0.071687 0.130957 0.239841 0.440697 0.812892 1.50528 2.80106 5.24309 9.87827 18.7411 35.8751 69.4011 135.64 268.612 540.405 1105.85 2303.34 4909.45 10752.8 24089.3 55649.2 133332 330390 839242 2.21097e+06 6.0728e+06 -6.19499e+07 3.16799e+07 6.05243e+07 1.09202e+08 1.80959e+08 2.85639e+08 4.32299e+08 
0.00312028 0.00070911 0.00128237 0.00232187 0.00420999 0.00764484 0.0139074 0.0253555 0.0463413 0.0849208 0.156142 0.288228 0.534216 0.995144 1.865 3.51876 6.68744 12.8271 24.8713 48.7492 96.8687 195.657 402.297 843.005 1809.78 3997.51 9057.89 21223.3 51738.2 131115 343470 940603 2.71384e+06 7.74552e+06 -8.84604e+07 4.60325e+07 8.98868e+07 1.58151e+08 2.60503e+08 4.03725e+08 
0.000932757 0.000212009 0.00038347 0.00069446 0.00125948 0.00228771 0.00416314 0.00759293 0.0138833 0.0254545 0.0468302 0.086504 0.160462 0.299196 0.561333 1.06044 2.01852 3.87866 7.53603 14.809 29.5161 59.8278 123.537 260.262 562.309 1251.41 2864.24 6795.97 16824.2 43500.3 117182 332631 1.00377e+06 3.06011e+06 9.5193e+06 -1.2767e+08 6.46207e+07 1.24836e+08 2.19148e+08 3.53251e+08 
0.000230296 5.23507e-05 9.47027e-05 0.000171533 0.000311152 0.000565299 0.00102898 0.00187726 0.00343362 0.00629798 0.0115922 0.0214241 0.0397666 0.0742039 0.139336 0.263489 0.502156 0.96627 1.88043 3.70267 7.39746 15.0358 31.1508 65.9034 143.101 320.348 739.008 1770.73 4436.7 11652.7 32088.8 93748.8 293468 948314 3.19263e+06 1.1099e+07 -1.82048e+08 8.31935e+07 1.62445e+08 2.821e+08 
4.5788e-05 1.04093e-05 1.88321e-05 3.41138e-05 6.18877e-05 0.000112453 0.000204725 0.000373565 0.000683419 0.00125386 0.00230855 0.00426796 0.00792519 0.0147952 0.0277965 0.0525972 0.100316 0.193201 0.376359 0.741997 1.4846 3.02271 6.27526 13.3105 28.9912 65.1352 150.991 363.998 918.882 2437.26 6806.56 20260.9 64973.6 218614 781454 2.98283e+06 1.15736e+07 -2.48786e+08 9.7856e+07 1.99293e+08 
7.15284e-06 1.62619e-06 2.94224e-06 5.33017e-06 9.67057e-06 1.75737e-05 3.19974e-05 5.83939e-05 0.000106845 0.000196063 0.00036106 0.000667675 0.00124017 0.00231601 0.00435286 0.00824027 0.0157248 0.0303036 0.059074 0.116568 0.233471 0.475921 0.989436 2.10242 4.5888 10.3349 24.0353 58.1751 147.581 393.957 1110.25 3345.21 10897.8 37677.1 140542 571730 2.46743e+06 1.06844e+07 -3.29112e+08 1.19786e+08 
8.47644e-07 1.92719e-07 3.487e-07 6.3174e-07 1.14624e-06 2.08314e-06 3.79322e-06 6.92314e-06 1.26689e-05 2.32509e-05 4.28241e-05 7.92043e-05 0.000147148 0.000274865 0.00051674 0.000978537 0.00186804 0.00360151 0.00702424 0.0138689 0.027797 0.056708 0.118005 0.251028 0.548614 1.23744 2.88325 6.9944 17.791 47.651 134.904 408.91 1342.45 4706.1 17976.1 76059.5 353639 1.79586e+06 9.88611e+06 -4.18297e+08 
dt_FE: 2.39063e-09
dt_EA: 2.39063e-09
dt_PE: 2.39063e-09
tolC: 1e-06
dt_grow: 1.03
dt_max: 0.1
steps: 0
