t: 1.04786e-07
dt: 2.39182e-09
N: 0.0767912 0.0880409 0.100783 0.115185 0.131407 0.149568 0.169815 0.192284 0.217037 0.244034 0.273314 0.304785 0.338019 0.372768 0.408639 0.4449 0.480495 0.51488 0.547133 0.575311 0.598737 0.61638 0.626469 0.626827 0.61668 0.594096 0.555004 0.498676 0.424571 0.334662 0.237238 0.149307 0.0777147 0.0344837 0.0131102 0.00420841 0.00112157 0.000242089 4.10055e-05 5.24962e-06 
eC: 1 1.15749 1.33977 1.55077 1.795 2.07768 2.40489 2.78363 3.22201 3.72944 4.31677 4.99661 5.78351 6.69433 7.7486 8.9689 10.3814 12.0163 13.9087 16.0991 18.6345 21.5692 24.9661 28.8979 33.4489 38.7167 44.814 51.8717 60.0407 69.4963 80.4411 93.1095 107.773 124.746 144.391 167.131 193.452 223.918 259.182 300 
dV: 1.08333 0.211322 0.327712 0.508206 0.788112 1.22218 1.89532 2.93921 4.55805 7.06849 10.9616 16.999 26.3615 40.8807 63.3966 98.3136 152.462 236.434 366.655 568.597 881.764 1367.42 2120.55 3288.49 5099.69 7908.45 12264.2 19019 29494.1 45738.6 70930.1 109996 170579 264529 410225 636165 986546 1.52991e+06 2.37254e+06 3.67926e+06 
kVec: 986553 1.14375e+06 1.31842e+06 1.51964e+06 1.75121e+06 2.01679e+06 2.32112e+06 2.6695e+06 3.06743e+06 3.51952e+06 4.03341e+06 4.61632e+06 5.27106e+06 6.00574e+06 6.82764e+06 7.74061e+06 8.73831e+06 9.83024e+06 1.10182e+07 1.22647e+07 1.35731e+07 1.49337e+07 1.63176e+07 1.76467e+07 1.89599e+07 2.02934e+07 2.15009e+07 2.28112e+07 2.44958e+07 2.6979e+07 3.07312e+07 3.70229e+07 4.77622e+07 6.42744e+07 8.9682e+07 1.28173e+08 1.82137e+08 2.48679e+08 3.28927e+08 4.18092e+08 
cMat: 
-115881 886.403 1041.57 1213.25 1414.34 1651.11 1930.04 2258.95 2648.31 3112.54 3665.39 4325.55 5124.33 6091.11 7264.01 8701.23 10487.9 12703.9 15468.3 19014.2 23552.2 29390.6 37048.7 47300.4 60975.9 79393.2 105140 140849 190748 261926 364750 512899 728113 1.04695e+06 1.51162e+06 2.18514e+06 3.14111e+06 4.48923e+06 6.42297e+06 9.2226e+06 
4453.27 -138289 1185.84 1381.31 1610.27 1879.85 2197.46 2571.96 3015.31 3543.94 4173.5 4925.28 5834.96 6936.02 8271.89 9908.91 11944.1 14468.5 17618 21658.2 26829.4 33483.3 42212.2 53899.2 69491.7 90494.4 119861 160599 217535 298769 416139 585279 831027 1.19515e+06 1.72588e+06 2.49524e+06 3.58731e+06 5.1273e+06 7.33629e+06 1.05344e+07 
3296.79 747.105 -158479 1568.42 1828.41 2134.54 2495.2 2920.5 3423.99 4024.34 4739.35 5593.2 6626.46 7877.16 9394.67 11254.4 13566.8 16435.2 20014.1 24606 30484 38048.3 47973.4 61264.3 79000.2 102895 136313 182682 247503 340009 473696 666391 946421 1.3614e+06 1.96637e+06 2.84344e+06 4.08848e+06 5.84415e+06 8.36254e+06 1.20086e+07 
2410.89 546.349 984.663 -182061 2070.36 2417.02 2825.46 3307.1 3877.32 4557.26 5367.1 6334.23 7504.65 8921.47 10640.7 12747.7 15367.9 18618.4 22674.7 27879.7 34543.5 43120.6 54376.4 69452.7 89575.5 116692 154626 207276 280896 385989 537904 756927 1.07529e+06 1.54717e+06 2.23519e+06 3.23284e+06 4.64914e+06 6.64624e+06 9.51099e+06 1.36586e+07 
1757.34 398.246 717.749 1294.55 -209514 2704.12 3189.53 3733.3 4377.1 5144.82 6059.24 7151.34 8473.07 10073.2 12014.9 14395 17355 21027.6 25611 31493.5 39026 48722.8 61450.9 78503.4 101269 131955 174897 234513 317900 436972 609143 857439 1.21845e+06 1.75364e+06 2.53415e+06 3.66608e+06 5.27315e+06 7.53919e+06 1.07897e+07 1.54959e+07 
1276.93 289.38 521.548 940.691 1683.13 -241350 3586.24 4197.74 4921.76 5785.19 6813.67 8042.06 9528.89 11329 13513.7 16191.9 19523 23656.7 28816.3 35439.7 43922.6 54845.4 69186.3 88405.1 114071 148676 197120 264399 358540 493017 687532 968143 1.37627e+06 1.98146e+06 2.86425e+06 4.14481e+06 5.96305e+06 8.52675e+06 1.22043e+07 1.75288e+07 
924.251 209.457 377.509 680.904 1229.28 2220.6 -278209 4700.06 5510.88 6477.9 7629.85 9005.8 10671.4 12688.2 15136 18137.3 21870.8 26504.6 32289.5 39717.3 49232.7 61488 77583.1 99160.1 127985 166864 221314 296966 402867 554209 773206 1.08926e+06 1.54911e+06 2.23117e+06 3.2264e+06 4.6704e+06 6.72093e+06 9.61201e+06 1.37593e+07 1.97638e+07 
665.856 150.901 271.975 490.563 885.659 1599.92 2893.05 -320806 6078.35 7220.67 8505.11 10039.4 11896.9 14146.4 16876.9 20225.2 24391.3 29563 36020.6 44314.3 54941.9 68633.5 86621 110744 142983 186485 247438 332166 450828 620492 866113 1.22075e+06 1.73695e+06 2.50284e+06 3.62074e+06 5.24317e+06 7.54737e+06 1.07959e+07 1.54561e+07 2.22033e+07 
477.296 108.169 194.962 351.661 634.9 1146.96 2074.05 3716.48 -370162 8006.14 9430.8 11132.8 13193.5 15689.4 18719.6 22436 27061 32803.5 39975.6 49189.8 61000.6 76221.5 96225.7 123066 158951 207397 275315 369776 502144 691512 965805 1.36204e+06 1.93908e+06 2.79554e+06 4.04611e+06 5.86168e+06 8.44053e+06 1.20761e+07 1.72915e+07 2.48427e+07 
340.446 77.1564 139.068 250.848 452.901 818.198 1479.6 2679.4 4858.89 -427106 10390.5 12266.6 14538.5 17290.6 20632.4 24731.7 29834.6 36172.1 44089.6 54265.1 67312.8 84134.6 106253 135946 175666 229321 304593 409350 556245 766541 1.07134e+06 1.51192e+06 2.15393e+06 3.10723e+06 4.49985e+06 6.52241e+06 9.39578e+06 1.34462e+07 1.9257e+07 2.76702e+07 
241.27 54.6809 98.5599 177.785 320.997 579.925 1048.76 1899.28 3444.39 6252.98 -493053 13430 15919 18934.6 22597 27090.7 32686.3 39637.5 48324.4 59493.4 73821.3 92301.7 116614 149271 192985 252073 335030 450569 612710 845014 1.18196e+06 1.66935e+06 2.38006e+06 3.4359e+06 4.97912e+06 7.22137e+06 1.04075e+07 1.48985e+07 2.13413e+07 3.06699e+07 
169.738 38.4698 69.3419 125.085 225.852 408.049 737.967 1336.51 2423.93 4400.76 8006.29 -569603 17181.8 20593.5 24580.3 29473.4 35568.2 43142.1 52610.5 64790.2 80421.9 100594 127148 162841 210652 275324 366203 492882 670811 925963 1.29636e+06 1.83257e+06 2.61507e+06 3.77822e+06 5.47929e+06 7.95212e+06 1.14667e+07 1.64201e+07 2.35266e+07 3.38163e+07 
118.67 26.8963 48.4822 87.4594 157.922 285.333 516.062 934.681 1695.29 3078.15 5600.62 10139.9 -658376 22205.9 26509.6 31793.2 38377 46561.8 56798.2 69973.4 86892.6 108740 137519 176236 228141 298415 397270 535212 729165 1.0076e+06 1.41222e+06 1.99854e+06 2.85497e+06 4.12892e+06 5.99335e+06 8.70533e+06 1.25608e+07 1.79942e+07 2.57894e+07 3.70765e+07 
82.3211 18.6585 33.6343 60.677 109.567 197.977 358.089 648.611 1176.53 2136.44 3887.65 7092.62 12959.2 -761934 28350.5 34009 41063.1 49836.6 60814.6 74953.7 93122.8 116601 147554 189236 245171 320980 427754 576925 786930 1.0888e+06 1.52798e+06 2.16513e+06 3.09684e+06 4.48389e+06 6.51554e+06 9.47284e+06 1.36785e+07 1.96045e+07 2.81069e+07 4.04179e+07 
56.5986 12.8288 23.1265 41.7226 75.3444 136.148 246.275 446.117 809.296 1469.75 2674.84 4880.68 8919.28 16344.7 -883182 35673.1 43571.7 52900.2 64579 79632.1 98990.2 124025 157062 201599 261431 342619 457131 617333 843186 1.16831e+06 1.64198e+06 2.33006e+06 3.33754e+06 4.83876e+06 7.03976e+06 1.02461e+07 1.48078e+07 2.12344e+07 3.04552e+07 4.38069e+07 
38.5912 8.74753 15.7699 28.4521 51.3831 92.8564 167.98 304.318 552.12 1002.83 1825.35 3331.2 6088.9 11160.6 20305.8 -1.02665e+06 45816 55648 67965.2 83854.8 104307 130781 165755 212966 276471 362763 484675 655506 896744 1.24461e+06 1.75224e+06 2.49079e+06 3.57377e+06 5.18926e+06 7.56046e+06 1.10181e+07 1.59393e+07 2.28712e+07 3.28176e+07 4.72199e+07 
26.1439 5.92636 10.6845 19.2783 34.8182 62.9268 113.848 206.273 374.288 679.938 1237.84 2259.47 4130.95 7573.9 13939.8 25750.8 -1.19602e+06 57964.8 70834.4 87454 108868 136619 173329 222958 289822 380831 509666 690553 946512 1.31639e+06 1.85719e+06 2.64551e+06 3.80359e+06 5.53343e+06 8.07592e+06 1.17876e+07 1.70734e+07 2.45172e+07 3.51985e+07 5.0665e+07 
17.5617 3.98115 7.178 12.9523 23.3948 42.2856 76.512 138.645 251.612 457.164 832.442 1519.83 2779.45 5097.6 9385.53 17345 32145 -1.39902e+06 73248.5 90503.9 112764 141648 179914 231740 301688 397079 532428 722892 993034 1.38435e+06 1.95783e+06 2.79561e+06 4.02896e+06 5.8741e+06 8.59034e+06 1.2561e+07 1.82191e+07 2.61855e+07 3.7617e+07 5.41696e+07 
11.7018 2.65289 4.78349 8.63226 15.5933 28.1875 51.0093 92.4457 167.798 304.939 555.384 1014.25 1855.42 3404.11 6270.07 11592.8 21496.8 40084.6 -1.6456e+06 92533.5 116081 145977 185652 239494 312310 411830 553410 753157 1.03722e+06 1.44986e+06 2.05617e+06 2.94416e+06 4.25462e+06 6.21862e+06 9.11506e+06 1.33556e+07 1.94029e+07 2.79147e+07 4.01295e+07 5.78162e+07 
7.78982 1.76614 3.18485 5.74791 10.3841 18.7736 33.9787 61.5912 111.816 203.253 370.284 676.428 1237.88 2272.1 4187.05 7745.87 14373 26821.7 50111.6 -1.94427e+06 118665 149429 190343 246001 321462 424874 572472 781382 1.07947e+06 1.514e+06 2.1546e+06 3.09582e+06 4.4891e+06 6.58194e+06 9.67537e+06 1.4213e+07 2.06901e+07 2.98038e+07 4.2883e+07 6.18202e+07 
5.17405 1.17318 2.11577 3.81891 6.90007 12.4766 22.5856 40.9477 74.3557 135.196 246.376 450.233 824.289 1513.71 2791.02 5166.6 9594.42 17920 33709.3 63631.6 -2.31376e+06 152582 194712 252188 330339 437774 591702 810396 1.12368e+06 1.58225e+06 2.26099e+06 3.26204e+06 4.74934e+06 6.98944e+06 1.03094e+07 1.51904e+07 2.21657e+07 3.19764e+07 4.60564e+07 6.64413e+07 
3.43352 0.778594 1.40432 2.53506 4.58103 8.28473 15.0002 27.2015 49.407 89.8611 163.816 299.479 548.55 1007.9 1859.56 3444.82 6402.63 11970.4 22542.6 42610.6 81140.1 -2.7774e+06 197264 259059 340267 452305 613534 843604 1.17468e+06 1.66165e+06 2.38577e+06 3.4585e+06 5.05918e+06 7.4777e+06 1.10733e+07 1.63736e+07 2.39583e+07 3.46216e+07 4.99256e+07 7.208e+07 
2.29023 0.519392 0.936922 1.69157 3.05727 5.53009 10.015 18.1658 33.0048 60.05 109.515 200.299 367.084 674.904 1246.08 2310.28 4298.27 8045.25 15170.3 28720.5 54789.6 104381 -3.36845e+06 267221 352111 469723 639859 883905 1.23701e+06 1.75941e+06 2.54062e+06 3.7042e+06 5.44953e+06 8.09691e+06 1.20476e+07 1.78901e+07 2.62647e+07 3.80326e+07 5.49225e+07 7.9368e+07 
1.54526 0.350486 0.632326 1.14182 2.06407 3.7344 6.76473 12.2739 22.3076 40.6039 74.0849 135.57 248.616 457.432 845.268 1568.69 2921.98 5476.54 10342.4 19616.6 37502.5 72444.3 141221 -4.11894e+06 366370 490851 672081 933716 1.31484e+06 1.88284e+06 2.73839e+06 4.02147e+06 5.95902e+06 8.91276e+06 1.33418e+07 1.99185e+07 2.93658e+07 4.26333e+07 6.16755e+07 8.92273e+07 
1.04918 0.238 0.429454 0.775628 1.40239 2.53789 4.59861 8.34643 15.1752 27.6341 50.4466 92.3675 169.508 312.137 577.322 1072.59 2000.51 3755.06 7103.41 13501.1 25873.2 50116.4 98008.8 192964 -5.09889e+06 518446 714050 998554 1.41627e+06 2.04422e+06 2.99825e+06 4.44087e+06 6.637e+06 1.00055e+07 1.50857e+07 2.26661e+07 3.3584e+07 4.89077e+07 7.09002e+07 1.02706e+08 
0.71542 0.162312 0.292933 0.529166 0.956983 1.73231 3.13992 5.70094 10.3696 18.8924 34.508 63.2245 116.117 214.014 396.241 737.043 1376.66 2588.35 4905.52 9345.19 17956.7 34888.1 68472.1 135391 271513 -6.40672e+06 765292 1.08239e+06 1.54788e+06 2.25472e+06 3.33959e+06 4.99613e+06 7.54223e+06 1.14766e+07 1.74509e+07 2.64172e+07 3.93729e+07 5.75457e+07 8.36264e+07 1.21322e+08 
0.492669 0.111794 0.201801 0.364624 0.659583 1.19434 2.16558 3.93351 7.15812 13.0489 23.85 43.7293 80.3843 148.309 274.915 512.072 958.058 1804.75 3427.87 6547.77 12620.9 24609.1 48502.9 96399.3 194458 397959 -8.10436e+06 1.17137e+06 1.69252e+06 2.49434e+06 3.74185e+06 5.67186e+06 8.67727e+06 1.337e+07 2.0562e+07 3.14418e+07 4.72319e+07 6.93682e+07 1.01133e+08 1.46998e+08 
0.336031 0.0762639 0.137695 0.248855 0.450288 0.815628 1.47948 2.68847 4.8949 8.92864 16.3306 29.9661 55.1375 101.843 189.023 352.609 660.906 1247.58 2375.2 4550.28 8800.8 17227.9 34113.4 68187.3 138454 286570 596392 -1.03793e+07 1.84363e+06 2.75451e+06 4.19557e+06 6.46152e+06 1.00484e+07 1.57254e+07 2.45295e+07 3.79827e+07 5.76203e+07 8.51418e+07 1.24629e+08 1.81558e+08 
0.223212 0.0506687 0.0915033 0.165416 0.299398 0.542505 0.98446 1.78976 3.26038 5.95102 10.8926 20.0042 36.8453 68.1366 126.635 236.603 444.328 840.604 1604.43 3083.33 5985.49 11766.5 23416.7 47097.2 96319.5 201010 422674 904289 -1.34756e+07 2.9707e+06 4.65571e+06 7.30635e+06 1.1587e+07 1.84804e+07 2.93305e+07 4.61216e+07 7.08137e+07 1.05424e+08 1.55076e+08 2.26517e+08 
0.141941 0.0322268 0.0582128 0.105264 0.190582 0.345461 0.627163 1.14075 2.07927 3.79779 6.95681 12.7875 23.5785 43.6578 81.2566 152.075 286.175 542.682 1038.59 2002.65 3903.05 7707.92 15423.8 31232.5 64382.3 135595 288468 625677 1.37572e+06 -1.77405e+07 4.97014e+06 7.98296e+06 1.29756e+07 2.12067e+07 3.44218e+07 5.52246e+07 8.61297e+07 1.29494e+08 1.91706e+08 2.80959e+08 
0.084201 0.0191211 0.0345478 0.0624886 0.113173 0.205221 0.372731 0.678302 1.23706 2.26109 4.14518 7.62627 14.0774 26.0992 48.6476 91.2028 171.988 326.938 627.438 1214.06 2375.87 4714.34 9487.63 19350 40225.4 85553.7 184341 405965 918437 2.1172e+06 -2.3532e+07 8.09982e+06 1.35866e+07 2.29471e+07 3.84115e+07 6.33713e+07 1.01035e+08 1.54053e+08 2.30146e+08 3.38833e+08 
0.0449865 0.010218 0.0184662 0.0334101 0.0605275 0.109799 0.199507 0.363246 0.662856 1.2124 2.22441 4.09613 7.56937 14.0514 26.2294 49.2583 93.0846 177.376 341.351 662.79 1302.39 2596.62 5255.8 10796.9 22637.5 48630.2 106166 237553 547636 1.29207e+06 3.07753e+06 -3.18176e+07 1.30629e+07 2.29695e+07 3.99675e+07 6.83476e+07 1.12154e+08 1.74232e+08 2.6347e+08 3.90227e+08 
0.0213326 0.00484632 0.00876048 0.0158542 0.0287312 0.0521383 0.0947774 0.172647 0.315225 0.576956 1.05938 1.9525 3.61197 6.71351 12.5499 23.6082 44.705 85.39 164.777 321.037 633.401 1268.8 2582.85 5344.22 11301.2 24522.7 54255 123400 290107 701522 1.72438e+06 4.3635e+06 -4.42377e+07 2.10742e+07 3.85194e+07 6.88952e+07 1.17275e+08 1.86639e+08 2.86709e+08 4.27942e+08 
0.00880756 0.00200126 0.00361837 0.00654996 0.0118732 0.0215536 0.0391957 0.0714309 0.130489 0.238984 0.439123 0.809988 1.4999 2.79106 5.22436 9.84298 18.6741 35.7469 69.1532 135.155 267.652 538.475 1101.9 2295.12 4891.91 10714.3 24003.2 55450.4 132856 329209 836243 2.20307e+06 6.0511e+06 -6.21361e+07 3.15667e+07 6.03081e+07 1.08812e+08 1.80312e+08 2.84619e+08 4.30754e+08 
0.00311603 0.000708143 0.00128062 0.0023187 0.00420425 0.00763441 0.0138884 0.0253209 0.0462781 0.084805 0.155929 0.287835 0.533487 0.993787 1.86245 3.51397 6.67832 12.8096 24.8374 48.6828 96.7366 195.391 401.748 841.855 1807.31 3992.05 9045.54 21194.4 51667.6 130937 343001 939321 2.71014e+06 7.73496e+06 -8.8537e+07 4.59698e+07 8.97642e+07 1.57936e+08 2.60148e+08 4.03175e+08 
0.000932348 0.000211916 0.000383302 0.000694155 0.00125893 0.00228671 0.00416132 0.00758961 0.0138772 0.0254433 0.0468097 0.0864661 0.160392 0.299065 0.561087 1.05998 2.01764 3.87696 7.53273 14.8025 29.5032 59.8016 123.483 260.148 562.063 1250.86 2862.98 6792.99 16816.9 43481.3 117130 332486 1.00333e+06 3.05877e+06 9.51513e+06 -1.27644e+08 6.45925e+07 1.24781e+08 2.19053e+08 3.53096e+08 
0.000230269 5.23446e-05 9.46916e-05 0.000171513 0.000311115 0.000565233 0.00102886 0.00187704 0.00343322 0.00629724 0.0115908 0.0214216 0.0397619 0.0741952 0.139319 0.263459 0.502098 0.966157 1.88021 3.70224 7.3966 15.0341 31.1472 65.8957 143.085 320.31 738.922 1770.53 4436.18 11651.3 32085 93737.9 293434 948203 3.19226e+06 1.10977e+07 -1.81936e+08 8.31838e+07 1.62426e+08 2.82067e+08 
4.57868e-05 1.0409e-05 1.88317e-05 3.41129e-05 6.18861e-05 0.00011245 0.00020472 0.000373556 0.000683402 0.00125382 0.00230849 0.00426785 0.00792499 0.0147949 0.0277958 0.0525958 0.100313 0.193196 0.37635 0.741979 1.48456 3.02263 6.2751 13.3101 28.9905 65.1335 150.988 363.988 918.859 2437.19 6806.39 20260.3 64972 218608 781434 2.98276e+06 1.15733e+07 -2.48619e+08 9.78536e+07 1.99288e+08 
7.15281e-06 1.62618e-06 2.94223e-06 5.33015e-06 9.67053e-06 1.75736e-05 3.19973e-05 5.83936e-05 0.000106845 0.000196063 0.000361058 0.000667672 0.00124016 0.002316 0.00435284 0.00824024 0.0157247 0.0303035 0.0590737 0.116567 0.23347 0.475919 0.989432 2.10241 4.58878 10.3349 24.0352 58.1749 147.58 393.956 1110.25 3345.19 10897.8 37677 140541 571727 2.46742e+06 1.06843e+07 -3.28914e+08 1.19786e+08 
8.47644e-07 1.92718e-07 3.487e-07 6.3174e-07 1.14624e-06 2.08314e-06 3.79322e-06 6.92313e-06 1.26689e-05 2.32509e-05 4.28241e-05 7.92043e-05 0.000147148 0.000274865 0.00051674 0.000978537 0.00186804 0.00360151 0.00702423 0.0138689 0.027797 0.0567079 0.118005 0.251028 0.548614 1.23744 2.88325 6.99439 17.791 47.651 134.903 408.91 1342.45 4706.1 17976.1 76059.4 353639 1.79586e+06 9.8861e+06 -4.18089e+08 
dt_FE: 2.39182e-09
dt_EA: 2.39182e-09
dt_PE: 2.39182e-09
tolC: 1e-06
dt_grow: 1.03
dt_max: 0.1
steps: 0
