t
0.0000000007180099173809751
dt
0.0000000000649448714484372
DN
0.0000000000000002177980794
TC
26.0000
N
3.77538654e-04
1.12468580e-03
1.87227380e-03
2.61617468e-03
3.35170987e-03
4.07361763e-03
4.77602542e-03
5.45243066e-03
6.09569366e-03
6.69804790e-03
7.25113428e-03
7.74606760e-03
8.17354597e-03
8.52401599e-03
8.78790921e-03
8.95596711e-03
9.01967297e-03
8.97183262e-03
8.80901274e-03
8.60784361e-03
1.04159041e-02
4.11188666e-02
2.37660497e-01
6.48068000e-01
6.10659901e-01
1.62235816e-01
1.18365005e-02
1.94903296e-03
1.24373903e-03
8.03123885e-04
4.98873097e-04
2.97076781e-04
1.69175966e-04
9.19922989e-05
4.77367286e-05
2.36404278e-05
1.11753054e-05
5.04263116e-06
2.17058456e-06
8.90037662e-07
eC
1.00638940e+00
3.07804198e+00
5.27088624e+00
7.59201189e+00
1.00489234e+01
1.26495642e+01
1.54023425e+01
1.83161584e+01
2.14004324e+01
2.46651365e+01
2.81208258e+01
3.17786729e+01
3.56505041e+01
3.97488374e+01
4.40869232e+01
4.86787870e+01
5.35392748e+01
5.86841012e+01
6.41298999e+01
6.98942779e+01
7.59958720e+01
8.24544093e+01
8.92907710e+01
9.65270599e+01
1.04186672e+02
1.12294371e+02
1.20876370e+02
1.29960417e+02
1.39575880e+02
1.49753848e+02
1.60527227e+02
1.71930848e+02
1.84001582e+02
1.96778453e+02
2.10302771e+02
2.24618262e+02
2.39771209e+02
2.55810604e+02
2.72788303e+02
2.90759198e+02
