t
0.0000105055950737188337360
dt
0.0000003166691608999292677
DN
0.0000000196797357007359575
TC
1787.0000
N
9.33014525e-01
9.26533334e-01
9.18927173e-01
9.10099749e-01
8.99820974e-01
8.87815877e-01
8.73757905e-01
8.57262959e-01
8.37885763e-01
8.15121152e-01
7.88414246e-01
7.57185100e-01
7.20874870e-01
6.79020716e-01
6.31363845e-01
5.77986681e-01
5.19459555e-01
4.56956292e-01
3.92280866e-01
3.27750328e-01
2.65916928e-01
2.09179739e-01
1.59398535e-01
1.17635530e-01
8.40979011e-02
5.82685798e-02
3.91477384e-02
2.55125431e-02
1.61289783e-02
9.88895092e-03
5.87644890e-03
3.38131863e-03
1.88155212e-03
1.01097739e-03
5.23595435e-04
2.60869958e-04
1.24764242e-04
5.71456863e-05
2.50047147e-05
1.04244382e-05
eC
1.00638940e+00
3.07804198e+00
5.27088624e+00
7.59201189e+00
1.00489234e+01
1.26495642e+01
1.54023425e+01
1.83161584e+01
2.14004324e+01
2.46651365e+01
2.81208258e+01
3.17786729e+01
3.56505041e+01
3.97488374e+01
4.40869232e+01
4.86787870e+01
5.35392748e+01
5.86841012e+01
6.41298999e+01
6.98942779e+01
7.59958720e+01
8.24544093e+01
8.92907710e+01
9.65270599e+01
1.04186672e+02
1.12294371e+02
1.20876370e+02
1.29960417e+02
1.39575880e+02
1.49753848e+02
1.60527227e+02
1.71930848e+02
1.84001582e+02
1.96778453e+02
2.10302771e+02
2.24618262e+02
2.39771209e+02
2.55810604e+02
2.72788303e+02
2.90759198e+02
