t
0.0000000559103395722643476
dt
0.0000000002418299469015789
DN
0.0000000000000000000000000
TC
513.0000
N
3.34366481e-02
9.51822105e-02
1.51349369e-01
2.01944831e-01
2.46996161e-01
2.86545958e-01
3.20644903e-01
3.49344679e-01
3.72691295e-01
3.90719478e-01
4.03448900e-01
4.10883290e-01
4.13013718e-01
4.09827653e-01
4.01325630e-01
3.87547384e-01
3.68608827e-01
3.44749876e-01
3.16390686e-01
2.84200686e-01
2.49403777e-01
2.16293548e-01
1.97538768e-01
1.87063392e-01
1.37699368e-01
8.04975700e-02
5.13741303e-02
3.38470803e-02
2.16210213e-02
1.33471343e-02
7.96587181e-03
4.59602350e-03
2.56187401e-03
1.37805203e-03
7.14236080e-04
3.56034992e-04
1.70341703e-04
7.80441000e-05
3.41571706e-05
1.42429998e-05
eC
1.00638940e+00
3.07804198e+00
5.27088624e+00
7.59201189e+00
1.00489234e+01
1.26495642e+01
1.54023425e+01
1.83161584e+01
2.14004324e+01
2.46651365e+01
2.81208258e+01
3.17786729e+01
3.56505041e+01
3.97488374e+01
4.40869232e+01
4.86787870e+01
5.35392748e+01
5.86841012e+01
6.41298999e+01
6.98942779e+01
7.59958720e+01
8.24544093e+01
8.92907710e+01
9.65270599e+01
1.04186672e+02
1.12294371e+02
1.20876370e+02
1.29960417e+02
1.39575880e+02
1.49753848e+02
1.60527227e+02
1.71930848e+02
1.84001582e+02
1.96778453e+02
2.10302771e+02
2.24618262e+02
2.39771209e+02
2.55810604e+02
2.72788303e+02
2.90759198e+02
