t: 1.36002e-06
dt: 8.03101e-08
N: 0.697369 0.742369 0.783658 0.820254 0.851397 0.876626 0.895977 0.909861 0.918961 0.924149 0.926373 0.926438 0.924951 0.92231 0.918693 0.9141 0.908397 0.901334 0.89254 0.881499 0.867501 0.849573 0.826379 0.79611 0.756382 0.704252 0.636574 0.551086 0.448585 0.335673 0.225501 0.133316 0.0684652 0.0303137 0.0114883 0.00368352 0.000981059 0.000211647 3.58361e-05 4.58655e-06 
eC: 1 1.15749 1.33977 1.55077 1.795 2.07768 2.40489 2.78363 3.22201 3.72944 4.31677 4.99661 5.78351 6.69433 7.7486 8.9689 10.3814 12.0163 13.9087 16.0991 18.6345 21.5692 24.9661 28.8979 33.4489 38.7167 44.814 51.8717 60.0407 69.4963 80.4411 93.1095 107.773 124.746 144.391 167.131 193.452 223.918 259.182 300 
dV: 1.08333 0.211322 0.327712 0.508206 0.788112 1.22218 1.89532 2.93921 4.55805 7.06849 10.9616 16.999 26.3615 40.8807 63.3966 98.3136 152.462 236.434 366.655 568.597 881.764 1367.42 2120.55 3288.49 5099.69 7908.45 12264.2 19019 29494.1 45738.6 70930.1 109996 170579 264529 410225 636165 986546 1.52991e+06 2.37254e+06 3.67926e+06 
kVec: 1.03005e+06 1.19336e+06 1.37486e+06 1.58369e+06 1.82367e+06 2.09841e+06 2.41264e+06 2.77158e+06 3.18055e+06 3.6438e+06 4.16868e+06 4.76189e+06 5.42524e+06 6.16595e+06 6.9901e+06 7.89983e+06 8.88633e+06 9.95722e+06 1.11117e+07 1.23082e+07 1.35478e+07 1.48184e+07 1.60892e+07 1.7281e+07 1.84373e+07 1.96008e+07 2.06413e+07 2.18077e+07 2.33972e+07 2.58634e+07 2.96964e+07 3.61556e+07 4.71157e+07 6.38682e+07 8.9496e+07 1.28173e+08 1.82276e+08 2.48899e+08 3.2919e+08 4.18366e+08 
cMat: 
-61877.5 290.566 341.432 397.708 463.627 541.239 632.676 740.492 868.125 1020.3 1201.53 1417.93 1679.78 1996.69 2381.17 2852.3 3437.97 4164.38 5070.56 6232.93 7720.49 9634.35 12144.7 15505.3 19988.1 26025.4 34465.2 46170.9 62527.8 85860.4 119566 168130 238678 343195 495516 716296 1.02967e+06 1.47159e+06 2.10547e+06 3.0232e+06 
1258.06 -73197.3 335.004 390.224 454.906 531.063 620.788 726.586 851.835 1001.17 1179.03 1391.41 1648.39 1959.45 2336.83 2799.3 3374.25 4087.4 4977.13 6118.52 7579.39 9459.13 11925.1 15226.7 19631.6 25564.9 33861.1 45369.7 61454.2 84403 117561 165343 234767 337633 487567 704912 1.01342e+06 1.44848e+06 2.07252e+06 2.97601e+06 
793.174 179.746 -84507.7 377.346 439.897 513.547 600.32 702.641 823.776 968.214 1140.24 1345.67 1594.26 1895.16 2260.26 2707.7 3264.02 3954.13 4815.19 5919.95 7334.12 9154.03 11541.9 14739.5 19006.6 24755.4 32795.4 43951.3 59546.6 81802.6 113966 160327 227699 327540 473087 684102 983646 1.40604e+06 2.01194e+06 2.88916e+06 
489.762 110.988 200.03 -97813.6 420.585 491.008 573.981 671.824 787.661 925.788 1090.3 1286.77 1524.54 1812.36 2161.6 2589.65 3121.92 3782.26 4606.27 5663.64 7017.37 8759.76 11046.3 14109 18196.9 23705.5 31411.7 42107.2 57062.9 78412 109273 153766 218441 314300 454070 656737 944453 1.35016e+06 1.93212e+06 2.77468e+06 
300.653 68.1337 122.796 221.478 -113480 462.632 545.68 638.71 748.853 880.198 1036.64 1223.48 1449.61 1723.37 2055.57 2462.77 2969.17 3597.49 4381.65 5388.05 6676.74 8335.72 10513.3 13430.7 17325.6 22575.5 29922.1 40121.5 54387.8 74759.1 104215 146695 208458 300021 433553 627210 902155 1.28984e+06 1.84595e+06 2.65111e+06 
185.248 41.9811 75.6624 136.469 244.176 -131907 520.266 608.977 714.012 839.272 988.478 1166.68 1382.38 1643.53 1960.47 2349 2832.25 3431.93 4180.46 5141.33 6371.97 7956.57 10037 12825.2 16548.5 21568.9 28596.7 38357.1 52014.4 71523.3 99742.1 140451 199660 287455 415525 601299 865076 1.237e+06 1.77051e+06 2.54295e+06 
115.809 26.2451 47.302 85.3176 154.029 278.242 -153631 588.92 690.516 811.684 956.024 1128.43 1337.13 1589.83 1896.55 2272.61 2740.42 3321.04 4045.89 4976.59 6168.88 7704.47 9721.19 12424.8 16036.6 20908.2 27730.8 37210 50479.4 69442.6 96883.1 136485 194104 279567 404270 585203 842136 1.20439e+06 1.72404e+06 2.47642e+06 
74.3082 16.8402 30.3519 54.7459 98.8378 178.547 322.858 -179306 678.332 805.812 949.152 1120.38 1327.67 1578.7 1883.43 2257.1 2722.02 3299.17 4019.82 4945.39 6131.4 7659.36 9666.72 12358.8 15956.6 20811.3 27613.6 37069 50311.5 69245.6 96656.4 136233 193840 279311 404067 585127 842272 1.2048e+06 1.72487e+06 2.47784e+06 
49.4016 11.1958 20.1791 36.398 65.714 118.713 214.67 384.666 -209730 828.659 976.116 1152.28 1365.57 1623.9 1937.54 2322.19 2800.9 3395.26 4137.6 5091.29 6313.74 7889.15 9959.64 12737.7 16451.9 21466.2 28496 38272.9 51973.4 71573.5 99963.6 140975 200700 289346 418785 606701 873620 1.24991e+06 1.78972e+06 2.5713e+06 
34.1592 7.74162 13.9536 25.1693 45.4426 82.0953 148.459 268.842 487.525 -245786 1042.55 1230.79 1458.75 1734.88 2070.18 2481.5 2993.51 3629.39 4423.8 5444.78 6753.95 8441.79 10661.1 13640.3 17625.8 23009.3 30561.8 41072.8 55811.8 76912.2 107495 151701 216118 311770 451500 654437 942742 1.34915e+06 1.93218e+06 2.77634e+06 
24.4452 5.5402 9.98597 18.013 32.5231 58.7573 106.259 192.433 348.981 633.544 -288790 1360.72 1612.9 1918.43 2289.5 2744.8 3311.73 4016.02 4896.17 6027.8 7479.49 9351.9 11815.2 15124 19553 25539.7 33944.8 45651.1 62079 85615.8 119755 169137 241145 348122 504478 731661 1.05448e+06 1.50949e+06 2.16227e+06 3.10743e+06 
17.9602 4.07055 7.33717 13.2354 23.8977 43.1762 78.0854 141.418 256.48 465.651 847.157 -340329 1818.03 2179.02 2600.88 3118.63 3763.53 4564.93 5566.8 6855.54 8509.56 10644 13453.7 17230.5 22289.4 29132.5 38748.5 52152.6 70979.5 97977.6 137170 193907 276704 399779 579771 841426 1.21331e+06 1.73744e+06 2.48939e+06 3.57815e+06 
13.4537 3.04925 5.49645 9.91532 17.9037 32.3484 58.5062 105.965 192.196 348.971 634.945 1149.57 -402060 2517.49 3005.4 3604.41 4350.82 5278.73 6439.24 7932.91 9851.05 12327.9 15590.6 19980 25864.4 33831.5 45038.7 60677.2 82665.8 114232 160104 226575 323669 468098 679469 986927 1.42403e+06 2.04001e+06 2.92376e+06 4.20338e+06 
10.1964 2.31107 4.16599 7.51554 13.5712 24.5217 44.3534 80.3379 145.726 264.622 481.529 878.502 1605.15 -476585 3511.54 4212.4 5086.14 6172.83 7532.59 9283.87 11534.3 14442.3 18276.3 23439.1 30367.2 39757.1 52982.2 71458.8 97470.3 134860 189258 268176 383579 555381 807024 1.17332e+06 1.69424e+06 2.42825e+06 3.48136e+06 5.00622e+06 
7.78186 1.76386 3.1797 5.73652 10.3592 18.7193 33.8608 61.3375 111.272 202.079 367.769 671.054 1226.33 2247.26 -567225 4904.77 5990.77 7273.35 8879.1 10948.8 13610.4 17052.4 21594.7 27718.2 35944.6 47107.4 62851.8 84878.3 115931 160633 225759 320365 458884 665291 967910 1.40876e+06 2.03595e+06 2.91955e+06 4.18735e+06 6.02309e+06 
5.97188 1.35366 2.44035 4.40288 7.95139 14.3693 25.9944 47.0923 85.439 155.185 282.467 515.495 942.24 1727.07 3142.26 -678085 7089.9 8611.37 10517.4 12976.3 16141.2 20237.9 25650.2 32955.9 42783.1 56136.6 75002.1 101438 138769 192601 271154 385443 553030 803024 1.16996e+06 1.70501e+06 2.46656e+06 3.53926e+06 5.07843e+06 7.30715e+06 
4.60987 1.04498 1.88397 3.39928 6.13938 11.0957 20.0744 36.3715 65.9971 119.891 218.264 398.405 728.397 1335.48 2457.96 4540.56 -813764 10220.7 12490 15420.5 19196.4 24089.5 30562.5 39313.5 51103.3 67150.7 89867.8 121763 166895 232114 327473 466474 670674 975691 1.424e+06 2.07847e+06 3.01049e+06 4.32304e+06 6.20644e+06 8.93359e+06 
3.57177 0.8097 1.45989 2.63429 4.75813 8.60019 15.5613 28.1982 51.1738 92.9796 169.305 309.109 565.294 1036.77 1908.86 3527.68 6537.77 -982303 14897.5 18407 22934.3 28808.8 36591.6 47132.2 61358.4 80759.3 108287 147024 201967 281555 398190 568581 819425 1.1947e+06 1.74713e+06 2.55469e+06 3.70547e+06 5.32569e+06 7.65067e+06 1.10172e+07 
2.77669 0.629497 1.13506 2.04833 3.70009 6.68854 12.1039 21.9362 39.8163 72.3582 131.786 240.669 440.268 807.754 1487.81 2750.84 5100.91 9511.58 -1.19398e+06 21957.1 27544.5 34638.5 44053 56829.1 74107.4 97722.2 131317 178715 246120 344033 487903 698613 1.00957e+06 1.4756e+06 2.16289e+06 3.16911e+06 4.60406e+06 6.62381e+06 9.52224e+06 1.37191e+07 
2.1736 0.492807 0.88867 1.60384 2.89749 5.2384 9.48109 17.1859 31.2002 56.7137 103.321 188.744 345.407 633.987 1168.31 2161.34 4010.51 7484.07 13982.7 -1.45849e+06 33111.2 41695.4 53111.5 68641.9 89697.7 118553 159737 218030 301205 422452 601200 863829 1.2526e+06 1.83656e+06 2.69973e+06 3.96586e+06 5.77318e+06 8.31618e+06 1.19657e+07 1.72498e+07 
1.7085 0.387389 0.698641 1.26103 2.27844 4.11984 7.45788 13.5211 24.5527 44.6425 81.3547 148.669 272.185 499.834 921.61 1706.04 3168.13 5917.3 11131 21011.5 -1.79504e+06 50383.6 64295 83273.9 109080 144555 195383 267597 371044 522467 746592 1.07714e+06 1.56826e+06 2.30795e+06 3.40422e+06 5.01596e+06 7.31922e+06 1.05588e+07 1.52081e+07 2.19393e+07 
1.34637 0.305307 0.550668 0.994063 1.79634 3.24866 5.88198 10.6664 19.3738 35.2368 64.2366 117.434 215.101 395.224 729.18 1350.8 2510.64 4693.9 8839.53 16708.7 31817.1 -2.22907e+06 77352.3 101584 133427 177360 240583 330799 460621 651574 935523 1.35617e+06 1.98384e+06 2.9322e+06 4.34213e+06 6.4205e+06 9.39466e+06 1.3576e+07 1.95771e+07 2.82644e+07 
1.06452 0.241418 0.43549 0.786256 1.42105 2.57044 4.65505 8.44363 15.3409 27.9118 50.9035 93.1007 170.624 313.702 579.19 1073.84 1997.88 3739.51 7051.32 13349.6 25466.7 48517.4 -2.7934e+06 124207 163664 218332 297413 410847 574972 817789 1.18091e+06 1.72175e+06 2.533e+06 3.76352e+06 5.59986e+06 8.3155e+06 1.22081e+07 1.76779e+07 2.55285e+07 3.6891e+07 
0.844281 0.191494 0.345483 0.623856 1.12774 2.04036 3.69604 6.70608 12.1882 22.1847 40.4776 74.0712 135.836 249.926 461.828 857.085 1596.48 2992.21 5650.76 10717.9 20490.2 39581.3 77159 -3.52341e+06 200173 268186 367204 510153 718385 1.02872e+06 1.49617e+06 2.19721e+06 3.25582e+06 4.86966e+06 7.28957e+06 1.08828e+07 1.60445e+07 2.32935e+07 3.36976e+07 4.8751e+07 
0.666802 0.15126 0.272939 0.492948 0.891283 1.61295 2.92264 5.30455 9.64455 17.5628 32.0612 58.7039 107.731 198.378 366.915 681.679 1271.42 2386.52 4514.55 8580.62 16443.6 31851.3 62289.2 122637 -4.49165e+06 329497 453812 634628 900106 1.2992e+06 1.90553e+06 2.82238e+06 4.21813e+06 6.359e+06 9.58769e+06 1.44054e+07 2.13442e+07 3.10831e+07 4.50604e+07 6.52748e+07 
0.521266 0.118263 0.213436 0.385558 0.697272 1.26219 2.28779 4.1538 7.55542 13.7653 25.1431 46.0663 84.6046 155.934 288.707 537.021 1003.06 1885.91 3574.24 6809.05 13083.6 25420 49889.8 98648.3 197828 -5.79689e+06 557604 788647 1.12781e+06 1.64282e+06 2.43328e+06 3.64026e+06 5.49539e+06 8.36206e+06 1.2715e+07 1.9248e+07 2.86877e+07 4.19287e+07 6.09315e+07 8.83972e+07 
0.40236 0.0913015 0.16481 0.297786 0.538677 0.975407 1.76862 3.21248 5.846 10.657 19.4782 35.7135 65.6494 121.123 224.522 418.207 782.441 1473.93 2799.52 5347.52 10307.4 20098.1 39612 78728.8 158813 325011 -7.50156e+06 956654 1.38227e+06 2.03712e+06 3.05595e+06 4.63218e+06 7.08668e+06 1.09192e+07 1.67929e+07 2.56783e+07 3.8574e+07 5.66526e+07 8.25952e+07 1.20052e+08 
0.300901 0.0682911 0.1233 0.222839 0.403213 0.73036 1.32481 2.40741 4.38317 7.99521 14.6234 26.8334 49.3733 91.1957 169.262 315.746 591.813 1117.15 2126.89 4074.58 7880.74 15426.8 30547.1 61058.8 123979 256612 534043 -9.7898e+06 1.65089e+06 2.46655e+06 3.75695e+06 5.78601e+06 8.99788e+06 1.40814e+07 2.19651e+07 3.40119e+07 5.15965e+07 7.62409e+07 1.116e+08 1.62577e+08 
0.213897 0.0485542 0.0876847 0.158513 0.286904 0.519866 0.943376 1.71507 3.12432 5.70267 10.438 19.1694 35.3077 65.2931 121.35 226.729 425.785 805.524 1537.47 2954.66 5735.71 11275.5 22439.5 45131.7 92299.9 192622 405035 866551 -1.29016e+07 2.84673e+06 4.46142e+06 7.00144e+06 1.11035e+07 1.77092e+07 2.81065e+07 4.41969e+07 6.78585e+07 1.01024e+08 1.48605e+08 2.17064e+08 
0.141726 0.0321778 0.0581243 0.105104 0.190293 0.344936 0.62621 1.13902 2.07611 3.79202 6.94624 12.7681 23.5427 43.5915 81.1331 151.844 285.74 541.857 1037.01 1999.61 3897.12 7696.21 15400.3 31185 64284.4 135389 288030 624726 1.37363e+06 -1.71818e+07 4.96259e+06 7.97083e+06 1.29558e+07 2.11745e+07 3.43695e+07 5.51406e+07 8.59988e+07 1.29298e+08 1.91415e+08 2.80532e+08 
0.0854967 0.0194153 0.0350794 0.0634502 0.114914 0.208379 0.378466 0.688739 1.2561 2.29588 4.20896 7.74362 14.294 26.5008 49.3962 92.6062 174.634 331.969 637.093 1232.74 2412.42 4786.88 9633.62 19647.8 40844.3 86870.2 187177 412212 932569 2.14978e+06 -2.29998e+07 8.22445e+06 1.37957e+07 2.33002e+07 3.90025e+07 6.43464e+07 1.0259e+08 1.56424e+08 2.33687e+08 3.44047e+08 
0.0458321 0.0104101 0.0188133 0.0340381 0.0616653 0.111863 0.203258 0.370075 0.675317 1.23519 2.26623 4.17313 7.71165 14.3155 26.7225 50.1842 94.8344 180.711 347.768 675.25 1326.87 2645.43 5354.6 10999.9 23063 49544.4 108162 242018 557930 1.31635e+06 3.13538e+06 -3.13355e+07 1.33085e+07 2.34013e+07 4.07188e+07 6.96324e+07 1.14262e+08 1.77507e+08 2.68423e+08 3.97563e+08 
0.0215465 0.00489492 0.00884834 0.0160132 0.0290193 0.0526612 0.0957279 0.174378 0.318386 0.582742 1.07 1.97208 3.64819 6.78084 12.6758 23.845 45.1534 86.2464 166.429 324.257 639.753 1281.53 2608.75 5397.82 11414.6 24768.6 54799.2 124638 293016 708558 1.74168e+06 4.40726e+06 -4.38899e+07 2.12856e+07 3.89057e+07 6.95861e+07 1.18451e+08 1.88511e+08 2.89585e+08 4.32234e+08 
0.0088456 0.0020099 0.003634 0.00657825 0.0119245 0.0216467 0.039365 0.0717394 0.131053 0.240016 0.441019 0.813487 1.50638 2.80311 5.24692 9.88549 18.7548 35.9013 69.4519 135.739 268.808 540.801 1106.66 2305.03 4913.04 10760.6 24106.9 55689.9 133430 330631 839855 2.21259e+06 6.07724e+06 -6.19322e+07 3.1703e+07 6.05685e+07 1.09282e+08 1.81091e+08 2.85848e+08 4.32615e+08 
0.00312115 0.000709307 0.00128272 0.00232251 0.00421116 0.00764696 0.0139112 0.0253626 0.0463542 0.0849444 0.156185 0.288308 0.534364 0.99542 1.86551 3.51974 6.68929 12.8307 24.8782 48.7628 96.8956 195.712 402.408 843.238 1810.28 3998.62 9060.41 21229.2 51752.5 131152 343565 940865 2.71459e+06 7.74767e+06 -8.84678e+07 4.60453e+07 8.99118e+07 1.58195e+08 2.60575e+08 4.03838e+08 
0.00093284 0.000212028 0.000383505 0.000694521 0.00125959 0.00228792 0.00416351 0.00759361 0.0138845 0.0254567 0.0468344 0.0865117 0.160476 0.299223 0.561383 1.06054 2.0187 3.879 7.5367 14.8103 29.5188 59.8331 123.548 260.285 562.359 1251.52 2864.49 6796.57 16825.7 43504.2 117192 332661 1.00386e+06 3.06038e+06 9.52015e+06 -1.27701e+08 6.46265e+07 1.24847e+08 2.19168e+08 3.53282e+08 
0.000230301 5.23519e-05 9.4705e-05 0.000171537 0.000311159 0.000565312 0.00102901 0.0018773 0.0034337 0.00629813 0.0115925 0.0214246 0.0397675 0.0742057 0.139339 0.263496 0.502168 0.966293 1.88048 3.70276 7.39764 15.0362 31.1516 65.9049 143.105 320.355 739.026 1770.78 4436.81 11652.9 32089.5 93751.1 293475 948336 3.1927e+06 1.10993e+07 -1.82097e+08 8.31955e+07 1.62449e+08 2.82106e+08 
4.57882e-05 1.04093e-05 1.88322e-05 3.41139e-05 6.1888e-05 0.000112453 0.000204726 0.000373567 0.000683423 0.00125386 0.00230856 0.00426798 0.00792523 0.0147953 0.0277966 0.0525974 0.100316 0.193202 0.376361 0.742001 1.48461 3.02272 6.27529 13.3105 28.9913 65.1355 150.992 364 918.886 2437.27 6806.6 20261 64974 218615 781458 2.98285e+06 1.15736e+07 -2.48846e+08 9.78565e+07 1.99294e+08 
7.15284e-06 1.62619e-06 2.94225e-06 5.33018e-06 9.67058e-06 1.75737e-05 3.19975e-05 5.83939e-05 0.000106845 0.000196064 0.00036106 0.000667675 0.00124017 0.00231601 0.00435286 0.00824028 0.0157248 0.0303036 0.059074 0.116568 0.233471 0.475922 0.989437 2.10242 4.5888 10.335 24.0353 58.1752 147.581 393.958 1110.25 3345.21 10897.8 37677.1 140542 571730 2.46744e+06 1.06844e+07 -3.29178e+08 1.19787e+08 
8.47644e-07 1.92719e-07 3.487e-07 6.3174e-07 1.14624e-06 2.08314e-06 3.79322e-06 6.92314e-06 1.26689e-05 2.32509e-05 4.28241e-05 7.92043e-05 0.000147148 0.000274865 0.00051674 0.000978537 0.00186804 0.00360151 0.00702424 0.0138689 0.027797 0.056708 0.118005 0.251028 0.548614 1.23744 2.88325 6.9944 17.791 47.651 134.904 408.91 1342.45 4706.1 17976.1 76059.5 353639 1.79586e+06 9.88611e+06 -4.18364e+08 
dt_FE: 8.03101e-08
dt_EA: 8.03101e-08
dt_PE: 8.03101e-08
tolC: 1e-06
dt_grow: 1.03
dt_max: 0.1
steps: 0
