t: 1.22966e-07
dt: 2.39145e-09
N: 0.0912634 0.104492 0.119432 0.13626 0.155139 0.176177 0.199511 0.225248 0.253408 0.283877 0.316626 0.351466 0.387824 0.425333 0.463467 0.501343 0.53777 0.572135 0.603458 0.6298 0.650545 0.664734 0.670723 0.666496 0.651241 0.622962 0.577804 0.514833 0.4337 0.33733 0.235387 0.144478 0.0749182 0.03328 0.0126384 0.00405544 0.00108059 0.000233207 3.9497e-05 5.05608e-06 
eC: 1 1.15749 1.33977 1.55077 1.795 2.07768 2.40489 2.78363 3.22201 3.72944 4.31677 4.99661 5.78351 6.69433 7.7486 8.9689 10.3814 12.0163 13.9087 16.0991 18.6345 21.5692 24.9661 28.8979 33.4489 38.7167 44.814 51.8717 60.0407 69.4963 80.4411 93.1095 107.773 124.746 144.391 167.131 193.452 223.918 259.182 300 
dV: 1.08333 0.211322 0.327712 0.508206 0.788112 1.22218 1.89532 2.93921 4.55805 7.06849 10.9616 16.999 26.3615 40.8807 63.3966 98.3136 152.462 236.434 366.655 568.597 881.764 1367.42 2120.55 3288.49 5099.69 7908.45 12264.2 19019 29494.1 45738.6 70930.1 109996 170579 264529 410225 636165 986546 1.52991e+06 2.37254e+06 3.67926e+06 
kVec: 996084 1.15466e+06 1.33089e+06 1.53388e+06 1.76741e+06 2.03517e+06 2.34189e+06 2.69288e+06 3.09363e+06 3.54867e+06 4.0656e+06 4.65157e+06 5.30915e+06 6.0463e+06 6.87001e+06 7.78375e+06 8.78055e+06 9.86942e+06 1.10515e+07 1.22879e+07 1.35815e+07 1.49216e+07 1.62784e+07 1.75731e+07 1.88452e+07 2.01321e+07 2.12911e+07 2.25561e+07 2.42057e+07 2.66736e+07 3.0438e+07 3.67695e+07 4.75671e+07 6.41452e+07 8.96139e+07 1.28157e+08 1.82161e+08 2.48726e+08 3.28987e+08 4.18156e+08 
cMat: 
-108576 872.508 1025.25 1194.23 1392.17 1625.22 1899.79 2223.54 2606.79 3063.74 3607.93 4257.74 5044 5995.63 7150.14 8564.83 10323.5 12504.7 15225.8 18716.1 23183 28929.9 36468 46559 60020.1 78148.7 103492 138641 187757 257820 359032 504859 716699 1.03054e+06 1.48793e+06 2.15088e+06 3.09187e+06 4.41885e+06 6.32229e+06 9.07803e+06 
4372.94 -129744 1164.45 1356.39 1581.22 1845.94 2157.81 2525.56 2960.92 3480.01 4098.21 4836.43 5729.7 6810.9 8122.66 9730.16 11728.7 14207.5 17300.2 21267.5 26345.4 32879.3 41450.7 52926.9 68238.1 88861.9 117699 157702 213611 293379 408632 574720 816035 1.17359e+06 1.69475e+06 2.45022e+06 3.52259e+06 5.0348e+06 7.20395e+06 1.03444e+07 
3228.42 731.61 -148585 1535.89 1790.49 2090.27 2443.46 2859.93 3352.98 3940.88 4641.06 5477.2 6489.03 7713.79 9199.83 11021 13285.4 16094.3 19599.1 24095.7 29851.8 37259.3 46978.4 59993.7 77361.8 100761 133486 178893 242370 332958 463872 652571 926794 1.33317e+06 1.92559e+06 2.78447e+06 4.00369e+06 5.72295e+06 8.18911e+06 1.17596e+07 
2353.47 533.336 961.21 -170594 2021.05 2359.46 2758.17 3228.33 3784.97 4448.72 5239.27 6183.37 7325.91 8708.98 10387.2 12444.1 15001.8 18175 22134.6 27215.6 33720.7 42093.5 53081.3 67798.5 87442 113913 150944 202339 274206 376796 525093 738898 1.04968e+06 1.51032e+06 2.18195e+06 3.15584e+06 4.53841e+06 6.48795e+06 9.28446e+06 1.33333e+07 
1709.32 387.365 698.139 1259.18 -196215 2630.24 3102.39 3631.3 4257.51 5004.25 5893.7 6955.95 8241.58 9797.97 11686.7 14001.7 16880.8 20453.1 24911.3 30633 37959.7 47391.7 59772 76358.5 98502.4 128350 170118 228105 309214 425033 592501 834012 1.18516e+06 1.70573e+06 2.46491e+06 3.56592e+06 5.12908e+06 7.3332e+06 1.04949e+07 1.50725e+07 
1236.98 280.325 505.229 911.257 1630.47 -225927 3474.03 4066.4 4767.76 5604.17 6600.48 7790.43 9230.74 10974.5 13090.9 15685.2 18912.1 22916.5 27914.7 34330.8 42548.3 53129.4 67021.5 85639 110502 144024 190952 256127 347322 477591 666020 937851 1.33321e+06 1.91946e+06 2.77463e+06 4.01512e+06 5.77647e+06 8.25995e+06 1.18224e+07 1.69803e+07 
891.191 201.965 364.005 656.548 1185.3 2141.17 -260322 4531.94 5313.76 6246.19 7356.94 8683.67 10289.7 12234.3 14594.6 17488.5 21088.5 25556.5 31134.5 38296.6 47471.6 59288.6 74808 95613.2 123407 160896 213398 286344 388457 534385 745549 1.0503e+06 1.4937e+06 2.15137e+06 3.111e+06 4.50334e+06 6.48053e+06 9.2682e+06 1.32671e+07 1.90569e+07 
638.682 144.742 260.875 470.543 849.514 1534.62 2774.98 -300067 5830.28 6925.99 8158 9629.69 11411.4 13569 16188.2 19399.8 23395.9 28356.4 34550.5 42505.8 52699.6 65832.5 83085.8 106225 137147 178874 237340 318609 432429 595168 830765 1.17093e+06 1.66606e+06 2.40069e+06 3.47297e+06 5.02919e+06 7.23935e+06 1.03553e+07 1.48253e+07 2.12971e+07 
455.124 103.145 185.905 335.325 605.407 1093.68 1977.7 3543.83 -346123 7634.23 8992.71 10615.6 12580.7 14960.6 17850.1 21393.8 25804 31279.7 38118.7 46904.8 58166.9 72680.8 91755.8 117349 151567 197763 262526 352599 478818 659389 920940 1.29877e+06 1.849e+06 2.66568e+06 3.85816e+06 5.58939e+06 8.04845e+06 1.15151e+07 1.64883e+07 2.36887e+07 
322.503 73.0898 131.738 237.627 429.031 775.075 1401.62 2538.18 4602.8 -399279 9842.89 11620.1 13772.3 16379.3 19544.9 23428.2 28262.2 34265.7 41765.8 51405 63765.1 79700.3 100653 128781 166408 217235 288539 387775 526928 726140 1.01488e+06 1.43224e+06 2.04041e+06 2.94347e+06 4.26269e+06 6.17865e+06 8.90058e+06 1.27376e+07 1.8242e+07 2.62119e+07 
226.89 51.4218 92.6855 167.189 301.865 545.36 986.252 1786.08 3239.09 5880.28 -460876 12629.6 14970.2 17806 21250.2 25476 30738.1 37275 45444.1 55947.4 69421.3 86800.3 109663 140374 181483 237048 315061 423714 576190 794648 1.11151e+06 1.56986e+06 2.2382e+06 3.23111e+06 4.68235e+06 6.79096e+06 9.78718e+06 1.40105e+07 2.00693e+07 2.88418e+07 
158.34 35.8867 64.6858 116.686 210.687 380.65 688.415 1246.77 2261.18 4105.26 7468.69 -532452 16028.1 19210.7 22929.9 27494.4 33179.9 40245.3 49077.9 60439.7 75021.8 93839.7 118611 151907 196507 256837 341614 459787 625768 863788 1.20932e+06 1.70952e+06 2.43947e+06 3.52453e+06 5.11137e+06 7.41817e+06 1.06967e+07 1.53176e+07 2.19469e+07 3.15456e+07 
109.741 24.8727 44.8346 80.8792 146.041 263.866 477.235 864.359 1567.74 2846.55 5179.25 9377.02 -615595 20535.2 24515.1 29401.2 35489.6 43058.6 52524.9 64708.8 80355 100559 127173 162977 210976 275963 367381 494944 674305 931794 1.30597e+06 1.84817e+06 2.64017e+06 3.81827e+06 5.54243e+06 8.05036e+06 1.16158e+07 1.66404e+07 2.38491e+07 3.4287e+07 
75.4221 17.0948 30.8155 55.5919 100.385 181.385 328.079 594.254 1077.93 1957.39 3561.84 6498.22 11873.2 -712806 25974.6 31158.8 37621.8 45660 55718 68672.1 85318.6 106829 135188 173377 224624 294080 391906 528576 720980 997549 1.39993e+06 1.98368e+06 2.83731e+06 4.10811e+06 5.9695e+06 8.67896e+06 1.25322e+07 1.79616e+07 2.57513e+07 3.70307e+07 
51.3511 11.6394 20.9823 37.8543 68.3589 123.525 223.441 404.755 734.263 1333.49 2426.84 4428.17 8092.33 14829.3 -826974 32365.7 39532 47995.6 58591.6 72249 89812.4 112526 142500 182908 237192 310853 414748 560097 765011 1.05999e+06 1.48975e+06 2.11403e+06 3.0281e+06 4.39014e+06 6.38707e+06 9.29618e+06 1.34349e+07 1.92656e+07 2.76316e+07 3.97453e+07 
34.6672 7.85808 14.1664 25.5591 46.1584 83.4147 150.899 273.375 495.98 900.863 1639.74 2992.49 5469.78 10025.8 18241.1 -962549 41157.4 49989.7 61054.5 75328.5 93700.9 117483 148901 191311 248359 325877 435393 588854 805563 1.11806e+06 1.57407e+06 2.23752e+06 3.21038e+06 4.66162e+06 6.79171e+06 9.89774e+06 1.43186e+07 2.05457e+07 2.94807e+07 4.24186e+07 
23.2616 5.27299 9.50658 17.1529 30.9795 55.9891 101.296 183.532 333.023 604.975 1101.37 2010.37 3675.52 6738.89 12403 22911.8 -1.12333e+06 51574.2 63025 77812.3 96865.5 121556 154219 198377 257869 338845 453476 614421 842160 1.17126e+06 1.65244e+06 2.35385e+06 3.38425e+06 4.92337e+06 7.18556e+06 1.0488e+07 1.5191e+07 2.18142e+07 3.13179e+07 4.50792e+07 
15.4891 3.51128 6.33084 11.4237 20.6337 37.2949 67.4819 122.282 221.917 403.208 734.196 1340.46 2451.41 4495.97 8277.83 15297.9 28351.2 -1.31705e+06 64603.5 79822.5 99455.3 124930 158680 204390 266082 350215 469590 637575 875833 1.22097e+06 1.72676e+06 2.46567e+06 3.55346e+06 5.18083e+06 7.57649e+06 1.10785e+07 1.60689e+07 2.3095e+07 3.31773e+07 4.77764e+07 
10.2464 2.32294 4.18855 7.55863 13.6538 24.6817 44.665 80.9478 146.928 267.012 486.308 888.105 1624.65 2980.73 5490.23 10151 18823.1 35099.1 -1.55373e+06 81024.7 101643 127821 162562 209707 273467 360609 484580 659483 908217 1.26953e+06 1.80043e+06 2.57798e+06 3.72546e+06 5.44518e+06 7.98138e+06 1.16945e+07 1.69896e+07 2.44428e+07 3.51384e+07 5.06253e+07 
6.79036 1.53954 2.77622 5.01043 9.0518 16.3648 29.6191 53.6889 97.4698 177.174 322.775 589.64 1079.06 1980.58 3649.83 6752.04 12528.9 23380.3 43682.1 -1.84215e+06 103440 130257 165921 214438 280217 370361 499022 681128 940970 1.31975e+06 1.87816e+06 2.69861e+06 3.91313e+06 5.73745e+06 8.43398e+06 1.23894e+07 1.80355e+07 2.59799e+07 3.73809e+07 5.38885e+07 
4.50602 1.0217 1.8426 3.32584 6.00918 10.8657 19.6695 35.6608 64.7554 117.741 214.566 392.102 717.863 1318.27 2430.66 4499.53 8355.65 15606.3 29357 55415.9 -2.20118e+06 132882 169572 219627 287688 381251 515305 705764 978594 1.37796e+06 1.96907e+06 2.84087e+06 4.13614e+06 6.08701e+06 8.97833e+06 1.32291e+07 1.93038e+07 2.78478e+07 4.011e+07 5.78629e+07 
3.00073 0.680454 1.2273 2.21552 4.0036 7.24046 13.1095 23.7728 43.1794 78.5343 143.168 261.731 479.407 880.857 1625.17 3010.61 5595.6 10461.6 19701.2 37239.6 70912.6 -2.65461e+06 172399 226405 297377 395293 536200 737270 1.02661e+06 1.4522e+06 2.08505e+06 3.02257e+06 4.42148e+06 6.53516e+06 9.67754e+06 1.43097e+07 2.09384e+07 3.02576e+07 4.36326e+07 6.29945e+07 
2.01889 0.457857 0.825921 1.49116 2.69506 4.87492 8.82845 16.0136 29.0945 52.9356 96.54 176.568 323.594 594.945 1098.45 2036.57 3789.03 7092.09 13373 25317.9 48298.4 92014.7 -3.2357e+06 235562 310395 414072 564052 779185 1.09045e+06 1.55096e+06 2.23963e+06 3.26534e+06 4.8039e+06 7.13763e+06 1.06203e+07 1.57706e+07 2.3153e+07 3.35267e+07 4.84156e+07 6.9965e+07 
1.38099 0.313228 0.565109 1.02044 1.84465 3.33742 6.04563 10.9692 19.9363 36.2876 66.2095 121.159 222.187 408.806 755.415 1401.94 2611.37 4894.37 9242.98 17531.3 33515.9 64743.3 126209 -3.97739e+06 327425 438673 600638 834461 1.17507e+06 1.68269e+06 2.44729e+06 3.59398e+06 5.32557e+06 7.96532e+06 1.19236e+07 1.78011e+07 2.62441e+07 3.81013e+07 5.51193e+07 7.97423e+07 
0.954581 0.216541 0.390733 0.705695 1.27594 2.30906 4.18399 7.59388 13.807 25.1425 45.8981 84.0393 154.225 283.994 525.268 975.879 1820.13 3416.5 6462.94 12283.8 23540.4 45597.8 89172 175565 -4.95033e+06 471701 649669 908521 1.28857e+06 1.85991e+06 2.72792e+06 4.04047e+06 6.03859e+06 9.10342e+06 1.37255e+07 2.06224e+07 3.0556e+07 4.4498e+07 6.45076e+07 9.34461e+07 
0.664543 0.150769 0.272101 0.491534 0.888927 1.60912 2.91662 5.29552 9.63212 17.5489 32.054 58.7282 107.859 198.794 368.062 684.628 1278.76 2404.28 4556.66 8680.6 16679.7 32407.1 63602.7 125763 252204 -6.25329e+06 710868 1.00542e+06 1.4378e+06 2.09438e+06 3.1021e+06 4.64083e+06 7.00586e+06 1.06605e+07 1.62098e+07 2.45386e+07 3.65728e+07 5.34533e+07 7.76793e+07 1.12694e+08 
0.467427 0.106066 0.191461 0.345942 0.625788 1.13314 2.05462 3.73197 6.79136 12.3803 22.628 41.4888 76.2657 140.71 260.83 485.835 908.971 1712.28 3252.24 6212.28 11974.3 23348.2 46017.7 91460.1 184495 377569 -7.94873e+06 1.11136e+06 1.6058e+06 2.36654e+06 3.55013e+06 5.38125e+06 8.23268e+06 1.26849e+07 1.95085e+07 2.98308e+07 4.48119e+07 6.5814e+07 9.59517e+07 1.39466e+08 
0.325201 0.073806 0.133257 0.240835 0.435776 0.789341 1.4318 2.60182 4.73714 8.64088 15.8043 29.0004 53.3605 98.5604 182.931 341.245 639.606 1207.37 2298.65 4403.63 8517.16 16672.7 33013.9 65989.7 133992 277335 577171 -1.02237e+07 1.78421e+06 2.66574e+06 4.06035e+06 6.25327e+06 9.72452e+06 1.52186e+07 2.37389e+07 3.67586e+07 5.57633e+07 8.23978e+07 1.20612e+08 1.75706e+08 
0.219671 0.0498649 0.0900518 0.162792 0.294649 0.533899 0.968843 1.76137 3.20866 5.85662 10.7198 19.6869 36.2608 67.0557 124.626 232.85 437.279 827.269 1578.97 3034.42 5890.54 11579.8 23045.2 46350 94791.5 197821 415968 889944 -1.33213e+07 2.92357e+06 4.58185e+06 7.19045e+06 1.14032e+07 1.81873e+07 2.88653e+07 4.539e+07 6.96903e+07 1.03751e+08 1.52616e+08 2.22923e+08 
0.141372 0.0320975 0.0579793 0.104841 0.189818 0.344076 0.624648 1.13618 2.07093 3.78256 6.92891 12.7362 23.4839 43.4827 80.9307 151.465 285.027 540.506 1034.43 1994.62 3887.4 7677.01 15361.9 31107.2 64124.1 135052 287311 623168 1.3702e+06 -1.75872e+07 4.95021e+06 7.95095e+06 1.29235e+07 2.11217e+07 3.42838e+07 5.50031e+07 8.57843e+07 1.28975e+08 1.90938e+08 2.79832e+08 
0.0844055 0.0191675 0.0346317 0.0626403 0.113448 0.20572 0.373636 0.679948 1.24007 2.26658 4.15524 7.64478 14.1115 26.1625 48.7657 91.4243 172.405 327.732 628.962 1217.01 2381.63 4725.79 9510.67 19397 40323 85761.4 184788 406951 920667 2.12234e+06 -2.33806e+07 8.11948e+06 1.36196e+07 2.30028e+07 3.85048e+07 6.35251e+07 1.01281e+08 1.54427e+08 2.30704e+08 3.39656e+08 
0.0452419 0.010276 0.018571 0.0335997 0.0608712 0.110422 0.20064 0.365308 0.666619 1.21928 2.23704 4.11939 7.61234 14.1312 26.3783 49.5379 93.613 178.383 343.289 666.553 1309.78 2611.36 5285.64 10858.2 22766 48906.3 106769 238901 550745 1.2994e+06 3.095e+06 -3.16676e+07 1.31371e+07 2.30999e+07 4.01944e+07 6.87356e+07 1.1279e+08 1.75221e+08 2.64966e+08 3.92443e+08 
0.0213973 0.00486101 0.00878704 0.0159023 0.0288183 0.0522964 0.0950647 0.17317 0.316181 0.578706 1.06259 1.95842 3.62292 6.73386 12.588 23.6798 44.8406 85.6489 165.276 322.01 635.321 1272.65 2590.68 5360.42 11335.5 24597 54419.6 123774 290987 703649 1.72961e+06 4.37673e+06 -4.4125e+07 2.11381e+07 3.86361e+07 6.91041e+07 1.1763e+08 1.87205e+08 2.87579e+08 4.2924e+08 
0.00881854 0.00200375 0.00362289 0.00655813 0.011888 0.0215805 0.0392446 0.07152 0.130652 0.239282 0.43967 0.810998 1.50177 2.79454 5.23087 9.85525 18.6974 35.7915 69.2394 135.324 267.986 539.146 1103.27 2297.98 4898.01 10727.7 24033.2 55519.6 133022 329620 837286 2.20582e+06 6.05865e+06 -6.20645e+07 3.16061e+07 6.03833e+07 1.08948e+08 1.80537e+08 2.84974e+08 4.31291e+08 
0.00311752 0.000708481 0.00128123 0.00231981 0.00420626 0.00763806 0.0138951 0.0253331 0.0463002 0.0848456 0.156003 0.287973 0.533742 0.994262 1.86334 3.51565 6.68151 12.8157 24.8493 48.706 96.7828 195.484 401.94 842.257 1808.17 3993.96 9049.87 21204.5 51692.3 130999 343165 939770 2.71143e+06 7.73866e+06 -8.85024e+07 4.59917e+07 8.98072e+07 1.58011e+08 2.60272e+08 4.03368e+08 
0.000932492 0.000211948 0.000383361 0.000694262 0.00125912 0.00228706 0.00416196 0.00759078 0.0138793 0.0254472 0.0468169 0.0864794 0.160416 0.299111 0.561173 1.06014 2.01795 3.87756 7.53388 14.8048 29.5077 59.8108 123.502 260.188 562.15 1251.05 2863.42 6794.03 16819.5 43487.9 117148 332537 1.00348e+06 3.05924e+06 9.51659e+06 -1.27644e+08 6.46024e+07 1.248e+08 2.19086e+08 3.5315e+08 
0.000230278 5.23467e-05 9.46955e-05 0.00017152 0.000311128 0.000565256 0.00102891 0.00187711 0.00343336 0.0062975 0.0115913 0.0214225 0.0397635 0.0741983 0.139325 0.263469 0.502118 0.966196 1.88029 3.70239 7.3969 15.0347 31.1485 65.8984 143.091 320.323 738.952 1770.6 4436.37 11651.8 32086.3 93741.7 293446 948242 3.19239e+06 1.10982e+07 -1.81966e+08 8.31872e+07 1.62432e+08 2.82078e+08 
4.57872e-05 1.04091e-05 1.88318e-05 3.41132e-05 6.18866e-05 0.000112451 0.000204722 0.000373559 0.000683408 0.00125383 0.00230851 0.00426789 0.00792506 0.014795 0.027796 0.0525963 0.100314 0.193198 0.376353 0.741985 1.48458 3.02266 6.27515 13.3103 28.9907 65.1341 150.989 363.992 918.867 2437.22 6806.45 20260.5 64972.6 218610 781441 2.98279e+06 1.15734e+07 -2.48668e+08 9.78544e+07 1.9929e+08 
7.15282e-06 1.62618e-06 2.94224e-06 5.33016e-06 9.67054e-06 1.75736e-05 3.19973e-05 5.83937e-05 0.000106845 0.000196063 0.000361059 0.000667673 0.00124017 0.002316 0.00435284 0.00824025 0.0157247 0.0303035 0.0590738 0.116567 0.23347 0.47592 0.989433 2.10241 4.58878 10.3349 24.0352 58.175 147.58 393.956 1110.25 3345.2 10897.8 37677 140541 571728 2.46743e+06 1.06844e+07 -3.28974e+08 1.19786e+08 
8.47644e-07 1.92718e-07 3.487e-07 6.3174e-07 1.14624e-06 2.08314e-06 3.79322e-06 6.92313e-06 1.26689e-05 2.32509e-05 4.28241e-05 7.92043e-05 0.000147148 0.000274865 0.00051674 0.000978537 0.00186804 0.00360151 0.00702423 0.0138689 0.027797 0.0567079 0.118005 0.251028 0.548614 1.23744 2.88325 6.9944 17.791 47.651 134.903 408.91 1342.45 4706.1 17976.1 76059.4 353639 1.79586e+06 9.8861e+06 -4.18153e+08 
dt_FE: 2.39145e-09
dt_EA: 2.39145e-09
dt_PE: 2.39145e-09
tolC: 1e-06
dt_grow: 1.03
dt_max: 0.1
steps: 0
