t: 2.04082e-06
dt: 2.27116e-07
N: 0.816679 0.848844 0.875288 0.895914 0.911038 0.921296 0.927591 0.930878 0.93202 0.931712 0.930436 0.928461 0.925895 0.922729 0.918875 0.914182 0.908438 0.901357 0.892554 0.881508 0.867507 0.849577 0.826382 0.796112 0.756383 0.704253 0.636575 0.551086 0.448585 0.335672 0.225501 0.133315 0.068465 0.0303136 0.0114883 0.00368351 0.000981055 0.000211646 3.5836e-05 4.58653e-06 
eC: 1 1.15749 1.33977 1.55077 1.795 2.07768 2.40489 2.78363 3.22201 3.72944 4.31677 4.99661 5.78351 6.69433 7.7486 8.9689 10.3814 12.0163 13.9087 16.0991 18.6345 21.5692 24.9661 28.8979 33.4489 38.7167 44.814 51.8717 60.0407 69.4963 80.4411 93.1095 107.773 124.746 144.391 167.131 193.452 223.918 259.182 300 
dV: 1.08333 0.211322 0.327712 0.508206 0.788112 1.22218 1.89532 2.93921 4.55805 7.06849 10.9616 16.999 26.3615 40.8807 63.3966 98.3136 152.462 236.434 366.655 568.597 881.764 1367.42 2120.55 3288.49 5099.69 7908.45 12264.2 19019 29494.1 45738.6 70930.1 109996 170579 264529 410225 636165 986546 1.52991e+06 2.37254e+06 3.67926e+06 
kVec: 1.03009e+06 1.19339e+06 1.37488e+06 1.58371e+06 1.82368e+06 2.09842e+06 2.41264e+06 2.77157e+06 3.18054e+06 3.64378e+06 4.16865e+06 4.76186e+06 5.4252e+06 6.16591e+06 6.99006e+06 7.89979e+06 8.88628e+06 9.95718e+06 1.11117e+07 1.23082e+07 1.35478e+07 1.48184e+07 1.60891e+07 1.72809e+07 1.84373e+07 1.96007e+07 2.06412e+07 2.18077e+07 2.33972e+07 2.58634e+07 2.96964e+07 3.61556e+07 4.71157e+07 6.38682e+07 8.9496e+07 1.28173e+08 1.82276e+08 2.48899e+08 3.2919e+08 4.18366e+08 
cMat: 
-61220 176.012 206.825 240.914 280.845 327.859 383.248 448.558 525.872 618.054 727.835 858.922 1017.54 1209.51 1442.41 1727.8 2082.58 2522.6 3071.53 3775.64 4676.74 5836.07 7356.74 9392.42 12107.9 15765.1 20877.6 27968.4 37876.6 52010.5 72428.1 101846 144581 207893 300162 433901 623729 891423 1.27541e+06 1.83133e+06 
738.122 -71964 196.551 228.95 266.899 311.582 364.224 426.298 499.783 587.401 691.75 816.356 967.134 1149.63 1371.05 1642.38 1979.72 2398.13 2920.15 3589.81 4446.93 5549.79 6996.6 8933.69 11518.1 14999.3 19866.7 26619 36056 49520.4 68974.3 97008.9 137741 198094 286062 413581 594589 849840 1.21598e+06 1.74606e+06 
457.231 103.616 -83359.8 217.524 253.582 296.038 346.059 405.042 474.871 558.134 657.299 775.719 919.021 1092.48 1302.94 1560.87 1881.57 2279.39 2775.75 3412.6 4227.81 5276.91 6653.41 8496.72 10956.5 14270.4 18905.2 25336 34326 47155.7 65696.7 92421.5 131259 188813 272715 394355 567030 810523 1.1598e+06 1.66547e+06 
283.606 64.27 115.831 -96747.4 243.548 284.328 332.375 389.033 456.11 536.096 631.362 745.131 882.813 1049.48 1251.72 1499.59 1807.81 2190.19 2667.35 3279.64 4063.54 5072.51 6396.6 8170.11 10537.3 13727.1 18189.6 24383 33043.4 45406 63276.6 89041.4 126493 182002 262938 380296 546904 781834 1.11883e+06 1.60673e+06 
179.988 40.7886 73.5124 132.589 -112494 276.958 326.674 382.367 448.305 526.936 620.592 732.445 867.818 1031.7 1230.58 1474.35 1777.51 2153.66 2623.1 3225.59 3997.07 4990.23 6293.85 8040.37 10372.1 13515 17913 24018.9 32559.5 44754.9 62388.9 87819.5 124795 179609 259549 375483 540080 772169 1.10509e+06 1.5871e+06 
118.175 26.7809 48.2672 87.0571 155.767 -131002 331.892 388.484 455.488 535.395 630.578 744.26 881.86 1048.45 1250.64 1498.49 1806.77 2189.33 2666.83 3279.8 4064.86 5075.72 6402.91 8181.53 10556.8 13759.4 18242.7 24469.1 33181.4 45626.7 63628.3 89597.7 127368 183376 265075 383585 551856 789115 1.12946e+06 1.62222e+06 
80.6131 18.2688 32.9263 59.3884 107.217 193.68 -152809 409.939 480.659 565.002 665.475 785.485 930.759 1106.66 1320.17 1581.93 1907.57 2311.73 2816.29 3464.14 4294.07 5362.98 6766.79 8648.74 11162.8 14553.9 19303 25901.3 35138 48338.1 67439 95005.1 135113 194603 281407 407352 586199 838359 1.20008e+06 1.7238e+06 
56.9823 12.9137 23.2749 41.9812 75.7925 136.917 247.58 -178572 520.17 617.927 727.846 859.148 1018.11 1210.61 1444.29 1730.83 2087.35 2529.92 3082.55 3792.31 4701.79 5873.48 7412.8 9477.21 12236.1 15958.9 21175.1 28425.9 38580.8 53100.1 74119.8 104468 148644 214186 309854 448697 645885 923889 1.32269e+06 1.9001e+06 
41.4405 9.39164 16.9273 30.5325 55.1242 99.5828 180.076 322.677 -209082 695.121 818.815 966.587 1145.51 1362.21 1625.3 1947.97 2349.53 2848.12 3470.82 4270.83 5296.28 6617.81 8354.65 10685 13800.7 18006.9 23903.8 32105.3 43597.9 60039.5 83854.5 118257 168357 242718 351298 508931 732837 1.04849e+06 1.50131e+06 2.15693e+06 
30.7532 6.96971 12.5623 22.6597 40.9116 73.9097 133.656 242.036 438.915 -245224 938.6 1108.07 1313.3 1561.9 1863.77 2234.07 2695.03 3267.51 3982.71 4901.89 6080.52 7600.07 9598.08 12280.3 15868.3 20715.1 27514.6 36977.5 50246.9 69243.4 96776.8 136575 194569 280683 406482 589184 848742 1.21463e+06 1.73953e+06 2.49952e+06 
23.0963 5.23449 9.43494 17.019 30.7284 55.5151 100.396 181.814 329.724 598.585 -288310 1285.63 1523.9 1812.57 2163.17 2593.34 3128.99 3794.42 4625.99 5695.18 7066.76 8835.85 11163.2 14289.5 18474.1 24130.4 32071.7 43132.1 58653.4 80891.4 113147 159804 227838 328912 476641 691287 996289 1.4262e+06 2.04296e+06 2.93596e+06 
17.4663 3.9586 7.13539 12.8714 23.2405 41.9888 75.9379 137.529 249.427 452.845 823.86 -339926 1768.03 2119.1 2529.35 3032.86 3660.03 4439.39 5413.7 6667.01 8275.54 10351.3 13083.7 16756.6 21676.4 28331.3 37682.9 50718.3 69027.5 95283.1 133398 188574 269094 388785 563827 818286 1.17994e+06 1.68966e+06 2.42093e+06 3.47975e+06 
13.2845 3.0109 5.42733 9.79062 17.6786 31.9415 57.7704 104.633 189.779 344.582 626.96 1135.11 -401727 2485.83 2967.61 3559.08 4296.1 5212.35 6358.26 7833.15 9727.16 12172.8 15394.5 19728.7 25539.2 33406 44472.3 59914.1 81626.1 112796 158090 223726 319599 462211 670924 974515 1.40612e+06 2.01436e+06 2.88699e+06 4.15052e+06 
10.1415 2.29862 4.14354 7.47504 13.498 24.3895 44.1144 79.905 144.941 263.196 478.935 873.768 1596.5 -476312 3492.61 4189.7 5058.73 6139.57 7492 9233.85 11472.2 14364.5 18177.8 23312.8 30203.6 39542.8 52696.8 71073.8 96945.1 134133 188238 266731 381512 552388 802676 1.167e+06 1.68511e+06 2.41516e+06 3.4626e+06 4.97925e+06 
7.76443 1.75991 3.17258 5.72368 10.336 18.6773 33.785 61.2002 111.023 201.627 366.945 669.552 1223.58 2242.23 -567005 4893.79 5977.35 7257.06 8859.22 10924.3 13579.9 17014.2 21546.4 27656.2 35864.1 47001.9 62711.1 84688.3 115672 160274 225254 319648 457857 663801 965743 1.40561e+06 2.03139e+06 2.91302e+06 4.17797e+06 6.0096e+06 
5.96618 1.35236 2.43802 4.39868 7.9438 14.3556 25.9696 47.0474 85.3575 155.037 282.198 515.003 941.341 1725.42 3139.26 -677908 7083.13 8603.15 10507.4 12963.9 16125.8 20218.6 25625.7 32924.4 42742.2 56083 74930.5 101341 138636 192417 270895 385075 552502 802258 1.16884e+06 1.70339e+06 2.4642e+06 3.53588e+06 5.07359e+06 7.30017e+06 
4.60782 1.04451 1.88313 3.39777 6.13665 11.0907 20.0655 36.3554 65.9677 119.838 218.167 398.228 728.073 1334.89 2456.87 4538.55 -813622 10216.2 12484.5 15413.6 19187.8 24078.8 30548.9 39296 51080.6 67120.9 89827.9 121709 166821 232011 327327 466267 670376 975258 1.42337e+06 2.07755e+06 3.00915e+06 4.32112e+06 6.20368e+06 8.92962e+06 
3.57095 0.809514 1.45955 2.63369 4.75703 8.59821 15.5577 28.1917 51.1621 92.9583 169.266 309.038 565.164 1036.53 1908.42 3526.87 6536.27 -982188 14894.1 18402.8 22929.1 28802.2 36583.2 47121.4 61344.3 80740.7 108262 146991 201920 281490 398099 568451 819237 1.19442e+06 1.74673e+06 2.55411e+06 3.70462e+06 5.32447e+06 7.64892e+06 1.10147e+07 
2.77633 0.629416 1.13492 2.04806 3.69961 6.68767 12.1023 21.9334 39.8112 72.3488 131.769 240.638 440.211 807.649 1487.62 2750.48 5100.25 9510.35 -1.19389e+06 21954.2 27540.9 34634 44047.3 56821.7 74097.8 97709.5 131300 178692 246088 343989 487840 698523 1.00944e+06 1.47541e+06 2.16261e+06 3.1687e+06 4.60346e+06 6.62295e+06 9.52101e+06 1.37173e+07 
2.17343 0.492769 0.888601 1.60372 2.89726 5.238 9.48035 17.1845 31.1978 56.7093 103.313 188.729 345.38 633.938 1168.22 2161.17 4010.2 7483.49 13981.6 -1.45842e+06 33108.6 41692.2 53107.4 68636.6 89690.7 118544 159725 218013 301182 422419 601154 863761 1.2525e+06 1.83642e+06 2.69952e+06 3.96555e+06 5.77273e+06 8.31553e+06 1.19647e+07 1.72484e+07 
1.70842 0.387371 0.698607 1.26097 2.27833 4.11964 7.45752 13.5205 24.5515 44.6404 81.3508 148.662 272.172 499.81 921.566 1705.96 3167.98 5917.01 11130.5 21010.5 -1.79498e+06 50381.2 64291.9 83269.9 109074 144548 195374 267585 371026 522442 746557 1.07709e+06 1.56818e+06 2.30784e+06 3.40406e+06 5.01572e+06 7.31887e+06 1.05583e+07 1.52074e+07 2.19382e+07 
1.34633 0.305298 0.550652 0.994033 1.79629 3.24856 5.88181 10.6661 19.3732 35.2358 64.2347 117.43 215.094 395.212 729.159 1350.76 2510.56 4693.76 8839.27 16708.2 31816.2 -2.22901e+06 77350 101581 133424 177355 240576 330789 460608 651555 935495 1.35613e+06 1.98378e+06 2.93211e+06 4.342e+06 6.42031e+06 9.39438e+06 1.35756e+07 1.95766e+07 2.82636e+07 
1.0645 0.241414 0.435482 0.786242 1.42102 2.57039 4.65497 8.44347 15.3407 27.9113 50.9026 93.0991 170.621 313.696 579.179 1073.82 1997.84 3739.44 7051.2 13349.3 25466.3 48516.5 -2.79335e+06 124205 163662 218328 297407 410840 574962 817774 1.18089e+06 1.72171e+06 2.53295e+06 3.76345e+06 5.59975e+06 8.31535e+06 1.22079e+07 1.76776e+07 2.55281e+07 3.68904e+07 
0.844272 0.191492 0.34548 0.623849 1.12773 2.04034 3.696 6.706 12.188 22.1844 40.4772 74.0704 135.834 249.924 461.823 857.076 1596.46 2992.18 5650.7 10717.8 20490 39580.9 77158.2 -3.52337e+06 200171 268183 367200 510148 718378 1.02871e+06 1.49615e+06 2.19718e+06 3.25579e+06 4.8696e+06 7.28949e+06 1.08827e+07 1.60444e+07 2.32933e+07 3.36972e+07 4.87505e+07 
0.666798 0.151259 0.272937 0.492945 0.891278 1.61294 2.92262 5.30452 9.6445 17.5627 32.061 58.7035 107.73 198.376 366.913 681.675 1271.41 2386.51 4514.53 8580.56 16443.5 31851.2 62288.8 122637 -4.49162e+06 329495 453810 634624 900101 1.29919e+06 1.90552e+06 2.82237e+06 4.2181e+06 6.35896e+06 9.58763e+06 1.44053e+07 2.13441e+07 3.10829e+07 4.50602e+07 6.52744e+07 
0.521264 0.118263 0.213435 0.385557 0.69727 1.26219 2.28779 4.15378 7.55539 13.7653 25.143 46.0662 84.6043 155.933 288.706 537.02 1003.06 1885.9 3574.23 6809.03 13083.5 25420 49889.7 98648 197828 -5.79686e+06 557602 788645 1.1278e+06 1.64282e+06 2.43327e+06 3.64025e+06 5.49537e+06 8.36203e+06 1.27149e+07 1.92479e+07 2.86876e+07 4.19286e+07 6.09313e+07 8.8397e+07 
0.40236 0.0913013 0.164809 0.297786 0.538677 0.975406 1.76862 3.21248 5.84599 10.657 19.4781 35.7135 65.6493 121.123 224.522 418.206 782.44 1473.93 2799.52 5347.52 10307.4 20098.1 39612 78728.7 158813 325010 -7.50154e+06 956653 1.38227e+06 2.03712e+06 3.05595e+06 4.63217e+06 7.08667e+06 1.09192e+07 1.67929e+07 2.56783e+07 3.8574e+07 5.66526e+07 8.25951e+07 1.20052e+08 
0.300901 0.0682911 0.1233 0.222839 0.403213 0.73036 1.32481 2.40741 4.38317 7.99521 14.6234 26.8334 49.3733 91.1957 169.262 315.746 591.813 1117.15 2126.89 4074.58 7880.74 15426.8 30547.1 61058.8 123979 256612 534043 -9.78978e+06 1.65089e+06 2.46655e+06 3.75695e+06 5.78601e+06 8.99788e+06 1.40814e+07 2.19651e+07 3.40119e+07 5.15965e+07 7.62409e+07 1.116e+08 1.62577e+08 
0.213897 0.0485542 0.0876848 0.158513 0.286904 0.519866 0.943377 1.71508 3.12432 5.70268 10.438 19.1694 35.3077 65.2932 121.35 226.729 425.785 805.525 1537.47 2954.66 5735.71 11275.5 22439.5 45131.7 92299.9 192622 405035 866552 -1.29016e+07 2.84673e+06 4.46142e+06 7.00145e+06 1.11035e+07 1.77092e+07 2.81065e+07 4.41969e+07 6.78585e+07 1.01024e+08 1.48605e+08 2.17064e+08 
0.141726 0.0321778 0.0581244 0.105104 0.190293 0.344936 0.626211 1.13902 2.07611 3.79203 6.94625 12.7681 23.5427 43.5915 81.1332 151.844 285.74 541.858 1037.01 1999.61 3897.13 7696.21 15400.3 31185 64284.5 135389 288030 624726 1.37363e+06 -1.71818e+07 4.96259e+06 7.97083e+06 1.29559e+07 2.11745e+07 3.43696e+07 5.51407e+07 8.59988e+07 1.29298e+08 1.91415e+08 2.80532e+08 
0.0854967 0.0194154 0.0350795 0.0634502 0.114914 0.208379 0.378466 0.688739 1.2561 2.29588 4.20896 7.74362 14.294 26.5008 49.3962 92.6063 174.634 331.969 637.093 1232.74 2412.43 4786.88 9633.63 19647.8 40844.4 86870.2 187177 412212 932570 2.14978e+06 -2.29998e+07 8.22446e+06 1.37957e+07 2.33002e+07 3.90026e+07 6.43464e+07 1.0259e+08 1.56424e+08 2.33687e+08 3.44047e+08 
0.0458322 0.0104101 0.0188133 0.0340381 0.0616654 0.111863 0.203258 0.370075 0.675317 1.23519 2.26623 4.17313 7.71166 14.3155 26.7225 50.1843 94.8344 180.711 347.768 675.25 1326.87 2645.43 5354.6 10999.9 23063 49544.4 108162 242018 557930 1.31635e+06 3.13539e+06 -3.13355e+07 1.33085e+07 2.34013e+07 4.07188e+07 6.96324e+07 1.14262e+08 1.77507e+08 2.68423e+08 3.97563e+08 
0.0215465 0.00489492 0.00884834 0.0160132 0.0290193 0.0526612 0.0957279 0.174378 0.318386 0.582743 1.07 1.97208 3.64819 6.78084 12.6758 23.845 45.1534 86.2464 166.429 324.257 639.753 1281.53 2608.75 5397.82 11414.6 24768.6 54799.2 124638 293016 708558 1.74168e+06 4.40726e+06 -4.38899e+07 2.12856e+07 3.89057e+07 6.95861e+07 1.18451e+08 1.88511e+08 2.89585e+08 4.32234e+08 
0.0088456 0.0020099 0.003634 0.00657825 0.0119245 0.0216467 0.039365 0.0717394 0.131053 0.240016 0.441019 0.813487 1.50638 2.80311 5.24692 9.88549 18.7548 35.9013 69.4519 135.739 268.808 540.801 1106.66 2305.03 4913.04 10760.6 24106.9 55689.9 133430 330631 839855 2.21259e+06 6.07724e+06 -6.19322e+07 3.1703e+07 6.05686e+07 1.09282e+08 1.81091e+08 2.85848e+08 4.32615e+08 
0.00312115 0.000709307 0.00128272 0.00232251 0.00421116 0.00764696 0.0139112 0.0253626 0.0463542 0.0849444 0.156185 0.288308 0.534364 0.99542 1.86551 3.51974 6.68929 12.8307 24.8782 48.7628 96.8956 195.712 402.408 843.239 1810.28 3998.62 9060.41 21229.2 51752.5 131152 343565 940865 2.71459e+06 7.74767e+06 -8.84678e+07 4.60453e+07 8.99118e+07 1.58195e+08 2.60575e+08 4.03838e+08 
0.00093284 0.000212028 0.000383505 0.000694521 0.00125959 0.00228792 0.00416351 0.00759361 0.0138845 0.0254567 0.0468344 0.0865117 0.160476 0.299223 0.561383 1.06054 2.0187 3.879 7.5367 14.8103 29.5188 59.8331 123.548 260.285 562.359 1251.52 2864.49 6796.57 16825.7 43504.2 117192 332661 1.00386e+06 3.06038e+06 9.52015e+06 -1.27701e+08 6.46265e+07 1.24847e+08 2.19168e+08 3.53282e+08 
0.000230301 5.23519e-05 9.4705e-05 0.000171537 0.000311159 0.000565312 0.00102901 0.0018773 0.0034337 0.00629813 0.0115925 0.0214246 0.0397675 0.0742057 0.139339 0.263496 0.502168 0.966293 1.88048 3.70276 7.39764 15.0362 31.1516 65.905 143.105 320.355 739.026 1770.78 4436.81 11652.9 32089.5 93751.1 293475 948336 3.1927e+06 1.10993e+07 -1.82097e+08 8.31955e+07 1.62449e+08 2.82106e+08 
4.57882e-05 1.04093e-05 1.88322e-05 3.41139e-05 6.1888e-05 0.000112453 0.000204726 0.000373567 0.000683423 0.00125386 0.00230856 0.00426798 0.00792523 0.0147953 0.0277966 0.0525974 0.100316 0.193202 0.376361 0.742001 1.48461 3.02272 6.27529 13.3105 28.9913 65.1355 150.992 364 918.886 2437.27 6806.6 20261 64974 218615 781458 2.98285e+06 1.15736e+07 -2.48846e+08 9.78565e+07 1.99294e+08 
7.15284e-06 1.62619e-06 2.94225e-06 5.33018e-06 9.67058e-06 1.75737e-05 3.19975e-05 5.83939e-05 0.000106845 0.000196064 0.00036106 0.000667675 0.00124017 0.00231601 0.00435286 0.00824028 0.0157248 0.0303036 0.059074 0.116568 0.233471 0.475922 0.989437 2.10242 4.5888 10.335 24.0353 58.1752 147.581 393.958 1110.25 3345.21 10897.8 37677.1 140542 571730 2.46744e+06 1.06844e+07 -3.29178e+08 1.19787e+08 
8.47644e-07 1.92719e-07 3.487e-07 6.3174e-07 1.14624e-06 2.08314e-06 3.79322e-06 6.92314e-06 1.26689e-05 2.32509e-05 4.28241e-05 7.92043e-05 0.000147148 0.000274865 0.00051674 0.000978537 0.00186804 0.00360151 0.00702424 0.0138689 0.027797 0.056708 0.118005 0.251028 0.548614 1.23744 2.88325 6.9944 17.791 47.651 134.904 408.91 1342.45 4706.1 17976.1 76059.5 353639 1.79586e+06 9.88611e+06 -4.18364e+08 
dt_FE: 2.27116e-07
dt_EA: 2.27116e-07
dt_PE: 2.27116e-07
tolC: 1e-06
dt_grow: 1.03
dt_max: 0.1
steps: 0
