t: 2.51577e-06
dt: 2.9835e-07
N: 0.862504 0.886281 0.90442 0.91737 0.925897 0.930916 0.933376 0.934086 0.933655 0.932478 0.930767 0.928596 0.925949 0.922752 0.918886 0.914188 0.908442 0.90136 0.892556 0.881509 0.867508 0.849578 0.826383 0.796113 0.756383 0.704253 0.636575 0.551086 0.448585 0.335672 0.225501 0.133315 0.068465 0.0303136 0.0114883 0.00368351 0.000981054 0.000211646 3.58359e-05 4.58653e-06 
eC: 1 1.15749 1.33977 1.55077 1.795 2.07768 2.40489 2.78363 3.22201 3.72944 4.31677 4.99661 5.78351 6.69433 7.7486 8.9689 10.3814 12.0163 13.9087 16.0991 18.6345 21.5692 24.9661 28.8979 33.4489 38.7167 44.814 51.8717 60.0407 69.4963 80.4411 93.1095 107.773 124.746 144.391 167.131 193.452 223.918 259.182 300 
dV: 1.08333 0.211322 0.327712 0.508206 0.788112 1.22218 1.89532 2.93921 4.55805 7.06849 10.9616 16.999 26.3615 40.8807 63.3966 98.3136 152.462 236.434 366.655 568.597 881.764 1367.42 2120.55 3288.49 5099.69 7908.45 12264.2 19019 29494.1 45738.6 70930.1 109996 170579 264529 410225 636165 986546 1.52991e+06 2.37254e+06 3.67926e+06 
kVec: 1.0301e+06 1.19339e+06 1.37489e+06 1.58371e+06 1.82368e+06 2.09842e+06 2.41263e+06 2.77156e+06 3.18053e+06 3.64377e+06 4.16864e+06 4.76185e+06 5.42519e+06 6.1659e+06 6.99005e+06 7.89978e+06 8.88628e+06 9.95717e+06 1.11117e+07 1.23082e+07 1.35478e+07 1.48183e+07 1.60891e+07 1.72809e+07 1.84372e+07 1.96007e+07 2.06412e+07 2.18077e+07 2.33972e+07 2.58634e+07 2.96964e+07 3.61556e+07 4.71157e+07 6.38682e+07 8.9496e+07 1.28173e+08 1.82276e+08 2.48899e+08 3.2919e+08 4.18366e+08 
cMat: 
-61059.3 132.014 155.124 180.692 210.641 245.903 287.446 336.43 394.418 463.557 545.895 644.214 763.179 907.164 1081.85 1295.89 1561.99 1892.02 2303.73 2831.83 3507.68 4377.21 5517.75 7044.56 9081.28 11824.2 15658.7 20977 28408.5 39009.3 54323 76387.2 108440 155925 225130 325437 467813 668591 956588 1.37354e+06 
555.311 -71593.2 147.871 172.246 200.796 234.412 274.017 320.716 376.001 441.919 520.424 614.169 727.604 864.903 1031.48 1235.61 1489.4 1804.19 2196.92 2700.72 3345.56 4175.27 5263.75 6721.08 8665.43 11284.4 14946.3 20026.2 27126 37255.6 51891.4 72982.6 103627 149032 215213 311149 447327 639360 914816 1.31362e+06 
350.424 79.4114 -83032.4 166.711 194.346 226.885 265.221 310.426 363.943 427.756 503.756 594.514 704.341 837.281 998.58 1196.26 1442.04 1746.93 2127.35 2615.43 3240.21 4044.24 5099.2 6511.92 8397.11 10936.9 14489 19417.6 26307.6 36140.3 50350.2 70832.2 100597 144707 209010 302235 434574 621188 888873 1.27643e+06 
225.145 51.0218 91.9545 -96460.2 193.344 225.718 263.861 308.84 362.09 425.588 501.216 591.534 700.835 833.147 993.696 1190.47 1435.16 1738.72 2117.52 2603.59 3225.91 4026.89 5078.04 6485.97 8365.17 10897.5 14440.1 19356.8 26232 36046.3 50233.2 70687 100418 144485 208737 301904 434168 620672 888201 1.27553e+06 
149.926 33.976 61.2342 110.444 -112244 230.7 272.113 318.504 373.429 438.926 516.94 610.111 722.874 859.386 1025.05 1228.1 1480.63 1793.95 2184.98 2686.84 3329.47 4156.75 5242.64 6697.46 8639.71 11257.7 14921.2 20007.3 27121.4 37279.9 51968.6 73151.8 103951 149611 216199 312769 449875 643200 920517 1.32202e+06 
103.73 23.5074 42.3672 76.4157 136.727 -130786 291.323 340.997 399.812 469.951 553.499 653.286 774.066 920.297 1097.77 1315.32 1585.92 1921.72 2340.85 2878.89 3567.99 4455.29 5620.25 7181.46 9266.37 12077.5 16012.8 21478.1 29125.5 40049.6 55850.7 78645.7 111800 160961 232674 336698 484400 692658 991400 1.42393e+06 
74.1734 16.8094 30.296 54.6442 98.6523 178.208 -152623 377.191 442.262 519.867 612.314 722.737 856.405 1018.26 1214.7 1455.56 1755.18 2127.06 2591.31 3187.41 3951.04 4934.56 6226.23 7957.84 10271.1 13391.3 17761 23832.2 32331 44476.6 62051.6 87415.7 124320 179057 258926 374811 539371 771387 1.10421e+06 1.5861e+06 
54.3372 12.3142 22.1945 40.0325 72.2743 130.561 236.087 -178415 496.024 589.243 694.06 819.267 970.85 1154.41 1377.24 1650.48 1990.46 2412.49 2939.46 3616.27 4483.54 5600.84 7068.71 9037.29 11668.1 15218.1 20192.2 27106.4 36789.9 50635.3 70679.2 99619.1 141744 204244 295471 427869 615904 881003 1.26129e+06 1.8119e+06 
40.4438 9.16576 16.5202 29.7981 53.7984 97.1877 175.745 314.917 -208952 678.403 799.121 943.339 1117.96 1329.45 1586.21 1901.12 2293.02 2779.61 3387.35 4168.11 5168.9 6458.65 8153.71 10428 13468.8 17573.8 23328.9 31333.1 42549.3 58595.5 81837.7 115413 164308 236881 342849 496691 715211 1.02327e+06 1.4652e+06 2.10506e+06 
30.4081 6.89149 12.4213 22.4054 40.4524 73.0802 132.156 239.32 433.989 -245117 928.067 1095.63 1298.56 1544.37 1842.85 2209 2664.79 3230.84 3938.02 4846.88 6012.28 7514.78 9490.37 12142.5 15690.3 20482.6 27205.8 36562.5 49683 68466.3 95690.8 135043 192386 277534 401920 582572 839218 1.201e+06 1.72e+06 2.47147e+06 
22.9863 5.20955 9.38998 16.9379 30.582 55.2505 99.9174 180.948 328.153 595.733 -288224 1279.5 1516.63 1803.93 2152.86 2580.98 3114.08 3776.34 4603.95 5668.05 7033.09 8793.75 11110 14221.4 18386.1 24015.4 31918.9 42926.6 58374 80506 112608 159042 226753 327345 474370 687993 991541 1.4194e+06 2.03322e+06 2.92197e+06 
17.4333 3.95114 7.12194 12.8471 23.1967 41.9097 75.7947 137.269 248.956 451.991 822.306 -339858 1764.7 2115.1 2524.59 3027.14 3653.12 4431.02 5403.5 6654.44 8259.93 10331.8 13059.1 16725 21635.5 28277.9 37611.8 50622.7 68897.3 95103.4 133146 188219 268587 388052 562764 816743 1.17772e+06 1.68647e+06 2.41636e+06 3.47319e+06 
13.2747 3.00869 5.42335 9.78344 17.6656 31.9181 57.728 104.556 189.64 344.329 626.5 1134.28 -401672 2484.01 2965.43 3556.47 4292.95 5208.52 6353.59 7827.4 9720.03 12163.9 15383.2 19714.3 25520.4 33381.5 44439.7 59870.1 81566.3 112713 157974 223562 319364 461872 670432 973800 1.40509e+06 2.01288e+06 2.88487e+06 4.14747e+06 
10.1384 2.29792 4.1423 7.47279 13.494 24.3822 44.1012 79.881 144.898 263.117 478.791 873.505 1596.02 -476269 3491.56 4188.44 5057.21 6137.73 7489.75 9231.07 11468.7 14360.2 18172.3 23305.8 30194.5 39530.9 52680.9 71052.4 96915.9 134093 188182 266651 381397 552222 802434 1.16665e+06 1.6846e+06 2.41443e+06 3.46155e+06 4.97775e+06 
7.76335 1.75966 3.17214 5.72288 10.3346 18.6747 33.7803 61.1916 111.007 201.599 366.894 669.458 1223.41 2241.92 -566971 4893.11 5976.52 7256.05 8857.98 10922.7 13578 17011.9 21543.4 27652.3 35859.1 46995.3 62702.3 84676.4 115656 160251 225222 319603 457793 663709 965608 1.40541e+06 2.03111e+06 2.91261e+06 4.17739e+06 6.00877e+06 
5.96574 1.35226 2.43784 4.39835 7.94321 14.3545 25.9677 47.0439 85.3511 155.026 282.177 514.964 941.271 1725.29 3139.03 -677881 7082.61 8602.51 10506.6 12963 16124.6 20217.1 25623.8 32922 42739.1 56078.9 74925 101333 138626 192402 270875 385046 552461 802198 1.16876e+06 1.70326e+06 2.46402e+06 3.53562e+06 5.07321e+06 7.29963e+06 
4.60762 1.04447 1.88305 3.39762 6.13638 11.0903 20.0646 36.3538 65.9649 119.833 218.158 398.211 728.042 1334.83 2456.77 4538.35 -813600 10215.8 12483.9 15413 19187 24077.8 30547.6 39294.3 51078.4 67118 89823.9 121704 166814 232001 327313 466247 670347 975215 1.42331e+06 2.07745e+06 3.00902e+06 4.32093e+06 6.20341e+06 8.92923e+06 
3.57085 0.809492 1.45951 2.63362 4.75691 8.59798 15.5573 28.1909 51.1607 92.9558 169.262 309.03 565.149 1036.5 1908.37 3526.77 6536.09 -982171 14893.7 18402.3 22928.5 28801.4 36582.2 47120.1 61342.6 80738.6 108259 146987 201915 281483 398088 568436 819215 1.19439e+06 1.74669e+06 2.55404e+06 3.70452e+06 5.32433e+06 7.64871e+06 1.10144e+07 
2.77629 0.629405 1.1349 2.04803 3.69954 6.68756 12.1021 21.933 39.8105 72.3476 131.766 240.634 440.204 807.636 1487.59 2750.43 5100.17 9510.19 -1.19388e+06 21953.8 27540.5 34633.4 44046.6 56820.7 74096.5 97707.9 131298 178689 246084 343983 487832 698511 1.00942e+06 1.47539e+06 2.16257e+06 3.16865e+06 4.60339e+06 6.62284e+06 9.52085e+06 1.37171e+07 
2.17341 0.492763 0.888592 1.6037 2.89723 5.23794 9.48025 17.1843 31.1974 56.7087 103.312 188.727 345.377 633.931 1168.21 2161.14 4010.15 7483.41 13981.4 -1.45841e+06 33108.2 41691.7 53106.8 68635.9 89689.8 118542 159723 218010 301179 422415 601147 863752 1.25249e+06 1.8364e+06 2.69949e+06 3.96551e+06 5.77266e+06 8.31544e+06 1.19646e+07 1.72482e+07 
1.70841 0.387368 0.698603 1.26096 2.27832 4.11961 7.45747 13.5204 24.5513 44.6401 81.3503 148.661 272.17 499.807 921.559 1705.95 3167.96 5916.97 11130.4 21010.4 -1.79497e+06 50380.8 64291.5 83269.3 109074 144547 195373 267583 371024 522439 746552 1.07708e+06 1.56817e+06 2.30782e+06 3.40404e+06 5.01568e+06 7.31882e+06 1.05582e+07 1.52073e+07 2.19381e+07 
1.34633 0.305296 0.55065 0.994029 1.79628 3.24855 5.88178 10.666 19.3731 35.2357 64.2344 117.43 215.093 395.21 729.156 1350.76 2510.55 4693.74 8839.23 16708.1 31816.1 -2.22901e+06 77349.7 101580 133423 177354 240575 330788 460606 651552 935491 1.35612e+06 1.98377e+06 2.9321e+06 4.34198e+06 6.42029e+06 9.39434e+06 1.35755e+07 1.95765e+07 2.82635e+07 
1.0645 0.241413 0.435481 0.78624 1.42102 2.57039 4.65496 8.44345 15.3406 27.9112 50.9024 93.0988 170.621 313.695 579.178 1073.82 1997.83 3739.43 7051.18 13349.3 25466.2 48516.4 -2.79335e+06 124204 163661 218327 297406 410839 574960 817772 1.18088e+06 1.72171e+06 2.53294e+06 3.76344e+06 5.59974e+06 8.31533e+06 1.22078e+07 1.76776e+07 2.5528e+07 3.68903e+07 
0.84427 0.191492 0.345479 0.623848 1.12773 2.04033 3.69599 6.70599 12.188 22.1844 40.4771 74.0703 135.834 249.923 461.822 857.075 1596.46 2992.17 5650.69 10717.8 20489.9 39580.8 77158 -3.52336e+06 200171 268182 367199 510147 718376 1.02871e+06 1.49615e+06 2.19718e+06 3.25578e+06 4.86959e+06 7.28948e+06 1.08827e+07 1.60443e+07 2.32932e+07 3.36971e+07 4.87504e+07 
0.666798 0.151259 0.272937 0.492945 0.891277 1.61294 2.92262 5.30451 9.64449 17.5627 32.061 58.7035 107.73 198.376 366.913 681.675 1271.41 2386.5 4514.52 8580.56 16443.5 31851.1 62288.8 122637 -4.49162e+06 329495 453809 634624 900100 1.29919e+06 1.90552e+06 2.82236e+06 4.2181e+06 6.35895e+06 9.58762e+06 1.44053e+07 2.13441e+07 3.10829e+07 4.50601e+07 6.52744e+07 
0.521264 0.118263 0.213435 0.385557 0.69727 1.26219 2.28778 4.15378 7.55539 13.7653 25.143 46.0662 84.6043 155.933 288.706 537.019 1003.06 1885.9 3574.23 6809.02 13083.5 25420 49889.7 98648 197828 -5.79686e+06 557602 788644 1.1278e+06 1.64282e+06 2.43327e+06 3.64024e+06 5.49537e+06 8.36203e+06 1.27149e+07 1.92479e+07 2.86876e+07 4.19285e+07 6.09313e+07 8.83969e+07 
0.40236 0.0913013 0.164809 0.297786 0.538677 0.975406 1.76862 3.21247 5.84599 10.657 19.4781 35.7135 65.6493 121.123 224.522 418.206 782.44 1473.93 2799.52 5347.52 10307.4 20098.1 39612 78728.7 158813 325010 -7.50154e+06 956653 1.38227e+06 2.03711e+06 3.05595e+06 4.63217e+06 7.08667e+06 1.09192e+07 1.67929e+07 2.56783e+07 3.8574e+07 5.66526e+07 8.2595e+07 1.20052e+08 
0.300901 0.0682911 0.1233 0.222839 0.403213 0.73036 1.32481 2.40741 4.38317 7.99521 14.6234 26.8334 49.3733 91.1957 169.262 315.746 591.813 1117.15 2126.89 4074.58 7880.74 15426.8 30547.1 61058.8 123979 256612 534043 -9.78978e+06 1.65089e+06 2.46655e+06 3.75695e+06 5.78601e+06 8.99788e+06 1.40814e+07 2.19651e+07 3.40119e+07 5.15965e+07 7.62409e+07 1.116e+08 1.62577e+08 
0.213897 0.0485542 0.0876848 0.158513 0.286904 0.519866 0.943377 1.71508 3.12432 5.70268 10.438 19.1694 35.3077 65.2932 121.35 226.729 425.785 805.525 1537.47 2954.66 5735.71 11275.5 22439.5 45131.7 92299.9 192622 405035 866552 -1.29016e+07 2.84673e+06 4.46142e+06 7.00145e+06 1.11035e+07 1.77092e+07 2.81065e+07 4.41969e+07 6.78585e+07 1.01024e+08 1.48605e+08 2.17064e+08 
0.141726 0.0321778 0.0581244 0.105104 0.190293 0.344936 0.626211 1.13902 2.07611 3.79203 6.94625 12.7681 23.5427 43.5915 81.1332 151.844 285.74 541.858 1037.01 1999.61 3897.13 7696.21 15400.4 31185.1 64284.5 135389 288030 624727 1.37363e+06 -1.71818e+07 4.96259e+06 7.97084e+06 1.29559e+07 2.11745e+07 3.43696e+07 5.51407e+07 8.59989e+07 1.29298e+08 1.91415e+08 2.80532e+08 
0.0854967 0.0194154 0.0350795 0.0634502 0.114914 0.208379 0.378466 0.688739 1.2561 2.29588 4.20896 7.74362 14.294 26.5008 49.3962 92.6063 174.634 331.969 637.094 1232.74 2412.43 4786.88 9633.63 19647.8 40844.4 86870.2 187177 412212 932570 2.14978e+06 -2.29998e+07 8.22446e+06 1.37957e+07 2.33002e+07 3.90026e+07 6.43464e+07 1.0259e+08 1.56424e+08 2.33687e+08 3.44047e+08 
0.0458322 0.0104101 0.0188133 0.0340381 0.0616654 0.111863 0.203258 0.370075 0.675317 1.23519 2.26623 4.17313 7.71166 14.3155 26.7225 50.1843 94.8344 180.711 347.768 675.25 1326.87 2645.43 5354.6 10999.9 23063 49544.4 108162 242019 557930 1.31635e+06 3.13539e+06 -3.13355e+07 1.33085e+07 2.34013e+07 4.07188e+07 6.96324e+07 1.14262e+08 1.77507e+08 2.68423e+08 3.97563e+08 
0.0215465 0.00489492 0.00884834 0.0160132 0.0290193 0.0526612 0.0957279 0.174378 0.318386 0.582743 1.07 1.97208 3.64819 6.78084 12.6758 23.845 45.1534 86.2464 166.429 324.257 639.753 1281.53 2608.75 5397.82 11414.6 24768.6 54799.2 124638 293016 708558 1.74168e+06 4.40727e+06 -4.38899e+07 2.12856e+07 3.89057e+07 6.95861e+07 1.18451e+08 1.88511e+08 2.89585e+08 4.32234e+08 
0.0088456 0.0020099 0.003634 0.00657825 0.0119245 0.0216467 0.039365 0.0717394 0.131053 0.240016 0.441019 0.813487 1.50638 2.80311 5.24692 9.88549 18.7548 35.9013 69.4519 135.739 268.808 540.801 1106.66 2305.03 4913.04 10760.6 24106.9 55689.9 133430 330631 839855 2.21259e+06 6.07724e+06 -6.19322e+07 3.1703e+07 6.05686e+07 1.09282e+08 1.81091e+08 2.85848e+08 4.32615e+08 
0.00312115 0.000709307 0.00128272 0.00232251 0.00421116 0.00764696 0.0139112 0.0253626 0.0463542 0.0849444 0.156185 0.288308 0.534364 0.99542 1.86551 3.51974 6.68929 12.8307 24.8782 48.7628 96.8956 195.712 402.408 843.239 1810.28 3998.62 9060.41 21229.2 51752.5 131152 343565 940865 2.71459e+06 7.74767e+06 -8.84678e+07 4.60453e+07 8.99118e+07 1.58195e+08 2.60575e+08 4.03838e+08 
0.00093284 0.000212028 0.000383505 0.000694521 0.00125959 0.00228792 0.00416351 0.00759361 0.0138845 0.0254567 0.0468344 0.0865117 0.160476 0.299223 0.561383 1.06054 2.0187 3.879 7.5367 14.8103 29.5188 59.8331 123.548 260.285 562.359 1251.52 2864.49 6796.57 16825.7 43504.2 117192 332661 1.00386e+06 3.06038e+06 9.52015e+06 -1.27701e+08 6.46265e+07 1.24847e+08 2.19168e+08 3.53282e+08 
0.000230301 5.23519e-05 9.4705e-05 0.000171537 0.000311159 0.000565312 0.00102901 0.0018773 0.0034337 0.00629813 0.0115925 0.0214246 0.0397675 0.0742057 0.139339 0.263496 0.502168 0.966293 1.88048 3.70276 7.39764 15.0362 31.1516 65.905 143.105 320.355 739.026 1770.78 4436.81 11652.9 32089.5 93751.1 293475 948336 3.1927e+06 1.10993e+07 -1.82097e+08 8.31955e+07 1.62449e+08 2.82106e+08 
4.57882e-05 1.04093e-05 1.88322e-05 3.41139e-05 6.1888e-05 0.000112453 0.000204726 0.000373567 0.000683423 0.00125386 0.00230856 0.00426798 0.00792523 0.0147953 0.0277966 0.0525974 0.100316 0.193202 0.376361 0.742001 1.48461 3.02272 6.27529 13.3105 28.9913 65.1355 150.992 364 918.886 2437.27 6806.6 20261 64974 218615 781458 2.98285e+06 1.15736e+07 -2.48846e+08 9.78565e+07 1.99294e+08 
7.15284e-06 1.62619e-06 2.94225e-06 5.33018e-06 9.67058e-06 1.75737e-05 3.19975e-05 5.83939e-05 0.000106845 0.000196064 0.00036106 0.000667675 0.00124017 0.00231601 0.00435286 0.00824028 0.0157248 0.0303036 0.059074 0.116568 0.233471 0.475922 0.989437 2.10242 4.5888 10.335 24.0353 58.1752 147.581 393.958 1110.25 3345.21 10897.8 37677.1 140542 571730 2.46744e+06 1.06844e+07 -3.29178e+08 1.19787e+08 
8.47644e-07 1.92719e-07 3.487e-07 6.3174e-07 1.14624e-06 2.08314e-06 3.79322e-06 6.92314e-06 1.26689e-05 2.32509e-05 4.28241e-05 7.92043e-05 0.000147148 0.000274865 0.00051674 0.000978537 0.00186804 0.00360151 0.00702424 0.0138689 0.027797 0.056708 0.118005 0.251028 0.548614 1.23744 2.88325 6.9944 17.791 47.651 134.904 408.91 1342.45 4706.1 17976.1 76059.5 353639 1.79586e+06 9.88611e+06 -4.18364e+08 
dt_FE: 2.9835e-07
dt_EA: 2.9835e-07
dt_PE: 2.9835e-07
tolC: 1e-06
dt_grow: 1.03
dt_max: 0.1
steps: 0
