t: 7.81361e-06
dt: 7.81361e-07
N: 0.0438761 0.0971494 0.116438 0.113595 0.0991796 0.0810656 0.0638277 0.0493738 0.0380304 0.0294196 0.0229672 0.0181331 0.0144842 0.0116988 0.00954546 0.00785987 0.00652505 0.00545689 0.00459591 0.00397668 0.00563998 0.0368795 0.237315 0.657599 0.622161 0.163499 0.00949313 9.50479e-05 1.97279e-07 3.16404e-09 1.01516e-10 2.67942e-12 5.72575e-14 9.78283e-16 1.31882e-17 1.38332e-19 1.11236e-21 6.75084e-24 3.0414e-26 9.99518e-29 
eC: 1.00639 3.07804 5.27089 7.59201 10.0489 12.6496 15.4023 18.3162 21.4004 24.6651 28.1208 31.7787 35.6505 39.7488 44.0869 48.6788 53.5393 58.6841 64.1299 69.8943 75.9959 82.4544 89.2908 96.5271 104.187 112.294 120.876 129.96 139.576 149.754 160.527 171.931 184.002 196.778 210.303 224.618 239.771 255.811 272.788 290.759 
dV: 2.71811 20.9912 63.6092 138.722 256.496 429.553 673.497 1007.55 1455.33 2045.74 2814.09 3803.42 5066.04 6665.5 8678.77 11199 14338.7 18233.7 23047.8 28977.8 36261 45182.1 56083.2 69374.4 85547.6 105192 129013 157855 192727 234836 285622 346808 420447 508992 615366 743056 896219 1.07981e+06 1.29972e+06 1.56298e+06 
kVec: 5751.38 13088.2 15860.1 15474.8 13447.6 10942.1 8608.72 6695.3 5227.37 4140.13 3348.64 2776.89 2365.62 2071.59 1864.15 1721.8 1629.4 1576.21 1554.47 1558.41 1582.78 1618.2 1637.53 1599.17 1534.41 1548.74 1659.4 1808.11 1968.91 2138.98 2318.7 2508.68 2709.56 2922.01 3146.73 3384.46 3635.98 3902.1 4183.67 4480.64 
cMat: 
-8.74886 5.09185 8.40043 13.4743 20.6564 30.3655 43.1664 59.8129 81.2624 108.693 143.533 187.51 242.709 311.645 397.354 503.491 634.459 795.555 993.139 1234.85 1529.83 1889.04 2325.61 2855.18 3496.47 4271.76 5207.59 6335.52 7693 9324.38 11282.1 13628 16434.8 19787.7 23786 28544.9 34197.2 40894.7 48809 58131.1 
0.32219 -26.5484 16.5155 27.0724 42.2215 62.8213 90.0284 125.431 171.078 229.508 303.801 397.678 515.628 663.068 846.534 1073.91 1354.68 1700.27 2124.42 2643.64 3277.72 4050.42 4990.22 6131.19 7514.12 9187.79 11210.5 13651.9 16595 20139.1 24402.3 29525.3 35675.9 43053.5 51895.3 62482.9 75150.5 90294.7 108385 129975 
0.0854767 2.65583 -47.3907 30.1526 47.884 72.1744 104.294 146.058 199.88 268.779 356.425 467.248 606.585 780.873 997.875 1266.95 1599.38 2008.74 2511.34 3126.82 3878.71 4795.26 5910.33 7264.47 8906.22 10893.7 13296.2 16196.8 19694.6 23907.8 28977.4 35071.8 42391.4 51175.2 61707.4 74326.7 89435.6 107513 129126 154952 
0.0301492 0.957327 6.63055 -71.884 44.8286 68.6153 100.128 141.009 193.568 260.766 346.22 454.288 590.208 760.288 972.133 1234.91 1559.65 1959.66 2450.92 3052.64 3787.89 4684.33 5775.14 7100.04 8706.62 10651.8 13003.5 15843.3 19268.1 23394 28359.4 34329.3 41500.5 50107.7 60430.1 72800.5 87614.9 105344 126549 151894 
0.0116305 0.375699 2.64965 11.2805 -100.73 58.5909 86.7018 123.06 169.573 228.837 304.077 399.173 518.77 668.444 854.906 1086.24 1372.18 1724.45 2157.15 2687.22 3334.99 4124.87 5086.12 6253.78 7669.82 9384.43 11457.7 13961.2 16980.9 20619 24997.6 30262.5 36587.4 44179.4 53285.2 64198.6 77269.5 92914.3 111628 134000 
0.00455499 0.148928 1.06401 4.6 15.6097 -134.587 69.9379 100.618 139.576 188.863 251.179 329.794 428.597 552.223 706.236 897.322 1133.53 1424.56 1782.06 2220.02 2755.28 3408 4202.37 5167.37 6337.69 7754.84 9468.47 11537.9 14034 17041.5 20661.2 25013.8 30243 36520 44049 53073 63881.7 76819.4 92296.3 110800 
0.00175327 0.057789 0.41631 1.81757 6.25443 18.9369 -173.661 78.4341 110.299 150.14 200.07 262.774 341.43 439.779 562.271 714.239 902.091 1133.54 1417.85 1766.16 2191.85 2710.96 3342.74 4110.24 5041.05 6168.19 7531.16 9177.16 11162.6 13554.7 16434 19896.2 24055.8 29049 35038.2 42217 50815.6 61108.4 73421.6 88143.3 
0.000652864 0.0216369 0.156678 0.687867 2.38563 7.32148 21.0781 -217.686 84.5053 116.659 156.312 205.6 267.131 343.925 439.506 558.058 704.586 885.109 1106.85 1378.51 1710.51 2115.36 2608.08 3206.63 3932.54 4811.55 5874.48 7158.13 8706.47 10572 12817.4 15517.5 18761.5 22655.5 27326.4 32925.1 39631.2 47658.6 57262 68744 
0.000233045 0.00775368 0.0563344 0.248092 0.8637 2.66841 7.78785 22.2027 -266.186 88.938 120.921 159.869 207.935 267.632 341.804 433.743 547.352 687.299 859.19 1069.76 1327.08 1640.86 2022.73 2486.6 3049.16 3730.36 4554.07 5548.81 6748.66 8194.31 9934.31 12026.6 14540.4 17557.9 21177.4 25515.8 30712.3 36932.9 44374.6 53272.2 
7.92279e-05 0.00264387 0.0192543 0.0849491 0.296252 0.917734 2.69445 7.79057 22.6056 -318.713 92.4993 124.159 162.269 209.011 266.809 338.336 426.672 535.462 669.067 832.716 1032.69 1276.52 1573.24 1933.67 2370.75 2900 3539.95 4312.76 5244.88 6367.95 7719.66 9345.05 11297.8 13641.9 16453.5 19823.6 23860.4 28692.5 34473.3 41385 
2.55147e-05 0.000853479 0.00622677 0.0275057 0.0960022 0.297657 0.875626 2.54569 7.49536 22.558 -374.97 95.7668 127.134 164.494 210.081 266.237 335.489 420.734 525.4 653.586 810.207 1001.16 1233.52 1515.74 1857.97 2272.35 2773.38 3378.4 4108.13 4987.31 6045.47 7317.84 8846.44 10681.3 12882.3 15520.3 18680.1 22462.4 26987.4 32397.5 
7.74509e-06 0.000259595 0.00189672 0.00838617 0.0292834 0.090811 0.267228 0.778031 2.3026 7.03564 22.2524 -434.836 99.1081 130.304 167.108 211.826 266.735 334.238 417.085 518.527 642.455 793.532 977.346 1200.59 1471.29 1799.03 2195.28 2673.76 3250.84 3946.09 4782.84 5788.96 6997.67 8448.55 10188.8 12274.7 14773 17763.6 21341.3 25618.9 
2.2055e-06 7.40492e-05 0.00054171 0.00239694 0.00837246 0.0259635 0.0763872 0.222392 0.658868 2.02292 6.49897 21.8036 -498.329 102.727 133.904 170.378 214.547 268.632 334.938 416.096 515.225 636.052 783.044 961.552 1177.98 1440 1756.77 2139.25 2600.53 3156.24 3825.04 4629.17 5595.19 6754.75 8145.54 9812.49 11809.1 14199 17058.1 20476.4 
5.86364e-07 1.97164e-05 0.000144391 0.000639315 0.00223372 0.00692651 0.0203722 0.0592847 0.175588 0.539508 1.74107 5.93557 21.27 -565.569 106.721 138.034 174.403 218.332 271.994 337.616 417.742 515.388 634.163 778.385 953.229 1164.88 1420.74 1729.66 2102.19 2550.97 3091.04 3740.39 4520.43 5456.71 6579.68 7925.61 9537.67 11467.3 13775.6 16535.4 
1.4485e-07 4.87694e-06 3.57495e-05 0.000158378 0.000553497 0.00171626 0.00504642 0.0146784 0.0434478 0.133433 0.430811 1.4748 5.37171 20.6768 -636.737 111.132 142.724 179.198 223.167 276.767 342.163 421.835 518.729 636.366 778.961 951.556 1160.18 1412.05 1715.77 2081.62 2521.88 3051.19 3687.01 4450.16 5365.45 6462.43 7776.28 9348.92 11230.2 13479.4 
3.30839e-08 1.1152e-06 8.18162e-06 3.62651e-05 0.000126767 0.000393067 0.00115549 0.00335951 0.0099382 0.0304997 0.0984131 0.336978 1.23202 4.82064 20.032 -712.055 115.975 147.977 184.745 229.006 282.863 348.435 428.159 524.934 642.223 784.171 955.734 1162.84 1412.55 1713.33 2075.26 2510.38 3033.02 3660.31 4412.62 5314.24 6394.08 7686.59 9232.71 11081.2 
6.95107e-09 2.34556e-07 1.72208e-06 7.6367e-06 2.67003e-05 8.27895e-05 0.00024333 0.00070722 0.00209105 0.00641304 0.0206769 0.0707497 0.258672 1.01554 4.2895 19.337 -791.768 121.257 153.783 191.019 235.8 290.198 356.3 436.521 533.73 651.358 793.509 965.087 1171.95 1421.09 1720.87 2081.23 2514.07 3033.54 3656.52 4403.11 5297.26 6367.47 7647.64 9178.13 
1.33636e-09 4.5137e-08 3.31612e-07 1.47117e-06 5.14471e-06 1.59524e-05 4.68798e-05 0.000136214 0.000402576 0.00123397 0.00397576 0.0135927 0.049658 0.194923 0.825746 3.78286 18.5914 -876.135 126.982 160.139 198.003 243.51 298.704 365.657 446.769 544.902 663.475 806.577 979.087 1186.84 1436.78 1737.23 2098.07 2531.11 3050.41 3672.73 4418.02 5310.02 6377 7652.57 
2.33789e-10 7.90348e-09 5.80999e-08 2.57854e-07 9.01888e-07 2.79659e-06 8.21753e-06 2.38714e-05 7.05268e-05 0.000216076 0.000695768 0.00237704 0.00867676 0.0340304 0.144114 0.661853 3.30427 17.7953 -965.411 133.158 167.044 205.687 252.111 308.337 376.429 458.791 558.292 678.356 823.077 997.34 1206.98 1458.95 1761.55 2124.67 2560.1 3081.88 3706.74 4454.57 5349.08 6418.43 
3.70002e-11 1.25186e-09 9.20764e-09 4.08787e-08 1.43005e-07 4.43447e-07 1.30292e-06 3.78419e-06 1.1177e-05 3.42303e-05 0.000110168 0.000376149 0.00137203 0.0053766 0.0227492 0.104427 0.52242 2.85652 16.9489 -1059.74 139.781 174.488 214.052 261.569 319.042 388.538 472.476 573.745 695.79 842.731 1019.48 1231.9 1486.97 1793.04 2160.04 2599.79 3126.38 3756.59 4510.36 5411.44 
5.25422e-12 1.7791e-10 1.3092e-09 5.81424e-09 2.03431e-08 6.30848e-08 1.85342e-07 5.38224e-07 1.58933e-06 4.86584e-06 1.56539e-05 5.34203e-05 0.000194734 0.000762548 0.00322373 0.0147849 0.07392 0.404842 2.43715 16.0223 -1158.65 146.559 182.1 222.637 271.315 330.117 401.118 486.76 589.955 714.181 863.587 1043.12 1258.69 1517.34 1827.44 2199 2643.9 3176.32 3813.1 4574.31 
6.46843e-13 2.1919e-11 1.6137e-10 7.16861e-10 2.50856e-09 7.77946e-09 2.28548e-08 6.63612e-08 1.9592e-07 5.99663e-07 1.92851e-06 6.57838e-06 2.39678e-05 9.37961e-05 0.000396241 0.00181574 0.00906991 0.0496388 0.299191 1.99403 14.6118 -1260.19 149.223 184.603 225.011 273.527 332.06 402.645 487.679 590.024 713.096 860.968 1038.5 1251.48 1506.81 1812.72 2178.99 2617.28 3141.46 3768.03 
5.77824e-14 1.95949e-12 1.4432e-11 6.41287e-11 2.24442e-10 6.96061e-10 2.04484e-09 5.9368e-09 1.75246e-08 5.36261e-08 1.72411e-07 5.87903e-07 2.14104e-06 8.3744e-06 3.53557e-05 0.000161897 0.000808031 0.00441824 0.0266095 0.177495 1.31736 10.8278 -1362.12 124.316 153.161 186.174 225.804 273.561 331.08 400.295 483.512 583.483 703.489 847.442 1020 1226.72 1474.22 1770.36 2124.51 2547.82 
2.57863e-15 8.75112e-14 6.44784e-13 2.86581e-12 1.00313e-11 3.11113e-11 9.13947e-11 2.65324e-10 7.83091e-10 2.39585e-09 7.70089e-09 2.62512e-08 9.55669e-08 3.73632e-07 1.5766e-06 7.21499e-06 3.59843e-05 0.000196597 0.00118295 0.00788409 0.0585448 0.486898 4.51879 -1452.34 58.752 72.1074 87.4322 105.824 127.964 154.599 186.615 225.071 271.226 326.584 392.936 472.415 567.562 681.401 817.531 980.234 
2.47379e-16 8.40184e-15 6.19271e-14 2.75304e-13 9.63774e-13 2.98922e-12 8.78116e-12 2.54905e-11 7.52253e-11 2.30113e-10 7.39491e-10 2.52017e-09 9.17172e-09 3.58446e-08 1.51185e-07 6.91503e-07 3.44673e-06 1.88176e-05 0.000113136 0.000753339 0.0055891 0.0464923 0.436137 4.60257 -1494.45 68.2878 83.511 101.032 122.053 147.332 177.711 214.193 257.971 310.47 373.387 448.742 538.943 646.854 775.886 930.095 
4.13102e-17 1.40419e-15 1.03533e-14 4.60365e-14 1.61182e-13 4.99938e-13 1.46861e-12 4.26293e-12 1.25792e-11 3.84743e-11 1.23619e-10 4.21198e-10 1.53247e-09 5.98722e-09 2.52432e-08 1.15408e-07 5.7494e-07 3.13701e-06 1.88474e-05 0.000125399 0.000929507 0.00772491 0.0724621 0.772102 9.33384 -1539.34 159.313 194.18 234.442 282.731 340.741 410.388 493.948 594.136 714.186 857.951 1030.02 1235.85 1481.95 1776.04 
3.17439e-18 1.07997e-16 7.96536e-16 3.54254e-15 1.24044e-14 3.84765e-14 1.13027e-13 3.28068e-13 9.67995e-13 2.96034e-12 9.51024e-12 3.23975e-11 1.17846e-10 4.6029e-10 1.94004e-09 8.86615e-09 4.41496e-08 2.40766e-07 1.44567e-06 9.61195e-06 7.11917e-05 0.00059113 0.0055398 0.0590117 0.719504 10.0421 -1657.23 198.868 241.643 291.207 350.628 421.944 507.488 610.034 732.889 879.989 1056.03 1266.58 1518.3 1819.08 
1.7733e-19 6.03887e-18 4.45538e-17 1.98187e-16 6.94034e-16 2.15288e-15 6.3242e-15 1.83557e-14 5.41565e-14 1.65606e-13 5.31949e-13 1.81184e-12 6.58932e-12 2.57308e-11 1.0842e-10 4.95329e-10 2.46558e-09 1.34398e-08 8.06572e-08 5.35954e-07 3.96688e-06 3.29128e-05 0.000308173 0.00327966 0.0399692 0.562023 9.13149 -1807.91 211.705 256.509 308.603 371.027 445.883 535.595 643.052 771.695 925.62 1109.7 1329.75 1592.66 
8.29019e-21 2.82625e-19 2.08579e-18 9.27979e-18 3.25002e-17 1.00819e-16 2.96163e-16 8.59573e-16 2.53593e-15 7.75401e-15 2.49042e-14 8.4813e-14 3.08397e-13 1.20402e-12 5.0721e-12 2.31659e-11 1.15274e-10 6.28113e-10 3.76786e-09 2.5024e-08 1.85107e-07 1.53478e-06 1.43596e-05 0.000152686 0.00185903 0.0261248 0.427189 8.15081 -1968.9 223.338 269.895 324.21 389.263 467.205 560.542 672.259 805.909 965.721 1156.73 1384.92 
3.24114e-22 1.10632e-20 8.16717e-20 3.63423e-19 1.27292e-18 3.94891e-18 1.16002e-17 3.36673e-17 9.93209e-17 3.03668e-16 9.75223e-16 3.3208e-15 1.20733e-14 4.71277e-14 1.98491e-13 9.06348e-13 4.50872e-12 2.45594e-11 1.47267e-10 9.77633e-10 7.22804e-09 5.98951e-08 5.60014e-07 5.95015e-06 7.2384e-05 0.00101625 0.0166057 0.318552 7.20397 -2138.98 235.645 284.085 340.779 408.642 489.888 587.111 703.398 842.424 1008.56 1207.02 
1.04869e-23 3.58466e-22 2.64709e-21 1.1781e-20 4.12677e-20 1.28028e-19 3.76093e-19 1.09151e-18 3.21991e-18 9.84408e-18 3.16115e-17 1.07631e-16 3.91263e-16 1.52705e-15 6.43042e-15 2.93564e-14 1.46001e-13 7.95049e-13 4.76584e-12 3.16258e-11 2.3372e-10 1.93573e-09 1.80885e-08 1.92064e-07 2.33473e-06 3.27513e-05 0.000534661 0.0102484 0.232799 6.30136 -2318.7 248.682 299.149 358.388 429.258 514.041 615.428 736.615 881.413 1054.35 
2.77689e-25 9.50789e-24 7.02326e-23 3.12623e-22 1.09519e-21 3.39781e-21 9.98148e-21 2.89682e-20 8.54517e-20 2.61234e-19 8.3882e-19 2.85578e-18 1.03803e-17 4.05076e-17 1.70552e-16 7.78467e-16 3.87079e-15 2.10732e-14 1.26285e-13 8.3774e-13 6.18865e-12 5.12338e-11 4.78515e-10 5.07796e-09 6.16876e-08 8.64709e-07 1.41045e-05 0.000270105 0.00613033 0.166532 5.45149 -2508.68 262.488 315.133 377.092 451.173 539.737 645.576 772.01 922.988 
5.94717e-27 2.04025e-25 1.50757e-24 6.71163e-24 2.35144e-23 7.29562e-23 2.1432e-22 6.2199e-22 1.83472e-21 5.60867e-21 1.80083e-20 6.13049e-20 2.22812e-19 8.69396e-19 3.65998e-18 1.6703e-17 8.30374e-17 4.51973e-16 2.70785e-15 1.79579e-14 1.32617e-13 1.09747e-12 1.02457e-11 1.08673e-10 1.31942e-09 1.84831e-08 3.01264e-07 5.76455e-06 0.000130713 0.00354763 0.11646 4.66153 -2709.56 277.106 332.089 396.949 474.455 567.054 677.647 809.685 
1.01734e-28 3.49817e-27 2.58572e-26 1.15134e-25 4.03409e-25 1.25168e-24 3.67703e-24 1.06713e-23 3.14769e-23 9.62198e-23 3.08926e-22 1.0516e-21 3.8217e-21 1.49105e-20 6.27631e-20 2.86392e-19 1.42354e-18 7.74689e-18 4.64029e-17 3.07658e-16 2.27136e-15 1.87904e-14 1.75355e-13 1.85912e-12 2.25609e-11 3.15867e-10 5.14518e-09 9.83797e-08 2.22898e-06 6.04413e-05 0.00198229 0.0795127 3.93704 -2922.01 292.58 350.07 418.022 499.176 596.075 711.738 
1.37173e-30 4.72976e-29 3.49736e-28 1.55751e-27 5.45772e-27 1.69347e-26 4.97494e-26 1.44379e-25 4.25864e-25 1.30175e-24 4.17926e-24 1.42256e-23 5.16948e-23 2.01673e-22 8.48817e-22 3.87275e-21 1.92472e-20 1.04726e-19 6.27177e-19 4.15737e-18 3.0685e-17 2.53776e-16 2.3675e-15 2.50908e-14 3.0435e-13 4.25901e-12 6.93367e-11 1.32494e-09 2.99977e-08 8.12768e-07 2.66325e-05 0.00106726 0.0529246 3.28189 -3146.73 308.959 369.135 440.377 525.413 626.891 
1.43757e-32 4.97308e-31 3.67875e-30 1.63858e-29 5.74228e-29 1.78184e-28 5.23464e-28 1.51915e-27 4.48085e-27 1.36964e-26 4.39704e-26 1.49661e-25 5.43825e-25 2.12143e-24 8.92806e-24 4.07303e-23 2.02401e-22 1.10113e-21 6.5933e-21 4.36967e-20 3.22449e-19 2.66609e-18 2.4865e-17 2.63433e-16 3.19422e-15 4.468e-14 7.27036e-13 1.38851e-11 3.14174e-10 8.50636e-09 2.78513e-07 1.11511e-05 0.000552449 0.0342916 2.69808 -3384.46 326.295 389.343 464.084 553.249 
1.15369e-34 4.00677e-33 2.96527e-32 1.32101e-31 4.62982e-31 1.43671e-30 4.22079e-30 1.22492e-29 3.61295e-29 1.10433e-28 3.54517e-28 1.20661e-27 4.38424e-27 1.71015e-26 7.19666e-26 3.28286e-25 1.63118e-24 8.87307e-24 5.31222e-23 3.52006e-22 2.59704e-21 2.14683e-20 2.00171e-19 2.1201e-18 2.56985e-17 3.5933e-16 5.84454e-15 1.11566e-13 2.52299e-12 6.82687e-11 2.23368e-09 8.93624e-08 4.42333e-06 0.000274302 0.0215941 2.18578 -3635.98 344.641 410.758 489.217 
6.97922e-37 2.43537e-35 1.80324e-34 8.03489e-34 2.8163e-33 8.73984e-33 2.56766e-32 7.45166e-32 2.19787e-31 6.71784e-31 2.15653e-30 7.33954e-30 2.66672e-29 1.04014e-28 4.37684e-28 1.9964e-27 9.91878e-27 5.39489e-26 3.22947e-25 2.13964e-24 1.57833e-23 1.30447e-22 1.21602e-21 1.28762e-20 1.56032e-19 2.181e-18 3.54609e-17 6.76622e-16 1.5294e-14 4.13611e-13 1.35246e-11 5.40705e-10 2.67435e-08 1.65701e-06 0.000130322 0.0131938 1.74344 -3902.1 364.056 433.448 
3.12989e-39 1.0984e-37 8.13764e-37 3.62674e-36 1.27133e-35 3.94554e-35 1.15918e-34 3.36409e-34 9.92233e-34 3.03273e-33 9.73529e-33 3.3132e-32 1.20375e-31 4.69498e-31 1.97549e-30 9.01018e-30 4.47619e-29 2.4344e-28 1.45711e-27 9.65271e-27 7.11937e-26 5.88307e-25 5.48312e-24 5.80467e-23 7.03224e-22 9.82678e-21 1.59721e-19 3.04648e-18 6.88321e-17 1.8606e-15 6.0807e-14 2.42955e-12 1.20085e-10 7.43466e-09 5.84227e-07 5.90914e-05 0.00780758 1.36791 -4183.67 384.6 
1.02227e-41 3.61228e-40 2.67799e-39 1.19379e-38 4.18522e-38 1.29894e-37 3.81632e-37 1.10755e-36 3.2667e-36 9.98441e-36 3.20501e-35 1.09072e-34 3.96269e-34 1.54549e-33 6.50261e-33 2.96565e-32 1.47321e-31 8.01148e-31 4.79481e-30 3.176e-29 2.34216e-28 1.93515e-27 1.80329e-26 1.90867e-25 2.31181e-24 3.22968e-23 5.24792e-22 1.00065e-20 2.26002e-19 6.10651e-18 1.99475e-16 7.96577e-15 3.93486e-13 2.4345e-11 1.91162e-09 1.93186e-07 2.55012e-05 0.00446638 1.05472 -4480.64 
cycle: 0
true_cycle: 0
nIterations: 0
nTrueIterations: 0
Branch: 0
dt_FE: 7.81361e-07
dt_EA: 7.81361e-07
dt_PE: 7.81361e-07
