t: 3.01249e-06
dt: 3.01249e-07
N: 0.0171283 0.0385607 0.0465081 0.0453374 0.0394084 0.0320333 0.0250922 0.0193287 0.0148407 0.011454 0.0089273 0.00704038 0.00561947 0.00453666 0.00370064 0.00304683 0.00252944 0.00211564 0.00178337 0.00159565 0.00363182 0.0354367 0.237867 0.661988 0.626595 0.16468 0.00955895 9.48842e-05 1.4897e-07 1.23723e-09 3.94328e-11 1.04076e-12 2.22396e-14 3.79965e-16 5.12215e-18 5.37246e-20 4.31997e-22 2.62168e-24 1.18109e-26 3.88137e-29 
eC: 1.00639 3.07804 5.27089 7.59201 10.0489 12.6496 15.4023 18.3162 21.4004 24.6651 28.1208 31.7787 35.6505 39.7488 44.0869 48.6788 53.5393 58.6841 64.1299 69.8943 75.9959 82.4544 89.2908 96.5271 104.187 112.294 120.876 129.96 139.576 149.754 160.527 171.931 184.002 196.778 210.303 224.618 239.771 255.811 272.788 290.759 
dV: 2.71811 20.9912 63.6092 138.722 256.496 429.553 673.497 1007.55 1455.33 2045.74 2814.09 3803.42 5066.04 6665.5 8678.77 11199 14338.7 18233.7 23047.8 28977.8 36261 45182.1 56083.2 69374.4 85547.6 105192 129013 157855 192727 234836 285622 346808 420447 508992 615366 743056 896219 1.07981e+06 1.29972e+06 1.56298e+06 
kVec: 5744.56 13075.2 15847.7 15466.5 13444.8 10944.7 8615.79 6705.84 5240.44 4154.96 3364.69 2793.74 2383 2089.31 1882.09 1739.87 1647.55 1594.39 1572.67 1576.6 1600.94 1636.26 1655.21 1615.82 1549.65 1563.04 1673.39 1822.03 1982.77 2152.8 2332.48 2522.42 2723.26 2935.67 3160.36 3398.07 3649.56 3915.66 4197.2 4494.15 
cMat: 
-9.32865 5.23429 8.63544 13.8512 21.2342 31.215 44.374 61.4862 83.5357 111.733 147.548 192.756 249.499 320.364 408.47 517.576 652.209 817.811 1020.92 1269.39 1572.62 1941.89 2390.66 2935.05 3594.28 4391.26 5353.28 6512.76 7908.21 9585.23 11597.7 14009.3 16894.6 20341.3 24451.4 29343.4 35153.9 42038.8 50174.4 59757.3 
0.343098 -28.2879 17.5872 28.8293 44.9614 66.8979 95.8706 133.57 182.18 244.402 323.516 423.484 549.088 706.096 901.468 1143.59 1442.58 1810.6 2262.28 2815.19 3490.42 4313.27 5314.05 6529.06 8001.73 9784.01 11938 14537.8 17671.9 21446 25985.8 31441.3 37991 45847.4 55262.9 66537.6 80027.3 96154.2 115418 138410 
0.0922417 2.86602 -50.2694 32.5391 51.6738 77.8867 112.549 157.618 215.7 290.052 384.635 504.228 654.593 842.675 1076.85 1367.23 1725.96 2167.72 2710.1 3374.29 4185.69 5174.78 6378.1 7839.42 9611.11 11755.8 14348.5 17478.7 21253.3 25800 31270.9 37847.6 45746.5 55225.4 66591.3 80209.3 96514 116022 139346 167216 
0.0324708 1.03105 7.14113 -76.0161 48.2806 73.899 107.839 151.867 208.473 280.846 372.881 489.27 635.657 818.834 1046.99 1330 1679.75 2110.56 2639.65 3287.71 4079.57 5045.05 6219.85 7646.78 9377.07 11472 14004.9 17063.3 20751.8 25195.4 30543.2 36972.8 44696.2 53966.2 65083.5 78406.5 94361.6 113456 136293 163590 
0.0124022 0.400627 2.82545 12.029 -106.321 62.4785 92.4547 131.225 180.824 244.021 324.253 425.659 553.191 712.797 911.631 1158.31 1463.23 1838.87 2300.28 2865.52 3556.27 4398.57 5423.6 6668.73 8178.73 10007.1 12217.9 14887.6 18107.6 21987.1 26656.3 32270.5 39015.1 47110.8 56820.7 68458.3 82396.5 99079.3 119035 142891 
0.00479804 0.156875 1.12078 4.84545 16.4426 -141.776 73.6696 105.987 147.023 198.94 264.581 347.391 451.466 581.689 743.919 945.202 1194.02 1500.57 1877.14 2338.48 2902.3 3589.84 4426.6 5443.09 6675.86 8168.62 9973.68 12153.5 14782.8 17950.7 21763.7 26348.5 31856.7 38468.6 46399.3 55904.9 67290.3 80918.4 97221 116712 
0.00182581 0.0601801 0.433536 1.89277 6.51322 19.7204 -182.417 81.6795 114.862 156.352 208.348 273.647 355.557 457.975 585.536 743.792 939.417 1180.44 1476.51 1839.23 2282.54 2823.13 3481.05 4280.31 5249.63 6423.41 7842.78 9556.88 11624.4 14115.6 17114 20719.5 25051.1 30250.9 36488 43963.8 52918.2 63636.9 76459.5 91790.3 
0.000673499 0.0223207 0.16163 0.709607 2.46103 7.55288 21.7442 -227.837 87.1761 120.346 161.253 212.098 275.574 354.795 453.397 575.695 726.855 913.083 1141.84 1422.08 1764.57 2182.22 2690.51 3307.98 4056.83 4963.63 6060.15 7384.36 8981.64 10906.1 13222.5 16008 19354.4 23371.6 28190.1 33965.7 40883.7 49164.9 59071.8 70916.7 
0.000238663 0.00794059 0.0576925 0.254072 0.884521 2.73274 7.97558 22.7379 -277.498 91.082 123.836 163.723 212.947 274.084 350.044 444.199 560.546 703.867 879.902 1095.54 1359.07 1680.42 2071.49 2546.54 3122.67 3820.29 4663.86 5682.58 6911.35 8391.84 10173.8 12316.6 14890.9 17981.1 21687.9 26130.9 31452.7 37823.2 45444.3 54556.4 
8.06944e-05 0.00269281 0.0196107 0.0865215 0.301736 0.934722 2.74433 7.93477 23.024 -330.954 94.2115 126.457 165.273 212.88 271.748 344.599 434.57 545.374 681.451 848.13 1051.81 1300.15 1602.36 1969.46 2414.64 2953.68 3605.48 4392.59 5341.97 6485.82 7862.56 9518.03 11506.9 13894.4 16758.1 20190.6 24302 29223.6 35111.4 42151 
2.58814e-05 0.000865744 0.00631625 0.027901 0.0973818 0.301934 0.888209 2.58227 7.60307 22.8822 -387.945 97.143 128.961 166.858 213.1 270.063 340.31 426.78 532.95 662.978 821.85 1015.55 1251.24 1537.52 1884.67 2305 2813.23 3426.94 4167.16 5058.97 6132.34 7423 8973.56 10834.8 13067.4 15743.3 18948.5 22785.2 27375.2 32863 
7.8326e-06 0.000262528 0.00191815 0.00848092 0.0296142 0.0918369 0.270248 0.786821 2.32861 7.11512 22.5038 -448.388 100.228 131.776 168.996 214.219 269.748 338.014 421.797 524.385 649.713 802.497 988.388 1214.16 1487.91 1819.36 2220.08 2703.97 3287.57 3990.67 4836.88 5854.37 7076.72 8544 10303.9 12413.3 14939.9 17964.3 21582.4 25908.3 
2.22534e-06 7.47153e-05 0.000546583 0.0024185 0.00844777 0.026197 0.0770743 0.224392 0.664794 2.04112 6.55743 21.9997 -512.34 103.651 135.108 171.911 216.477 271.049 337.951 419.839 519.859 641.773 790.088 970.201 1188.58 1452.95 1772.57 2158.49 2623.92 3184.63 3859.44 4670.81 5645.52 6815.5 8218.8 9900.75 11915.3 14326.8 17211.5 20660.6 
5.90613e-07 1.98593e-05 0.000145438 0.000643948 0.00224991 0.0069767 0.0205199 0.0597144 0.176861 0.543418 1.75369 5.97859 21.4242 -579.949 107.494 139.034 175.667 219.914 273.965 340.062 420.769 519.123 638.758 784.026 960.137 1173.32 1431.04 1742.19 2117.43 2569.45 3113.44 3767.49 4553.19 5496.26 6627.37 7983.04 9606.79 11550.4 13875.4 16655.3 
1.45704e-07 4.90572e-06 3.59605e-05 0.000159313 0.000556764 0.00172639 0.0050762 0.014765 0.0437042 0.13422 0.433353 1.48351 5.40341 20.7988 -651.419 111.788 143.567 180.256 224.484 278.4 344.182 424.324 521.79 640.121 783.557 957.172 1167.03 1420.38 1725.9 2093.91 2536.76 3069.2 3708.77 4476.42 5397.11 6500.56 7822.17 9404.09 11296.5 13558.9 
3.32444e-08 1.12061e-06 8.22131e-06 3.64411e-05 0.000127382 0.000394974 0.0011611 0.00337581 0.00998641 0.0306476 0.0988905 0.338612 1.23799 4.84402 20.1291 -726.987 116.538 148.694 185.641 230.117 284.235 350.125 430.236 527.48 645.339 787.975 960.371 1168.48 1419.4 1721.64 2085.33 2522.55 3047.74 3678.06 4434.02 5340.02 6425.1 7723.87 9277.5 11134.9 
6.97903e-09 2.35499e-07 1.72901e-06 7.66742e-06 2.68077e-05 8.31225e-05 0.000244309 0.000710064 0.00209946 0.00643884 0.0207601 0.0710343 0.259712 1.01962 4.30675 19.4148 -806.909 121.745 154.402 191.787 236.748 291.365 357.733 438.277 535.876 653.978 796.7 968.968 1176.66 1426.81 1727.79 2089.6 2524.18 3045.74 3671.22 4420.82 5318.57 6393.07 7678.4 9215.04 
1.34085e-09 4.52887e-08 3.32726e-07 1.47612e-06 5.162e-06 1.6006e-05 4.70373e-05 0.000136671 0.000403929 0.00123811 0.00398911 0.0136384 0.0498248 0.195578 0.82852 3.79557 18.6539 -891.456 127.409 160.677 198.668 244.328 299.708 366.885 448.269 546.732 665.704 809.286 982.377 1190.82 1441.61 1743.06 2105.12 2539.61 3060.66 3685.07 4432.86 5327.86 6398.42 7678.28 
2.3445e-10 7.92581e-09 5.8264e-08 2.58583e-07 9.04436e-07 2.80449e-06 8.24075e-06 2.39388e-05 7.0726e-05 0.000216686 0.000697734 0.00238376 0.00870127 0.0341266 0.144521 0.663723 3.31361 17.8456 -980.885 133.534 167.516 206.268 252.823 309.208 377.492 460.087 559.869 680.273 825.403 1000.16 1210.39 1463.07 1766.52 2130.67 2567.33 3090.59 3717.21 4467.16 5364.19 6436.56 
3.70886e-11 1.25485e-09 9.22965e-09 4.09764e-08 1.43347e-07 4.44507e-07 1.30604e-06 3.79324e-06 1.12037e-05 3.43121e-05 0.000110431 0.000377048 0.00137531 0.00538945 0.0228035 0.104677 0.523669 2.86335 16.9895 -1075.34 140.116 174.905 214.563 262.194 319.805 389.467 473.606 575.116 697.454 844.745 1021.92 1234.84 1490.53 1797.33 2165.2 2606.01 3133.86 3765.57 4521.14 5424.38 
5.26483e-12 1.78269e-10 1.31185e-09 5.82599e-09 2.03842e-08 6.32122e-08 1.85716e-07 5.39311e-07 1.59254e-06 4.87567e-06 1.56855e-05 5.35282e-05 0.000195127 0.000764088 0.00323024 0.0148147 0.0740692 0.40566 2.44207 16.0546 -1174.36 146.855 182.468 223.087 271.863 330.784 401.928 487.743 591.147 715.623 865.331 1045.23 1261.24 1520.4 1831.13 2203.44 2649.24 3182.74 3820.81 4583.54 
6.47812e-13 2.19518e-11 1.61612e-10 7.17935e-10 2.51232e-09 7.79112e-09 2.28891e-08 6.64606e-08 1.96214e-07 6.00561e-07 1.93139e-06 6.58824e-06 2.40037e-05 9.39366e-05 0.000396835 0.00181846 0.00908349 0.0497132 0.299639 1.99702 14.6337 -1275.97 149.447 184.88 225.349 273.936 332.558 403.248 488.41 590.908 714.164 862.258 1040.05 1253.35 1509.07 1815.43 2182.25 2621.2 3146.17 3773.68 
5.77406e-14 1.95807e-12 1.44215e-11 6.40823e-11 2.24279e-10 6.95557e-10 2.04336e-09 5.9325e-09 1.75119e-08 5.35873e-08 1.72286e-07 5.87478e-07 2.13949e-06 8.36834e-06 3.53302e-05 0.00016178 0.000807446 0.00441504 0.0265902 0.177367 1.31641 10.8199 -1377.9 124.226 153.051 186.04 225.64 273.363 330.841 400.006 483.162 583.061 702.98 846.829 1019.26 1225.84 1473.15 1769.08 2122.97 2545.97 
2.54558e-15 8.63895e-14 6.36519e-13 2.82908e-12 9.90269e-12 3.07125e-11 9.02232e-11 2.61923e-10 7.73053e-10 2.36514e-09 7.60218e-09 2.59147e-08 9.43419e-08 3.68843e-07 1.5564e-06 7.12251e-06 3.55231e-05 0.000194077 0.00116779 0.00778303 0.0577944 0.480657 4.46087 -1467.96 57.9989 71.1831 86.3114 104.468 126.323 152.617 184.223 222.186 267.75 322.398 387.9 466.36 560.287 672.667 807.052 967.669 
2.44476e-16 8.30324e-15 6.12004e-14 2.72073e-13 9.52464e-13 2.95414e-12 8.67811e-12 2.51913e-11 7.43425e-11 2.27413e-10 7.30813e-10 2.49059e-09 9.06409e-09 3.5424e-08 1.49411e-07 6.83388e-07 3.40628e-06 1.85967e-05 0.000111808 0.000744498 0.00552351 0.0459467 0.431019 4.54855 -1509.41 67.4864 82.531 99.8462 120.621 145.603 175.626 211.679 254.944 306.827 369.005 443.476 532.618 639.263 766.781 919.181 
4.12519e-17 1.4022e-15 1.03387e-14 4.59715e-14 1.60954e-13 4.99232e-13 1.46653e-12 4.25691e-12 1.25614e-11 3.842e-11 1.23445e-10 4.20603e-10 1.5303e-09 5.97876e-09 2.52076e-08 1.15245e-07 5.74128e-07 3.13258e-06 1.88208e-05 0.000125221 0.000928194 0.007714 0.0723598 0.771011 9.32065 -1553.57 159.088 193.906 234.11 282.331 340.26 409.808 493.25 593.297 713.177 856.739 1028.56 1234.11 1479.85 1773.53 
3.17418e-18 1.0799e-16 7.96483e-16 3.54231e-15 1.24036e-14 3.84739e-14 1.1302e-13 3.28047e-13 9.67931e-13 2.96015e-12 9.50961e-12 3.23953e-11 1.17839e-10 4.60259e-10 1.93991e-09 8.86556e-09 4.41467e-08 2.4075e-07 1.44557e-06 9.61131e-06 7.11869e-05 0.000591091 0.00553943 0.0590078 0.719457 10.0414 -1671.21 198.855 241.627 291.187 350.604 421.916 507.455 609.994 732.84 879.931 1055.96 1266.5 1518.2 1818.96 
1.7733e-19 6.03887e-18 4.45538e-17 1.98187e-16 6.94034e-16 2.15288e-15 6.3242e-15 1.83557e-14 5.41565e-14 1.65606e-13 5.31949e-13 1.81184e-12 6.58932e-12 2.57308e-11 1.0842e-10 4.95329e-10 2.46558e-09 1.34398e-08 8.06572e-08 5.35954e-07 3.96688e-06 3.29128e-05 0.000308173 0.00327966 0.0399692 0.562023 9.13149 -1821.82 211.705 256.509 308.603 371.027 445.883 535.595 643.053 771.695 925.62 1109.7 1329.75 1592.66 
8.29019e-21 2.82625e-19 2.08579e-18 9.27979e-18 3.25002e-17 1.00819e-16 2.96163e-16 8.59573e-16 2.53593e-15 7.75402e-15 2.49042e-14 8.4813e-14 3.08397e-13 1.20402e-12 5.0721e-12 2.31659e-11 1.15274e-10 6.28113e-10 3.76786e-09 2.5024e-08 1.85107e-07 1.53478e-06 1.43596e-05 0.000152686 0.00185903 0.0261248 0.427189 8.15081 -1982.76 223.338 269.895 324.21 389.263 467.205 560.542 672.259 805.909 965.721 1156.73 1384.92 
3.24114e-22 1.10632e-20 8.16717e-20 3.63423e-19 1.27292e-18 3.94891e-18 1.16002e-17 3.36673e-17 9.93209e-17 3.03668e-16 9.75223e-16 3.3208e-15 1.20733e-14 4.71277e-14 1.98491e-13 9.06348e-13 4.50872e-12 2.45594e-11 1.47267e-10 9.77633e-10 7.22804e-09 5.98951e-08 5.60014e-07 5.95015e-06 7.2384e-05 0.00101625 0.0166057 0.318552 7.20397 -2152.8 235.645 284.085 340.779 408.642 489.888 587.111 703.398 842.424 1008.56 1207.02 
1.04869e-23 3.58466e-22 2.64709e-21 1.1781e-20 4.12677e-20 1.28028e-19 3.76093e-19 1.09151e-18 3.21991e-18 9.84408e-18 3.16115e-17 1.07631e-16 3.91263e-16 1.52705e-15 6.43042e-15 2.93564e-14 1.46001e-13 7.95049e-13 4.76584e-12 3.16258e-11 2.3372e-10 1.93573e-09 1.80885e-08 1.92064e-07 2.33473e-06 3.27513e-05 0.000534661 0.0102484 0.232799 6.30136 -2332.48 248.682 299.149 358.388 429.258 514.041 615.428 736.615 881.413 1054.35 
2.77689e-25 9.50789e-24 7.02326e-23 3.12623e-22 1.09519e-21 3.39781e-21 9.98148e-21 2.89682e-20 8.54517e-20 2.61234e-19 8.3882e-19 2.85578e-18 1.03803e-17 4.05076e-17 1.70552e-16 7.78467e-16 3.87079e-15 2.10732e-14 1.26285e-13 8.3774e-13 6.18865e-12 5.12338e-11 4.78515e-10 5.07796e-09 6.16876e-08 8.64709e-07 1.41045e-05 0.000270105 0.00613033 0.166532 5.45149 -2522.42 262.488 315.133 377.092 451.173 539.737 645.576 772.01 922.988 
5.94717e-27 2.04025e-25 1.50757e-24 6.71163e-24 2.35144e-23 7.29562e-23 2.1432e-22 6.2199e-22 1.83472e-21 5.60867e-21 1.80083e-20 6.13049e-20 2.22812e-19 8.69396e-19 3.65998e-18 1.6703e-17 8.30374e-17 4.51973e-16 2.70785e-15 1.79579e-14 1.32617e-13 1.09747e-12 1.02457e-11 1.08673e-10 1.31942e-09 1.84831e-08 3.01264e-07 5.76455e-06 0.000130713 0.00354763 0.11646 4.66153 -2723.26 277.106 332.089 396.949 474.455 567.054 677.647 809.685 
1.01734e-28 3.49817e-27 2.58572e-26 1.15134e-25 4.03409e-25 1.25168e-24 3.67703e-24 1.06713e-23 3.14769e-23 9.62198e-23 3.08926e-22 1.0516e-21 3.8217e-21 1.49105e-20 6.27631e-20 2.86392e-19 1.42354e-18 7.74689e-18 4.64029e-17 3.07658e-16 2.27136e-15 1.87904e-14 1.75355e-13 1.85912e-12 2.25609e-11 3.15867e-10 5.14518e-09 9.83797e-08 2.22898e-06 6.04413e-05 0.00198229 0.0795127 3.93704 -2935.67 292.58 350.07 418.022 499.176 596.075 711.738 
1.37173e-30 4.72976e-29 3.49736e-28 1.55751e-27 5.45772e-27 1.69347e-26 4.97494e-26 1.44379e-25 4.25864e-25 1.30175e-24 4.17926e-24 1.42256e-23 5.16948e-23 2.01673e-22 8.48817e-22 3.87275e-21 1.92472e-20 1.04726e-19 6.27177e-19 4.15737e-18 3.0685e-17 2.53776e-16 2.3675e-15 2.50908e-14 3.0435e-13 4.25901e-12 6.93367e-11 1.32494e-09 2.99977e-08 8.12768e-07 2.66325e-05 0.00106726 0.0529246 3.28189 -3160.36 308.959 369.135 440.377 525.413 626.891 
1.43757e-32 4.97308e-31 3.67875e-30 1.63858e-29 5.74228e-29 1.78184e-28 5.23464e-28 1.51915e-27 4.48085e-27 1.36964e-26 4.39704e-26 1.49661e-25 5.43825e-25 2.12143e-24 8.92806e-24 4.07303e-23 2.02401e-22 1.10113e-21 6.5933e-21 4.36967e-20 3.22449e-19 2.66609e-18 2.4865e-17 2.63433e-16 3.19422e-15 4.468e-14 7.27036e-13 1.38851e-11 3.14174e-10 8.50636e-09 2.78513e-07 1.11511e-05 0.000552449 0.0342916 2.69808 -3398.07 326.295 389.343 464.084 553.249 
1.15369e-34 4.00677e-33 2.96527e-32 1.32101e-31 4.62982e-31 1.43671e-30 4.22079e-30 1.22492e-29 3.61295e-29 1.10433e-28 3.54517e-28 1.20661e-27 4.38424e-27 1.71015e-26 7.19666e-26 3.28286e-25 1.63118e-24 8.87307e-24 5.31222e-23 3.52006e-22 2.59704e-21 2.14683e-20 2.00171e-19 2.1201e-18 2.56985e-17 3.5933e-16 5.84454e-15 1.11566e-13 2.52299e-12 6.82687e-11 2.23368e-09 8.93624e-08 4.42333e-06 0.000274302 0.0215941 2.18578 -3649.56 344.641 410.758 489.217 
6.97922e-37 2.43537e-35 1.80324e-34 8.03489e-34 2.8163e-33 8.73984e-33 2.56766e-32 7.45166e-32 2.19787e-31 6.71784e-31 2.15653e-30 7.33954e-30 2.66672e-29 1.04014e-28 4.37684e-28 1.9964e-27 9.91878e-27 5.39489e-26 3.22947e-25 2.13964e-24 1.57833e-23 1.30447e-22 1.21602e-21 1.28762e-20 1.56032e-19 2.181e-18 3.54609e-17 6.76622e-16 1.5294e-14 4.13611e-13 1.35246e-11 5.40705e-10 2.67435e-08 1.65701e-06 0.000130322 0.0131938 1.74344 -3915.66 364.056 433.448 
3.12989e-39 1.0984e-37 8.13764e-37 3.62674e-36 1.27133e-35 3.94554e-35 1.15918e-34 3.36409e-34 9.92233e-34 3.03273e-33 9.73529e-33 3.3132e-32 1.20375e-31 4.69498e-31 1.97549e-30 9.01018e-30 4.47619e-29 2.4344e-28 1.45711e-27 9.65271e-27 7.11937e-26 5.88307e-25 5.48312e-24 5.80467e-23 7.03224e-22 9.82678e-21 1.59721e-19 3.04648e-18 6.88321e-17 1.8606e-15 6.0807e-14 2.42955e-12 1.20085e-10 7.43466e-09 5.84227e-07 5.90914e-05 0.00780758 1.36791 -4197.2 384.6 
1.02227e-41 3.61228e-40 2.67799e-39 1.19379e-38 4.18522e-38 1.29894e-37 3.81632e-37 1.10755e-36 3.2667e-36 9.98441e-36 3.20501e-35 1.09072e-34 3.96269e-34 1.54549e-33 6.50261e-33 2.96565e-32 1.47321e-31 8.01148e-31 4.79481e-30 3.176e-29 2.34216e-28 1.93515e-27 1.80329e-26 1.90867e-25 2.31181e-24 3.22968e-23 5.24792e-22 1.00065e-20 2.26002e-19 6.10651e-18 1.99475e-16 7.96577e-15 3.93486e-13 2.4345e-11 1.91162e-09 1.93186e-07 2.55012e-05 0.00446638 1.05472 -4494.15 
cycle: 0
true_cycle: 0
nIterations: 0
nTrueIterations: 0
Branch: 0
dt_FE: 3.01249e-07
dt_EA: 3.01249e-07
dt_PE: 3.01249e-07
