t: 3.31373e-06
dt: 3.31373e-07
N: 0.0188264 0.0423392 0.051045 0.0497625 0.043267 0.0351821 0.0275676 0.0212411 0.0163123 0.0125916 0.00981499 0.00774099 0.00617897 0.0049885 0.00406928 0.00335037 0.00278143 0.00232638 0.0019608 0.0017459 0.00375858 0.0355277 0.237832 0.661711 0.626315 0.164606 0.00955479 9.48945e-05 1.52023e-07 1.35898e-09 4.33557e-11 1.1443e-12 2.44521e-14 4.17767e-16 5.63175e-18 5.90698e-20 4.74979e-22 2.88253e-24 1.29861e-26 4.26758e-29 
eC: 1.00639 3.07804 5.27089 7.59201 10.0489 12.6496 15.4023 18.3162 21.4004 24.6651 28.1208 31.7787 35.6505 39.7488 44.0869 48.6788 53.5393 58.6841 64.1299 69.8943 75.9959 82.4544 89.2908 96.5271 104.187 112.294 120.876 129.96 139.576 149.754 160.527 171.931 184.002 196.778 210.303 224.618 239.771 255.811 272.788 290.759 
dV: 2.71811 20.9912 63.6092 138.722 256.496 429.553 673.497 1007.55 1455.33 2045.74 2814.09 3803.42 5066.04 6665.5 8678.77 11199 14338.7 18233.7 23047.8 28977.8 36261 45182.1 56083.2 69374.4 85547.6 105192 129013 157855 192727 234836 285622 346808 420447 508992 615366 743056 896219 1.07981e+06 1.29972e+06 1.56298e+06 
kVec: 5744.99 13076 15848.4 15467.1 13445 10944.6 8615.33 6705.16 5239.6 4154.01 3363.66 2792.66 2381.89 2088.18 1880.95 1738.72 1646.39 1593.23 1571.51 1575.44 1599.79 1635.11 1654.08 1614.76 1548.68 1562.13 1672.5 1821.14 1981.89 2151.92 2331.6 2521.54 2722.39 2934.8 3159.49 3397.2 3648.7 3914.79 4196.34 4493.29 
cMat: 
-9.29119 5.22525 8.62052 13.8273 21.1976 31.161 44.2973 61.38 83.3914 111.54 147.293 192.423 249.068 319.81 407.764 516.682 651.082 816.398 1019.16 1267.2 1569.91 1938.53 2386.53 2929.98 3588.07 4383.67 5344.03 6501.51 7894.55 9568.67 11577.7 13985.1 16865.4 20306.1 24409.1 29292.7 35093.1 41966.1 50087.8 59654.1 
0.34175 -28.1754 17.5181 28.716 44.7847 66.635 95.4938 133.045 181.464 243.441 322.244 421.82 546.93 703.321 897.925 1139.1 1436.91 1803.49 2253.39 2804.13 3476.7 4296.32 5293.16 6503.4 7970.28 9745.56 11891.1 14480.7 17602.5 21361.7 25883.7 31317.7 37841.7 45667.2 55045.7 66276.1 79712.8 95776.3 114964 137866 
0.0918028 2.85239 -50.0836 32.3843 51.4279 77.5161 112.013 156.868 214.674 288.671 382.804 501.829 651.479 838.666 1071.73 1360.72 1717.75 2157.4 2697.21 3358.24 4165.77 5150.16 6347.75 7802.11 9565.38 11699.9 14280.3 17395.6 21152.2 25677.2 31122.1 37667.5 45528.8 54962.6 66274.4 79827.6 96054.7 115470 138683 166420 
0.0323203 1.02627 7.10803 -75.7498 48.0568 73.5565 107.339 151.163 207.507 279.544 371.152 487.002 632.71 815.039 1042.14 1323.84 1671.97 2100.78 2627.42 3272.47 4060.66 5021.66 6191.02 7611.34 9333.6 11418.8 13940 16984.2 20655.6 25078.7 30401.6 36801.4 44489.1 53716 64781.8 78043.1 93924.2 112930 135662 162832 
0.0123524 0.399018 2.8141 11.9807 -105.961 62.2276 92.0833 130.698 180.098 243.04 322.951 423.949 550.969 709.933 907.969 1153.66 1457.35 1831.49 2291.04 2854.01 3541.99 4380.9 5401.81 6641.95 8145.87 9966.91 12168.8 14827.8 18034.9 21898.8 26549.2 32140.9 38858.3 46921.5 56592.5 68183.3 82065.6 98681.3 118557 142317 
0.00478243 0.156364 1.11713 4.82969 16.3891 -141.313 73.43 105.642 146.545 198.293 263.721 346.261 449.997 579.797 741.499 942.127 1190.13 1495.69 1871.04 2330.87 2892.86 3578.17 4412.2 5425.38 6654.14 8142.05 9941.24 12114 14734.7 17892.4 21692.9 26262.8 31753.1 38343.5 46248.4 55723 67071.4 80655.1 96904.7 116332 
0.00182118 0.0600273 0.432435 1.88796 6.49668 19.6703 -181.853 81.4721 114.571 155.955 207.819 272.952 354.654 456.813 584.049 741.903 937.032 1177.44 1472.76 1834.56 2276.74 2815.96 3472.22 4269.44 5236.3 6407.1 7822.86 9532.61 11594.9 14079.7 17070.5 20666.9 24987.5 30174.1 36395.3 43852.2 52783.9 63475.3 76265.4 91557.2 
0.000672185 0.0222772 0.161315 0.708223 2.45623 7.53815 21.7018 -227.185 87.0061 120.112 160.938 211.684 275.037 354.103 452.513 574.573 725.438 911.302 1139.61 1419.31 1761.13 2177.96 2685.26 3301.52 4048.91 4953.95 6048.33 7369.96 8964.12 10884.9 13196.8 15976.8 19316.7 23326 28135.1 33899.5 40804 49069 58956.6 70778.4 
0.000238306 0.00792873 0.0576063 0.253693 0.883199 2.72866 7.96367 22.704 -276.772 90.946 123.651 163.479 212.629 273.675 349.521 443.536 559.709 702.816 878.587 1093.91 1357.04 1677.91 2068.39 2542.74 3118 3814.58 4656.89 5674.09 6901.02 8379.31 10158.6 12298.2 14868.6 17954.3 21655.5 26091.8 31405.7 37766.7 45376.4 54474.9 
8.06015e-05 0.00268971 0.0195881 0.0864219 0.301388 0.933646 2.74117 7.92564 22.9975 -330.17 94.1031 126.312 165.082 212.635 271.435 344.202 434.07 544.746 680.667 847.154 1050.6 1298.65 1600.52 1967.19 2411.86 2950.28 3601.33 4387.53 5335.82 6478.35 7853.51 9507.08 11493.7 13878.4 16738.8 20167.3 24274.1 29190 35071 42102.5 
2.58582e-05 0.000864968 0.00631059 0.027876 0.0972945 0.301664 0.887414 2.57996 7.59626 22.8617 -387.114 97.056 128.846 166.709 212.909 269.821 340.005 426.398 532.473 662.384 821.114 1014.64 1250.12 1536.15 1882.99 2302.94 2810.71 3423.87 4163.43 5054.44 6126.85 7416.35 8965.52 10825.1 13055.7 15729.2 18931.5 22764.8 27350.6 32833.6 
7.82707e-06 0.000262343 0.0019168 0.00847493 0.0295933 0.0917721 0.270057 0.786266 2.32697 7.1101 22.4879 -447.521 100.157 131.683 168.876 214.068 269.558 337.776 421.499 524.015 649.255 801.931 987.691 1213.3 1486.86 1818.07 2218.52 2702.06 3285.25 3987.85 4833.47 5850.24 7071.73 8537.97 10296.6 12404.6 14929.4 17951.7 21567.2 25890 
2.22409e-06 7.46733e-05 0.000546276 0.00241714 0.00844302 0.0261823 0.077031 0.224266 0.66442 2.03997 6.55374 21.9873 -511.445 103.592 135.032 171.814 216.355 270.896 337.76 419.603 519.567 641.412 789.643 969.655 1187.91 1452.13 1771.58 2157.28 2622.45 3182.84 3857.27 4668.18 5642.35 6811.67 8214.18 9895.18 11908.6 14318.7 17201.8 20649 
5.90345e-07 1.98503e-05 0.000145372 0.000643656 0.00224889 0.00697354 0.0205105 0.0596872 0.17678 0.543171 1.7529 5.97587 21.4144 -579.031 107.445 138.971 175.588 219.814 273.841 339.908 420.578 518.887 638.468 783.67 959.701 1172.79 1430.39 1741.4 2116.46 2568.29 3112.03 3765.78 4551.12 5493.76 6624.36 7979.42 9602.43 11545.1 13869.1 16647.7 
1.45651e-07 4.90391e-06 3.59472e-05 0.000159254 0.000556558 0.00172575 0.00507432 0.0147595 0.043688 0.13417 0.433192 1.48296 5.40141 20.7911 -650.482 111.746 143.514 180.189 224.401 278.297 344.054 424.167 521.597 639.884 783.267 956.818 1166.6 1419.86 1725.26 2093.13 2535.83 3068.06 3707.4 4474.77 5395.11 6498.16 7819.28 9400.61 11292.3 13553.9 
3.32343e-08 1.12027e-06 8.21881e-06 3.643e-05 0.000127344 0.000394853 0.00116074 0.00337478 0.00998337 0.0306383 0.0988604 0.338509 1.23762 4.84255 20.123 -726.033 116.503 148.649 185.584 230.047 284.149 350.018 430.105 527.32 645.142 787.735 960.078 1168.12 1418.97 1721.12 2084.7 2521.79 3046.81 3676.94 4432.67 5338.39 6423.15 7721.52 9274.67 11131.6 
6.97727e-09 2.3544e-07 1.72857e-06 7.66548e-06 2.68009e-05 8.31015e-05 0.000244247 0.000709884 0.00209893 0.00643721 0.0207548 0.0710163 0.259647 1.01937 4.30566 19.4099 -805.943 121.714 154.363 191.739 236.688 291.291 357.643 438.166 535.741 653.812 796.499 968.724 1176.37 1426.45 1727.35 2089.08 2523.54 3044.97 3670.3 4419.7 5317.22 6391.46 7676.46 9212.72 
1.34056e-09 4.52791e-08 3.32655e-07 1.4758e-06 5.16091e-06 1.60026e-05 4.70273e-05 0.000136643 0.000403844 0.00123785 0.00398827 0.0136355 0.0498143 0.195536 0.828345 3.79477 18.6499 -890.478 127.382 160.643 198.626 244.276 299.645 366.807 448.175 546.617 665.564 809.116 982.169 1190.57 1441.31 1742.7 2104.67 2539.08 3060.02 3684.29 4431.92 5326.73 6397.07 7676.66 
2.34408e-10 7.9244e-09 5.82537e-08 2.58537e-07 9.04275e-07 2.80399e-06 8.23928e-06 2.39346e-05 7.07135e-05 0.000216648 0.00069761 0.00238333 0.00869973 0.0341205 0.144495 0.663605 3.31302 17.8424 -979.898 133.51 167.486 206.231 252.778 309.153 377.425 460.006 559.77 680.152 825.256 999.98 1210.17 1462.81 1766.21 2130.29 2566.88 3090.04 3716.55 4466.37 5363.24 6435.42 
3.70831e-11 1.25466e-09 9.22826e-09 4.09703e-08 1.43325e-07 4.4444e-07 1.30584e-06 3.79267e-06 1.12021e-05 3.43069e-05 0.000110414 0.000376992 0.0013751 0.00538864 0.0228001 0.104661 0.52359 2.86292 16.9869 -1074.35 140.094 174.879 214.531 262.155 319.757 389.408 473.534 575.03 697.349 844.618 1021.76 1234.66 1490.3 1797.06 2164.88 2605.61 3133.38 3765 4520.46 5423.56 
5.26416e-12 1.78247e-10 1.31168e-09 5.82525e-09 2.03816e-08 6.32041e-08 1.85693e-07 5.39242e-07 1.59234e-06 4.87505e-06 1.56835e-05 5.35214e-05 0.000195102 0.000763991 0.00322983 0.0148128 0.0740598 0.405608 2.44176 16.0526 -1173.36 146.836 182.445 223.059 271.829 330.742 401.877 487.681 591.072 715.532 865.221 1045.1 1261.08 1520.21 1830.9 2203.16 2648.91 3182.33 3820.32 4582.96 
6.47751e-13 2.19498e-11 1.61597e-10 7.17867e-10 2.51208e-09 7.79038e-09 2.28869e-08 6.64543e-08 1.96195e-07 6.00504e-07 1.93121e-06 6.58761e-06 2.40014e-05 9.39277e-05 0.000396797 0.00181829 0.00908264 0.0497085 0.299611 1.99683 14.6323 -1274.96 149.433 184.862 225.327 273.911 332.526 403.21 488.364 590.853 714.097 862.176 1039.96 1253.24 1508.93 1815.26 2182.05 2620.96 3145.87 3773.32 
5.77433e-14 1.95816e-12 1.44222e-11 6.40852e-11 2.2429e-10 6.95589e-10 2.04346e-09 5.93277e-09 1.75127e-08 5.35898e-08 1.72294e-07 5.87505e-07 2.13959e-06 8.36872e-06 3.53318e-05 0.000161788 0.000807484 0.00441524 0.0265914 0.177375 1.31647 10.8204 -1376.89 124.231 153.058 186.048 225.651 273.376 330.856 400.024 483.185 583.088 703.012 846.867 1019.31 1225.89 1473.22 1769.16 2123.07 2546.09 
2.54767e-15 8.64605e-14 6.37042e-13 2.8314e-12 9.91082e-12 3.07378e-11 9.02973e-11 2.62138e-10 7.73688e-10 2.36708e-09 7.60842e-09 2.5936e-08 9.44194e-08 3.69146e-07 1.55767e-06 7.12836e-06 3.55523e-05 0.000194236 0.00116875 0.00778942 0.0578419 0.481052 4.46453 -1466.96 58.0466 71.2416 86.3823 104.553 126.427 152.742 184.375 222.368 267.97 322.663 388.218 466.743 560.747 673.219 807.715 968.464 
2.4466e-16 8.30948e-15 6.12464e-14 2.72278e-13 9.53179e-13 2.95635e-12 8.68463e-12 2.52103e-11 7.43983e-11 2.27584e-10 7.31362e-10 2.49246e-09 9.07089e-09 3.54506e-08 1.49523e-07 6.83902e-07 3.40884e-06 1.86107e-05 0.000111892 0.000745057 0.00552766 0.0459812 0.431342 4.55197 -1508.45 67.5371 82.593 99.9212 120.712 145.712 175.758 211.838 255.135 307.057 369.282 443.809 533.018 639.743 767.357 919.871 
4.12555e-17 1.40233e-15 1.03396e-14 4.59756e-14 1.60968e-13 4.99277e-13 1.46667e-12 4.25729e-12 1.25625e-11 3.84234e-11 1.23456e-10 4.20641e-10 1.53044e-09 5.9793e-09 2.52098e-08 1.15255e-07 5.74179e-07 3.13286e-06 1.88224e-05 0.000125233 0.000928277 0.00771469 0.0723662 0.77108 9.32149 -1552.66 159.103 193.923 234.131 282.356 340.29 409.845 493.294 593.35 713.241 856.816 1028.66 1234.22 1479.99 1773.69 
3.17419e-18 1.0799e-16 7.96486e-16 3.54232e-15 1.24036e-14 3.84741e-14 1.1302e-13 3.28048e-13 9.67935e-13 2.96016e-12 9.50965e-12 3.23954e-11 1.17839e-10 4.60261e-10 1.93991e-09 8.8656e-09 4.41469e-08 2.40751e-07 1.44558e-06 9.61135e-06 7.11872e-05 0.000591093 0.00553946 0.059008 0.71946 10.0415 -1670.32 198.855 241.628 291.189 350.606 421.918 507.457 609.997 732.843 879.934 1055.96 1266.5 1518.2 1818.97 
1.7733e-19 6.03887e-18 4.45538e-17 1.98187e-16 6.94034e-16 2.15288e-15 6.3242e-15 1.83557e-14 5.41565e-14 1.65606e-13 5.31949e-13 1.81184e-12 6.58932e-12 2.57308e-11 1.0842e-10 4.95329e-10 2.46558e-09 1.34398e-08 8.06572e-08 5.35954e-07 3.96688e-06 3.29128e-05 0.000308173 0.00327966 0.0399692 0.562023 9.13149 -1820.93 211.705 256.509 308.603 371.027 445.883 535.595 643.053 771.695 925.62 1109.7 1329.75 1592.66 
8.29019e-21 2.82625e-19 2.08579e-18 9.27979e-18 3.25002e-17 1.00819e-16 2.96163e-16 8.59573e-16 2.53593e-15 7.75402e-15 2.49042e-14 8.4813e-14 3.08397e-13 1.20402e-12 5.0721e-12 2.31659e-11 1.15274e-10 6.28113e-10 3.76786e-09 2.5024e-08 1.85107e-07 1.53478e-06 1.43596e-05 0.000152686 0.00185903 0.0261248 0.427189 8.15081 -1981.88 223.338 269.895 324.21 389.263 467.205 560.542 672.259 805.909 965.721 1156.73 1384.92 
3.24114e-22 1.10632e-20 8.16717e-20 3.63423e-19 1.27292e-18 3.94891e-18 1.16002e-17 3.36673e-17 9.93209e-17 3.03668e-16 9.75223e-16 3.3208e-15 1.20733e-14 4.71277e-14 1.98491e-13 9.06348e-13 4.50872e-12 2.45594e-11 1.47267e-10 9.77633e-10 7.22804e-09 5.98951e-08 5.60014e-07 5.95015e-06 7.2384e-05 0.00101625 0.0166057 0.318552 7.20397 -2151.92 235.645 284.085 340.779 408.642 489.888 587.111 703.398 842.424 1008.56 1207.02 
1.04869e-23 3.58466e-22 2.64709e-21 1.1781e-20 4.12677e-20 1.28028e-19 3.76093e-19 1.09151e-18 3.21991e-18 9.84408e-18 3.16115e-17 1.07631e-16 3.91263e-16 1.52705e-15 6.43042e-15 2.93564e-14 1.46001e-13 7.95049e-13 4.76584e-12 3.16258e-11 2.3372e-10 1.93573e-09 1.80885e-08 1.92064e-07 2.33473e-06 3.27513e-05 0.000534661 0.0102484 0.232799 6.30136 -2331.6 248.682 299.149 358.388 429.258 514.041 615.428 736.615 881.413 1054.35 
2.77689e-25 9.50789e-24 7.02326e-23 3.12623e-22 1.09519e-21 3.39781e-21 9.98148e-21 2.89682e-20 8.54517e-20 2.61234e-19 8.3882e-19 2.85578e-18 1.03803e-17 4.05076e-17 1.70552e-16 7.78467e-16 3.87079e-15 2.10732e-14 1.26285e-13 8.3774e-13 6.18865e-12 5.12338e-11 4.78515e-10 5.07796e-09 6.16876e-08 8.64709e-07 1.41045e-05 0.000270105 0.00613033 0.166532 5.45149 -2521.54 262.488 315.133 377.092 451.173 539.737 645.576 772.01 922.988 
5.94717e-27 2.04025e-25 1.50757e-24 6.71163e-24 2.35144e-23 7.29562e-23 2.1432e-22 6.2199e-22 1.83472e-21 5.60867e-21 1.80083e-20 6.13049e-20 2.22812e-19 8.69396e-19 3.65998e-18 1.6703e-17 8.30374e-17 4.51973e-16 2.70785e-15 1.79579e-14 1.32617e-13 1.09747e-12 1.02457e-11 1.08673e-10 1.31942e-09 1.84831e-08 3.01264e-07 5.76455e-06 0.000130713 0.00354763 0.11646 4.66153 -2722.39 277.106 332.089 396.949 474.455 567.054 677.647 809.685 
1.01734e-28 3.49817e-27 2.58572e-26 1.15134e-25 4.03409e-25 1.25168e-24 3.67703e-24 1.06713e-23 3.14769e-23 9.62198e-23 3.08926e-22 1.0516e-21 3.8217e-21 1.49105e-20 6.27631e-20 2.86392e-19 1.42354e-18 7.74689e-18 4.64029e-17 3.07658e-16 2.27136e-15 1.87904e-14 1.75355e-13 1.85912e-12 2.25609e-11 3.15867e-10 5.14518e-09 9.83797e-08 2.22898e-06 6.04413e-05 0.00198229 0.0795127 3.93704 -2934.8 292.58 350.07 418.022 499.176 596.075 711.738 
1.37173e-30 4.72976e-29 3.49736e-28 1.55751e-27 5.45772e-27 1.69347e-26 4.97494e-26 1.44379e-25 4.25864e-25 1.30175e-24 4.17926e-24 1.42256e-23 5.16948e-23 2.01673e-22 8.48817e-22 3.87275e-21 1.92472e-20 1.04726e-19 6.27177e-19 4.15737e-18 3.0685e-17 2.53776e-16 2.3675e-15 2.50908e-14 3.0435e-13 4.25901e-12 6.93367e-11 1.32494e-09 2.99977e-08 8.12768e-07 2.66325e-05 0.00106726 0.0529246 3.28189 -3159.49 308.959 369.135 440.377 525.413 626.891 
1.43757e-32 4.97308e-31 3.67875e-30 1.63858e-29 5.74228e-29 1.78184e-28 5.23464e-28 1.51915e-27 4.48085e-27 1.36964e-26 4.39704e-26 1.49661e-25 5.43825e-25 2.12143e-24 8.92806e-24 4.07303e-23 2.02401e-22 1.10113e-21 6.5933e-21 4.36967e-20 3.22449e-19 2.66609e-18 2.4865e-17 2.63433e-16 3.19422e-15 4.468e-14 7.27036e-13 1.38851e-11 3.14174e-10 8.50636e-09 2.78513e-07 1.11511e-05 0.000552449 0.0342916 2.69808 -3397.2 326.295 389.343 464.084 553.249 
1.15369e-34 4.00677e-33 2.96527e-32 1.32101e-31 4.62982e-31 1.43671e-30 4.22079e-30 1.22492e-29 3.61295e-29 1.10433e-28 3.54517e-28 1.20661e-27 4.38424e-27 1.71015e-26 7.19666e-26 3.28286e-25 1.63118e-24 8.87307e-24 5.31222e-23 3.52006e-22 2.59704e-21 2.14683e-20 2.00171e-19 2.1201e-18 2.56985e-17 3.5933e-16 5.84454e-15 1.11566e-13 2.52299e-12 6.82687e-11 2.23368e-09 8.93624e-08 4.42333e-06 0.000274302 0.0215941 2.18578 -3648.7 344.641 410.758 489.217 
6.97922e-37 2.43537e-35 1.80324e-34 8.03489e-34 2.8163e-33 8.73984e-33 2.56766e-32 7.45166e-32 2.19787e-31 6.71784e-31 2.15653e-30 7.33954e-30 2.66672e-29 1.04014e-28 4.37684e-28 1.9964e-27 9.91878e-27 5.39489e-26 3.22947e-25 2.13964e-24 1.57833e-23 1.30447e-22 1.21602e-21 1.28762e-20 1.56032e-19 2.181e-18 3.54609e-17 6.76622e-16 1.5294e-14 4.13611e-13 1.35246e-11 5.40705e-10 2.67435e-08 1.65701e-06 0.000130322 0.0131938 1.74344 -3914.79 364.056 433.448 
3.12989e-39 1.0984e-37 8.13764e-37 3.62674e-36 1.27133e-35 3.94554e-35 1.15918e-34 3.36409e-34 9.92233e-34 3.03273e-33 9.73529e-33 3.3132e-32 1.20375e-31 4.69498e-31 1.97549e-30 9.01018e-30 4.47619e-29 2.4344e-28 1.45711e-27 9.65271e-27 7.11937e-26 5.88307e-25 5.48312e-24 5.80467e-23 7.03224e-22 9.82678e-21 1.59721e-19 3.04648e-18 6.88321e-17 1.8606e-15 6.0807e-14 2.42955e-12 1.20085e-10 7.43466e-09 5.84227e-07 5.90914e-05 0.00780758 1.36791 -4196.34 384.6 
1.02227e-41 3.61228e-40 2.67799e-39 1.19379e-38 4.18522e-38 1.29894e-37 3.81632e-37 1.10755e-36 3.2667e-36 9.98441e-36 3.20501e-35 1.09072e-34 3.96269e-34 1.54549e-33 6.50261e-33 2.96565e-32 1.47321e-31 8.01148e-31 4.79481e-30 3.176e-29 2.34216e-28 1.93515e-27 1.80329e-26 1.90867e-25 2.31181e-24 3.22968e-23 5.24792e-22 1.00065e-20 2.26002e-19 6.10651e-18 1.99475e-16 7.96577e-15 3.93486e-13 2.4345e-11 1.91162e-09 1.93186e-07 2.55012e-05 0.00446638 1.05472 -4493.29 
cycle: 0
true_cycle: 0
nIterations: 0
nTrueIterations: 0
Branch: 0
dt_FE: 3.31373e-07
dt_EA: 3.31373e-07
dt_PE: 3.31373e-07
