t
0.0641632237048845449622902
dt
0.0000585712799517838130230
DN
0.0000000000000017423846355
TC
1899.0000
N
1.00000000e+00
1.00000000e+00
1.00000000e+00
9.99999999e-01
9.99999998e-01
9.99999996e-01
9.99999990e-01
9.99999974e-01
9.99999931e-01
9.99999806e-01
9.99999419e-01
9.99998141e-01
9.99993632e-01
9.99976558e-01
9.99906876e-01
9.99599055e-01
9.98121958e-01
9.90430441e-01
9.48225553e-01
7.45526659e-01
2.96912502e-01
5.14494341e-02
6.13203177e-03
6.17575830e-04
5.40944405e-05
4.10685976e-06
2.68130212e-07
1.49226954e-08
7.01390891e-10
2.75671124e-11
8.96595273e-13
2.38652209e-14
5.13814958e-16
8.83752896e-18
1.19848622e-19
1.26378985e-21
1.02109131e-23
6.22352676e-26
2.81468224e-28
9.28245042e-31
eC
1.00638940e+00
3.07804198e+00
5.27088624e+00
7.59201189e+00
1.00489234e+01
1.26495642e+01
1.54023425e+01
1.83161584e+01
2.14004324e+01
2.46651365e+01
2.81208258e+01
3.17786729e+01
3.56505041e+01
3.97488374e+01
4.40869232e+01
4.86787870e+01
5.35392748e+01
5.86841012e+01
6.41298999e+01
6.98942779e+01
7.59958720e+01
8.24544093e+01
8.92907710e+01
9.65270599e+01
1.04186672e+02
1.12294371e+02
1.20876370e+02
1.29960417e+02
1.39575880e+02
1.49753848e+02
1.60527227e+02
1.71930848e+02
1.84001582e+02
1.96778453e+02
2.10302771e+02
2.24618262e+02
2.39771209e+02
2.55810604e+02
2.72788303e+02
2.90759198e+02
