t
0.0076210002968919391547198
dt
0.0000587190099719227267768
DN
0.0000000000000015245865561
TC
934.0000
N
9.99999999e-01
9.99999998e-01
9.99999996e-01
9.99999992e-01
9.99999981e-01
9.99999957e-01
9.99999897e-01
9.99999735e-01
9.99999278e-01
9.99997905e-01
9.99993475e-01
9.99978004e-01
9.99918131e-01
9.99648593e-01
9.98290913e-01
9.91931172e-01
9.68048033e-01
9.00397622e-01
7.59911275e-01
5.50775892e-01
3.30081481e-01
1.63008258e-01
6.89536148e-02
2.56465183e-02
6.64711143e-03
8.11723554e-04
5.32509564e-05
2.90427754e-06
1.37203266e-07
5.41813751e-09
1.76835290e-10
4.71931538e-12
1.01811543e-13
1.75390373e-15
2.38149667e-17
2.51377320e-19
2.03267284e-21
1.23972961e-23
5.60992361e-26
1.85091929e-28
eC
1.00638940e+00
3.07804198e+00
5.27088624e+00
7.59201189e+00
1.00489234e+01
1.26495642e+01
1.54023425e+01
1.83161584e+01
2.14004324e+01
2.46651365e+01
2.81208258e+01
3.17786729e+01
3.56505041e+01
3.97488374e+01
4.40869232e+01
4.86787870e+01
5.35392748e+01
5.86841012e+01
6.41298999e+01
6.98942779e+01
7.59958720e+01
8.24544093e+01
8.92907710e+01
9.65270599e+01
1.04186672e+02
1.12294371e+02
1.20876370e+02
1.29960417e+02
1.39575880e+02
1.49753848e+02
1.60527227e+02
1.71930848e+02
1.84001582e+02
1.96778453e+02
2.10302771e+02
2.24618262e+02
2.39771209e+02
2.55810604e+02
2.72788303e+02
2.90759198e+02
