t
0.0000000001163666086653489
dt
0.0000000000033902895727772
DN
0.0000000000000004355961589
TC
275.0000
N
6.66827478e-07
1.51710682e-06
1.83712589e-06
1.79000465e-06
1.55152702e-06
1.25675528e-06
9.81236511e-07
7.53852164e-07
5.77652553e-07
4.45181116e-07
3.46622205e-07
2.73165912e-07
2.17932649e-07
1.75887373e-07
1.43450632e-07
1.18101493e-07
9.83616532e-08
1.10959933e-07
2.00615684e-06
8.69172738e-05
2.35870446e-03
3.45219962e-02
2.38220638e-01
6.64782497e-01
6.29415009e-01
1.65431546e-01
9.60078301e-03
9.47804141e-05
1.18284303e-07
1.33624243e-11
1.62256475e-15
4.03918450e-17
8.63097988e-19
1.47457893e-20
1.98777344e-22
2.08486893e-24
1.67639992e-26
1.01734422e-28
4.58312738e-31
1.50610783e-33
eC
1.00638940e+00
3.07804198e+00
5.27088624e+00
7.59201189e+00
1.00489234e+01
1.26495642e+01
1.54023425e+01
1.83161584e+01
2.14004324e+01
2.46651365e+01
2.81208258e+01
3.17786729e+01
3.56505041e+01
3.97488374e+01
4.40869232e+01
4.86787870e+01
5.35392748e+01
5.86841012e+01
6.41298999e+01
6.98942779e+01
7.59958720e+01
8.24544093e+01
8.92907710e+01
9.65270599e+01
1.04186672e+02
1.12294371e+02
1.20876370e+02
1.29960417e+02
1.39575880e+02
1.49753848e+02
1.60527227e+02
1.71930848e+02
1.84001582e+02
1.96778453e+02
2.10302771e+02
2.24618262e+02
2.39771209e+02
2.55810604e+02
2.72788303e+02
2.90759198e+02
