t
0.0000000124231892758322365
dt
0.0000000003618414352184149
DN
0.0000000000000004355961589
TC
433.0000
N
7.11881214e-05
1.61953681e-04
1.96112911e-04
1.91083121e-04
1.65627603e-04
1.34162317e-04
1.04751326e-04
8.04779469e-05
6.16681736e-05
4.75262771e-05
3.70045667e-05
2.91626335e-05
2.32660896e-05
1.87774365e-05
1.53145539e-05
1.26080380e-05
1.04674591e-05
8.78426164e-06
9.31037259e-06
9.31046807e-05
2.36392660e-03
3.45257480e-02
2.38219179e-01
6.64771018e-01
6.29403427e-01
1.65428462e-01
9.60061123e-03
9.47808394e-05
1.18410264e-07
1.83861354e-11
1.63476095e-13
4.31214331e-15
9.21424825e-17
1.57422885e-18
2.12210450e-20
2.22576177e-22
1.78968909e-24
1.08609527e-26
4.89285069e-29
1.60788927e-31
eC
1.00638940e+00
3.07804198e+00
5.27088624e+00
7.59201189e+00
1.00489234e+01
1.26495642e+01
1.54023425e+01
1.83161584e+01
2.14004324e+01
2.46651365e+01
2.81208258e+01
3.17786729e+01
3.56505041e+01
3.97488374e+01
4.40869232e+01
4.86787870e+01
5.35392748e+01
5.86841012e+01
6.41298999e+01
6.98942779e+01
7.59958720e+01
8.24544093e+01
8.92907710e+01
9.65270599e+01
1.04186672e+02
1.12294371e+02
1.20876370e+02
1.29960417e+02
1.39575880e+02
1.49753848e+02
1.60527227e+02
1.71930848e+02
1.84001582e+02
1.96778453e+02
2.10302771e+02
2.24618262e+02
2.39771209e+02
2.55810604e+02
2.72788303e+02
2.90759198e+02
