t
0.0000000024444490317760025
dt
0.0000000000711985154886215
DN
0.0000000000000004355961589
TC
378.0000
N
1.40077032e-05
3.18688167e-05
3.85911123e-05
3.76012867e-05
3.25918397e-05
2.63998508e-05
2.06122589e-05
1.58357631e-05
1.21344531e-05
9.35170391e-06
7.28133061e-06
5.73827184e-06
4.57801358e-06
3.69478815e-06
3.01340390e-06
2.48085159e-06
2.05990782e-06
1.75170891e-06
3.38791320e-06
8.80877614e-05
2.35969234e-03
3.45227059e-02
2.38220362e-01
6.64780326e-01
6.29412818e-01
1.65430963e-01
9.60075052e-03
9.47804946e-05
1.18308132e-07
1.43127755e-11
3.22409045e-14
8.48492400e-16
1.81307027e-17
3.09758023e-19
4.17562444e-21
4.37958856e-23
3.52153650e-25
2.13708843e-27
9.62756600e-30
3.16381186e-32
eC
1.00638940e+00
3.07804198e+00
5.27088624e+00
7.59201189e+00
1.00489234e+01
1.26495642e+01
1.54023425e+01
1.83161584e+01
2.14004324e+01
2.46651365e+01
2.81208258e+01
3.17786729e+01
3.56505041e+01
3.97488374e+01
4.40869232e+01
4.86787870e+01
5.35392748e+01
5.86841012e+01
6.41298999e+01
6.98942779e+01
7.59958720e+01
8.24544093e+01
8.92907710e+01
9.65270599e+01
1.04186672e+02
1.12294371e+02
1.20876370e+02
1.29960417e+02
1.39575880e+02
1.49753848e+02
1.60527227e+02
1.71930848e+02
1.84001582e+02
1.96778453e+02
2.10302771e+02
2.24618262e+02
2.39771209e+02
2.55810604e+02
2.72788303e+02
2.90759198e+02
