t: 2.09407e-07
dt: 2.39063e-09
N: 0.159222 0.181149 0.205558 0.232602 0.262372 0.294827 0.329931 0.367554 0.407383 0.448881 0.491609 0.53489 0.577588 0.618911 0.657958 0.693586 0.724571 0.750457 0.770578 0.783751 0.789894 0.78857 0.778793 0.759162 0.72844 0.684302 0.623518 0.544384 0.447284 0.337826 0.228677 0.135887 0.0699496 0.0310049 0.0117559 0.00377003 0.0010042 0.000216658 3.66865e-05 4.69558e-06 
eC: 1 1.15749 1.33977 1.55077 1.795 2.07768 2.40489 2.78363 3.22201 3.72944 4.31677 4.99661 5.78351 6.69433 7.7486 8.9689 10.3814 12.0163 13.9087 16.0991 18.6345 21.5692 24.9661 28.8979 33.4489 38.7167 44.814 51.8717 60.0407 69.4963 80.4411 93.1095 107.773 124.746 144.391 167.131 193.452 223.918 259.182 300 
dV: 1.08333 0.211322 0.327712 0.508206 0.788112 1.22218 1.89532 2.93921 4.55805 7.06849 10.9616 16.999 26.3615 40.8807 63.3966 98.3136 152.462 236.434 366.655 568.597 881.764 1367.42 2120.55 3288.49 5099.69 7908.45 12264.2 19019 29494.1 45738.6 70930.1 109996 170579 264529 410225 636165 986546 1.52991e+06 2.37254e+06 3.67926e+06 
kVec: 1.01815e+06 1.17989e+06 1.35968e+06 1.56664e+06 1.80461e+06 2.07723e+06 2.38927e+06 2.74599e+06 3.15282e+06 3.6141e+06 4.13733e+06 4.72938e+06 5.3923e+06 6.13359e+06 6.95958e+06 7.87279e+06 8.86488e+06 9.94378e+06 1.11091e+07 1.23198e+07 1.3577e+07 1.48689e+07 1.61644e+07 1.73841e+07 1.85698e+07 1.97626e+07 2.08286e+07 2.2013e+07 2.36087e+07 2.60659e+07 2.98735e+07 3.62954e+07 4.72124e+07 6.39205e+07 8.95085e+07 1.28152e+08 1.82232e+08 2.48841e+08 3.29126e+08 4.18301e+08 
cMat: 
-87361.4 807.259 948.574 1104.92 1288.06 1503.68 1757.72 2057.25 2411.85 2834.63 3338.12 3939.33 4666.8 5547.26 6615.42 7924.32 9551.47 11569.6 14087.2 17316.5 21449.3 26766.4 33740.8 43077.1 55531.5 72304.4 95752.2 128273 173716 238540 332182 467104 663102 953474 1.37666e+06 1.99003e+06 2.86065e+06 4.0884e+06 5.84948e+06 8.39914e+06 
3998.61 -104838 1064.77 1240.28 1445.87 1687.92 1973.1 2309.37 2707.46 3182.11 3747.4 4422.42 5239.23 6227.88 7427.35 8897.24 10724.7 12991.3 15819.3 19447 24090.2 30064.8 37902.5 48396.3 62396.9 81255.2 107624 144202 195325 268265 373653 525524 746182 1.07313e+06 1.54968e+06 2.24048e+06 3.22105e+06 4.60382e+06 6.58728e+06 9.45891e+06 
2912.66 660.054 -119822 1385.67 1615.37 1885.83 2204.47 2580.21 3025.03 3555.43 4187.13 4941.49 5854.36 6959.33 8300.02 9943.08 11986 14520.2 17682.1 21739 26932 33615 42383.6 54125.9 69795.2 90905.6 120430 161396 218664 300392 418502 588745 836146 1.20278e+06 1.73725e+06 2.51213e+06 3.6121e+06 5.1632e+06 7.38816e+06 1.06094e+07 
2090.96 473.847 853.996 -137349 1795.62 2096.28 2450.52 2868.24 3362.79 3952.5 4654.88 5493.67 6508.77 7737.57 9228.62 11056.1 13328.5 16147.7 19665.7 24180 29959.5 37398.4 47160.6 60236.2 77688.7 101207 134107 179770 243621 334767 466523 656481 932599 1.34185e+06 1.93858e+06 2.80383e+06 4.03219e+06 5.76428e+06 8.24886e+06 1.1846e+07 
1492.37 338.199 609.528 1099.36 -157770 2296.39 2708.62 3170.4 3717.13 4369.09 5145.64 6073.07 7195.52 8554.37 10203.3 12224.6 14738.2 17857.1 21749.4 26745 33141.7 41376.5 52185.5 66666.8 86000 112059 148526 199153 269968 371086 517298 728156 1.03474e+06 1.48923e+06 2.15205e+06 3.11332e+06 4.47808e+06 6.40244e+06 9.16287e+06 1.31595e+07 
1058.82 239.952 432.464 780.015 1395.64 -181480 2973.69 3480.74 4081.09 4797.04 5649.85 6668.42 7901.29 9393.95 11205.5 13426.2 16188.3 19615.9 23894.3 29386.4 36420.4 45477.5 57368.8 73304.9 94586.6 123281 163451 219238 297299 408807 570097 802778 1.1412e+06 1.64301e+06 2.37502e+06 3.43685e+06 4.94452e+06 7.07032e+06 1.01197e+07 1.45347e+07 
745.993 169.06 304.7 549.58 992.188 1792.32 -208964 3793.57 4448.01 5228.52 6158.3 7268.87 8613.23 10241 12216.8 14639.2 17652.6 21392.7 26061.9 32057.1 39737.3 49628.9 62619.8 80035.4 103301 134682 178630 239691 325167 447320 624080 879177 1.25034e+06 1.80085e+06 2.60413e+06 3.76963e+06 5.42468e+06 7.75817e+06 1.11056e+07 1.5952e+07 
521.369 118.156 212.958 384.114 693.476 1252.74 2265.27 -240787 4759.38 5653.83 6659.54 7860.92 9315.36 11076.7 13214.7 15836.5 19098.6 23148 28204.3 34698.3 43019.8 53740.4 67824.7 86713.3 111956 146019 193745 260087 353001 485848 678171 955851 1.36004e+06 1.95973e+06 2.83506e+06 4.10543e+06 5.90963e+06 8.45328e+06 1.21022e+07 1.73853e+07 
361.261 81.8723 147.565 266.169 480.549 868.12 1569.82 2812.96 -277775 6059.77 7138.08 8426.29 9986.06 11875.2 14168.7 16981.6 20482.2 24828.6 30257.2 37231.3 46170.7 57691.2 72832.3 93147.2 120308 156977 208383 279880 380068 523398 731008 1.03091e+06 1.46767e+06 2.11591e+06 3.06246e+06 4.43664e+06 6.38855e+06 9.14028e+06 1.30878e+07 1.88032e+07 
248.194 56.249 101.384 182.875 330.176 596.488 1078.67 1953.35 3542.26 -320662 7574.96 8942.66 10599 12605.3 15041.5 18030.1 21750.2 26370.4 32142.4 39560.6 49072.8 61336.3 77461.2 99107.9 128065 167181 222056 298427 405517 558828 781037 1.10223e+06 1.57027e+06 2.26525e+06 3.28051e+06 4.75501e+06 6.84977e+06 9.80266e+06 1.40388e+07 2.01723e+07 
168.793 38.2548 68.9526 124.379 224.57 405.716 733.715 1328.74 2409.7 4374.59 -370661 9395.67 11137 13246.6 15808.9 18952.7 22867.3 27730.4 33807.8 41621.7 51645.5 64574.4 81583.2 104430 135013 176350 234387 315219 428652 591173 826902 1.16788e+06 1.66509e+06 2.40376e+06 3.4834e+06 5.05208e+06 7.2811e+06 1.0423e+07 1.49304e+07 2.14567e+07 
113.557 25.7369 46.3908 83.6837 151.099 272.991 493.712 894.145 1621.65 2944.18 5356.34 -429236 11494.9 13777.4 16444.6 19718.2 23795.7 28862.8 35197.3 43345.7 53803.5 67299.2 85064.1 108944 140929 184196 244996 329746 448783 619484 867287 1.22602e+06 1.74952e+06 2.52769e+06 3.66573e+06 5.3201e+06 7.6714e+06 1.09853e+07 1.57397e+07 2.26236e+07 
75.7236 17.1626 30.9366 55.8081 100.771 182.072 329.3 596.423 1081.77 1964.17 3573.77 6470.31 -497970 14169.6 16915.8 20287.3 24488.5 29711.2 36243.1 44650.2 55446.4 69387.2 87751.4 112457 145577 190420 253499 341520 465282 642954 901140 1.27527e+06 1.82177e+06 2.63468e+06 3.82438e+06 5.55489e+06 8.01511e+06 1.14822e+07 1.64563e+07 2.36586e+07 
50.0161 11.3364 20.4353 36.8657 66.5701 120.285 217.565 394.079 714.826 1298.04 2362.03 4309.28 7873.69 -579337 17225 20662.9 24948.8 30279.4 36949.3 45539.8 56578.9 70843.4 89649.8 114975 148959 195019 259892 350524 478117 661523 928360 1.31547e+06 1.88156e+06 2.72429e+06 3.95867e+06 5.75544e+06 8.31069e+06 1.19112e+07 1.7077e+07 2.45568e+07 
32.7366 7.42017 13.3763 24.1323 43.5791 78.7478 142.445 258.034 468.096 850.104 1547.12 2822.98 5158.9 9453.74 -676361 20633.3 25201.8 30597.4 37352.4 46059.1 57255.8 71735.8 90844.3 116605 151211 198170 264404 357065 487698 675750 949720 1.34771e+06 1.93043e+06 2.79873e+06 4.07179e+06 5.92636e+06 8.5648e+06 1.22819e+07 1.76153e+07 2.53378e+07 
21.3022 4.82862 8.70495 15.7055 28.3633 51.2565 92.7244 167.983 304.769 553.56 1007.59 1838.82 3361.06 6160.61 11208.7 -793353 25290.3 30717.5 37516.6 46287.7 57577.1 72190.6 91496.6 117557 152611 200244 267539 361838 495001 687024 967231 1.37491e+06 1.97271e+06 2.86446e+06 4.17335e+06 6.08194e+06 8.79844e+06 1.26249e+07 1.81152e+07 2.60653e+07 
13.8609 3.14201 5.66468 10.2209 18.4597 33.3622 60.3592 109.361 198.439 360.486 656.271 1197.92 2190.13 4015.5 7390.55 13652.5 -934615 30731.5 37554.7 46366 57719.2 72431.8 91894.6 118207 153656 201907 270213 366115 501818 697916 984638 1.40259e+06 2.01657e+06 2.93369e+06 4.28165e+06 6.2495e+06 9.05188e+06 1.29984e+07 1.86614e+07 2.68613e+07 
9.03365 2.04788 3.69232 6.66259 12.0342 21.7514 39.3573 71.3182 129.428 235.162 428.203 781.792 1429.73 2622.17 4827.86 8922.13 16535.2 -1.10802e+06 37678.5 46554.6 58005.1 72862.6 92546.8 119206 155186 204255 273878 371851 510810 712102 1.00709e+06 1.43804e+06 2.07247e+06 3.0216e+06 4.41882e+06 6.46128e+06 9.3718e+06 1.34696e+07 1.93499e+07 2.78645e+07 
5.92811 1.34395 2.42331 4.37309 7.89951 14.2797 25.8412 46.8328 85.0059 154.481 281.356 513.818 939.951 1724.52 3176.4 5872.9 10890.2 20306.8 -1.32385e+06 46877.3 58806.2 73951.5 94051.1 121327 158216 208632 280356 381548 525454 734495 1.04165e+06 1.49151e+06 2.15538e+06 3.15034e+06 4.61767e+06 6.76591e+06 9.82945e+06 1.41415e+07 2.03295e+07 2.92896e+07 
3.96653 0.899308 1.62171 2.9268 5.28754 9.55939 17.3017 31.3619 56.9362 103.495 188.547 344.433 630.323 1156.94 2132.02 3944.15 7318.65 13657.4 25516.5 -1.59165e+06 60423.5 76088.6 96921.5 125262 163686 216343 291500 397875 549660 770919 1.09711e+06 1.57637e+06 2.28583e+06 3.35149e+06 4.92664e+06 7.23717e+06 1.05353e+07 1.51759e+07 2.18358e+07 3.14785e+07 
2.70919 0.614288 1.10784 1.99962 3.61295 6.53288 11.826 21.4407 38.9335 70.7902 129.005 235.747 431.607 792.593 1461.41 2705.29 5023.74 9383.13 17650.5 33318.2 -1.9306e+06 79893.9 101953 132048 172969 229223 309822 424333 588369 828483 1.18388e+06 1.70804e+06 2.48681e+06 3.65975e+06 5.39812e+06 7.95387e+06 1.16062e+07 1.67432e+07 2.41157e+07 3.47894e+07 
1.89236 0.429118 0.773981 1.39719 2.52481 4.56609 8.2673 14.992 27.2304 49.5265 90.2865 165.056 302.33 555.499 1024.89 1898.6 3528.78 6597.42 12424.2 23484.6 44719.9 -2.36567e+06 108721 142779 187536 249285 338146 464948 647417 915807 1.31491e+06 1.90614e+06 2.78834e+06 4.12129e+06 6.10299e+06 9.02421e+06 1.32045e+07 1.90815e+07 2.75163e+07 3.97265e+07 
1.35628 0.307586 0.554849 1.00175 1.81053 3.27495 5.93091 10.7578 19.5456 35.5619 64.8551 118.618 217.389 399.681 737.934 1368.16 2545.45 4764.43 8983.94 17008.4 32446.6 61815 -2.93e+06 158249 208522 278172 378927 523452 732560 1.04193e+06 1.50457e+06 2.19364e+06 3.22724e+06 4.79502e+06 7.13466e+06 1.05946e+07 1.55541e+07 2.25231e+07 3.25254e+07 4.70021e+07 
0.997278 0.226196 0.40809 0.736909 1.33211 2.4101 4.36582 7.92132 14.3969 26.2049 47.8128 87.4941 160.451 295.217 545.519 1012.4 1885.79 3534.44 6674.77 12660.1 24203.3 46754 91141.4 -3.65848e+06 236448 316785 433747 602601 848568 1.21514e+06 1.7673e+06 2.59537e+06 3.84583e+06 5.75211e+06 8.61055e+06 1.2855e+07 1.89521e+07 2.75147e+07 3.98041e+07 5.75855e+07 
0.74328 0.168608 0.304243 0.549486 0.993508 1.79794 3.25784 5.91295 10.7507 19.5771 35.7384 65.4369 120.087 221.13 408.998 759.864 1417.24 2660.24 5032.34 9564.76 18329.6 35504.5 69433.4 136703 -4.62318e+06 367288 505862 707416 1.00334e+06 1.44821e+06 2.12408e+06 3.14609e+06 4.70192e+06 7.08834e+06 1.06873e+07 1.60576e+07 2.37923e+07 3.46482e+07 5.02286e+07 7.27614e+07 
0.556428 0.126241 0.227833 0.411566 0.744307 1.34733 2.44212 4.43399 8.06507 14.6939 26.8391 49.1738 90.3116 166.452 308.182 573.246 1070.72 2013.13 3815.34 7268.35 13966.1 27134.8 53255.2 105303 211173 -5.92311e+06 595217 841846 1.20388e+06 1.75364e+06 2.59742e+06 3.88581e+06 5.86608e+06 8.92612e+06 1.35727e+07 2.05464e+07 3.06228e+07 4.4757e+07 6.50416e+07 9.43601e+07 
0.416816 0.0945816 0.170731 0.308485 0.55803 1.01045 1.83216 3.32789 6.05603 11.0398 20.178 36.9966 68.008 125.475 232.588 433.232 810.552 1526.89 2900.1 5539.65 10677.8 20820.2 41035.2 81557.3 164518 336687 -7.62115e+06 991024 1.43193e+06 2.11031e+06 3.16574e+06 4.7986e+06 7.34128e+06 1.13115e+07 1.73962e+07 2.66009e+07 3.99599e+07 5.8688e+07 8.55625e+07 1.24366e+08 
0.305394 0.0693107 0.125141 0.226166 0.409233 0.741264 1.34459 2.44335 4.44861 8.11458 14.8417 27.234 50.1104 92.5573 171.789 320.46 600.649 1133.83 2158.64 4135.42 7998.4 15657.2 31003.1 61970.5 125831 260443 542017 -9.90234e+06 1.67554e+06 2.50337e+06 3.81304e+06 5.8724e+06 9.13222e+06 1.42916e+07 2.2293e+07 3.45197e+07 5.23669e+07 7.73792e+07 1.13266e+08 1.65005e+08 
0.214402 0.0486688 0.0878916 0.158887 0.28758 0.521092 0.945602 1.71912 3.13169 5.71613 10.4626 19.2146 35.3909 65.4472 121.636 227.264 426.789 807.424 1541.1 2961.63 5749.24 11302.1 22492.4 45238.2 92517.6 193076 405990 868596 -1.30072e+07 2.85344e+06 4.47194e+06 7.01796e+06 1.11297e+07 1.7751e+07 2.81728e+07 4.43012e+07 6.80186e+07 1.01263e+08 1.48955e+08 2.17576e+08 
0.141266 0.0320735 0.0579359 0.104763 0.189676 0.343818 0.62418 1.13533 2.06938 3.77973 6.92372 12.7267 23.4664 43.4502 80.8701 151.351 284.814 540.101 1033.65 1993.13 3884.49 7671.26 15350.4 31083.9 64076.1 134951 287096 622701 1.36917e+06 -1.72797e+07 4.9465e+06 7.94499e+06 1.29138e+07 2.11059e+07 3.42581e+07 5.49619e+07 8.572e+07 1.28878e+08 1.90795e+08 2.79622e+08 
0.0851461 0.0193357 0.0349356 0.06319 0.114443 0.207525 0.376914 0.685915 1.25095 2.28647 4.1917 7.71187 14.2354 26.3921 49.1936 92.2265 173.918 330.608 634.481 1227.69 2402.53 4767.25 9594.13 19567.2 40676.9 86514 186410 410522 928746 2.14096e+06 -2.3086e+07 8.19073e+06 1.37391e+07 2.32046e+07 3.88426e+07 6.40825e+07 1.02169e+08 1.55782e+08 2.32729e+08 3.42636e+08 
0.0456962 0.0103792 0.0187575 0.0339371 0.0614824 0.111531 0.202655 0.368977 0.673313 1.23153 2.2595 4.16075 7.68877 14.2731 26.6432 50.0354 94.553 180.174 346.736 673.246 1322.93 2637.58 5338.71 10967.2 22994.6 49397.4 107841 241300 556275 1.31245e+06 3.12608e+06 -3.14027e+07 1.3269e+07 2.33318e+07 4.0598e+07 6.94258e+07 1.13923e+08 1.76981e+08 2.67626e+08 3.96383e+08 
0.0215122 0.00488712 0.00883424 0.0159877 0.0289731 0.0525773 0.0955753 0.1741 0.317879 0.581814 1.06829 1.96894 3.64238 6.77003 12.6556 23.807 45.0814 86.1089 166.164 323.74 638.733 1279.49 2604.6 5389.22 11396.4 24729.1 54711.8 124439 292549 707429 1.7389e+06 4.40024e+06 -4.39327e+07 2.12516e+07 3.88437e+07 6.94752e+07 1.18262e+08 1.8821e+08 2.89123e+08 4.31545e+08 
0.0088393 0.00200847 0.00363141 0.00657356 0.011916 0.0216313 0.039337 0.0716883 0.130959 0.239845 0.440705 0.812907 1.5053 2.80111 5.24318 9.87844 18.7414 35.8757 69.4023 135.642 268.616 540.415 1105.87 2303.39 4909.53 10752.9 24089.7 55650.2 133335 330396 839257 2.21101e+06 6.0729e+06 -6.19492e+07 3.16804e+07 6.05254e+07 1.09204e+08 1.80962e+08 2.85644e+08 4.32306e+08 
0.0031203 0.000709115 0.00128238 0.00232188 0.00421002 0.00764489 0.0139075 0.0253557 0.0463416 0.0849214 0.156143 0.28823 0.534219 0.995151 1.86501 3.51879 6.68748 12.8272 24.8715 48.7496 96.8693 195.659 402.299 843.01 1809.79 3997.53 9057.96 21223.5 51738.5 131116 343472 940610 2.71385e+06 7.74558e+06 -8.84603e+07 4.60328e+07 8.98874e+07 1.58152e+08 2.60505e+08 4.03728e+08 
0.000932759 0.000212009 0.000383471 0.000694461 0.00125948 0.00228772 0.00416315 0.00759295 0.0138833 0.0254545 0.0468303 0.0865041 0.160462 0.299197 0.561334 1.06045 2.01852 3.87867 7.53604 14.809 29.5162 59.8279 123.538 260.262 562.311 1251.41 2864.24 6795.98 16824.3 43500.4 117182 332632 1.00377e+06 3.06012e+06 9.51932e+06 -1.2767e+08 6.46209e+07 1.24836e+08 2.19149e+08 3.53252e+08 
0.000230296 5.23507e-05 9.47028e-05 0.000171533 0.000311152 0.000565299 0.00102899 0.00187726 0.00343362 0.00629798 0.0115922 0.0214241 0.0397666 0.0742039 0.139336 0.26349 0.502157 0.96627 1.88043 3.70267 7.39747 15.0358 31.1509 65.9034 143.102 320.348 739.008 1770.74 4436.7 11652.7 32088.8 93748.9 293468 948314 3.19263e+06 1.1099e+07 -1.82049e+08 8.31935e+07 1.62445e+08 2.821e+08 
4.5788e-05 1.04093e-05 1.88321e-05 3.41138e-05 6.18877e-05 0.000112453 0.000204725 0.000373565 0.000683419 0.00125386 0.00230855 0.00426796 0.00792519 0.0147952 0.0277965 0.0525972 0.100316 0.193201 0.376359 0.741998 1.4846 3.02271 6.27526 13.3105 28.9912 65.1352 150.991 363.998 918.882 2437.26 6806.56 20260.9 64973.7 218614 781454 2.98284e+06 1.15736e+07 -2.48787e+08 9.7856e+07 1.99293e+08 
7.15284e-06 1.62619e-06 2.94224e-06 5.33017e-06 9.67057e-06 1.75737e-05 3.19974e-05 5.83939e-05 0.000106845 0.000196063 0.00036106 0.000667675 0.00124017 0.00231601 0.00435286 0.00824027 0.0157248 0.0303036 0.059074 0.116568 0.233471 0.475921 0.989436 2.10242 4.5888 10.3349 24.0353 58.1751 147.581 393.957 1110.25 3345.21 10897.8 37677.1 140542 571730 2.46743e+06 1.06844e+07 -3.29114e+08 1.19786e+08 
8.47644e-07 1.92719e-07 3.487e-07 6.3174e-07 1.14624e-06 2.08314e-06 3.79322e-06 6.92314e-06 1.26689e-05 2.32509e-05 4.28241e-05 7.92043e-05 0.000147148 0.000274865 0.00051674 0.000978537 0.00186804 0.00360151 0.00702424 0.0138689 0.027797 0.056708 0.118005 0.251028 0.548614 1.23744 2.88325 6.9944 17.791 47.651 134.904 408.91 1342.45 4706.1 17976.1 76059.5 353639 1.79586e+06 9.88611e+06 -4.18299e+08 
dt_FE: 2.39063e-09
dt_EA: 2.39063e-09
dt_PE: 2.39063e-09
tolC: 1e-06
dt_grow: 1.03
dt_max: 0.1
steps: 0
