t: 0.00125848
dt: 1.25848e-05
N: 0.999559 0.999999 0.999997 0.999994 0.999987 0.999968 0.999904 0.999555 0.997662 0.990393 0.971217 0.933835 0.87569 0.799003 0.709416 0.613848 0.518754 0.429153 0.348323 0.27796 0.219081 0.178745 0.190842 0.258163 0.199687 0.0477935 0.00291335 8.10649e-05 3.15039e-06 1.2281e-07 3.9818e-09 1.0573e-10 2.27212e-12 3.90243e-14 5.2864e-16 5.56974e-18 4.49721e-20 2.73968e-22 1.23859e-24 4.0835e-27 
eC: 1.00639 3.07804 5.27089 7.59201 10.0489 12.6496 15.4023 18.3162 21.4004 24.6651 28.1208 31.7787 35.6505 39.7488 44.0869 48.6788 53.5393 58.6841 64.1299 69.8943 75.9959 82.4544 89.2908 96.5271 104.187 112.294 120.876 129.96 139.576 149.754 160.527 171.931 184.002 196.778 210.303 224.618 239.771 255.811 272.788 290.759 
dV: 2.71811 20.9912 63.6092 138.722 256.496 429.553 673.497 1007.55 1455.33 2045.74 2814.09 3803.42 5066.04 6665.5 8678.77 11199 14338.7 18233.7 23047.8 28977.8 36261 45182.1 56083.2 69374.4 85547.6 105192 129013 157855 192727 234836 285622 346808 420447 508992 615366 743056 896219 1.07981e+06 1.29972e+06 1.56298e+06 
kVec: 6137.48 13875.8 16724.5 16231.3 14016.3 11306.1 8780.06 6695.28 5076.48 3854.94 2941.99 2259.25 1746.73 1361.58 1074.07 863.5 715.117 617.962 563.564 545.122 556.842 592.56 642.366 694.427 757.8 858.663 995.807 1149.71 1312.96 1485.15 1666.81 1858.58 2061.12 2275.11 2501.26 2740.33 2993.11 3260.4 3543.08 3841.1 
cMat: 
-0.00364453 0.00234664 0.00387144 0.00620978 0.00951974 0.0139943 0.0198938 0.0275655 0.0374507 0.0500922 0.0661488 0.0864162 0.111855 0.143625 0.183125 0.23204 0.292398 0.366641 0.4577 0.569093 0.705039 0.870588 1.07178 1.31584 1.61139 1.96869 2.39998 2.9198 3.54541 4.29725 5.19949 6.28064 7.57419 9.1194 10.962 13.1552 15.7602 18.8468 22.4942 26.7904 
5.24008e-07 -0.0160709 2.68606e-05 4.40304e-05 6.86688e-05 0.000102172 0.000146421 0.000203999 0.000278241 0.000373271 0.0004941 0.00064678 0.000838613 0.00107841 0.0013768 0.00174659 0.00220323 0.0027653 0.00345514 0.00429959 0.00533086 0.00658758 0.00811605 0.00997171 0.0122209 0.014943 0.0182327 0.0222033 0.02699 0.0327541 0.0396876 0.0480198 0.0580231 0.070022 0.0844021 0.101622 0.122224 0.146855 0.176276 0.211391 
2.62539e-07 8.15729e-06 -0.0380709 9.26129e-05 0.000147074 0.000221681 0.000320336 0.000448613 0.000613926 0.000825546 0.00109475 0.00143514 0.00186311 0.00239843 0.00306494 0.0038914 0.00491245 0.00616977 0.00771351 0.00960392 0.0119133 0.0147285 0.0181534 0.0223126 0.0273552 0.0334595 0.0408389 0.0497481 0.0604913 0.0734319 0.0890032 0.107722 0.130204 0.157183 0.189532 0.228292 0.274698 0.330222 0.396608 0.47593 
1.92647e-07 6.11713e-06 4.23678e-05 -0.0767242 0.000286445 0.000438438 0.0006398 0.000901017 0.00123686 0.00166624 0.00221228 0.00290281 0.00377131 0.00485809 0.00621173 0.0078908 0.00996586 0.0125218 0.0156609 0.0195058 0.0242038 0.0299319 0.0369019 0.0453678 0.0556335 0.0680626 0.08309 0.101235 0.123119 0.149483 0.181211 0.219357 0.26518 0.320178 0.386136 0.46518 0.559841 0.673128 0.80862 0.97057 
1.64777e-07 5.32278e-06 3.75393e-05 0.000159818 -0.144174 0.000830096 0.00122836 0.00174348 0.00240245 0.00324208 0.00430807 0.00565535 0.00734976 0.00947029 0.012112 0.0153895 0.0194406 0.0244315 0.0305618 0.0380716 0.047249 0.0584398 0.0720585 0.0886015 0.108663 0.132955 0.162328 0.197798 0.24058 0.292123 0.354158 0.428749 0.518358 0.625919 0.754926 0.909544 1.09473 1.31638 1.58151 1.89846 
1.56365e-07 5.11245e-06 3.65256e-05 0.00015791 0.000535854 -0.265221 0.00240085 0.00345406 0.00479141 0.00648333 0.00862255 0.0113213 0.014713 0.0189569 0.0242439 0.0308036 0.0389123 0.0489027 0.0611749 0.0762096 0.0945841 0.116991 0.14426 0.177387 0.217562 0.266211 0.325036 0.396076 0.481764 0.585004 0.709265 0.858682 1.03819 1.25367 1.51213 1.82191 2.19295 2.63708 3.16837 3.80357 
1.80722e-07 5.95673e-06 4.29121e-05 0.00018735 0.00064469 0.00195196 -0.491896 0.00808478 0.0113693 0.015476 0.0206226 0.0270861 0.0351937 0.0453312 0.0579574 0.0736218 0.0929851 0.116842 0.146148 0.182051 0.22593 0.279439 0.344561 0.423672 0.519618 0.635801 0.776292 0.945957 1.15061 1.39718 1.69397 2.05085 2.47961 2.99429 3.61165 4.35161 5.23794 6.29889 7.5681 9.08557 
3.05472e-07 1.01238e-05 7.33088e-05 0.000321849 0.00111622 0.00342568 0.00986231 -0.92862 0.0395396 0.0545842 0.0731378 0.096199 0.124989 0.160921 0.205643 0.261112 0.329672 0.414138 0.517891 0.644998 0.800338 0.989767 1.22031 1.50036 1.84001 2.2513 2.74864 3.34925 4.07371 4.94659 5.99722 7.26058 8.77839 10.6004 12.7859 15.4055 18.5432 22.2992 26.7926 32.165 
5.66429e-07 1.88458e-05 0.000136924 0.000603001 0.00209927 0.00648574 0.0189288 0.0539649 -1.75413 0.216169 0.293906 0.388572 0.505397 0.650496 0.830775 1.05424 1.33037 1.67052 2.08831 2.6001 3.22555 3.98821 4.91635 6.04382 7.41116 9.06687 11.0689 13.4867 16.403 19.9167 24.1459 29.2314 35.3412 42.6755 51.4728 62.0176 74.6481 89.7675 107.855 129.481 
7.8418e-07 2.61684e-05 0.000190575 0.000840807 0.00293224 0.00908353 0.0266691 0.0771093 0.223745 -3.2339 0.915538 1.2289 1.6061 2.06875 2.64082 3.34878 4.22311 5.29989 6.62228 8.24204 10.2213 12.6347 15.5716 19.139 23.4652 28.7036 35.0377 42.6867 51.9127 63.0285 76.4075 92.4953 111.823 135.024 162.853 196.21 236.165 283.992 341.209 409.619 
7.51655e-07 2.51432e-05 0.000183438 0.000810308 0.00282819 0.00876887 0.0257956 0.0749951 0.220811 0.66455 -5.80455 2.82125 3.74533 4.84594 6.1889 7.84324 9.88338 12.3947 15.4781 19.2544 23.8684 29.4938 36.3389 44.6532 54.7352 66.9426 81.7026 99.5263 121.024 146.924 178.097 215.581 260.613 314.668 379.506 457.221 550.308 661.735 795.037 954.418 
5.21915e-07 1.74932e-05 0.000127814 0.000565115 0.0019733 0.00611944 0.0180076 0.0524288 0.155164 0.474107 1.49951 -10.2601 6.67855 8.78075 11.2608 14.2742 17.9743 22.5231 28.1059 34.9417 43.2928 53.4734 65.86 80.9039 99.1453 121.23 147.933 180.175 219.063 265.913 322.299 390.098 471.549 569.319 686.589 827.147 995.504 1197.03 1438.12 1726.37 
2.78196e-07 9.34037e-06 6.83299e-05 0.000302343 0.00105608 0.00327496 0.00963528 0.0280519 0.0831078 0.255166 0.819763 2.75025 -17.8611 12.9577 16.8903 21.491 27.0624 33.8845 42.2482 52.4852 64.9891 80.2299 98.7711 121.288 148.588 181.638 221.594 269.839 328.024 398.12 482.48 583.911 705.763 852.026 1027.46 1237.72 1489.57 1791.03 2151.66 2582.84 
1.19253e-07 4.00985e-06 2.93658e-05 0.000130022 0.000454286 0.00140869 0.00414323 0.0120571 0.0357105 0.109723 0.354094 1.20716 4.32582 -30.2253 21.7045 28.0729 35.4696 44.4036 55.3172 68.6631 84.9588 104.818 128.974 158.305 193.864 236.909 288.945 351.771 427.536 518.807 628.646 760.707 919.349 1109.77 1338.15 1611.88 1939.74 2332.17 2801.64 3362.92 
4.24967e-08 1.43082e-06 1.04884e-05 4.64658e-05 0.000162388 0.000503524 0.00148054 0.0043064 0.0127469 0.0391471 0.126393 0.432684 1.57598 6.06624 -49.0703 32.6044 41.8732 52.574 65.4738 81.1992 100.385 123.76 152.187 186.7 228.535 279.172 340.38 414.274 503.381 610.716 739.882 895.173 1081.71 1305.61 1574.14 1895.98 2281.44 2742.83 3294.76 3954.64 
1.28766e-08 4.3405e-07 3.18438e-06 1.41148e-05 4.93393e-05 0.000152986 0.00044973 0.00130756 0.00386806 0.0118708 0.0383035 0.131156 0.479515 1.87625 7.79667 -75.9553 45.1389 57.5942 71.9048 89.1318 110.093 135.615 166.644 204.31 249.961 305.208 371.983 452.589 549.781 666.849 807.716 977.067 1180.49 1424.63 1717.44 2068.36 2488.65 2991.71 3593.48 4312.93 
3.36715e-09 1.1362e-07 8.34188e-07 3.69927e-06 1.29338e-05 4.01038e-05 0.000117871 0.000342582 0.00101292 0.00310652 0.010016 0.0342716 0.125302 0.491934 2.07786 9.36697 -112.111 58.7378 74.4937 92.5309 114.223 140.574 172.594 211.454 258.542 315.522 384.381 467.495 567.7 688.387 833.6 1008.16 1217.83 1469.47 1771.24 2132.9 2566.03 3084.44 3704.57 4445.95 
7.67041e-10 2.59077e-08 1.90338e-07 8.44422e-07 2.95296e-06 9.15634e-06 2.6908e-05 7.81838e-05 0.00023107 0.000708271 0.002282 0.00780193 0.0285026 0.111882 0.473961 2.17128 10.6711 -158.373 72.8852 91.9166 113.65 139.77 171.45 209.879 256.436 312.762 380.821 462.958 561.976 681.22 824.684 997.132 1204.25 1452.8 1750.87 2108.07 2535.85 3047.84 3660.26 4392.41 
1.53059e-10 5.1743e-09 3.80372e-08 1.68813e-07 5.90453e-07 1.83089e-06 5.3799e-06 1.56282e-05 4.61729e-05 0.000141462 0.000455509 0.00155621 0.00568055 0.0222792 0.0943491 0.433306 2.16326 11.6503 -215.197 87.1764 109.361 134.66 165.053 201.864 246.442 300.364 365.506 444.11 538.857 652.944 790.191 955.152 1153.26 1390.99 1676.06 2017.66 2426.75 2916.35 3501.96 4202.05 
2.68223e-11 9.07503e-10 6.67483e-09 2.96339e-08 1.03668e-07 3.21465e-07 9.44517e-07 2.74325e-06 8.10249e-06 2.48143e-05 7.9863e-05 0.000272679 0.000994616 0.00389762 0.0164914 0.0757017 0.378715 2.07076 12.2867 -282.698 101.331 126.49 155.171 189.618 231.281 281.66 342.509 415.921 504.395 610.915 739.044 893.03 1077.94 1299.82 1565.86 1884.65 2266.39 2723.24 3269.67 3922.88 
4.1264e-12 1.39722e-10 1.02818e-09 4.56621e-09 1.59764e-08 4.95436e-08 1.45558e-07 4.22694e-07 1.24818e-06 3.82138e-06 1.22938e-05 4.19536e-05 0.000152934 0.000598866 0.00253175 0.0116113 0.0580529 0.317942 1.91401 12.5831 -360.617 115.1 143.012 174.848 213.077 259.257 315.018 382.276 463.321 560.881 678.217 819.216 988.514 1191.64 1435.18 1726.98 2076.39 2494.52 2994.62 3592.43 
5.51565e-13 1.86904e-11 1.37601e-10 6.11269e-10 2.13906e-09 6.63357e-09 1.94884e-08 5.65863e-08 1.67062e-07 5.11334e-07 1.64444e-06 5.6094e-06 2.04374e-05 7.99801e-05 0.000337876 0.00154829 0.00773393 0.0423271 0.255121 1.70031 12.4595 -448.207 127.243 157.412 191.868 233.237 283.149 343.336 415.845 503.115 608.059 734.149 885.53 1067.14 1284.86 1545.71 1858.03 2231.76 2678.73 3213.01 
6.13033e-14 2.07888e-12 1.53113e-11 6.80362e-11 2.38117e-10 7.38473e-10 2.16944e-09 6.29854e-09 1.85924e-08 5.68937e-08 1.82916e-07 6.23726e-07 2.2715e-06 8.88467e-06 3.75101e-05 0.000171762 0.000857267 0.00468745 0.0282309 0.188311 1.39763 11.4875 -544.63 131.89 162.494 197.519 239.563 290.23 351.254 424.686 512.974 619.036 746.355 899.079 1082.15 1301.47 1564.05 1878.23 2253.96 2703.06 
5.58681e-15 1.896e-13 1.39697e-12 6.209e-12 2.17335e-11 6.74051e-11 1.98014e-10 5.74845e-10 1.69663e-09 5.19079e-09 1.66846e-08 5.68753e-08 2.07053e-07 8.09503e-07 3.41584e-06 1.56318e-05 7.79628e-05 0.000425943 0.00256296 0.0170815 0.126842 1.0549 9.7903 -646.509 127.291 156.226 189.428 229.276 277.243 334.95 404.316 487.633 587.633 707.57 851.327 1023.52 1229.67 1476.31 1771.24 2123.75 
5.23981e-16 1.77962e-14 1.3117e-13 5.83131e-13 2.0414e-12 6.33155e-12 1.85996e-11 5.39922e-11 1.59337e-10 4.8741e-10 1.56634e-09 5.33805e-09 1.94269e-08 7.59236e-08 3.2023e-07 1.4647e-06 7.30062e-06 3.98581e-05 0.000239637 0.00159567 0.0118385 0.0984768 0.923795 9.74884 -745.104 144.642 176.887 213.999 258.525 312.069 376.416 453.689 546.417 657.617 790.882 950.494 1141.55 1370.12 1643.43 1970.06 
4.70243e-17 1.59841e-15 1.17854e-14 5.24043e-14 1.83476e-13 5.6909e-13 1.67175e-12 4.85258e-12 1.43191e-11 4.37961e-11 1.40718e-10 4.79459e-10 1.74444e-09 6.81538e-09 2.87349e-08 1.31372e-07 6.54466e-07 3.57093e-06 2.14544e-05 0.000142744 0.00105808 0.00879342 0.0824851 0.878899 10.6249 -855.603 181.35 221.039 266.87 321.838 387.872 467.153 562.271 676.317 812.973 976.623 1172.49 1406.79 1686.93 2021.7 
3.19548e-18 1.08714e-16 8.01827e-16 3.56607e-15 1.24868e-14 3.87321e-14 1.13778e-13 3.30248e-13 9.74426e-13 2.98001e-12 9.57341e-12 3.26127e-11 1.18629e-10 4.63347e-10 1.95292e-09 8.92505e-09 4.44429e-08 2.42365e-07 1.45527e-06 9.6758e-06 7.16646e-05 0.000595057 0.0055766 0.0594037 0.724284 10.1088 -995.143 200.189 243.248 293.141 352.957 424.747 510.86 614.087 737.757 885.835 1063.04 1274.99 1528.38 1831.17 
1.77333e-19 6.03895e-18 4.45544e-17 1.9819e-16 6.94044e-16 2.15291e-15 6.32429e-15 1.8356e-14 5.41572e-14 1.65609e-13 5.31957e-13 1.81187e-12 6.58941e-12 2.57311e-11 1.08422e-10 4.95335e-10 2.46561e-09 1.344e-08 8.06583e-08 5.35961e-07 3.96693e-06 3.29133e-05 0.000308177 0.0032797 0.0399697 0.562031 9.13161 -1149.64 211.708 256.512 308.607 371.032 445.889 535.602 643.061 771.706 925.633 1109.72 1329.77 1592.68 
8.29017e-21 2.82624e-19 2.08578e-18 9.27976e-18 3.25002e-17 1.00819e-16 2.96162e-16 8.59571e-16 2.53592e-15 7.75399e-15 2.49041e-14 8.48127e-14 3.08396e-13 1.20402e-12 5.07209e-12 2.31658e-11 1.15273e-10 6.28111e-10 3.76785e-09 2.50239e-08 1.85106e-07 1.53478e-06 1.43596e-05 0.000152686 0.00185902 0.0261247 0.427188 8.15079 -1312.96 223.337 269.894 324.209 389.261 467.203 560.541 672.257 805.907 965.718 1156.72 1384.91 
3.24114e-22 1.10632e-20 8.16717e-20 3.63423e-19 1.27292e-18 3.94891e-18 1.16002e-17 3.36673e-17 9.93209e-17 3.03668e-16 9.75223e-16 3.3208e-15 1.20733e-14 4.71277e-14 1.98491e-13 9.06348e-13 4.50872e-12 2.45593e-11 1.47267e-10 9.77633e-10 7.22804e-09 5.98951e-08 5.60014e-07 5.95015e-06 7.2384e-05 0.00101625 0.0166057 0.318552 7.20397 -1485.15 235.645 284.085 340.778 408.642 489.888 587.111 703.398 842.424 1008.56 1207.02 
1.04869e-23 3.58466e-22 2.64709e-21 1.1781e-20 4.12677e-20 1.28028e-19 3.76093e-19 1.09151e-18 3.21991e-18 9.84408e-18 3.16115e-17 1.07631e-16 3.91263e-16 1.52705e-15 6.43042e-15 2.93564e-14 1.46001e-13 7.95049e-13 4.76584e-12 3.16258e-11 2.3372e-10 1.93573e-09 1.80885e-08 1.92064e-07 2.33473e-06 3.27513e-05 0.000534661 0.0102484 0.232799 6.30136 -1666.81 248.682 299.149 358.388 429.258 514.041 615.428 736.615 881.413 1054.35 
2.77689e-25 9.50789e-24 7.02326e-23 3.12623e-22 1.09519e-21 3.39781e-21 9.98148e-21 2.89682e-20 8.54517e-20 2.61234e-19 8.3882e-19 2.85578e-18 1.03803e-17 4.05076e-17 1.70552e-16 7.78467e-16 3.87079e-15 2.10732e-14 1.26285e-13 8.3774e-13 6.18865e-12 5.12338e-11 4.78515e-10 5.07796e-09 6.16876e-08 8.64709e-07 1.41045e-05 0.000270105 0.00613033 0.166532 5.45149 -1858.58 262.488 315.133 377.092 451.173 539.737 645.576 772.01 922.988 
5.94717e-27 2.04025e-25 1.50757e-24 6.71163e-24 2.35144e-23 7.29562e-23 2.1432e-22 6.2199e-22 1.83472e-21 5.60867e-21 1.80083e-20 6.13049e-20 2.22812e-19 8.69396e-19 3.65998e-18 1.6703e-17 8.30374e-17 4.51973e-16 2.70785e-15 1.79579e-14 1.32617e-13 1.09747e-12 1.02457e-11 1.08673e-10 1.31942e-09 1.84831e-08 3.01264e-07 5.76455e-06 0.000130713 0.00354763 0.11646 4.66153 -2061.12 277.106 332.089 396.949 474.455 567.054 677.647 809.685 
1.01734e-28 3.49817e-27 2.58572e-26 1.15134e-25 4.03409e-25 1.25168e-24 3.67703e-24 1.06713e-23 3.14769e-23 9.62198e-23 3.08926e-22 1.0516e-21 3.8217e-21 1.49105e-20 6.27631e-20 2.86392e-19 1.42354e-18 7.74689e-18 4.64029e-17 3.07658e-16 2.27136e-15 1.87904e-14 1.75355e-13 1.85912e-12 2.25609e-11 3.15867e-10 5.14518e-09 9.83797e-08 2.22898e-06 6.04413e-05 0.00198229 0.0795127 3.93704 -2275.11 292.58 350.07 418.022 499.176 596.075 711.738 
1.37173e-30 4.72976e-29 3.49736e-28 1.55751e-27 5.45772e-27 1.69347e-26 4.97494e-26 1.44379e-25 4.25864e-25 1.30175e-24 4.17926e-24 1.42256e-23 5.16948e-23 2.01673e-22 8.48817e-22 3.87275e-21 1.92472e-20 1.04726e-19 6.27177e-19 4.15737e-18 3.0685e-17 2.53776e-16 2.3675e-15 2.50908e-14 3.0435e-13 4.25901e-12 6.93367e-11 1.32494e-09 2.99977e-08 8.12768e-07 2.66325e-05 0.00106726 0.0529246 3.28189 -2501.26 308.959 369.135 440.377 525.413 626.891 
1.43757e-32 4.97308e-31 3.67875e-30 1.63858e-29 5.74228e-29 1.78184e-28 5.23464e-28 1.51915e-27 4.48085e-27 1.36964e-26 4.39704e-26 1.49661e-25 5.43825e-25 2.12143e-24 8.92806e-24 4.07303e-23 2.02401e-22 1.10113e-21 6.5933e-21 4.36967e-20 3.22449e-19 2.66609e-18 2.4865e-17 2.63433e-16 3.19422e-15 4.468e-14 7.27036e-13 1.38851e-11 3.14174e-10 8.50636e-09 2.78513e-07 1.11511e-05 0.000552449 0.0342916 2.69808 -2740.33 326.295 389.343 464.084 553.249 
1.15369e-34 4.00677e-33 2.96527e-32 1.32101e-31 4.62982e-31 1.43671e-30 4.22079e-30 1.22492e-29 3.61295e-29 1.10433e-28 3.54517e-28 1.20661e-27 4.38424e-27 1.71015e-26 7.19666e-26 3.28286e-25 1.63118e-24 8.87307e-24 5.31222e-23 3.52006e-22 2.59704e-21 2.14683e-20 2.00171e-19 2.1201e-18 2.56985e-17 3.5933e-16 5.84454e-15 1.11566e-13 2.52299e-12 6.82687e-11 2.23368e-09 8.93624e-08 4.42333e-06 0.000274302 0.0215941 2.18578 -2993.11 344.641 410.758 489.217 
6.97922e-37 2.43537e-35 1.80324e-34 8.03489e-34 2.8163e-33 8.73984e-33 2.56766e-32 7.45166e-32 2.19787e-31 6.71784e-31 2.15653e-30 7.33954e-30 2.66672e-29 1.04014e-28 4.37684e-28 1.9964e-27 9.91878e-27 5.39489e-26 3.22947e-25 2.13964e-24 1.57833e-23 1.30447e-22 1.21602e-21 1.28762e-20 1.56032e-19 2.181e-18 3.54609e-17 6.76622e-16 1.5294e-14 4.13611e-13 1.35246e-11 5.40705e-10 2.67435e-08 1.65701e-06 0.000130322 0.0131938 1.74344 -3260.4 364.056 433.448 
3.12989e-39 1.0984e-37 8.13764e-37 3.62674e-36 1.27133e-35 3.94554e-35 1.15918e-34 3.36409e-34 9.92233e-34 3.03273e-33 9.73529e-33 3.3132e-32 1.20375e-31 4.69498e-31 1.97549e-30 9.01018e-30 4.47619e-29 2.4344e-28 1.45711e-27 9.65271e-27 7.11937e-26 5.88307e-25 5.48312e-24 5.80467e-23 7.03224e-22 9.82678e-21 1.59721e-19 3.04648e-18 6.88321e-17 1.8606e-15 6.0807e-14 2.42955e-12 1.20085e-10 7.43466e-09 5.84227e-07 5.90914e-05 0.00780758 1.36791 -3543.08 384.6 
1.02227e-41 3.61228e-40 2.67799e-39 1.19379e-38 4.18522e-38 1.29894e-37 3.81632e-37 1.10755e-36 3.2667e-36 9.98441e-36 3.20501e-35 1.09072e-34 3.96269e-34 1.54549e-33 6.50261e-33 2.96565e-32 1.47321e-31 8.01148e-31 4.79481e-30 3.176e-29 2.34216e-28 1.93515e-27 1.80329e-26 1.90867e-25 2.31181e-24 3.22968e-23 5.24792e-22 1.00065e-20 2.26002e-19 6.10651e-18 1.99475e-16 7.96577e-15 3.93486e-13 2.4345e-11 1.91162e-09 1.93186e-07 2.55012e-05 0.00446638 1.05472 -3841.1 
cycle: 0
true_cycle: 0
nIterations: 0
nTrueIterations: 0
Branch: 0
dt_FE: 1.25848e-05
dt_EA: 1.25848e-05
dt_PE: 1.25848e-05
