t: 7.12414e-06
dt: 7.12414e-08
N: 0.0400433 0.0887806 0.106461 0.103856 0.0906436 0.0740556 0.0582843 0.0450707 0.0347072 0.0268439 0.0209538 0.016542 0.0132126 0.0106713 0.00870689 0.00716932 0.00595178 0.00497752 0.00419241 0.0036351 0.0053519 0.0366725 0.237394 0.658229 0.622797 0.163668 0.00950257 9.50244e-05 1.90351e-07 2.88769e-09 9.26116e-11 2.4444e-12 5.22351e-14 8.92469e-16 1.20314e-17 1.26197e-19 1.01478e-21 6.1586e-24 2.77458e-26 9.11827e-29 
eC: 1.00639 3.07804 5.27089 7.59201 10.0489 12.6496 15.4023 18.3162 21.4004 24.6651 28.1208 31.7787 35.6505 39.7488 44.0869 48.6788 53.5393 58.6841 64.1299 69.8943 75.9959 82.4544 89.2908 96.5271 104.187 112.294 120.876 129.96 139.576 149.754 160.527 171.931 184.002 196.778 210.303 224.618 239.771 255.811 272.788 290.759 
dV: 2.71811 20.9912 63.6092 138.722 256.496 429.553 673.497 1007.55 1455.33 2045.74 2814.09 3803.42 5066.04 6665.5 8678.77 11199 14338.7 18233.7 23047.8 28977.8 36261 45182.1 56083.2 69374.4 85547.6 105192 129013 157855 192727 234836 285622 346808 420447 508992 615366 743056 896219 1.07981e+06 1.29972e+06 1.56298e+06 
kVec: 5750.4 13086.3 15858.3 15473.6 13447.2 10942.5 8609.72 6696.8 5229.24 4142.25 3350.94 2779.3 2368.11 2074.13 1866.72 1724.39 1632 1578.81 1557.08 1561.01 1585.38 1620.79 1640.06 1601.55 1536.59 1550.79 1661.4 1810.1 1970.9 2140.96 2320.68 2510.65 2711.52 2923.96 3148.68 3386.41 3637.93 3904.04 4185.61 4482.57 
cMat: 
-8.83164 5.11226 8.43411 13.5283 20.7392 30.4872 43.3395 60.0527 81.5881 109.128 144.108 188.262 243.682 312.895 398.947 505.509 637.003 798.744 997.12 1239.8 1535.96 1896.62 2334.93 2866.63 3510.48 4288.88 5228.47 6360.92 7723.84 9361.76 11327.3 13682.7 16500.7 19867 23881.3 28659.3 34334.3 41058.7 49004.7 58364.1 
0.325177 -26.7968 16.6686 27.3234 42.6129 63.4036 90.8629 126.593 172.664 231.636 306.617 401.364 520.407 669.214 854.381 1083.86 1367.23 1716.03 2144.11 2668.14 3308.1 4087.97 5036.47 6188.02 7583.77 9272.96 11314.4 13778.4 16748.9 20325.8 24628.4 29799 36006.6 43452.6 52376.3 63062 75847.1 91131.6 109389 131180 
0.0864418 2.68582 -47.8018 30.4931 48.4247 72.9893 105.472 147.707 202.137 271.814 360.45 472.524 613.434 789.69 1009.14 1281.26 1617.44 2031.42 2539.7 3162.12 3922.5 4849.4 5977.06 7346.49 9006.78 11016.7 13446.3 16379.7 19917 24177.7 29304.6 35467.8 42870.1 51753 62404.2 75165.9 90445.4 108727 130584 156702 
0.0304804 0.967846 6.7034 -72.4743 45.3211 69.3692 101.229 142.558 195.694 263.631 350.024 459.279 596.693 768.642 982.814 1248.48 1576.79 1981.19 2477.85 3086.18 3829.51 4735.8 5838.59 7178.05 8802.28 10768.8 13146.4 16017.4 19479.8 23651 28671 34706.4 41956.5 50658.2 61094.1 73600.4 88577.5 106502 127939 153563 
0.0117407 0.379259 2.67475 11.3874 -101.529 59.1461 87.5234 124.226 171.18 231.005 306.959 402.956 523.686 674.778 863.007 1096.53 1385.18 1740.79 2177.59 2712.68 3366.59 4163.96 5134.32 6313.04 7742.5 9473.35 11566.2 14093.5 17141.8 20814.4 25234.5 30549.3 36934.1 44598 53790.1 64806.9 78001.7 93794.7 112686 135269 
0.00458974 0.150064 1.07212 4.63509 15.7288 -135.614 70.4714 101.386 140.641 190.303 253.095 332.31 431.866 556.436 711.623 904.168 1142.18 1435.43 1795.65 2236.96 2776.3 3434 4234.43 5206.79 6386.04 7814 9540.7 11625.9 14141.1 17171.5 20818.8 25204.6 30473.7 36798.6 44385 53477.9 64369 77405.5 93000.3 111645 
0.00176365 0.0581312 0.418775 1.82833 6.29146 19.049 -174.912 78.8986 110.952 151.029 201.254 264.33 343.452 442.383 565.601 718.468 907.433 1140.25 1426.24 1776.61 2204.83 2727.01 3362.54 4134.58 5070.9 6204.72 7575.76 9231.5 11228.7 13635 16531.3 20014 24198.2 29221 35245.7 42467 51116.5 61470.3 73856.3 88665.2 
0.00065582 0.0217348 0.157387 0.69098 2.39643 7.35462 21.1735 -219.137 84.8878 117.187 157.02 206.53 268.341 345.482 441.496 560.584 707.776 889.115 1111.86 1384.75 1718.25 2124.94 2619.88 3221.14 3950.34 4833.33 5901.07 7190.53 8745.88 10619.9 12875.5 15587.8 18846.4 22758.1 27450.1 33074.1 39810.6 47874.4 57521.2 69055.2 
0.00023385 0.00778047 0.056529 0.248949 0.866684 2.67763 7.81475 22.2794 -267.803 89.2453 121.339 160.422 208.653 268.557 342.985 435.242 549.243 689.673 862.158 1073.45 1331.67 1646.53 2029.71 2495.19 3059.69 3743.25 4569.81 5567.98 6771.98 8222.61 9968.63 12068.2 14590.6 17618.5 21250.5 25603.9 30818.4 37060.5 44527.9 53456.2 
7.94381e-05 0.00265088 0.0193054 0.0851745 0.297038 0.92017 2.7016 7.81124 22.6656 -320.463 92.7448 124.489 162.7 209.566 267.517 339.234 427.805 536.883 670.842 834.926 1035.43 1279.91 1577.42 1938.8 2377.05 2907.7 3549.35 4324.2 5258.8 6384.84 7740.15 9369.85 11327.8 13678.1 16497.2 19876.3 23923.7 28768.6 34564.8 41494.8 
2.55673e-05 0.000855238 0.0062396 0.0275624 0.0962 0.29827 0.877431 2.55094 7.51081 22.6045 -376.826 95.9642 127.396 164.833 210.514 266.786 336.18 421.601 526.483 654.933 811.877 1003.22 1236.06 1518.86 1861.8 2277.03 2779.09 3385.36 4116.59 4997.58 6057.93 7332.92 8864.67 10703.4 12908.8 15552.3 18718.6 22508.7 27043 32464.2 
7.75765e-06 0.000260016 0.0018998 0.00839976 0.0293308 0.0909582 0.267662 0.779292 2.30633 7.04704 22.2885 -436.775 99.2687 130.515 167.378 212.169 267.167 334.78 417.76 519.367 643.496 794.818 978.93 1202.54 1473.68 1801.95 2198.84 2678.09 3256.11 3952.48 4790.59 5798.35 7009.01 8462.24 10205.3 12294.5 14797 17792.4 21375.9 25660.4 
2.20835e-06 7.41448e-05 0.000542409 0.00240003 0.00838327 0.025997 0.0764858 0.222679 0.659718 2.02553 6.50736 21.8317 -500.334 102.859 134.077 170.598 214.824 268.979 335.37 416.633 515.889 636.872 784.054 962.793 1179.5 1441.86 1759.04 2142.01 2603.89 3160.31 3829.97 4635.15 5602.41 6763.46 8156.05 9825.15 11824.3 14217.4 17080.1 20502.8 
5.86974e-07 1.97369e-05 0.000144541 0.00063998 0.00223604 0.00693371 0.0203934 0.0593464 0.175771 0.540069 1.74288 5.94174 21.2921 -567.627 106.832 138.177 174.585 218.559 272.277 337.967 418.176 515.924 634.822 779.195 954.22 1166.09 1422.22 1731.45 2104.38 2553.62 3094.26 3744.28 4525.13 5462.39 6586.53 7933.85 9547.58 11479.2 13789.9 16552.6 
1.44972e-07 4.88107e-06 3.57798e-05 0.000158513 0.000553966 0.00171771 0.00505069 0.0146908 0.0434846 0.133546 0.431175 1.47605 5.37626 20.6943 -638.839 111.226 142.845 179.35 223.356 277.001 342.452 422.192 519.168 636.905 779.62 952.362 1161.17 1413.25 1717.22 2083.39 2524.02 3053.77 3690.13 4453.93 5369.99 6467.9 7782.87 9356.83 11239.7 13490.8 
3.31069e-08 1.11598e-06 8.18732e-06 3.62904e-05 0.000126856 0.00039334 0.00115629 0.00336185 0.00994512 0.0305209 0.0984816 0.337212 1.23288 4.82399 20.0459 -714.192 116.056 148.08 184.873 229.166 283.06 348.677 428.457 525.299 642.67 784.717 956.399 1163.64 1413.53 1714.52 2076.71 2512.12 3035.13 3662.85 4415.69 5317.93 6398.53 7691.94 9239.14 11088.9 
6.95509e-09 2.34691e-07 1.72308e-06 7.64111e-06 2.67157e-05 8.28373e-05 0.000243471 0.000707628 0.00209226 0.00641674 0.0206889 0.0707906 0.258821 1.01612 4.29197 19.3481 -793.935 121.327 153.872 191.129 235.936 290.365 356.506 436.773 534.038 651.734 793.967 965.644 1172.63 1421.91 1721.86 2082.43 2515.52 3035.29 3658.63 4405.65 5300.32 6371.14 7652.05 9183.43 
1.337e-09 4.51588e-08 3.31771e-07 1.47188e-06 5.14719e-06 1.59601e-05 4.69024e-05 0.000136279 0.00040277 0.00123456 0.00397767 0.0135993 0.0496819 0.195017 0.826144 3.78469 18.6004 -878.328 127.044 160.217 198.099 243.627 298.848 365.833 446.984 545.164 663.795 806.965 979.559 1187.41 1437.48 1738.07 2099.08 2532.33 3051.88 3674.5 4420.15 5312.58 6380.07 7656.26 
2.33884e-10 7.90668e-09 5.81234e-08 2.57959e-07 9.02253e-07 2.79772e-06 8.22086e-06 2.3881e-05 7.05553e-05 0.000216163 0.00069605 0.002378 0.00868027 0.0340442 0.144172 0.662122 3.30561 17.8025 -967.627 133.212 167.112 205.77 252.213 308.462 376.581 458.977 558.518 678.631 823.411 997.744 1207.47 1459.54 1762.26 2125.53 2561.14 3083.13 3708.24 4456.38 5351.24 6421.03 
3.70129e-11 1.25229e-09 9.21079e-09 4.08927e-08 1.43054e-07 4.43599e-07 1.30337e-06 3.78549e-06 1.11809e-05 3.4242e-05 0.000110205 0.000376278 0.0013725 0.00537844 0.022757 0.104463 0.522599 2.8575 16.9547 -1061.97 139.829 174.548 214.125 261.659 319.152 388.671 472.638 573.941 696.029 843.02 1019.83 1232.32 1487.48 1793.66 2160.78 2600.68 3127.46 3757.88 4511.91 5413.3 
5.25574e-12 1.77962e-10 1.30958e-09 5.81593e-09 2.0349e-08 6.31031e-08 1.85396e-07 5.3838e-07 1.58979e-06 4.86725e-06 1.56584e-05 5.34358e-05 0.00019479 0.000762769 0.00322466 0.0147891 0.0739414 0.404959 2.43785 16.0269 -1160.9 146.601 182.153 222.702 271.394 330.213 401.234 486.901 590.126 714.388 863.837 1043.43 1259.06 1517.78 1827.97 2199.64 2644.67 3177.24 3814.21 4575.63 
6.46982e-13 2.19237e-11 1.61405e-10 7.17015e-10 2.5091e-09 7.78114e-09 2.28597e-08 6.63754e-08 1.95962e-07 5.99791e-07 1.92892e-06 6.5798e-06 2.39729e-05 9.38162e-05 0.000396326 0.00181613 0.00907186 0.0496495 0.299255 1.99446 14.6149 -1262.45 149.255 184.643 225.06 273.585 332.132 402.731 487.784 590.151 713.249 861.153 1038.72 1251.75 1507.14 1813.11 2179.46 2617.84 3142.14 3768.84 
5.77764e-14 1.95928e-12 1.44305e-11 6.4122e-11 2.24418e-10 6.95988e-10 2.04463e-09 5.93618e-09 1.75227e-08 5.36206e-08 1.72393e-07 5.87842e-07 2.14082e-06 8.37353e-06 3.53521e-05 0.000161881 0.000807947 0.00441778 0.0266067 0.177477 1.31722 10.8267 -1364.38 124.303 153.145 186.155 225.78 273.533 331.046 400.254 483.462 583.423 703.416 847.354 1019.9 1226.6 1474.07 1770.17 2124.29 2547.55 
2.57389e-15 8.73504e-14 6.43599e-13 2.86054e-12 1.00128e-11 3.10542e-11 9.12267e-11 2.64836e-10 7.81652e-10 2.39145e-09 7.68674e-09 2.6203e-08 9.53913e-08 3.72945e-07 1.57371e-06 7.20173e-06 3.59182e-05 0.000196236 0.00118078 0.0078696 0.0584372 0.486004 4.51048 -1454.58 58.644 71.9749 87.2715 105.63 127.729 154.314 186.272 224.657 270.728 325.984 392.214 471.547 566.519 680.149 816.029 978.432 
2.46963e-16 8.3877e-15 6.18229e-14 2.74841e-13 9.62152e-13 2.98418e-12 8.76638e-12 2.54476e-11 7.50987e-11 2.29726e-10 7.38246e-10 2.51593e-09 9.15628e-09 3.57843e-08 1.50931e-07 6.9034e-07 3.44093e-06 1.87859e-05 0.000112946 0.000752071 0.0055797 0.046414 0.435403 4.59482 -1496.59 68.1728 83.3705 100.862 121.848 147.084 177.412 213.832 257.537 309.948 372.758 447.987 538.036 645.766 774.581 928.53 
4.13018e-17 1.4039e-15 1.03512e-14 4.60272e-14 1.61149e-13 4.99837e-13 1.46831e-12 4.26207e-12 1.25766e-11 3.84665e-11 1.23594e-10 4.21113e-10 1.53216e-09 5.98601e-09 2.52381e-08 1.15385e-07 5.74823e-07 3.13638e-06 1.88436e-05 0.000125373 0.000929319 0.00772334 0.0724474 0.771945 9.33195 -1541.38 159.281 194.141 234.394 282.673 340.672 410.304 493.848 594.015 714.041 857.777 1029.81 1235.6 1481.65 1775.68 
3.17436e-18 1.07996e-16 7.96528e-16 3.54251e-15 1.24043e-14 3.84761e-14 1.13026e-13 3.28065e-13 9.67986e-13 2.96032e-12 9.51015e-12 3.23972e-11 1.17845e-10 4.60285e-10 1.94002e-09 8.86607e-09 4.41492e-08 2.40764e-07 1.44566e-06 9.61186e-06 7.1191e-05 0.000591124 0.00553975 0.0590111 0.719498 10.042 -1659.23 198.866 241.641 291.204 350.624 421.94 507.484 610.029 732.882 879.981 1056.02 1266.57 1518.28 1819.06 
1.7733e-19 6.03887e-18 4.45538e-17 1.98187e-16 6.94034e-16 2.15288e-15 6.3242e-15 1.83557e-14 5.41565e-14 1.65606e-13 5.31949e-13 1.81184e-12 6.58932e-12 2.57308e-11 1.0842e-10 4.95329e-10 2.46558e-09 1.34398e-08 8.06572e-08 5.35954e-07 3.96688e-06 3.29128e-05 0.000308173 0.00327966 0.0399692 0.562023 9.13149 -1809.9 211.705 256.509 308.603 371.027 445.883 535.595 643.052 771.695 925.62 1109.7 1329.75 1592.66 
8.29019e-21 2.82625e-19 2.08579e-18 9.27979e-18 3.25002e-17 1.00819e-16 2.96163e-16 8.59573e-16 2.53593e-15 7.75401e-15 2.49042e-14 8.4813e-14 3.08397e-13 1.20402e-12 5.0721e-12 2.31659e-11 1.15274e-10 6.28113e-10 3.76786e-09 2.5024e-08 1.85107e-07 1.53478e-06 1.43596e-05 0.000152686 0.00185903 0.0261248 0.427189 8.15081 -1970.89 223.338 269.895 324.21 389.263 467.205 560.542 672.259 805.909 965.721 1156.73 1384.92 
3.24114e-22 1.10632e-20 8.16717e-20 3.63423e-19 1.27292e-18 3.94891e-18 1.16002e-17 3.36673e-17 9.93209e-17 3.03668e-16 9.75223e-16 3.3208e-15 1.20733e-14 4.71277e-14 1.98491e-13 9.06348e-13 4.50872e-12 2.45594e-11 1.47267e-10 9.77633e-10 7.22804e-09 5.98951e-08 5.60014e-07 5.95015e-06 7.2384e-05 0.00101625 0.0166057 0.318552 7.20397 -2140.96 235.645 284.085 340.779 408.642 489.888 587.111 703.398 842.424 1008.56 1207.02 
1.04869e-23 3.58466e-22 2.64709e-21 1.1781e-20 4.12677e-20 1.28028e-19 3.76093e-19 1.09151e-18 3.21991e-18 9.84408e-18 3.16115e-17 1.07631e-16 3.91263e-16 1.52705e-15 6.43042e-15 2.93564e-14 1.46001e-13 7.95049e-13 4.76584e-12 3.16258e-11 2.3372e-10 1.93573e-09 1.80885e-08 1.92064e-07 2.33473e-06 3.27513e-05 0.000534661 0.0102484 0.232799 6.30136 -2320.68 248.682 299.149 358.388 429.258 514.041 615.428 736.615 881.413 1054.35 
2.77689e-25 9.50789e-24 7.02326e-23 3.12623e-22 1.09519e-21 3.39781e-21 9.98148e-21 2.89682e-20 8.54517e-20 2.61234e-19 8.3882e-19 2.85578e-18 1.03803e-17 4.05076e-17 1.70552e-16 7.78467e-16 3.87079e-15 2.10732e-14 1.26285e-13 8.3774e-13 6.18865e-12 5.12338e-11 4.78515e-10 5.07796e-09 6.16876e-08 8.64709e-07 1.41045e-05 0.000270105 0.00613033 0.166532 5.45149 -2510.65 262.488 315.133 377.092 451.173 539.737 645.576 772.01 922.988 
5.94717e-27 2.04025e-25 1.50757e-24 6.71163e-24 2.35144e-23 7.29562e-23 2.1432e-22 6.2199e-22 1.83472e-21 5.60867e-21 1.80083e-20 6.13049e-20 2.22812e-19 8.69396e-19 3.65998e-18 1.6703e-17 8.30374e-17 4.51973e-16 2.70785e-15 1.79579e-14 1.32617e-13 1.09747e-12 1.02457e-11 1.08673e-10 1.31942e-09 1.84831e-08 3.01264e-07 5.76455e-06 0.000130713 0.00354763 0.11646 4.66153 -2711.52 277.106 332.089 396.949 474.455 567.054 677.647 809.685 
1.01734e-28 3.49817e-27 2.58572e-26 1.15134e-25 4.03409e-25 1.25168e-24 3.67703e-24 1.06713e-23 3.14769e-23 9.62198e-23 3.08926e-22 1.0516e-21 3.8217e-21 1.49105e-20 6.27631e-20 2.86392e-19 1.42354e-18 7.74689e-18 4.64029e-17 3.07658e-16 2.27136e-15 1.87904e-14 1.75355e-13 1.85912e-12 2.25609e-11 3.15867e-10 5.14518e-09 9.83797e-08 2.22898e-06 6.04413e-05 0.00198229 0.0795127 3.93704 -2923.96 292.58 350.07 418.022 499.176 596.075 711.738 
1.37173e-30 4.72976e-29 3.49736e-28 1.55751e-27 5.45772e-27 1.69347e-26 4.97494e-26 1.44379e-25 4.25864e-25 1.30175e-24 4.17926e-24 1.42256e-23 5.16948e-23 2.01673e-22 8.48817e-22 3.87275e-21 1.92472e-20 1.04726e-19 6.27177e-19 4.15737e-18 3.0685e-17 2.53776e-16 2.3675e-15 2.50908e-14 3.0435e-13 4.25901e-12 6.93367e-11 1.32494e-09 2.99977e-08 8.12768e-07 2.66325e-05 0.00106726 0.0529246 3.28189 -3148.68 308.959 369.135 440.377 525.413 626.891 
1.43757e-32 4.97308e-31 3.67875e-30 1.63858e-29 5.74228e-29 1.78184e-28 5.23464e-28 1.51915e-27 4.48085e-27 1.36964e-26 4.39704e-26 1.49661e-25 5.43825e-25 2.12143e-24 8.92806e-24 4.07303e-23 2.02401e-22 1.10113e-21 6.5933e-21 4.36967e-20 3.22449e-19 2.66609e-18 2.4865e-17 2.63433e-16 3.19422e-15 4.468e-14 7.27036e-13 1.38851e-11 3.14174e-10 8.50636e-09 2.78513e-07 1.11511e-05 0.000552449 0.0342916 2.69808 -3386.41 326.295 389.343 464.084 553.249 
1.15369e-34 4.00677e-33 2.96527e-32 1.32101e-31 4.62982e-31 1.43671e-30 4.22079e-30 1.22492e-29 3.61295e-29 1.10433e-28 3.54517e-28 1.20661e-27 4.38424e-27 1.71015e-26 7.19666e-26 3.28286e-25 1.63118e-24 8.87307e-24 5.31222e-23 3.52006e-22 2.59704e-21 2.14683e-20 2.00171e-19 2.1201e-18 2.56985e-17 3.5933e-16 5.84454e-15 1.11566e-13 2.52299e-12 6.82687e-11 2.23368e-09 8.93624e-08 4.42333e-06 0.000274302 0.0215941 2.18578 -3637.93 344.641 410.758 489.217 
6.97922e-37 2.43537e-35 1.80324e-34 8.03489e-34 2.8163e-33 8.73984e-33 2.56766e-32 7.45166e-32 2.19787e-31 6.71784e-31 2.15653e-30 7.33954e-30 2.66672e-29 1.04014e-28 4.37684e-28 1.9964e-27 9.91878e-27 5.39489e-26 3.22947e-25 2.13964e-24 1.57833e-23 1.30447e-22 1.21602e-21 1.28762e-20 1.56032e-19 2.181e-18 3.54609e-17 6.76622e-16 1.5294e-14 4.13611e-13 1.35246e-11 5.40705e-10 2.67435e-08 1.65701e-06 0.000130322 0.0131938 1.74344 -3904.04 364.056 433.448 
3.12989e-39 1.0984e-37 8.13764e-37 3.62674e-36 1.27133e-35 3.94554e-35 1.15918e-34 3.36409e-34 9.92233e-34 3.03273e-33 9.73529e-33 3.3132e-32 1.20375e-31 4.69498e-31 1.97549e-30 9.01018e-30 4.47619e-29 2.4344e-28 1.45711e-27 9.65271e-27 7.11937e-26 5.88307e-25 5.48312e-24 5.80467e-23 7.03224e-22 9.82678e-21 1.59721e-19 3.04648e-18 6.88321e-17 1.8606e-15 6.0807e-14 2.42955e-12 1.20085e-10 7.43466e-09 5.84227e-07 5.90914e-05 0.00780758 1.36791 -4185.61 384.6 
1.02227e-41 3.61228e-40 2.67799e-39 1.19379e-38 4.18522e-38 1.29894e-37 3.81632e-37 1.10755e-36 3.2667e-36 9.98441e-36 3.20501e-35 1.09072e-34 3.96269e-34 1.54549e-33 6.50261e-33 2.96565e-32 1.47321e-31 8.01148e-31 4.79481e-30 3.176e-29 2.34216e-28 1.93515e-27 1.80329e-26 1.90867e-25 2.31181e-24 3.22968e-23 5.24792e-22 1.00065e-20 2.26002e-19 6.10651e-18 1.99475e-16 7.96577e-15 3.93486e-13 2.4345e-11 1.91162e-09 1.93186e-07 2.55012e-05 0.00446638 1.05472 -4482.57 
cycle: 0
true_cycle: 0
nIterations: 0
nTrueIterations: 0
Branch: 0
dt_FE: 7.12414e-08
dt_EA: 7.12414e-08
dt_PE: 7.12414e-08
