t: 0.000303312
dt: 3.03312e-06
N: 0.832855 0.982998 0.992624 0.991354 0.983333 0.963074 0.922678 0.857951 0.772671 0.676543 0.579835 0.489794 0.410044 0.341553 0.283799 0.235608 0.195624 0.162543 0.135199 0.112647 0.09542 0.100726 0.218138 0.47888 0.436859 0.113379 0.00668567 0.000100353 2.15012e-06 8.12489e-08 2.62251e-09 6.93529e-11 1.48484e-12 2.54163e-14 3.4325e-16 3.60659e-18 2.90497e-20 1.76584e-22 7.96773e-25 2.62236e-27 
eC: 1.00639 3.07804 5.27089 7.59201 10.0489 12.6496 15.4023 18.3162 21.4004 24.6651 28.1208 31.7787 35.6505 39.7488 44.0869 48.6788 53.5393 58.6841 64.1299 69.8943 75.9959 82.4544 89.2908 96.5271 104.187 112.294 120.876 129.96 139.576 149.754 160.527 171.931 184.002 196.778 210.303 224.618 239.771 255.811 272.788 290.759 
dV: 2.71811 20.9912 63.6092 138.722 256.496 429.553 673.497 1007.55 1455.33 2045.74 2814.09 3803.42 5066.04 6665.5 8678.77 11199 14338.7 18233.7 23047.8 28977.8 36261 45182.1 56083.2 69374.4 85547.6 105192 129013 157855 192727 234836 285622 346808 420447 508992 615366 743056 896219 1.07981e+06 1.29972e+06 1.56298e+06 
kVec: 5962.95 13511.9 16309.5 15844.1 13691.4 11051.3 8591.86 6567.92 5006.4 3841.74 2987.41 2365.47 1914.69 1589.93 1358.88 1198.58 1092.72 1029.61 1000.75 999.818 1021.51 1058.3 1091.55 1093.8 1086.19 1138.91 1261.54 1412.93 1575.18 1746.53 1927.43 2118.49 2320.37 2533.75 2759.34 2997.88 3250.16 3516.99 3799.24 4096.84 
cMat: 
-0.270086 0.890131 1.46852 2.35551 3.61105 5.30835 7.54614 10.4562 14.2059 19.0011 25.0917 32.7796 42.4292 54.4803 69.4634 88.0178 110.913 139.075 173.616 215.87 267.437 330.233 406.551 499.129 611.235 746.768 910.366 1107.55 1344.85 1630.04 1972.28 2382.38 2873.06 3459.19 4158.14 4990.07 5978.19 7149.02 8532.55 10162.2 
0.00606741 -1.06338 0.311016 0.509822 0.795106 1.18304 1.69539 2.36208 3.22171 4.32205 5.72111 7.48898 9.71018 12.4867 15.9417 20.2235 25.5109 32.019 40.0066 49.7843 61.7252 76.2766 93.9746 115.461 141.504 173.022 211.114 257.089 312.514 379.255 459.537 556.014 671.841 810.774 977.28 1176.66 1415.22 1700.41 2041.07 2447.66 
0.000713523 0.0221697 -2.25705 0.251702 0.399715 0.602482 0.870605 1.21923 1.66852 2.24365 2.97529 3.90039 5.06352 6.5184 8.32984 10.576 13.351 16.7681 20.9636 26.1014 32.3778 40.0288 49.3369 60.6407 74.3454 90.9357 110.991 135.204 164.402 199.572 241.891 292.765 353.866 427.189 515.107 620.448 746.571 897.47 1077.89 1293.47 
0.000294069 0.00933758 0.0646731 -4.14748 0.437249 0.66926 0.976633 1.37537 1.88802 2.54346 3.37696 4.43103 5.75677 7.4157 9.48199 12.045 15.2125 19.1142 23.9058 29.7749 36.9463 45.69 56.3296 69.2524 84.9226 103.895 126.834 154.532 187.937 228.18 276.612 334.841 404.788 488.74 589.423 710.082 854.578 1027.51 1234.33 1481.54 
0.000215188 0.0069512 0.0490238 0.208712 -7.02725 1.08405 1.60416 2.27687 3.13744 4.23395 5.62605 7.38552 9.59831 12.3676 15.8175 20.0977 25.3882 31.9059 39.9117 49.719 61.7041 76.3186 94.1037 115.708 141.907 173.631 211.99 258.311 314.181 381.493 462.507 559.918 676.942 817.409 985.884 1187.81 1429.64 1719.1 2065.35 2479.27 
0.000183033 0.00598438 0.042755 0.184842 0.627244 -11.2028 2.81031 4.04315 5.60858 7.58906 10.0931 13.2521 17.2223 22.19 28.3787 36.0571 45.5488 57.2431 71.6083 89.2071 110.715 136.944 168.864 207.64 254.667 311.613 380.471 463.627 563.928 684.776 830.229 1005.13 1215.25 1467.48 1770.02 2132.63 2566.96 3086.83 3708.74 4452.26 
0.000144808 0.00477298 0.0343844 0.150119 0.516574 1.56406 -17.0895 6.47813 9.10993 12.4005 16.5244 21.7034 28.1998 36.3228 46.4398 58.9914 74.5067 93.6225 117.105 145.873 181.032 223.907 276.088 339.478 416.357 509.452 622.024 757.972 921.953 1119.53 1357.34 1643.3 1986.85 2399.25 2893.92 3486.84 4197.03 5047.15 6064.13 7280.04 
9.75551e-05 0.00323312 0.0234118 0.102785 0.356476 1.09402 3.14962 -25.4731 12.6273 17.4319 23.3572 30.722 39.9165 51.3915 65.6738 83.3885 105.284 132.259 165.393 205.986 255.595 316.091 389.715 479.155 587.625 718.973 877.802 1069.61 1300.98 1579.74 1915.26 2318.73 2803.46 3385.33 4083.29 4919.88 5921.94 7121.45 8556.45 10272.2 
5.50722e-05 0.00183232 0.0133127 0.0586281 0.204106 0.630589 1.84039 5.24685 -37.619 21.0175 28.5756 37.7797 49.1383 63.2459 80.7738 102.5 129.348 162.42 203.04 252.801 313.611 387.762 478.003 587.624 720.566 881.545 1076.2 1311.27 1594.82 1936.45 2347.64 2842.09 3436.12 4149.21 5004.56 6029.79 7257.82 8727.83 10486.4 12589.1 
2.64036e-05 0.000881101 0.00641672 0.0283103 0.0987295 0.305846 0.897959 2.5963 7.53359 -54.9536 30.8265 41.3776 54.0781 69.6554 88.9173 112.755 142.194 178.449 222.974 277.513 344.156 425.416 524.301 644.417 790.082 966.461 1179.73 1437.28 1747.92 2122.19 2572.67 3114.35 3765.12 4546.31 5483.34 6606.47 7951.75 9562.12 11488.6 13792 
1.09724e-05 0.000367032 0.00267777 0.0118286 0.041285 0.128005 0.376556 1.09475 3.22332 9.70088 -78.6145 41.1837 54.6732 70.7395 90.3436 114.493 144.274 180.933 225.944 281.069 348.423 430.541 530.464 651.832 799.007 977.206 1192.67 1452.85 1766.67 2144.75 2599.8 3146.98 3804.34 4593.43 5539.91 6674.37 8033.21 9659.79 11605.7 13932.3 
4.02457e-06 0.000134893 0.000985591 0.00435769 0.0152165 0.047188 0.138859 0.404287 1.19649 3.65591 11.563 -109.251 51.4993 67.7097 86.8338 110.071 138.603 173.679 216.729 269.441 333.838 412.342 507.857 623.862 764.524 934.827 1140.73 1389.36 1689.23 2050.5 2485.3 3008.11 3636.18 4390.1 5294.39 6378.25 7676.48 9230.49 11089.5 13312.3 
1.32027e-06 4.43278e-05 0.000324282 0.00143487 0.00501198 0.0155424 0.0457274 0.133129 0.394416 1.21097 3.89045 13.0522 -147.089 61.4948 80.1585 101.993 128.434 160.81 200.503 249.086 308.427 380.757 468.751 575.61 705.171 862.021 1051.65 1280.61 1556.75 1889.41 2289.77 2771.14 3349.43 4043.57 4876.13 5874.01 7069.23 8499.91 10211.4 12257.7 
3.9066e-07 1.31359e-05 9.61995e-05 0.000425938 0.0014882 0.00461472 0.0135728 0.0394979 0.116984 0.359442 1.15998 3.95452 14.171 -192.102 71.1018 91.9639 116.195 145.462 181.214 224.934 278.317 343.373 422.505 518.593 635.08 776.091 946.556 1152.37 1400.57 1699.56 2059.38 2492 3011.7 3635.49 4383.66 5280.37 6354.39 7639.97 9177.88 11016.6 
1.04741e-07 3.52653e-06 2.58506e-05 0.000114524 0.000400236 0.00124103 0.00364909 0.010614 0.0314172 0.0964857 0.311521 1.06643 3.8843 14.9514 -244.153 80.3599 103.205 129.579 161.373 200.131 247.419 305.03 375.095 460.158 563.269 688.074 838.933 1021.06 1240.68 1505.23 1823.58 2206.33 2666.09 3217.93 3879.77 4673 5623.06 6760.24 8120.58 9746.99 
2.54894e-08 8.59206e-07 6.30351e-06 2.79404e-05 9.76677e-05 0.000302838 0.000890245 0.00258833 0.00765687 0.0234984 0.0758222 0.259624 0.949206 3.71405 15.4336 -303.088 89.353 114.008 142.336 176.437 217.931 268.451 329.874 404.434 494.8 604.163 736.344 895.904 1088.3 1320.03 1598.88 1934.11 2336.79 2820.08 3399.69 4094.34 4926.31 5922.12 7113.32 8537.48 
5.628e-09 1.8991e-07 1.3943e-06 6.18312e-06 2.16182e-05 6.70313e-05 0.000197014 0.000572607 0.00169304 0.00519238 0.0167413 0.0572831 0.209436 0.82224 3.47303 15.6564 -368.785 98.177 124.512 154.66 190.918 234.961 288.482 353.433 432.139 527.378 642.472 781.391 948.88 1150.6 1393.32 1685.09 2035.54 2456.13 2960.53 3565.02 4288.97 5155.48 6191.98 7431.15 
1.12528e-09 3.80077e-08 2.79234e-07 1.2388e-06 4.33212e-06 1.34328e-05 3.94752e-05 0.000114699 0.00033899 0.00103906 0.0033478 0.0114458 0.0418146 0.164135 0.695321 3.18537 15.6549 -441.169 106.926 134.846 166.729 205.048 251.525 307.902 376.202 458.836 558.681 679.18 824.443 999.379 1209.85 1462.84 1766.68 2131.33 2568.61 3092.63 3720.2 4471.31 5369.76 6443.86 
2.03115e-10 6.86649e-09 5.04768e-08 2.24022e-07 7.83554e-07 2.42966e-06 7.13933e-06 2.07393e-05 6.12732e-05 0.000187725 0.000604479 0.00206516 0.00753831 0.0295654 0.125205 0.575014 2.87073 15.4605 -520.21 115.686 145.127 178.699 219.032 267.881 327.039 398.595 485.04 589.352 715.084 866.483 1048.61 1267.52 1530.42 1845.9 2224.2 2677.52 3220.39 3870.1 4647.24 5576.29 
3.29633e-11 1.11528e-09 8.20304e-09 3.64187e-08 1.27402e-07 3.95065e-07 1.16077e-06 3.37132e-06 9.95757e-06 3.04956e-05 9.81478e-05 0.00033511 0.00122234 0.00478999 0.0202671 0.0930337 0.465422 2.54486 15.0997 -605.847 124.531 155.451 190.698 233.031 284.234 346.147 420.927 511.147 619.877 750.785 908.249 1097.49 1324.74 1597.42 1924.37 2316.14 2785.28 3346.73 4018.26 4821.03 
4.77982e-12 1.61847e-10 1.191e-09 5.28928e-09 1.85063e-08 5.73889e-08 1.68607e-07 4.89628e-07 1.44583e-06 4.42651e-06 1.42405e-05 4.8597e-05 0.000177151 0.000693698 0.00293266 0.0134499 0.0672458 0.368289 2.2171 14.5756 -697.678 133.326 165.658 202.536 246.819 300.311 364.901 442.811 536.689 649.698 785.614 948.94 1145.05 1380.34 1662.44 2000.45 2405.19 2889.53 3468.82 4161.3 
6.03964e-13 2.0466e-11 1.50673e-10 6.6934e-10 2.34227e-09 7.26376e-09 2.13398e-08 6.1962e-08 1.82933e-07 5.5991e-07 1.80066e-06 6.1423e-06 2.2379e-05 8.75783e-05 0.000369974 0.00169537 0.00846866 0.0463482 0.279358 1.86184 13.6431 -794.37 139.331 172.366 210.095 255.394 310.048 375.953 455.35 550.911 665.824 803.893 969.655 1168.52 1406.92 1692.55 2034.54 2443.78 2933.21 3518.25 
5.92353e-14 2.00876e-12 1.47948e-11 6.57411e-11 2.30085e-10 7.13562e-10 2.09626e-09 6.08607e-09 1.79652e-08 5.49745e-08 1.76746e-07 6.02685e-07 2.19487e-06 8.58497e-06 3.62447e-05 0.000165968 0.000828348 0.00452933 0.0272786 0.181958 1.35048 11.1 -894.442 127.441 157.012 190.856 231.481 280.44 339.405 410.36 495.67 598.154 721.178 868.75 1045.65 1257.57 1511.29 1814.87 2177.93 2611.88 
3.92458e-15 1.33189e-13 9.81336e-13 4.36165e-12 1.52672e-11 4.73502e-11 1.39099e-10 4.03813e-10 1.19183e-09 3.64639e-09 1.17205e-08 3.99534e-08 1.45449e-07 5.68654e-07 2.39953e-06 1.09809e-05 5.47667e-05 0.000299213 0.00180041 0.0119993 0.0891029 0.74104 6.87742 -990.178 89.4183 109.745 133.068 161.06 194.756 235.293 284.021 342.549 412.796 497.049 598.034 718.998 863.807 1037.07 1244.25 1491.88 
3.687e-16 1.25223e-14 9.22978e-14 4.1032e-13 1.43643e-12 4.4552e-12 1.30877e-11 3.79917e-11 1.12118e-10 3.42967e-10 1.10216e-09 3.75612e-09 1.36698e-08 5.34237e-08 2.2533e-07 1.03063e-06 5.13709e-06 2.80462e-05 0.000168621 0.0011228 0.00833014 0.0692933 0.65003 6.85978 -1058.1 101.778 124.467 150.58 181.912 219.588 264.865 319.238 384.487 462.733 556.505 668.816 803.254 964.088 1156.4 1386.24 
4.37853e-17 1.48832e-15 1.09736e-14 4.87948e-14 1.70839e-13 5.29892e-13 1.5566e-12 4.51835e-12 1.33329e-11 4.07795e-11 1.31026e-10 4.46435e-10 1.62429e-09 6.34595e-09 2.67557e-08 1.22323e-07 6.09388e-07 3.32497e-06 1.99766e-05 0.000132912 0.000985199 0.00818775 0.0768037 0.818363 9.89308 -1132.28 168.859 205.815 248.488 299.671 361.157 434.976 523.543 629.734 756.977 909.355 1091.73 1309.9 1570.74 1882.45 
3.18339e-18 1.08303e-16 7.98793e-16 3.55258e-15 1.24396e-14 3.85855e-14 1.13347e-13 3.28998e-13 9.70739e-13 2.96873e-12 9.5372e-12 3.24893e-11 1.1818e-10 4.61594e-10 1.94553e-09 8.89128e-09 4.42747e-08 2.41449e-07 1.44977e-06 9.6392e-06 7.13935e-05 0.000592805 0.0055555 0.0591789 0.721544 10.0706 -1260.02 199.431 242.328 292.032 351.622 423.14 508.927 611.764 734.966 882.483 1059.02 1270.17 1522.6 1824.24 
1.77329e-19 6.03884e-18 4.45535e-17 1.98186e-16 6.9403e-16 2.15287e-15 6.32417e-15 1.83556e-14 5.41562e-14 1.65605e-13 5.31946e-13 1.81183e-12 6.58928e-12 2.57306e-11 1.0842e-10 4.95326e-10 2.46556e-09 1.34397e-08 8.06568e-08 5.35951e-07 3.96686e-06 3.29126e-05 0.000308171 0.00327964 0.0399689 0.56202 9.13144 -1412.78 211.704 256.508 308.601 371.025 445.88 535.592 643.049 771.691 925.615 1109.7 1329.74 1592.65 
8.29018e-21 2.82624e-19 2.08579e-18 9.27977e-18 3.25002e-17 1.00819e-16 2.96162e-16 8.59572e-16 2.53592e-15 7.754e-15 2.49041e-14 8.48128e-14 3.08396e-13 1.20402e-12 5.07209e-12 2.31658e-11 1.15273e-10 6.28112e-10 3.76785e-09 2.50239e-08 1.85106e-07 1.53478e-06 1.43596e-05 0.000152686 0.00185902 0.0261248 0.427188 8.1508 -1575.17 223.338 269.894 324.209 389.262 467.204 560.541 672.258 805.907 965.719 1156.72 1384.91 
3.24114e-22 1.10632e-20 8.16717e-20 3.63423e-19 1.27292e-18 3.94891e-18 1.16002e-17 3.36673e-17 9.93209e-17 3.03668e-16 9.75223e-16 3.3208e-15 1.20733e-14 4.71277e-14 1.98491e-13 9.06348e-13 4.50872e-12 2.45593e-11 1.47267e-10 9.77633e-10 7.22804e-09 5.98951e-08 5.60014e-07 5.95015e-06 7.2384e-05 0.00101625 0.0166057 0.318552 7.20397 -1746.53 235.645 284.085 340.779 408.642 489.888 587.111 703.398 842.424 1008.56 1207.02 
1.04869e-23 3.58466e-22 2.64709e-21 1.1781e-20 4.12677e-20 1.28028e-19 3.76093e-19 1.09151e-18 3.21991e-18 9.84408e-18 3.16115e-17 1.07631e-16 3.91263e-16 1.52705e-15 6.43042e-15 2.93564e-14 1.46001e-13 7.95049e-13 4.76584e-12 3.16258e-11 2.3372e-10 1.93573e-09 1.80885e-08 1.92064e-07 2.33473e-06 3.27513e-05 0.000534661 0.0102484 0.232799 6.30136 -1927.43 248.682 299.149 358.388 429.258 514.041 615.428 736.615 881.413 1054.35 
2.77689e-25 9.50789e-24 7.02326e-23 3.12623e-22 1.09519e-21 3.39781e-21 9.98148e-21 2.89682e-20 8.54517e-20 2.61234e-19 8.3882e-19 2.85578e-18 1.03803e-17 4.05076e-17 1.70552e-16 7.78467e-16 3.87079e-15 2.10732e-14 1.26285e-13 8.3774e-13 6.18865e-12 5.12338e-11 4.78515e-10 5.07796e-09 6.16876e-08 8.64709e-07 1.41045e-05 0.000270105 0.00613033 0.166532 5.45149 -2118.49 262.488 315.133 377.092 451.173 539.737 645.576 772.01 922.988 
5.94717e-27 2.04025e-25 1.50757e-24 6.71163e-24 2.35144e-23 7.29562e-23 2.1432e-22 6.2199e-22 1.83472e-21 5.60867e-21 1.80083e-20 6.13049e-20 2.22812e-19 8.69396e-19 3.65998e-18 1.6703e-17 8.30374e-17 4.51973e-16 2.70785e-15 1.79579e-14 1.32617e-13 1.09747e-12 1.02457e-11 1.08673e-10 1.31942e-09 1.84831e-08 3.01264e-07 5.76455e-06 0.000130713 0.00354763 0.11646 4.66153 -2320.37 277.106 332.089 396.949 474.455 567.054 677.647 809.685 
1.01734e-28 3.49817e-27 2.58572e-26 1.15134e-25 4.03409e-25 1.25168e-24 3.67703e-24 1.06713e-23 3.14769e-23 9.62198e-23 3.08926e-22 1.0516e-21 3.8217e-21 1.49105e-20 6.27631e-20 2.86392e-19 1.42354e-18 7.74689e-18 4.64029e-17 3.07658e-16 2.27136e-15 1.87904e-14 1.75355e-13 1.85912e-12 2.25609e-11 3.15867e-10 5.14518e-09 9.83797e-08 2.22898e-06 6.04413e-05 0.00198229 0.0795127 3.93704 -2533.75 292.58 350.07 418.022 499.176 596.075 711.738 
1.37173e-30 4.72976e-29 3.49736e-28 1.55751e-27 5.45772e-27 1.69347e-26 4.97494e-26 1.44379e-25 4.25864e-25 1.30175e-24 4.17926e-24 1.42256e-23 5.16948e-23 2.01673e-22 8.48817e-22 3.87275e-21 1.92472e-20 1.04726e-19 6.27177e-19 4.15737e-18 3.0685e-17 2.53776e-16 2.3675e-15 2.50908e-14 3.0435e-13 4.25901e-12 6.93367e-11 1.32494e-09 2.99977e-08 8.12768e-07 2.66325e-05 0.00106726 0.0529246 3.28189 -2759.34 308.959 369.135 440.377 525.413 626.891 
1.43757e-32 4.97308e-31 3.67875e-30 1.63858e-29 5.74228e-29 1.78184e-28 5.23464e-28 1.51915e-27 4.48085e-27 1.36964e-26 4.39704e-26 1.49661e-25 5.43825e-25 2.12143e-24 8.92806e-24 4.07303e-23 2.02401e-22 1.10113e-21 6.5933e-21 4.36967e-20 3.22449e-19 2.66609e-18 2.4865e-17 2.63433e-16 3.19422e-15 4.468e-14 7.27036e-13 1.38851e-11 3.14174e-10 8.50636e-09 2.78513e-07 1.11511e-05 0.000552449 0.0342916 2.69808 -2997.88 326.295 389.343 464.084 553.249 
1.15369e-34 4.00677e-33 2.96527e-32 1.32101e-31 4.62982e-31 1.43671e-30 4.22079e-30 1.22492e-29 3.61295e-29 1.10433e-28 3.54517e-28 1.20661e-27 4.38424e-27 1.71015e-26 7.19666e-26 3.28286e-25 1.63118e-24 8.87307e-24 5.31222e-23 3.52006e-22 2.59704e-21 2.14683e-20 2.00171e-19 2.1201e-18 2.56985e-17 3.5933e-16 5.84454e-15 1.11566e-13 2.52299e-12 6.82687e-11 2.23368e-09 8.93624e-08 4.42333e-06 0.000274302 0.0215941 2.18578 -3250.16 344.641 410.758 489.217 
6.97922e-37 2.43537e-35 1.80324e-34 8.03489e-34 2.8163e-33 8.73984e-33 2.56766e-32 7.45166e-32 2.19787e-31 6.71784e-31 2.15653e-30 7.33954e-30 2.66672e-29 1.04014e-28 4.37684e-28 1.9964e-27 9.91878e-27 5.39489e-26 3.22947e-25 2.13964e-24 1.57833e-23 1.30447e-22 1.21602e-21 1.28762e-20 1.56032e-19 2.181e-18 3.54609e-17 6.76622e-16 1.5294e-14 4.13611e-13 1.35246e-11 5.40705e-10 2.67435e-08 1.65701e-06 0.000130322 0.0131938 1.74344 -3516.99 364.056 433.448 
3.12989e-39 1.0984e-37 8.13764e-37 3.62674e-36 1.27133e-35 3.94554e-35 1.15918e-34 3.36409e-34 9.92233e-34 3.03273e-33 9.73529e-33 3.3132e-32 1.20375e-31 4.69498e-31 1.97549e-30 9.01018e-30 4.47619e-29 2.4344e-28 1.45711e-27 9.65271e-27 7.11937e-26 5.88307e-25 5.48312e-24 5.80467e-23 7.03224e-22 9.82678e-21 1.59721e-19 3.04648e-18 6.88321e-17 1.8606e-15 6.0807e-14 2.42955e-12 1.20085e-10 7.43466e-09 5.84227e-07 5.90914e-05 0.00780758 1.36791 -3799.24 384.6 
1.02227e-41 3.61228e-40 2.67799e-39 1.19379e-38 4.18522e-38 1.29894e-37 3.81632e-37 1.10755e-36 3.2667e-36 9.98441e-36 3.20501e-35 1.09072e-34 3.96269e-34 1.54549e-33 6.50261e-33 2.96565e-32 1.47321e-31 8.01148e-31 4.79481e-30 3.176e-29 2.34216e-28 1.93515e-27 1.80329e-26 1.90867e-25 2.31181e-24 3.22968e-23 5.24792e-22 1.00065e-20 2.26002e-19 6.10651e-18 1.99475e-16 7.96577e-15 3.93486e-13 2.4345e-11 1.91162e-09 1.93186e-07 2.55012e-05 0.00446638 1.05472 -4096.84 
cycle: 0
true_cycle: 0
nIterations: 0
nTrueIterations: 0
Branch: 0
dt_FE: 3.03312e-06
dt_EA: 3.03312e-06
dt_PE: 3.03312e-06
