t: 8.04554e-09
dt: 8.04554e-11
N: 4.61036e-05 0.000104888 0.000127011 0.000123754 0.000107267 8.68886e-05 6.78406e-05 5.21201e-05 3.99382e-05 3.07794e-05 2.39652e-05 1.88865e-05 1.50677e-05 1.21608e-05 9.91811e-06 8.1653e-06 6.77911e-06 5.69912e-06 6.71222e-06 9.09038e-05 0.00236207 0.0345244 0.23822 0.664775 0.629408 0.16543 0.00960067 9.47807e-05 1.18365e-07 1.65992e-11 1.05904e-13 2.79266e-15 5.9674e-17 1.01951e-18 1.37433e-20 1.44146e-22 1.15905e-24 7.03385e-27 3.16874e-29 1.04131e-31 
eC: 1.00639 3.07804 5.27089 7.59201 10.0489 12.6496 15.4023 18.3162 21.4004 24.6651 28.1208 31.7787 35.6505 39.7488 44.0869 48.6788 53.5393 58.6841 64.1299 69.8943 75.9959 82.4544 89.2908 96.5271 104.187 112.294 120.876 129.96 139.576 149.754 160.527 171.931 184.002 196.778 210.303 224.618 239.771 255.811 272.788 290.759 
dV: 2.71811 20.9912 63.6092 138.722 256.496 429.553 673.497 1007.55 1455.33 2045.74 2814.09 3803.42 5066.04 6665.5 8678.77 11199 14338.7 18233.7 23047.8 28977.8 36261 45182.1 56083.2 69374.4 85547.6 105192 129013 157855 192727 234836 285622 346808 420447 508992 615366 743056 896219 1.07981e+06 1.29972e+06 1.56298e+06 
kVec: 5740.18 13066.9 15839.7 15461.4 13443.2 10946.6 8620.51 6712.77 5248.98 4164.61 3375.08 2804.63 2394.22 2100.74 1893.64 1751.5 1659.22 1606.08 1584.37 1588.29 1612.61 1647.86 1666.56 1626.51 1559.45 1572.25 1682.41 1830.99 1991.7 2161.7 2341.35 2531.27 2732.08 2944.48 3169.15 3406.83 3658.31 3924.39 4205.92 4502.85 
cMat: 
-9.71052 5.32526 8.78552 14.0919 21.6033 31.7575 45.1452 62.5548 84.9875 113.675 150.112 196.106 253.835 325.932 415.569 526.571 663.544 832.024 1038.67 1291.45 1599.96 1975.64 2432.21 2986.07 3656.75 4467.58 5446.32 6625.95 8045.65 9751.82 11799.3 14252.8 17188.2 20694.8 24876.3 29853.4 35764.8 42769.4 51046.5 60795.9 
0.356821 -29.4345 18.2907 29.9824 46.7598 69.5737 99.7052 138.913 189.467 254.177 336.456 440.423 571.051 734.339 937.525 1189.34 1500.29 1883.02 2352.77 2927.79 3630.03 4485.79 5526.6 6790.21 8321.79 10175.4 12415.5 15119.3 18378.8 22303.8 27025.2 32698.9 39510.6 47681.2 57473.4 69198.9 83228.2 100000 120034 143946 
0.0967287 3.00544 -52.1604 34.1219 54.1874 81.6754 118.023 165.285 226.192 304.161 403.345 528.756 686.435 883.666 1129.23 1433.73 1809.92 2273.16 2841.93 3538.43 4389.3 5426.5 6688.35 8220.75 10078.6 12327.7 15046.5 18329 22287.2 27055 32792 39688.6 47971.8 57911.8 69830.5 84110.9 101209 121665 146124 175350 
0.0340086 1.07988 7.47934 -78.7256 50.5672 77.3989 112.946 159.06 218.347 294.147 390.541 512.442 665.762 857.615 1096.58 1392.99 1759.31 2210.52 2764.67 3443.42 4272.79 5283.98 6514.43 8008.94 9821.17 12015.3 14668.2 17871.4 21734.7 26388.7 31989.7 38723.8 46813.1 56522.1 68165.9 82119.9 98830.7 118830 142748 171338 
0.0129096 0.417018 2.94105 12.5211 -109.988 65.0347 96.2373 136.594 188.222 254.004 337.52 443.074 575.824 741.96 948.929 1205.7 1523.1 1914.11 2394.4 2982.76 3701.77 4578.53 5645.49 6941.58 8513.35 10416.5 12717.8 15496.7 18848.5 22886.7 27746.9 33590.8 40611.3 49038.2 59145.5 71259.2 85767.7 103133 123905 148737 
0.00495639 0.162052 1.15777 5.00537 16.9853 -146.486 76.101 109.485 151.876 205.506 273.313 358.857 466.366 600.887 768.471 976.397 1233.42 1550.1 1939.09 2415.66 2998.08 3708.32 4572.7 5622.73 6896.18 8438.22 10302.9 12554.6 15270.7 18543.2 22481.9 27218.1 32908.1 39738.2 47930.7 57749.9 69511.1 83589 100430 120564 
0.00187268 0.0617248 0.444664 1.94136 6.6804 20.2266 -188.143 83.776 117.811 160.365 213.696 280.671 364.684 469.731 600.566 762.884 963.53 1210.74 1514.41 1886.44 2341.13 2895.6 3570.41 4390.18 5384.38 6588.29 8044.09 9802.19 11922.8 14477.9 17553.3 21251.3 25694.2 31027.4 37424.6 45092.3 54276.5 65270.3 78422.1 94146.4 
0.000686737 0.0227595 0.164807 0.723555 2.5094 7.70134 22.1717 -234.459 88.8897 122.712 164.422 216.267 280.991 361.769 462.309 587.011 741.143 931.031 1164.28 1450.03 1799.26 2225.11 2743.39 3373 4136.57 5061.19 6179.27 7529.51 9158.19 11120.5 13482.5 16322.6 19734.9 23831 28744.2 34633.4 41687.4 50131.3 60232.9 72310.6 
0.000242248 0.00805989 0.0585592 0.25789 0.89781 2.7738 8.09541 23.0795 -284.859 92.4504 125.697 166.183 216.146 278.202 355.303 450.873 568.968 714.442 893.121 1112 1379.49 1705.66 2102.61 2584.8 3169.58 3877.69 4733.93 5767.95 7015.18 8517.92 10326.6 12501.6 15114.6 18251.3 22013.7 26523.5 31925.3 38391.4 46127.1 55376 
8.16269e-05 0.00272392 0.0198373 0.0875213 0.305222 0.945523 2.77604 8.02646 23.2901 -338.904 95.3002 127.919 167.182 215.34 274.888 348.581 439.592 551.676 689.326 857.931 1063.96 1315.17 1620.88 1992.22 2442.54 2987.82 3647.14 4443.34 5403.7 6560.76 7953.41 9628.02 11639.9 14054.9 16951.7 20423.9 24582.9 29561.3 35517.1 42638.1 
2.61139e-05 0.000873521 0.00637299 0.0281516 0.0982566 0.304647 0.896188 2.60547 7.67137 23.0877 -396.355 98.0157 130.12 168.357 215.014 272.489 343.367 430.614 537.738 668.934 829.233 1024.67 1262.48 1551.33 1901.6 2325.71 2838.5 3457.73 4204.6 5104.42 6187.43 7489.68 9054.17 10932.2 13184.8 15884.7 19118.7 22989.9 27621.1 33158.3 
7.88798e-06 0.000264385 0.00193172 0.00854089 0.0298236 0.0924864 0.272158 0.792385 2.34508 7.16543 22.6629 -457.159 100.936 132.708 170.191 215.734 271.655 340.404 424.779 528.093 654.308 808.172 995.377 1222.74 1498.43 1832.22 2235.78 2723.09 3310.82 4018.89 4871.08 5895.76 7126.76 8604.41 10376.8 12501.1 15045.6 18091.4 21735 26091.5 
2.23788e-06 7.51364e-05 0.000549664 0.00243213 0.00849539 0.0263447 0.0775087 0.225657 0.668541 2.05262 6.59439 22.1237 -521.397 104.235 135.87 172.879 217.697 272.576 339.855 422.205 522.789 645.39 794.541 975.669 1195.28 1461.14 1782.56 2170.66 2638.71 3202.58 3881.19 4697.14 5677.34 6853.92 8265.13 9956.55 11982.5 14407.5 17308.5 20777 
5.93298e-07 1.99495e-05 0.000146099 0.000646875 0.00226013 0.00700841 0.0206131 0.0599858 0.177665 0.545887 1.76166 6.00576 21.5215 -589.235 107.983 139.666 176.466 220.914 275.21 341.608 422.681 521.482 641.661 787.59 964.5 1178.65 1437.54 1750.11 2127.05 2581.13 3127.59 3784.62 4573.88 5521.24 6657.49 8019.33 9650.45 11602.9 13938.5 16731 
1.46244e-07 4.92389e-06 3.60937e-05 0.000159903 0.000558826 0.00173278 0.00509501 0.0148197 0.0438661 0.134717 0.434958 1.489 5.42342 20.8758 -660.891 112.202 144.099 180.924 225.316 279.432 345.457 425.896 523.723 642.492 786.46 960.717 1171.35 1425.65 1732.29 2101.66 2546.16 3080.57 3722.51 4493.01 5417.1 6524.64 7851.15 9438.92 11338.3 13609.1 
3.33457e-08 1.12403e-06 8.24637e-06 3.65521e-05 0.000127771 0.000396177 0.00116463 0.0033861 0.0100169 0.030741 0.0991919 0.339645 1.24177 4.85879 20.1905 -736.614 116.893 149.148 186.207 230.819 285.101 351.192 431.548 529.088 647.306 790.377 963.298 1172.04 1423.73 1726.89 2091.69 2530.24 3057.03 3689.27 4447.54 5356.29 6444.69 7747.42 9305.78 11168.9 
6.99668e-09 2.36095e-07 1.73338e-06 7.68681e-06 2.68755e-05 8.33327e-05 0.000244927 0.00071186 0.00210477 0.00645512 0.0208126 0.0712139 0.260369 1.0222 4.31764 19.4639 -816.666 122.053 154.792 192.272 237.347 292.102 358.638 439.385 537.232 655.632 798.715 971.419 1179.64 1430.42 1732.16 2094.89 2530.56 3053.44 3680.51 4432 5332.02 6409.24 7697.82 9238.35 
1.34368e-09 4.53844e-08 3.33429e-07 1.47924e-06 5.17291e-06 1.60398e-05 4.71367e-05 0.00013696 0.000404783 0.00124073 0.00399755 0.0136672 0.0499302 0.195991 0.830272 3.8036 18.6933 -901.323 127.678 161.017 199.088 244.845 300.342 367.661 449.217 547.888 667.112 810.998 984.454 1193.34 1444.66 1746.75 2109.57 2544.98 3067.13 3692.86 4442.23 5339.12 6411.95 7694.51 
2.34867e-10 7.93992e-09 5.83677e-08 2.59043e-07 9.06046e-07 2.80948e-06 8.25541e-06 2.39814e-05 7.08519e-05 0.000217072 0.000698976 0.002388 0.00871676 0.0341873 0.144778 0.664905 3.31951 17.8774 -990.848 133.771 167.814 206.635 253.273 309.759 378.164 460.906 560.866 681.484 826.872 1001.94 1212.54 1465.67 1769.67 2134.46 2571.9 3096.09 3723.83 4475.11 5373.74 6448.02 
3.71445e-11 1.25674e-09 9.24356e-09 4.10382e-08 1.43563e-07 4.45177e-07 1.308e-06 3.79896e-06 1.12206e-05 3.43638e-05 0.000110597 0.000377617 0.00137738 0.00539757 0.0228379 0.104835 0.524458 2.86766 17.0151 -1085.39 140.327 175.169 214.887 262.59 320.287 390.054 474.319 575.983 698.505 846.018 1023.46 1236.7 1492.77 1800.04 2168.47 2609.93 3138.58 3771.24 4527.96 5432.56 
5.27154e-12 1.78497e-10 1.31352e-09 5.83341e-09 2.04102e-08 6.32927e-08 1.85953e-07 5.39998e-07 1.59457e-06 4.88188e-06 1.57055e-05 5.35964e-05 0.000195376 0.000765061 0.00323436 0.0148336 0.0741636 0.406177 2.44518 16.0751 -1184.47 147.042 182.7 223.371 272.21 331.205 402.44 488.365 591.9 716.535 866.434 1046.56 1262.84 1522.34 1833.47 2206.25 2652.62 3186.79 3825.67 4589.39 
6.48425e-13 2.19726e-11 1.61765e-10 7.18614e-10 2.5147e-09 7.79849e-09 2.29107e-08 6.65234e-08 1.96399e-07 6.01129e-07 1.93322e-06 6.59447e-06 2.40264e-05 9.40255e-05 0.00039721 0.00182018 0.00909209 0.0497602 0.299923 1.99891 14.6475 -1286.12 149.588 185.055 225.562 274.196 332.872 403.629 488.872 591.467 714.84 863.073 1041.04 1254.54 1510.5 1817.15 2184.32 2623.68 3149.14 3777.25 
5.77139e-14 1.95716e-12 1.44148e-11 6.40526e-11 2.24175e-10 6.95235e-10 2.04242e-09 5.92975e-09 1.75038e-08 5.35625e-08 1.72206e-07 5.87206e-07 2.1385e-06 8.36446e-06 3.53138e-05 0.000161705 0.000807072 0.00441299 0.0265779 0.177285 1.3158 10.8149 -1388.05 124.168 152.98 185.953 225.536 273.237 330.688 399.82 482.939 582.791 702.654 846.436 1018.79 1225.27 1472.47 1768.26 2121.99 2544.79 
2.52459e-15 8.56773e-14 6.31271e-13 2.80575e-12 9.82105e-12 3.04593e-11 8.94793e-11 2.59764e-10 7.6668e-10 2.34564e-09 7.5395e-09 2.57011e-08 9.35642e-08 3.65802e-07 1.54356e-06 7.06379e-06 3.52302e-05 0.000192477 0.00115816 0.00771886 0.0573179 0.476695 4.42409 -1478 57.5208 70.5963 85.5999 103.606 125.282 151.359 182.704 220.354 265.542 319.74 384.702 462.515 555.668 667.121 800.398 959.691 
2.42634e-16 8.2407e-15 6.07394e-14 2.70024e-13 9.4529e-13 2.93188e-12 8.61274e-12 2.50016e-11 7.37825e-11 2.257e-10 7.25308e-10 2.47183e-09 8.99581e-09 3.51571e-08 1.48285e-07 6.78241e-07 3.38062e-06 1.84567e-05 0.000110966 0.00073889 0.00548191 0.0456006 0.427772 4.51429 -1519.03 66.9781 81.9094 99.0941 119.713 144.506 174.303 210.085 253.023 304.516 366.225 440.135 528.606 634.448 761.006 912.257 
4.12149e-17 1.40095e-15 1.03294e-14 4.59303e-14 1.6081e-13 4.98784e-13 1.46522e-12 4.25309e-12 1.25501e-11 3.83855e-11 1.23334e-10 4.20226e-10 1.52893e-09 5.9734e-09 2.5185e-08 1.15142e-07 5.73613e-07 3.12977e-06 1.88039e-05 0.000125109 0.000927362 0.00770708 0.0722949 0.77032 9.3123 -1562.74 158.946 193.732 233.901 282.078 339.954 409.44 492.808 592.765 712.538 855.971 1027.64 1233 1478.53 1771.94 
3.17404e-18 1.07985e-16 7.96449e-16 3.54216e-15 1.2403e-14 3.84723e-14 1.13015e-13 3.28033e-13 9.6789e-13 2.96002e-12 9.50921e-12 3.23939e-11 1.17834e-10 4.6024e-10 1.93982e-09 8.86519e-09 4.41448e-08 2.4074e-07 1.44551e-06 9.61091e-06 7.1184e-05 0.000591066 0.0055392 0.0590053 0.719426 10.041 -1680.21 198.846 241.617 291.175 350.59 421.899 507.433 609.968 732.809 879.894 1055.91 1266.44 1518.13 1818.88 
1.7733e-19 6.03887e-18 4.45538e-17 1.98187e-16 6.94034e-16 2.15288e-15 6.3242e-15 1.83557e-14 5.41565e-14 1.65606e-13 5.31949e-13 1.81184e-12 6.58932e-12 2.57308e-11 1.0842e-10 4.95329e-10 2.46558e-09 1.34398e-08 8.06572e-08 5.35954e-07 3.96688e-06 3.29128e-05 0.000308173 0.00327966 0.0399692 0.562023 9.13149 -1830.78 211.705 256.509 308.603 371.027 445.883 535.595 643.053 771.696 925.62 1109.7 1329.75 1592.66 
8.29019e-21 2.82625e-19 2.08579e-18 9.27979e-18 3.25002e-17 1.00819e-16 2.96163e-16 8.59573e-16 2.53593e-15 7.75402e-15 2.49042e-14 8.4813e-14 3.08397e-13 1.20402e-12 5.0721e-12 2.31659e-11 1.15274e-10 6.28113e-10 3.76786e-09 2.5024e-08 1.85107e-07 1.53478e-06 1.43596e-05 0.000152686 0.00185903 0.0261248 0.427189 8.15081 -1991.69 223.338 269.895 324.21 389.263 467.205 560.542 672.259 805.909 965.721 1156.73 1384.92 
3.24114e-22 1.10632e-20 8.16717e-20 3.63423e-19 1.27292e-18 3.94891e-18 1.16002e-17 3.36673e-17 9.93209e-17 3.03668e-16 9.75223e-16 3.3208e-15 1.20733e-14 4.71277e-14 1.98491e-13 9.06348e-13 4.50872e-12 2.45594e-11 1.47267e-10 9.77633e-10 7.22804e-09 5.98951e-08 5.60014e-07 5.95015e-06 7.2384e-05 0.00101625 0.0166057 0.318552 7.20397 -2161.7 235.645 284.085 340.779 408.642 489.888 587.111 703.398 842.424 1008.56 1207.02 
1.04869e-23 3.58466e-22 2.64709e-21 1.1781e-20 4.12677e-20 1.28028e-19 3.76093e-19 1.09151e-18 3.21991e-18 9.84408e-18 3.16115e-17 1.07631e-16 3.91263e-16 1.52705e-15 6.43042e-15 2.93564e-14 1.46001e-13 7.95049e-13 4.76584e-12 3.16258e-11 2.3372e-10 1.93573e-09 1.80885e-08 1.92064e-07 2.33473e-06 3.27513e-05 0.000534661 0.0102484 0.232799 6.30136 -2341.35 248.682 299.149 358.388 429.258 514.041 615.428 736.615 881.413 1054.35 
2.77689e-25 9.50789e-24 7.02326e-23 3.12623e-22 1.09519e-21 3.39781e-21 9.98148e-21 2.89682e-20 8.54517e-20 2.61234e-19 8.3882e-19 2.85578e-18 1.03803e-17 4.05076e-17 1.70552e-16 7.78467e-16 3.87079e-15 2.10732e-14 1.26285e-13 8.3774e-13 6.18865e-12 5.12338e-11 4.78515e-10 5.07796e-09 6.16876e-08 8.64709e-07 1.41045e-05 0.000270105 0.00613033 0.166532 5.45149 -2531.27 262.488 315.133 377.092 451.173 539.737 645.576 772.01 922.988 
5.94717e-27 2.04025e-25 1.50757e-24 6.71163e-24 2.35144e-23 7.29562e-23 2.1432e-22 6.2199e-22 1.83472e-21 5.60867e-21 1.80083e-20 6.13049e-20 2.22812e-19 8.69396e-19 3.65998e-18 1.6703e-17 8.30374e-17 4.51973e-16 2.70785e-15 1.79579e-14 1.32617e-13 1.09747e-12 1.02457e-11 1.08673e-10 1.31942e-09 1.84831e-08 3.01264e-07 5.76455e-06 0.000130713 0.00354763 0.11646 4.66153 -2732.08 277.106 332.089 396.949 474.455 567.054 677.647 809.685 
1.01734e-28 3.49817e-27 2.58572e-26 1.15134e-25 4.03409e-25 1.25168e-24 3.67703e-24 1.06713e-23 3.14769e-23 9.62198e-23 3.08926e-22 1.0516e-21 3.8217e-21 1.49105e-20 6.27631e-20 2.86392e-19 1.42354e-18 7.74689e-18 4.64029e-17 3.07658e-16 2.27136e-15 1.87904e-14 1.75355e-13 1.85912e-12 2.25609e-11 3.15867e-10 5.14518e-09 9.83797e-08 2.22898e-06 6.04413e-05 0.00198229 0.0795127 3.93704 -2944.48 292.58 350.07 418.022 499.176 596.075 711.738 
1.37173e-30 4.72976e-29 3.49736e-28 1.55751e-27 5.45772e-27 1.69347e-26 4.97494e-26 1.44379e-25 4.25864e-25 1.30175e-24 4.17926e-24 1.42256e-23 5.16948e-23 2.01673e-22 8.48817e-22 3.87275e-21 1.92472e-20 1.04726e-19 6.27177e-19 4.15737e-18 3.0685e-17 2.53776e-16 2.3675e-15 2.50908e-14 3.0435e-13 4.25901e-12 6.93367e-11 1.32494e-09 2.99977e-08 8.12768e-07 2.66325e-05 0.00106726 0.0529246 3.28189 -3169.15 308.959 369.135 440.377 525.413 626.891 
1.43757e-32 4.97308e-31 3.67875e-30 1.63858e-29 5.74228e-29 1.78184e-28 5.23464e-28 1.51915e-27 4.48085e-27 1.36964e-26 4.39704e-26 1.49661e-25 5.43825e-25 2.12143e-24 8.92806e-24 4.07303e-23 2.02401e-22 1.10113e-21 6.5933e-21 4.36967e-20 3.22449e-19 2.66609e-18 2.4865e-17 2.63433e-16 3.19422e-15 4.468e-14 7.27036e-13 1.38851e-11 3.14174e-10 8.50636e-09 2.78513e-07 1.11511e-05 0.000552449 0.0342916 2.69808 -3406.83 326.295 389.343 464.084 553.249 
1.15369e-34 4.00677e-33 2.96527e-32 1.32101e-31 4.62982e-31 1.43671e-30 4.22079e-30 1.22492e-29 3.61295e-29 1.10433e-28 3.54517e-28 1.20661e-27 4.38424e-27 1.71015e-26 7.19666e-26 3.28286e-25 1.63118e-24 8.87307e-24 5.31222e-23 3.52006e-22 2.59704e-21 2.14683e-20 2.00171e-19 2.1201e-18 2.56985e-17 3.5933e-16 5.84454e-15 1.11566e-13 2.52299e-12 6.82687e-11 2.23368e-09 8.93624e-08 4.42333e-06 0.000274302 0.0215941 2.18578 -3658.31 344.641 410.758 489.217 
6.97922e-37 2.43537e-35 1.80324e-34 8.03489e-34 2.8163e-33 8.73984e-33 2.56766e-32 7.45166e-32 2.19787e-31 6.71784e-31 2.15653e-30 7.33954e-30 2.66672e-29 1.04014e-28 4.37684e-28 1.9964e-27 9.91878e-27 5.39489e-26 3.22947e-25 2.13964e-24 1.57833e-23 1.30447e-22 1.21602e-21 1.28762e-20 1.56032e-19 2.181e-18 3.54609e-17 6.76622e-16 1.5294e-14 4.13611e-13 1.35246e-11 5.40705e-10 2.67435e-08 1.65701e-06 0.000130322 0.0131938 1.74344 -3924.39 364.056 433.448 
3.12989e-39 1.0984e-37 8.13764e-37 3.62674e-36 1.27133e-35 3.94554e-35 1.15918e-34 3.36409e-34 9.92233e-34 3.03273e-33 9.73529e-33 3.3132e-32 1.20375e-31 4.69498e-31 1.97549e-30 9.01018e-30 4.47619e-29 2.4344e-28 1.45711e-27 9.65271e-27 7.11937e-26 5.88307e-25 5.48312e-24 5.80467e-23 7.03224e-22 9.82678e-21 1.59721e-19 3.04648e-18 6.88321e-17 1.8606e-15 6.0807e-14 2.42955e-12 1.20085e-10 7.43466e-09 5.84227e-07 5.90914e-05 0.00780758 1.36791 -4205.92 384.6 
1.02227e-41 3.61228e-40 2.67799e-39 1.19379e-38 4.18522e-38 1.29894e-37 3.81632e-37 1.10755e-36 3.2667e-36 9.98441e-36 3.20501e-35 1.09072e-34 3.96269e-34 1.54549e-33 6.50261e-33 2.96565e-32 1.47321e-31 8.01148e-31 4.79481e-30 3.176e-29 2.34216e-28 1.93515e-27 1.80329e-26 1.90867e-25 2.31181e-24 3.22968e-23 5.24792e-22 1.00065e-20 2.26002e-19 6.10651e-18 1.99475e-16 7.96577e-15 3.93486e-13 2.4345e-11 1.91162e-09 1.93186e-07 2.55012e-05 0.00446638 1.05472 -4502.85 
cycle: 0
true_cycle: 0
nIterations: 0
nTrueIterations: 0
Branch: 0
dt_FE: 8.04554e-11
dt_EA: 8.04554e-11
dt_PE: 8.04554e-11
