t: 1.96568e-05
dt: 1.96568e-07
N: 0.106812 0.226597 0.267309 0.261306 0.23074 0.191284 0.152621 0.119354 0.0927005 0.0721474 0.056566 0.0447922 0.0358496 0.0289916 0.0236719 0.0194974 0.0161854 0.0135316 0.0113876 0.00972035 0.0104784 0.0403561 0.236019 0.647122 0.611553 0.160669 0.00933544 9.54427e-05 3.13139e-07 7.78553e-09 2.50441e-10 6.6108e-12 1.41281e-13 2.4141e-15 3.25474e-17 3.41421e-19 2.74567e-21 1.66647e-23 7.50845e-26 2.46775e-28 
eC: 1.00639 3.07804 5.27089 7.59201 10.0489 12.6496 15.4023 18.3162 21.4004 24.6651 28.1208 31.7787 35.6505 39.7488 44.0869 48.6788 53.5393 58.6841 64.1299 69.8943 75.9959 82.4544 89.2908 96.5271 104.187 112.294 120.876 129.96 139.576 149.754 160.527 171.931 184.002 196.778 210.303 224.618 239.771 255.811 272.788 290.759 
dV: 2.71811 20.9912 63.6092 138.722 256.496 429.553 673.497 1007.55 1455.33 2045.74 2814.09 3803.42 5066.04 6665.5 8678.77 11199 14338.7 18233.7 23047.8 28977.8 36261 45182.1 56083.2 69374.4 85547.6 105192 129013 157855 192727 234836 285622 346808 420447 508992 615366 743056 896219 1.07981e+06 1.29972e+06 1.56298e+06 
kVec: 5767.25 13118.6 15889.6 15494.9 13455.2 10937.6 8593.7 6672.11 5198.14 4106.58 3312.11 2738.32 2325.68 2030.73 1822.69 1679.96 1587.32 1533.99 1512.18 1516.11 1540.52 1576.17 1596.43 1560.51 1499.11 1515.67 1627.05 1775.96 1936.88 2107.05 2286.87 2476.94 2677.9 2890.42 3115.21 3353.02 3604.6 3870.78 4152.4 4449.42 
cMat: 
-7.47746 4.75668 7.84748 12.5873 19.2967 28.3667 40.325 55.8758 75.9133 101.538 134.085 175.167 226.733 291.132 371.198 470.349 592.697 743.188 927.766 1153.56 1429.13 1764.7 2172.52 2667.24 3266.31 3990.57 4864.81 5918.49 7186.61 8710.61 10539.5 12731 15353 18485.2 22220.3 26665.9 31946.2 38202.9 45596.2 54304.7 
0.275996 -22.7406 14.1475 23.1909 36.168 53.8142 77.1204 107.447 146.55 196.602 260.243 340.66 441.699 568 725.161 919.933 1160.45 1456.49 1819.83 2264.6 2807.77 3469.69 4274.74 5252.12 6436.77 7870.48 9603.18 11694.5 14215.7 17251.6 20903.5 25292.1 30560.8 36880.7 44454.7 53524.3 64375.7 77348.6 92844.8 111340 
0.0708812 2.20234 -41.0387 25.004 39.7076 59.8504 86.4857 121.118 165.75 222.884 295.564 387.464 503.008 647.536 827.484 1050.62 1326.28 1665.74 2082.52 2592.9 3216.4 3976.45 4901.12 6024.03 7385.45 9033.53 11025.8 13431.2 16331.7 19825.4 24029.4 29083.2 35152.9 42436.8 51170.6 61635.1 74164.1 89154.5 107078 128493 
0.0251251 0.797798 5.52563 -62.728 37.3583 57.1812 83.443 117.511 161.311 217.311 288.526 378.585 491.855 633.594 810.136 1029.12 1299.75 1633.1 2042.5 2543.95 3156.67 3903.73 4812.77 5916.89 7255.74 8876.75 10836.6 13203.1 16057.3 19495.6 23633.5 28608.6 34584.8 41757.7 50360 60669 73014.7 87789.6 105460 126582 
0.00993191 0.32083 2.26268 9.63304 -88.3336 50.034 74.0395 105.088 144.808 195.416 259.668 340.876 443.007 570.821 730.052 927.6 1171.78 1472.61 1842.11 2294.76 2847.93 3522.46 4343.32 5340.45 6549.68 8013.88 9784.32 11922.3 14500.9 17607.7 21346.9 25842.8 31244 37727.2 45503.1 54822.7 65984.7 79344.7 95325.4 114430 
0.00400866 0.131066 0.936389 4.04827 13.7374 -118.622 61.5495 88.5502 122.835 166.21 221.052 290.238 377.19 485.989 621.529 789.697 997.577 1253.7 1568.31 1953.75 2424.81 2999.24 3698.34 4547.59 5577.54 6824.72 8332.81 10154 12350.8 14997.5 18183.1 22013.6 26615.6 32139.7 38765.7 46707.4 56219.6 67605.6 81226.1 97510.2 
0.00158698 0.0523079 0.376824 1.64518 5.66122 17.1408 -154.134 70.9949 99.8371 135.899 181.094 237.851 309.046 398.067 508.941 646.496 816.531 1026.02 1283.37 1598.64 1983.96 2453.84 3025.69 3720.4 4562.92 5583.16 6816.85 8306.73 10103.8 12269.1 14875.3 18009.1 21774.2 26293.8 31715 38212.8 45995.9 55312.5 66457.8 79783.1 
0.000604804 0.0200441 0.145144 0.637229 2.21001 6.78251 19.5264 -194.921 78.2845 108.071 144.806 190.465 247.467 318.607 407.152 516.976 652.719 819.952 1025.37 1277.03 1584.59 1959.64 2416.08 2970.57 3643.04 4457.35 5442.03 6631.18 8065.54 9793.76 11873.9 14375.2 17380.3 20987.8 25314.8 30501.3 36713.7 44150.3 53046.6 63683.4 
0.0002198 0.00731303 0.0531329 0.233992 0.814615 2.51676 7.34525 20.9409 -240.672 83.8836 114.049 150.784 196.117 252.423 322.379 409.093 516.245 648.239 810.361 1008.96 1251.66 1547.61 1907.77 2345.28 2875.87 3518.36 4295.26 5233.47 6365.13 7728.61 9369.73 11343.1 13714 16560 19973.8 24065.7 28966.9 34833.9 41852.7 50244.7 
7.574e-05 0.00252748 0.0184067 0.0812094 0.28321 0.877333 2.57584 7.4476 21.6104 -290.959 88.4272 118.693 155.125 199.81 255.063 323.442 407.889 511.89 639.612 796.058 987.228 1220.33 1503.98 1848.54 2266.39 2772.34 3384.11 4122.9 5013.99 6087.61 7379.82 8933.66 10800.4 13041.3 15729.2 18951 22810 27429.4 32955.7 39563.1 
2.46373e-05 0.000824129 0.00601264 0.0265598 0.0927008 0.287421 0.845515 2.45815 7.23761 21.7823 -345.427 92.4735 122.763 158.838 202.856 257.081 323.952 406.266 507.332 631.11 782.346 966.733 1191.1 1463.62 1794.08 2194.21 2678 3262.22 3966.85 4815.8 5837.57 7066.19 8542.22 10314 12439.3 14986.6 18037.7 21690 26059.3 31283.4 
7.5348e-06 0.000252547 0.00184522 0.00815848 0.0284883 0.0883454 0.259973 0.756906 2.24008 6.84461 21.6482 -403.868 96.4171 126.766 162.57 206.074 259.492 325.163 405.76 504.448 625.012 771.986 950.81 1168 1431.34 1750.18 2135.68 2601.16 3162.58 3838.95 4652.98 5631.79 6807.67 8219.16 9912.16 11941.4 14371.9 17281.3 20761.9 24923.3 
2.15769e-06 7.24439e-05 0.000529966 0.00234497 0.00819095 0.0254006 0.0747312 0.21757 0.644584 1.97906 6.35808 21.3309 -466.22 100.5 131.001 166.684 209.896 262.808 327.676 407.075 504.055 622.262 766.068 940.706 1152.44 1408.78 1718.68 2092.87 2544.15 3087.82 3742.11 4528.81 5473.89 6608.31 7968.94 9599.76 11553.1 13891.2 16688.3 20032.5 
5.76104e-07 1.93714e-05 0.000141865 0.000628129 0.00219463 0.00680531 0.0200158 0.0582474 0.172516 0.530068 1.71061 5.83172 20.8979 -532.535 104.853 135.619 171.352 214.512 267.235 331.708 410.432 506.37 623.066 764.766 936.549 1144.5 1395.88 1699.39 2065.41 2506.33 3036.96 3674.94 4441.33 5361.23 6464.56 7786.93 9370.78 11266.6 13534.6 16246.1 
1.42784e-07 4.80738e-06 3.52397e-05 0.00015612 0.000545603 0.00169178 0.00497445 0.014469 0.0428281 0.13153 0.424666 1.45377 5.29509 20.3819 -602.945 109.547 140.689 176.642 219.984 272.82 337.283 415.819 511.33 627.29 767.851 937.985 1143.64 1391.91 1691.3 2051.93 2485.91 3007.67 3634.43 4386.69 5288.92 6370.25 7665.37 9215.58 11070 13287.1 
3.26958e-08 1.10212e-06 8.08565e-06 3.58398e-05 0.00012528 0.000388456 0.00114194 0.0033201 0.00982163 0.0301419 0.0972587 0.333025 1.21757 4.76409 19.797 -677.632 114.615 146.241 182.578 226.32 279.545 344.348 423.137 518.777 634.69 774.973 944.524 1149.2 1395.98 1693.24 2050.92 2480.93 2997.45 3617.37 4360.86 5251.9 6319.08 7596.42 9124.41 10951.2 
6.88348e-09 2.32275e-07 1.70534e-06 7.56245e-06 2.64407e-05 8.19845e-05 0.000240964 0.000700343 0.00207072 0.00635068 0.0204759 0.0700618 0.256157 1.00566 4.24779 19.149 -756.814 120.078 152.288 189.162 233.507 287.376 352.836 432.276 528.54 645.024 785.793 955.703 1160.55 1407.28 1704.13 2061 2489.62 3004.04 3620.96 4360.3 5245.75 6305.55 7573.28 9088.88 
1.32551e-09 4.47706e-08 3.28919e-07 1.45923e-06 5.10294e-06 1.58229e-05 4.64992e-05 0.000135108 0.000399308 0.00122395 0.00394348 0.0134823 0.0492548 0.19334 0.819041 3.75215 18.4405 -840.73 125.951 158.839 196.396 241.533 296.279 362.688 443.141 540.478 658.089 800.028 971.138 1177.2 1425.12 1723.12 2081.04 2510.56 3025.65 3642.91 4382.15 5266.91 6325.22 7590.44 
2.32194e-10 7.84955e-09 5.77034e-08 2.56095e-07 8.95734e-07 2.77751e-06 8.16146e-06 2.37085e-05 7.00455e-05 0.000214601 0.000691021 0.00236082 0.00861755 0.0337982 0.14313 0.657338 3.28173 17.6739 -929.617 132.249 165.904 204.283 250.391 306.233 373.86 455.661 554.482 673.728 817.461 990.535 1198.74 1448.99 1749.53 2110.17 2542.63 3060.85 3681.45 4424.18 5312.58 6374.63 
3.67868e-11 1.24464e-09 9.15454e-09 4.0643e-08 1.4218e-07 4.4089e-07 1.29541e-06 3.76237e-06 1.11126e-05 3.40329e-05 0.000109532 0.00037398 0.00136412 0.00534559 0.022618 0.103825 0.519408 2.84005 16.8512 -1023.61 138.975 173.482 212.817 260.061 317.203 386.297 469.752 570.436 691.778 837.871 1013.6 1224.79 1478.4 1782.7 2147.58 2584.8 3108.35 3734.92 4484.35 5380.24 
5.22865e-12 1.77044e-10 1.30283e-09 5.78595e-09 2.02441e-08 6.27778e-08 1.8444e-07 5.35605e-07 1.5816e-06 4.84216e-06 1.55777e-05 5.31604e-05 0.000193786 0.000758837 0.00320804 0.0147129 0.0735603 0.402872 2.42529 15.9443 -1122.25 145.846 181.214 221.554 269.995 328.511 399.166 484.392 587.085 710.706 859.385 1038.05 1252.57 1509.96 1818.55 2188.3 2631.04 3160.87 3794.55 4552.05 
6.44508e-13 2.18399e-11 1.60788e-10 7.14273e-10 2.49951e-09 7.75138e-09 2.27723e-08 6.61216e-08 1.95213e-07 5.97498e-07 1.92154e-06 6.55464e-06 2.38813e-05 9.34575e-05 0.000394811 0.00180919 0.00903717 0.0494596 0.298111 1.98683 14.559 -1223.62 148.685 183.937 224.199 272.539 330.862 401.191 485.919 587.895 710.522 857.86 1034.75 1246.96 1501.37 1806.18 2171.13 2607.83 3130.12 3754.43 
5.78806e-14 1.96282e-12 1.44565e-11 6.42377e-11 2.24823e-10 6.97244e-10 2.04832e-09 5.94689e-09 1.75543e-08 5.37173e-08 1.72704e-07 5.88902e-07 2.14468e-06 8.38863e-06 3.54158e-05 0.000162173 0.000809404 0.00442574 0.0266547 0.177797 1.3196 10.8462 -1325.53 124.527 153.422 186.491 226.187 274.026 331.643 400.976 484.334 584.475 704.685 848.882 1021.74 1228.81 1476.72 1773.37 2128.12 2552.15 
2.65754e-15 9.01891e-14 6.64514e-13 2.9535e-12 1.03382e-11 3.20634e-11 9.41914e-11 2.73443e-10 8.07054e-10 2.46916e-09 7.93654e-09 2.70545e-08 9.84913e-08 3.85066e-07 1.62485e-06 7.43577e-06 3.70855e-05 0.000202613 0.00121915 0.00812535 0.0603363 0.501798 4.65707 -1416.15 60.5499 74.314 90.1076 109.062 131.879 159.329 192.326 231.958 279.526 336.578 404.96 486.872 584.93 702.252 842.548 1010.23 
2.54324e-16 8.63772e-15 6.36657e-14 2.83033e-13 9.90832e-13 3.07314e-12 9.02769e-12 2.62061e-11 7.73372e-11 2.36574e-10 7.60252e-10 2.59092e-09 9.42921e-09 3.68509e-08 1.55429e-07 7.10917e-07 3.54349e-06 1.93459e-05 0.000116312 0.000774489 0.00574601 0.0477975 0.448381 4.73178 -1459.82 70.2049 85.8556 103.868 125.48 151.468 182.701 220.206 265.214 319.186 383.869 461.34 554.073 665.015 797.669 956.208 
4.145e-17 1.40894e-15 1.03883e-14 4.61923e-14 1.61727e-13 5.0163e-13 1.47358e-12 4.27735e-12 1.26217e-11 3.86045e-11 1.24037e-10 4.22623e-10 1.53765e-09 6.00748e-09 2.53286e-08 1.15799e-07 5.76885e-07 3.14763e-06 1.89111e-05 0.000125823 0.000932652 0.00775104 0.0727072 0.774714 9.36541 -1506.43 159.852 194.837 235.235 283.687 341.894 411.776 495.619 596.146 716.602 860.853 1033.5 1240.03 1486.96 1782.05 
3.17489e-18 1.08014e-16 7.96662e-16 3.5431e-15 1.24064e-14 3.84826e-14 1.13045e-13 3.28121e-13 9.6815e-13 2.96081e-12 9.51175e-12 3.24026e-11 1.17865e-10 4.60363e-10 1.94034e-09 8.86756e-09 4.41566e-08 2.40804e-07 1.4459e-06 9.61348e-06 7.1203e-05 0.000591224 0.00554068 0.0590211 0.719619 10.0437 -1624.92 198.899 241.682 291.253 350.684 422.012 507.569 610.132 733.005 880.129 1056.19 1266.78 1518.54 1819.37 
1.7733e-19 6.03887e-18 4.45538e-17 1.98187e-16 6.94034e-16 2.15288e-15 6.3242e-15 1.83557e-14 5.41565e-14 1.65606e-13 5.31949e-13 1.81184e-12 6.58931e-12 2.57308e-11 1.0842e-10 4.95328e-10 2.46558e-09 1.34398e-08 8.06572e-08 5.35953e-07 3.96688e-06 3.29128e-05 0.000308173 0.00327965 0.0399691 0.562023 9.13148 -1775.76 211.705 256.509 308.602 371.027 445.882 535.595 643.052 771.695 925.62 1109.7 1329.75 1592.66 
8.29019e-21 2.82625e-19 2.08579e-18 9.27979e-18 3.25002e-17 1.00819e-16 2.96163e-16 8.59573e-16 2.53593e-15 7.75401e-15 2.49042e-14 8.4813e-14 3.08397e-13 1.20402e-12 5.0721e-12 2.31659e-11 1.15274e-10 6.28113e-10 3.76786e-09 2.5024e-08 1.85107e-07 1.53478e-06 1.43596e-05 0.000152686 0.00185903 0.0261248 0.427189 8.15081 -1936.86 223.338 269.895 324.21 389.263 467.204 560.542 672.259 805.909 965.72 1156.73 1384.92 
3.24114e-22 1.10632e-20 8.16717e-20 3.63423e-19 1.27292e-18 3.94891e-18 1.16002e-17 3.36673e-17 9.93209e-17 3.03668e-16 9.75223e-16 3.3208e-15 1.20733e-14 4.71277e-14 1.98491e-13 9.06348e-13 4.50872e-12 2.45594e-11 1.47267e-10 9.77633e-10 7.22804e-09 5.98951e-08 5.60014e-07 5.95015e-06 7.2384e-05 0.00101625 0.0166057 0.318552 7.20397 -2107.05 235.645 284.085 340.779 408.642 489.888 587.111 703.398 842.424 1008.56 1207.02 
1.04869e-23 3.58466e-22 2.64709e-21 1.1781e-20 4.12677e-20 1.28028e-19 3.76093e-19 1.09151e-18 3.21991e-18 9.84408e-18 3.16115e-17 1.07631e-16 3.91263e-16 1.52705e-15 6.43042e-15 2.93564e-14 1.46001e-13 7.95049e-13 4.76584e-12 3.16258e-11 2.3372e-10 1.93573e-09 1.80885e-08 1.92064e-07 2.33473e-06 3.27513e-05 0.000534661 0.0102484 0.232799 6.30136 -2286.87 248.682 299.149 358.388 429.258 514.041 615.428 736.615 881.413 1054.35 
2.77689e-25 9.50789e-24 7.02326e-23 3.12623e-22 1.09519e-21 3.39781e-21 9.98148e-21 2.89682e-20 8.54517e-20 2.61234e-19 8.3882e-19 2.85578e-18 1.03803e-17 4.05076e-17 1.70552e-16 7.78467e-16 3.87079e-15 2.10732e-14 1.26285e-13 8.3774e-13 6.18865e-12 5.12338e-11 4.78515e-10 5.07796e-09 6.16876e-08 8.64709e-07 1.41045e-05 0.000270105 0.00613033 0.166532 5.45149 -2476.94 262.488 315.133 377.092 451.173 539.737 645.576 772.01 922.988 
5.94717e-27 2.04025e-25 1.50757e-24 6.71163e-24 2.35144e-23 7.29562e-23 2.1432e-22 6.2199e-22 1.83472e-21 5.60867e-21 1.80083e-20 6.13049e-20 2.22812e-19 8.69396e-19 3.65998e-18 1.6703e-17 8.30374e-17 4.51973e-16 2.70785e-15 1.79579e-14 1.32617e-13 1.09747e-12 1.02457e-11 1.08673e-10 1.31942e-09 1.84831e-08 3.01264e-07 5.76455e-06 0.000130713 0.00354763 0.11646 4.66153 -2677.9 277.106 332.089 396.949 474.455 567.054 677.647 809.685 
1.01734e-28 3.49817e-27 2.58572e-26 1.15134e-25 4.03409e-25 1.25168e-24 3.67703e-24 1.06713e-23 3.14769e-23 9.62198e-23 3.08926e-22 1.0516e-21 3.8217e-21 1.49105e-20 6.27631e-20 2.86392e-19 1.42354e-18 7.74689e-18 4.64029e-17 3.07658e-16 2.27136e-15 1.87904e-14 1.75355e-13 1.85912e-12 2.25609e-11 3.15867e-10 5.14518e-09 9.83797e-08 2.22898e-06 6.04413e-05 0.00198229 0.0795127 3.93704 -2890.42 292.58 350.07 418.022 499.176 596.075 711.738 
1.37173e-30 4.72976e-29 3.49736e-28 1.55751e-27 5.45772e-27 1.69347e-26 4.97494e-26 1.44379e-25 4.25864e-25 1.30175e-24 4.17926e-24 1.42256e-23 5.16948e-23 2.01673e-22 8.48817e-22 3.87275e-21 1.92472e-20 1.04726e-19 6.27177e-19 4.15737e-18 3.0685e-17 2.53776e-16 2.3675e-15 2.50908e-14 3.0435e-13 4.25901e-12 6.93367e-11 1.32494e-09 2.99977e-08 8.12768e-07 2.66325e-05 0.00106726 0.0529246 3.28189 -3115.21 308.959 369.135 440.377 525.413 626.891 
1.43757e-32 4.97308e-31 3.67875e-30 1.63858e-29 5.74228e-29 1.78184e-28 5.23464e-28 1.51915e-27 4.48085e-27 1.36964e-26 4.39704e-26 1.49661e-25 5.43825e-25 2.12143e-24 8.92806e-24 4.07303e-23 2.02401e-22 1.10113e-21 6.5933e-21 4.36967e-20 3.22449e-19 2.66609e-18 2.4865e-17 2.63433e-16 3.19422e-15 4.468e-14 7.27036e-13 1.38851e-11 3.14174e-10 8.50636e-09 2.78513e-07 1.11511e-05 0.000552449 0.0342916 2.69808 -3353.02 326.295 389.343 464.084 553.249 
1.15369e-34 4.00677e-33 2.96527e-32 1.32101e-31 4.62982e-31 1.43671e-30 4.22079e-30 1.22492e-29 3.61295e-29 1.10433e-28 3.54517e-28 1.20661e-27 4.38424e-27 1.71015e-26 7.19666e-26 3.28286e-25 1.63118e-24 8.87307e-24 5.31222e-23 3.52006e-22 2.59704e-21 2.14683e-20 2.00171e-19 2.1201e-18 2.56985e-17 3.5933e-16 5.84454e-15 1.11566e-13 2.52299e-12 6.82687e-11 2.23368e-09 8.93624e-08 4.42333e-06 0.000274302 0.0215941 2.18578 -3604.6 344.641 410.758 489.217 
6.97922e-37 2.43537e-35 1.80324e-34 8.03489e-34 2.8163e-33 8.73984e-33 2.56766e-32 7.45166e-32 2.19787e-31 6.71784e-31 2.15653e-30 7.33954e-30 2.66672e-29 1.04014e-28 4.37684e-28 1.9964e-27 9.91878e-27 5.39489e-26 3.22947e-25 2.13964e-24 1.57833e-23 1.30447e-22 1.21602e-21 1.28762e-20 1.56032e-19 2.181e-18 3.54609e-17 6.76622e-16 1.5294e-14 4.13611e-13 1.35246e-11 5.40705e-10 2.67435e-08 1.65701e-06 0.000130322 0.0131938 1.74344 -3870.78 364.056 433.448 
3.12989e-39 1.0984e-37 8.13764e-37 3.62674e-36 1.27133e-35 3.94554e-35 1.15918e-34 3.36409e-34 9.92233e-34 3.03273e-33 9.73529e-33 3.3132e-32 1.20375e-31 4.69498e-31 1.97549e-30 9.01018e-30 4.47619e-29 2.4344e-28 1.45711e-27 9.65271e-27 7.11937e-26 5.88307e-25 5.48312e-24 5.80467e-23 7.03224e-22 9.82678e-21 1.59721e-19 3.04648e-18 6.88321e-17 1.8606e-15 6.0807e-14 2.42955e-12 1.20085e-10 7.43466e-09 5.84227e-07 5.90914e-05 0.00780758 1.36791 -4152.4 384.6 
1.02227e-41 3.61228e-40 2.67799e-39 1.19379e-38 4.18522e-38 1.29894e-37 3.81632e-37 1.10755e-36 3.2667e-36 9.98441e-36 3.20501e-35 1.09072e-34 3.96269e-34 1.54549e-33 6.50261e-33 2.96565e-32 1.47321e-31 8.01148e-31 4.79481e-30 3.176e-29 2.34216e-28 1.93515e-27 1.80329e-26 1.90867e-25 2.31181e-24 3.22968e-23 5.24792e-22 1.00065e-20 2.26002e-19 6.10651e-18 1.99475e-16 7.96577e-15 3.93486e-13 2.4345e-11 1.91162e-09 1.93186e-07 2.55012e-05 0.00446638 1.05472 -4449.42 
cycle: 0
true_cycle: 0
nIterations: 0
nTrueIterations: 0
Branch: 0
dt_FE: 1.96568e-07
dt_EA: 1.96568e-07
dt_PE: 1.96568e-07
