t: 2.56978e-08
dt: 2.39643e-09
N: 0.0165673 0.0191056 0.022018 0.0253585 0.0291855 0.0335554 0.0385392 0.0442149 0.0506577 0.0579323 0.0661384 0.0753647 0.0856318 0.0970239 0.109608 0.123362 0.138155 0.15401 0.17082 0.187957 0.205247 0.222318 0.238265 0.251726 0.262296 0.269007 0.268452 0.260431 0.244145 0.217651 0.185118 0.257207 0.160607 0.0409413 0.0163813 0.00542056 0.00145942 0.000315408 5.34e-05 6.8311e-06 
eC: 1 1.15749 1.33977 1.55077 1.795 2.07768 2.40489 2.78363 3.22201 3.72944 4.31677 4.99661 5.78351 6.69433 7.7486 8.9689 10.3814 12.0163 13.9087 16.0991 18.6345 21.5692 24.9661 28.8979 33.4489 38.7167 44.814 51.8717 60.0407 69.4963 80.4411 93.1095 107.773 124.746 144.391 167.131 193.452 223.918 259.182 300 
dV: 1.08333 0.211322 0.327712 0.508206 0.788112 1.22218 1.89532 2.93921 4.55805 7.06849 10.9616 16.999 26.3615 40.8807 63.3966 98.3136 152.462 236.434 366.655 568.597 881.764 1367.42 2120.55 3288.49 5099.69 7908.45 12264.2 19019 29494.1 45738.6 70930.1 109996 170579 264529 410225 636165 986546 1.52991e+06 2.37254e+06 3.67926e+06 
kVec: 881970 1.02376e+06 1.18098e+06 1.36249e+06 1.57184e+06 1.81262e+06 2.0894e+06 2.40737e+06 2.77213e+06 3.18869e+06 3.66495e+06 4.20881e+06 4.82502e+06 5.5233e+06 6.31334e+06 7.20316e+06 8.19286e+06 9.29731e+06 1.05267e+07 1.18579e+07 1.33054e+07 1.48732e+07 1.65485e+07 1.82711e+07 2.00829e+07 2.20206e+07 2.39122e+07 2.59337e+07 2.82724e+07 3.11973e+07 3.49936e+07 4.07735e+07 5.05481e+07 6.6029e+07 9.05844e+07 1.28389e+08 1.81842e+08 2.48084e+08 3.28173e+08 4.17288e+08 
cMat: 
-173633 944.226 1109.52 1292.39 1506.6 1758.81 2055.95 2406.31 2821.06 3315.58 3904.5 4607.72 5458.61 6488.46 7737.86 9268.84 11172.1 13532.6 16477.3 20254.6 25088.6 31307.8 39465.5 50386 64953.6 84572.3 111998 150037 203191 279013 388543 546357 775610 1.11525e+06 1.61023e+06 2.32768e+06 3.34602e+06 4.78207e+06 6.84196e+06 9.82422e+06 
4789.9 -205649 1275.48 1485.72 1731.99 2021.95 2363.56 2766.38 3243.24 3811.82 4488.98 5297.58 6276.03 7460.32 8897.16 10657.9 12847 15562.2 18949.7 23295.4 28857.5 36014.3 45403.1 57973.5 74744.6 97334.9 128921 172739 233978 321353 447595 629520 893844 1.28549e+06 1.85634e+06 2.68385e+06 3.85847e+06 5.51487e+06 7.89085e+06 1.13307e+07 
3585.57 812.546 -236650 1705.8 1988.57 2321.51 2713.77 3176.31 3723.9 4376.84 5154.49 6083.13 7206.89 8567.14 10217.6 12240.2 14755.1 17874.8 21767.2 26761.3 33154.2 41381.1 52175.5 66630.6 85920 111908 148253 198683 269182 369791 515189 724762 1.02932e+06 1.48065e+06 2.13861e+06 3.0925e+06 4.44661e+06 6.35606e+06 9.09504e+06 1.30605e+07 
2655.64 601.814 1084.63 -272857 2280.54 2662.4 3112.31 3642.84 4270.94 5019.92 5911.97 6977.29 8266.52 9827.18 11720.9 14041.9 16928 20508.6 24976.6 30710 38050.4 47498.2 59896.7 76503.6 98669.2 128539 170324 228318 309413 425175 592512 833770 1.18446e+06 1.70424e+06 2.46211e+06 3.56104e+06 5.12112e+06 7.32097e+06 1.04765e+07 1.50452e+07 
1964.15 445.114 802.219 1446.9 -315060 3022.36 3564.9 4172.66 4892.22 5750.29 6772.34 7992.96 9470.24 11258.7 13428.9 16089.1 19397.4 23502.2 28625.1 35199.9 43618.8 54456.9 68682.9 87742.2 113187 147485 195480 262112 355313 488398 680832 958348 1.36185e+06 1.96002e+06 2.83238e+06 4.09753e+06 5.89373e+06 8.42645e+06 1.20595e+07 1.73196e+07 
1451.13 328.856 592.696 1069.02 1912.74 -364095 4075.46 4770.38 5593.16 6574.38 7743.17 9139.13 10828.8 12874.5 15357.2 18400.7 22186.2 26883.8 32747.3 40274.2 49914.4 62327.2 78624.4 100465 129632 168958 224010 300468 407451 560273 781322 1.10021e+06 1.56402e+06 2.25176e+06 3.25498e+06 4.71023e+06 6.77651e+06 9.68993e+06 1.38692e+07 1.992e+07 
1070.4 242.578 437.204 788.574 1423.66 2571.74 -421026 5443.28 6382.31 7502.24 8836.35 10429.9 12358.9 14694.5 17529.5 21005.3 25329.2 30695.7 37395.4 45997.7 57017.8 71211 89851.2 114840 148223 193250 256310 343925 466572 641845 895472 1.2615e+06 1.79407e+06 2.58399e+06 3.73659e+06 5.40892e+06 7.7837e+06 1.11319e+07 1.5935e+07 2.28891e+07 
787.92 178.563 321.833 580.493 1048.02 1893.21 3423.39 -487068 7192.62 8544.35 10064.2 11879.8 14077.9 16739.6 19970.8 23932.9 28862.7 34982.4 42623.8 52437.9 65013.7 81215.3 102500 131046 169194 220671 292798 393058 533473 734239 1.02489e+06 1.44453e+06 2.05536e+06 2.96165e+06 4.28449e+06 6.20434e+06 8.93094e+06 1.2775e+07 1.82895e+07 2.62736e+07 
578.721 131.155 236.391 426.389 769.816 1390.68 2514.78 4506.23 -563819 9707.44 11434.8 13498.5 15997.2 19023.4 22697.6 27203.6 32811.5 39774.3 48470.5 59642.7 73963.2 92418.5 116674 149217 192728 251469 333820 448353 608850 838458 1.17104e+06 1.65147e+06 2.35113e+06 3.38959e+06 4.90591e+06 7.10728e+06 1.02341e+07 1.46423e+07 2.09659e+07 3.01218e+07 
424.256 96.1505 173.303 312.601 564.395 1019.62 1843.85 3339 6055.04 -652625 12948.4 15286.3 18117.6 21547.1 25711.6 30820.1 37179.3 45076.9 54943.4 67623.9 83883.7 104847 132410 169412 218911 285775 379577 510122 693180 955246 1.33508e+06 1.88412e+06 2.68418e+06 3.87216e+06 5.60761e+06 8.12808e+06 1.17088e+07 1.67564e+07 2.39976e+07 3.4482e+07 
310.055 70.2702 126.659 228.471 412.512 745.259 1347.76 2440.75 4426.37 8035.68 -755745 17258.9 20457.5 24332.7 29039.3 34814.2 42005 50937.9 62101.4 76454.7 94867.4 118617 149860 191828 248004 323937 430545 579025 787390 1.08592e+06 1.51893e+06 2.14528e+06 3.0586e+06 4.41546e+06 6.39864e+06 9.28015e+06 1.33746e+07 1.9146e+07 2.74256e+07 3.94137e+07 
225.751 51.1647 92.2246 166.362 300.383 542.704 981.494 1777.55 3223.83 5853 10648.3 -875637 22851.8 27389.3 32691.8 39199.6 47305.7 57379 69971.9 86170.8 106961 133790 169107 216579 280167 366181 487049 655532 892177 1.23153e+06 1.72416e+06 2.43732e+06 3.47803e+06 5.02503e+06 7.28744e+06 1.05763e+07 1.52507e+07 2.18388e+07 3.12904e+07 4.49756e+07 
163.914 37.1508 66.9666 120.804 218.132 394.119 712.815 1291.04 2341.64 4251.72 7735.91 14005.9 -1.01458e+06 30672.1 36616.6 43914.7 53008.6 64313.9 78453.1 96651.4 120021 150198 189950 243428 315122 412189 548733 739266 1.00717e+06 1.39176e+06 1.95064e+06 2.7605e+06 3.94346e+06 5.70311e+06 8.27838e+06 1.20243e+07 1.73498e+07 2.48547e+07 3.56219e+07 5.12123e+07 
118.511 26.8612 48.4206 87.3518 157.735 285.011 515.512 933.754 1693.75 3075.66 5596.73 10210.7 18656.4 -1.17622e+06 40814 48960 59115.3 71745.8 87550 107905 134061 167861 212422 272429 352953 462089 615803 830553 1.13288e+06 1.56745e+06 2.19971e+06 3.11696e+06 4.45827e+06 6.4551e+06 9.3799e+06 1.36373e+07 1.96919e+07 2.82231e+07 4.04632e+07 5.81864e+07 
85.2187 19.3159 34.8207 62.8203 113.443 204.993 370.807 671.703 1218.53 2212.96 4027.41 7348.68 13429.5 24609.6 -1.36449e+06 53711.9 65604.5 79650 97234.5 119899 149046 186740 236483 303541 393628 515870 688287 929498 1.26956e+06 1.75909e+06 2.47228e+06 3.5083e+06 5.02522e+06 7.28556e+06 1.05995e+07 1.54273e+07 2.22956e+07 3.19719e+07 4.58554e+07 6.59585e+07 
60.9449 13.8145 24.9045 44.9328 81.1464 146.643 265.281 480.592 871.931 1583.71 2882.67 5260.78 9615.85 17625.3 32067.7 -1.58526e+06 72354.6 87881.7 107334 132427 164726 206534 261768 336325 436614 572891 765420 1.0352e+06 1.41618e+06 1.96555e+06 2.76721e+06 3.93356e+06 5.64384e+06 8.19511e+06 1.19398e+07 1.74002e+07 2.5172e+07 3.61193e+07 5.1827e+07 7.45717e+07 
43.372 9.83167 17.7254 31.9822 57.7624 104.394 188.87 342.202 620.934 1128 2053.54 3748.4 6853.13 12564.9 23125.8 42720 -1.84222e+06 96162 117512 145084 180609 226646 287547 369882 480806 631789 845522 1.14561e+06 1.57024e+06 2.18385e+06 3.08103e+06 4.38883e+06 6.31005e+06 9.17981e+06 1.33977e+07 1.95553e+07 2.83242e+07 4.06734e+07 5.83933e+07 8.40518e+07 
30.6255 6.94262 12.5175 22.5872 40.7977 73.7407 133.427 241.78 438.781 797.237 1451.68 2650.4 4847.01 8889.58 16367.2 30247.4 56056.9 -2.14465e+06 127736 157828 196646 247016 313748 404126 526106 692456 928488 1.26063e+06 1.73173e+06 2.41414e+06 3.41421e+06 4.8752e+06 7.02601e+06 1.02437e+07 1.49805e+07 2.19048e+07 3.17719e+07 4.56642e+07 6.55993e+07 9.44651e+07 
21.4255 4.85732 8.75837 15.8053 28.5506 51.6101 93.3958 169.264 307.23 558.33 1016.88 1857.05 3397.19 6232.79 11480.2 21226 39359.6 73393.2 -2.50338e+06 169425 212539 267277 339922 438504 571827 754043 1.01327e+06 1.379e+06 1.89911e+06 2.65463e+06 3.76476e+06 5.39064e+06 7.79003e+06 1.1386e+07 1.66893e+07 2.44535e+07 3.55258e+07 5.11106e+07 7.34755e+07 1.05859e+08 
14.8948 3.37701 6.0897 10.9905 19.8553 35.8967 64.9701 117.768 213.802 388.636 708.015 1293.39 2366.94 4344.46 8005.99 14810.8 27482.4 51285.3 95817.7 -2.92516e+06 226897 285722 363952 470376 614662 812395 1.09462e+06 1.49407e+06 2.06404e+06 2.89489e+06 4.11979e+06 5.91947e+06 8.58355e+06 1.25852e+07 1.85001e+07 2.71765e+07 3.95613e+07 5.69874e+07 8.19959e+07 1.18206e+08 
10.2479 2.32363 4.19057 7.56385 13.6665 24.7115 44.7336 81.1022 147.271 267.773 487.98 891.744 1632.61 2998.09 5527.97 10233.1 19003 35493 66765.6 126031 -3.42929e+06 302209 385652 499491 654279 867068 1.17194e+06 1.6051e+06 2.22559e+06 3.13385e+06 4.47819e+06 6.46089e+06 9.40669e+06 1.38435e+07 2.04191e+07 3.00866e+07 4.3902e+07 6.33334e+07 9.12208e+07 1.31596e+08 
6.96049 1.57838 2.84685 5.13912 9.28675 16.795 30.4088 55.1434 100.159 182.168 332.092 607.11 1112.03 2043.23 3769.73 6983.41 12979.5 24266.6 45698.8 86381 164489 -4.0366e+06 399897 525170 689796 916921 1.24377e+06 1.71017e+06 2.38133e+06 3.36852e+06 4.83648e+06 7.01115e+06 1.02561e+07 1.51589e+07 2.2448e+07 3.31928e+07 4.85687e+07 7.01855e+07 1.0121e+08 1.46122e+08 
4.67042 1.05919 1.91065 3.44958 6.23463 11.2774 20.4233 37.0451 67.306 122.459 223.331 408.465 748.588 1376.32 2541.11 4711.32 8765.38 16406.5 30936.6 58569.2 111731 212863 -4.78072e+06 544938 718053 957897 1.30485e+06 1.80253e+06 2.5226e+06 3.58793e+06 5.18105e+06 7.5539e+06 1.11131e+07 1.65119e+07 2.45685e+07 3.6483e+07 5.35612e+07 7.75593e+07 1.12003e+08 1.61854e+08 
3.0985 0.702782 1.26792 2.28955 4.1388 7.48809 13.5644 24.6112 44.7305 81.4176 148.553 271.841 498.516 917.227 1694.91 3145.5 5859.06 10981.4 20738.2 39334.6 75198.8 145263 283173 -5.68431e+06 734634 984239 1.34764e+06 1.87226e+06 2.63647e+06 3.7754e+06 5.49093e+06 8.06372e+06 1.19488e+07 1.78716e+07 2.67527e+07 3.99399e+07 5.88833e+07 8.5487e+07 1.2367e+08 1.78916e+08 
2.01915 0.458032 0.826489 1.4927 2.69891 4.88419 8.85007 16.0628 29.2048 53.1821 97.0849 177.762 326.22 600.71 1111.06 2064.2 3849.99 7226.65 13670.6 25983.1 49793.2 96449.5 188619 371360 -6.81225e+06 997754 1.3742e+06 1.92173e+06 2.72562e+06 3.93412e+06 5.77017e+06 8.5465e+06 1.2773e+07 1.92558e+07 2.90326e+07 4.36211e+07 6.46327e+07 9.41232e+07 1.36448e+08 1.9766e+08 
1.2884 0.292308 0.527543 0.952974 1.72343 3.11972 5.65467 10.2668 18.6745 34.0233 62.1454 113.861 209.115 385.417 713.59 1327.34 2479.23 4661.35 8834.35 16829.7 32338.3 62830 123311 243826 488967 -8.25674e+06 1.37821e+06 1.94928e+06 2.78757e+06 4.06052e+06 6.01427e+06 8.99753e+06 1.35828e+07 2.06683e+07 3.14272e+07 4.75748e+07 7.09065e+07 1.03634e+08 1.50603e+08 2.18489e+08 
0.809921 0.183783 0.331749 0.599421 1.08432 1.96342 3.56009 6.46647 11.7675 21.4517 39.2081 71.8886 132.147 243.812 451.945 841.818 1574.99 2966.91 5635.23 10764.2 20748.1 40456 79735.9 158475 319678 654222 -1.00637e+07 1.92567e+06 2.78241e+06 4.10056e+06 6.15139e+06 9.32422e+06 1.42649e+07 2.19795e+07 3.38028e+07 5.16885e+07 7.76465e+07 1.14037e+08 1.66258e+08 2.41656e+08 
0.495723 0.112507 0.203132 0.367118 0.664279 1.20324 2.18257 3.96611 7.22111 13.1718 24.0915 44.207 81.3406 150.242 278.852 520.18 974.99 1840.46 3503.96 6712.72 12983.2 25415.1 50325.1 100592 204251 422758 879816 -1.24125e+07 2.71977e+06 4.06354e+06 6.18944e+06 9.53224e+06 1.48237e+07 2.31986e+07 3.61867e+07 5.60333e+07 8.50034e+07 1.25604e+08 1.83857e+08 2.6784e+08 
0.293201 0.066556 0.120194 0.217283 0.393275 0.712609 1.29314 2.35095 4.28267 7.81697 14.308 26.2766 48.3982 89.5009 166.341 310.79 583.647 1104.18 2107.5 4050.11 7862.25 15455.9 30759 61864.6 126521 264037 555203 1.18783e+06 -1.55292e+07 3.90216e+06 6.11551e+06 9.59727e+06 1.52202e+07 2.4275e+07 3.85272e+07 6.05832e+07 9.30174e+07 1.3848e+08 2.03701e+08 2.97541e+08 
0.166904 0.0378944 0.0684504 0.123776 0.224099 0.406216 0.73746 1.34137 2.44494 4.4657 8.18028 15.0364 27.7252 51.3358 95.5469 178.819 336.503 638.121 1221.25 2354.85 4589.47 9063.49 18136.3 36725.2 75704.9 159442 339200 735712 1.61766e+06 -1.97568e+07 5.84422e+06 9.38689e+06 1.52575e+07 2.49363e+07 4.04755e+07 6.49367e+07 1.01277e+08 1.52268e+08 2.25421e+08 3.3037e+08 
0.0899546 0.0204277 0.0369085 0.0667586 0.120906 0.219245 0.3982 0.724651 1.32159 2.41559 4.42842 8.14738 15.0393 27.8826 51.9718 97.4349 183.74 349.279 670.312 1297.02 2538.21 5036.48 10135.9 20672.3 42974 91399.7 196937 433706 981195 2.26187e+06 -2.54608e+07 8.65329e+06 1.4515e+07 2.45151e+07 4.10362e+07 6.77015e+07 1.07939e+08 1.6458e+08 2.45872e+08 3.61986e+08 
0.0392805 0.00892195 0.016124 0.0291724 0.0528504 0.0958721 0.174202 0.317173 0.578781 1.05862 1.94227 3.57659 6.60929 12.2692 22.9025 43.0105 81.278 154.878 298.055 578.724 1137.19 2267.27 4589.17 9427.45 19766.2 42462.1 92700.6 207422 478175 1.12818e+06 2.68719e+06 -3.44281e+07 1.14061e+07 2.00561e+07 3.48981e+07 5.96786e+07 9.79285e+07 1.52133e+08 2.30052e+08 3.40732e+08 
0.0194153 0.00441075 0.00797312 0.0144293 0.0261489 0.0474523 0.0862591 0.15713 0.286894 0.525101 0.964162 1.77701 3.28734 6.11012 11.422 21.4864 40.6871 77.7154 149.967 292.183 576.473 1154.77 2350.71 4863.9 10285.5 22318.6 49378.8 112309 264033 638472 1.5694e+06 3.97133e+06 -4.63852e+07 1.91801e+07 3.50574e+07 6.27031e+07 1.06734e+08 1.69864e+08 2.60941e+08 3.8948e+08 
0.00874866 0.00198787 0.00359417 0.00650615 0.0117938 0.0214095 0.0389336 0.0709532 0.129616 0.237385 0.436186 0.804571 1.48987 2.77239 5.18941 9.77715 18.5492 35.5078 68.6907 134.251 265.862 534.873 1094.53 2279.77 4859.19 10642.7 23842.7 55079.6 131968 327008 830651 2.18834e+06 6.01063e+06 -6.3024e+07 3.13556e+07 5.99047e+07 1.08085e+08 1.79106e+08 2.82715e+08 4.27873e+08 
0.0031057 0.000705796 0.00127637 0.00231102 0.00419031 0.00760911 0.0138424 0.025237 0.0461247 0.084524 0.155412 0.286881 0.531719 0.990493 1.85628 3.50232 6.65618 12.7672 24.7551 48.5214 96.4159 194.743 400.416 839.065 1801.32 3978.82 9015.56 21124.1 51496.3 130503 341864 936207 2.70115e+06 7.70932e+06 -8.90091e+07 4.58174e+07 8.94667e+07 1.57412e+08 2.59285e+08 4.01839e+08 
0.000931214 0.000211658 0.000382836 0.00069331 0.0012574 0.00228393 0.00415625 0.00758037 0.0138603 0.0254124 0.0467528 0.0863608 0.160196 0.298701 0.560404 1.05869 2.01518 3.87224 7.52356 14.7845 29.4673 59.7288 123.333 259.831 561.379 1249.34 2859.5 6784.72 16796.4 43428.3 116988 332081 1.00211e+06 3.05505e+06 9.50355e+06 -1.27673e+08 6.45138e+07 1.24629e+08 2.18786e+08 3.52666e+08 
0.000230191 5.23269e-05 9.46596e-05 0.000171455 0.00031101 0.000565042 0.00102852 0.0018764 0.00343206 0.00629511 0.0115869 0.0214144 0.0397485 0.0741701 0.139272 0.263369 0.501928 0.96583 1.87958 3.70099 7.3941 15.029 31.1367 65.8734 143.036 320.202 738.672 1769.93 4434.68 11647.4 32074.2 93706.2 293335 947882 3.19118e+06 1.1094e+07 -1.81572e+08 8.31556e+07 1.62371e+08 2.81971e+08 
4.57835e-05 1.04083e-05 1.88303e-05 3.41104e-05 6.18816e-05 0.000112442 0.000204705 0.000373528 0.000683352 0.00125373 0.00230832 0.00426754 0.00792441 0.0147938 0.0277937 0.052592 0.100306 0.193182 0.376322 0.741924 1.48446 3.02241 6.27464 13.3092 28.9883 65.1287 150.977 363.962 918.791 2437.01 6805.89 20258.9 64967.2 218592 781376 2.98254e+06 1.15724e+07 -2.48004e+08 9.78464e+07 1.99274e+08 
7.15272e-06 1.62616e-06 2.94219e-06 5.33008e-06 9.67041e-06 1.75734e-05 3.19969e-05 5.83929e-05 0.000106843 0.00019606 0.000361054 0.000667663 0.00124015 0.00231597 0.00435278 0.00824013 0.0157245 0.0303031 0.059073 0.116566 0.233467 0.475913 0.989419 2.10238 4.58872 10.3348 24.0349 58.1741 147.578 393.951 1110.24 3345.15 10897.6 37676.5 140539 571720 2.46739e+06 1.06842e+07 -3.28155e+08 1.19784e+08 
8.47642e-07 1.92718e-07 3.48699e-07 6.31739e-07 1.14624e-06 2.08314e-06 3.79322e-06 6.92312e-06 1.26689e-05 2.32508e-05 4.2824e-05 7.92041e-05 0.000147148 0.000274864 0.000516739 0.000978535 0.00186803 0.0036015 0.00702422 0.0138688 0.027797 0.0567078 0.118005 0.251027 0.548613 1.23743 2.88325 6.99438 17.791 47.6509 134.903 408.909 1342.45 4706.09 17976.1 76059.3 353638 1.79586e+06 9.88609e+06 -4.17285e+08 
dt_FE: 2.39643e-09
dt_EA: 2.39643e-09
dt_PE: 2.39643e-09
tolC: 1e-06
dt_grow: 1.03
dt_max: 0.1
steps: 0
