t: 4.24667e-08
dt: 2.39459e-09
N: 0.0285523 0.0328864 0.0378458 0.0435167 0.0499906 0.0573521 0.0657079 0.0751718 0.0858471 0.097812 0.111197 0.126101 0.142501 0.160466 0.180021 0.201035 0.223186 0.246395 0.270356 0.293993 0.316924 0.33848 0.357273 0.371369 0.380169 0.382278 0.373498 0.353593 0.32163 0.276043 0.220064 0.205914 0.115684 0.0421642 0.0164536 0.00534235 0.00142885 0.000308724 5.23111e-05 6.69809e-06 
eC: 1 1.15749 1.33977 1.55077 1.795 2.07768 2.40489 2.78363 3.22201 3.72944 4.31677 4.99661 5.78351 6.69433 7.7486 8.9689 10.3814 12.0163 13.9087 16.0991 18.6345 21.5692 24.9661 28.8979 33.4489 38.7167 44.814 51.8717 60.0407 69.4963 80.4411 93.1095 107.773 124.746 144.391 167.131 193.452 223.918 259.182 300 
dV: 1.08333 0.211322 0.327712 0.508206 0.788112 1.22218 1.89532 2.93921 4.55805 7.06849 10.9616 16.999 26.3615 40.8807 63.3966 98.3136 152.462 236.434 366.655 568.597 881.764 1367.42 2120.55 3288.49 5099.69 7908.45 12264.2 19019 29494.1 45738.6 70930.1 109996 170579 264529 410225 636165 986546 1.52991e+06 2.37254e+06 3.67926e+06 
kVec: 918344 1.06551e+06 1.22884e+06 1.41726e+06 1.63442e+06 1.88392e+06 2.17043e+06 2.49918e+06 2.87575e+06 3.30504e+06 3.79489e+06 4.353e+06 4.98348e+06 5.69555e+06 6.49812e+06 7.39782e+06 8.39253e+06 9.49528e+06 1.07133e+07 1.20183e+07 1.34204e+07 1.49186e+07 1.64932e+07 1.80764e+07 1.97075e+07 2.14206e+07 2.30504e+07 2.47906e+07 2.68586e+07 2.95876e+07 3.3348e+07 3.93425e+07 4.95458e+07 6.54571e+07 9.03321e+07 1.2838e+08 1.82006e+08 2.48344e+08 3.28482e+08 4.17608e+08 
cMat: 
-156196 932.719 1096 1276.64 1488.24 1737.38 2030.89 2376.98 2786.68 3275.17 3856.91 4551.57 5392.09 6409.38 7643.56 9155.88 11035.9 13367.7 16276.5 20007.7 24782.8 30926.3 38984.6 49771.9 64162 83541.6 110634 148209 200714 275612 383808 539699 766158 1.10166e+06 1.59061e+06 2.29931e+06 3.30524e+06 4.72379e+06 6.75858e+06 9.7045e+06 
4722.6 -185333 1257.56 1464.85 1707.66 1993.54 2330.36 2727.51 3197.68 3758.27 4425.91 5223.15 6187.86 7355.51 8772.16 10508.2 12666.5 15343.6 18683.5 22968.1 28452.1 35508.3 44765.2 57159 73694.5 95967.4 127110 170312 230691 316838 441307 620676 881286 1.26743e+06 1.83026e+06 2.64615e+06 3.80426e+06 5.43739e+06 7.77999e+06 1.11716e+07 
3527.54 799.396 -213052 1678.2 1956.38 2283.94 2669.85 3124.91 3663.64 4306.01 5071.07 5984.68 7090.25 8428.49 10052.2 12042.1 14516.3 17585.5 21415 26328.2 32617.6 40711.4 51331.1 65552.3 84529.5 110096 145853 195468 264826 363807 506851 713033 1.01266e+06 1.45669e+06 2.104e+06 3.04245e+06 4.37464e+06 6.25319e+06 8.94785e+06 1.28492e+07 
2606.17 590.602 1064.42 -245424 2238.05 2612.8 3054.32 3574.97 4191.37 4926.39 5801.83 6847.29 8112.51 9644.09 11502.5 13780.3 16612.6 20126.5 24511.3 30137.9 37341.5 46613.2 58780.8 75078.3 96831 126144 167151 224065 303648 417253 581474 818236 1.16239e+06 1.67248e+06 2.41624e+06 3.49469e+06 5.02571e+06 7.18458e+06 1.02814e+07 1.47649e+07 
1922.06 435.575 785.027 1415.9 -283139 2957.58 3488.5 4083.24 4787.38 5627.06 6627.2 7821.66 9267.29 11017.4 13141.1 15744.3 18981.8 22998.6 28011.6 34445.5 42684.1 53289.8 67211 85861.8 110762 144324 191290 256494 347698 477931 666241 937810 1.33266e+06 1.91802e+06 2.77168e+06 4.00972e+06 5.76743e+06 8.24587e+06 1.18011e+07 1.69484e+07 
1415.4 320.758 578.102 1042.69 1865.64 -326932 3975.11 4652.92 5455.44 6412.5 7552.51 8914.1 10562.1 12557.5 14979 17947.6 21639.9 26221.8 31941 39282.6 48685.3 60792.5 76688.4 97991.2 126440 164798 218495 293069 397418 546477 762084 1.07312e+06 1.52551e+06 2.19631e+06 3.17484e+06 4.59425e+06 6.60965e+06 9.45133e+06 1.35277e+07 1.94295e+07 
1040.15 235.724 424.849 766.291 1383.43 2499.07 -377728 5289.46 6201.96 7290.25 8586.66 10135.2 12009.6 14279.3 17034.2 20411.7 24613.5 29828.3 36338.7 44697.9 55406.6 69198.7 87312.2 111595 144035 187789 249067 334206 453388 623708 870168 1.22586e+06 1.74337e+06 2.51097e+06 3.631e+06 5.25608e+06 7.56376e+06 1.08174e+07 1.54847e+07 2.22423e+07 
762.4 172.78 311.409 561.691 1014.07 1831.89 3312.51 -436579 6959.66 8267.61 9738.27 11495 13621.9 16197.5 19323.9 23157.7 27927.9 33849.3 41243.3 50739.5 62908 78584.8 99180.3 126801 163714 213524 283315 380327 516195 710458 991692 1.39774e+06 1.98879e+06 2.86573e+06 4.14572e+06 6.00339e+06 8.64168e+06 1.23613e+07 1.76971e+07 2.54226e+07 
557.27 126.294 227.629 410.584 741.281 1339.14 2421.56 4339.19 -504892 9347.62 11011 12998.1 15404.2 18318.3 21856.2 26195.3 31595.3 38299.9 46673.8 57431.9 71221.6 88992.8 112349 143686 185584 242147 321446 431734 586282 807379 1.12763e+06 1.59025e+06 2.26398e+06 3.26395e+06 4.72406e+06 6.84384e+06 9.8548e+06 1.40995e+07 2.01888e+07 2.90053e+07 
406.296 92.0802 165.967 299.368 540.503 976.457 1765.79 3197.66 5798.72 -583832 12400.3 14639.2 17350.6 20635 24623.1 29515.4 35605.4 43168.7 52617.6 64761.2 80332.7 100408 126805 162241 209644 273677 363508 488528 663836 914808 1.27857e+06 1.80436e+06 2.57055e+06 3.70825e+06 5.37023e+06 7.784e+06 1.12131e+07 1.60471e+07 2.29817e+07 3.30223e+07 
295.095 66.8797 120.548 217.448 392.609 709.301 1282.73 2322.99 4212.8 7647.96 -675365 16426.2 19470.4 23158.7 27638.2 33134.4 39978.2 48480.2 59105.1 72765.8 90290.1 112893 142629 182573 236038 308308 409772 551087 749399 1.03353e+06 1.44565e+06 2.04177e+06 2.91103e+06 4.20242e+06 6.08991e+06 8.83239e+06 1.27293e+07 1.82222e+07 2.61023e+07 3.7512e+07 
213.363 48.3572 87.164 157.234 283.9 512.925 927.638 1680.01 3046.93 5531.83 10064.1 -781638 21597.8 25886.4 30897.9 37048.6 44709.9 54230.5 66132.4 81442.4 101092 126449 159828 204695 264793 346088 460324 619562 843221 1.16395e+06 1.62955e+06 2.30358e+06 3.28719e+06 4.7493e+06 6.88756e+06 9.99597e+06 1.44138e+07 2.06404e+07 2.95734e+07 4.25077e+07 
153.719 34.8402 62.8015 113.291 204.565 369.607 668.482 1210.74 2196 3987.28 7254.77 13134.8 -904668 28764.5 34339.3 41183.4 49711.7 60313.9 73573.7 90640.2 112556 140856 178136 228288 295523 386553 514605 693287 944525 1.3052e+06 1.82932e+06 2.58881e+06 3.69819e+06 5.34841e+06 7.7635e+06 1.12765e+07 1.62707e+07 2.33088e+07 3.34064e+07 4.80271e+07 
110.185 24.9739 45.0186 81.2146 146.653 264.987 479.293 868.149 1574.75 2859.57 5203.51 9493.29 17345.6 -1.04768e+06 37946.4 45520.1 54961.9 66705 81398.8 100324 124642 156067 197497 253288 328155 429624 572538 772200 1.05328e+06 1.45733e+06 2.04516e+06 2.89797e+06 4.14504e+06 6.00157e+06 8.72088e+06 1.26792e+07 1.83083e+07 2.62402e+07 3.76203e+07 5.40983e+07 
78.4794 17.7884 32.0671 57.8524 104.472 188.782 341.483 618.584 1122.17 2037.96 3708.92 6767.53 12367.4 22663.5 -1.21415e+06 49464.2 60416.4 73351.2 89545.1 110418 137259 171972 217781 279536 362499 475074 633856 855991 1.16916e+06 1.61998e+06 2.27677e+06 3.23086e+06 4.62781e+06 6.70941e+06 9.7613e+06 1.42073e+07 2.05324e+07 2.94435e+07 4.22291e+07 6.07424e+07 
55.545 12.5905 22.6979 40.9516 73.9565 133.65 241.776 438.01 794.676 1443.39 2627.25 4794.66 8763.86 16063.6 29226.4 -1.40943e+06 65943.8 80095.1 97823.5 120694 150131 188235 238575 306526 397929 522131 697601 943481 1.2907e+06 1.79139e+06 2.52203e+06 3.58504e+06 5.14378e+06 7.469e+06 1.08819e+07 1.58585e+07 2.29417e+07 3.2919e+07 4.7235e+07 6.79644e+07 
39.0929 8.86167 15.9766 28.8268 52.0635 94.0942 170.236 308.44 559.672 1016.71 1850.93 3378.58 6176.99 11325.2 20844.2 38505.1 -1.63699e+06 86674.6 105918 130770 162790 204285 259178 333389 433369 569456 762102 1.03258e+06 1.41532e+06 1.96839e+06 2.77705e+06 3.95582e+06 5.68749e+06 8.27411e+06 1.20759e+07 1.76259e+07 2.55297e+07 3.66605e+07 5.26322e+07 7.57591e+07 
27.2811 6.18447 11.1506 20.1207 36.3425 65.6881 118.857 215.377 390.865 710.177 1293.15 2360.97 4317.7 7918.81 14579.9 26944.3 49935.3 -1.90538e+06 113787 140592 175172 220041 279486 359995 468654 616838 827095 1.12297e+06 1.54262e+06 2.15051e+06 3.04137e+06 4.34281e+06 6.25875e+06 9.12507e+06 1.33446e+07 1.95127e+07 2.83023e+07 4.06775e+07 5.84357e+07 8.41493e+07 
18.8535 4.27424 7.707 13.908 25.1233 45.4147 82.1844 148.945 270.35 491.307 894.815 1634.13 2989.39 5484.59 10102.1 18678 34634.8 64582.9 -2.22484e+06 149087 187025 235192 299117 385865 503184 663526 891634 1.21346e+06 1.67113e+06 2.33596e+06 3.31283e+06 4.74353e+06 6.8549e+06 1.00192e+07 1.46859e+07 2.1518e+07 3.12612e+07 4.49752e+07 6.46553e+07 9.31514e+07 
12.9499 2.93604 5.29451 9.55537 17.2626 31.2093 56.4864 102.39 185.884 337.889 615.563 1124.5 2057.86 3777.16 6960.58 12876.8 23893.8 44588.5 83305.9 -2.60245e+06 197269 248413 316427 408954 534400 706313 951682 1.29898e+06 1.79452e+06 2.51688e+06 3.58183e+06 5.14651e+06 7.46272e+06 1.09419e+07 1.60844e+07 2.36278e+07 3.43954e+07 4.95461e+07 7.1289e+07 1.0277e+08 
8.80787 1.99712 3.60172 6.50099 11.7461 21.2391 38.4477 69.7059 126.577 230.146 419.41 766.438 1403.2 2576.81 4751.19 8795.19 16332.7 30505.6 57383.8 108321 -3.05696e+06 259744 331461 429304 562341 745229 1.00726e+06 1.37955e+06 1.91285e+06 2.69349e+06 3.84892e+06 5.55302e+06 8.08487e+06 1.18982e+07 1.75499e+07 2.58589e+07 3.77329e+07 5.44339e+07 7.84026e+07 1.13104e+08 
5.92081 1.34262 2.42162 4.37149 7.89959 14.2863 25.8666 46.9066 85.1981 154.958 282.487 516.426 945.928 1738.04 3206.65 5940.3 11040.8 20641.9 38872.8 73478.3 139919 -3.60955e+06 340165 446725 586761 779961 1.05799e+06 1.45472e+06 2.02563e+06 2.86536e+06 4.11406e+06 5.96389e+06 8.72412e+06 1.28947e+07 1.9095e+07 2.82348e+07 4.1314e+07 5.97019e+07 8.60925e+07 1.24296e+08 
3.94075 0.893708 1.61214 2.91065 5.26058 9.51553 17.2326 31.2575 56.7907 103.327 188.44 344.65 631.634 1161.29 2144.11 3975.26 7395.94 13843.3 26103.3 49418.9 94275.4 179607 -4.29355e+06 459802 605870 808243 1.10099e+06 1.52092e+06 2.12849e+06 3.02738e+06 4.3716e+06 6.37374e+06 9.37691e+06 1.39322e+07 2.07301e+07 3.07832e+07 4.51932e+07 6.5442e+07 9.45042e+07 1.36567e+08 
2.60308 0.590413 1.06519 1.92347 3.47704 6.29081 11.3956 20.6761 37.5785 68.3996 124.8 228.376 418.807 770.57 1423.9 2642.56 4922.24 9225.54 17422.4 33045.3 63175.1 122037 237896 -5.13466e+06 617172 826867 1.13216e+06 1.5729e+06 2.21492e+06 3.17175e+06 4.61297e+06 6.7744e+06 1.00383e+07 1.50141e+07 2.24751e+07 3.35538e+07 4.94683e+07 7.18183e+07 1.03896e+08 1.50309e+08 
1.69653 0.384846 0.69443 1.25419 2.26767 4.10377 7.43598 13.4962 24.5384 44.6845 81.5723 149.359 274.096 504.727 933.531 1734.38 3234.83 6071.96 11486.2 21831.4 41837.1 81038.5 158481 312023 -6.19919e+06 838329 1.15462e+06 1.61467e+06 2.29011e+06 3.30551e+06 4.84819e+06 7.18091e+06 1.07321e+07 1.6179e+07 2.43937e+07 3.66511e+07 5.43055e+07 7.90839e+07 1.14646e+08 1.66077e+08 
1.08876 0.247013 0.445798 0.805306 1.45638 2.63631 4.77846 8.67593 15.7808 28.7513 52.5157 96.2176 176.711 325.695 603.016 1121.66 2095.06 3939.06 7465.43 14221.9 27327.3 53094.2 104204 206044 413199 -7.58192e+06 1.16465e+06 1.64723e+06 2.35562e+06 3.43133e+06 5.08233e+06 7.60332e+06 1.14781e+07 1.74656e+07 2.65574e+07 4.02028e+07 5.99192e+07 8.75755e+07 1.27266e+08 1.84633e+08 
0.693621 0.157393 0.284112 0.513347 0.928615 1.68148 3.04888 5.53792 10.0778 18.3713 33.578 61.5658 113.172 208.802 387.048 720.938 1348.83 2540.88 4826.04 9218.48 17768.8 34646.8 68286.3 135719 273774 560279 -9.33628e+06 1.64916e+06 2.38287e+06 3.51174e+06 5.26809e+06 7.98531e+06 1.22166e+07 1.88233e+07 2.89489e+07 4.42663e+07 6.64969e+07 9.76623e+07 1.42384e+08 2.06956e+08 
0.433278 0.0983347 0.177544 0.320874 0.580601 1.05167 1.90764 3.46651 6.31148 11.5126 21.0567 38.6383 71.0943 131.316 243.726 454.654 852.173 1608.62 3062.58 5867.14 11347.8 22213.7 43985.8 87920.8 178523 369504 768988 -1.16472e+07 2.37717e+06 3.55167e+06 5.40977e+06 8.33149e+06 1.29564e+07 2.02763e+07 3.16283e+07 4.89749e+07 7.42957e+07 1.09782e+08 1.60697e+08 2.34101e+08 
0.263144 0.059733 0.107873 0.195008 0.352959 0.639556 1.16057 2.10994 3.84364 7.01562 12.8412 23.5829 43.4367 80.3258 149.289 278.93 523.815 990.983 1891.45 3634.92 7056.26 13871.4 27605.8 55522.6 113550 236970 498287 1.06606e+06 -1.47535e+07 3.50214e+06 5.48858e+06 8.61341e+06 1.36599e+07 2.17865e+07 3.45776e+07 5.43725e+07 8.34818e+07 1.24283e+08 1.82819e+08 2.67039e+08 
0.154447 0.0350661 0.0633415 0.114538 0.207373 0.375898 0.682419 1.24126 2.26246 4.13239 7.56973 13.9142 25.6559 47.5042 88.4156 165.473 311.388 590.494 1130.1 2179.09 4246.93 8387.02 16782.7 33984.2 70054.6 147542 313883 680801 1.49692e+06 -1.90081e+07 5.40803e+06 8.68629e+06 1.41188e+07 2.30751e+07 3.74545e+07 6.00901e+07 9.3718e+07 1.40903e+08 2.08597e+08 3.05712e+08 
0.0860969 0.0195517 0.0353257 0.0638956 0.115721 0.209842 0.381123 0.693574 1.26492 2.312 4.23851 7.79798 14.3943 26.6868 49.743 93.2564 175.86 334.3 641.566 1241.4 2429.36 4820.49 9701.26 19785.7 41131.1 87480.1 188491 415106 939117 2.16487e+06 -2.47768e+07 8.2822e+06 1.38926e+07 2.34638e+07 3.92764e+07 6.47981e+07 1.0331e+08 1.57522e+08 2.35328e+08 3.46463e+08 
0.041993 0.00953805 0.0172374 0.0311869 0.0564999 0.102492 0.186232 0.339075 0.618748 1.13172 2.0764 3.82356 7.06568 13.1164 24.484 45.9805 86.8905 165.573 318.637 618.687 1215.72 2423.83 4906.07 10078.4 21131.1 45394.3 99101.9 221746 511195 1.20609e+06 2.87275e+06 -3.33459e+07 1.21937e+07 2.1441e+07 3.7308e+07 6.37996e+07 1.04691e+08 1.62638e+08 2.45938e+08 3.64261e+08 
0.0204544 0.0046468 0.00839982 0.0152015 0.0275483 0.0499918 0.0908755 0.165539 0.302247 0.553204 1.01576 1.87212 3.46327 6.43712 12.0333 22.6363 42.8646 81.8746 157.993 307.82 607.324 1216.57 2476.52 5124.2 10836 23513.1 52021.4 118320 278164 672641 1.65339e+06 4.18386e+06 -4.54476e+07 2.02066e+07 3.69336e+07 6.60588e+07 1.12447e+08 1.78955e+08 2.74906e+08 4.10324e+08 
0.0087375 0.00198534 0.00358959 0.00649786 0.0117788 0.0213822 0.038884 0.0708627 0.129451 0.237083 0.43563 0.803545 1.48797 2.76885 5.1828 9.76468 18.5256 35.4625 68.6031 134.08 265.523 534.191 1093.13 2276.86 4852.99 10629.1 23812.3 55009.3 131799 326591 829591 2.18555e+06 6.00297e+06 -6.27871e+07 3.13156e+07 5.98283e+07 1.07947e+08 1.78878e+08 2.82355e+08 4.27328e+08 
0.00310547 0.000705744 0.00127628 0.00231085 0.00419 0.00760855 0.0138414 0.0252352 0.0461213 0.0845177 0.155401 0.28686 0.53168 0.99042 1.85614 3.50206 6.65569 12.7662 24.7533 48.5178 96.4088 194.729 400.387 839.003 1801.19 3978.53 9014.9 21122.6 51492.6 130493 341839 936139 2.70095e+06 7.70876e+06 -8.88994e+07 4.5814e+07 8.94601e+07 1.57401e+08 2.59266e+08 4.01809e+08 
0.000931287 0.000211675 0.000382866 0.000693365 0.0012575 0.00228411 0.00415658 0.00758097 0.0138614 0.0254144 0.0467564 0.0863676 0.160209 0.298724 0.560448 1.05877 2.01534 3.87254 7.52415 14.7857 29.4696 59.7335 123.343 259.851 561.423 1249.44 2859.72 6785.26 16797.7 43431.8 116997 332107 1.00219e+06 3.05529e+06 9.5043e+06 -1.27715e+08 6.45189e+07 1.24639e+08 2.18803e+08 3.52694e+08 
0.000230198 5.23285e-05 9.46625e-05 0.00017146 0.00031102 0.000565059 0.00102855 0.00187646 0.00343216 0.00629531 0.0115873 0.021415 0.0397497 0.0741724 0.139276 0.263378 0.501943 0.965859 1.87963 3.7011 7.39432 15.0294 31.1376 65.8754 143.041 320.212 738.694 1769.98 4434.82 11647.7 32075.1 93709 293344 947911 3.19127e+06 1.10943e+07 -1.81752e+08 8.31582e+07 1.62376e+08 2.8198e+08 
4.57838e-05 1.04083e-05 1.88304e-05 3.41106e-05 6.1882e-05 0.000112443 0.000204707 0.000373531 0.000683356 0.00125374 0.00230833 0.00426756 0.00792446 0.0147939 0.0277939 0.0525923 0.100306 0.193183 0.376325 0.741929 1.48446 3.02243 6.27468 13.3093 28.9885 65.1292 150.978 363.964 918.797 2437.03 6805.93 20259 64967.7 218594 781382 2.98256e+06 1.15725e+07 -2.48268e+08 9.7847e+07 1.99275e+08 
7.15272e-06 1.62616e-06 2.9422e-06 5.33009e-06 9.67042e-06 1.75734e-05 3.19969e-05 5.8393e-05 0.000106844 0.00019606 0.000361054 0.000667664 0.00124015 0.00231597 0.00435279 0.00824014 0.0157245 0.0303031 0.059073 0.116566 0.233467 0.475914 0.98942 2.10239 4.58873 10.3348 24.0349 58.1742 147.578 393.951 1110.24 3345.15 10897.6 37676.5 140539 571721 2.4674e+06 1.06842e+07 -3.28465e+08 1.19785e+08 
8.47642e-07 1.92718e-07 3.48699e-07 6.31739e-07 1.14624e-06 2.08314e-06 3.79322e-06 6.92312e-06 1.26689e-05 2.32508e-05 4.2824e-05 7.92041e-05 0.000147148 0.000274864 0.000516739 0.000978535 0.00186803 0.0036015 0.00702422 0.0138688 0.027797 0.0567079 0.118005 0.251027 0.548613 1.23743 2.88325 6.99438 17.791 47.6509 134.903 408.909 1342.45 4706.09 17976.1 76059.3 353638 1.79586e+06 9.88609e+06 -4.17606e+08 
dt_FE: 2.39459e-09
dt_EA: 2.39459e-09
dt_PE: 2.39459e-09
tolC: 1e-06
dt_grow: 1.03
dt_max: 0.1
steps: 0
