t: 5.44378e-08
dt: 2.39374e-09
N: 0.0374819 0.0431334 0.0495876 0.0569516 0.0653369 0.0748433 0.0855968 0.097729 0.111352 0.126541 0.143431 0.162111 0.182502 0.204637 0.228484 0.253804 0.280124 0.307266 0.334773 0.361287 0.3863 0.408977 0.427696 0.440292 0.446087 0.443493 0.428109 0.399655 0.357203 0.299751 0.231057 0.185052 0.100266 0.0406769 0.0156978 0.00506786 0.00135318 0.000292309 4.95322e-05 6.3429e-06 
eC: 1 1.15749 1.33977 1.55077 1.795 2.07768 2.40489 2.78363 3.22201 3.72944 4.31677 4.99661 5.78351 6.69433 7.7486 8.9689 10.3814 12.0163 13.9087 16.0991 18.6345 21.5692 24.9661 28.8979 33.4489 38.7167 44.814 51.8717 60.0407 69.4963 80.4411 93.1095 107.773 124.746 144.391 167.131 193.452 223.918 259.182 300 
dV: 1.08333 0.211322 0.327712 0.508206 0.788112 1.22218 1.89532 2.93921 4.55805 7.06849 10.9616 16.999 26.3615 40.8807 63.3966 98.3136 152.462 236.434 366.655 568.597 881.764 1367.42 2120.55 3288.49 5099.69 7908.45 12264.2 19019 29494.1 45738.6 70930.1 109996 170579 264529 410225 636165 986546 1.52991e+06 2.37254e+06 3.67926e+06 
kVec: 938051 1.08813e+06 1.25475e+06 1.4469e+06 1.66826e+06 1.92246e+06 2.2142e+06 2.54873e+06 2.93162e+06 3.36769e+06 3.86474e+06 4.43037e+06 5.06831e+06 5.78751e+06 6.59643e+06 7.50091e+06 8.49765e+06 9.59867e+06 1.08096e+07 1.20994e+07 1.34761e+07 1.49359e+07 1.64561e+07 1.79651e+07 1.95013e+07 2.10986e+07 2.2596e+07 2.41971e+07 2.6135e+07 2.8773e+07 3.25181e+07 3.86055e+07 4.89902e+07 6.50989e+07 9.014e+07 1.28323e+08 1.82051e+08 2.48449e+08 3.2862e+08 4.17757e+08 
cMat: 
-145930 924.145 1085.92 1264.91 1474.56 1721.41 2012.22 2355.13 2761.07 3245.06 3821.46 4509.73 5342.52 6350.47 7573.3 9071.72 10934.5 13244.8 16126.9 19823.8 24555 30642 38626.2 49314.4 63572.2 82773.7 109617 146847 198869 273079 380280 534738 759115 1.09153e+06 1.57599e+06 2.27818e+06 3.27486e+06 4.68037e+06 6.69646e+06 9.61529e+06 
4672.56 -173365 1244.24 1449.33 1689.56 1972.42 2305.67 2698.61 3163.8 3718.45 4379.02 5167.81 6122.29 7277.57 8679.22 10396.9 12532.3 15181 18485.6 22724.8 28150.6 35132.1 44290.9 56553.3 72913.7 94950.6 125763 168507 228247 313481 436631 614100 871949 1.254e+06 1.81087e+06 2.61811e+06 3.76395e+06 5.37978e+06 7.69756e+06 1.10532e+07 
3484.49 789.64 -199157 1657.72 1932.51 2256.06 2637.27 3086.77 3618.93 4253.46 5009.18 5911.64 7003.73 8325.63 9929.54 11895.2 14339.2 17370.9 21153.6 26006.9 32219.5 40214.6 50704.7 64752.3 83497.9 108753 144073 193082 261594 359367 500665 704331 1.0003e+06 1.43891e+06 2.07832e+06 3.00533e+06 4.32125e+06 6.17688e+06 8.83865e+06 1.26923e+07 
2569.56 582.307 1049.47 -229279 2206.62 2576.1 3011.42 3524.76 4132.5 4857.19 5720.33 6751.12 7998.56 9508.63 11341 13586.7 16379.3 19843.8 24167 29714.5 36817 45958.5 57955.2 74023.7 95470.9 124372 164803 220917 299383 411393 573306 806743 1.14606e+06 1.64899e+06 2.3823e+06 3.4456e+06 4.95512e+06 7.08366e+06 1.01369e+07 1.45575e+07 
1891.01 428.539 772.345 1393.02 -264363 2909.81 3432.15 4017.28 4710.05 5536.16 6520.15 7695.31 9117.59 10839.4 12928.9 15490 18675.1 22627.1 27559.2 33889.1 41994.5 52429 66125.3 84474.8 108972 141993 188200 252351 342081 470210 655479 922661 1.31114e+06 1.88704e+06 2.72691e+06 3.94495e+06 5.67426e+06 8.11266e+06 1.16105e+07 1.66746e+07 
1389.13 314.807 567.375 1023.35 1831.02 -305085 3901.35 4566.58 5354.21 6293.51 7412.37 8748.69 10366.2 12324.5 14701.1 17614.6 21238.4 25735.3 31348.3 38553.7 47782 59664.5 75265.5 96172.9 124094 161740 214440 287631 390044 536337 747943 1.05321e+06 1.4972e+06 2.15556e+06 3.11592e+06 4.509e+06 6.48701e+06 9.27596e+06 1.32767e+07 1.9069e+07 
1018.01 230.706 415.805 749.978 1353.98 2445.87 -352293 5176.86 6069.94 7135.05 8403.87 9919.4 11754 13975.3 16671.5 19977.2 24089.5 29193.4 35565.1 43746.4 54227.1 67725.7 85453.5 109220 140968 183792 243765 327092 443736 610431 851644 1.19976e+06 1.70626e+06 2.45752e+06 3.55371e+06 5.14419e+06 7.40274e+06 1.05871e+07 1.51551e+07 2.17688e+07 
743.804 168.566 303.814 547.991 989.339 1787.21 3231.72 -406946 6789.91 8065.96 9500.75 11214.7 13289.6 15802.4 18852.6 22592.9 27246.7 33023.7 40237.3 49501.9 61373.6 76668.1 96761.2 123708 159721 208316 276404 371050 503604 693129 967504 1.36365e+06 1.94028e+06 2.79583e+06 4.0446e+06 5.85696e+06 8.4309e+06 1.20598e+07 1.72654e+07 2.48025e+07 
541.722 122.77 221.278 399.129 720.599 1301.77 2354 4218.13 -470346 9086.82 10703.8 12635.5 14974.4 17807.2 21246.4 25464.4 30713.7 37231.4 45371.6 55829.5 69234.5 86509.9 109214 139677 180406 235391 312478 419689 569924 784853 1.09617e+06 1.54589e+06 2.20082e+06 3.17288e+06 4.59226e+06 6.65289e+06 9.57984e+06 1.37061e+07 1.96255e+07 2.8196e+07 
393.358 89.1481 160.682 289.835 523.291 945.363 1709.56 3095.83 5614.06 -543558 12005.4 14173.1 16798.1 19977.9 23839.1 28575.5 34471.6 41794.1 50942 62699 77774.7 97210.8 122767 157074 202969 264962 351933 472971 642697 885677 1.23785e+06 1.74691e+06 2.48869e+06 3.59016e+06 5.19922e+06 7.53613e+06 1.08561e+07 1.55361e+07 2.22499e+07 3.19708e+07 
284.393 64.4542 116.176 209.561 378.37 683.577 1236.21 2238.74 4060.01 7370.59 -628389 15830.4 18764.3 22318.8 26635.8 31932.7 38528.3 46722 56961.5 70126.8 87015.6 108799 137457 175951 227478 297126 394911 531101 722221 996045 1.39322e+06 1.96772e+06 2.80545e+06 4.05001e+06 5.86905e+06 8.51207e+06 1.22677e+07 1.75613e+07 2.51557e+07 3.61516e+07 
204.572 46.3646 83.5723 150.755 272.202 491.789 889.413 1610.79 2921.38 5303.89 9649.35 -726820 20707.9 24819.7 29624.7 35522 42867.6 51995.8 63407.3 78086.5 96926.2 121238 153242 196260 253882 331827 441356 594032 808475 1.11599e+06 1.5624e+06 2.20865e+06 3.15173e+06 4.5536e+06 6.60375e+06 9.58407e+06 1.38199e+07 1.97899e+07 2.83548e+07 4.07561e+07 
146.549 33.215 59.872 108.006 195.022 352.366 637.298 1154.26 2093.56 3801.28 6916.35 12522 -840739 27422.6 32737.4 39262.2 47392.8 57500.4 70141.6 86412 107306 134286 169826 217639 281737 368521 490599 660947 900465 1.24432e+06 1.74399e+06 2.46805e+06 3.52568e+06 5.09891e+06 7.40135e+06 1.07504e+07 1.55117e+07 2.22215e+07 3.1848e+07 4.57867e+07 
104.387 23.66 42.65 76.9416 138.937 251.045 454.076 822.473 1491.9 2709.11 4929.74 8993.81 16433 -973158 35949.9 43125.2 52070.2 63195.4 77116.1 95045.2 118085 147856 187106 239962 310889 407020 542415 731572 997868 1.38065e+06 1.93756e+06 2.7455e+06 3.92696e+06 5.6858e+06 8.26205e+06 1.20121e+07 1.73451e+07 2.48596e+07 3.5641e+07 5.1252e+07 
73.8412 16.737 30.1718 54.4332 98.2977 177.625 321.301 582.025 1055.84 1917.51 3489.72 6367.56 11636.5 21324 -1.12734e+06 46540.8 56845.7 69016 84252.8 103892 129147 161808 204910 263015 341074 446997 596394 805401 1.10006e+06 1.52423e+06 2.14221e+06 3.03991e+06 4.3543e+06 6.31287e+06 9.18439e+06 1.33676e+07 1.93189e+07 2.77033e+07 3.97333e+07 5.71524e+07 
51.8764 11.7589 21.1988 38.2469 69.072 124.823 225.808 409.081 742.19 1348.06 2453.73 4477.99 8185.03 15002.7 27296.1 -1.30836e+06 61588.4 74805.1 91362.6 112722 140215 175803 222818 286280 371647 487646 651527 881167 1.20545e+06 1.67308e+06 2.35546e+06 3.34826e+06 4.80405e+06 6.9757e+06 1.01632e+07 1.48111e+07 2.14265e+07 3.07448e+07 4.41152e+07 6.34756e+07 
36.2275 8.21214 14.8055 26.7139 48.2474 87.1974 157.758 285.832 518.65 942.187 1715.27 3130.94 5724.24 10495.1 19316.4 35682.9 -1.51966e+06 80321.6 98155 121185 150858 189312 240181 308952 401605 527716 706243 956898 1.31158e+06 1.82411e+06 2.5735e+06 3.66588e+06 5.27062e+06 7.66765e+06 1.11908e+07 1.6334e+07 2.36585e+07 3.39734e+07 4.87744e+07 7.02063e+07 
25.0775 5.68493 10.2499 18.4954 33.407 60.3822 109.256 197.98 359.293 652.813 1188.7 2170.27 3968.95 7279.18 13402.2 24768 45901.9 -1.76946e+06 104596 129236 161023 202267 256911 330917 430799 567014 760287 1.03226e+06 1.41802e+06 1.97681e+06 2.79571e+06 3.99203e+06 5.75321e+06 8.388e+06 1.22667e+07 1.79366e+07 2.60162e+07 3.73919e+07 5.37156e+07 7.73522e+07 
17.189 3.89689 7.02658 12.6801 22.9053 41.4052 74.9287 135.796 246.482 447.931 815.816 1489.86 2725.47 5000.38 9210.25 17029 31577.1 58881.2 -2.06782e+06 135925 170513 214428 272709 351799 458760 604947 812916 1.10633e+06 1.5236e+06 2.12973e+06 3.02035e+06 4.32475e+06 6.24971e+06 9.13468e+06 1.33893e+07 1.96183e+07 2.85013e+07 4.10045e+07 5.89472e+07 8.49275e+07 
11.7155 2.65619 4.78986 8.64459 15.6172 28.2346 51.1023 92.6304 168.166 305.682 556.89 1017.32 1861.72 3417.14 6297.12 11649.4 21616.3 40338.5 75365.5 -2.42208e+06 178466 224735 286267 369974 483463 638990 860972 1.17516e+06 1.62347e+06 2.27698e+06 3.24042e+06 4.65597e+06 6.7514e+06 9.89893e+06 1.45513e+07 2.13757e+07 3.11169e+07 4.48235e+07 6.4494e+07 9.29748e+07 
7.91331 1.79428 3.23591 5.84072 10.5531 19.0819 34.5428 62.6262 113.721 206.772 376.813 688.595 1260.68 2315.09 4268.64 7901.91 14673.9 27407.3 51555.7 97319.5 -2.85085e+06 233363 297796 385702 505227 669540 904961 1.23944e+06 1.71857e+06 2.41992e+06 3.45801e+06 4.98903e+06 7.26374e+06 1.06898e+07 1.57674e+07 2.32325e+07 3.39006e+07 4.89054e+07 7.04397e+07 1.01617e+08 
5.28984 1.19954 2.16356 3.90564 7.05775 12.7639 23.1101 41.9079 76.1188 138.444 252.383 461.392 845.123 1552.82 2864.92 5307.26 9864.2 18442.2 34730.2 65647.9 125008 -3.37573e+06 303914 399119 524232 696843 945241 1.2997e+06 1.80977e+06 2.56001e+06 3.67564e+06 5.32834e+06 7.79442e+06 1.15205e+07 1.70601e+07 2.52259e+07 3.69113e+07 5.33396e+07 7.69179e+07 1.1105e+08 
3.50897 0.795785 1.4355 2.59173 4.68418 8.47292 15.3444 27.8326 50.5682 92.0054 167.793 306.887 562.427 1034.05 1909.18 3539.7 6585.58 12326.5 23243.2 44004.1 83945.7 159927 -4.02997e+06 409421 539486 719684 980358 1.35427e+06 1.89528e+06 2.69567e+06 3.89261e+06 5.67537e+06 8.34949e+06 1.24057e+07 1.84588e+07 2.74103e+07 4.02414e+07 5.82716e+07 8.41494e+07 1.21604e+08 
2.31768 0.52568 0.948403 1.71258 3.09582 5.60109 10.1462 18.4092 33.4584 60.9003 111.117 203.337 372.89 686.085 1267.79 2352.83 4382.57 8214.06 15512.2 29422.2 56248.7 108657 211813 -4.84101e+06 549505 736210 1.00803e+06 1.40045e+06 1.97207e+06 2.824e+06 4.10721e+06 6.03165e+06 8.93772e+06 1.33679e+07 2.0011e+07 2.9875e+07 4.40446e+07 6.39442e+07 9.25048e+07 1.33829e+08 
1.5161 0.343919 0.620578 1.12081 2.0265 3.66735 6.64518 12.0609 21.9288 39.9324 72.8973 133.475 244.946 451.05 834.252 1549.93 2890.81 5426.22 10264.7 19509.7 37387.8 72420.2 141627 278840 -5.87609e+06 749175 1.03183e+06 1.44295e+06 2.04657e+06 2.95398e+06 4.33259e+06 6.41724e+06 9.59073e+06 1.44584e+07 2.17995e+07 3.27534e+07 4.85302e+07 7.06735e+07 1.02454e+08 1.48415e+08 
0.980863 0.222535 0.40162 0.725503 1.31205 2.37506 4.30492 7.81617 14.217 25.9021 47.3115 86.6827 159.2 293.419 543.259 1010.51 1887.45 3548.71 6725.62 12812.5 24619.2 47832.7 93877.4 185626 372252 -7.2312e+06 1.04924e+06 1.48399e+06 2.12219e+06 3.09129e+06 4.57869e+06 6.84985e+06 1.03406e+07 1.57348e+07 2.39257e+07 3.62188e+07 5.39814e+07 7.8897e+07 1.14654e+08 1.66336e+08 
0.633159 0.143673 0.259346 0.4686 0.847669 1.53491 2.78312 5.05519 9.19933 16.7699 30.6511 56.1992 103.307 190.601 353.31 658.095 1231.26 2319.4 4405.36 8414.93 16219.9 31626.7 62333.9 123889 249910 511441 -8.96294e+06 1.5054e+06 2.17516e+06 3.20563e+06 4.80888e+06 7.28925e+06 1.11517e+07 1.71825e+07 2.64255e+07 4.04077e+07 6.07005e+07 8.91492e+07 1.29973e+08 1.88916e+08 
0.402403 0.0913275 0.164892 0.298008 0.539228 0.97673 1.7717 3.21949 5.86173 10.6922 19.5562 35.885 66.0282 121.959 226.358 422.256 791.448 1494 2844.34 5449.05 10539.1 20630.7 40851.4 81655.6 165801 343174 714190 -1.1258e+07 2.20778e+06 3.29858e+06 5.02427e+06 7.73779e+06 1.20331e+07 1.88314e+07 2.93745e+07 4.5485e+07 6.90015e+07 1.01959e+08 1.49246e+08 2.17419e+08 
0.249345 0.0566007 0.102216 0.184782 0.33445 0.606019 1.09971 1.9993 3.64208 6.64773 12.1678 22.3462 41.1589 76.1136 141.46 264.303 496.347 939.017 1792.26 3444.31 6686.24 13144 26158.2 52611 107596 224543 472158 1.01016e+06 -1.43591e+07 3.31849e+06 5.20077e+06 8.16174e+06 1.29436e+07 2.0644e+07 3.27644e+07 5.15213e+07 7.91041e+07 1.17766e+08 1.73232e+08 2.53036e+08 
0.149389 0.0339177 0.0612672 0.110787 0.200582 0.363588 0.660071 1.20061 2.18837 3.99707 7.32184 13.4585 24.8157 45.9486 85.5202 160.054 301.191 571.157 1093.09 2107.73 4107.85 8112.36 16233.1 32871.3 67760.5 142710 303604 658507 1.4479e+06 -1.86197e+07 5.23093e+06 8.40183e+06 1.36564e+07 2.23195e+07 3.6228e+07 5.81222e+07 9.0649e+07 1.36289e+08 2.01765e+08 2.95701e+08 
0.0848834 0.0192761 0.0348278 0.0629951 0.11409 0.206885 0.375752 0.683799 1.24709 2.27941 4.17877 7.68807 14.1915 26.3107 49.0419 91.942 173.382 329.588 632.523 1223.9 2395.12 4752.55 9564.53 19506.9 40551.4 86247.1 185835 409256 925880 2.13436e+06 -2.44028e+07 8.16546e+06 1.36967e+07 2.3133e+07 3.87228e+07 6.38848e+07 1.01854e+08 1.55302e+08 2.32011e+08 3.41579e+08 
0.0430962 0.00978862 0.0176903 0.0320062 0.0579842 0.105185 0.191124 0.347983 0.635004 1.16146 2.13094 3.92401 7.25131 13.461 25.1273 47.1885 89.1732 169.923 327.008 634.94 1247.66 2487.51 5034.95 10343.2 21686.2 46586.8 101705 227571 524624 1.23777e+06 2.94822e+06 -3.28323e+07 1.2514e+07 2.20043e+07 3.82881e+07 6.54757e+07 1.07441e+08 1.66911e+08 2.52399e+08 3.7383e+08 
0.020811 0.00472782 0.00854627 0.0154666 0.0280286 0.0508634 0.0924599 0.168425 0.307517 0.562848 1.03347 1.90476 3.52365 6.54935 12.2431 23.031 43.6119 83.3021 160.748 313.187 617.913 1237.78 2519.69 5213.54 11024.9 23923 52928.4 120383 283013 684369 1.68222e+06 4.25681e+06 -4.50284e+07 2.05589e+07 3.75775e+07 6.72106e+07 1.14407e+08 1.82075e+08 2.79699e+08 4.17478e+08 
0.00875107 0.00198842 0.00359516 0.00650795 0.0117971 0.0214154 0.0389443 0.0709727 0.129652 0.237451 0.436306 0.804793 1.49028 2.77315 5.19084 9.77984 18.5544 35.5176 68.7096 134.288 265.935 535.021 1094.83 2280.39 4860.53 10645.6 23849.3 55094.8 132004 327098 830879 2.18894e+06 6.01229e+06 -6.25997e+07 3.13642e+07 5.99212e+07 1.08114e+08 1.79156e+08 2.82793e+08 4.27991e+08 
0.00310786 0.000706286 0.00127726 0.00231262 0.00419322 0.0076144 0.013852 0.0252546 0.0461568 0.0845827 0.15552 0.287081 0.532088 0.991181 1.85757 3.50475 6.66081 12.776 24.7723 48.5551 96.4829 194.878 400.695 839.648 1802.57 3981.59 9021.83 21138.8 51532.1 130593 342102 936858 2.70303e+06 7.71468e+06 -8.87936e+07 4.58492e+07 8.95289e+07 1.57522e+08 2.59466e+08 4.02118e+08 
0.000931544 0.000211733 0.000382972 0.000693556 0.00125784 0.00228474 0.00415773 0.00758306 0.0138652 0.0254214 0.0467693 0.0863914 0.160253 0.298807 0.560603 1.05906 2.0159 3.87361 7.52622 14.7897 29.4777 59.75 123.377 259.923 561.578 1249.78 2860.51 6787.13 16802.4 43443.7 117029 332199 1.00246e+06 3.05613e+06 9.50692e+06 -1.27696e+08 6.45367e+07 1.24673e+08 2.18863e+08 3.52791e+08 
0.000230215 5.23324e-05 9.46697e-05 0.000171473 0.000311043 0.000565102 0.00102863 0.0018766 0.00343242 0.00629578 0.0115881 0.0214167 0.0397527 0.074178 0.139287 0.263398 0.501981 0.965933 1.87978 3.70138 7.39488 15.0306 31.14 65.8804 143.052 320.236 738.75 1770.12 4435.15 11648.6 32077.6 93716.1 293366 947983 3.19152e+06 1.10951e+07 -1.81811e+08 8.31645e+07 1.62388e+08 2.82001e+08 
4.57845e-05 1.04085e-05 1.88307e-05 3.41112e-05 6.1883e-05 0.000112444 0.00020471 0.000373537 0.000683367 0.00125376 0.00230837 0.00426763 0.00792459 0.0147941 0.0277944 0.0525932 0.100308 0.193186 0.376331 0.741941 1.48449 3.02248 6.27478 13.3095 28.989 65.1303 150.98 363.97 918.812 2437.07 6806.05 20259.3 64968.7 218597 781394 2.98261e+06 1.15727e+07 -2.48378e+08 9.78486e+07 1.99278e+08 
7.15274e-06 1.62617e-06 2.94221e-06 5.3301e-06 9.67045e-06 1.75735e-05 3.1997e-05 5.83931e-05 0.000106844 0.000196061 0.000361055 0.000667666 0.00124015 0.00231598 0.0043528 0.00824017 0.0157246 0.0303032 0.0590732 0.116566 0.233468 0.475915 0.989423 2.10239 4.58874 10.3348 24.035 58.1744 147.579 393.952 1110.24 3345.16 10897.7 37676.6 140540 571722 2.4674e+06 1.06843e+07 -3.28604e+08 1.19785e+08 
8.47643e-07 1.92718e-07 3.487e-07 6.31739e-07 1.14624e-06 2.08314e-06 3.79322e-06 6.92313e-06 1.26689e-05 2.32508e-05 4.2824e-05 7.92042e-05 0.000147148 0.000274864 0.000516739 0.000978536 0.00186803 0.0036015 0.00702422 0.0138689 0.027797 0.0567079 0.118005 0.251027 0.548613 1.23743 2.88325 6.99439 17.791 47.651 134.903 408.909 1342.45 4706.09 17976.1 76059.3 353639 1.79586e+06 9.88609e+06 -4.17754e+08 
dt_FE: 2.39374e-09
dt_EA: 2.39374e-09
dt_PE: 2.39374e-09
tolC: 1e-06
dt_grow: 1.03
dt_max: 0.1
steps: 0
