t: 5.26461e-07
dt: 3.66207e-09
N: 0.372845 0.415042 0.459582 0.505996 0.553608 0.601466 0.648626 0.694051 0.736593 0.775096 0.808824 0.837149 0.859567 0.876207 0.887405 0.893602 0.895325 0.893203 0.887565 0.878432 0.865586 0.848357 0.825589 0.795586 0.756042 0.704052 0.63648 0.551076 0.448634 0.335749 0.225575 0.133369 0.0684956 0.0303279 0.0114939 0.00368533 0.000981543 0.000211752 3.5854e-05 4.58885e-06 
eC: 1 1.15749 1.33977 1.55077 1.795 2.07768 2.40489 2.78363 3.22201 3.72944 4.31677 4.99661 5.78351 6.69433 7.7486 8.9689 10.3814 12.0163 13.9087 16.0991 18.6345 21.5692 24.9661 28.8979 33.4489 38.7167 44.814 51.8717 60.0407 69.4963 80.4411 93.1095 107.773 124.746 144.391 167.131 193.452 223.918 259.182 300 
dV: 1.08333 0.211322 0.327712 0.508206 0.788112 1.22218 1.89532 2.93921 4.55805 7.06849 10.9616 16.999 26.3615 40.8807 63.3966 98.3136 152.462 236.434 366.655 568.597 881.764 1367.42 2120.55 3288.49 5099.69 7908.45 12264.2 19019 29494.1 45738.6 70930.1 109996 170579 264529 410225 636165 986546 1.52991e+06 2.37254e+06 3.67926e+06 
kVec: 1.02918e+06 1.19241e+06 1.37385e+06 1.58262e+06 1.82255e+06 2.09726e+06 2.41147e+06 2.77044e+06 3.17948e+06 3.64283e+06 4.16787e+06 4.76128e+06 5.42489e+06 6.1659e+06 6.99039e+06 7.90049e+06 8.88739e+06 9.95869e+06 1.11136e+07 1.23106e+07 1.35506e+07 1.48216e+07 1.60928e+07 1.72851e+07 1.84417e+07 1.96055e+07 2.06461e+07 2.18126e+07 2.34018e+07 2.58674e+07 2.96996e+07 3.61578e+07 4.71169e+07 6.38684e+07 8.94952e+07 1.28171e+08 1.82274e+08 2.48897e+08 3.29188e+08 4.18364e+08 
cMat: 
-67565.9 602.152 707.563 824.187 960.793 1121.63 1311.12 1534.55 1799.05 2114.41 2489.98 2938.44 3481.07 4137.82 4934.59 5910.93 7124.66 8630.01 10507.9 12916.8 15999.5 19965.7 25168 32132.2 41422.2 53933.5 71423.8 95681.9 129579 177932 247782 348423 494623 711218 1.02688e+06 1.48441e+06 2.13383e+06 3.04963e+06 4.36326e+06 6.26511e+06 
2856.46 -81041.4 760.636 886.014 1032.88 1205.79 1409.51 1649.73 1934.11 2273.19 2677.01 3159.22 3742.72 4448.97 5305.83 6355.87 7661.32 9280.55 11300.7 13892.2 17209.2 21477.2 27076.2 34572.6 44574.1 58045.8 76882.4 103013 139533 191639 266924 375415 533045 766605 1.10703e+06 1.60052e+06 2.301e+06 3.2888e+06 4.70572e+06 6.75711e+06 
1981.33 449 -92767.8 942.6 1098.85 1282.83 1499.59 1755.18 2057.77 2418.57 2848.29 3361.44 3982.41 4734.07 5646.07 6763.76 8153.44 9877.32 12028.2 14787.9 18320.5 22866.6 28831.4 36819 47478.1 61838.4 81922.2 109789 148746 204341 284685 400492 568787 818186 1.18176e+06 1.70887e+06 2.45712e+06 3.51226e+06 5.02578e+06 7.21704e+06 
1346.03 305.034 549.75 -106543 1155.91 1349.46 1577.49 1846.4 2164.76 2544.38 2996.52 3536.48 4189.94 4980.97 5940.81 7117.23 8580.08 10394.9 12659.6 15565.6 19286.1 24074.8 30359.1 38776.4 50011.2 65150.6 86329.9 115725 156828 215503 300319 422602 600350 863803 1.24794e+06 1.80493e+06 2.59567e+06 3.71068e+06 5.31011e+06 7.62576e+06 
903.14 204.669 368.869 665.303 -122699 1389.71 1639.18 1918.64 2249.5 2644.05 3114 3675.25 4354.53 5176.87 6174.78 7397.98 8919.17 10806.6 13162.2 16185.3 20056.4 25039.9 31581.2 40344.9 52044.8 67815.2 89883.8 120522 163377 224571 313054 440660 626194 901242 1.30236e+06 1.88409e+06 2.71001e+06 3.87458e+06 5.54511e+06 7.96373e+06 
598.403 135.611 244.411 440.832 788.757 -141608 1680.6 1967.17 2306.46 2711.08 3193.06 3768.71 4465.48 5309.06 6332.86 7587.92 9148.96 11086.1 13504.1 16607.9 20583.3 25702 32422.4 41428.9 53456.4 69673.5 92375.5 123904 168021 231040 322195 453696 644956 928561 1.34226e+06 1.94236e+06 2.79444e+06 3.99585e+06 5.71925e+06 8.21443e+06 
391.187 88.6522 159.78 288.191 520.288 939.862 -163760 1989.29 2332.47 2741.76 3229.32 3811.68 4516.64 5370.24 6406.3 7676.56 9256.76 11218 13666.5 16810.2 20837.6 26024.6 32836.9 41969.3 54169.3 70624.9 93670.7 125690 170512 234568 327258 461026 655657 944339 1.36557e+06 1.97674e+06 2.84462e+06 4.06826e+06 5.82358e+06 8.365e+06 
252.215 57.1584 103.019 185.817 335.472 606.02 1095.83 -189757 2302.37 2735.06 3221.58 3802.75 4506.35 5358.39 6392.68 7660.97 9239.01 11197.9 13644 16785.5 20811 25997.2 32810.5 41947.9 54159.4 70637.2 93725.2 125818 170766 235031 328068 462397 657925 948030 1.37147e+06 1.98602e+06 2.85881e+06 4.08931e+06 5.85449e+06 8.41021e+06 
160.573 36.3907 65.5897 118.307 213.595 385.863 697.757 1250.31 -220400 2693.45 3172.74 3745.32 4438.61 5278.29 6297.72 7547.99 9103.95 11035.9 13448.7 16548.6 20522 25642.7 32372.6 41402.1 53474.8 69773.1 92622.5 124401 168933 232641 324919 458221 652350 940484 1.36121e+06 1.972e+06 2.83959e+06 4.06268e+06 5.81726e+06 8.35767e+06 
101.284 22.9544 41.3734 74.6287 134.74 243.418 440.19 797.135 1445.55 -256543 3091.24 3649.38 4325.28 5144.04 6138.24 7357.82 8875.97 10761.4 13116.9 16144.1 20025.9 25030.5 31610.9 40444.6 52261.7 68224.2 90618 121784 165486 228050 318730 449805 640806 924419 1.33873e+06 1.94045e+06 2.7953e+06 4.00033e+06 5.72905e+06 8.23205e+06 
63.4732 14.3854 25.9291 46.7717 84.4477 152.566 275.907 499.661 906.147 1645.03 -299472 3533.17 4187.96 4981.29 5944.8 7127.01 8599.07 10427.8 12713.1 15651.5 19420.9 24282.7 30678.7 39270.2 50770.4 66315.1 88139.4 118535 161191 222306 310950 439172 626144 903915 1.3099e+06 1.89979e+06 2.738e+06 3.91948e+06 5.61445e+06 8.0686e+06 
39.7603 9.01136 16.243 29.3005 52.9047 95.5834 172.865 313.07 567.795 1030.86 1875.43 -350781 4024.75 4823.92 5757.83 6904.01 8331.69 10105.8 12323.8 15176.8 18838.4 23563.7 29783.8 38144.8 49344.2 64493.4 85781.3 115455 157134 216902 303667 429271 612567 885031 1.2835e+06 1.86275e+06 2.68602e+06 3.84634e+06 5.511e+06 7.9213e+06 
25.1748 5.70582 10.2851 18.5537 33.5018 60.5309 109.478 198.284 359.641 653.001 1188.12 2151.09 -412152 4710.79 5623.78 6744.64 8141.34 9877.68 12049.2 14844.2 18433.5 23068.2 29173.5 37387 48398.1 63306.1 84277.4 113540 154686 213754 299590 423972 605657 875914 1.27144e+06 1.84676e+06 2.66467e+06 3.81731e+06 5.471e+06 7.86545e+06 
16.2472 3.68251 6.63818 11.9754 21.6246 39.0734 70.6737 128.012 232.204 421.655 767.279 1399.82 2557.68 -486209 5595.36 6712.13 8104.36 9835.93 12002.6 14793.1 18379 23012.7 29121.8 37348.4 48387.7 63349.8 84423 113864 155311 214889 301568 427318 611203 884956 1.28593e+06 1.86959e+06 2.69964e+06 3.86922e+06 5.54727e+06 7.97702e+06 
10.7764 2.4426 4.40327 7.94397 14.3456 25.9225 46.8906 84.9406 154.09 279.841 509.288 929.281 1698.23 3112.02 -576265 6792.16 8296.05 10072.2 12295.8 15161.9 18847.7 23614.3 29904.5 38384.4 49776.4 65234.6 87037.6 117540 160543 222446 312633 443644 635466 921299 1.34037e+06 1.95086e+06 2.8194e+06 4.04302e+06 5.79867e+06 8.34082e+06 
7.39695 1.67668 3.02269 5.45354 9.84882 17.7982 32.1974 58.3299 105.827 192.217 349.872 638.507 1167.09 2139.2 3892.1 -686491 8781.76 10666.3 13027.2 16072.8 19993 25067.3 31771.1 40820.1 52992.4 69532.4 92899.8 125644 171883 238561 335859 477420 685000 994650 1.44915e+06 2.11188e+06 3.05515e+06 4.38383e+06 6.2903e+06 9.05085e+06 
5.26772 1.1941 2.15282 3.88437 7.01549 12.6791 22.9391 41.5619 75.4151 137 249.411 455.259 832.342 1526.06 2808.72 5188.52 -821512 11679.3 14272.4 17621 21935.8 27527.2 34923.8 44923.7 58395.9 76733.4 102692 139139 190712 265238 374204 533042 766382 1.11493e+06 1.62721e+06 2.37507e+06 3.4401e+06 4.93995e+06 7.09211e+06 1.02084e+07 
3.86614 0.876433 1.58021 2.8514 5.15028 9.30899 16.8438 30.5222 55.3914 100.643 183.259 334.585 611.883 1122.21 2066.19 3818.42 7076.59 -989368 16125.4 19924.1 24824.5 31183.1 39607.4 51016.7 66415.3 87415.2 117212 159142 218612 304760 431008 615442 886960 1.29316e+06 1.89113e+06 2.76524e+06 4.01087e+06 5.76462e+06 8.28122e+06 1.19252e+07 
2.90524 0.658641 1.18761 2.14316 3.87139 6.9982 12.6642 22.9518 41.6597 75.7081 137.887 251.812 460.651 845.15 1556.69 2878.19 5337.07 9951.93 -1.20038e+06 22973.6 28819.7 36242.1 46092.5 59460.1 77538.3 102246 137397 186989 257514 359961 510492 730957 1.05631e+06 1.54392e+06 2.26303e+06 3.31583e+06 4.81721e+06 6.93047e+06 9.96309e+06 1.43542e+07 
2.22985 0.50556 0.911668 1.64535 2.97247 5.37397 9.72645 17.6306 32.0076 58.1814 105.995 193.629 354.346 650.394 1198.55 2217.27 4114.3 7677.75 14344.5 -1.46425e+06 33968 42774.4 54486 70418.3 92019 121621 163871 223672 309000 433385 616759 886184 1.28501e+06 1.88409e+06 2.76959e+06 4.06849e+06 5.92258e+06 8.5314e+06 1.22753e+07 1.76962e+07 
1.73319 0.392987 0.708737 1.27925 2.31137 4.17937 7.56565 13.7165 24.9075 45.2876 82.5304 150.818 276.118 507.057 934.928 1730.69 3213.91 6002.81 11291.8 21315.1 -1.8002e+06 51111.7 65224.1 84477.3 110656 146644 198207 271464 376406 530017 757381 1.09271e+06 1.59092e+06 2.3413e+06 3.45342e+06 5.08844e+06 7.42499e+06 1.07114e+07 1.54279e+07 2.22563e+07 
1.35726 0.307775 0.55512 1.0021 1.81086 3.27492 5.92953 10.7526 19.5304 35.5217 64.7559 118.383 216.84 398.419 735.075 1361.72 2530.93 4731.85 8911 16843.8 32074.3 -2.23367e+06 77977.7 102405 134506 178794 242528 333473 464345 656841 943086 1.36713e+06 1.99987e+06 2.9559e+06 4.37723e+06 6.47241e+06 9.47061e+06 1.36858e+07 1.97354e+07 2.84929e+07 
1.06936 0.242517 0.437472 0.789833 1.42751 2.58214 4.67623 8.48204 15.4107 28.0388 51.1351 93.5243 171.4 315.129 581.825 1078.73 2006.97 3756.52 7083.4 13410.3 25582.6 48738.1 -2.79749e+06 124772 164409 219325 298766 412717 577588 821510 1.18628e+06 1.72958e+06 2.54452e+06 3.78064e+06 5.62533e+06 8.35334e+06 1.22636e+07 1.77584e+07 2.56447e+07 3.70589e+07 
0.846453 0.191987 0.346372 0.625461 1.13064 2.04561 3.70555 6.72333 12.2195 22.2418 40.5818 74.2618 136.185 250.569 463.017 859.291 1600.59 2999.91 5665.3 10745.5 20542.9 39683.1 77357.5 -3.52704e+06 200688 268876 368149 511466 720234 1.03137e+06 1.50002e+06 2.20286e+06 3.2642e+06 4.88219e+06 7.30833e+06 1.09108e+07 1.60858e+07 2.33535e+07 3.37843e+07 4.88765e+07 
0.667732 0.151471 0.273319 0.493635 0.892525 1.6152 2.92671 5.31194 9.658 17.5873 32.1059 58.7857 107.881 198.654 367.427 682.63 1273.19 2389.85 4520.85 8592.58 16466.6 31895.7 62376 122808 -4.49485e+06 329956 454445 635513 901361 1.30101e+06 1.90819e+06 2.82632e+06 4.22401e+06 6.36786e+06 9.60105e+06 1.44254e+07 2.1374e+07 3.11265e+07 4.51232e+07 6.53658e+07 
0.521619 0.118343 0.21358 0.385819 0.697744 1.26304 2.28934 4.15661 7.56053 13.7746 25.1601 46.0975 84.6618 156.039 288.903 537.384 1003.74 1887.19 3576.66 6813.65 13092.4 25437.2 49923.6 98715.1 197962 -5.79967e+06 557981 789181 1.12857e+06 1.64394e+06 2.43493e+06 3.64272e+06 5.4991e+06 8.36771e+06 1.27236e+07 1.9261e+07 2.87071e+07 4.19571e+07 6.09727e+07 8.8457e+07 
0.402465 0.0913252 0.164852 0.297864 0.538818 0.975662 1.76908 3.21332 5.84752 10.6598 19.4832 35.7228 65.6665 121.155 224.58 418.316 782.645 1474.32 2800.25 5348.92 10310.1 20103.4 39622.3 78749.3 158854 325095 -7.50397e+06 956903 1.38263e+06 2.03765e+06 3.05675e+06 4.63338e+06 7.08853e+06 1.0922e+07 1.67973e+07 2.5685e+07 3.85841e+07 5.66674e+07 8.26167e+07 1.20084e+08 
0.300908 0.0682927 0.123303 0.222844 0.403223 0.730377 1.32484 2.40746 4.38327 7.9954 14.6237 26.834 49.3744 91.1979 169.266 315.754 591.827 1117.18 2126.94 4074.68 7880.92 15427.2 30547.8 61060.3 123982 256618 534056 -9.79186e+06 1.65093e+06 2.46661e+06 3.75704e+06 5.78615e+06 8.99809e+06 1.40817e+07 2.19656e+07 3.40127e+07 5.15978e+07 7.62426e+07 1.11603e+08 1.62581e+08 
0.213878 0.0485499 0.0876769 0.158499 0.286878 0.519819 0.943293 1.71492 3.12404 5.70217 10.4371 19.1677 35.3045 65.2873 121.339 226.709 425.747 805.453 1537.33 2954.39 5735.2 11274.5 22437.5 45127.7 92291.7 192604 404999 866474 -1.29033e+07 2.84647e+06 4.46102e+06 7.00082e+06 1.11025e+07 1.77076e+07 2.8104e+07 4.4193e+07 6.78525e+07 1.01015e+08 1.48592e+08 2.17044e+08 
0.141709 0.0321741 0.0581176 0.105091 0.190271 0.344896 0.626138 1.13889 2.07587 3.79159 6.94544 12.7666 23.54 43.5865 81.1238 151.826 285.707 541.795 1036.89 1999.38 3896.67 7695.32 15398.6 31181.4 64277 135374 287997 624654 1.37347e+06 -1.71832e+07 4.96201e+06 7.96991e+06 1.29544e+07 2.11721e+07 3.43656e+07 5.51343e+07 8.59889e+07 1.29283e+08 1.91393e+08 2.80499e+08 
0.0854886 0.0194135 0.0350761 0.0634441 0.114903 0.20836 0.37843 0.688674 1.25598 2.29566 4.20856 7.74288 14.2926 26.4982 49.3915 92.5974 174.618 331.938 637.033 1232.63 2412.2 4786.43 9632.71 19645.9 40840.5 86861.9 187159 412173 932481 2.14957e+06 -2.30008e+07 8.22367e+06 1.37944e+07 2.3298e+07 3.89988e+07 6.43403e+07 1.0258e+08 1.56409e+08 2.33665e+08 3.44014e+08 
0.0458293 0.0104094 0.0188122 0.034036 0.0616616 0.111856 0.203245 0.370052 0.675275 1.23512 2.26609 4.17287 7.71118 14.3147 26.7208 50.1812 94.8286 180.699 347.747 675.208 1326.79 2645.27 5354.27 10999.2 23061.6 49541.3 108156 242004 557896 1.31627e+06 3.13519e+06 -3.1336e+07 1.33077e+07 2.33998e+07 4.07163e+07 6.96281e+07 1.14255e+08 1.77496e+08 2.68406e+08 3.97539e+08 
0.0215458 0.00489476 0.00884805 0.0160127 0.0290183 0.0526595 0.0957248 0.174372 0.318376 0.582723 1.06996 1.97202 3.64807 6.78062 12.6754 23.8442 45.1519 86.2436 166.424 324.246 639.732 1281.49 2608.67 5397.64 11414.2 24767.8 54797.4 124634 293007 708535 1.74162e+06 4.40712e+06 -4.38899e+07 2.12849e+07 3.89044e+07 6.95838e+07 1.18447e+08 1.88505e+08 2.89575e+08 4.3222e+08 
0.00884547 0.00200987 0.00363395 0.00657815 0.0119243 0.0216464 0.0393645 0.0717384 0.131051 0.240012 0.441013 0.813475 1.50635 2.80307 5.24684 9.88534 18.7545 35.9008 69.4508 135.737 268.804 540.793 1106.64 2305 4912.96 10760.5 24106.6 55689.1 133428 330626 839843 2.21256e+06 6.07715e+06 -6.19316e+07 3.17026e+07 6.05677e+07 1.09281e+08 1.81089e+08 2.85844e+08 4.32608e+08 
0.00312113 0.000709303 0.00128272 0.0023225 0.00421113 0.00764692 0.0139112 0.0253624 0.0463539 0.0849439 0.156184 0.288307 0.534361 0.995414 1.8655 3.51972 6.68926 12.8306 24.8781 48.7625 96.895 195.711 402.406 843.234 1810.27 3998.59 9060.36 21229.1 51752.2 131151 343563 940859 2.71457e+06 7.74763e+06 -8.84667e+07 4.6045e+07 8.99113e+07 1.58194e+08 2.60574e+08 4.03835e+08 
0.000932838 0.000212027 0.000383504 0.00069452 0.00125959 0.00228791 0.00416351 0.0075936 0.0138845 0.0254567 0.0468343 0.0865115 0.160476 0.299222 0.561382 1.06054 2.0187 3.879 7.53668 14.8103 29.5187 59.833 123.548 260.284 562.358 1251.52 2864.49 6796.56 16825.7 43504.1 117192 332660 1.00386e+06 3.06038e+06 9.52013e+06 -1.27699e+08 6.46264e+07 1.24847e+08 2.19168e+08 3.53282e+08 
0.000230301 5.23519e-05 9.47049e-05 0.000171537 0.000311159 0.000565312 0.00102901 0.0018773 0.0034337 0.00629813 0.0115925 0.0214246 0.0397675 0.0742056 0.139339 0.263496 0.502168 0.966292 1.88048 3.70276 7.39764 15.0362 31.1516 65.9049 143.105 320.355 739.025 1770.78 4436.81 11652.9 32089.5 93751 293475 948336 3.1927e+06 1.10993e+07 -1.82095e+08 8.31954e+07 1.62448e+08 2.82106e+08 
4.57882e-05 1.04093e-05 1.88322e-05 3.41139e-05 6.1888e-05 0.000112453 0.000204726 0.000373567 0.000683422 0.00125386 0.00230856 0.00426798 0.00792523 0.0147953 0.0277966 0.0525974 0.100316 0.193202 0.376361 0.742001 1.48461 3.02272 6.27529 13.3105 28.9913 65.1355 150.992 364 918.886 2437.27 6806.59 20261 64974 218615 781457 2.98285e+06 1.15736e+07 -2.48844e+08 9.78565e+07 1.99294e+08 
7.15284e-06 1.62619e-06 2.94225e-06 5.33017e-06 9.67058e-06 1.75737e-05 3.19975e-05 5.83939e-05 0.000106845 0.000196064 0.00036106 0.000667675 0.00124017 0.00231601 0.00435286 0.00824028 0.0157248 0.0303036 0.059074 0.116568 0.233471 0.475922 0.989437 2.10242 4.5888 10.335 24.0353 58.1752 147.581 393.958 1110.25 3345.21 10897.8 37677.1 140542 571730 2.46744e+06 1.06844e+07 -3.29176e+08 1.19787e+08 
8.47644e-07 1.92719e-07 3.487e-07 6.3174e-07 1.14624e-06 2.08314e-06 3.79322e-06 6.92314e-06 1.26689e-05 2.32509e-05 4.28241e-05 7.92043e-05 0.000147148 0.000274865 0.00051674 0.000978537 0.00186804 0.00360151 0.00702424 0.0138689 0.027797 0.056708 0.118005 0.251028 0.548614 1.23744 2.88325 6.9944 17.791 47.651 134.904 408.91 1342.45 4706.1 17976.1 76059.5 353639 1.79586e+06 9.88611e+06 -4.18362e+08 
dt_FE: 3.66207e-09
dt_EA: 3.66207e-09
dt_PE: 3.66207e-09
tolC: 1e-06
dt_grow: 1.03
dt_max: 0.1
steps: 0
