t: 8.07622e-08
dt: 2.39251e-09
N: 0.0578027 0.0663886 0.0761521 0.0872372 0.0997885 0.113924 0.129794 0.147545 0.167279 0.189029 0.212901 0.238911 0.266812 0.29651 0.327794 0.360164 0.392811 0.425343 0.457009 0.486022 0.511715 0.533056 0.548218 0.554893 0.552338 0.538731 0.509732 0.464866 0.403364 0.325776 0.238185 0.160228 0.0841737 0.0369019 0.0140784 0.0045244 0.00120636 0.00026047 4.41278e-05 5.65017e-06 
eC: 1 1.15749 1.33977 1.55077 1.795 2.07768 2.40489 2.78363 3.22201 3.72944 4.31677 4.99661 5.78351 6.69433 7.7486 8.9689 10.3814 12.0163 13.9087 16.0991 18.6345 21.5692 24.9661 28.8979 33.4489 38.7167 44.814 51.8717 60.0407 69.4963 80.4411 93.1095 107.773 124.746 144.391 167.131 193.452 223.918 259.182 300 
dV: 1.08333 0.211322 0.327712 0.508206 0.788112 1.22218 1.89532 2.93921 4.55805 7.06849 10.9616 16.999 26.3615 40.8807 63.3966 98.3136 152.462 236.434 366.655 568.597 881.764 1367.42 2120.55 3288.49 5099.69 7908.45 12264.2 19019 29494.1 45738.6 70930.1 109996 170579 264529 410225 636165 986546 1.52991e+06 2.37254e+06 3.67926e+06 
kVec: 968643 1.12322e+06 1.29493e+06 1.49283e+06 1.72066e+06 1.98208e+06 2.28182e+06 2.62516e+06 3.01766e+06 3.46398e+06 3.97186e+06 4.54866e+06 5.19755e+06 5.92697e+06 6.74466e+06 7.65523e+06 8.65346e+06 9.7498e+06 1.09475e+07 1.22112e+07 1.3546e+07 1.49443e+07 1.63789e+07 1.77738e+07 1.91673e+07 2.05939e+07 2.19014e+07 2.33089e+07 2.5074e+07 2.76007e+07 3.13407e+07 3.75581e+07 4.81785e+07 6.45546e+07 8.9836e+07 1.2822e+08 1.82102e+08 2.48594e+08 3.28816e+08 4.17971e+08 
cMat: 
-128059 904.634 1063 1238.2 1443.43 1685.07 1969.74 2305.41 2702.78 3176.55 3740.78 4414.52 5229.73 6216.4 7413.41 8880.2 10703.6 12965.2 15786.4 19405.3 24036.6 29995.1 37810.8 48273.3 62230.1 81026.2 107302 143746 194671 267314 372252 523448 743089 1.06849e+06 1.54272e+06 2.23008e+06 3.20572e+06 4.58156e+06 6.55508e+06 9.41229e+06 
4559 -152515 1214 1414.11 1648.5 1924.48 2249.63 2633.03 3086.9 3628.08 4272.59 5042.22 5973.5 7100.7 8468.28 10144.2 12227.7 14812.1 18036.3 22172.5 27466.4 34278.3 43214.4 55178.9 71141.7 92643 122707 164412 222700 305862 426019 599175 850757 1.22353e+06 1.76686e+06 2.55448e+06 3.67248e+06 5.24903e+06 7.51048e+06 1.07846e+07 
3387.1 767.569 -174967 1611.38 1878.49 2193.01 2563.55 3000.49 3517.78 4134.57 4869.17 5746.41 6807.97 8092.93 9652 11562.7 13938.4 16885.4 20562.4 25280 31319 39090.5 49287.4 62942.4 81164.1 105713 140047 187686 254282 349322 486672 684645 972346 1.3987e+06 2.02023e+06 2.92132e+06 4.20047e+06 6.00423e+06 8.59161e+06 1.23376e+07 
2487.04 563.606 1015.76 -201189 2135.75 2493.37 2914.71 3411.56 3999.79 4701.21 5536.63 6534.31 7741.69 9203.26 10976.7 13150.4 15853.3 19206.5 23390.9 28760.3 35634.6 44482.6 56094 71646.5 92404.9 120378 159510 213823 289769 398181 554895 780835 1.10926e+06 1.59604e+06 2.30579e+06 3.33495e+06 4.79599e+06 6.85617e+06 9.8114e+06 1.409e+07 
1821.31 412.743 743.877 1341.68 -231718 2802.55 3305.64 3869.2 4536.43 5332.1 6279.82 7411.66 8781.52 10439.9 12452.3 14919.1 17986.8 21793 26543.3 32639.9 40446.6 50496.5 63687.9 81361.1 104956 136759 181263 243049 329472 452879 631318 888652 1.26281e+06 1.81748e+06 2.62639e+06 3.79954e+06 5.46511e+06 7.81363e+06 1.11825e+07 1.606e+07 
1330.45 301.508 543.408 980.117 1753.67 -267133 3736.55 4373.68 5128.04 6027.66 7099.25 8379.12 9928.27 11803.8 14080.1 16870.5 20341.2 24648.2 30024.1 36925.1 45763.5 57144.1 72086 92110.3 118852 154908 205382 275481 373567 513681 716348 1.00872e+06 1.43396e+06 2.0645e+06 2.9843e+06 4.31853e+06 6.21298e+06 8.88412e+06 1.27158e+07 1.82635e+07 
968.807 219.554 395.707 713.728 1288.54 2327.65 -308152 4926.64 5776.55 6790.18 7997.67 9439.95 11185.8 13299.8 15865.7 19011.6 22925.1 27782.3 33846.1 41631.9 51606.1 64452.1 81323.2 103940 134155 174908 231983 311282 422288 580926 810480 1.14177e+06 1.62379e+06 2.33873e+06 3.38194e+06 4.89555e+06 7.04493e+06 1.00754e+07 1.44226e+07 2.07166e+07 
702.738 159.259 287.04 517.736 934.716 1688.53 3053.29 -355584 6415.03 7620.62 8976.2 10595.5 12555.9 14929.9 17811.7 21345.5 25742.4 31200.4 38015.8 46768.9 57985.1 72435.1 91418.9 116878 150903 196814 261144 350564 475800 654861 914086 1.28836e+06 1.83316e+06 2.64147e+06 3.82129e+06 5.53359e+06 7.96542e+06 1.13939e+07 1.63122e+07 2.34331e+07 
507.629 115.044 207.352 374.01 675.248 1219.85 2205.85 3952.66 -410557 8514.94 10030.1 11840.3 14032 16686.5 19909.3 23861.8 28780.8 34888.2 42516.1 52315.9 64877.2 81065.4 102341 130887 169052 220577 292812 393276 534056 735458 1.02718e+06 1.4486e+06 2.06231e+06 2.9732e+06 4.30325e+06 6.23419e+06 8.97694e+06 1.28435e+07 1.83904e+07 2.64215e+07 
365.217 82.7703 149.186 269.1 485.854 877.731 1587.26 2874.35 5212.43 -473985 11146.5 13159.1 15596.3 18548.7 22133.6 26531.2 32005.4 38804.1 47297.6 58213.4 72210.6 90256.3 113984 145837 188448 246007 326755 439134 596718 822315 1.1493e+06 1.62193e+06 2.31065e+06 3.33332e+06 4.82727e+06 6.99699e+06 1.00794e+07 1.44246e+07 2.06581e+07 2.96836e+07 
261.328 59.2268 106.754 192.566 347.683 628.137 1135.95 2057.17 3730.73 6772.82 -547425 14546.5 17242.4 20508.7 24475.6 29342.9 35403.6 42932.7 52341.8 64439.4 79958.4 99975.2 126309 161681 209029 273028 362882 488027 663647 915264 1.28022e+06 1.80814e+06 2.57793e+06 3.72155e+06 5.39305e+06 7.82172e+06 1.12727e+07 1.6137e+07 2.31155e+07 3.32196e+07 
185.821 42.1149 75.9123 136.937 247.252 446.712 807.891 1463.15 2653.61 4817.74 8764.91 -632611 18809.8 22544.8 26909.4 32266.1 38938.4 47230 57595.5 70929.2 88042.1 110126 139196 178271 230612 301412 400902 539584 734372 1.0137e+06 1.4192e+06 2.00621e+06 2.86285e+06 4.13622e+06 5.99847e+06 8.70561e+06 1.25532e+07 1.7976e+07 2.57558e+07 3.70205e+07 
131.435 29.7894 53.6972 96.867 174.909 316.025 571.572 1035.22 1877.65 3409.25 6203.05 11230.6 -731250 24594.5 29361.1 35213 42505 51570.2 62907.7 77500.1 96239.2 120436 152311 195193 252681 330514 440003 592782 807598 1.11599e+06 1.56412e+06 2.21351e+06 3.16207e+06 4.57305e+06 6.63803e+06 9.64172e+06 1.3912e+07 1.99298e+07 2.85635e+07 4.10646e+07 
92.3295 20.927 37.7235 68.054 122.888 222.046 401.625 727.468 1319.57 2396.18 4360.3 7954.93 14534.8 -846048 31797.3 38143.7 46055.5 55895.7 68208.4 84066.4 104444 130777 165493 212243 274978 360004 479760 647067 882603 1.22117e+06 1.71375e+06 2.42836e+06 3.47335e+06 5.02903e+06 7.30769e+06 1.06245e+07 1.53415e+07 2.1988e+07 3.1524e+07 4.53318e+07 
64.3362 14.5826 26.2881 47.4265 85.6447 154.761 279.943 507.106 919.935 1670.68 3040.51 5547.92 10138.6 18579.2 -980003 40550 49528.4 60132.1 73407.6 90518.6 112523 140980 178534 229160 297171 389459 519625 701728 958458 1.32803e+06 1.86646e+06 2.64861e+06 3.79381e+06 5.50027e+06 8.00216e+06 1.16469e+07 1.68321e+07 2.41373e+07 3.46187e+07 4.97957e+07 
44.4822 10.0829 18.1772 32.7953 59.2267 107.031 193.622 350.772 636.401 1155.91 2103.99 3839.72 7018.37 12864.3 23405.5 -1.13783e+06 52809.9 64142.7 78340.2 96655.4 120229 150744 191058 245475 318674 418139 558661 755569 1.03363e+06 1.43461e+06 2.01972e+06 2.87101e+06 4.1193e+06 5.98141e+06 8.71457e+06 1.27e+07 1.83724e+07 2.63626e+07 3.78273e+07 5.44281e+07 
30.5566 6.92664 12.4879 22.5322 40.6949 73.5478 133.063 241.089 437.462 794.7 1446.77 2640.84 4828.19 8852.25 16292.6 30097.2 -1.32304e+06 67748.3 82790.2 102215 127243 159678 202584 260590 338739 445109 595690 807108 1.10627e+06 1.53857e+06 2.17066e+06 3.09203e+06 4.44557e+06 6.46738e+06 9.439e+06 1.37772e+07 1.99551e+07 2.86553e+07 4.11394e+07 5.92164e+07 
20.803 4.71593 8.50282 15.3429 27.7127 50.09 90.6335 164.234 298.051 541.541 986.083 1800.34 3292.44 6038.44 11117.8 20546.2 38077.9 -1.5435e+06 86767.7 107208 133576 167791 213120 274512 357369 470366 630696 856314 1.17631e+06 1.63986e+06 2.31918e+06 3.31159e+06 4.77257e+06 6.95826e+06 1.01758e+07 1.48793e+07 2.15818e+07 3.10184e+07 4.45598e+07 6.41675e+07 
14.0306 3.18083 5.73545 10.3502 18.6964 33.797 61.1605 110.843 201.191 365.624 665.91 1216.1 2224.66 4081.56 7517.86 13899.9 25774.8 48061.8 -1.8091e+06 110948 139182 175027 222599 287156 374463 493788 663543 903041 1.24364e+06 1.73839e+06 2.46536e+06 3.53008e+06 5.10133e+06 7.45618e+06 1.0929e+07 1.60135e+07 2.32642e+07 3.34699e+07 4.81156e+07 6.93221e+07 
9.42759 2.13746 3.85444 6.95638 12.5673 22.7206 41.1225 74.5405 135.325 245.985 448.134 818.643 1498.14 2749.8 5067.35 9374.39 17394.8 32460.8 60647.3 -2.12785e+06 143613 180846 230361 297722 389047 514201 692831 945663 1.30642e+06 1.83231e+06 2.6076e+06 3.7467e+06 5.43291e+06 7.96576e+06 1.17096e+07 1.72012e+07 2.50401e+07 3.60699e+07 5.18989e+07 7.48176e+07 
6.29615 1.4276 2.57462 4.64712 8.39649 15.1824 27.4837 49.828 90.4812 164.516 299.808 547.875 1003.05 1841.98 3396.31 6287.09 11675.2 21806.4 41019.8 77431.4 -2.51836e+06 185673 236939 306880 401979 532714 720024 986148 1.36737e+06 1.92539e+06 2.75133e+06 3.96948e+06 5.77933e+06 8.50524e+06 1.25452e+07 1.84848e+07 2.69727e+07 3.89111e+07 5.60447e+07 8.08505e+07 
4.17929 0.947707 1.70934 3.08569 5.57605 10.0842 18.2584 33.1098 60.1384 109.379 199.398 364.527 667.697 1226.82 2263.46 4193.05 7793.31 14570.4 27438.9 51865.8 98764 -3.00318e+06 240111 315328 414174 550547 746796 1.02684e+06 1.42982e+06 2.02256e+06 2.90397e+06 4.20971e+06 6.15805e+06 9.10188e+06 1.34785e+07 1.993e+07 2.91621e+07 4.21415e+07 6.07697e+07 8.77361e+07 
2.77001 0.6282 1.1332 2.04593 3.69774 6.6886 12.113 21.9713 39.919 72.6299 132.457 242.259 443.985 816.29 1507.12 2794.27 5198.71 9730.66 18348.4 34737.2 66267.5 126248 -3.61556e+06 323201 425875 568125 773904 1.06907e+06 1.49615e+06 2.12799e+06 3.07286e+06 4.48019e+06 6.59116e+06 9.79314e+06 1.45715e+07 2.1638e+07 3.1767e+07 4.60001e+07 6.64283e+07 9.59949e+07 
1.84313 0.418046 0.754216 1.36192 2.46194 4.45425 8.06872 14.6399 26.6077 48.4308 88.3657 161.703 296.54 545.608 1008.21 1871.08 3485.23 6532.21 12336 23398 44731.6 86408.9 168444 -4.38579e+06 436993 585469 801634 1.1137e+06 1.56829e+06 2.24578e+06 3.26625e+06 4.79666e+06 7.10771e+06 1.06308e+07 1.59137e+07 2.3758e+07 3.50264e+07 5.08515e+07 7.35643e+07 1.06427e+08 
1.22529 0.277949 0.50154 0.90582 1.63778 2.96388 5.37051 9.74741 17.7224 32.2726 58.9142 107.872 197.961 364.53 674.227 1252.62 2336.3 4385.37 8295.75 15767.4 30216.1 58528.6 114460 225353 -5.38277e+06 605469 833906 1.16616e+06 1.654e+06 2.38735e+06 3.50152e+06 5.18629e+06 7.75105e+06 1.1685e+07 1.76179e+07 2.64707e+07 3.92212e+07 5.7117e+07 8.28011e+07 1.19946e+08 
0.813002 0.184451 0.332889 0.601343 1.08751 1.9686 3.5682 6.47854 11.7839 21.4693 39.2148 71.8482 131.955 243.205 450.288 837.575 1564.44 2941.39 5574.63 10619.9 20406 39646.8 77811.6 153859 308546 -6.70417e+06 869677 1.23003e+06 1.759e+06 2.56226e+06 3.79511e+06 5.67759e+06 8.57098e+06 1.3042e+07 1.98311e+07 3.00205e+07 4.47432e+07 6.53948e+07 9.50329e+07 1.3787e+08 
0.542792 0.123167 0.222331 0.401719 0.726686 1.31584 2.3859 4.33369 7.88636 14.3765 26.2764 48.1782 88.5623 163.398 302.884 564.169 1055.53 1988.36 3776.61 7213.91 13904.9 27112.8 53437.4 106207 214241 438446 -8.41035e+06 1.29054e+06 1.86471e+06 2.74811e+06 4.12253e+06 6.24889e+06 9.56007e+06 1.47302e+07 2.26539e+07 3.46405e+07 5.20371e+07 7.64255e+07 1.11422e+08 1.61953e+08 
0.358693 0.0814072 0.146981 0.265638 0.480656 0.870635 1.57926 2.86978 5.22501 9.53079 17.432 31.9871 58.856 108.711 201.771 376.389 705.479 1331.71 2535.38 4857.16 9394.34 18389.8 36414 72786 147791 305897 636613 -1.06892e+07 1.96796e+06 2.94028e+06 4.47852e+06 6.89729e+06 1.0726e+07 1.67859e+07 2.61838e+07 4.05443e+07 6.15063e+07 9.08839e+07 1.33034e+08 1.93802e+08 
0.231439 0.052536 0.0948756 0.171512 0.310432 0.562499 1.02074 1.85572 3.38053 6.17034 11.294 20.7415 38.2032 70.6477 131.302 245.323 460.703 871.584 1663.56 3196.96 6206.08 12200.1 24279.7 48832.9 99869.2 208418 438251 937615 -1.37853e+07 3.08018e+06 4.82729e+06 7.57562e+06 1.20141e+07 1.91615e+07 3.04115e+07 4.78214e+07 7.34234e+07 1.09309e+08 1.60792e+08 2.34865e+08 
0.143837 0.0326572 0.0589902 0.106669 0.193128 0.350075 0.635539 1.15599 2.10703 3.84851 7.04972 12.9583 23.8934 44.2409 82.3418 154.106 289.997 549.929 1052.46 2029.4 3955.18 7810.86 15629.8 31649.6 65242.1 137406 292321 634033 1.39409e+06 -1.80491e+07 5.03651e+06 8.08957e+06 1.31488e+07 2.14899e+07 3.48815e+07 5.59621e+07 8.72799e+07 1.31224e+08 1.94267e+08 2.84711e+08 
0.0840965 0.0190974 0.0345049 0.062411 0.113032 0.204967 0.372268 0.677459 1.23553 2.25828 4.14003 7.6168 14.0599 26.0668 48.5872 91.0896 171.774 326.532 626.659 1212.55 2372.92 4708.49 9475.85 19326 40175.4 85447.5 184112 405461 917296 2.11457e+06 -2.38392e+07 8.08976e+06 1.35698e+07 2.29186e+07 3.83638e+07 6.32926e+07 1.0091e+08 1.53862e+08 2.2986e+08 3.38413e+08 
0.0444089 0.0100868 0.0182291 0.0329811 0.0597505 0.108389 0.196946 0.358583 0.654346 1.19684 2.19586 4.04354 7.47219 13.871 25.8927 48.6259 91.8895 175.099 336.969 654.281 1285.66 2563.28 5188.32 10658.3 22346.8 48005.9 104803 234503 540605 1.27548e+06 3.03802e+06 -3.2147e+07 1.28952e+07 2.26746e+07 3.94544e+07 6.74701e+07 1.10714e+08 1.71995e+08 2.60087e+08 3.85218e+08 
0.0211832 0.00481238 0.00869913 0.0157432 0.0285299 0.0517732 0.0941136 0.171437 0.313017 0.572916 1.05196 1.93882 3.58667 6.66649 12.462 23.4429 44.392 84.792 163.623 318.789 628.965 1259.92 2564.76 5306.79 11222.1 24350.9 53875.1 122536 288075 696609 1.71231e+06 4.33294e+06 -4.44893e+07 2.09266e+07 3.82496e+07 6.84127e+07 1.16453e+08 1.85332e+08 2.84702e+08 4.24945e+08 
0.0087855 0.00199624 0.00360931 0.00653355 0.0118435 0.0214996 0.0390976 0.071252 0.130162 0.238385 0.438023 0.80796 1.49614 2.78407 5.21127 9.81832 18.6274 35.6574 68.98 134.817 266.982 537.126 1099.14 2289.37 4879.66 10687.5 23943.1 55311.6 132523 328385 834149 2.19756e+06 6.03595e+06 -6.22949e+07 3.14876e+07 6.0157e+07 1.0854e+08 1.79861e+08 2.83906e+08 4.29675e+08 
0.00311297 0.000707448 0.00127936 0.00231643 0.00420012 0.00762693 0.0138748 0.0252961 0.0462327 0.0847218 0.155776 0.287553 0.532964 0.992812 1.86062 3.51052 6.67177 12.7971 24.813 48.635 96.6417 195.199 401.354 841.029 1805.54 3988.14 9036.67 21173.6 51616.9 130808 342665 938399 2.70748e+06 7.72737e+06 -8.86211e+07 4.59247e+07 8.96762e+07 1.57781e+08 2.59892e+08 4.02779e+08 
0.000932053 0.000211849 0.000383181 0.000693935 0.00125853 0.00228599 0.00416 0.0075872 0.0138728 0.0254353 0.0467949 0.0864386 0.160341 0.29897 0.560909 1.05964 2.017 3.87573 7.53034 14.7978 29.4938 59.7826 123.444 260.065 561.885 1250.46 2862.07 6790.84 16811.5 43467.5 117093 332380 1.00301e+06 3.0578e+06 9.51211e+06 -1.27657e+08 6.4572e+07 1.24741e+08 2.18983e+08 3.52984e+08 
0.000230249 5.23401e-05 9.46836e-05 0.000171498 0.000311089 0.000565185 0.00102878 0.00187688 0.00343293 0.00629671 0.0115898 0.0214198 0.0397585 0.0741889 0.139307 0.263436 0.502055 0.966075 1.88005 3.70193 7.39597 15.0328 31.1446 65.8901 143.073 320.283 738.859 1770.38 4435.81 11650.3 32082.3 93729.9 293409 948122 3.19198e+06 1.10968e+07 -1.81887e+08 8.31767e+07 1.62412e+08 2.82043e+08 
4.5786e-05 1.04088e-05 1.88313e-05 3.41123e-05 6.1885e-05 0.000112448 0.000204716 0.000373549 0.000683389 0.0012538 0.00230844 0.00426777 0.00792485 0.0147946 0.0277953 0.0525949 0.100311 0.193192 0.376343 0.741965 1.48454 3.02257 6.27498 13.3099 28.9899 65.1323 150.985 363.982 918.842 2437.15 6806.26 20260 64970.8 218604 781419 2.9827e+06 1.15731e+07 -2.4853e+08 9.78518e+07 1.99285e+08 
7.15278e-06 1.62618e-06 2.94222e-06 5.33013e-06 9.6705e-06 1.75736e-05 3.19972e-05 5.83935e-05 0.000106844 0.000196062 0.000361057 0.00066767 0.00124016 0.00231599 0.00435282 0.00824021 0.0157246 0.0303034 0.0590735 0.116567 0.233469 0.475918 0.989429 2.1024 4.58876 10.3349 24.0351 58.1747 147.579 393.954 1110.25 3345.18 10897.7 37676.8 140541 571725 2.46742e+06 1.06843e+07 -3.28801e+08 1.19786e+08 
8.47643e-07 1.92718e-07 3.487e-07 6.31739e-07 1.14624e-06 2.08314e-06 3.79322e-06 6.92313e-06 1.26689e-05 2.32508e-05 4.28241e-05 7.92042e-05 0.000147148 0.000274865 0.00051674 0.000978536 0.00186804 0.00360151 0.00702423 0.0138689 0.027797 0.0567079 0.118005 0.251028 0.548614 1.23743 2.88325 6.99439 17.791 47.651 134.903 408.909 1342.45 4706.1 17976.1 76059.4 353639 1.79586e+06 9.8861e+06 -4.17968e+08 
dt_FE: 2.39251e-09
dt_EA: 2.39251e-09
dt_PE: 2.39251e-09
tolC: 1e-06
dt_grow: 1.03
dt_max: 0.1
steps: 0
