t: 5.68315e-08
dt: 2.39359e-09
N: 0.039296 0.045213 0.0519678 0.0596713 0.0684388 0.0783726 0.0896017 0.102261 0.116462 0.13228 0.149848 0.169251 0.190398 0.213312 0.237947 0.264043 0.291094 0.318902 0.34698 0.373921 0.399194 0.421936 0.440491 0.452663 0.457762 0.454171 0.437471 0.407369 0.362947 0.303329 0.232443 0.181836 0.0980473 0.0403186 0.0155337 0.00501119 0.00133776 0.000288965 4.89651e-05 6.27029e-06 
eC: 1 1.15749 1.33977 1.55077 1.795 2.07768 2.40489 2.78363 3.22201 3.72944 4.31677 4.99661 5.78351 6.69433 7.7486 8.9689 10.3814 12.0163 13.9087 16.0991 18.6345 21.5692 24.9661 28.8979 33.4489 38.7167 44.814 51.8717 60.0407 69.4963 80.4411 93.1095 107.773 124.746 144.391 167.131 193.452 223.918 259.182 300 
dV: 1.08333 0.211322 0.327712 0.508206 0.788112 1.22218 1.89532 2.93921 4.55805 7.06849 10.9616 16.999 26.3615 40.8807 63.3966 98.3136 152.462 236.434 366.655 568.597 881.764 1367.42 2120.55 3288.49 5099.69 7908.45 12264.2 19019 29494.1 45738.6 70930.1 109996 170579 264529 410225 636165 986546 1.52991e+06 2.37254e+06 3.67926e+06 
kVec: 941484 1.09207e+06 1.25927e+06 1.45206e+06 1.67415e+06 1.92917e+06 2.22181e+06 2.55734e+06 2.94132e+06 3.37856e+06 3.87686e+06 4.44377e+06 5.08299e+06 5.80339e+06 6.61336e+06 7.51863e+06 8.51565e+06 9.61628e+06 1.08259e+07 1.21129e+07 1.34851e+07 1.49381e+07 1.64488e+07 1.79449e+07 1.94648e+07 2.10424e+07 2.25175e+07 2.40954e+07 2.6012e+07 2.86356e+07 3.23788e+07 3.84813e+07 4.88949e+07 6.50359e+07 9.01052e+07 1.28311e+08 1.82057e+08 2.48466e+08 3.28642e+08 4.17782e+08 
cMat: 
-144058 922.403 1083.88 1262.53 1471.78 1718.17 2008.43 2350.69 2755.86 3238.95 3814.26 4501.23 5332.45 6338.5 7559.03 9054.62 10913.9 13219.8 16096.5 19786.4 24508.7 30584.3 38553.4 49221.5 63452.4 82617.7 109410 146570 198495 272564 379563 533730 757684 1.08947e+06 1.57302e+06 2.27388e+06 3.26869e+06 4.67155e+06 6.68383e+06 9.59717e+06 
4662.41 -171182 1241.53 1446.18 1685.89 1968.13 2300.65 2692.75 3156.92 3710.37 4369.5 5156.58 6108.99 7261.75 8660.36 10374.3 12505 15148 18445.4 22675.4 28089.4 35055.8 44194.6 56430.4 72755.3 94744.2 125490 168141 227751 312800 435682 612765 870054 1.25128e+06 1.80694e+06 2.61242e+06 3.75577e+06 5.36809e+06 7.68083e+06 1.10292e+07 
3475.76 787.662 -196624 1653.57 1927.67 2250.41 2630.66 3079.04 3609.86 4242.81 4996.64 5896.84 6986.19 8304.78 9904.67 11865.4 14303.2 17327.4 21100.6 25941.8 32138.8 40113.9 50577.7 64590.1 83288.8 108480 143713 192599 260939 358467 499412 702567 997799 1.43531e+06 2.07311e+06 2.9978e+06 4.31043e+06 6.16141e+06 8.81652e+06 1.26606e+07 
2562.15 580.627 1046.44 -226336 2200.25 2568.67 3002.74 3514.59 4120.58 4843.19 5703.84 6731.65 7975.5 9481.21 11308.3 13547.5 16332.1 19786.6 24097.3 29628.9 36710.8 45826 57788 73810.3 95195.5 124013 164328 220280 298520 410206 571653 804417 1.14276e+06 1.64424e+06 2.37543e+06 3.43567e+06 4.94083e+06 7.06323e+06 1.01077e+07 1.45155e+07 
1884.73 427.117 769.782 1388.4 -260941 2900.15 3420.76 4003.95 4694.41 5517.79 6498.51 7669.77 9087.33 10803.4 12886 15438.6 18613.1 22552 27467.7 33776.6 41855.2 52255 65905.8 84194.5 108611 141521 187576 251514 340946 468650 653303 919599 1.30678e+06 1.88077e+06 2.71786e+06 3.93186e+06 5.65543e+06 8.08574e+06 1.15719e+07 1.66193e+07 
1383.83 313.606 565.211 1019.44 1824.04 -301105 3886.47 4549.16 5333.79 6269.5 7384.09 8715.32 10326.6 12277.4 14645 17547.4 21157.4 25637.1 31228.7 38406.6 47599.7 59436.9 74978.3 95806.1 123620 161123 213622 286534 388556 534291 745090 1.04919e+06 1.49149e+06 2.14734e+06 3.10404e+06 4.4918e+06 6.46226e+06 9.24058e+06 1.3226e+07 1.89962e+07 
1013.55 229.695 413.984 746.694 1348.05 2435.15 -347661 5154.19 6043.35 7103.8 8367.06 9875.95 11702.5 13914.1 16598.5 19889.7 23984 29065.5 35409.4 43554.8 53989.6 67429 85079.3 108741 140351 182987 242698 325659 441792 607757 847914 1.19451e+06 1.69879e+06 2.44675e+06 3.53814e+06 5.12166e+06 7.37032e+06 1.05407e+07 1.50887e+07 2.16734e+07 
740.069 167.719 302.288 545.239 984.37 1778.23 3215.49 -401552 6755.81 8025.45 9453.03 11158.4 13222.9 15723 18757.9 22479.4 27109.9 32857.9 40035.2 49253.3 61065.4 76283 96275.2 123087 158919 207269 275016 369187 501075 689648 962645 1.3568e+06 1.93054e+06 2.78179e+06 4.02428e+06 5.82755e+06 8.38856e+06 1.19992e+07 1.71787e+07 2.46779e+07 
538.607 122.064 220.006 396.833 716.455 1294.29 2340.47 4193.87 -464061 9034.56 10642.2 12562.8 14888.3 17704.8 21124.3 25318 30537.1 37017.3 45110.7 55508.5 68836.3 86012.4 108586 138874 179369 234038 310681 417275 566647 780340 1.08987e+06 1.537e+06 2.18816e+06 3.15464e+06 4.56585e+06 6.61463e+06 9.52475e+06 1.36273e+07 1.95127e+07 2.80339e+07 
390.774 88.5624 159.626 287.931 519.853 939.152 1698.33 3075.49 5577.18 -536236 11926.6 14080 16687.7 19846.6 23682.4 28387.8 34245.1 41519.5 50607.3 62287 77263.7 96572.2 121960 156042 201635 263221 349621 469864 638475 879858 1.22972e+06 1.73543e+06 2.47234e+06 3.56657e+06 5.16506e+06 7.48661e+06 1.07848e+07 1.5434e+07 2.21037e+07 3.17607e+07 
282.263 63.9713 115.306 207.992 375.535 678.456 1226.95 2221.97 4029.6 7315.38 -619857 15711.8 18623.7 22151.6 26436.3 31693.5 38239.7 46372 56534.8 69601.5 86363.7 107984 136427 174633 225774 294900 391952 527122 716811 988584 1.38278e+06 1.95298e+06 2.78444e+06 4.01967e+06 5.82508e+06 8.4483e+06 1.21758e+07 1.74298e+07 2.49672e+07 3.58807e+07 
202.828 45.9695 82.8602 149.47 269.882 487.598 881.834 1597.06 2896.48 5258.69 9567.13 -716874 20531.4 24608.2 29372.3 35219.3 42502.3 51552.8 62867 77421.1 96100.2 120205 151936 194588 251719 328999 437595 588970 801586 1.10648e+06 1.54909e+06 2.18983e+06 3.12488e+06 4.51479e+06 6.54748e+06 9.5024e+06 1.37021e+07 1.96213e+07 2.81132e+07 4.04088e+07 
145.133 32.8942 59.2937 106.963 193.139 348.962 631.143 1143.11 2073.34 3764.57 6849.55 12401.1 -829156 27157.8 32421.2 38883 46935 56945 69464.1 85577.4 106269 132989 168186 215537 279016 364961 485861 654563 891768 1.2323e+06 1.72714e+06 2.44421e+06 3.49163e+06 5.04966e+06 7.32986e+06 1.06466e+07 1.53619e+07 2.20069e+07 3.15404e+07 4.53445e+07 
103.249 23.4019 42.1848 76.1024 137.422 248.307 449.123 813.502 1475.63 2679.57 4875.97 8895.72 16253.8 -959678 35557.8 42654.8 51502.3 62506.2 76275 94008.6 116797 146243 185065 237344 307498 402580 536498 723592 986984 1.36559e+06 1.91643e+06 2.71555e+06 3.88412e+06 5.62379e+06 8.17193e+06 1.1881e+07 1.71559e+07 2.45884e+07 3.52522e+07 5.0693e+07 
72.9354 16.5317 29.8017 53.7655 97.092 175.446 317.36 574.885 1042.89 1893.99 3446.91 6289.45 11493.8 21062.4 -1.11166e+06 45969.9 56148.4 68169.4 83219.3 102617 127563 159824 202396 259789 336891 441514 589078 795521 1.08657e+06 1.50554e+06 2.11593e+06 3.00262e+06 4.30089e+06 6.23543e+06 9.07173e+06 1.32036e+07 1.90819e+07 2.73635e+07 3.92459e+07 5.64514e+07 
51.1646 11.5976 20.9079 37.7221 68.1242 123.11 222.709 403.467 732.006 1329.56 2420.06 4416.54 8072.72 14796.8 26921.6 -1.29016e+06 60743.3 73778.6 90109 111176 138291 173390 219760 282352 366548 480955 642587 869076 1.18891e+06 1.65012e+06 2.32314e+06 3.30231e+06 4.73813e+06 6.87998e+06 1.00237e+07 1.46078e+07 2.11325e+07 3.03229e+07 4.35099e+07 6.26046e+07 
35.6755 8.087 14.5799 26.3068 47.5122 85.8686 155.354 281.477 510.747 927.83 1689.13 3083.23 5637.01 10335.2 19022 35139.1 -1.49859e+06 79097.6 96659.3 119338 148559 186427 236521 304244 395485 519675 695480 942316 1.29159e+06 1.79632e+06 2.53429e+06 3.61001e+06 5.1903e+06 7.55081e+06 1.10202e+07 1.60851e+07 2.3298e+07 3.34557e+07 4.80312e+07 6.91364e+07 
24.6563 5.58944 10.0777 18.1848 32.8458 59.3679 107.421 194.655 353.258 641.848 1168.73 2133.81 3902.28 7156.91 13177.1 24351.9 45130.9 -1.74513e+06 102839 127065 158318 198870 252596 325358 423563 557489 747517 1.01492e+06 1.3942e+06 1.9436e+06 2.74875e+06 3.92497e+06 5.65657e+06 8.24711e+06 1.20606e+07 1.76353e+07 2.55792e+07 3.67638e+07 5.28133e+07 7.60529e+07 
16.8736 3.82538 6.89764 12.4474 22.485 40.6454 73.5537 133.304 241.959 439.712 800.845 1462.52 2675.45 4908.62 9041.23 16716.5 30997.6 57800.7 -2.0398e+06 133430 167384 210494 267705 345343 450341 593846 797999 1.08603e+06 1.49564e+06 2.09065e+06 2.96493e+06 4.24539e+06 6.13503e+06 8.96705e+06 1.31436e+07 1.92583e+07 2.79783e+07 4.02521e+07 5.78655e+07 8.33691e+07 
11.4838 2.60365 4.69512 8.47361 15.3083 27.6761 50.0915 90.7982 164.84 299.636 545.875 997.193 1824.89 3349.55 6172.57 11419 21188.7 39540.6 73874.8 -2.39003e+06 174936 220290 280604 362656 473901 626351 843942 1.15192e+06 1.59136e+06 2.23194e+06 3.17633e+06 4.56387e+06 6.61786e+06 9.70313e+06 1.42635e+07 2.09529e+07 3.05015e+07 4.39369e+07 6.32183e+07 9.11357e+07 
7.74705 1.75658 3.16793 5.71801 10.3314 18.681 33.8171 61.3105 111.332 202.428 368.896 674.128 1234.2 2266.45 4178.96 7735.89 14365.6 26831.5 50472.5 95274.8 -2.8144e+06 228460 291540 377598 494612 655474 885948 1.2134e+06 1.68247e+06 2.36908e+06 3.38536e+06 4.88421e+06 7.11113e+06 1.04652e+07 1.54362e+07 2.27444e+07 3.31884e+07 4.78779e+07 6.89598e+07 9.94818e+07 
5.17386 1.17324 2.11612 3.82 6.903 12.484 22.6034 40.989 74.4498 135.409 246.85 451.276 826.592 1518.77 2802.11 5190.89 9647.92 18037.8 33968.7 64208.5 122267 -3.33459e+06 297251 390368 512737 681563 924515 1.2712e+06 1.77008e+06 2.50388e+06 3.59504e+06 5.21151e+06 7.62351e+06 1.12679e+07 1.6686e+07 2.46728e+07 3.61019e+07 5.21701e+07 7.52313e+07 1.08615e+08 
3.43051 0.777993 1.40341 2.53378 4.57945 8.28348 15.0013 27.2104 49.4375 89.9483 164.041 300.026 549.852 1010.93 1866.49 3460.56 6438.34 12050.9 22723.5 43020.2 82068.8 156352 -3.98386e+06 400268 527424 703593 958439 1.32399e+06 1.8529e+06 2.6354e+06 3.80558e+06 5.54848e+06 8.16281e+06 1.21283e+07 1.8046e+07 2.67975e+07 3.93417e+07 5.69688e+07 8.2268e+07 1.18885e+08 
2.26645 0.514061 0.927441 1.67472 3.02739 5.47728 9.92191 18.0023 32.7188 59.5542 108.661 198.842 364.648 670.92 1239.76 2300.82 4285.7 8032.5 15169.3 28771.9 55005.4 106255 207131 -4.78994e+06 537360 719937 985749 1.36949e+06 1.92849e+06 2.76158e+06 4.01643e+06 5.89834e+06 8.74017e+06 1.30725e+07 1.95686e+07 2.92147e+07 4.30711e+07 6.25308e+07 9.04602e+07 1.30871e+08 
1.48415 0.336669 0.607498 1.09719 1.98379 3.59004 6.50511 11.8067 21.4665 39.0907 71.3607 130.661 239.783 441.543 816.668 1517.26 2829.88 5311.84 10048.3 19098.5 36599.7 70893.7 138641 272962 -5.82026e+06 733383 1.01008e+06 1.41253e+06 2.00343e+06 2.89171e+06 4.24127e+06 6.28197e+06 9.38857e+06 1.41537e+07 2.134e+07 3.2063e+07 4.75073e+07 6.91838e+07 1.00294e+08 1.45287e+08 
0.962043 0.218265 0.393914 0.711582 1.28688 2.32948 4.22232 7.6662 13.9442 25.4051 46.4038 85.0195 156.145 287.789 532.835 991.12 1851.23 3480.62 6596.58 12566.7 24146.9 46914.9 92076.1 182064 365110 -7.17101e+06 1.02911e+06 1.45552e+06 2.08147e+06 3.03198e+06 4.49083e+06 6.71842e+06 1.01422e+07 1.54329e+07 2.34666e+07 3.55239e+07 5.29457e+07 7.73831e+07 1.12454e+08 1.63145e+08 
0.622795 0.141321 0.255101 0.460929 0.833793 1.50979 2.73756 4.97244 9.04874 16.4954 30.1493 55.2792 101.616 187.481 347.527 647.322 1211.1 2281.43 4333.25 8277.18 15954.4 31109 61313.6 121861 245819 503069 -8.89927e+06 1.48076e+06 2.13956e+06 3.15316e+06 4.73016e+06 7.16993e+06 1.09691e+07 1.69013e+07 2.59929e+07 3.97463e+07 5.97069e+07 8.76899e+07 1.27845e+08 1.85823e+08 
0.397233 0.090154 0.162773 0.294179 0.532299 0.96418 1.74894 3.17812 5.78641 10.5548 19.3049 35.4239 65.1798 120.391 223.45 416.83 781.278 1474.8 2807.79 5379.03 10403.7 20365.6 40326.5 80606.4 163671 338764 705013 -1.1192e+07 2.17941e+06 3.2562e+06 4.95971e+06 7.63837e+06 1.18785e+07 1.85895e+07 2.89971e+07 4.49005e+07 6.81148e+07 1.00649e+08 1.47328e+08 2.14625e+08 
0.247117 0.056095 0.101303 0.183131 0.331462 0.600604 1.08989 1.98144 3.60954 6.58834 12.0591 22.1466 40.7912 75.4336 140.197 261.942 491.912 930.627 1776.25 3413.53 6626.5 13026.6 25924.5 52141 106635 222537 467939 1.00113e+06 -1.42923e+07 3.28884e+06 5.1543e+06 8.08881e+06 1.28279e+07 2.04596e+07 3.24717e+07 5.1061e+07 7.83974e+07 1.16714e+08 1.71684e+08 2.50775e+08 
0.148626 0.0337444 0.0609542 0.110221 0.199557 0.36173 0.656698 1.19447 2.17718 3.97664 7.28443 13.3897 24.6889 45.7138 85.0832 159.236 299.652 568.239 1087.5 2096.96 4086.86 8070.91 16150.1 32703.3 67414.2 141981 302053 655142 1.4405e+06 -1.85535e+07 5.2042e+06 8.3589e+06 1.35866e+07 2.22054e+07 3.60429e+07 5.78253e+07 9.01858e+07 1.35593e+08 2.00735e+08 2.9419e+08 
0.0847304 0.0192413 0.034765 0.0628815 0.113884 0.206512 0.375074 0.682566 1.24484 2.2753 4.17124 7.67421 14.1659 26.2632 48.9534 91.7762 173.069 328.994 631.383 1221.69 2390.8 4743.98 9547.28 19471.7 40478.3 86091.5 185499 408518 924211 2.13051e+06 -2.43382e+07 8.15074e+06 1.3672e+07 2.30913e+07 3.8653e+07 6.37696e+07 1.01671e+08 1.55021e+08 2.31592e+08 3.40963e+08 
0.0432663 0.00982726 0.0177601 0.0321325 0.0582131 0.1056 0.191878 0.349356 0.63751 1.16604 2.13935 3.9395 7.27992 13.5141 25.2264 47.3747 89.5252 170.594 328.299 637.446 1252.58 2497.33 5054.83 10384 21771.8 46770.7 102107 228469 526695 1.24266e+06 2.95985e+06 -3.27484e+07 1.25634e+07 2.20912e+07 3.84392e+07 6.57341e+07 1.07865e+08 1.6757e+08 2.53395e+08 3.75306e+08 
0.0208623 0.00473948 0.00856735 0.0155047 0.0280977 0.0509889 0.0926879 0.16884 0.308275 0.564237 1.03602 1.90945 3.53234 6.5655 12.2733 23.0878 43.7195 83.5075 161.144 313.959 619.437 1240.83 2525.91 5226.4 11052.1 23982 53058.9 120680 283711 686056 1.68637e+06 4.26731e+06 -4.49612e+07 2.06096e+07 3.76702e+07 6.73763e+07 1.14689e+08 1.82524e+08 2.80389e+08 4.18508e+08 
0.00875434 0.00198916 0.00359651 0.00651038 0.0118015 0.0214234 0.0389589 0.0709992 0.1297 0.237539 0.436469 0.805093 1.49083 2.77419 5.19278 9.78349 18.5613 35.5309 68.7353 134.338 266.034 535.221 1095.24 2281.25 4862.34 10649.6 23858.2 55115.3 132053 327220 831190 2.18976e+06 6.01453e+06 -6.25653e+07 3.13759e+07 5.99436e+07 1.08155e+08 1.79223e+08 2.82899e+08 4.28151e+08 
0.00310837 0.000706404 0.00127747 0.00231301 0.00419392 0.00761567 0.0138543 0.0252588 0.0461645 0.0845968 0.155546 0.287128 0.532177 0.991346 1.85788 3.50534 6.66192 12.7782 24.7764 48.5632 96.499 194.911 400.761 839.788 1802.87 3982.25 9023.33 21142.4 51540.7 130615 342159 937014 2.70348e+06 7.71597e+06 -8.87739e+07 4.58569e+07 8.95438e+07 1.57548e+08 2.59509e+08 4.02185e+08 
0.000931597 0.000211745 0.000382993 0.000693596 0.00125791 0.00228487 0.00415797 0.00758349 0.013866 0.0254228 0.046772 0.0863964 0.160262 0.298824 0.560635 1.05912 2.01601 3.87383 7.52665 14.7906 29.4794 59.7534 123.384 259.938 561.61 1249.85 2860.67 6787.51 16803.3 43446.2 117036 332218 1.00252e+06 3.0563e+06 9.50746e+06 -1.27692e+08 6.45404e+07 1.24681e+08 2.18876e+08 3.52812e+08 
0.000230219 5.23332e-05 9.46712e-05 0.000171476 0.000311048 0.000565111 0.00102864 0.00187663 0.00343248 0.00629588 0.0115883 0.021417 0.0397533 0.0741792 0.139289 0.263402 0.501989 0.965948 1.87981 3.70144 7.395 15.0308 31.1405 65.8814 143.054 320.241 738.762 1770.14 4435.22 11648.8 32078.1 93717.6 293370 947997 3.19156e+06 1.10953e+07 -1.8182e+08 8.31658e+07 1.62391e+08 2.82006e+08 
4.57847e-05 1.04085e-05 1.88308e-05 3.41113e-05 6.18832e-05 0.000112445 0.000204711 0.000373538 0.00068337 0.00125376 0.00230838 0.00426765 0.00792462 0.0147942 0.0277945 0.0525934 0.100308 0.193187 0.376332 0.741944 1.48449 3.02249 6.2748 13.3095 28.9891 65.1305 150.981 363.971 918.815 2437.08 6806.07 20259.4 64969 218598 781397 2.98262e+06 1.15727e+07 -2.48395e+08 9.7849e+07 1.99279e+08 
7.15275e-06 1.62617e-06 2.94221e-06 5.33011e-06 9.67045e-06 1.75735e-05 3.1997e-05 5.83932e-05 0.000106844 0.000196061 0.000361056 0.000667666 0.00124015 0.00231598 0.0043528 0.00824017 0.0157246 0.0303032 0.0590732 0.116566 0.233468 0.475915 0.989424 2.10239 4.58874 10.3348 24.035 58.1744 147.579 393.952 1110.24 3345.17 10897.7 37676.7 140540 571723 2.4674e+06 1.06843e+07 -3.28627e+08 1.19785e+08 
8.47643e-07 1.92718e-07 3.487e-07 6.31739e-07 1.14624e-06 2.08314e-06 3.79322e-06 6.92313e-06 1.26689e-05 2.32508e-05 4.2824e-05 7.92042e-05 0.000147148 0.000274865 0.000516739 0.000978536 0.00186803 0.0036015 0.00702423 0.0138689 0.027797 0.0567079 0.118005 0.251028 0.548613 1.23743 2.88325 6.99439 17.791 47.651 134.903 408.909 1342.45 4706.09 17976.1 76059.3 353639 1.79586e+06 9.88609e+06 -4.17779e+08 
dt_FE: 2.39359e-09
dt_EA: 2.39359e-09
dt_PE: 2.39359e-09
tolC: 1e-06
dt_grow: 1.03
dt_max: 0.1
steps: 0
