t: 4.15465e-07
dt: 2.39029e-09
N: 0.305113 0.342151 0.381983 0.424395 0.468996 0.515126 0.562098 0.609077 0.655019 0.698726 0.739285 0.775735 0.807036 0.832788 0.85279 0.866977 0.875494 0.878894 0.877526 0.871471 0.860799 0.845076 0.823332 0.794016 0.754976 0.703379 0.63611 0.550954 0.448694 0.3359 0.225731 0.133483 0.068561 0.0303583 0.0115056 0.00368911 0.000982552 0.00021197 3.58909e-05 4.59357e-06 
eC: 1 1.15749 1.33977 1.55077 1.795 2.07768 2.40489 2.78363 3.22201 3.72944 4.31677 4.99661 5.78351 6.69433 7.7486 8.9689 10.3814 12.0163 13.9087 16.0991 18.6345 21.5692 24.9661 28.8979 33.4489 38.7167 44.814 51.8717 60.0407 69.4963 80.4411 93.1095 107.773 124.746 144.391 167.131 193.452 223.918 259.182 300 
dV: 1.08333 0.211322 0.327712 0.508206 0.788112 1.22218 1.89532 2.93921 4.55805 7.06849 10.9616 16.999 26.3615 40.8807 63.3966 98.3136 152.462 236.434 366.655 568.597 881.764 1367.42 2120.55 3288.49 5099.69 7908.45 12264.2 19019 29494.1 45738.6 70930.1 109996 170579 264529 410225 636165 986546 1.52991e+06 2.37254e+06 3.67926e+06 
kVec: 1.02823e+06 1.19135e+06 1.37266e+06 1.58131e+06 1.8211e+06 2.09569e+06 2.40979e+06 2.76865e+06 3.17761e+06 3.64093e+06 4.16598e+06 4.75947e+06 5.42324e+06 6.1645e+06 6.98935e+06 7.89992e+06 8.88741e+06 9.95943e+06 1.11152e+07 1.23131e+07 1.35542e+07 1.48263e+07 1.60987e+07 1.72921e+07 1.84499e+07 1.96147e+07 2.0656e+07 2.18228e+07 2.34117e+07 2.58764e+07 2.97071e+07 3.61633e+07 4.71203e+07 6.38696e+07 8.94946e+07 1.28169e+08 1.82271e+08 2.48893e+08 3.29184e+08 4.1836e+08 
cMat: 
-70730.5 667.184 783.978 913.197 1064.56 1242.77 1452.72 1700.28 1993.34 2342.76 2758.89 3255.78 3857.02 4584.7 5467.52 6549.3 7894.1 9562.03 11642.8 14311.7 17727.4 22121.9 27886.1 35602.4 45895.8 59758.2 79137.4 106015 143573 197148 274542 386052 548041 788028 1.13778e+06 1.64472e+06 2.36427e+06 3.37898e+06 4.83448e+06 6.94173e+06 
3212.4 -84971.1 855.418 996.419 1161.58 1356.05 1585.15 1855.3 2175.12 2556.45 3010.59 3552.89 4209.1 5003.35 5966.99 7147.87 8615.99 10437 12708.9 15623.3 19353.6 24153.4 30450.1 38880.6 50128.4 65278.8 86462.7 115849 156921 215519 300185 422195 599468 862131 1.24498e+06 1.79996e+06 2.58773e+06 3.69862e+06 5.29209e+06 7.59911e+06 
2265.83 513.473 -97145.7 1077.95 1256.64 1467.03 1714.91 2007.21 2353.25 2765.86 3257.28 3844.12 4554.26 5413.84 6456.8 7734.98 9324.21 11295.6 13755.4 16911.3 20951.1 26150 32971.3 42105.9 54295.5 70717.8 93685.5 125554 170104 233683 325564 458000 650460 935671 1.35145e+06 1.95425e+06 2.80995e+06 4.01659e+06 5.74744e+06 8.25334e+06 
1568.37 355.42 640.559 -111430 1346.84 1572.36 1838.07 2151.39 2522.34 2964.67 3491.5 4120.65 4882.05 5803.74 6922.13 8292.88 9997.36 12112 14750.7 18136.7 22471.8 28051.5 35373.8 45181.6 58272.2 75912.4 100590 134840 182733 251100 349926 492409 699517 1.00649e+06 1.45407e+06 2.10308e+06 3.02444e+06 4.32363e+06 6.18725e+06 8.8854e+06 
1074.33 243.463 438.787 791.409 -128149 1653.13 1949.88 2282.31 2675.89 3145.22 3704.25 4371.89 5179.91 6158.12 7345.19 8800.24 10609.8 12855 15657 19253.2 23858.1 29786.1 37567.3 47992.1 61909.7 80669.3 106921 143366 194344 267137 372393 524185 744886 1.07207e+06 1.54922e+06 2.24122e+06 3.22368e+06 4.60899e+06 6.59617e+06 9.47323e+06 
728.043 164.99 297.361 536.335 959.637 -147669 2044.7 2393.34 2806.14 3298.42 3884.82 4585.18 5432.9 6459.24 7704.84 9231.79 11131 13487.8 16429.6 20206 25042.5 31270.1 39446.6 50404.2 65037.4 84767.8 112388 150747 204422 281094 391996 551987 784682 1.12973e+06 1.63305e+06 2.36316e+06 3.39984e+06 4.86153e+06 6.95829e+06 9.99404e+06 
487.52 110.483 199.127 359.16 648.413 1171.31 -170463 2479.17 2906.86 3416.93 4024.56 4750.34 5628.9 6692.7 7983.9 9566.96 11536.3 13980.5 17031.9 20949.9 25969 32433.4 40923.2 52304.6 67508.9 88016.8 116738 156642 212502 292332 407847 574558 817117 1.17689e+06 1.70185e+06 2.46352e+06 3.54513e+06 5.0701e+06 7.25768e+06 1.04249e+07 
322.265 73.0337 131.632 237.426 428.647 774.337 1400.19 -197109 2941.84 3494.71 4116.35 4858.94 5757.95 6846.64 8168.2 9788.74 11805.1 14308.1 17433.5 21447.5 26591.1 33217.7 41923.3 53598.7 69201.7 90256.1 119757 160764 218195 300309 419187 590824 840659 1.21134e+06 1.75239e+06 2.53762e+06 3.65282e+06 5.22508e+06 7.48053e+06 1.07461e+07 
210.301 47.6605 85.9022 154.945 279.743 505.36 913.845 1637.52 -228402 3527.58 4155.3 4905.21 5813.2 6912.92 8248.06 9885.52 11923.3 14453.5 17613.7 21673.5 26877.4 33583.9 42398 54223.9 70035.4 91381.1 121307 162927 221250 304687 425543 600127 854376 1.23174e+06 1.78276e+06 2.58271e+06 3.71898e+06 5.32085e+06 7.61881e+06 1.09459e+07 
135.678 30.749 55.4225 99.9702 180.494 326.076 589.665 1067.82 1936.41 -265160 4140.93 4888.59 5794.02 6890.8 8222.59 9856.3 11890 14415.6 17571 21626.2 26826.1 33530.1 42344.9 54178.3 70008.1 91391.1 121389 163138 221680 305489 426961 602545 858403 1.23832e+06 1.79332e+06 2.59937e+06 3.74449e+06 5.35872e+06 7.67446e+06 1.10274e+07 
86.5611 19.618 35.3606 63.7845 115.165 208.061 376.266 681.408 1235.75 2243.4 -308645 4818.33 5711.3 6793.2 8107.18 9719.4 11726.9 14220.8 17337.4 21344.6 26485 33115.3 41837.8 53554.5 69237.7 90436.6 120199 161652 219823 303167 424055 598918 853899 1.23271e+06 1.78637e+06 2.59083e+06 3.73392e+06 5.34515e+06 7.65666e+06 1.10035e+07 
54.7545 12.4097 22.3685 40.3502 72.856 131.63 238.056 431.135 781.92 1419.61 2582.69 -360420 5542.56 6643.1 7929.2 9507.63 11473.7 13916.9 16971.3 20900.2 25942.7 32450 41015.8 52529.9 67952.7 88815 118131 158995 216392 298700 418185 591156 843576 1.21879e+06 1.76753e+06 2.56522e+06 3.69896e+06 5.29686e+06 7.58929e+06 1.09086e+07 
34.5917 7.84014 14.1323 25.494 46.0335 83.1732 150.429 272.455 494.169 897.263 1632.55 2955.73 -422160 6472.91 7727.41 9267.55 11186.7 13572.5 16556.4 20396.9 25328.7 31697.1 40086.1 51372 66501.9 86986.5 115802 156011 212548 293711 411654 582563 832209 1.20356e+06 1.74703e+06 2.53756e+06 3.66142e+06 5.24522e+06 7.51749e+06 1.08076e+07 
21.9458 4.97412 8.96647 16.1757 29.2092 52.778 95.4619 172.911 313.647 569.547 1036.4 1890.8 3454.77 -496473 7557.88 9066.36 10946.9 13285.8 16212.4 19981.7 24825.3 31084.3 39336 50448 65359.4 85569.2 114034 153801 209785 290259 407340 577196 825578 1.19535e+06 1.73696e+06 2.52534e+06 3.64652e+06 5.22632e+06 7.49293e+06 1.07749e+07 
14.0894 3.19353 5.75697 10.3862 18.7558 33.8919 61.3063 111.054 201.462 365.873 665.859 1214.97 2220.32 4068.75 -586641 8880.28 10846.5 13168.7 16076 19823.2 24642.1 30874 39098.1 50185 65079.1 85289.7 113796 153675 209898 290833 408746 580034 830828 1.20453e+06 1.75244e+06 2.55062e+06 3.68617e+06 5.28597e+06 7.58136e+06 1.0905e+07 
9.24791 2.09624 3.77907 6.8182 12.3133 22.2519 40.2543 72.926 132.309 240.316 437.422 798.282 1459.13 2674.5 4866.03 -696876 10979.2 13335.4 16287 20094.8 24995.9 31340 39721.3 51034.7 66252.8 86931.8 116146 157084 214894 298257 419903 596887 856409 1.24354e+06 1.81177e+06 2.64034e+06 3.81965e+06 5.48082e+06 7.86434e+06 1.13157e+07 
6.26573 1.42033 2.56069 4.6203 8.34463 15.0812 27.2851 49.4361 89.7031 162.956 296.664 541.512 990.036 1815.18 3340.86 6171.53 -831798 13892 16976.4 20959.5 26091.7 32742.4 41540.4 53434.8 69459.5 91271.2 122148 165500 226844 315489 445100 634031 911579 1.32616e+06 1.9355e+06 2.82505e+06 4.09185e+06 5.87587e+06 8.43577e+06 1.21425e+07 
4.38413 0.993857 1.79192 3.23343 5.84031 10.5562 19.1005 34.6115 62.8127 114.127 207.812 379.413 693.863 1272.57 2343.01 4330.01 8024.71 -999439 18285.8 22593.5 28150.5 35361 44914 57851.9 75313.6 99127.1 132916 180464 247902 345591 488754 697899 1.00579e+06 1.46642e+06 2.1445e+06 3.13573e+06 4.54824e+06 6.53696e+06 9.39073e+06 1.3523e+07 
3.16464 0.717448 1.29365 2.33451 4.21705 7.62304 13.795 25.0011 45.3793 82.4678 150.198 274.295 501.78 920.61 1695.68 3135.17 5813.59 10840.5 -1.21014e+06 25024.8 31392.9 39478 50207.9 64769 84461.4 111376 149664 203684 280507 392100 556071 796221 1.15062e+06 1.68177e+06 2.46508e+06 3.61189e+06 5.24732e+06 7.54926e+06 1.08527e+07 1.56358e+07 
2.35753 0.534507 0.963867 1.73956 3.14267 5.68166 10.2834 18.6401 33.8403 61.5127 112.063 204.715 374.635 687.633 1267.17 2344.22 4349.87 8117.35 15165.9 -1.47364e+06 35912.9 45223.6 57605.7 74450.2 97287.7 128585 173254 236479 326692 458199 652072 936924 1.35859e+06 1.99197e+06 2.92817e+06 4.30144e+06 6.26169e+06 9.01987e+06 1.29782e+07 1.87094e+07 
1.79492 0.406985 0.73398 1.32481 2.39369 4.32823 7.83512 14.2051 25.7946 46.9006 85.4699 156.189 285.953 525.117 968.227 1792.34 3328.38 6216.61 11694 22074.3 -1.80917e+06 52932.1 67547.2 87486.1 114597 151867 205266 281133 389812 548895 784357 1.13163e+06 1.64759e+06 2.42469e+06 3.57642e+06 5.26968e+06 7.68945e+06 1.10929e+07 1.59774e+07 2.3049e+07 
1.38662 0.314433 0.567129 1.02378 1.85004 3.34577 6.05781 10.9852 19.9529 36.2901 66.1568 120.944 221.53 407.038 750.977 1391.18 2585.69 4834.21 9103.77 17208.2 32768.2 -2.24214e+06 79664.5 104620 137416 182662 247774 340687 474390 671051 963488 1.39671e+06 2.04314e+06 3.01985e+06 4.47192e+06 6.61243e+06 9.67548e+06 1.39818e+07 2.01623e+07 2.91093e+07 
1.0832 0.245655 0.443133 0.800055 1.44599 2.61555 4.73675 8.59181 15.6102 28.4017 51.7968 94.7347 173.619 319.207 589.355 1092.69 2032.94 3805.14 7175.08 13583.9 25913.7 49368.9 -2.80544e+06 126387 166537 222163 302632 418058 585063 832141 1.20163e+06 1.75196e+06 2.57745e+06 3.82957e+06 5.69814e+06 8.46144e+06 1.24224e+07 1.79882e+07 2.59766e+07 3.75385e+07 
0.852954 0.193462 0.349033 0.630265 1.13933 2.06132 3.73401 6.77497 12.3134 22.4126 40.8935 74.8322 137.231 252.494 466.573 865.89 1612.88 3022.95 5708.81 10828 20700.7 39987.9 77951.7 -3.53444e+06 202230 270941 370976 515394 725766 1.03929e+06 1.51154e+06 2.21978e+06 3.28927e+06 4.91968e+06 7.36446e+06 1.09946e+07 1.62094e+07 2.35328e+07 3.40437e+07 4.92519e+07 
0.670649 0.152133 0.274513 0.495792 0.896425 1.62225 2.9395 5.33515 9.7002 17.6641 32.2462 59.0426 108.352 199.522 369.032 685.612 1278.75 2400.29 4540.6 8630.12 16538.5 32035.1 62648.6 123345 -4.50166e+06 331398 456431 638289 905299 1.30669e+06 1.91653e+06 2.83867e+06 4.24246e+06 6.39569e+06 9.643e+06 1.44885e+07 2.14674e+07 3.12625e+07 4.53204e+07 6.56514e+07 
0.522804 0.118612 0.214065 0.386696 0.699329 1.26591 2.29454 4.16605 7.5777 13.8059 25.2172 46.2022 84.8541 156.394 289.559 538.605 1006.02 1891.47 3584.78 6829.14 13122.1 25495 50037 98939.4 198412 -5.80586e+06 559249 790974 1.13113e+06 1.64767e+06 2.44046e+06 3.651e+06 5.5116e+06 8.38673e+06 1.27525e+07 1.93048e+07 2.87723e+07 4.20524e+07 6.11112e+07 8.8658e+07 
0.402875 0.0914182 0.16502 0.298167 0.539366 0.976655 1.77088 3.21659 5.85347 10.6706 19.5031 35.7592 65.7334 121.278 224.809 418.741 783.442 1475.82 2803.1 5354.36 10320.6 20123.8 39662.7 78829.4 159016 325426 -7.50954e+06 957877 1.38404e+06 2.03972e+06 3.05986e+06 4.6381e+06 7.09574e+06 1.09331e+07 1.68144e+07 2.57112e+07 3.86233e+07 5.67251e+07 8.27008e+07 1.20206e+08 
0.30099 0.0683112 0.123336 0.222904 0.403332 0.730575 1.3252 2.40812 4.38446 7.99756 14.6277 26.8413 49.3878 91.2226 169.312 315.839 591.987 1117.48 2127.51 4075.78 7883.06 15431.4 30556.1 61076.8 124016 256687 534200 -9.79683e+06 1.65137e+06 2.46727e+06 3.75806e+06 5.78772e+06 9.00052e+06 1.40856e+07 2.19716e+07 3.40219e+07 5.16117e+07 7.62633e+07 1.11633e+08 1.62625e+08 
0.213855 0.0485446 0.0876674 0.158482 0.286847 0.519763 0.94319 1.71474 3.1237 5.70155 10.4359 19.1656 35.3007 65.2802 121.326 226.684 425.701 805.365 1537.17 2954.07 5734.57 11273.2 22435 45122.8 92281.6 192583 404955 866380 -1.29077e+07 2.84616e+06 4.46053e+06 7.00006e+06 1.11013e+07 1.77057e+07 2.8101e+07 4.41882e+07 6.78451e+07 1.01004e+08 1.48575e+08 2.17021e+08 
0.141677 0.0321668 0.0581044 0.105068 0.190228 0.344818 0.625996 1.13863 2.07539 3.79072 6.94386 12.7637 23.5346 43.5766 81.1053 151.792 285.642 541.672 1036.66 1998.92 3895.79 7693.57 15395.1 31174.4 64262.4 135343 287931 624512 1.37316e+06 -1.71869e+07 4.96089e+06 7.9681e+06 1.29514e+07 2.11673e+07 3.43578e+07 5.51218e+07 8.59693e+07 1.29253e+08 1.9135e+08 2.80436e+08 
0.0854713 0.0194096 0.035069 0.0634313 0.11488 0.208318 0.378354 0.688535 1.25573 2.2952 4.20771 7.74132 14.2897 26.4929 49.3815 92.5788 174.582 331.871 636.904 1232.38 2411.71 4785.46 9630.77 19642 40832.2 86844.4 187122 412090 932293 2.14914e+06 -2.30038e+07 8.22201e+06 1.37916e+07 2.32933e+07 3.8991e+07 6.43273e+07 1.0256e+08 1.56377e+08 2.33618e+08 3.43945e+08 
0.0458233 0.010408 0.0188097 0.0340315 0.0616534 0.111841 0.203218 0.370003 0.675186 1.23495 2.26579 4.17232 7.71016 14.3128 26.7173 50.1745 94.816 180.676 347.701 675.119 1326.61 2644.92 5353.56 10997.7 23058.5 49534.8 108141 241972 557822 1.3161e+06 3.13478e+06 -3.1338e+07 1.33059e+07 2.33967e+07 4.07109e+07 6.96189e+07 1.1424e+08 1.77473e+08 2.68371e+08 3.97486e+08 
0.0215443 0.00489442 0.00884743 0.0160116 0.0290163 0.0526558 0.095718 0.17436 0.318353 0.582682 1.06989 1.97188 3.64782 6.78014 12.6745 23.8426 45.1487 86.2375 166.412 324.223 639.687 1281.4 2608.49 5397.26 11413.4 24766 54793.5 124625 292986 708485 1.7415e+06 4.40681e+06 -4.38907e+07 2.12834e+07 3.89017e+07 6.9579e+07 1.18439e+08 1.88491e+08 2.89555e+08 4.32189e+08 
0.0088452 0.00200981 0.00363384 0.00657795 0.011924 0.0216457 0.0393632 0.0717361 0.131047 0.240005 0.440999 0.813449 1.50631 2.80298 5.24668 9.88503 18.7539 35.8996 69.4487 135.733 268.796 540.776 1106.61 2304.92 4912.81 10760.1 24105.8 55687.4 133424 330616 839817 2.21249e+06 6.07696e+06 -6.19312e+07 3.17016e+07 6.05658e+07 1.09277e+08 1.81083e+08 2.85835e+08 4.32595e+08 
0.00312109 0.000709294 0.0012827 0.00232247 0.00421108 0.00764683 0.013911 0.0253621 0.0463533 0.0849429 0.156182 0.288303 0.534355 0.995403 1.86548 3.51968 6.68918 12.8304 24.8778 48.7619 96.8939 195.708 402.401 843.224 1810.25 3998.55 9060.25 21228.9 51751.6 131150 343559 940848 2.71454e+06 7.74754e+06 -8.84651e+07 4.60445e+07 8.99102e+07 1.58192e+08 2.60571e+08 4.0383e+08 
0.000932835 0.000212026 0.000383502 0.000694517 0.00125959 0.00228791 0.00416349 0.00759357 0.0138844 0.0254566 0.0468341 0.0865112 0.160475 0.299221 0.56138 1.06053 2.01869 3.87898 7.53665 14.8102 29.5186 59.8328 123.548 260.283 562.356 1251.51 2864.47 6796.53 16825.7 43503.9 117191 332659 1.00385e+06 3.06037e+06 9.52009e+06 -1.27696e+08 6.46261e+07 1.24846e+08 2.19167e+08 3.5328e+08 
0.000230301 5.23519e-05 9.47048e-05 0.000171537 0.000311159 0.000565312 0.00102901 0.0018773 0.0034337 0.00629812 0.0115924 0.0214246 0.0397674 0.0742055 0.139339 0.263495 0.502168 0.966291 1.88047 3.70276 7.39763 15.0361 31.1515 65.9049 143.105 320.355 739.024 1770.77 4436.8 11652.9 32089.5 93750.9 293475 948335 3.1927e+06 1.10993e+07 -1.82092e+08 8.31953e+07 1.62448e+08 2.82106e+08 
4.57882e-05 1.04093e-05 1.88322e-05 3.41139e-05 6.1888e-05 0.000112453 0.000204726 0.000373567 0.000683422 0.00125386 0.00230856 0.00426798 0.00792523 0.0147953 0.0277966 0.0525974 0.100316 0.193202 0.376361 0.742001 1.48461 3.02272 6.27529 13.3105 28.9913 65.1355 150.992 363.999 918.886 2437.27 6806.59 20261 64974 218615 781457 2.98285e+06 1.15736e+07 -2.4884e+08 9.78565e+07 1.99294e+08 
7.15284e-06 1.62619e-06 2.94225e-06 5.33017e-06 9.67058e-06 1.75737e-05 3.19975e-05 5.83939e-05 0.000106845 0.000196064 0.00036106 0.000667675 0.00124017 0.00231601 0.00435286 0.00824028 0.0157248 0.0303036 0.059074 0.116568 0.233471 0.475922 0.989437 2.10242 4.5888 10.335 24.0353 58.1752 147.581 393.958 1110.25 3345.21 10897.8 37677.1 140542 571730 2.46744e+06 1.06844e+07 -3.29172e+08 1.19787e+08 
8.47644e-07 1.92719e-07 3.487e-07 6.3174e-07 1.14624e-06 2.08314e-06 3.79322e-06 6.92314e-06 1.26689e-05 2.32509e-05 4.28241e-05 7.92043e-05 0.000147148 0.000274865 0.00051674 0.000978537 0.00186804 0.00360151 0.00702424 0.0138689 0.027797 0.056708 0.118005 0.251028 0.548614 1.23744 2.88325 6.9944 17.791 47.651 134.904 408.91 1342.45 4706.1 17976.1 76059.5 353639 1.79586e+06 9.88611e+06 -4.18358e+08 
dt_FE: 2.39029e-09
dt_EA: 2.39029e-09
dt_PE: 2.39029e-09
tolC: 1e-06
dt_grow: 1.03
dt_max: 0.1
steps: 0
