t
0.0000002215174606344749644
dt
0.0000000031637407223083331
DN
0.0000000000000002177980794
TC
552.0000
N
1.46037486e-01
3.65536006e-01
5.16356408e-01
6.18475230e-01
6.86029706e-01
7.28877243e-01
7.53778615e-01
7.65278499e-01
7.66348085e-01
7.58848138e-01
7.43862732e-01
7.21945650e-01
6.93314111e-01
6.58017971e-01
6.16105558e-01
5.67797721e-01
5.13666731e-01
4.54795422e-01
3.92868268e-01
3.30132779e-01
2.69186906e-01
2.12608325e-01
1.62510277e-01
1.20181267e-01
8.60257110e-02
5.96561706e-02
4.01043999e-02
2.61466428e-02
1.65343576e-02
1.01393831e-02
6.02606651e-03
3.46775575e-03
1.92980369e-03
1.03697101e-03
5.37086937e-04
2.67603932e-04
1.27989695e-04
5.86248993e-05
2.56526482e-05
1.06948073e-05
eC
1.00638940e+00
3.07804198e+00
5.27088624e+00
7.59201189e+00
1.00489234e+01
1.26495642e+01
1.54023425e+01
1.83161584e+01
2.14004324e+01
2.46651365e+01
2.81208258e+01
3.17786729e+01
3.56505041e+01
3.97488374e+01
4.40869232e+01
4.86787870e+01
5.35392748e+01
5.86841012e+01
6.41298999e+01
6.98942779e+01
7.59958720e+01
8.24544093e+01
8.92907710e+01
9.65270599e+01
1.04186672e+02
1.12294371e+02
1.20876370e+02
1.29960417e+02
1.39575880e+02
1.49753848e+02
1.60527227e+02
1.71930848e+02
1.84001582e+02
1.96778453e+02
2.10302771e+02
2.24618262e+02
2.39771209e+02
2.55810604e+02
2.72788303e+02
2.90759198e+02
