t
0.0000000662048535538664788
dt
0.0000000006554945896422432
DN
0.0000000000000006533942383
TC
1346.0000
N
2.22854458e-03
6.25983592e-03
9.75624208e-03
1.26626023e-02
1.49317961e-02
1.65312769e-02
1.74509286e-02
1.77114576e-02
1.73708841e-02
1.65254587e-02
1.53018438e-02
1.38407204e-02
1.22766410e-02
1.07211658e-02
9.25409123e-03
7.92310054e-03
6.74897526e-03
5.73288932e-03
4.86495519e-03
4.20573416e-03
5.80872723e-03
3.70062777e-02
2.37643625e-01
6.58418699e-01
6.22882881e-01
1.63904121e-01
9.66620134e-03
1.54165115e-04
1.76263054e-05
4.64486175e-06
1.13719593e-06
2.56541702e-07
5.31160441e-08
1.00440102e-08
1.72528761e-09
2.67667225e-10
3.72795058e-11
4.63125639e-12
5.09724701e-13
4.93477638e-14
eC
1.00638940e+00
3.07804198e+00
5.27088624e+00
7.59201189e+00
1.00489234e+01
1.26495642e+01
1.54023425e+01
1.83161584e+01
2.14004324e+01
2.46651365e+01
2.81208258e+01
3.17786729e+01
3.56505041e+01
3.97488374e+01
4.40869232e+01
4.86787870e+01
5.35392748e+01
5.86841012e+01
6.41298999e+01
6.98942779e+01
7.59958720e+01
8.24544093e+01
8.92907710e+01
9.65270599e+01
1.04186672e+02
1.12294371e+02
1.20876370e+02
1.29960417e+02
1.39575880e+02
1.49753848e+02
1.60527227e+02
1.71930848e+02
1.84001582e+02
1.96778453e+02
2.10302771e+02
2.24618262e+02
2.39771209e+02
2.55810604e+02
2.72788303e+02
2.90759198e+02
