t: 4.66713e-07
dt: 2.51238e-09
N: 0.337314 0.376965 0.419242 0.463812 0.510148 0.557446 0.604884 0.651514 0.696215 0.737776 0.775336 0.808064 0.835151 0.856448 0.872018 0.882067 0.886967 0.887345 0.883576 0.875744 0.863786 0.847151 0.824776 0.795029 0.75567 0.703821 0.636357 0.55104 0.448661 0.335807 0.225633 0.133411 0.0685196 0.0303391 0.0114982 0.00368672 0.000981916 0.000211833 3.58677e-05 4.59061e-06 
eC: 1 1.15749 1.33977 1.55077 1.795 2.07768 2.40489 2.78363 3.22201 3.72944 4.31677 4.99661 5.78351 6.69433 7.7486 8.9689 10.3814 12.0163 13.9087 16.0991 18.6345 21.5692 24.9661 28.8979 33.4489 38.7167 44.814 51.8717 60.0407 69.4963 80.4411 93.1095 107.773 124.746 144.391 167.131 193.452 223.918 259.182 300 
dV: 1.08333 0.211322 0.327712 0.508206 0.788112 1.22218 1.89532 2.93921 4.55805 7.06849 10.9616 16.999 26.3615 40.8807 63.3966 98.3136 152.462 236.434 366.655 568.597 881.764 1367.42 2120.55 3288.49 5099.69 7908.45 12264.2 19019 29494.1 45738.6 70930.1 109996 170579 264529 410225 636165 986546 1.52991e+06 2.37254e+06 3.67926e+06 
kVec: 1.02878e+06 1.19197e+06 1.37335e+06 1.58207e+06 1.82195e+06 2.09661e+06 2.41078e+06 2.76971e+06 3.17872e+06 3.64207e+06 4.16713e+06 4.76059e+06 5.42428e+06 6.16541e+06 6.99006e+06 7.90036e+06 8.8875e+06 9.9591e+06 1.11143e+07 1.23117e+07 1.35521e+07 1.48235e+07 1.60952e+07 1.72878e+07 1.84449e+07 1.9609e+07 2.06499e+07 2.18164e+07 2.34054e+07 2.58707e+07 2.97023e+07 3.61598e+07 4.71181e+07 6.38688e+07 8.9495e+07 1.2817e+08 1.82273e+08 2.48895e+08 3.29186e+08 4.18362e+08 
cMat: 
-69043.9 636.267 747.649 870.88 1015.23 1185.18 1385.4 1621.49 1900.97 2234.2 2631.05 3104.91 3678.28 4372.25 5214.16 6245.81 7528.29 9118.93 11103.3 13648.5 16905.9 21096.8 26593.9 33952.6 43769 56989 75470.2 101103 136920 188013 261820 368163 522645 751511 1.08506e+06 1.56851e+06 2.25471e+06 3.2224e+06 4.61046e+06 6.62005e+06 
3042.4 -82891.4 810.148 943.687 1100.11 1284.28 1501.26 1757.12 2060.01 2421.16 2851.26 3364.86 3986.34 4738.57 5651.21 6769.6 8160.02 9884.65 12036.3 14796.5 18329.4 22875.2 28838.7 36823 47475.6 61824.2 81886.9 109718 148616 204114 284299 399852 567743 816506 1.17909e+06 1.7047e+06 2.45078e+06 3.50288e+06 5.01203e+06 7.19695e+06 
2129.23 482.517 -94818.9 1012.96 1180.88 1378.59 1611.52 1886.2 2211.38 2599.11 3060.9 3612.36 4279.69 5087.45 6067.53 7268.65 8762.07 10614.6 12926.1 15891.7 19688 24573.5 30983.5 39567.5 51022.2 66454.4 88037.4 117985 159849 219594 305936 430388 611245 879261 1.26998e+06 1.83643e+06 2.64054e+06 3.77444e+06 5.40094e+06 7.75577e+06 
1460.97 331.081 596.695 -108822 1254.61 1464.69 1712.2 2004.07 2349.61 2761.65 3252.4 3838.48 4547.74 5406.31 6448.12 7724.99 9312.76 11282.6 13740.6 16894.8 20933 26130.6 32951.5 42087.6 54281.8 70714.1 93701.9 125607 170220 233905 325964 458689 651615 937566 1.3545e+06 1.95906e+06 2.81733e+06 4.02755e+06 5.76355e+06 8.27694e+06 
991.069 224.595 404.782 730.076 -125228 1525.02 1798.77 2105.43 2468.51 2901.47 3417.18 4033.07 4778.48 5680.88 6775.95 8118.23 9787.53 11858.7 14443.6 17761.1 22009.1 27477.8 34655.9 44272.8 57111.8 74417.6 98634.8 132256 179283 246435 343533 483562 687159 988985 1.42916e+06 2.06753e+06 2.97385e+06 4.2518e+06 6.08498e+06 8.73907e+06 
664.5 150.59 271.407 489.524 875.88 -144406 1866.24 2184.45 2561.22 3010.54 3545.75 4184.99 4958.72 5895.48 7032.36 8426.05 10159.5 12310.6 14995.7 18442.4 22856.8 28540.9 36003.7 46004.9 59361 77369.3 102579 137590 186580 256560 357783 503810 716195 1.03113e+06 1.49052e+06 2.15691e+06 3.1031e+06 4.43721e+06 6.35097e+06 9.12176e+06 
439.885 99.6883 179.67 324.067 585.057 1056.86 -166838 2236.93 2622.83 3083.07 3631.33 4286.19 5078.91 6038.77 7203.81 8632.19 10409.1 12614.5 15367.8 18902.9 23431.6 29264.4 36924.6 47194 60912.7 79416.9 105332 141337 191739 263768 367997 518419 737278 1.0619e+06 1.53556e+06 2.22282e+06 3.19874e+06 4.57471e+06 6.54855e+06 9.40634e+06 
287.281 65.1054 117.343 211.652 382.114 690.277 1248.19 -193110 2622.48 3115.33 3669.49 4331.47 5132.88 6103.39 7281.48 8726.1 10523.5 12754.8 15540.9 19119.2 23704.5 29611.7 37372.3 47780.2 61689.4 80458.2 106756 143312 194508 267709 373681 526686 749400 1.07984e+06 1.56215e+06 2.26215e+06 3.25628e+06 4.65786e+06 6.66847e+06 9.57952e+06 
185.188 41.9691 75.6441 136.443 246.338 445.013 804.718 1441.97 -224024 3106.34 3659.1 4319.45 5119.02 6087.41 7263.11 8705.04 10499.5 12727.6 15510.3 19085.4 23667.9 29573.5 37335 47748.8 61672.1 80468.8 106821 143471 194829 268303 374727 528463 752351 1.08465e+06 1.56987e+06 2.2743e+06 3.27488e+06 4.68546e+06 6.70901e+06 9.63884e+06 
118.092 26.7635 48.2389 87.0125 157.099 283.811 513.235 929.411 1685.42 -260415 3604.19 4254.95 5043.02 5997.64 7156.81 8578.76 10348.8 12547.1 15293.5 18823.1 23349 29184 36856.3 47155.9 60933.9 79545.3 105655 141992 192946 265892 371620 524445 747140 1.07782e+06 1.56088e+06 2.26245e+06 3.25914e+06 4.66414e+06 6.67972e+06 9.59806e+06 
74.5915 16.9052 30.4709 54.9644 99.24 179.291 324.237 587.184 1064.87 1933.18 -303557 4152.05 4921.55 5853.84 6986.13 8375.41 10105.3 12254.4 14940 18393.1 22822.7 28536.1 36052.5 46149 59663.6 77931.1 103578 139299 189426 261246 365417 516100 735823 1.06225e+06 1.53935e+06 2.23257e+06 3.2176e+06 4.60603e+06 6.5979e+06 9.48194e+06 
46.8614 10.6208 19.144 34.5336 62.3535 112.655 203.739 368.985 669.203 1214.97 2210.39 -355031 4743.57 5685.47 6786.17 8137.06 9819.72 11910.7 14524.8 17887.4 22203 27772.2 35103.2 44957.5 58157 76012 101102 136076 185198 255641 357901 505939 721971 1.0431e+06 1.51273e+06 2.19543e+06 3.16574e+06 4.53329e+06 6.49526e+06 9.33605e+06 
29.5515 6.69781 12.0732 21.7794 39.3263 71.0546 128.511 232.757 422.167 766.529 1394.68 2525.07 -416520 5529.78 6601.5 7917.24 9556.76 11595 14144.1 17425 21638.3 27078.7 34245.4 43886.9 56812.4 74312.3 98929.5 133280 181579 250916 351675 497682 710954 1.0282e+06 1.49248e+06 2.16783e+06 3.12794e+06 4.48097e+06 6.42216e+06 9.2329e+06 
18.8405 4.27031 7.69776 13.8869 25.0763 45.3102 81.9546 148.445 269.268 488.959 889.752 1623.26 2965.94 -490639 6488.48 7783.52 9397.97 11405.9 13918.4 17154.4 21312.7 26686 33770.2 43309.9 56111.4 73461.6 97898.6 132039 180102 249189 349704 495526 708763 1.02621e+06 1.49119e+06 2.16802e+06 3.13055e+06 4.48682e+06 6.43272e+06 9.25031e+06 
12.2491 2.77641 5.00503 9.02961 16.306 29.4652 53.2988 96.5487 175.148 318.085 578.889 1056.28 1930.31 3537.32 -580691 7720.39 9429.81 11448.7 13976.2 17234 21423.5 26841.5 33991.3 43630.1 56578.9 74149.7 98932.3 133603 182483 252846 355358 504273 722310 1.04721e+06 1.52355e+06 2.21747e+06 3.2047e+06 4.59554e+06 6.59112e+06 9.48069e+06 
8.19881 1.85844 3.35036 6.04473 10.9165 19.7276 35.6878 64.6532 117.299 213.054 387.8 707.724 1293.6 2371.1 4314.02 -690866 9733.74 11822.6 14439.4 17815.2 22160.3 27784.7 35215.2 45245.2 58737 77070.1 102971 139264 190516 264422 372268 529175 759257 1.10247e+06 1.60624e+06 2.34082e+06 3.38635e+06 4.85906e+06 6.9722e+06 1.0032e+07 
5.68832 1.28944 2.32472 4.19452 7.57565 13.6914 24.7707 44.8804 81.4367 147.939 269.326 491.61 898.801 1647.91 3032.99 5602.8 -825792 12611.8 15412 19028 23687.2 29725.1 37712.4 48510.6 63058.6 82860.3 110892 150249 205940 286416 404083 575603 827575 1.20395e+06 1.75714e+06 2.56471e+06 3.71478e+06 5.33439e+06 7.65839e+06 1.10235e+07 
4.07819 0.924502 1.66688 3.00779 5.43275 9.81956 17.7676 32.1962 58.4295 106.163 193.31 352.936 645.443 1183.76 2179.51 4027.85 7464.72 -993506 17009.8 21016.8 26186.1 32893.4 41779.7 53814.8 70058 92209.7 123640 167870 230602 321475 454647 649197 935606 1.36409e+06 1.99485e+06 2.91691e+06 4.23085e+06 6.08079e+06 8.73541e+06 1.25793e+07 
3.00831 0.682007 1.22975 2.21919 4.00873 7.24647 13.1135 23.766 43.1376 78.394 142.779 260.745 476.993 875.133 1611.92 2980.3 5526.41 10305 -1.20434e+06 23788.6 29842.1 37527.8 47727.7 61569.5 80289.1 105874 142271 193622 266650 372731 528602 756889 1.09378e+06 1.59869e+06 2.34331e+06 3.43347e+06 4.98811e+06 7.17634e+06 1.03165e+07 1.48635e+07 
2.27915 0.516738 0.931824 1.68173 3.03819 5.49278 9.94149 18.0204 32.7153 59.4677 108.338 197.91 362.18 664.773 1225.05 2266.29 4205.26 7847.49 14661.7 -1.46801e+06 34719 43720.1 55690.6 71975.2 94053.4 124310 167494 228617 315832 442966 630395 905776 1.31342e+06 1.92575e+06 2.83082e+06 4.15844e+06 6.05352e+06 8.72001e+06 1.25467e+07 1.80874e+07 
1.75641 0.398251 0.71823 1.29638 2.34232 4.23535 7.66698 13.9003 25.2411 45.8942 83.6358 152.838 279.817 513.849 947.45 1753.88 3256.96 6083.21 11443.1 21600.6 -1.80375e+06 51796.3 66097.7 85608.8 112138 148608 200862 275101 381447 537117 767526 1.10735e+06 1.61223e+06 2.37266e+06 3.49967e+06 5.1566e+06 7.52444e+06 1.08548e+07 1.56345e+07 2.25544e+07 
1.36804 0.310221 0.559532 1.01006 1.82525 3.30095 5.97666 10.8381 19.6856 35.804 65.2706 119.324 218.563 401.585 740.917 1372.55 2551.05 4769.45 8981.81 16977.6 32329.3 -2.23698e+06 78597.4 103219 135575 180215 244455 336123 468036 662061 950581 1.378e+06 2.01577e+06 2.97939e+06 4.41202e+06 6.52385e+06 9.54587e+06 1.37945e+07 1.98922e+07 2.87194e+07 
1.07435 0.243647 0.439511 0.793515 1.43417 2.59417 4.69803 8.52158 15.4826 28.1695 51.3735 93.9603 172.199 316.598 584.537 1083.76 2016.32 3774.04 7116.43 13472.8 25701.8 48965.3 -2.80056e+06 125354 165176 220347 300159 414641 580281 825339 1.19181e+06 1.73764e+06 2.55638e+06 3.79827e+06 5.65156e+06 8.39228e+06 1.23208e+07 1.78412e+07 2.57642e+07 3.72316e+07 
0.848757 0.19251 0.347315 0.627164 1.13372 2.05118 3.71563 6.74163 12.2528 22.3023 40.6923 74.464 136.556 251.252 464.277 861.63 1604.94 3008.07 5680.72 10774.7 20598.8 39791.2 77568.1 -3.52986e+06 201235 269608 369151 512858 722195 1.03418e+06 1.5041e+06 2.20886e+06 3.27309e+06 4.89548e+06 7.32822e+06 1.09405e+07 1.61296e+07 2.3417e+07 3.38762e+07 4.90095e+07 
0.66875 0.151702 0.273736 0.494388 0.893887 1.61766 2.93117 5.32004 9.67273 17.6141 32.1548 58.8754 108.045 198.957 367.987 683.671 1275.13 2393.49 4527.74 8605.68 16491.7 31944.4 62471.2 122996 -4.49742e+06 330459 455138 636482 902736 1.30299e+06 1.9111e+06 2.83063e+06 4.23045e+06 6.37757e+06 9.6157e+06 1.44474e+07 2.14066e+07 3.11739e+07 4.51921e+07 6.54655e+07 
0.522025 0.118435 0.213746 0.38612 0.698287 1.26403 2.29112 4.15984 7.56641 13.7853 25.1797 46.1334 84.7277 156.161 289.128 537.803 1004.52 1888.66 3579.44 6818.96 13102.6 25457 49962.5 98791.9 198116 -5.80199e+06 558415 789795 1.12945e+06 1.64522e+06 2.43682e+06 3.64556e+06 5.50338e+06 8.37423e+06 1.27335e+07 1.9276e+07 2.87294e+07 4.19897e+07 6.10202e+07 8.85259e+07 
0.402601 0.0913561 0.164908 0.297965 0.539 0.975992 1.76968 3.2144 5.8495 10.6634 19.4898 35.7349 65.6887 121.196 224.656 418.457 782.91 1474.81 2801.2 5350.73 10313.6 20110.2 39635.7 78775.9 158908 325205 -7.50604e+06 957227 1.3831e+06 2.03834e+06 3.05778e+06 4.63495e+06 7.09093e+06 1.09257e+07 1.68029e+07 2.56937e+07 3.85971e+07 5.66866e+07 8.26446e+07 1.20124e+08 
0.300932 0.0682981 0.123312 0.222862 0.403255 0.730435 1.32495 2.40766 4.38362 7.99604 14.6249 26.8361 49.3784 91.2052 169.279 315.779 591.874 1117.27 2127.11 4075.01 7881.56 15428.4 30550.2 61065.1 123992 256638 534098 -9.79369e+06 1.65106e+06 2.4668e+06 3.75734e+06 5.78661e+06 8.99881e+06 1.40829e+07 2.19674e+07 3.40154e+07 5.16019e+07 7.62487e+07 1.11612e+08 1.62594e+08 
0.213868 0.0485475 0.0876727 0.158491 0.286864 0.519794 0.943247 1.71484 3.12389 5.70189 10.4366 19.1668 35.3028 65.2842 121.333 226.698 425.727 805.414 1537.26 2954.25 5734.92 11273.9 22436.4 45125.5 92287.2 192595 404979 866432 -1.29049e+07 2.84633e+06 4.4608e+06 7.00048e+06 1.1102e+07 1.77068e+07 2.81027e+07 4.41908e+07 6.78492e+07 1.0101e+08 1.48584e+08 2.17034e+08 
0.141697 0.0321713 0.0581126 0.105082 0.190254 0.344867 0.626084 1.13879 2.07569 3.79126 6.94484 12.7655 23.5379 43.5827 81.1168 151.813 285.682 541.748 1036.8 1999.21 3896.34 7694.66 15397.2 31178.7 64271.5 135362 287972 624600 1.37335e+06 -1.71845e+07 4.96159e+06 7.96922e+06 1.29532e+07 2.11702e+07 3.43626e+07 5.51295e+07 8.59815e+07 1.29271e+08 1.91377e+08 2.80475e+08 
0.0854822 0.0194121 0.0350735 0.0634394 0.114895 0.208344 0.378402 0.688622 1.25589 2.29549 4.20825 7.7423 14.2916 26.4963 49.3878 92.5905 174.605 331.913 636.985 1232.53 2412.02 4786.07 9631.99 19644.5 40837.4 86855.4 187145 412142 932411 2.14941e+06 -2.30019e+07 8.22306e+06 1.37934e+07 2.32962e+07 3.89959e+07 6.43355e+07 1.02573e+08 1.56397e+08 2.33647e+08 3.43989e+08 
0.0458271 0.0104089 0.0188113 0.0340344 0.0616586 0.11185 0.203235 0.370034 0.675242 1.23506 2.26598 4.17267 7.71081 14.314 26.7195 50.1787 94.824 180.691 347.73 675.175 1326.72 2645.14 5354.01 10998.7 23060.5 49538.9 108150 241992 557869 1.31621e+06 3.13504e+06 -3.13367e+07 1.3307e+07 2.33987e+07 4.07143e+07 6.96248e+07 1.14249e+08 1.77488e+08 2.68393e+08 3.97519e+08 
0.0215453 0.00489464 0.00884782 0.0160123 0.0290176 0.0526581 0.0957223 0.174368 0.318368 0.582708 1.06994 1.97196 3.64798 6.78044 12.6751 23.8436 45.1508 86.2413 166.42 324.238 639.716 1281.45 2608.6 5397.5 11413.9 24767.1 54796 124630 292999 708516 1.74158e+06 4.40701e+06 -4.38902e+07 2.12843e+07 3.89034e+07 6.95821e+07 1.18444e+08 1.885e+08 2.89568e+08 4.32209e+08 
0.00884537 0.00200985 0.00363391 0.00657808 0.0119242 0.0216461 0.039364 0.0717376 0.131049 0.24001 0.441008 0.813465 1.50634 2.80304 5.24678 9.88523 18.7543 35.9004 69.45 135.735 268.801 540.786 1106.63 2304.97 4912.91 10760.3 24106.3 55688.5 133426 330623 839833 2.21253e+06 6.07708e+06 -6.19314e+07 3.17022e+07 6.0567e+07 1.09279e+08 1.81086e+08 2.85841e+08 4.32603e+08 
0.00312112 0.0007093 0.00128271 0.00232249 0.00421111 0.00764689 0.0139111 0.0253623 0.0463537 0.0849436 0.156183 0.288305 0.534359 0.99541 1.86549 3.51971 6.68923 12.8305 24.878 48.7623 96.8946 195.71 402.404 843.23 1810.26 3998.58 9060.32 21229 51752 131151 343561 940855 2.71456e+06 7.7476e+06 -8.8466e+07 4.60448e+07 8.99109e+07 1.58194e+08 2.60573e+08 4.03834e+08 
0.000932837 0.000212027 0.000383503 0.000694519 0.00125959 0.00228791 0.0041635 0.00759359 0.0138845 0.0254567 0.0468343 0.0865114 0.160476 0.299222 0.561381 1.06053 2.01869 3.87899 7.53667 14.8103 29.5187 59.8329 123.548 260.284 562.358 1251.52 2864.48 6796.55 16825.7 43504 117192 332660 1.00385e+06 3.06037e+06 9.52012e+06 -1.27698e+08 6.46263e+07 1.24846e+08 2.19167e+08 3.53281e+08 
0.000230301 5.23519e-05 9.47049e-05 0.000171537 0.000311159 0.000565312 0.00102901 0.0018773 0.0034337 0.00629813 0.0115924 0.0214246 0.0397675 0.0742056 0.139339 0.263495 0.502168 0.966292 1.88048 3.70276 7.39763 15.0362 31.1516 65.9049 143.105 320.355 739.025 1770.78 4436.8 11652.9 32089.5 93751 293475 948335 3.1927e+06 1.10993e+07 -1.82094e+08 8.31954e+07 1.62448e+08 2.82106e+08 
4.57882e-05 1.04093e-05 1.88322e-05 3.41139e-05 6.1888e-05 0.000112453 0.000204726 0.000373567 0.000683422 0.00125386 0.00230856 0.00426798 0.00792523 0.0147953 0.0277966 0.0525974 0.100316 0.193202 0.376361 0.742001 1.48461 3.02272 6.27529 13.3105 28.9913 65.1355 150.992 363.999 918.886 2437.27 6806.59 20261 64974 218615 781457 2.98285e+06 1.15736e+07 -2.48843e+08 9.78565e+07 1.99294e+08 
7.15284e-06 1.62619e-06 2.94225e-06 5.33017e-06 9.67058e-06 1.75737e-05 3.19975e-05 5.83939e-05 0.000106845 0.000196064 0.00036106 0.000667675 0.00124017 0.00231601 0.00435286 0.00824028 0.0157248 0.0303036 0.059074 0.116568 0.233471 0.475922 0.989437 2.10242 4.5888 10.335 24.0353 58.1752 147.581 393.958 1110.25 3345.21 10897.8 37677.1 140542 571730 2.46744e+06 1.06844e+07 -3.29174e+08 1.19787e+08 
8.47644e-07 1.92719e-07 3.487e-07 6.3174e-07 1.14624e-06 2.08314e-06 3.79322e-06 6.92314e-06 1.26689e-05 2.32509e-05 4.28241e-05 7.92043e-05 0.000147148 0.000274865 0.00051674 0.000978537 0.00186804 0.00360151 0.00702424 0.0138689 0.027797 0.056708 0.118005 0.251028 0.548614 1.23744 2.88325 6.9944 17.791 47.651 134.904 408.91 1342.45 4706.1 17976.1 76059.5 353639 1.79586e+06 9.88611e+06 -4.1836e+08 
dt_FE: 2.51238e-09
dt_EA: 2.51238e-09
dt_PE: 2.51238e-09
tolC: 1e-06
dt_grow: 1.03
dt_max: 0.1
steps: 0
