t: 1.19386e-07
dt: 2.39152e-09
N: 0.0884115 0.101254 0.115765 0.132121 0.150486 0.170969 0.19371 0.218824 0.246338 0.276156 0.308261 0.342484 0.378282 0.41531 0.453068 0.490699 0.527037 0.561479 0.593051 0.619807 0.641117 0.656002 0.662792 0.659438 0.645137 0.617905 0.573849 0.512074 0.432193 0.336954 0.235769 0.145288 0.0753864 0.0334864 0.012719 0.00408154 0.00108758 0.000234722 3.97543e-05 5.0891e-06 
eC: 1 1.15749 1.33977 1.55077 1.795 2.07768 2.40489 2.78363 3.22201 3.72944 4.31677 4.99661 5.78351 6.69433 7.7486 8.9689 10.3814 12.0163 13.9087 16.0991 18.6345 21.5692 24.9661 28.8979 33.4489 38.7167 44.814 51.8717 60.0407 69.4963 80.4411 93.1095 107.773 124.746 144.391 167.131 193.452 223.918 259.182 300 
dV: 1.08333 0.211322 0.327712 0.508206 0.788112 1.22218 1.89532 2.93921 4.55805 7.06849 10.9616 16.999 26.3615 40.8807 63.3966 98.3136 152.462 236.434 366.655 568.597 881.764 1367.42 2120.55 3288.49 5099.69 7908.45 12264.2 19019 29494.1 45738.6 70930.1 109996 170579 264529 410225 636165 986546 1.52991e+06 2.37254e+06 3.67926e+06 
kVec: 994400 1.15273e+06 1.32869e+06 1.53136e+06 1.76455e+06 2.03192e+06 2.33823e+06 2.68876e+06 3.08902e+06 3.54354e+06 4.05995e+06 4.64538e+06 5.30248e+06 6.03921e+06 6.86263e+06 7.77625e+06 8.77325e+06 9.86269e+06 1.10458e+07 1.22841e+07 1.35803e+07 1.49241e+07 1.62857e+07 1.75864e+07 1.88657e+07 2.01607e+07 2.13279e+07 2.26007e+07 2.42561e+07 2.67262e+07 3.04882e+07 3.68126e+07 4.76002e+07 6.4167e+07 8.96252e+07 1.2816e+08 1.82156e+08 2.48717e+08 3.28976e+08 4.18144e+08 
cMat: 
-109914 875.246 1028.46 1197.98 1396.54 1630.32 1905.75 2230.51 2614.97 3073.36 3619.26 4271.11 5059.83 6014.45 7172.57 8591.71 10355.9 12544 15273.6 18774.9 23255.7 29020.7 36582.4 46705.1 60208.4 78393.9 103816 139076 188347 258629 360158 506443 718948 1.03378e+06 1.4926e+06 2.15763e+06 3.10158e+06 4.43272e+06 6.34213e+06 9.10652e+06 
4388.75 -131310 1168.66 1361.3 1586.94 1852.62 2165.62 2534.7 2971.63 3492.59 4113.03 4853.92 5750.42 6835.53 8152.04 9765.35 11771.1 14258.9 17362.7 21344.5 26440.7 32998.2 41600.6 53118.3 68484.9 89183.3 118124 158272 214383 294440 410110 576799 818986 1.17783e+06 1.70088e+06 2.45909e+06 3.53533e+06 5.05301e+06 7.23e+06 1.03818e+07 
3241.86 734.657 -150397 1542.29 1797.95 2098.97 2453.63 2871.84 3366.94 3957.29 4660.39 5500.01 6516.05 7745.92 9238.14 11066.9 13340.7 16161.3 19680.7 24196 29976.1 37414.4 47174.1 60243.6 77683.9 101180 134042 179638 243379 334344 465804 655288 930653 1.33872e+06 1.93361e+06 2.79606e+06 4.02036e+06 5.74678e+06 8.22321e+06 1.18086e+07 
2364.74 535.891 965.816 -172695 2030.73 2370.76 2771.38 3243.8 3803.1 4470.03 5264.37 6212.99 7361.01 8750.7 10437 12503.7 15073.7 18262.1 22240.7 27346 33882.3 42295.2 53335.6 68123.4 87861 114458 151667 203308 275520 378601 527608 742438 1.05471e+06 1.51755e+06 2.19241e+06 3.17096e+06 4.56015e+06 6.51903e+06 9.32894e+06 1.33971e+07 
1718.74 389.498 701.984 1266.12 -198650 2644.72 3119.47 3651.3 4280.95 5031.81 5926.15 6994.26 8286.97 9851.93 11751 14078.9 16973.8 20565.7 25048.5 30801.7 38168.8 47652.7 60101.2 76779.1 99044.9 129057 171055 229362 310917 427374 595764 838606 1.19169e+06 1.71512e+06 2.47848e+06 3.58556e+06 5.15733e+06 7.37359e+06 1.05527e+07 1.51555e+07 
1244.8 282.098 508.423 917.018 1640.77 -228750 3496 4092.1 4797.9 5639.6 6642.21 7839.68 9289.09 11043.9 13173.6 15784.4 19031.7 23061.3 28091.2 34547.9 42817.3 53465.2 67445.2 86180.4 111200 144935 192160 257746 349517 480610 670230 943780 1.34164e+06 1.93159e+06 2.79217e+06 4.04051e+06 5.81299e+06 8.31217e+06 1.18972e+07 1.70877e+07 
897.649 203.428 366.643 661.306 1193.89 2156.68 -263594 4564.78 5352.27 6291.45 7410.25 8746.59 10364.2 12323 14700.4 17615.2 21241.3 25741.7 31360.1 38574.1 47815.6 59718.2 75350 96306.1 124301 162061 214944 288418 391271 538257 750951 1.05791e+06 1.50452e+06 2.16695e+06 3.13354e+06 4.53597e+06 6.52749e+06 9.33535e+06 1.33632e+07 1.9195e+07 
643.978 145.942 263.038 474.444 856.558 1547.35 2797.99 -303858 5878.63 6983.41 8225.64 9709.54 11506 13681.5 16322.4 19560.7 23589.9 28591.6 34837 42858.2 53136.6 66378.3 83774.8 107105 138285 180357 239308 321251 436015 600104 837654 1.18063e+06 1.67988e+06 2.4206e+06 3.50177e+06 5.07089e+06 7.29938e+06 1.04412e+07 1.49482e+07 2.14737e+07 
459.434 104.121 187.666 338.501 611.14 1104.03 1996.43 3577.39 -350515 7706.52 9077.86 10716.1 12699.8 15102.3 18019.1 21596.4 26048.3 31575.9 38479.6 47349 58717.7 73369 92624.6 118460 153002 199635 265012 355938 483352 665633 929661 1.31106e+06 1.86651e+06 2.69092e+06 3.89469e+06 5.64231e+06 8.12466e+06 1.16242e+07 1.66444e+07 2.3913e+07 
325.98 73.8779 133.159 240.189 433.657 783.432 1416.73 2565.55 4652.43 -404358 9949.02 11745.4 13920.8 16555.9 19755.7 23680.8 28566.9 34635.2 42216.2 51959.3 64452.7 80559.6 101738 130169 168202 219577 291650 391956 532610 733970 1.02582e+06 1.44768e+06 2.06241e+06 2.9752e+06 4.30865e+06 6.24527e+06 8.99655e+06 1.28749e+07 1.84387e+07 2.64945e+07 
229.667 52.0512 93.8201 169.236 305.56 552.036 998.326 1807.94 3278.74 5952.27 -466743 12784.2 15153.5 18024 21510.3 25787.9 31114.3 37731.3 46000.4 56632.3 70271.2 87862.8 111006 142093 183704 239950 318918 428901 583244 804376 1.12512e+06 1.58907e+06 2.2656e+06 3.27067e+06 4.73967e+06 6.87409e+06 9.90699e+06 1.4182e+07 2.0315e+07 2.91949e+07 
160.533 36.3837 65.5817 118.302 213.605 385.921 697.949 1264.03 2292.49 4162.12 7572.13 -539218 16250.1 19476.7 23247.4 27875.2 33639.5 40802.7 49757.6 61276.8 76060.8 95139.3 120253 154011 199229 260394 346345 466155 634435 875751 1.22606e+06 1.7332e+06 2.47326e+06 3.57334e+06 5.18216e+06 7.52091e+06 1.08449e+07 1.55297e+07 2.22509e+07 3.19825e+07 
111.452 25.2604 45.5334 82.14 148.317 267.979 484.674 877.832 1592.18 2890.93 5259.98 9523.18 -623376 20855.3 24897.2 29859.5 36042.8 43729.8 53343.6 65717.4 81607.6 102126 129155 165517 214265 280265 373107 502659 684815 946318 1.32632e+06 1.87698e+06 2.68133e+06 3.87779e+06 5.62882e+06 8.17585e+06 1.17969e+07 1.68998e+07 2.42209e+07 3.48214e+07 
76.7376 17.393 31.353 56.5615 102.136 184.549 333.801 604.619 1096.73 1991.53 3623.96 6611.56 12080.3 -721726 26427.6 31702.3 38278 46456.4 56689.8 69869.9 86806.7 108692 137546 176401 228542 299209 398741 537795 733556 1.01495e+06 1.42435e+06 2.01828e+06 2.8868e+06 4.17977e+06 6.07362e+06 8.83034e+06 1.27508e+07 1.82748e+07 2.62005e+07 3.76765e+07 
52.3464 11.865 21.389 38.588 69.6838 125.919 227.772 412.601 748.494 1359.33 2473.88 4514 8249.18 15116.7 -837159 32993.1 40298.3 48925.8 59727.3 73649.4 91553.2 114707 145262 186453 241790 316879 422787 570953 779839 1.08054e+06 1.51862e+06 2.15501e+06 3.08679e+06 4.47523e+06 6.51087e+06 9.47636e+06 1.36953e+07 1.9639e+07 2.81672e+07 4.05157e+07 
35.4072 8.02581 14.4688 26.1046 47.1436 85.1952 154.12 279.21 506.566 920.091 1674.74 3056.36 5586.53 10239.8 18630.4 -974140 42035.9 51056.7 62357.7 76936.3 95700.9 119990 152080 195395 253660 332833 444686 601422 822757 1.14193e+06 1.60767e+06 2.28528e+06 3.27891e+06 4.76112e+06 6.93667e+06 1.0109e+07 1.46242e+07 2.09842e+07 3.01099e+07 4.3324e+07 
23.8017 5.39542 9.72732 17.5512 31.6988 57.2892 103.648 187.793 340.756 619.022 1126.94 2057.05 3760.86 6895.36 12691 23443.8 -1.13644e+06 52771.7 64488.4 79619 99114.6 124379 157800 202983 263857 346713 464005 628687 861714 1.19845e+06 1.69081e+06 2.4085e+06 3.46283e+06 5.03769e+06 7.3524e+06 1.07315e+07 1.55438e+07 2.23207e+07 3.20451e+07 4.61259e+07 
15.8748 3.59873 6.48851 11.7082 21.1476 38.2237 69.1626 125.327 227.443 413.25 752.481 1373.84 2512.46 4607.94 8483.99 15678.9 29057.3 -1.3318e+06 66212.5 81810.5 101932 128041 162632 209480 272709 358937 481285 653454 897646 1.25138e+06 1.76977e+06 2.52707e+06 3.64196e+06 5.30986e+06 7.76518e+06 1.13544e+07 1.64691e+07 2.36702e+07 3.40036e+07 4.89663e+07 
10.5153 2.3839 4.29847 7.757 14.0122 25.3294 45.8372 83.0722 150.784 274.02 499.071 911.412 1667.29 3058.95 5634.32 10417.4 19317.1 36020.2 -1.5702e+06 83151.1 104311 131175 166828 215211 280644 370073 497297 676791 932052 1.30285e+06 1.84768e+06 2.64564e+06 3.82323e+06 5.58809e+06 8.19084e+06 1.20014e+07 1.74355e+07 2.50843e+07 3.60606e+07 5.1954e+07 
6.97365 1.58109 2.85116 5.14568 9.29614 16.8066 30.4186 55.1381 100.101 181.957 331.488 605.556 1108.18 2034.05 3748.35 6934.3 12867.1 24011.4 44861.2 -1.86041e+06 106232 133773 170400 220227 287781 380358 512492 699513 966369 1.35537e+06 1.92886e+06 2.77146e+06 4.01876e+06 5.89232e+06 8.66164e+06 1.27238e+07 1.85223e+07 2.66811e+07 3.83899e+07 5.53431e+07 
4.62759 1.04927 1.89232 3.41557 6.17131 11.1589 20.2002 36.623 66.5026 120.917 220.355 402.681 737.231 1353.84 2496.24 4620.93 8581.1 16027.4 30149 56911.1 -2.22125e+06 136467 174147 225553 295450 391538 529209 724806 1.005e+06 1.41514e+06 2.0222e+06 2.91752e+06 4.24774e+06 6.25124e+06 9.22057e+06 1.35861e+07 1.98246e+07 2.85992e+07 4.11922e+07 5.94241e+07 
3.07889 0.698177 1.25927 2.27323 4.10788 7.42904 13.4509 24.392 44.304 80.5798 146.897 268.548 491.893 903.799 1667.49 3089.02 5741.34 10734 20214.3 38209.5 72759.6 -2.67642e+06 176890 232302 305123 405589 550166 756472 1.05335e+06 1.49002e+06 2.13936e+06 3.10129e+06 4.53664e+06 6.70537e+06 9.9296e+06 1.46824e+07 2.14838e+07 3.10457e+07 4.47691e+07 6.46353e+07 
2.06752 0.468885 0.845814 1.52707 2.75997 4.99234 9.04109 16.3993 29.7953 54.2106 98.8652 180.821 331.388 609.275 1124.91 2085.63 3880.29 7262.91 13695.1 25927.7 49461.7 94230.9 -3.25919e+06 241236 317871 424046 577638 797952 1.11672e+06 1.58832e+06 2.29357e+06 3.34399e+06 4.91961e+06 7.30954e+06 1.08761e+07 1.61505e+07 2.37107e+07 3.43343e+07 4.95818e+07 7.16501e+07 
1.41022 0.319857 0.577069 1.04204 1.88369 3.40806 6.17357 11.2013 20.3582 37.0556 67.6107 123.723 226.89 417.458 771.402 1431.61 2666.63 4997.96 9438.59 17902.4 34225.3 66113.5 128880 -4.00235e+06 334354 447957 613349 852121 1.19994e+06 1.7183e+06 2.49909e+06 3.67004e+06 5.43828e+06 8.1339e+06 1.21759e+07 1.81778e+07 2.67996e+07 3.89077e+07 5.62858e+07 8.143e+07 
0.971289 0.220331 0.397572 0.718047 1.29828 2.34948 4.25722 7.7268 14.0486 25.5826 46.7015 85.5103 156.924 288.964 534.462 992.96 1851.99 3476.3 6576.07 12498.8 23952.4 46395.9 90732.8 178638 -4.97642e+06 479957 661040 924423 1.31113e+06 1.89246e+06 2.77567e+06 4.11119e+06 6.14428e+06 9.26276e+06 1.39658e+07 2.09834e+07 3.10908e+07 4.52768e+07 6.56367e+07 9.50818e+07 
0.673455 0.152791 0.27575 0.498126 0.900848 1.6307 2.95574 5.36654 9.7613 17.7842 32.4838 59.5159 109.306 201.46 372.998 693.81 1295.91 2436.52 4617.78 8797.02 16903.4 32841.7 64455.7 127450 255586 -6.28013e+06 720402 1.0189e+06 1.45708e+06 2.12246e+06 3.1437e+06 4.70307e+06 7.09982e+06 1.08034e+07 1.64272e+07 2.48676e+07 3.70633e+07 5.41702e+07 7.87211e+07 1.14206e+08 
0.471806 0.10706 0.193255 0.349183 0.631651 1.14376 2.07387 3.76694 6.85499 12.4963 22.84 41.8775 76.9802 142.029 263.273 490.387 917.487 1728.33 3282.71 6270.48 12086.5 23567 46448.9 92317 186223 381106 -7.97584e+06 1.12177e+06 1.62085e+06 2.38871e+06 3.58339e+06 5.43167e+06 8.30981e+06 1.28038e+07 1.96913e+07 3.01103e+07 4.52317e+07 6.64306e+07 9.68507e+07 1.40773e+08 
0.327051 0.0742258 0.134015 0.242204 0.438254 0.793831 1.43994 2.61662 4.76408 8.69003 15.8942 29.1653 53.664 99.121 183.971 343.186 643.244 1214.23 2311.72 4428.68 8565.61 16767.5 33201.7 66365.1 134754 278912 580454 -1.02507e+07 1.79436e+06 2.6809e+06 4.08345e+06 6.28884e+06 9.77983e+06 1.53051e+07 2.3874e+07 3.69676e+07 5.60805e+07 8.28665e+07 1.21299e+08 1.76706e+08 
0.220256 0.0499976 0.0902914 0.163225 0.295432 0.53532 0.97142 1.76606 3.21719 5.8722 10.7483 19.7393 36.3572 67.2341 124.957 233.469 438.442 829.47 1583.18 3042.49 5906.21 11610.6 23106.5 46473.4 95043.7 198348 417075 892311 -1.3348e+07 2.93135e+06 4.59404e+06 7.20958e+06 1.14336e+07 1.82357e+07 2.89421e+07 4.55108e+07 6.98757e+07 1.04027e+08 1.53022e+08 2.23516e+08 
0.141452 0.0321157 0.0580122 0.104901 0.189926 0.344271 0.625002 1.13682 2.0721 3.78471 6.93284 12.7435 23.4973 43.5074 80.9766 151.551 285.189 540.812 1035.01 1995.75 3889.61 7681.36 15370.6 31124.9 64160.4 135128 287474 623521 1.37098e+06 -1.76137e+07 4.95301e+06 7.95545e+06 1.29309e+07 2.11337e+07 3.43032e+07 5.50343e+07 8.58329e+07 1.29048e+08 1.91046e+08 2.7999e+08 
0.0843632 0.0191579 0.0346144 0.062609 0.113391 0.205617 0.373449 0.679608 1.23945 2.26544 4.15316 7.64095 14.1045 26.1494 48.7413 91.3785 172.319 327.568 628.647 1216.4 2380.44 4723.42 9505.91 19387.3 40302.8 85718.5 184696 406747 920205 2.12127e+06 -2.34066e+07 8.11542e+06 1.36128e+07 2.29913e+07 3.84855e+07 6.34933e+07 1.0123e+08 1.5435e+08 2.30589e+08 3.39486e+08 
0.045199 0.0102662 0.0185534 0.0335679 0.0608135 0.110317 0.20045 0.364962 0.665988 1.21813 2.23492 4.11548 7.60512 14.1178 26.3533 49.491 93.5243 178.214 342.964 665.922 1308.54 2608.88 5280.63 10847.9 22744.4 48860 106668 238675 550223 1.29817e+06 3.09207e+06 -3.16928e+07 1.31246e+07 2.3078e+07 4.01563e+07 6.86705e+07 1.12684e+08 1.75055e+08 2.64714e+08 3.92071e+08 
0.0213865 0.00485855 0.00878259 0.0158942 0.0288037 0.0522699 0.0950166 0.173082 0.316021 0.578413 1.06205 1.95743 3.62109 6.73046 12.5816 23.6678 44.8179 85.6056 165.193 321.847 635 1272.01 2589.37 5357.71 11329.8 24584.6 54392 123712 290839 703293 1.72874e+06 4.37452e+06 -4.41439e+07 2.11274e+07 3.86166e+07 6.90691e+07 1.17571e+08 1.8711e+08 2.87433e+08 4.29022e+08 
0.00881666 0.00200332 0.00362211 0.00655673 0.0118855 0.0215759 0.0392362 0.0715047 0.130624 0.239231 0.439576 0.810825 1.50145 2.79394 5.22975 9.85314 18.6934 35.7838 69.2246 135.295 267.928 539.031 1103.04 2297.49 4896.96 10725.4 24028 55507.7 132993 329549 837107 2.20535e+06 6.05735e+06 -6.20764e+07 3.15993e+07 6.03704e+07 1.08925e+08 1.80499e+08 2.84913e+08 4.31199e+08 
0.00311726 0.000708424 0.00128113 0.00231962 0.00420591 0.00763744 0.0138939 0.025331 0.0462964 0.0848387 0.155991 0.287949 0.533699 0.994181 1.86319 3.51536 6.68096 12.8147 24.8473 48.7021 96.7749 195.468 401.907 842.189 1808.03 3993.64 9049.13 21202.8 51688.1 130989 343137 939693 2.71121e+06 7.73803e+06 -8.8508e+07 4.5988e+07 8.97998e+07 1.57998e+08 2.60251e+08 4.03335e+08 
0.000932467 0.000211943 0.000383351 0.000694244 0.00125909 0.002287 0.00416185 0.00759058 0.013879 0.0254466 0.0468157 0.0864771 0.160412 0.299103 0.561159 1.06011 2.01789 3.87745 7.53369 14.8044 29.507 59.8092 123.499 260.181 562.135 1251.02 2863.35 6793.86 16819 43486.8 117145 332528 1.00346e+06 3.05916e+06 9.51634e+06 -1.27644e+08 6.46007e+07 1.24797e+08 2.1908e+08 3.53141e+08 
0.000230277 5.23464e-05 9.46949e-05 0.000171519 0.000311126 0.000565252 0.0010289 0.0018771 0.00343334 0.00629746 0.0115912 0.0214224 0.0397633 0.0741977 0.139324 0.263468 0.502115 0.96619 1.88028 3.70237 7.39685 15.0346 31.1483 65.8979 143.09 320.321 738.947 1770.59 4436.33 11651.7 32086.1 93741.1 293444 948235 3.19236e+06 1.10981e+07 -1.8196e+08 8.31866e+07 1.62431e+08 2.82076e+08 
4.57872e-05 1.04091e-05 1.88318e-05 3.41132e-05 6.18866e-05 0.000112451 0.000204722 0.000373558 0.000683407 0.00125383 0.0023085 0.00426788 0.00792505 0.014795 0.027796 0.0525962 0.100314 0.193197 0.376352 0.741984 1.48457 3.02265 6.27514 13.3102 28.9907 65.134 150.989 363.991 918.865 2437.21 6806.44 20260.5 64972.5 218610 781439 2.98278e+06 1.15734e+07 -2.48659e+08 9.78543e+07 1.9929e+08 
7.15281e-06 1.62618e-06 2.94223e-06 5.33015e-06 9.67054e-06 1.75736e-05 3.19973e-05 5.83937e-05 0.000106845 0.000196063 0.000361059 0.000667672 0.00124017 0.002316 0.00435284 0.00824025 0.0157247 0.0303035 0.0590738 0.116567 0.23347 0.47592 0.989433 2.10241 4.58878 10.3349 24.0352 58.1749 147.58 393.956 1110.25 3345.2 10897.8 37677 140541 571728 2.46743e+06 1.06844e+07 -3.28963e+08 1.19786e+08 
8.47644e-07 1.92718e-07 3.487e-07 6.3174e-07 1.14624e-06 2.08314e-06 3.79322e-06 6.92313e-06 1.26689e-05 2.32509e-05 4.28241e-05 7.92043e-05 0.000147148 0.000274865 0.00051674 0.000978537 0.00186804 0.00360151 0.00702423 0.0138689 0.027797 0.0567079 0.118005 0.251028 0.548614 1.23744 2.88325 6.9944 17.791 47.651 134.903 408.91 1342.45 4706.1 17976.1 76059.4 353639 1.79586e+06 9.8861e+06 -4.18142e+08 
dt_FE: 2.39152e-09
dt_EA: 2.39152e-09
dt_PE: 2.39152e-09
tolC: 1e-06
dt_grow: 1.03
dt_max: 0.1
steps: 0
