t: 1.48082e-07
dt: 2.3911e-09
N: 0.11124 0.127129 0.144998 0.165028 0.187378 0.212127 0.239375 0.269182 0.301484 0.336054 0.37275 0.411237 0.450751 0.490768 0.5306 0.569212 0.605305 0.638237 0.667037 0.689899 0.706348 0.715576 0.716155 0.706303 0.685121 0.650521 0.59891 0.52908 0.440941 0.338501 0.232816 0.14036 0.0725392 0.0322041 0.0122202 0.00392011 0.00104437 0.000225358 3.81637e-05 4.88505e-06 
eC: 1 1.15749 1.33977 1.55077 1.795 2.07768 2.40489 2.78363 3.22201 3.72944 4.31677 4.99661 5.78351 6.69433 7.7486 8.9689 10.3814 12.0163 13.9087 16.0991 18.6345 21.5692 24.9661 28.8979 33.4489 38.7167 44.814 51.8717 60.0407 69.4963 80.4411 93.1095 107.773 124.746 144.391 167.131 193.452 223.918 259.182 300 
dV: 1.08333 0.211322 0.327712 0.508206 0.788112 1.22218 1.89532 2.93921 4.55805 7.06849 10.9616 16.999 26.3615 40.8807 63.3966 98.3136 152.462 236.434 366.655 568.597 881.764 1367.42 2120.55 3288.49 5099.69 7908.45 12264.2 19019 29494.1 45738.6 70930.1 109996 170579 264529 410225 636165 986546 1.52991e+06 2.37254e+06 3.67926e+06 
kVec: 1.0055e+06 1.16544e+06 1.3432e+06 1.5479e+06 1.78335e+06 2.05322e+06 2.36226e+06 2.71578e+06 3.11922e+06 3.57705e+06 4.09684e+06 4.68561e+06 5.34575e+06 6.08501e+06 6.91011e+06 7.82411e+06 8.81945e+06 9.90465e+06 1.10801e+07 1.23061e+07 1.35845e+07 1.49041e+07 1.62342e+07 1.74957e+07 1.8729e+07 1.99728e+07 2.10881e+07 2.23139e+07 2.39353e+07 2.63942e+07 3.01747e+07 3.65454e+07 4.73971e+07 6.4035e+07 8.95589e+07 1.28149e+08 1.82188e+08 2.48774e+08 3.29046e+08 4.18218e+08 
cMat: 
-100509 853.327 1002.71 1167.98 1361.57 1589.5 1858.03 2174.66 2549.49 2996.39 3528.62 4164.14 4933.12 5863.83 6992.95 8376.55 10096.5 12229.8 14891.1 18304.7 22673.3 28293.9 35666.3 45535.4 58700.6 76430.7 101217 135594 183630 252153 351139 493760 700944 1.00789e+06 1.45522e+06 2.1036e+06 3.0239e+06 4.32171e+06 6.1833e+06 8.87847e+06 
4262.4 -120295 1135.02 1322.11 1541.25 1799.28 2103.27 2461.72 2886.07 3392.04 3994.62 4714.17 5584.87 6638.73 7917.34 9484.2 11432.2 13848.4 16862.9 20729.9 25679.5 32048.1 40402.9 51589 66513.2 86615.6 114724 153715 208211 285963 398303 560193 795407 1.14392e+06 1.65191e+06 2.38829e+06 3.43355e+06 4.90753e+06 7.02185e+06 1.00829e+07 
3134.69 710.369 -137655 1491.3 1738.51 2029.58 2372.52 2776.9 3255.63 3826.46 4506.32 5318.18 6300.64 7489.84 8932.73 10701 12899.7 15627 19030 23396.1 28985.1 36177.5 45614.5 58251.9 75115.7 97835.3 129610 173699 235333 323291 450405 633625 899886 1.29446e+06 1.86968e+06 2.70363e+06 3.88745e+06 5.55679e+06 7.95136e+06 1.14182e+07 
2275.08 515.572 929.195 -157941 1953.73 2280.87 2666.3 3120.81 3658.9 4300.54 5064.76 5977.41 7081.9 8418.9 10041.2 12029.6 14502.2 17569.6 21397.4 26309.2 32597.6 40691.5 51313.3 65540.3 84529.6 110119 145916 195599 265073 364245 507603 714288 1.01472e+06 1.46001e+06 2.10928e+06 3.05073e+06 4.38724e+06 6.27185e+06 8.97522e+06 1.28892e+07 
1644.1 372.583 671.498 1211.13 -181559 2529.87 2984 3492.73 4095.04 4813.29 5668.79 6690.51 7927.08 9424.08 11240.7 13467.4 16236.7 19672.6 23960.7 29464.1 36511.2 45583.2 57491.1 73444.7 94743.5 123452 163626 219401 297415 408814 569891 802187 1.13994e+06 1.64064e+06 2.37085e+06 3.42984e+06 4.93336e+06 7.05337e+06 1.00944e+07 1.44974e+07 
1183 268.093 483.183 871.493 1559.32 -208952 3322.44 3888.95 4559.71 5359.62 6312.45 7450.48 8827.93 10495.6 12519.6 15000.8 18086.9 21916.4 26696.6 32832.7 40691.6 50810.9 64096.9 81901.9 105680 137740 182620 244950 332166 456750 636956 896925 1.27503e+06 1.8357e+06 2.65356e+06 3.83991e+06 5.52441e+06 7.89951e+06 1.13066e+07 1.62393e+07 
846.809 191.907 345.878 623.852 1126.28 2034.54 -240665 4306.25 5049.13 5935.13 6990.56 8251.22 9777.26 11625.1 13867.8 16617.6 20038.3 24283.8 29584 36389.4 45107.5 56336 71082.5 90851.6 117261 152883 202770 272083 369111 507773 708420 997992 1.41931e+06 2.04423e+06 2.95607e+06 4.27907e+06 6.15779e+06 8.80663e+06 1.26064e+07 1.81078e+07 
602.464 136.534 246.082 443.859 801.34 1447.6 2617.61 -277318 5499.66 6533.23 7695.38 9083.62 10764.3 12799.5 15270.2 18299.7 22069.2 26748.4 32591.3 40095.4 49711.2 62099.3 78374.2 100201 129370 168731 223881 300542 407907 561418 783655 1.10452e+06 1.57158e+06 2.26455e+06 3.27603e+06 4.744e+06 6.82883e+06 9.76811e+06 1.39846e+07 2.00894e+07 
425.817 96.5026 173.934 313.732 566.422 1023.25 1850.35 3315.63 -319815 7142.63 8413.63 9932.04 11770.5 13997.2 16700.6 20016.1 24142.3 29265.5 35664 43884.4 54421.3 68000.5 85847.2 109792 141807 185028 245621 329893 447985 616928 861637 1.21513e+06 1.72994e+06 2.49402e+06 3.60972e+06 5.22946e+06 7.53017e+06 1.07736e+07 1.54265e+07 2.21633e+07 
299.005 67.7645 122.14 220.314 397.771 718.603 1299.5 2353.25 4267.44 -368908 9125.74 10773.4 12768.8 15185.9 18120.9 21721.2 26203 31769.1 38722.8 47659.6 59119.2 73893.3 93319.4 119398 154283 201407 267516 359522 488536 673234 940934 1.32788e+06 1.89174e+06 2.72901e+06 3.95211e+06 5.72847e+06 8.25208e+06 1.18095e+07 1.69129e+07 2.43021e+07 
208.256 47.1986 85.0734 153.458 277.073 500.571 905.254 1639.39 2973.07 5397.35 -425874 11592.3 13740.7 16343.6 19504.9 23383.8 28213.6 34213.7 41711.9 51352.6 63719.9 79671.6 100657 128846 166578 217580 289186 388915 528869 729386 1.02023e+06 1.44093e+06 2.05438e+06 2.96575e+06 4.2978e+06 6.23323e+06 8.98338e+06 1.28598e+07 1.8421e+07 2.64731e+07 
143.747 32.5792 58.7242 105.932 191.269 345.568 624.968 1131.86 2052.78 3726.91 6780.35 -492201 14550.9 17440.2 20816.6 24960.4 30122 36536.2 44554.7 54869.4 68107.6 85191.1 107679 137907 178397 233166 310129 417411 568095 784178 1.09786e+06 1.55196e+06 2.21464e+06 3.1997e+06 4.64029e+06 6.73448e+06 9.7109e+06 1.39059e+07 1.99242e+07 2.86383e+07 
98.4609 22.316 40.2259 72.5655 131.029 236.742 428.179 775.509 1406.59 2553.95 4646.86 8413.14 -569458 18424.3 21995.1 26379 31841.6 38632.5 47125.7 58057.2 72095.2 90221.9 114100 146224 189290 247596 329617 444067 604992 836013 1.17172e+06 1.6582e+06 2.36878e+06 3.42578e+06 4.97271e+06 7.22285e+06 1.04218e+07 1.49299e+07 2.13976e+07 3.07625e+07 
66.8342 15.1483 27.3067 49.2619 88.9546 160.732 290.722 526.589 955.19 1734.51 3156.27 5758.3 10521.3 -660108 23017 27610.9 33338 40460.9 49373.7 60852.8 75603.8 94664.8 119795 153636 199047 260595 347282 468390 638886 883963 1.24053e+06 1.75781e+06 2.51424e+06 3.64034e+06 5.28979e+06 7.69073e+06 1.11052e+07 1.59164e+07 2.28192e+07 3.28142e+07 
44.9259 10.183 18.3569 33.1178 59.8055 108.069 195.484 354.111 642.389 1166.64 2123.19 3874.1 7079.79 12973.8 -767059 28316 34585.6 41990.2 51260.4 63208.9 78574.7 98446.2 124670 160022 207514 271958 362853 490016 669290 927361 1.30334e+06 1.84952e+06 2.64921e+06 3.84083e+06 5.58789e+06 8.133e+06 1.17539e+07 1.6855e+07 2.41742e+07 3.47722e+07 
29.9489 6.78856 12.2383 22.0804 39.876 72.0616 130.361 236.167 428.475 778.252 1416.57 2585.19 4725.32 8661.22 15758.4 -894691 35555.7 43185.9 52744.7 65075.9 80947.8 101493 128635 165273 214556 281524 376134 508708 695922 965888 1.35983e+06 1.93299e+06 2.77344e+06 4.02715e+06 5.86732e+06 8.55061e+06 1.23697e+07 1.77493e+07 2.54682e+07 3.66452e+07 
19.8629 4.50256 8.1176 14.6467 26.4532 47.8087 86.4959 156.717 284.366 516.584 940.449 1716.64 3138.5 5754.28 10590.8 19564.2 -1.04698e+06 44038.8 53816.6 66443.3 82712.7 103796 131687 169393 220192 289337 387220 524649 719114 1.00013e+06 1.411e+06 2.00993e+06 2.88978e+06 4.20403e+06 6.13569e+06 8.95564e+06 1.29715e+07 1.8627e+07 2.67421e+07 3.84928e+07 
13.0961 2.96881 5.35277 9.65879 17.446 31.5331 57.0564 103.39 187.632 340.916 620.768 1133.37 2072.68 3801.37 6998.96 12934.5 23971.1 -1.23168e+06 54622.7 67490.5 84090.2 105629 134165 172813 224974 296109 397041 539074 740523 1.03234e+06 1.45999e+06 2.08474e+06 3.00447e+06 4.38043e+06 6.40598e+06 9.36694e+06 1.35863e+07 1.9527e+07 2.80517e+07 4.03953e+07 
8.60355 1.95049 3.51699 6.34673 11.4647 20.7244 37.5037 67.9692 123.37 224.201 408.337 745.712 1364.17 2502.82 4609.96 8523.44 15805.1 29471.5 -1.45891e+06 68033.7 85346.4 107327 136498 176084 229621 302791 406885 553746 762599 1.06598e+06 1.51176e+06 2.16465e+06 3.12814e+06 4.57214e+06 6.7017e+06 9.81947e+06 1.42656e+07 2.05238e+07 2.95046e+07 4.25084e+07 
5.688 1.28961 2.32552 4.19703 7.58232 13.7082 24.8107 44.9729 81.6464 148.412 270.376 493.917 903.882 1659.05 3057.31 5655.91 10494.9 19584.7 36590.7 -1.73778e+06 86647.2 109111 138985 179626 234726 310236 418010 570553 788211 1.1055e+06 1.57326e+06 2.26052e+06 3.27787e+06 4.80603e+06 7.0648e+06 1.03781e+07 1.51076e+07 2.17623e+07 3.13124e+07 4.51402e+07 
3.78647 0.858553 1.54836 2.79475 5.0496 9.1306 16.5285 29.9663 54.4149 98.9391 180.303 329.489 603.231 1107.76 2042.52 3781.02 7021.38 13114.2 24669.1 46566.8 -2.08728e+06 111663 142494 184556 241748 320371 433019 593064 822327 1.15792e+06 1.65464e+06 2.38722e+06 3.47566e+06 5.115e+06 7.54462e+06 1.11166e+07 1.62213e+07 2.3401e+07 3.3705e+07 4.8623e+07 
2.54568 0.577266 1.04119 1.87955 3.39647 6.14247 11.1215 20.1678 36.6314 66.6249 121.457 222.04 406.707 747.278 1378.71 2554.06 4747.05 8875.1 16713.6 31592.4 60159 -2.5317e+06 146256 192072 252281 335348 454887 625466 870931 1.23198e+06 1.76886e+06 2.56421e+06 3.75098e+06 5.54412e+06 8.20998e+06 1.21397e+07 1.77632e+07 2.56691e+07 3.70159e+07 5.34416e+07 
1.74034 0.394684 0.711964 1.28541 2.3232 4.2023 7.61034 13.8041 25.0802 45.6318 83.2198 152.206 278.946 512.857 946.891 1755.58 3266.24 6113.56 11527.9 21824.6 41634.4 79318.9 -3.10428e+06 203060 267568 356940 486226 671676 939996 1.33697e+06 1.93061e+06 2.8148e+06 4.14108e+06 6.15281e+06 9.15495e+06 1.35946e+07 1.99585e+07 2.89009e+07 4.17354e+07 6.03115e+07 
1.21616 0.275841 0.497658 0.898644 1.62447 2.93907 5.32402 9.65988 17.5567 31.9563 58.3067 106.697 195.667 360.011 665.249 1234.6 2299.68 4310.18 8139.74 15438.8 29515.5 57015.6 111145 -3.83885e+06 288343 386313 528945 734860 1.03481e+06 1.48184e+06 2.15518e+06 3.165e+06 4.68991e+06 7.01458e+06 1.05004e+07 1.56764e+07 2.31116e+07 3.35536e+07 4.85403e+07 7.02243e+07 
0.86185 0.195505 0.352776 0.637141 1.15199 2.08475 3.77754 6.85619 12.4657 22.7001 41.4395 75.8755 139.243 256.405 474.242 881.079 1643.32 3084.61 5835.11 11090.5 21253.6 41168.2 80509.5 158510 -4.80668e+06 425879 586558 820264 1.1634e+06 1.67923e+06 2.46292e+06 3.64796e+06 5.45198e+06 8.21908e+06 1.23922e+07 1.86191e+07 2.75877e+07 4.01753e+07 5.82411e+07 8.43685e+07 
0.615968 0.139749 0.252212 0.455605 0.823951 1.4915 2.70343 4.90844 8.92806 16.2661 29.711 54.4355 99.9752 184.263 341.159 634.586 1185.29 2228.54 4223.6 8046.09 15460.5 30038.3 58953.7 116570 233769 -6.10674e+06 658908 931926 1.3327e+06 1.94129e+06 2.87535e+06 4.30161e+06 6.49377e+06 9.88125e+06 1.5025e+07 2.27449e+07 3.38996e+07 4.95462e+07 7.20013e+07 1.04457e+08 
0.44406 0.100764 0.18189 0.328648 0.594505 1.0765 1.95191 3.54541 6.45186 11.7614 21.4968 39.4148 72.4532 133.676 247.791 461.549 863.532 1626.69 3089.66 5901.73 11375.7 22181.1 43717.3 86888.1 175272 358694 -7.80186e+06 1.0558e+06 1.52553e+06 2.24824e+06 3.37266e+06 5.11225e+06 7.82113e+06 1.20508e+07 1.85333e+07 2.83396e+07 4.25717e+07 6.2524e+07 9.11551e+07 1.32494e+08 
0.315651 0.0716387 0.129344 0.233762 0.422979 0.766162 1.38975 2.52542 4.59803 8.38714 15.3402 28.1487 51.7935 95.6661 177.559 331.224 620.824 1171.91 2231.15 4274.32 8267.05 16183.1 32044.5 64051.9 130057 269191 560222 -1.00784e+07 1.73181e+06 2.58746e+06 3.94112e+06 6.06964e+06 9.43895e+06 1.47717e+07 2.30418e+07 3.56791e+07 5.41258e+07 7.99782e+07 1.17071e+08 1.70547e+08 
0.216862 0.0492273 0.0889003 0.16071 0.290881 0.527072 0.956454 1.73885 3.16763 5.78173 10.5827 19.4352 35.7971 66.1983 123.032 229.872 431.687 816.691 1558.78 2995.62 5815.22 11431.8 22750.5 45757.4 93579.4 195292 410649 878564 -1.31783e+07 2.88619e+06 4.52326e+06 7.0985e+06 1.12574e+07 1.79547e+07 2.84962e+07 4.48096e+07 6.87992e+07 1.02425e+08 1.50665e+08 2.20073e+08 
0.141122 0.0320408 0.0578768 0.104656 0.189482 0.343468 0.623544 1.13417 2.06727 3.77588 6.91667 12.7137 23.4424 43.4059 80.7876 151.197 284.523 539.55 1032.6 1991.09 3880.53 7663.44 15334.8 31052.2 64010.7 134813 286804 622066 1.36778e+06 -1.7446e+07 4.94146e+06 7.93689e+06 1.29007e+07 2.10843e+07 3.42232e+07 5.49059e+07 8.56326e+07 1.28747e+08 1.906e+08 2.79337e+08 
0.0846892 0.019232 0.0347481 0.0628509 0.113829 0.206411 0.374892 0.682234 1.24424 2.2742 4.16921 7.67048 14.159 26.2505 48.9296 91.7316 172.985 328.834 631.076 1221.1 2389.64 4741.67 9542.64 19462.2 40458.6 86049.7 185409 408319 923761 2.12947e+06 -2.3243e+07 8.14678e+06 1.36654e+07 2.30801e+07 3.86342e+07 6.37386e+07 1.01621e+08 1.54946e+08 2.3148e+08 3.40798e+08 
0.0454596 0.0103254 0.0186604 0.0337614 0.0611641 0.110953 0.201606 0.367067 0.669828 1.22515 2.24781 4.13921 7.64898 14.1992 26.5053 49.7764 94.0636 179.242 344.942 669.761 1316.08 2623.93 5311.08 10910.5 22875.5 49141.7 107283 240051 553395 1.30565e+06 3.1099e+06 -3.15391e+07 1.32003e+07 2.32111e+07 4.03879e+07 6.90665e+07 1.13333e+08 1.76064e+08 2.66241e+08 3.94332e+08 
0.0214523 0.00487352 0.00880964 0.0159432 0.0288924 0.0524309 0.0953092 0.173615 0.316994 0.580194 1.06532 1.96346 3.63224 6.75118 12.6204 23.7407 44.9559 85.8692 165.701 322.839 636.955 1275.92 2597.34 5374.21 11364.7 24660.3 54559.5 124093 291735 705459 1.73406e+06 4.38799e+06 -4.40302e+07 2.11925e+07 3.87355e+07 6.92818e+07 1.17933e+08 1.87686e+08 2.88318e+08 4.30343e+08 
0.00882836 0.00200598 0.00362692 0.00656542 0.0119013 0.0216045 0.0392883 0.0715996 0.130797 0.239548 0.44016 0.811901 1.50344 2.79765 5.23669 9.86622 18.7182 35.8313 69.3165 135.474 268.284 539.746 1104.5 2300.54 4903.46 10739.6 24059.9 55581.4 133170 329987 838218 2.20828e+06 6.06539e+06 -6.20055e+07 3.16412e+07 6.04505e+07 1.09069e+08 1.80738e+08 2.85291e+08 4.31771e+08 
0.00311884 0.000708781 0.00128177 0.00232079 0.00420804 0.0076413 0.0139009 0.0253438 0.0463198 0.0848815 0.156069 0.288095 0.533968 0.994683 1.86413 3.51713 6.68434 12.8212 24.8598 48.7267 96.8238 195.567 402.11 842.614 1808.94 3995.65 9053.7 21213.5 51714.2 131055 343311 940168 2.71258e+06 7.74194e+06 -8.84772e+07 4.60112e+07 8.98452e+07 1.58078e+08 2.60382e+08 4.03539e+08 
0.000932618 0.000211977 0.000383413 0.000694356 0.00125929 0.00228737 0.00416252 0.00759181 0.0138812 0.0254507 0.0468233 0.0864911 0.160438 0.299152 0.56125 1.06029 2.01822 3.87808 7.53491 14.8068 29.5117 59.8189 123.519 260.223 562.226 1251.22 2863.81 6794.96 16821.8 43493.9 117164 332582 1.00362e+06 3.05966e+06 9.51789e+06 -1.27651e+08 6.46112e+07 1.24817e+08 2.19116e+08 3.53198e+08 
0.000230287 5.23486e-05 9.4699e-05 0.000171526 0.000311139 0.000565277 0.00102894 0.00187718 0.00343349 0.00629773 0.0115917 0.0214233 0.039765 0.0742009 0.13933 0.263479 0.502137 0.966231 1.88036 3.70253 7.39717 15.0352 31.1496 65.9008 143.096 320.335 738.979 1770.66 4436.53 11652.2 32087.5 93745.1 293457 948276 3.1925e+06 1.10986e+07 -1.81999e+08 8.31902e+07 1.62438e+08 2.82088e+08 
4.57876e-05 1.04092e-05 1.8832e-05 3.41135e-05 6.18871e-05 0.000112452 0.000204724 0.000373562 0.000683413 0.00125384 0.00230853 0.00426792 0.00792512 0.0147951 0.0277962 0.0525967 0.100315 0.193199 0.376356 0.741991 1.48459 3.02268 6.2752 13.3104 28.9909 65.1346 150.99 363.995 918.874 2437.23 6806.5 20260.7 64973.1 218612 781447 2.98281e+06 1.15735e+07 -2.48718e+08 9.78552e+07 1.99292e+08 
7.15283e-06 1.62619e-06 2.94224e-06 5.33016e-06 9.67056e-06 1.75737e-05 3.19974e-05 5.83938e-05 0.000106845 0.000196063 0.000361059 0.000667674 0.00124017 0.002316 0.00435285 0.00824026 0.0157247 0.0303036 0.0590739 0.116567 0.233471 0.475921 0.989434 2.10241 4.58879 10.3349 24.0352 58.175 147.58 393.957 1110.25 3345.2 10897.8 37677.1 140541 571729 2.46743e+06 1.06844e+07 -3.29034e+08 1.19786e+08 
8.47644e-07 1.92719e-07 3.487e-07 6.3174e-07 1.14624e-06 2.08314e-06 3.79322e-06 6.92314e-06 1.26689e-05 2.32509e-05 4.28241e-05 7.92043e-05 0.000147148 0.000274865 0.00051674 0.000978537 0.00186804 0.00360151 0.00702424 0.0138689 0.027797 0.056708 0.118005 0.251028 0.548614 1.23744 2.88325 6.9944 17.791 47.651 134.903 408.91 1342.45 4706.1 17976.1 76059.4 353639 1.79586e+06 9.8861e+06 -4.18216e+08 
dt_FE: 2.3911e-09
dt_EA: 2.3911e-09
dt_PE: 2.3911e-09
tolC: 1e-06
dt_grow: 1.03
dt_max: 0.1
steps: 0
