t: 1.11396e-08
dt: 2.30262e-09
N: 0.00685555 0.00791426 0.0091318 0.010532 0.0121411 0.013985 0.0160966 0.0185127 0.0212704 0.0244043 0.0279652 0.0320024 0.0365399 0.0416318 0.0473295 0.0536521 0.0605747 0.0681468 0.0763669 0.0849984 0.094012 0.103295 0.112466 0.120889 0.128406 0.134579 0.137495 0.137028 0.13271 0.123115 0.116653 0.344529 0.254707 0.0289332 0.01182 0.00406724 0.00111914 0.000242369 4.08819e-05 5.20364e-06 
eC: 1 1.15749 1.33977 1.55077 1.795 2.07768 2.40489 2.78363 3.22201 3.72944 4.31677 4.99661 5.78351 6.69433 7.7486 8.9689 10.3814 12.0163 13.9087 16.0991 18.6345 21.5692 24.9661 28.8979 33.4489 38.7167 44.814 51.8717 60.0407 69.4963 80.4411 93.1095 107.773 124.746 144.391 167.131 193.452 223.918 259.182 300 
dV: 1.08333 0.211322 0.327712 0.508206 0.788112 1.22218 1.89532 2.93921 4.55805 7.06849 10.9616 16.999 26.3615 40.8807 63.3966 98.3136 152.462 236.434 366.655 568.597 881.764 1367.42 2120.55 3288.49 5099.69 7908.45 12264.2 19019 29494.1 45738.6 70930.1 109996 170579 264529 410225 636165 986546 1.52991e+06 2.37254e+06 3.67926e+06 
kVec: 840008 975578 1.12575e+06 1.29926e+06 1.49959e+06 1.73026e+06 1.99577e+06 2.30123e+06 2.65225e+06 3.054e+06 3.5144e+06 4.04159e+06 4.64103e+06 5.323e+06 6.09808e+06 6.97593e+06 7.95918e+06 9.0649e+06 1.03067e+07 1.1668e+07 1.31681e+07 1.48178e+07 1.66131e+07 1.85037e+07 2.05366e+07 2.27535e+07 2.4975e+07 2.7357e+07 3.00483e+07 3.32256e+07 3.70407e+07 4.24399e+07 5.14785e+07 6.63081e+07 9.04873e+07 1.28062e+08 1.81381e+08 2.47573e+08 3.2765e+08 4.16781e+08 
cMat: 
-192586 953.55 1120.48 1305.16 1521.48 1776.18 2076.25 2430.07 2848.92 3348.32 3943.06 4653.22 5512.52 6552.53 7814.27 9360.37 11282.4 13666.2 16640.1 20454.6 25336.3 31617 39855.3 50883.6 65595 85407.5 113104 151519 205197 281768 392380 551753 783269 1.12626e+06 1.62613e+06 2.35067e+06 3.37906e+06 4.8293e+06 6.90953e+06 9.92124e+06 
4844.55 -227722 1290.03 1502.68 1751.75 2045.02 2390.53 2797.94 3280.25 3855.32 4540.19 5358.02 6347.63 7545.43 8998.67 10779.5 12993.6 15739.8 19166 23561.2 29186.7 36425.2 45921.1 58634.9 75597.4 98445.4 130392 174709 236648 325019 452702 636703 904042 1.30016e+06 1.87752e+06 2.71447e+06 3.90249e+06 5.57779e+06 7.98088e+06 1.146e+07 
3632.81 823.252 -262300 1728.28 2014.77 2352.1 2749.53 3218.16 3772.97 4434.51 5222.4 6163.28 7301.85 8680.03 10352.2 12401.5 14949.5 18110.3 22054.1 27113.9 33591 41926.4 52863 67508.6 87052.2 113382 150206 201301 272729 374664 521977 734312 1.04288e+06 1.50016e+06 2.16679e+06 3.13325e+06 4.5052e+06 6.43981e+06 9.21488e+06 1.32326e+07 
2696.04 610.969 1101.13 -302691 2315.23 2702.9 3159.65 3698.26 4335.91 5096.28 6001.9 7083.43 8392.28 9976.67 11899.2 14255.5 17185.5 20820.6 25356.6 31177.2 38629.2 48220.7 60807.9 77667.4 100170 130494 172915 231792 314120 431642 601526 846453 1.20247e+06 1.73016e+06 2.49956e+06 3.61521e+06 5.19902e+06 7.43234e+06 1.06359e+07 1.52741e+07 
1998.64 452.929 816.303 1472.31 -349792 3075.42 3627.49 4245.92 4978.11 5851.25 6891.24 8133.29 9636.51 11456.3 13664.7 16371.6 19738 23914.9 29127.7 35817.9 44384.6 55413 69888.8 89282.7 115174 150074 198912 266713 361551 496972 692785 975174 1.38576e+06 1.99444e+06 2.88211e+06 4.16947e+06 5.99721e+06 8.57439e+06 1.22713e+07 1.76236e+07 
1480.51 335.515 604.698 1090.66 1951.47 -404555 4157.99 4866.98 5706.42 6707.51 7899.97 9324.2 11048.1 13135.2 15668.2 18773.3 22635.5 27428.2 33410.5 41089.8 50925.1 63589.3 80216.5 102499 132257 172379 228547 306552 415702 571618 797144 1.12249e+06 1.59569e+06 2.29736e+06 3.3209e+06 4.80561e+06 6.91373e+06 9.88615e+06 1.415e+07 2.03234e+07 
1095.39 248.241 447.409 806.981 1456.89 2631.77 -468201 5570.33 6531.29 7677.36 9042.61 10673.3 12647.3 15037.5 17938.7 21495.6 25920.4 31412.2 38268.3 47071.4 58348.7 72873.2 91948.5 117521 151683 197761 262293 351953 477463 656827 916375 1.29095e+06 1.83595e+06 2.6443e+06 3.82381e+06 5.53518e+06 7.96539e+06 1.13918e+07 1.6307e+07 2.34233e+07 
809.108 183.365 330.487 596.103 1076.2 1944.12 3515.45 -542129 7386.04 8774.12 10334.9 12199.3 14456.4 17189.8 20507.8 24576.5 29638.9 35923.1 43770 53848 66762 83399.2 105257 134570 173744 226605 300672 403627 547819 753984 1.05245e+06 1.48338e+06 2.11063e+06 3.04129e+06 4.3997e+06 6.37118e+06 9.17111e+06 1.31186e+07 1.87813e+07 2.69801e+07 
596.636 135.215 243.709 439.588 793.646 1433.73 2592.63 4645.72 -628153 10007.9 11788.8 13916.3 16492.4 19612.3 23400.2 28045.7 33827.2 41005.5 49970.9 61488.9 76252.7 95279.4 120285 153836 198694 259253 344153 462232 627697 864413 1.20729e+06 1.70259e+06 2.42391e+06 3.49451e+06 5.05778e+06 7.32729e+06 1.05509e+07 1.50955e+07 2.1615e+07 3.10542e+07 
439.355 99.5725 179.471 323.727 584.481 1055.91 1909.47 3457.84 6270.54 -727839 13409.3 15830.4 18762.4 22314 26626.6 31917 38502.5 46681.2 56898.9 70030.6 86869.1 108578 137123 175442 226702 295945 393086 528277 717850 989243 1.3826e+06 1.95118e+06 2.77971e+06 4.00997e+06 5.80719e+06 8.41735e+06 1.21255e+07 1.73528e+07 2.48517e+07 3.57092e+07 
322.729 73.1426 131.836 237.81 429.374 775.723 1402.85 2540.52 4607.3 8364.15 -843783 17964.4 21293.7 25327.4 30226.3 36237.3 43722 53020.1 64639.9 79579.9 98745.3 123465 155986 199669 258142 337179 448145 602693 819576 1.13031e+06 1.58102e+06 2.23297e+06 3.18363e+06 4.59595e+06 6.6602e+06 9.6595e+06 1.39213e+07 1.99286e+07 2.85466e+07 4.10248e+07 
236.338 53.5642 96.5496 174.164 314.47 568.155 1027.52 1860.91 3375.02 6127.48 11147.7 -978822 23923.4 28673.7 34224.9 41037.9 49524.1 60069.9 73253.3 90211.9 111977 140064 177037 226736 293305 383354 509890 686275 934017 1.28928e+06 1.80502e+06 2.55162e+06 3.64114e+06 5.26069e+06 7.6292e+06 1.10723e+07 1.59659e+07 2.28629e+07 3.27578e+07 4.70848e+07 
172.714 39.1454 70.5619 127.29 229.843 415.28 751.086 1360.35 2467.36 4479.99 8151.25 14757.8 -1.13556e+06 32318.9 38582.6 46272.4 55854.6 67766.9 82665.2 101841 126465 158262 200148 256498 332041 434319 578195 778957 1.06124e+06 1.46648e+06 2.05537e+06 2.90871e+06 4.15518e+06 6.00931e+06 8.72284e+06 1.26699e+07 1.82813e+07 2.61891e+07 3.75344e+07 5.39618e+07 
125.781 28.5089 51.3909 92.7103 167.411 302.495 547.136 991.034 1797.65 3264.33 5940.06 10837 19800.9 -1.31819e+06 43317.7 51963.4 62741.7 76147 92920.6 114524 142285 178158 225453 289140 374604 490436 653579 881503 1.20238e+06 1.66361e+06 2.33465e+06 3.30817e+06 4.73176e+06 6.85108e+06 9.9553e+06 1.44739e+07 2.08998e+07 2.99544e+07 4.29454e+07 6.17558e+07 
91.1793 20.667 37.2563 67.2143 121.378 219.332 396.744 718.686 1303.76 2367.75 4309.11 7862.68 14368.8 26330.9 -1.53122e+06 57468.7 70193.2 85221.1 104036 128286 159471 199801 253023 324772 421160 551953 736429 994511 1.35836e+06 1.88213e+06 2.6452e+06 3.75369e+06 5.3767e+06 7.79515e+06 1.13409e+07 1.65063e+07 2.3855e+07 3.42081e+07 4.90628e+07 7.0572e+07 
65.7912 14.913 26.8849 48.5058 87.5991 158.304 286.376 518.808 941.268 1709.65 3111.9 5679.12 10380.5 19026.8 34617.8 -1.78125e+06 78108.2 94870.1 115869 142958 177825 222958 282584 363069 471334 618448 826286 1.11752e+06 1.52879e+06 2.12185e+06 2.98726e+06 4.24636e+06 6.09264e+06 8.84679e+06 1.28893e+07 1.87839e+07 2.71737e+07 3.89915e+07 5.59483e+07 8.05016e+07 
47.2762 10.7167 19.3209 34.8611 62.962 113.791 205.872 373.006 676.829 1229.54 2238.39 4085.82 7470.03 13695.9 25207.5 46565.5 -2.07235e+06 104818 128090 158144 196867 247048 313431 403177 524087 688660 921633 1.24873e+06 1.71159e+06 2.38043e+06 3.35837e+06 4.7839e+06 6.87806e+06 1.00061e+07 1.46037e+07 2.13156e+07 3.08739e+07 4.43346e+07 6.36497e+07 9.16178e+07 
33.7338 7.64726 13.788 24.8797 44.9384 81.225 146.97 266.319 483.315 878.152 1599.01 2919.4 5338.95 9791.82 18028.4 33317.4 61746.4 -2.41488e+06 140701 173846 216605 272087 345592 445143 579503 762736 1.02272e+06 1.38858e+06 1.90749e+06 2.65916e+06 3.76073e+06 5.37e+06 7.73911e+06 1.12834e+07 1.65009e+07 2.4128e+07 3.49966e+07 5.02988e+07 7.22573e+07 1.04053e+08 
23.8661 5.41063 9.75605 17.6057 31.8028 57.489 104.035 188.545 342.227 621.93 1132.72 2068.59 3784.17 6942.77 12788 23643.8 43843.1 81753.5 -2.82063e+06 188724 236749 297723 378642 488454 636964 839937 1.12869e+06 1.53608e+06 2.11544e+06 2.95702e+06 4.1936e+06 6.00469e+06 8.6774e+06 1.2683e+07 1.85904e+07 2.7239e+07 3.95726e+07 5.69327e+07 8.18451e+07 1.17917e+08 
16.7833 3.80518 6.86181 12.384 22.3728 40.448 73.2077 132.7 240.91 437.912 797.784 1457.38 2667.04 4895.29 9021.07 16688.6 30966.9 57787.8 107966 -3.29628e+06 255666 321949 410097 530015 692595 915399 1.2334e+06 1.6835e+06 2.32574e+06 3.26194e+06 4.64213e+06 6.67e+06 9.67186e+06 1.41809e+07 2.08458e+07 3.06222e+07 4.45772e+07 6.42129e+07 9.23922e+07 1.33193e+08 
11.6822 2.64885 4.77708 8.62249 15.5793 28.1701 50.9946 92.4533 167.883 305.251 556.278 1016.55 1861.11 3417.71 6301.68 11665.4 21662.7 40460.6 76110.2 143670 -3.86224e+06 344507 439629 569401 745852 988424 1.33597e+06 1.82975e+06 2.53708e+06 3.57247e+06 5.10496e+06 7.36517e+06 1.07233e+07 1.5781e+07 2.3277e+07 3.42975e+07 5.00465e+07 7.21977e+07 1.03988e+08 1.50014e+08 
8.02579 1.81995 3.28256 5.92566 10.7081 19.3654 35.0628 63.583 115.488 210.049 382.918 700.028 1282.23 2355.95 4346.68 8052.21 14966 27980.6 52692.9 99601.5 189664 -4.53952e+06 461101 605546 795368 1.05725e+06 1.43413e+06 1.97191e+06 2.74579e+06 3.88407e+06 5.5767e+06 8.08419e+06 1.18257e+07 1.7479e+07 2.58836e+07 3.8273e+07 5.6002e+07 8.09273e+07 1.167e+08 1.68486e+08 
5.44173 1.23411 2.22619 4.01927 7.26427 13.1399 23.7962 43.1631 78.4215 142.683 260.214 475.923 872.216 1603.62 2960.77 5489.39 10213 19116.1 36045.8 68241.9 130184 248017 -5.36239e+06 634934 836639 1.11609e+06 1.52035e+06 2.10022e+06 2.93921e+06 4.18047e+06 6.03669e+06 8.80141e+06 1.29485e+07 1.92388e+07 2.8626e+07 4.25081e+07 6.24067e+07 9.03681e+07 1.305e+08 1.88584e+08 
3.64028 0.825665 1.48962 2.68988 4.86248 8.7974 15.9362 28.9146 52.5517 95.6536 174.527 319.373 585.683 1077.61 1991.26 3695.49 6883.53 12901.5 24364.4 46212.3 88347.5 170662 332686 -6.35023e+06 863086 1.15633e+06 1.58327e+06 2.19963e+06 3.09746e+06 4.43554e+06 6.45103e+06 9.47368e+06 1.40381e+07 2.09965e+07 3.14304e+07 4.69235e+07 6.91792e+07 1.00435e+08 1.45294e+08 2.102e+08 
2.38562 0.541164 0.976494 1.76362 3.18875 5.77065 10.4563 18.9781 34.5054 62.8345 114.705 210.025 385.428 709.737 1312.71 2438.85 4548.75 8538.27 16151.7 30698.9 58830.5 113955 222853 438761 -7.5666e+06 1.17884e+06 1.62361e+06 2.27051e+06 3.22032e+06 4.64815e+06 6.81743e+06 1.00977e+07 1.50912e+07 2.27506e+07 3.43019e+07 5.15382e+07 7.63634e+07 1.11206e+08 1.61213e+08 2.33534e+08 
1.52533 0.346063 0.624558 1.12822 2.04037 3.69344 6.69456 12.1549 22.1087 40.2802 73.5739 134.8 247.571 456.294 844.818 1571.44 2935.16 5518.57 10459 19924.7 38285.2 74384.4 145988 288666 578887 -9.09992e+06 1.63167e+06 2.30775e+06 3.3002e+06 4.80725e+06 7.12029e+06 1.06522e+07 1.60807e+07 2.44691e+07 3.72067e+07 5.63237e+07 8.39462e+07 1.22692e+08 1.78298e+08 2.58669e+08 
0.954907 0.216682 0.391136 0.706725 1.27842 2.3149 4.1974 7.62406 13.8741 25.2918 46.2268 84.7576 155.803 287.457 532.849 992.514 1856.94 3498.03 6644.01 12691.1 24462.3 47698.2 94009.7 186844 376904 771336 -1.09844e+07 2.27039e+06 3.2805e+06 4.83462e+06 7.25257e+06 1.09934e+07 1.68186e+07 2.59141e+07 3.98539e+07 6.09414e+07 9.15463e+07 1.34452e+08 1.9602e+08 2.84916e+08 
0.578439 0.13128 0.237026 0.428375 0.775119 1.40401 2.54675 4.62789 8.42601 15.3696 28.1113 51.5833 94.9129 175.311 325.381 606.976 1137.68 2147.56 4088.63 7832.8 15149.6 29655.9 58722.3 117377 238333 493298 1.02662e+06 -1.33877e+07 3.17359e+06 4.74158e+06 7.2222e+06 1.11228e+07 1.72971e+07 2.70695e+07 4.22247e+07 6.53829e+07 9.91869e+07 1.46562e+08 2.14535e+08 3.12531e+08 
0.336427 0.0763682 0.137914 0.249316 0.451255 0.817667 1.48378 2.69754 4.91406 8.96941 16.4174 30.1505 55.5334 102.696 190.865 356.609 669.693 1266.96 2418.2 4647.21 9021.37 17734.5 35293.8 70985.1 145173 302964 637056 1.36295e+06 -1.65094e+07 4.47745e+06 7.01711e+06 1.10122e+07 1.7464e+07 2.78538e+07 4.42072e+07 6.95148e+07 1.06731e+08 1.58895e+08 2.33732e+08 3.41407e+08 
0.187072 0.0424734 0.0767217 0.138732 0.251179 0.455302 0.826572 1.50346 2.74037 5.00532 9.16876 16.8534 31.0754 57.539 107.092 200.427 377.165 715.23 1368.82 2639.4 5144.04 10158.7 20327.8 41163 84852.8 178708 380188 824613 1.81313e+06 -2.06625e+07 6.55041e+06 1.05212e+07 1.71012e+07 2.79495e+07 4.53664e+07 7.27834e+07 1.13515e+08 1.70667e+08 2.5266e+08 3.7029e+08 
0.0975124 0.022144 0.0400095 0.0723675 0.131064 0.237665 0.431656 0.785534 1.43263 2.61854 4.80049 8.83191 16.3029 30.2252 56.3383 105.621 199.177 378.624 726.63 1405.99 2751.47 5459.63 10987.5 22409.1 46584.6 99078.9 213483 470145 1.06363e+06 2.45191e+06 -2.61945e+07 9.38032e+06 1.57345e+07 2.65748e+07 4.4484e+07 7.33896e+07 1.17008e+08 1.78407e+08 2.66529e+08 3.924e+08 
0.0346627 0.00787309 0.0142285 0.0257429 0.0466373 0.0846014 0.153723 0.279886 0.51074 0.934171 1.71394 3.15613 5.8323 10.8268 20.2101 37.9542 71.723 136.671 263.016 510.689 1003.51 2000.73 4049.67 8319.16 17442.5 37470.3 81802.7 183038 421961 995554 2.37128e+06 -3.58894e+07 1.00652e+07 1.76983e+07 3.07955e+07 5.26628e+07 8.6416e+07 1.34248e+08 2.03007e+08 3.00676e+08 
0.0172387 0.00391628 0.00707929 0.0128117 0.0232175 0.0421326 0.076589 0.139515 0.254731 0.466235 0.856074 1.5778 2.91881 5.42514 10.1415 19.0777 36.1259 69.0031 133.155 259.428 511.847 1025.31 2087.19 4318.63 9132.46 19816.6 43843.2 99718.9 234434 566896 1.39346e+06 3.52612e+06 -4.77971e+07 1.70299e+07 3.11272e+07 5.56738e+07 9.47689e+07 1.50822e+08 2.31688e+08 3.45817e+08 
0.0088582 0.00201276 0.00363918 0.00658761 0.0119415 0.0216775 0.0394211 0.0718416 0.131239 0.240358 0.441647 0.814645 1.50852 2.8071 5.25439 9.89956 18.7815 35.9524 69.5507 135.932 269.191 541.57 1108.23 2308.31 4920.03 10775.9 24141.2 55769.2 133620 331102 841051 2.21574e+06 6.08589e+06 -6.29241e+07 3.17482e+07 6.06548e+07 1.09438e+08 1.81349e+08 2.86255e+08 4.33231e+08 
0.0031201 0.000709069 0.00128229 0.00232173 0.00420974 0.0076444 0.0139066 0.0253541 0.0463386 0.0849159 0.156133 0.288212 0.534185 0.995086 1.86489 3.51856 6.68705 12.8264 24.8699 48.7464 96.863 195.646 402.273 842.956 1809.67 3997.27 9057.37 21222.1 51735.1 131108 343450 940549 2.71368e+06 7.74507e+06 -8.88213e+07 4.60299e+07 8.98816e+07 1.58142e+08 2.60488e+08 4.03702e+08 
0.000932481 0.000211946 0.000383357 0.000694254 0.00125911 0.00228704 0.00416191 0.00759069 0.0138792 0.0254469 0.0468164 0.0864783 0.160414 0.299107 0.561167 1.06013 2.01792 3.87751 7.53379 14.8046 29.5074 59.81 123.501 260.185 562.143 1251.04 2863.39 6793.95 16819.3 43487.4 117147 332533 1.00347e+06 3.0592e+06 9.51648e+06 -1.27352e+08 6.46016e+07 1.24799e+08 2.19084e+08 3.53146e+08 
0.000230269 5.23447e-05 9.46919e-05 0.000171513 0.000311116 0.000565234 0.00102887 0.00187704 0.00343323 0.00629726 0.0115909 0.0214217 0.039762 0.0741954 0.13932 0.263459 0.502099 0.966159 1.88022 3.70225 7.39662 15.0341 31.1473 65.8958 143.085 320.311 738.923 1770.53 4436.19 11651.3 32085.1 93738.1 293435 948205 3.19226e+06 1.10977e+07 -1.81129e+08 8.3184e+07 1.62426e+08 2.82067e+08 
4.57868e-05 1.0409e-05 1.88317e-05 3.41129e-05 6.18861e-05 0.00011245 0.00020472 0.000373555 0.000683402 0.00125382 0.00230849 0.00426785 0.00792499 0.0147949 0.0277958 0.0525958 0.100313 0.193196 0.37635 0.741978 1.48456 3.02263 6.2751 13.3101 28.9905 65.1335 150.988 363.988 918.858 2437.19 6806.39 20260.3 64972 218608 781434 2.98276e+06 1.15733e+07 -2.47502e+08 9.78535e+07 1.99288e+08 
7.15281e-06 1.62618e-06 2.94223e-06 5.33015e-06 9.67053e-06 1.75736e-05 3.19973e-05 5.83936e-05 0.000106845 0.000196063 0.000361058 0.000667672 0.00124016 0.002316 0.00435284 0.00824024 0.0157247 0.0303035 0.0590737 0.116567 0.23347 0.475919 0.989432 2.10241 4.58878 10.3349 24.0352 58.1749 147.58 393.956 1110.25 3345.19 10897.8 37677 140541 571727 2.46742e+06 1.06843e+07 -3.27635e+08 1.19786e+08 
8.47644e-07 1.92718e-07 3.487e-07 6.3174e-07 1.14624e-06 2.08314e-06 3.79322e-06 6.92313e-06 1.26689e-05 2.32509e-05 4.28241e-05 7.92043e-05 0.000147148 0.000274865 0.00051674 0.000978537 0.00186804 0.00360151 0.00702423 0.0138689 0.027797 0.0567079 0.118005 0.251028 0.548614 1.23744 2.88325 6.99439 17.791 47.651 134.903 408.91 1342.45 4706.1 17976.1 76059.4 353639 1.79586e+06 9.8861e+06 -4.16779e+08 
dt_FE: 2.30262e-09
dt_EA: 2.30262e-09
dt_PE: 2.30262e-09
tolC: 1e-06
dt_grow: 1.03
dt_max: 0.1
steps: 0
