t: 6.67577e-08
dt: 2.39308e-09
N: 0.0468999 0.0539222 0.061926 0.071037 0.0813843 0.093079 0.106261 0.121073 0.137629 0.155987 0.176277 0.198562 0.222688 0.248637 0.2763 0.305317 0.335054 0.365231 0.395239 0.423488 0.449372 0.471936 0.489415 0.499526 0.501548 0.493759 0.471731 0.435107 0.383014 0.31515 0.236269 0.170903 0.090812 0.0388164 0.0148754 0.00478831 0.00127742 0.000275879 4.67444e-05 5.98571e-06 
eC: 1 1.15749 1.33977 1.55077 1.795 2.07768 2.40489 2.78363 3.22201 3.72944 4.31677 4.99661 5.78351 6.69433 7.7486 8.9689 10.3814 12.0163 13.9087 16.0991 18.6345 21.5692 24.9661 28.8979 33.4489 38.7167 44.814 51.8717 60.0407 69.4963 80.4411 93.1095 107.773 124.746 144.391 167.131 193.452 223.918 259.182 300 
dV: 1.08333 0.211322 0.327712 0.508206 0.788112 1.22218 1.89532 2.93921 4.55805 7.06849 10.9616 16.999 26.3615 40.8807 63.3966 98.3136 152.462 236.434 366.655 568.597 881.764 1367.42 2120.55 3288.49 5099.69 7908.45 12264.2 19019 29494.1 45738.6 70930.1 109996 170579 264529 410225 636165 986546 1.52991e+06 2.37254e+06 3.67926e+06 
kVec: 954199 1.10666e+06 1.27597e+06 1.47116e+06 1.69595e+06 1.95397e+06 2.24995e+06 2.58917e+06 2.97716e+06 3.4187e+06 3.92154e+06 4.49315e+06 5.137e+06 5.86175e+06 6.6755e+06 7.58345e+06 8.58128e+06 9.68019e+06 1.08846e+07 1.2161e+07 1.35161e+07 1.49438e+07 1.64189e+07 1.78676e+07 1.93277e+07 2.08334e+07 2.22279e+07 2.3723e+07 2.55647e+07 2.81388e+07 3.18777e+07 3.80348e+07 4.85497e+07 6.48052e+07 8.99764e+07 1.28268e+08 1.82078e+08 2.48527e+08 3.28725e+08 4.17872e+08 
cMat: 
-136859 915.103 1075.3 1252.53 1460.14 1704.57 1992.54 2332.09 2734.05 3213.31 3784.07 4465.6 5290.25 6288.33 7499.2 8982.95 10827.5 13115.2 15969.1 19629.8 24314.7 30342.2 38248.3 48831.9 62950.2 81963.8 108544 145410 196924 270407 376559 529505 751687 1.08085e+06 1.56057e+06 2.25589e+06 3.24282e+06 4.63458e+06 6.63093e+06 9.52121e+06 
4619.88 -162785 1230.21 1432.99 1670.51 1950.18 2279.67 2668.18 3128.12 3676.53 4329.64 5109.54 6053.26 7195.52 8581.36 10279.6 12391 15009.8 18277.1 22468.5 27833.2 34736 43791.5 55915.7 72091.6 93880 124345 166607 225673 309946 431708 607175 862117 1.23986e+06 1.79045e+06 2.58859e+06 3.72152e+06 5.31912e+06 7.61076e+06 1.09286e+07 
3439.25 779.389 -186880 1636.2 1907.42 2226.78 2603.03 3046.7 3571.95 4198.24 4944.15 5834.9 6912.8 8217.55 9800.63 11740.8 14153 17145.4 20879 25669.3 31801.2 39692.5 50046.4 63911.7 82413.9 107341 142203 190576 258198 354702 494166 695187 987318 1.42023e+06 2.05134e+06 2.96631e+06 4.26516e+06 6.09669e+06 8.72391e+06 1.25276e+07 
2531.18 573.609 1033.79 -215019 2173.66 2537.62 2966.44 3472.11 4070.78 4784.65 5634.89 6650.28 7879.1 9366.61 11171.6 13383.8 16134.7 19547.4 23806 29270.7 36267.1 45272.1 57089.5 72918.1 94044.9 122514 162341 217618 294912 405248 564743 794694 1.12894e+06 1.62436e+06 2.34672e+06 3.39414e+06 4.88111e+06 6.97786e+06 9.98554e+06 1.43401e+07 
1858.54 421.181 759.085 1369.11 -247786 2859.85 3373.22 3948.3 4629.18 5441.11 6408.2 7563.19 8961.05 10653.3 12706.9 15224.1 18354.5 22238.6 27086 33307.2 41273.5 51528.8 64990 83024.5 107101 139555 184969 248018 336208 462137 644225 906820 1.28862e+06 1.85464e+06 2.68009e+06 3.87722e+06 5.57684e+06 7.97338e+06 1.14111e+07 1.63883e+07 
1361.75 308.601 556.191 1003.18 1794.93 -285808 3824.46 4476.57 5248.68 6169.46 7266.26 8576.25 10161.8 12081.5 14411.3 17267.4 20819.8 25228 30730.4 37793.7 46840.1 58488.5 73781.9 94277.3 121648 158552 210214 281962 382356 525765 733200 1.03245e+06 1.46769e+06 2.11307e+06 3.05451e+06 4.42012e+06 6.35914e+06 9.09312e+06 1.3015e+07 1.86931e+07 
995.007 225.492 406.409 733.03 1323.38 2390.59 -329864 5059.87 5932.76 6973.81 8213.95 9695.23 11488.3 13659.5 16294.8 19525.8 23545.1 28533.6 34761.4 42757.8 53001.6 66195.1 83522.4 106751 137783 179638 238257 319700 433708 596636 832398 1.17265e+06 1.6677e+06 2.40198e+06 3.4734e+06 5.02794e+06 7.23545e+06 1.03479e+07 1.48126e+07 2.12768e+07 
724.56 164.204 295.953 533.813 963.741 1740.97 3148.1 -380837 6614.24 7857.27 9254.94 10924.5 12945.8 15393.5 18364.8 22008.4 26541.8 32169.3 39196.3 48221.2 59785.7 74684.4 94257.7 120508 155589 202926 269253 361450 490575 675196 942472 1.32837e+06 1.89008e+06 2.72349e+06 3.93995e+06 5.70542e+06 8.21277e+06 1.17477e+07 1.68187e+07 2.41608e+07 
525.704 119.14 214.735 387.327 699.292 1263.28 2284.4 4093.4 -439936 8818.13 10387.3 12261.9 14531.6 17280.7 20618.2 24711.5 29805.6 36130.5 44030 54178.7 67187.3 83951.9 105985 135547 175072 228431 303238 407279 553072 761645 1.06376e+06 1.50018e+06 2.13574e+06 3.07906e+06 4.45647e+06 6.45617e+06 9.29658e+06 1.33009e+07 1.90452e+07 2.73623e+07 
380.097 86.1427 155.265 280.064 505.65 913.492 1651.93 2991.46 5424.8 -508148 11600.7 13695.3 16231.8 19304.4 23035.4 27612.2 33309.5 40385.1 49224.6 60585.2 75152.7 93933.6 118628 151779 196126 256030 340068 457026 621030 855819 1.19612e+06 1.68801e+06 2.40479e+06 3.46913e+06 5.02395e+06 7.28207e+06 1.04901e+07 1.50123e+07 2.14998e+07 3.0893e+07 
273.488 61.9826 111.721 201.526 363.861 657.364 1188.8 2152.89 3904.32 7087.95 -587148 15223.4 18044.7 21462.9 25614.4 30708.2 37050.9 44930.4 54777.2 67437.7 83678.8 104627 132186 169204 218755 285732 379767 510735 694526 957850 1.33979e+06 1.89227e+06 2.69787e+06 3.89471e+06 5.64399e+06 8.18566e+06 1.17972e+07 1.68879e+07 2.4191e+07 3.47653e+07 
195.672 44.3476 79.9367 144.197 260.36 470.395 850.722 1540.71 2794.29 5073.15 9229.58 -678784 19807 23740 28336 33976.7 41002.7 49733.9 60649 74689.5 92709.6 115964 146575 187722 242838 317392 422156 568190 773305 1.06744e+06 1.49444e+06 2.11257e+06 3.01463e+06 4.3555e+06 6.31648e+06 9.16714e+06 1.32187e+07 1.8929e+07 2.71213e+07 3.89831e+07 
139.345 31.5822 56.9288 102.697 185.436 335.044 605.97 1097.52 1990.65 3614.42 6576.36 11906.5 -784845 26074.6 31128.1 37332.2 45063 54673.8 66693.6 82164.2 102031 127684 161478 206940 267888 350405 466483 628456 856200 1.18315e+06 1.65826e+06 2.34672e+06 3.35237e+06 4.84826e+06 7.03752e+06 1.0222e+07 1.47492e+07 2.11292e+07 3.02825e+07 4.3536e+07 
98.6126 22.3511 40.2906 72.6851 131.251 237.157 428.956 776.973 1409.36 2559.24 4657.02 8496.26 15523.9 -908174 33961.1 40739.4 49189.6 59699.4 72850 89787.2 111552 139676 176755 226687 293690 384503 512408 691100 942665 1.30427e+06 1.83037e+06 2.59361e+06 3.70971e+06 5.37126e+06 7.80498e+06 1.13475e+07 1.63855e+07 2.34843e+07 3.36693e+07 4.84167e+07 
69.2647 15.6997 28.3019 51.0596 92.2055 166.616 301.388 545.952 990.406 1798.67 3273.43 5972.92 10915.3 20002.4 -1.05188e+06 43656.3 53322.6 64738.6 79031 97452.7 121143 151780 192210 246714 319936 419293 559431 755484 1.03188e+06 1.42976e+06 2.00944e+06 2.8515e+06 4.08443e+06 5.92162e+06 8.61517e+06 1.25391e+07 1.81216e+07 2.59863e+07 3.72707e+07 5.36103e+07 
48.2952 10.9471 19.7353 35.6065 64.3036 116.206 210.219 380.84 690.953 1255 2284.34 4168.85 7619.98 13967 25411.8 -1.22085e+06 57336.7 69641 85055.4 104941 130535 163666 207436 266517 345991 453982 606549 820336 1.12224e+06 1.55758e+06 2.19285e+06 3.11711e+06 4.47241e+06 6.49413e+06 9.46157e+06 1.37886e+07 1.99473e+07 2.86223e+07 4.10698e+07 5.90936e+07 
33.4631 7.5855 13.6758 24.6755 44.5659 80.5437 145.72 264.022 479.074 870.293 1584.38 2892.03 5287.45 9694.29 17842.4 32960 -1.41853e+06 74192.6 90665.2 111938 139347 174866 221854 285377 370960 487449 652352 883881 1.2115e+06 1.68492e+06 2.37713e+06 3.38615e+06 4.86844e+06 7.08256e+06 1.03368e+07 1.50876e+07 2.18532e+07 3.1381e+07 4.50526e+07 6.48491e+07 
22.9792 5.20924 9.39226 16.9478 30.6116 55.3297 100.114 181.414 329.229 598.189 1089.23 1988.67 3636.84 6670.09 12280.8 22695.5 42061.1 -1.65293e+06 95844 118422 147549 185343 235414 303227 394752 519569 696670 945889 1.29936e+06 1.8114e+06 2.56178e+06 3.658e+06 5.27181e+06 7.68614e+06 1.12403e+07 1.64357e+07 2.38393e+07 3.42631e+07 4.9221e+07 7.08798e+07 
15.6266 3.54268 6.3879 11.5276 20.8233 37.6417 68.118 123.452 224.078 407.217 741.662 1354.44 2477.74 4545.87 8373.08 15481.1 28706.9 53529.2 -1.93398e+06 123570 155015 194938 247921 319822 417061 549960 739026 1.00577e+06 1.38511e+06 1.93615e+06 2.74582e+06 3.93165e+06 5.68164e+06 8.30438e+06 1.21723e+07 1.78351e+07 2.59107e+07 3.72774e+07 5.35892e+07 7.7208e+07 
10.5746 2.39752 4.3234 7.80275 14.0964 25.485 46.1258 83.6096 151.79 275.914 502.658 918.245 1680.42 3084.36 5683.88 10515 19511.2 36410.2 68026.1 -2.26937e+06 161087 202849 258389 333945 436382 576763 777126 1.06072e+06 1.46537e+06 2.05524e+06 2.92486e+06 4.20255e+06 6.09392e+06 8.93493e+06 1.31342e+07 1.9294e+07 2.80866e+07 4.04584e+07 5.82133e+07 8.39205e+07 
7.10003 1.60988 2.90335 5.24045 9.46853 17.1208 30.9927 56.1899 102.034 185.521 338.086 617.826 1131.12 2077.16 3829.94 7089.8 13165.8 24590.5 46257.1 87317.6 -2.67765e+06 209379 267191 346062 453303 600729 811955 1.11206e+06 1.54195e+06 2.17122e+06 3.10262e+06 4.47629e+06 6.51722e+06 9.59116e+06 1.41469e+07 2.08448e+07 3.04165e+07 4.38792e+07 6.32004e+07 9.11733e+07 
4.72634 1.07176 1.93308 3.48959 6.30592 11.4042 20.6483 37.4437 68.0102 123.696 225.498 412.242 755.096 1387.4 2559.74 4741.9 8813.41 16477.6 31030.6 58654.7 111692 -3.18088e+06 271540 356603 468388 622611 844548 1.16125e+06 1.61698e+06 2.2873e+06 3.28409e+06 4.76074e+06 6.96411e+06 1.02933e+07 1.52427e+07 2.25387e+07 3.29793e+07 4.76576e+07 6.87241e+07 9.92203e+07 
3.13055 0.709965 1.28069 2.31223 4.17902 7.55917 13.6896 24.8311 45.1147 82.0832 149.697 273.791 501.773 922.536 1703.29 3157.96 5875.37 10997.2 20736.6 39258.5 74892.7 142680 -3.81229e+06 365268 481306 642071 874633 1.20822e+06 1.69088e+06 2.40496e+06 3.47282e+06 5.06332e+06 7.44905e+06 1.10678e+07 1.64681e+07 2.44543e+07 3.59017e+07 5.19874e+07 7.50745e+07 1.08489e+08 
2.0724 0.470048 0.848033 1.53133 2.76819 5.00832 9.0724 16.4609 29.9175 54.4552 99.3576 181.817 333.427 613.476 1133.62 2103.83 3918.76 7344.76 13870.5 26308.5 50295.8 97157.4 189397 -4.60081e+06 491351 658296 901349 1.25224e+06 1.76337e+06 2.52513e+06 3.67254e+06 5.39332e+06 7.99184e+06 1.19532e+07 1.78932e+07 2.67133e+07 3.93834e+07 5.71769e+07 8.2715e+07 1.19666e+08 
1.3643 0.309484 0.558443 1.00859 1.8236 3.30015 5.97983 10.8533 19.7331 35.9341 65.5984 120.11 220.421 405.888 750.722 1394.74 2601.37 4882.91 9236.95 17556.3 33644.3 65169.1 127446 250921 -5.61452e+06 674163 928517 1.29847e+06 1.84165e+06 2.65821e+06 3.89879e+06 5.77471e+06 8.63045e+06 1.30108e+07 1.96168e+07 2.94739e+07 4.36711e+07 6.35973e+07 9.21954e+07 1.33555e+08 
0.892266 0.202434 0.365344 0.659971 1.19354 2.16053 3.91608 7.11017 12.9328 23.5625 43.0381 78.8531 144.82 266.916 494.189 919.235 1716.96 3228.17 6118.13 11655.2 22395.5 43512.2 85397.9 168859 338628 -6.95033e+06 954467 1.34995e+06 1.9305e+06 2.81207e+06 4.16511e+06 6.23113e+06 9.40661e+06 1.43136e+07 2.17646e+07 3.29474e+07 4.91055e+07 7.17706e+07 1.04298e+08 1.51312e+08 
0.584864 0.132714 0.239564 0.432857 0.783012 1.41783 2.57083 4.6696 8.49764 15.4908 28.3131 51.9125 95.4268 176.063 326.361 607.898 1137.34 2142.48 4069.34 7773.07 14982.7 29214.3 57579.3 114439 230847 472430 -8.66701e+06 1.39058e+06 2.00925e+06 2.96112e+06 4.44207e+06 6.73325e+06 1.03011e+07 1.58719e+07 2.44098e+07 3.73256e+07 5.60705e+07 8.23493e+07 1.20059e+08 1.74506e+08 
0.378641 0.0859344 0.155155 0.28041 0.507386 0.919053 1.66708 3.02937 5.51559 10.0608 18.4014 33.7659 62.1291 114.757 212.992 397.321 744.712 1405.77 2676.38 5127.28 9916.77 19412.5 38439.1 76833.7 156010 322909 672016 -1.09521e+07 2.0774e+06 3.10379e+06 4.72758e+06 7.28086e+06 1.13225e+07 1.77194e+07 2.76399e+07 4.2799e+07 6.49268e+07 9.59381e+07 1.40433e+08 2.0458e+08 
0.239333 0.054328 0.0981117 0.177363 0.321021 0.581685 1.05556 1.91902 3.49584 6.3808 11.6792 21.4489 39.5063 73.0575 135.78 253.69 476.417 901.313 1720.3 3306.01 6417.77 12616.3 25107.9 50498.5 103276 215527 453199 969597 -1.40499e+07 3.18524e+06 4.99194e+06 7.83402e+06 1.24238e+07 1.98151e+07 3.14488e+07 4.94526e+07 7.59278e+07 1.13038e+08 1.66276e+08 2.42876e+08 
0.146104 0.0331719 0.0599199 0.10835 0.196171 0.355592 0.645555 1.17421 2.14024 3.90917 7.16083 13.1625 24.27 44.9381 83.6395 156.534 294.567 558.597 1069.05 2061.38 4017.51 7933.96 15876.1 32148.4 66270.3 139572 296928 644025 1.41606e+06 -1.83128e+07 5.11589e+06 8.21707e+06 1.33561e+07 2.18286e+07 3.54313e+07 5.68441e+07 8.86555e+07 1.33292e+08 1.97328e+08 2.89198e+08 
0.0843081 0.0191454 0.0345917 0.0625681 0.113317 0.205482 0.373205 0.679164 1.23864 2.26396 4.15045 7.63596 14.0953 26.1323 48.7094 91.3188 172.206 327.354 628.236 1215.6 2378.89 4720.33 9499.69 19374.6 40276.5 85662.5 184575 406482 919604 2.11989e+06 -2.41011e+07 8.11012e+06 1.36039e+07 2.29762e+07 3.84603e+07 6.34518e+07 1.01164e+08 1.54249e+08 2.30438e+08 3.39264e+08 
0.0438444 0.00995858 0.0179974 0.0325619 0.058991 0.107011 0.194443 0.354025 0.646029 1.18162 2.16794 3.99215 7.37721 13.6947 25.5635 48.0078 90.7215 172.873 332.686 645.965 1269.32 2530.7 5122.37 10522.8 22062.8 47395.7 103471 231522 533733 1.25926e+06 2.99941e+06 -3.24525e+07 1.27313e+07 2.23864e+07 3.89529e+07 6.66125e+07 1.09307e+08 1.69809e+08 2.56781e+08 3.80321e+08 
0.0210297 0.0047775 0.00863607 0.0156291 0.0283231 0.0513979 0.0934314 0.170195 0.310748 0.568763 1.04433 1.92477 3.56067 6.61817 12.3717 23.273 44.0702 84.1774 162.437 316.478 624.406 1250.79 2546.17 5268.33 11140.8 24174.4 53484.6 121648 285987 691560 1.6999e+06 4.30154e+06 -4.4727e+07 2.07749e+07 3.79723e+07 6.79168e+07 1.15609e+08 1.83988e+08 2.82638e+08 4.21865e+08 
0.00876804 0.00199228 0.00360214 0.00652057 0.01182 0.0214569 0.0390199 0.0711104 0.129903 0.237911 0.437152 0.806353 1.49317 2.77853 5.20091 9.79881 18.5903 35.5865 68.8429 134.549 266.451 536.059 1096.96 2284.82 4869.96 10666.3 23895.5 55201.6 132260 327732 832491 2.19319e+06 6.02395e+06 -6.24369e+07 3.14251e+07 6.00374e+07 1.08324e+08 1.79503e+08 2.83342e+08 4.28821e+08 
0.00311045 0.000706876 0.00127833 0.00231455 0.00419673 0.00762076 0.0138636 0.0252757 0.0461953 0.0846534 0.15565 0.28732 0.532533 0.992009 1.85912 3.50768 6.66637 12.7867 24.793 48.5957 96.5635 195.041 401.029 840.349 1804.08 3984.91 9029.36 21156.5 51575.2 130702 342388 937641 2.70529e+06 7.72113e+06 -8.87006e+07 4.58875e+07 8.96037e+07 1.57653e+08 2.59682e+08 4.02454e+08 
0.000931806 0.000211793 0.000383079 0.000693751 0.0012582 0.00228538 0.0041589 0.00758519 0.0138691 0.0254285 0.0467825 0.0864157 0.160298 0.298891 0.560761 1.05936 2.01646 3.8747 7.52834 14.7939 29.486 59.7667 123.411 259.996 561.736 1250.13 2861.31 6789.03 16807.1 43455.9 117062 332292 1.00274e+06 3.05699e+06 9.50959e+06 -1.27675e+08 6.45548e+07 1.24708e+08 2.18925e+08 3.52891e+08 
0.000230233 5.23364e-05 9.46769e-05 0.000171486 0.000311067 0.000565145 0.0010287 0.00187674 0.00343268 0.00629626 0.011589 0.0214183 0.0397557 0.0741836 0.139298 0.263417 0.502019 0.966006 1.87992 3.70166 7.39545 15.0317 31.1423 65.8854 143.062 320.26 738.806 1770.25 4435.49 11649.5 32080 93723.2 293388 948055 3.19176e+06 1.1096e+07 -1.81851e+08 8.31708e+07 1.624e+08 2.82023e+08 
4.57853e-05 1.04087e-05 1.8831e-05 3.41118e-05 6.1884e-05 0.000112446 0.000204713 0.000373543 0.000683379 0.00125378 0.00230841 0.0042677 0.00792472 0.0147944 0.0277948 0.0525941 0.10031 0.193189 0.376337 0.741954 1.48451 3.02253 6.27488 13.3097 28.9895 65.1313 150.983 363.976 918.827 2437.11 6806.16 20259.7 64969.8 218601 781407 2.98266e+06 1.15729e+07 -2.48459e+08 9.78503e+07 1.99282e+08 
7.15276e-06 1.62617e-06 2.94221e-06 5.33012e-06 9.67047e-06 1.75735e-05 3.19971e-05 5.83933e-05 0.000106844 0.000196061 0.000361056 0.000667668 0.00124016 0.00231598 0.00435281 0.00824019 0.0157246 0.0303033 0.0590734 0.116566 0.233469 0.475916 0.989426 2.1024 4.58875 10.3348 24.035 58.1745 147.579 393.953 1110.24 3345.17 10897.7 37676.7 140540 571724 2.46741e+06 1.06843e+07 -3.2871e+08 1.19785e+08 
8.47643e-07 1.92718e-07 3.487e-07 6.31739e-07 1.14624e-06 2.08314e-06 3.79322e-06 6.92313e-06 1.26689e-05 2.32508e-05 4.28241e-05 7.92042e-05 0.000147148 0.000274865 0.00051674 0.000978536 0.00186804 0.0036015 0.00702423 0.0138689 0.027797 0.0567079 0.118005 0.251028 0.548613 1.23743 2.88325 6.99439 17.791 47.651 134.903 408.909 1342.45 4706.1 17976.1 76059.4 353639 1.79586e+06 9.88609e+06 -4.17869e+08 
dt_FE: 2.39308e-09
dt_EA: 2.39308e-09
dt_PE: 2.39308e-09
tolC: 1e-06
dt_grow: 1.03
dt_max: 0.1
steps: 0
