t
0.0000035647713765427745628
dt
0.0000000030142044137238920
DN
0.0000000000000013067884766
TC
1906.0000
N
8.92861199e-01
9.26409495e-01
9.18919919e-01
9.10097384e-01
8.99819931e-01
8.87815359e-01
8.73757644e-01
8.57262845e-01
8.37885744e-01
8.15121202e-01
7.88414351e-01
7.57185251e-01
7.20875062e-01
6.79020944e-01
6.31364103e-01
5.77986963e-01
5.19459853e-01
4.56956594e-01
3.92281161e-01
3.27750603e-01
2.65917174e-01
2.09179949e-01
1.59398706e-01
1.17635662e-01
8.40979995e-02
5.82686499e-02
3.91477866e-02
2.55125749e-02
1.61289986e-02
9.88896346e-03
5.87645638e-03
3.38132294e-03
1.88155452e-03
1.01097868e-03
5.23596106e-04
2.60870292e-04
1.24764402e-04
5.71457595e-05
2.50047467e-05
1.04244516e-05
eC
1.00638940e+00
3.07804198e+00
5.27088624e+00
7.59201189e+00
1.00489234e+01
1.26495642e+01
1.54023425e+01
1.83161584e+01
2.14004324e+01
2.46651365e+01
2.81208258e+01
3.17786729e+01
3.56505041e+01
3.97488374e+01
4.40869232e+01
4.86787870e+01
5.35392748e+01
5.86841012e+01
6.41298999e+01
6.98942779e+01
7.59958720e+01
8.24544093e+01
8.92907710e+01
9.65270599e+01
1.04186672e+02
1.12294371e+02
1.20876370e+02
1.29960417e+02
1.39575880e+02
1.49753848e+02
1.60527227e+02
1.71930848e+02
1.84001582e+02
1.96778453e+02
2.10302771e+02
2.24618262e+02
2.39771209e+02
2.55810604e+02
2.72788303e+02
2.90759198e+02
