t
0.0000662833298693033293961
dt
0.0000038565228314321364816
DN
-0.0000000011968189593680346
TC
112.0000
N
9.37227651e-01
9.99339709e-01
9.99758048e-01
9.99690529e-01
9.99578582e-01
9.99412171e-01
9.99162023e-01
9.98778901e-01
9.98179581e-01
9.97220503e-01
9.95648303e-01
9.93004995e-01
9.88442169e-01
9.80350757e-01
9.65635000e-01
9.38459954e-01
8.88908029e-01
8.03973385e-01
6.75014791e-01
5.10412835e-01
3.39615635e-01
1.97151561e-01
1.00837798e-01
4.61280427e-02
1.84714356e-02
6.51791516e-03
2.14809273e-03
6.64181825e-04
1.91391619e-04
5.12316032e-05
1.26899379e-05
2.89598453e-06
6.06044694e-07
1.15719317e-07
2.00533174e-08
3.13611980e-09
4.39972801e-10
5.50215136e-11
6.09252035e-12
5.93105051e-13
eC
1.00638940e+00
3.07804198e+00
5.27088624e+00
7.59201189e+00
1.00489234e+01
1.26495642e+01
1.54023425e+01
1.83161584e+01
2.14004324e+01
2.46651365e+01
2.81208258e+01
3.17786729e+01
3.56505041e+01
3.97488374e+01
4.40869232e+01
4.86787870e+01
5.35392748e+01
5.86841012e+01
6.41298999e+01
6.98942779e+01
7.59958720e+01
8.24544093e+01
8.92907710e+01
9.65270599e+01
1.04186672e+02
1.12294371e+02
1.20876370e+02
1.29960417e+02
1.39575880e+02
1.49753848e+02
1.60527227e+02
1.71930848e+02
1.84001582e+02
1.96778453e+02
2.10302771e+02
2.24618262e+02
2.39771209e+02
2.55810604e+02
2.72788303e+02
2.90759198e+02
