t: 2.17133e-05
dt: 2.17133e-07
N: 0.581005 0.91152 0.975861 0.990878 0.9949 0.995842 0.995549 0.994377 0.992142 0.988245 0.981519 0.969953 0.950409 0.918681 0.870258 0.801939 0.713712 0.609835 0.498237 0.388394 0.288906 0.207774 0.157892 0.135074 0.0845343 0.027036 0.00700557 0.00210183 0.000607875 0.000162852 4.03369e-05 9.20447e-06 1.92619e-06 3.6781e-07 6.37449e-08 9.97016e-09 1.39891e-09 1.74964e-10 1.93761e-11 1.88646e-12 
eC: 1.00639 3.07804 5.27089 7.59201 10.0489 12.6496 15.4023 18.3162 21.4004 24.6651 28.1208 31.7787 35.6505 39.7488 44.0869 48.6788 53.5393 58.6841 64.1299 69.8943 75.9959 82.4544 89.2908 96.5271 104.187 112.294 120.876 129.96 139.576 149.754 160.527 171.931 184.002 196.778 210.303 224.618 239.771 255.811 272.788 290.759 
dV: 2.71811 20.9912 63.6092 138.722 256.496 429.553 673.497 1007.55 1455.33 2045.74 2814.09 3803.42 5066.04 6665.5 8678.77 11199 14338.7 18233.7 23047.8 28977.8 36261 45182.1 56083.2 69374.4 85547.6 105192 129013 157855 192727 234836 285622 346808 420447 508992 615366 743056 896219 1.07981e+06 1.29972e+06 1.56298e+06 
kVec: 42271.6 117492 181131 232359 270574 295515 307382 306963 295700 275668 249404 219611 188823 159148 132155 108888 89966.2 75686.9 66108.1 61095.6 60349.2 63424.8 69772.6 78873 90483.1 104525 120668 138412 157413 177527 198732 221067 244599 269408 295578 323200 352363 383127 415267 445843 
cMat: 
-26.4376 54.9949 69.1057 88.6766 114.543 148.328 192.073 248.166 319.27 408.275 518.339 653.048 816.713 1014.7 1253.72 1542.12 1890.08 2309.91 2816.37 3427.1 4163.13 5049.52 6116.13 7398.51 8939.04 10788.2 13006 15664.1 18847.4 22657.2 27213.5 32659.2 39163.3 46926.4 56186.2 67223.2 80369.1 96014.5 114619 136722 
1.14962 -70.1689 38.2112 49.3202 64.1014 83.5409 108.884 141.588 183.279 235.714 300.782 380.607 477.718 595.269 737.235 908.568 1115.35 1364.93 1666.15 2029.57 2467.79 2995.82 3631.56 4396.35 5315.6 6419.65 7744.62 9333.57 11237.8 13518.4 16248.1 19513.6 23417.8 28083.4 33656.1 40309.3 48249 57720 69013 82473 
0.097879 2.58901 -127.968 19.5681 25.5978 33.5875 44.0812 57.7192 75.2168 97.3419 124.911 158.825 200.147 250.201 310.667 383.65 471.748 578.112 706.532 861.536 1048.53 1273.96 1545.49 1872.29 2265.27 2737.43 3304.28 3984.32 4799.57 5776.27 6945.68 8345.03 10018.6 12019.2 14409.4 17264 20671.6 24737.8 29588.1 35371.4 
0.0161081 0.428576 2.50962 -202.881 11.7317 15.5031 20.4968 27.0377 35.4903 46.2445 59.7096 76.3278 96.6132 121.205 150.918 186.782 230.076 282.356 345.495 421.734 513.748 624.723 758.457 919.48 1113.19 1346.02 1625.65 1961.22 2363.65 2845.91 3423.5 4114.83 4941.86 5930.69 7112.43 8524.04 10209.5 12221.2 14621.2 17483.6 
0.00457557 0.122493 0.721944 2.57988 -306.719 9.57226 12.7534 16.9561 22.4307 29.4456 38.2786 49.2234 62.614 78.8627 98.4982 122.195 150.798 185.337 227.059 277.453 338.298 411.712 500.22 606.832 735.137 889.413 1074.76 1297.27 1564.18 1884.14 2267.44 2726.35 3275.46 3932.15 4717.11 5654.95 6774.95 8111.94 9707.35 11610.4 
0.00205875 0.0554688 0.329142 1.18458 3.32598 -451.873 10.8103 14.4917 19.3302 25.5801 33.5025 43.3669 55.471 70.1768 87.9502 109.393 135.265 166.502 204.235 249.82 304.876 371.331 451.48 548.061 664.338 804.201 972.291 1174.14 1416.35 1706.77 2054.77 2471.51 2970.28 3566.9 4280.19 5132.56 6150.67 7366.24 8816.97 10547.7 
0.00127399 0.0345486 0.206432 0.74843 2.11764 5.16603 -653.381 15.4339 20.7676 27.7202 36.6029 47.7298 61.4351 78.1153 98.2797 122.594 151.912 187.291 230.02 281.643 344.004 419.298 510.139 619.643 751.524 910.208 1100.98 1330.13 1605.17 1935.04 2330.42 2804 3370.9 4049.15 4860.19 5829.53 6987.55 8370.36 10020.9 11990.4 
0.000952758 0.0260036 0.156453 0.571444 1.62963 4.00845 8.93336 -930.63 25.1835 33.9242 45.1951 59.4189 77.0281 98.5147 124.503 155.82 193.541 239.022 293.921 360.235 440.346 537.089 653.841 794.62 964.219 1168.35 1413.82 1708.75 2062.84 2487.62 2996.85 3606.92 4337.36 5211.42 6256.77 7506.35 8999.36 10782.5 12911.1 15451.3 
0.00079504 0.0218329 0.132242 0.486525 1.3983 3.46805 7.79681 16.3345 -1308.81 44.121 59.349 78.7445 102.92 132.535 168.397 211.584 263.528 326.07 401.49 492.541 602.516 735.328 895.635 1088.98 1321.96 1602.44 1939.81 2345.26 2832.12 3416.31 4116.77 4956.08 5961.16 7164.04 8602.85 10323 12378.5 14833.7 17765 21263.3 
0.000708663 0.0195722 0.119292 0.441887 1.27947 3.19894 7.25408 15.3376 30.754 -1820.41 80.3819 107.745 142.163 184.574 236.061 298.048 372.476 461.906 569.574 699.422 856.172 1045.44 1273.9 1549.47 1881.6 2281.52 2762.65 3340.98 4035.56 4869.12 5868.74 7066.7 8501.44 10218.8 12273.2 14729.6 17665.2 21171.9 25359 30356.6 
0.000656967 0.0182369 0.111778 0.416619 1.21454 3.05933 6.99433 14.9204 30.2073 58.6951 -2506.87 149.566 199.517 261.608 337.343 428.605 537.995 669.078 826.5 1016.02 1244.56 1520.38 1853.25 2254.77 2738.73 3321.57 4022.86 4865.93 5878.62 7094.09 8551.89 10299.1 12392 14897.2 17894.5 21478.6 25762.3 30879.8 36990.6 44284.9 
0.000619718 0.017278 0.106412 0.398746 1.16935 2.96501 6.8287 14.687 30.0081 58.9062 111.983 -3420.03 280.138 371.718 484.336 620.485 783.53 978.294 1211.36 1491.17 1827.98 2234.06 2723.89 3314.66 4026.72 4884.3 5916.26 7156.98 8647.46 10436.6 12582.6 15154.9 18236.2 21925 26338.6 31616.6 37925.3 45462.3 54463 65207.1 
0.000581351 0.016267 0.100587 0.378591 1.11575 2.84482 6.59304 14.2817 29.4198 58.3003 112.052 210.132 -4623.65 519.772 686.152 888.757 1131.74 1421.18 1765.98 2178.18 2672.89 3268.26 3985.78 4850.76 5893.18 7148.61 8659.34 10475.8 12658 15277.6 18419.9 22186.7 26699.1 32101.4 38565.5 46295.9 55536.3 66576.3 79760.8 95499.7 
0.000529178 0.0148507 0.0921252 0.347977 1.02958 2.6368 6.14188 13.3822 27.7564 55.4562 107.643 204.282 380.811 -6196.17 938.382 1233.09 1588.67 2011.96 2513.78 3110.22 3822.69 4677.55 5706.03 6944.86 8437.24 10234.3 12396.7 14996.7 18120.4 21870.2 26368.4 31760.6 38220.4 45954.4 55208.7 66276.4 79506.1 95312.8 114190 136726 
0.000456561 0.0128431 0.079876 0.302554 0.897945 2.30756 5.39586 11.8097 24.6264 49.5263 96.9258 185.864 351.033 655.257 -8237.2 1620.7 2121.47 2720.24 3427.93 4263.28 5254.27 6437.35 7856.47 9563.15 11617.6 14090.7 17066.2 20643.5 24941.3 30100.7 36289.8 43709 52597.1 63238.6 75972 91200.7 109404 131154 157130 188139 
0.000366352 0.0103254 0.0643488 0.244276 0.726707 1.87236 4.39087 9.64192 20.1851 40.7926 80.3356 155.333 296.616 561.708 1057.27 -10877.7 2643.87 3449.88 4404.84 5525.56 6843.2 8403.94 10266.4 12499.9 15184.8 18414.6 22299.4 26969.6 32579.8 39314.5 47393.2 57077.4 68678.9 82568.9 99189.5 119067 142827 171217 205121 245597 
0.000269956 0.00762063 0.0475716 0.180905 0.539178 1.39193 3.27118 7.20023 15.115 30.6496 60.6263 117.929 227.087 435.093 832.056 1589.54 -14287.9 4045.9 5265.98 6697.83 8366.48 10321.3 12634.1 15393.4 18701.4 22676.1 27454.2 33196.7 40094.4 48374.1 58305.7 70210.6 84472.2 101546 121977 146410 175617 210512 252187 301938 
0.000181485 0.00513007 0.0320688 0.122126 0.36453 0.942504 2.21852 4.89151 10.2879 20.908 41.4756 80.9965 156.865 303.11 586.889 1140.96 2225.6 -18671.9 5801.33 7535.34 9550.13 11881.9 14605.2 17824.7 21665.2 26268.4 31796.4 38437.1 46412.1 55983.7 67464.2 81225.2 97709.4 117444 141057 169296 203050 243379 291542 349037 
0.000111133 0.00314509 0.0196837 0.0750512 0.224292 0.58063 1.36841 3.02094 6.36202 12.9484 25.7314 50.3706 97.8967 190.201 371.438 731.646 1454.85 2913.62 -24242.8 7820.15 10140.4 12808.3 15875.2 19447.8 23669.9 28706.5 34741.9 41985.9 50682 61117.3 73632.3 88632.4 106600 128109 153844 184620 221405 265354 317839 380492 
6.20993e-05 0.00175927 0.0110219 0.042069 0.125856 0.326141 0.769412 1.70022 3.58403 7.3015 14.5255 28.4733 55.4477 108.065 212.132 421.459 849.728 1737.87 3591.06 -31181.7 9972.67 12912.8 16256.3 20075.4 24515.8 29763.2 36023.9 43524.3 52521.7 63315.1 76257.6 91768.5 110346 132585 159192 191008 229035 274466 328719 393481 
3.17796e-05 0.000901165 0.00565112 0.0215895 0.0646475 0.167676 0.395906 0.875554 1.84699 3.76533 7.49575 14.7045 28.6642 55.9542 110.14 219.891 447.155 927.881 1961.71 4201.27 -39598.6 12124.3 15677.8 19672.7 24209.1 29476.9 35704.3 43135.5 52036 62706.7 75498.8 90827.3 109185 131158 157445 188878 226445 271324 324916 388887 
1.49199e-05 0.000423447 0.00265763 0.0101617 0.0304532 0.0790487 0.186783 0.413354 0.8725 1.77963 3.54436 6.95602 13.5663 26.5014 52.2306 104.524 213.519 446.845 959.081 2105.6 4692.93 -49532.3 14129.2 18246.4 22820.7 27987.8 33984.9 41078.8 49545.8 59683.8 71831.4 86384.3 103811 124668 149617 179449 215099 257687 308540 369239 
6.3792e-06 0.000181197 0.0011381 0.00435497 0.013061 0.0339271 0.0802191 0.177632 0.375137 0.765486 1.52508 2.99386 5.84028 11.4119 22.5019 45.0742 92.2617 193.888 419.622 935.731 2142.13 4987.61 -61049.4 15723.7 20278 25277.3 30899.6 37426.2 45152.8 54376.7 65417.3 78638.9 94468.3 113411 136069 163158 195530 234198 280367 335474 
2.50775e-06 7.12853e-05 0.000448062 0.00171572 0.00514912 0.0133841 0.0316651 0.0701553 0.148227 0.302577 0.602992 1.18394 2.30983 4.51376 8.9011 17.8347 36.5309 76.8981 167.055 375.53 873.526 2093.16 5109.8 -74084.9 16926.7 21797.8 27080.2 33000.5 39878.6 48028.9 57760 69403.6 83339.3 100013 119955 143795 172280 206304 246926 295408 
9.63515e-07 2.74087e-05 0.00017239 0.000660542 0.00198363 0.00515911 0.0122126 0.027071 0.0572207 0.116844 0.232909 0.457372 0.892377 1.74382 3.43864 6.88961 14.1133 29.7224 64.6565 145.832 341.836 832.492 2095.57 5382.71 -88045.8 18800.9 24172.3 29927.7 36362.9 43849.4 52729.2 63332.2 76014.1 91184 109324 131007 156914 187854 224792 268875 
3.51351e-07 1.00017e-05 6.29449e-05 0.000241329 0.000725138 0.00188702 0.00446924 0.00991119 0.0209577 0.0428087 0.0853507 0.167628 0.327074 0.639125 1.26017 2.5245 5.17068 10.8888 23.6931 53.4951 125.761 308.494 789.285 2094.43 5680.72 -103221 20994.3 26944 33244.7 40280.9 48481.5 58217.5 69842.9 83741.8 100358 120217 143942 172274 206095 246454 
1.15873e-07 3.30068e-06 2.07844e-05 7.9731e-05 0.000239703 0.000624095 0.00147882 0.00328088 0.00694008 0.01418 0.0282775 0.0555437 0.108381 0.211776 0.417517 0.836275 1.7125 3.60552 7.84402 17.712 41.6705 102.472 263.936 711.783 1997.96 5743.06 -120080 22538.1 28867.3 35495.2 42896.4 51540.6 61812.4 74076.5 88732.6 106245 127164 152142 181956 217532 
3.53049e-08 1.00634e-06 6.34028e-06 2.43345e-05 7.31955e-05 0.000190664 0.000451985 0.00100316 0.00212271 0.00433828 0.008653 0.0169985 0.0331701 0.0648129 0.127767 0.255873 0.523856 1.10264 2.39818 5.41381 12.7361 31.3352 80.8755 219.437 625.802 1864.66 5701.79 -138189 23849.4 30478.3 37348.2 45027.9 54018.1 64709 77471.6 92716.4 110923 132660 158603 189556 
1.00187e-08 2.85763e-07 1.80129e-06 6.91678e-06 2.08146e-05 5.42431e-05 0.00012864 0.000285616 0.000604558 0.00123587 0.00246549 0.00484392 0.00945263 0.0184696 0.0364066 0.0728996 0.14922 0.314009 0.682746 1.54076 3.62353 8.9135 23.0119 62.5398 179.328 542.609 1722.37 5624.77 -157337 25174.4 32091.4 39192.8 47148.5 56483.8 67591.7 80849.3 96678.4 115574 138122 165021 
2.64319e-09 7.54423e-08 4.75766e-07 1.82771e-06 5.5025e-06 1.43455e-05 3.4034e-05 7.55903e-05 0.000160047 0.000327255 0.000652963 0.00128301 0.00250385 0.00489225 0.00964275 0.0193061 0.0395113 0.0831262 0.18069 0.407633 0.958313 2.35648 6.08198 16.5304 47.4589 144.287 464.789 1577.55 5524.9 -177504 26567.5 33774 41113 49360.4 59060.3 70607.3 84385.3 100828 120447 143849 
6.45958e-10 1.84497e-08 1.16401e-07 4.47356e-07 1.34735e-06 3.51399e-06 8.33975e-06 1.85287e-05 3.92414e-05 8.0256e-05 0.000160159 0.000314731 0.000614239 0.00120015 0.00236541 0.00473537 0.00968984 0.020382 0.0442931 0.0998948 0.234764 0.577056 1.48875 4.04489 11.6119 35.3347 114.289 393.332 1433.01 5405.65 -198725 28049.4 35550.7 43139.4 51701.1 61792.3 73808.7 88142.3 105241 125633 
1.4559e-10 4.16131e-09 2.6265e-08 1.00982e-07 3.04251e-07 7.93793e-07 1.88453e-06 4.18816e-06 8.87224e-06 1.81491e-05 3.6224e-05 7.11915e-05 0.000138947 0.000271487 0.000535055 0.00107105 0.00219137 0.00460862 0.0100131 0.0225766 0.0530412 0.13033 0.336104 0.912782 2.61929 7.96867 25.7893 89.0588 328.681 1290.58 5267.81 -221065 29630.5 37432.3 45286.6 54188.1 64700.1 77219.6 92148.4 109949 
3.01174e-11 8.61494e-10 5.43964e-09 2.09215e-08 6.30572e-08 1.64572e-07 3.90827e-07 8.6881e-07 1.84093e-06 3.76656e-06 7.5188e-06 1.47782e-05 2.88446e-05 5.63597e-05 0.000111072 0.000222321 0.000454819 0.000956377 0.00207751 0.00468314 0.0109995 0.0270188 0.0696522 0.189081 0.542332 1.64918 5.33553 18.4309 68.2102 271.016 1151.77 5111.53 -244599 31317.5 39425.5 47563.7 56832.3 67796.3 80854.8 96420.6 
5.68898e-12 1.62867e-10 1.02876e-09 3.95811e-09 1.19336e-08 3.11549e-08 7.40084e-08 1.64564e-07 3.48774e-07 7.13722e-07 1.42493e-06 2.80096e-06 5.46728e-06 1.06827e-05 2.10524e-05 4.2136e-05 8.61924e-05 0.000181219 0.000393591 0.000887058 0.00208298 0.00511512 0.0131821 0.0357713 0.102558 0.311721 1.008 3.48058 12.882 51.2949 220.329 1017.98 4937.03 -269408 33116.2 41535.8 49978.4 59643.1 71091.5 84726.1 
9.75935e-13 2.79656e-11 1.7671e-10 6.80103e-10 2.05112e-09 5.3564e-09 1.27275e-08 2.83076e-08 6.00071e-08 1.22818e-07 2.45235e-07 4.82098e-07 9.41068e-07 1.8388e-06 3.62367e-06 7.25232e-06 1.48339e-05 3.11847e-05 6.77207e-05 0.000152599 0.000358256 0.000879546 0.00226602 0.00614711 0.0176173 0.0535244 0.172997 0.59704 2.20866 8.79358 37.8332 176.456 890.493 4744.77 -295578 35032.2 43768.9 52538.7 62629.5 74596.1 
1.51174e-13 4.33643e-12 2.74109e-11 1.05528e-10 3.18355e-10 8.31594e-10 1.97648e-09 4.39692e-09 9.32252e-09 1.90837e-08 3.81097e-08 7.49248e-08 1.46262e-07 2.85794e-07 5.63196e-07 1.12712e-06 2.30525e-06 4.84574e-06 1.05217e-05 2.37055e-05 5.56432e-05 0.000136579 0.000351786 0.000954028 0.00273329 0.00830103 0.0268183 0.0925093 0.342041 1.36109 5.85429 27.3361 139.09 770.485 4535.6 -323200 37071.3 46130.7 55253 65801.3 
2.10166e-14 6.03574e-13 3.81657e-12 1.46975e-11 4.43511e-11 1.15882e-10 2.75485e-10 6.1298e-10 1.2999e-09 2.66137e-09 5.31531e-09 1.04509e-08 2.04024e-08 3.98666e-08 7.85618e-08 1.57219e-07 3.21534e-07 6.75822e-07 1.46727e-06 3.30534e-06 7.75726e-06 1.9037e-05 4.90227e-05 0.000132914 0.000380686 0.00115576 0.00373251 0.0128696 0.0475605 0.189156 0.813134 3.79537 19.3255 107.805 658.943 4310.75 -352363 39239.2 48628.1 58130.2 
2.60544e-15 7.4927e-14 4.73948e-13 1.82567e-12 5.51053e-12 1.44015e-11 3.42443e-11 7.62118e-11 1.61645e-10 3.30992e-10 6.61132e-10 1.30001e-09 2.53802e-09 4.95941e-09 9.77303e-09 1.95573e-08 3.99953e-08 8.40585e-08 1.82481e-07 4.1103e-07 9.64504e-07 2.36658e-06 6.09308e-06 1.65163e-05 4.7293e-05 0.000143539 0.0004634 0.00159718 0.00589991 0.0234533 0.100765 0.470053 2.39228 13.3502 82.0789 556.642 4071.84 -383127 41542 51268.2 
2.86071e-16 8.23978e-15 5.21385e-14 2.00893e-13 6.06516e-13 1.58546e-12 3.77073e-12 8.39346e-12 1.78053e-11 3.64639e-11 7.28415e-11 1.43242e-10 2.79664e-10 5.46489e-10 1.07691e-09 2.155e-09 4.40684e-09 9.2613e-09 2.01035e-08 4.52775e-08 1.06233e-07 2.60623e-07 6.70896e-07 1.81821e-06 5.20512e-06 1.57939e-05 5.09739e-05 0.00017563 0.000648519 0.00257687 0.0110658 0.0515917 0.262412 1.46359 8.99921 61.3217 464.12 3820.85 -415267 43985.8 
2.76192e-17 7.96991e-16 5.04487e-15 1.94432e-14 5.87145e-14 1.53515e-13 3.65179e-13 8.13013e-13 1.72494e-12 3.53298e-12 7.05827e-12 1.3881e-11 2.71023e-11 5.29613e-11 1.04365e-10 2.08841e-10 4.27049e-10 8.97426e-10 1.9479e-09 4.3867e-09 1.02912e-08 2.52444e-08 6.49744e-08 1.76058e-07 5.03914e-07 1.52868e-06 4.93241e-06 1.69895e-05 6.27128e-05 0.000249091 0.0010692 0.00498243 0.0253282 0.14118 0.867556 5.91083 44.9057 381.661 3560.16 -445843 
cycle: 0
true_cycle: 0
nIterations: 0
nTrueIterations: 0
Branch: 0
dt_FE: 2.17133e-07
dt_EA: 2.17133e-07
dt_PE: 2.17133e-07
