t: 1.47625e-08
dt: 1.47625e-10
N: 0.000496743 0.00139767 0.00218157 0.00283507 0.00334663 0.00370809 0.00391655 0.0039763 0.00390026 0.00371021 0.00343488 0.00310615 0.00275448 0.00240501 0.00207566 0.00177709 0.00151386 0.0012862 0.00109326 0.00101151 0.00313347 0.0350801 0.238091 0.663354 0.627949 0.165089 0.00961553 0.00010813 4.0539e-06 1.04407e-06 2.55598e-07 5.76567e-08 1.19368e-08 2.25703e-09 3.8767e-10 6.01403e-11 8.37551e-12 1.04042e-12 1.14503e-13 1.10846e-14 
eC: 1.00639 3.07804 5.27089 7.59201 10.0489 12.6496 15.4023 18.3162 21.4004 24.6651 28.1208 31.7787 35.6505 39.7488 44.0869 48.6788 53.5393 58.6841 64.1299 69.8943 75.9959 82.4544 89.2908 96.5271 104.187 112.294 120.876 129.96 139.576 149.754 160.527 171.931 184.002 196.778 210.303 224.618 239.771 255.811 272.788 290.759 
dV: 2.71811 20.9912 63.6092 138.722 256.496 429.553 673.497 1007.55 1455.33 2045.74 2814.09 3803.42 5066.04 6665.5 8678.77 11199 14338.7 18233.7 23047.8 28977.8 36261 45182.1 56083.2 69374.4 85547.6 105192 129013 157855 192727 234836 285622 346808 420447 508992 615366 743056 896219 1.07981e+06 1.29972e+06 1.56298e+06 
kVec: 34483.3 97300.6 152467 199108 236472 264039 281654 289648 288944 281060 267979 251888 234860 218597 204297 192660 183966 178183 175048 174108 174668 175654 175511 173124 170795 173722 183820 198867 216625 236029 256711 278601 301732 326172 352004 379312 408185 438681 470570 500915 
cMat: 
-813.553 131.189 164.85 211.536 273.241 353.832 458.186 591.996 761.611 973.932 1236.49 1557.83 1948.25 2420.54 2990.73 3678.69 4508.74 5510.24 6718.39 8175.28 9931.07 12045.5 14589.9 17649 21323.9 25735 31025.6 37366.3 44960.1 54048.2 64917.3 77907.7 93423.1 111942 134031 160359 191719 229040 273421 326147 
12.9749 -2523.55 431.26 556.639 723.464 942.863 1228.89 1597.99 2068.53 2660.32 3394.7 4295.62 5391.64 6718.35 8320.61 10254.3 12588.1 15404.9 18804.5 22906.2 27852 33811.5 40986.7 49618.2 59993.2 72453.7 87407.6 105341 126832 152572 183380 220235 264299 316956 379851 454941 544550 651442 778897 930810 
4.04592 107.019 -4475.7 808.864 1058.11 1388.37 1822.14 2385.88 3109.16 4023.72 5163.32 6565.18 8273.25 10342.3 12841.7 15858.5 19500.2 23896.8 29205.1 35612.4 43342 52660.3 63884.5 77393 93637 113154 136586 164696 198395 238767 287106 344950 414129 496823 595626 713623 854481 1.02256e+06 1.22305e+06 1.46211e+06 
1.76086 46.85 274.34 -6724.5 1282.45 1694.73 2240.62 2955.64 3879.64 5055.24 6527.18 8343.81 10561.3 13249.6 16497.7 20418.2 25150.9 30865.9 37767.9 46102 56160.6 68291.9 82911.1 100513 121689 147141 177708 214392 258383 311102 374241 449815 540221 648317 777499 931809 1.11606e+06 1.33596e+06 1.59832e+06 1.91122e+06 
0.894144 23.9372 141.08 504.153 -9318.56 1870.58 2492.23 3313.5 4383.35 5754.17 7480.29 9619.09 12235.8 15411.1 19248.2 23879 29468.4 36218 44371.2 54219 66109.1 80455.4 97751.5 118585 143658 173806 210027 253508 305667 368193 443097 532775 640080 768408 921802 1.10507e+06 1.32394e+06 1.58521e+06 1.89698e+06 2.26887e+06 
0.493348 13.2923 78.874 283.867 797.022 -12308.4 2590.53 3472.71 4632.19 6129.88 8028.37 10392.2 13292.8 16816.8 21076 26214.4 32414.3 39899.7 48941.8 59865.7 73059.1 88983.8 108190 131335 159199 192715 232995 281365 339406 409001 492395 592262 711784 854754 1.02568e+06 1.22994e+06 1.47392e+06 1.76521e+06 2.11286e+06 2.52761e+06 
0.285108 7.73169 46.1978 167.492 473.909 1156.11 -15744.8 3453.97 4647.61 6203.53 8191.42 10681.5 13748.6 17481.5 21994.1 27435.6 33996.6 41914.2 51476.6 63029.3 76985.1 93835.2 114165 138671 168184 203697 246389 297671 359223 433046 521528 627510 754379 906165 1.08767e+06 1.3046e+06 1.56375e+06 1.87321e+06 2.2426e+06 2.68334e+06 
0.168765 4.6061 27.7131 101.222 288.662 710.031 1582.4 -19676.3 4460.84 6009.12 8005.56 10525.1 13644.3 17450.3 22053.7 27600.9 34282.6 42338.8 52063.3 63809.7 78000 95136.5 115817 140754 170795 206954 250435 302678 365398 440641 530842 638907 768293 923117 1.10828e+06 1.32963e+06 1.59409e+06 1.90993e+06 2.28699e+06 2.73694e+06 
0.100785 2.76771 16.764 61.6755 177.258 439.636 988.382 2070.69 -24146.2 5593.11 7523.52 9982.23 13046.9 16801.1 21347.3 26821.9 33406.7 41335.1 50895.9 62438.2 76379.3 93215.6 113537 138047 167581 203137 245905 297303 359021 433077 521872 628270 755681 908166 1.09056e+06 1.30862e+06 1.56919e+06 1.88043e+06 2.25202e+06 2.69549e+06 
0.0600603 1.65877 10.1102 37.4506 108.437 271.115 614.794 1299.88 2606.44 -29190 6812.49 9131.58 12048.6 15643 20006.6 25260.1 31567.9 39147.3 48272.2 59277.1 72561.9 88602.7 107965 131320 159468 193363 234139 283153 342020 412665 497385 598914 720510 866056 1.04017e+06 1.24835e+06 1.49715e+06 1.79435e+06 2.14922e+06 2.57277e+06 
0.0354266 0.983412 6.02755 22.4659 65.4931 164.972 377.165 804.576 1628.91 3165.1 -34833.4 8065.27 10758.8 14107 18191 23112.3 29011 36079.7 44568.5 54788.1 67112.3 81985.6 99935.3 121587 147685 179114 216930 262393 317001 382545 461156 555375 668230 803324 964952 1.15822e+06 1.38922e+06 1.66517e+06 1.9947e+06 2.38803e+06 
0.0205606 0.573238 3.53048 13.2293 38.796 98.3713 226.558 487.277 995.588 1954.35 3715.31 -41090.2 9294.25 12332.6 16069 20586 25995.5 32457.2 40189.9 49473 60647.6 74120.1 90371.6 109972 133596 162048 196286 237450 286900 346258 417456 502798 605028 727413 873845 1.04896e+06 1.25826e+06 1.50832e+06 1.80694e+06 2.1634e+06 
0.0116907 0.327121 2.02275 7.61326 22.437 57.2077 132.582 287.197 591.615 1172.39 2253.3 4225.64 -47962.4 10452.3 13798.1 17872.4 22758.7 28579.2 35512.9 43802 53750.3 65722.9 80151.8 97546.2 118509 143755 174135 210662 254545 307224 370415 446162 536904 645541 775530 930986 1.1168e+06 1.33881e+06 1.60395e+06 1.92045e+06 
0.00649177 0.182183 1.13016 4.26886 12.6306 32.3474 75.3464 164.168 340.507 680.318 1320.53 2506.06 4671.65 -55441.1 11511.7 15127.1 19489.3 24682 30838.2 38155.1 46895.4 57382.5 69999.6 85197.1 103505 125551 152079 183975 222294 268296 323478 389628 468875 563753 677282 813056 975353 1.16926e+06 1.40085e+06 1.67731e+06 
0.0035117 0.0987847 0.614377 2.32713 6.90666 17.7489 41.503 90.8357 189.417 380.938 745.517 1429.6 2700.02 5040 -63509.3 12465.8 16317.6 20923.1 26366.4 32791.6 40413.9 49513.7 60429.1 73556.2 89358.4 108380 131267 158783 191840 231523 279127 336193 404557 486408 584349 701482 841498 1.00879e+06 1.20858e+06 1.4471e+06 
0.0018464 0.0520396 0.324316 1.23115 3.66258 9.43664 22.1299 48.595 101.732 205.593 404.889 782.872 1494.93 2830.99 5328.6 -72144.4 13325 17387.3 22200.3 27848.7 34489.5 42355.6 51742.4 62999.2 76530.8 92808.9 112388 135926 164201 198144 238860 287669 346140 416145 499912 600093 719846 862927 1.03381e+06 1.2378e+06 
0.000941526 0.0265785 0.165915 0.630941 1.88049 4.85464 11.4089 25.1122 52.7166 106.897 211.446 411.3 792.01 1517.47 2901.96 5543.85 -81317 14110.9 18366.1 23360 29179.8 35997.6 44064 53687.4 65225 79087.3 95751.8 115780 139837 168714 203353 244874 294613 354164 425419 510635 612498 734204 879553 1.05307e+06 
0.000464551 0.0131315 0.0820871 0.312608 0.933094 2.41255 5.67879 12.5209 26.3341 53.5187 106.166 207.328 401.531 775.876 1502.27 2920.53 5696.93 -90983.9 14849.8 19288.4 24445.7 30414.4 37385.2 45626.1 55456.7 67239.8 81389.8 98388.3 118802 143303 172689 207914 250109 300624 361067 433350 519752 622982 746265 893436 
0.000221242 0.00626122 0.0391862 0.149411 0.446519 1.15591 2.72423 6.01407 12.6655 25.7775 51.226 100.277 194.892 378.651 739.456 1456.56 2896.3 5800.42 -101069 15568.3 20187.5 25498.6 31604.2 38716.6 47121.8 57148.6 69164 83585.2 100897 121672 146587 176449 212218 255038 306272 367540 440772 528265 632751 757480 
0.000101432 0.00287356 0.018003 0.0687149 0.205571 0.532714 1.25675 2.77712 5.85409 11.9262 23.7257 46.5078 90.5675 176.512 346.493 688.405 1387.93 2838.61 5865.59 -111419 16289.2 21091.6 26552.8 32790.9 40043.7 48614.8 58840.9 71092 85788.1 103418 124558 149893 180238 216562 260021 311989 374102 448309 536925 642706 
4.45511e-05 0.00126332 0.00792216 0.0302658 0.0906278 0.235061 0.555011 1.22742 2.58926 5.27853 10.5081 20.6139 40.1836 78.4408 154.402 308.26 626.856 1300.77 2750.07 5889.66 -121744 16996.8 21978.3 27578.7 33938.1 41323 50053.1 60470.7 72948 87907 105840 127329 153064 183868 220719 264784 317448 380363 455492 545171 
1.81722e-05 0.000515753 0.00323696 0.0123768 0.0370916 0.0962803 0.227499 0.50346 1.06269 2.16756 4.31698 8.47234 16.5236 32.2783 63.6161 127.309 260.064 544.251 1168.15 2564.59 5715.93 -131766 17209.2 22223.9 27795.3 34088.7 41393.1 50033.5 60346.1 72694 87489.6 105215 126440 151844 182232 218566 261988 313859 375798 449728 
5.77167e-06 0.00016394 0.00102971 0.00394022 0.0118171 0.030696 0.0725794 0.160715 0.33941 0.692584 1.37984 2.70873 5.28407 10.3251 20.3589 40.7815 83.4751 175.423 379.658 846.616 1938.12 4512.61 -142473 14226.2 18346.8 22870 27956.8 33861.9 40852.7 49198.1 59187.2 71149.6 85471.5 102610 123111 147620 176908 211894 253666 303525 
9.76065e-07 2.77456e-05 0.000174395 0.000667793 0.00200414 0.00520934 0.0123247 0.0273058 0.0576929 0.117769 0.234696 0.460813 0.899033 1.75684 3.46448 6.94162 14.2185 29.9302 65.0212 146.164 339.993 814.699 1988.84 -154873 6588.22 8484.12 10540.1 12844.4 15521.5 18693.8 22481.3 27013.2 32437.3 38927.2 46689 55967.7 67054.9 80297.5 96108.5 114979 
3.91578e-07 1.11391e-05 7.00603e-05 0.000268448 0.000806158 0.0020967 0.0049633 0.0110018 0.0232549 0.0474862 0.0946559 0.185879 0.362667 0.708701 1.39749 2.79998 5.73574 12.0794 26.2768 59.2671 138.924 338.33 851.654 2187.57 -162668 7640.78 9823.78 12162.8 14778.1 17820.7 21429.5 25738.6 30892.6 37057.7 44430 53242 63770.6 76345 91357 109272 
3.01499e-07 8.58254e-06 5.40137e-05 0.000207087 0.000622249 0.00161927 0.00383511 0.0085049 0.0179841 0.0367346 0.0732404 0.143844 0.280665 0.54844 1.08136 2.1663 4.43702 9.34384 20.3313 45.9047 107.917 264.722 677.294 1797.25 4874.69 -168212 18015.4 23121 28527.7 34565.5 41602.5 49957.1 59933 71859.7 86118.5 103160 123518 147830 176852 211485 
1.15568e-07 3.29201e-06 2.07298e-05 7.95214e-05 0.000239073 0.000622455 0.00147493 0.00327226 0.00692184 0.0141427 0.0282032 0.0553977 0.108096 0.21122 0.41642 0.834077 1.708 3.59604 7.82341 17.6654 41.561 102.203 263.243 709.912 1992.71 5727.97 -181057 22478.8 28791.4 35401.9 42783.6 51405.2 61649.9 73881.8 88499.3 105966 126829 151742 181478 216960 
3.53755e-08 1.00835e-06 6.35295e-06 2.43831e-05 7.33417e-05 0.000191045 0.000452888 0.00100516 0.00212695 0.00434695 0.00867028 0.0170325 0.0332364 0.0649424 0.128022 0.256384 0.524903 1.10485 2.40298 5.42463 12.7616 31.3978 81.0371 219.876 627.052 1868.38 5713.18 -197944 23897.1 30539.2 37422.9 45117.9 54126 64838.2 77626.3 92901.7 111145 132925 158920 189935 
1.00247e-08 2.85936e-07 1.80238e-06 6.92096e-06 2.08272e-05 5.42759e-05 0.000128718 0.000285789 0.000604924 0.00123662 0.00246697 0.00484684 0.00945834 0.0184808 0.0364286 0.0729437 0.149311 0.314199 0.683159 1.54169 3.62572 8.91889 23.0258 62.5776 179.436 542.937 1723.41 5628.17 -216359 25189.6 32110.8 39216.5 47177 56517.9 67632.5 80898.2 96736.8 115643 138205 165121 
2.64362e-09 7.54545e-08 4.75843e-07 1.82801e-06 5.50339e-06 1.43478e-05 3.40395e-05 7.56025e-05 0.000160073 0.000327307 0.000653069 0.00128322 0.00250425 0.00489304 0.00964431 0.0193092 0.0395177 0.0831397 0.180719 0.407699 0.958468 2.35686 6.08296 16.5331 47.4666 144.311 464.864 1577.8 5525.8 -235958 26571.8 33779.5 41119.6 49368.4 59069.9 70618.8 84399 100845 120467 143872 
6.45984e-10 1.84505e-08 1.16406e-07 4.47374e-07 1.3474e-06 3.51414e-06 8.34008e-06 1.85294e-05 3.9243e-05 8.02592e-05 0.000160165 0.000314743 0.000614264 0.0012002 0.0023655 0.00473556 0.00969023 0.0203828 0.0442949 0.0998988 0.234773 0.577079 1.48881 4.04505 11.6124 35.3361 114.293 393.347 1433.07 5405.86 -256694 28050.5 35552.1 43141.2 51703.2 61794.8 73811.6 88145.8 105245 125638 
1.45591e-10 4.16135e-09 2.62653e-08 1.00982e-07 3.04253e-07 7.938e-07 1.88455e-06 4.18819e-06 8.87232e-06 1.81493e-05 3.62243e-05 7.11922e-05 0.000138948 0.00027149 0.00053506 0.00107106 0.00219139 0.00460866 0.0100131 0.0225769 0.0530417 0.130331 0.336107 0.912791 2.61931 7.96874 25.7895 89.0596 328.684 1290.6 5267.86 -278597 29630.7 37432.6 45287 54188.6 64700.7 77220.3 92149.3 109950 
3.01174e-11 8.61496e-10 5.43965e-09 2.09216e-08 6.30573e-08 1.64572e-07 3.90828e-07 8.68811e-07 1.84094e-06 3.76656e-06 7.51881e-06 1.47783e-05 2.88447e-05 5.63598e-05 0.000111072 0.000222322 0.00045482 0.000956379 0.00207751 0.00468314 0.0109995 0.0270188 0.0696523 0.189081 0.542333 1.64918 5.33554 18.431 68.2103 271.017 1151.77 5111.54 -301731 31317.5 39425.6 47563.8 56832.4 67796.5 80854.9 96420.8 
5.68898e-12 1.62868e-10 1.02876e-09 3.95811e-09 1.19336e-08 3.11549e-08 7.40084e-08 1.64564e-07 3.48774e-07 7.13722e-07 1.42493e-06 2.80096e-06 5.46728e-06 1.06827e-05 2.10524e-05 4.2136e-05 8.61924e-05 0.000181219 0.000393591 0.000887058 0.00208298 0.00511512 0.0131821 0.0357714 0.102558 0.311721 1.008 3.48058 12.882 51.2949 220.329 1017.98 4937.03 -326172 33116.2 41535.8 49978.4 59643.1 71091.6 84726.1 
9.75936e-13 2.79656e-11 1.7671e-10 6.80103e-10 2.05112e-09 5.35641e-09 1.27276e-08 2.83076e-08 6.00071e-08 1.22818e-07 2.45235e-07 4.82098e-07 9.41068e-07 1.8388e-06 3.62367e-06 7.25232e-06 1.48339e-05 3.11847e-05 6.77207e-05 0.000152599 0.000358256 0.000879546 0.00226602 0.00614711 0.0176173 0.0535244 0.172997 0.59704 2.20866 8.79358 37.8332 176.456 890.493 4744.77 -352004 35032.2 43768.9 52538.7 62629.5 74596.1 
1.51174e-13 4.33643e-12 2.74109e-11 1.05528e-10 3.18355e-10 8.31594e-10 1.97648e-09 4.39692e-09 9.32252e-09 1.90837e-08 3.81097e-08 7.49248e-08 1.46262e-07 2.85794e-07 5.63196e-07 1.12712e-06 2.30525e-06 4.84574e-06 1.05217e-05 2.37055e-05 5.56432e-05 0.000136579 0.000351786 0.000954028 0.00273329 0.00830103 0.0268183 0.0925093 0.342041 1.36109 5.85429 27.3361 139.09 770.485 4535.6 -379312 37071.3 46130.7 55253 65801.3 
2.10166e-14 6.03574e-13 3.81657e-12 1.46975e-11 4.43511e-11 1.15882e-10 2.75485e-10 6.1298e-10 1.2999e-09 2.66137e-09 5.31531e-09 1.04509e-08 2.04024e-08 3.98666e-08 7.85618e-08 1.57219e-07 3.21534e-07 6.75822e-07 1.46727e-06 3.30534e-06 7.75726e-06 1.9037e-05 4.90227e-05 0.000132914 0.000380686 0.00115576 0.00373251 0.0128696 0.0475605 0.189156 0.813134 3.79537 19.3255 107.805 658.943 4310.75 -408185 39239.2 48628.1 58130.2 
2.60544e-15 7.4927e-14 4.73948e-13 1.82567e-12 5.51053e-12 1.44015e-11 3.42443e-11 7.62118e-11 1.61645e-10 3.30992e-10 6.61132e-10 1.30001e-09 2.53802e-09 4.95941e-09 9.77303e-09 1.95573e-08 3.99953e-08 8.40585e-08 1.82481e-07 4.1103e-07 9.64504e-07 2.36658e-06 6.09308e-06 1.65163e-05 4.7293e-05 0.000143539 0.0004634 0.00159718 0.00589991 0.0234533 0.100765 0.470053 2.39228 13.3502 82.0789 556.642 4071.84 -438681 41542 51268.2 
2.86071e-16 8.23978e-15 5.21385e-14 2.00893e-13 6.06516e-13 1.58546e-12 3.77073e-12 8.39346e-12 1.78053e-11 3.64639e-11 7.28415e-11 1.43242e-10 2.79664e-10 5.46489e-10 1.07691e-09 2.155e-09 4.40684e-09 9.2613e-09 2.01035e-08 4.52775e-08 1.06233e-07 2.60623e-07 6.70896e-07 1.81821e-06 5.20512e-06 1.57939e-05 5.09739e-05 0.00017563 0.000648519 0.00257687 0.0110658 0.0515917 0.262412 1.46359 8.99921 61.3217 464.12 3820.85 -470570 43985.8 
2.76192e-17 7.96991e-16 5.04487e-15 1.94432e-14 5.87145e-14 1.53515e-13 3.65179e-13 8.13013e-13 1.72494e-12 3.53298e-12 7.05827e-12 1.3881e-11 2.71023e-11 5.29613e-11 1.04365e-10 2.08841e-10 4.27049e-10 8.97426e-10 1.9479e-09 4.3867e-09 1.02912e-08 2.52444e-08 6.49744e-08 1.76058e-07 5.03914e-07 1.52868e-06 4.93241e-06 1.69895e-05 6.27128e-05 0.000249091 0.0010692 0.00498243 0.0253282 0.14118 0.867556 5.91083 44.9057 381.661 3560.16 -500915 
cycle: 0
true_cycle: 0
nIterations: 0
nTrueIterations: 0
Branch: 0
dt_FE: 1.47625e-10
dt_EA: 1.47625e-10
dt_PE: 1.47625e-10
