t: 5.45785e-09
dt: 5.45785e-11
N: 0.000183639 0.000516855 0.00080696 0.00104893 0.00123843 0.00137239 0.00144969 0.00147189 0.00144378 0.00137341 0.00127145 0.00114972 0.00101951 0.000890128 0.000768216 0.000657709 0.000560297 0.000476072 0.000405881 0.000429132 0.00264549 0.0347286 0.238173 0.664254 0.628872 0.165305 0.00960625 9.97234e-05 1.57546e-06 3.86573e-07 9.46338e-08 2.13468e-08 4.41942e-09 8.35623e-10 1.43525e-10 2.22652e-11 3.10075e-12 3.85177e-13 4.239e-14 4.10356e-15 
eC: 1.00639 3.07804 5.27089 7.59201 10.0489 12.6496 15.4023 18.3162 21.4004 24.6651 28.1208 31.7787 35.6505 39.7488 44.0869 48.6788 53.5393 58.6841 64.1299 69.8943 75.9959 82.4544 89.2908 96.5271 104.187 112.294 120.876 129.96 139.576 149.754 160.527 171.931 184.002 196.778 210.303 224.618 239.771 255.811 272.788 290.759 
dV: 2.71811 20.9912 63.6092 138.722 256.496 429.553 673.497 1007.55 1455.33 2045.74 2814.09 3803.42 5066.04 6665.5 8678.77 11199 14338.7 18233.7 23047.8 28977.8 36261 45182.1 56083.2 69374.4 85547.6 105192 129013 157855 192727 234836 285622 346808 420447 508992 615366 743056 896219 1.07981e+06 1.29972e+06 1.56298e+06 
kVec: 34469.5 97265 152417 199051 236415 263990 281618 289630 288948 281088 268032 251965 234961 218718 204438 192817 184136 178362 175235 174300 174861 175844 175691 173285 170933 173841 183930 198973 216729 236132 256813 278701 301831 326272 352102 379411 408283 438778 470667 501011 
cMat: 
-815.096 131.23 164.902 211.602 273.326 353.943 458.33 592.181 761.85 974.237 1236.87 1558.32 1948.86 2421.3 2991.66 3679.85 4510.16 5511.96 6720.5 8177.84 9934.18 12049.3 14594.5 17654.5 21330.6 25743 31035.3 37378 44974.2 54065.2 64937.6 77932.1 93452.3 111977 134073 160410 191779 229112 273507 326249 
12.9863 -2528.67 431.641 557.13 724.102 943.695 1229.97 1599.4 2070.36 2662.67 3397.69 4299.41 5396.39 6724.28 8327.95 10263.4 12599.2 15418.5 18821.1 22926.4 27876.6 33841.4 41022.8 49662 60046.1 72517.6 87484.7 105434 126944 152706 183542 220429 264532 317235 380186 455342 545030 652016 779584 931631 
4.0515 107.167 -4485.07 809.979 1059.57 1390.28 1824.65 2389.16 3113.44 4029.26 5170.43 6574.23 8284.65 10356.5 12859.4 15880.4 19527 23929.7 29245.4 35661.5 43401.7 52732.8 63972.5 77499.7 93766 113310 136774 164922 198668 239096 287502 345425 414699 497508 596447 714606 855658 1.02397e+06 1.22474e+06 1.46412e+06 
1.76402 46.9339 274.831 -6738.8 1284.75 1697.77 2244.63 2960.93 3886.59 5064.3 6538.87 8358.75 10580.2 13273.3 16527.2 20454.8 25196 30921.2 37835.6 46184.6 56261.2 68414.2 83059.6 100693 121907 147404 178027 214776 258846 311659 374911 450620 541189 649478 778891 933478 1.11806e+06 1.33836e+06 1.60119e+06 1.91465e+06 
0.896036 23.9878 141.378 505.219 -9338.43 1874.54 2497.51 3320.51 4392.62 5766.34 7496.11 9639.43 12261.7 15443.7 19288.9 23929.5 29530.8 36294.7 44465 54333.7 66248.9 80625.6 97958.2 118836 143962 174174 210471 254044 306314 368972 444034 533902 641434 770034 923752 1.10741e+06 1.32674e+06 1.58856e+06 1.90099e+06 2.27367e+06 
0.494505 13.3234 79.0589 284.533 798.891 -12334.5 2596.6 3480.85 4643.05 6144.25 8047.19 10416.6 13324 16856.2 21125.4 26275.9 32490.3 39993.2 49056.6 60006 73230.3 89192.4 108444 131643 159572 193166 233541 282025 340202 409960 493549 593650 713453 856758 1.02809e+06 1.23282e+06 1.47737e+06 1.76935e+06 2.11781e+06 2.53353e+06 
0.285815 7.75083 46.3122 167.907 475.082 1158.97 -15777.7 3462.53 4659.12 6218.9 8211.71 10708 13782.7 17524.8 22048.6 27503.5 34080.8 42018 51604 63185.4 77175.8 94067.6 114447 139014 168601 204201 246999 298408 360112 434118 522819 629064 756247 908409 1.09036e+06 1.30783e+06 1.56763e+06 1.87785e+06 2.24815e+06 2.68999e+06 
0.16919 4.61769 27.7828 101.477 289.388 711.816 1586.38 -19716.7 4472.05 6024.23 8025.69 10551.5 13678.6 17494.1 22109.1 27670.3 34368.8 42445.2 52194.2 63970.1 78196.1 95375.7 116108 141108 171225 207474 251064 303439 366317 441749 532177 640513 770224 925438 1.11107e+06 1.33297e+06 1.5981e+06 1.91474e+06 2.29274e+06 2.74382e+06 
0.101034 2.77453 16.8053 61.8276 177.695 440.721 990.819 2075.79 -24194.8 5606.9 7542.07 10006.8 13079.1 16842.5 21399.9 26888 33489.1 41437 51021.4 62592.2 76567.7 93445.5 113817 138387 167994 203638 246511 298036 359906 434145 523159 629819 757545 910406 1.09325e+06 1.31185e+06 1.57306e+06 1.88506e+06 2.25757e+06 2.70214e+06 
0.0602011 1.66266 10.1339 37.5385 108.692 271.751 616.236 1302.93 2612.56 -29247.5 6828.47 9153 12076.8 15679.7 20053.5 25319.3 31641.9 39239.1 48385.5 59416.1 72732.1 88810.5 108218 131628 159842 193816 234688 283817 342822 413633 498551 600318 722200 868087 1.04261e+06 1.25128e+06 1.50066e+06 1.79856e+06 2.15426e+06 2.57881e+06 
0.0355035 0.985547 6.04064 22.5147 65.6353 165.331 377.984 806.323 1632.45 3171.97 -34900.3 8082.78 10782.2 14137.7 18230.5 23162.5 29074 36158 44665.3 54907.1 67258 82163.6 100152 121851 148005 179503 217401 262962 317689 383375 462157 556581 669680 805068 967047 1.16074e+06 1.39223e+06 1.66879e+06 1.99903e+06 2.39322e+06 
0.020601 0.574363 3.53741 13.2553 38.8721 98.5643 227.003 488.233 997.542 1958.19 3722.6 -41167 9312.49 12356.8 16100.5 20626.4 26046.5 32520.9 40268.8 49570.1 60766.7 74265.6 90549 110187 133858 162366 196671 237916 287463 346937 418275 503785 606215 728840 875560 1.05101e+06 1.26073e+06 1.51128e+06 1.81048e+06 2.16765e+06 
0.011711 0.32769 2.02627 7.62651 22.4761 57.3072 132.813 287.696 592.645 1174.43 2257.22 4233 -48049.2 10470.5 13822.1 17903.5 22798.3 28628.9 35574.7 43878.2 53843.8 65837.3 80291.2 97715.9 118715 144005 174438 211029 254988 307759 371059 446939 537838 646664 776880 932606 1.11875e+06 1.34114e+06 1.60674e+06 1.92379e+06 
0.00650163 0.18246 1.13188 4.27534 12.6497 32.3965 75.4608 164.417 341.024 681.351 1322.53 2509.86 4678.75 -55537.8 11529.2 15150.1 19518.9 24719.5 30885 38213 46966.7 57469.7 70105.9 85326.5 103662 125741 152309 184254 222632 268703 323969 390220 469587 564609 678310 814291 976834 1.17104e+06 1.40297e+06 1.67985e+06 
0.0035163 0.0989141 0.615181 2.33018 6.91571 17.7721 41.5573 90.9547 189.665 381.437 746.494 1431.47 2703.56 5046.6 -63615.4 12482.1 16338.9 20950.5 26400.9 32834.6 40466.8 49578.6 60508.2 73652.6 89475.5 108522 131438 158991 192091 231827 279493 336634 405087 487045 585114 702401 842600 1.01011e+06 1.21017e+06 1.44899e+06 
0.00184847 0.052098 0.32468 1.23253 3.66669 9.44722 22.1547 48.6495 101.846 205.824 405.343 783.75 1496.61 2834.17 5334.57 -72259.2 13340 17406.8 22225.2 27879.9 34528.2 42403.1 51800.4 63069.8 76616.6 92913 112514 136078 164385 198366 239128 287991 346528 416612 500473 600766 720653 863894 1.03497e+06 1.23919e+06 
0.000942425 0.0266038 0.166074 0.631544 1.88229 4.85927 11.4198 25.1362 52.767 106.999 211.648 411.693 792.766 1518.92 2904.73 5549.15 -81439.6 14124.4 18383.7 23382.3 29207.6 36032 44106.1 53738.7 65287.3 79162.8 95843.3 115891 139971 168875 203547 245107 294895 354502 425825 511123 613083 734905 880393 1.05407e+06 
0.000464927 0.0131422 0.0821537 0.312861 0.933851 2.4145 5.6834 12.5311 26.3555 53.5621 106.252 207.497 401.857 776.505 1503.49 2922.9 5701.55 -91113.3 14861.8 19304 24465.5 30439.1 37415.5 45663.2 55501.7 67294.4 81455.9 98468.1 118898 143419 172830 208082 250312 300868 361360 433702 520174 623487 746870 894161 
0.000221394 0.00626553 0.0392132 0.149514 0.446827 1.15671 2.7261 6.01821 12.6742 25.7952 51.2612 100.346 195.026 378.911 739.965 1457.56 2898.29 5804.41 -101204 15579 20201.4 25516.2 31626 38743.3 47154.2 57187.9 69211.6 83642.7 100967 121756 146688 176570 212364 255214 306483 367793 441075 528628 633186 758002 
0.000101491 0.00287523 0.0180135 0.068755 0.205691 0.533025 1.25748 2.77874 5.85751 11.9331 23.7395 46.5349 90.6203 176.615 346.695 688.806 1388.74 2840.26 5869.01 -111558 16298.7 21103.9 26568.2 32810 40067 48643.2 58875.2 71133.4 85838.1 103478 124631 149981 180343 216689 260173 312171 374320 448570 537238 643081 
4.45729e-05 0.00126394 0.00792604 0.0302807 0.0906722 0.235176 0.555283 1.22802 2.59053 5.28111 10.5133 20.624 40.2033 78.4792 154.478 308.411 627.163 1301.41 2751.42 5892.54 -121885 17005.1 21989.1 27592.2 33954.8 41343.2 50077.6 60500.3 72983.7 87950.1 105892 127391 153139 183958 220827 264913 317603 380549 455715 545438 
1.81789e-05 0.000515941 0.00323814 0.0123814 0.0371051 0.0963153 0.227582 0.503643 1.06308 2.16835 4.31855 8.47542 16.5296 32.2901 63.6393 127.356 260.158 544.45 1168.57 2565.53 5718.01 -131907 17215.5 22232 27805.4 34101.1 41408.2 50051.7 60368.1 72720.5 87521.5 105253 126486 151899 182298 218645 262084 313974 375935 449892 
5.77105e-06 0.000163923 0.0010296 0.0039398 0.0118158 0.0306927 0.0725716 0.160698 0.339374 0.69251 1.37969 2.70844 5.28351 10.324 20.3568 40.7771 83.4662 175.404 379.618 846.525 1937.92 4512.13 -142613 14224.7 18344.8 22867.5 27953.9 33858.3 40848.3 49192.8 59180.9 71142 85462.4 102600 123098 147604 176889 211871 253639 303492 
9.73456e-07 2.76715e-05 0.000173928 0.000666007 0.00199878 0.00519541 0.0122917 0.0272328 0.0575387 0.117454 0.234069 0.459581 0.896629 1.75215 3.45522 6.92307 14.1805 29.8502 64.8474 145.773 339.084 812.521 1983.52 -155013 6570.61 8461.44 10512 12810.1 15480 18643.8 22421.2 26941 32350.6 38823.1 46564.2 55818.1 66875.6 80082.9 95851.6 114671 
3.90606e-07 1.11114e-05 6.98864e-05 0.000267782 0.000804157 0.00209149 0.00495098 0.0109745 0.0231971 0.0473684 0.0944209 0.185418 0.361767 0.706942 1.39402 2.79303 5.72151 12.0494 26.2116 59.12 138.579 337.49 849.54 2182.14 -162798 7621.82 9799.4 12132.6 14741.4 17776.4 21376.3 25674.7 30815.9 36965.8 44319.7 53109.9 63612.4 76155.5 91130.2 109001 
3.01421e-07 8.58033e-06 5.39997e-05 0.000207033 0.000622088 0.00161885 0.00383411 0.00850271 0.0179794 0.0367251 0.0732214 0.143806 0.280593 0.548298 1.08108 2.16574 4.43587 9.34142 20.326 45.8929 107.889 264.653 677.119 1796.79 4873.43 -168325 18010.8 23115 28520.3 34556.6 41591.7 49944.2 59917.5 71841.1 86096.3 103133 123486 147792 176806 211430 
1.15569e-07 3.29204e-06 2.073e-05 7.95221e-05 0.000239075 0.000622461 0.00147494 0.00327229 0.00692191 0.0141429 0.0282034 0.0553982 0.108097 0.211222 0.416424 0.834085 1.70802 3.59608 7.82348 17.6656 41.5613 102.204 263.245 709.918 1992.73 5728.02 -181163 22479 28791.7 35402.3 42784 51405.6 61650.5 73882.5 88500.2 105967 126831 151743 181480 216962 
3.53758e-08 1.00836e-06 6.35301e-06 2.43833e-05 7.33423e-05 0.000191047 0.000452892 0.00100517 0.00212697 0.00434699 0.00867036 0.0170326 0.0332367 0.0649429 0.128023 0.256386 0.524907 1.10486 2.403 5.42467 12.7617 31.3981 81.0378 219.877 627.057 1868.4 5713.23 -198048 23897.3 30539.5 37423.2 45118.3 54126.5 64838.8 77627 92902.5 111146 132926 158922 189936 
1.00247e-08 2.85936e-07 1.80238e-06 6.92098e-06 2.08272e-05 5.4276e-05 0.000128718 0.00028579 0.000604925 0.00123662 0.00246698 0.00484686 0.00945837 0.0184809 0.0364286 0.0729438 0.149311 0.3142 0.683161 1.5417 3.62573 8.91891 23.0259 62.5778 179.437 542.938 1723.42 5628.18 -216462 25189.7 32110.9 39216.6 47177.1 56518 67632.7 80898.4 96737 115644 138206 165121 
2.64362e-09 7.54546e-08 4.75843e-07 1.82801e-06 5.50339e-06 1.43478e-05 3.40395e-05 7.56026e-05 0.000160073 0.000327308 0.000653069 0.00128322 0.00250425 0.00489305 0.00964432 0.0193092 0.0395178 0.0831397 0.18072 0.4077 0.958469 2.35686 6.08297 16.5331 47.4666 144.311 464.864 1577.81 5525.8 -236061 26571.8 33779.5 41119.6 49368.4 59069.9 70618.8 84399 100845 120467 143872 
6.45984e-10 1.84505e-08 1.16406e-07 4.47374e-07 1.3474e-06 3.51414e-06 8.34008e-06 1.85294e-05 3.9243e-05 8.02592e-05 0.000160165 0.000314743 0.000614264 0.0012002 0.0023655 0.00473556 0.00969023 0.0203828 0.0442949 0.0998988 0.234773 0.577079 1.48881 4.04505 11.6124 35.3361 114.293 393.347 1433.07 5405.87 -256796 28050.5 35552.1 43141.2 51703.2 61794.8 73811.6 88145.8 105245 125638 
1.45591e-10 4.16135e-09 2.62653e-08 1.00982e-07 3.04253e-07 7.938e-07 1.88455e-06 4.18819e-06 8.87232e-06 1.81493e-05 3.62243e-05 7.11922e-05 0.000138948 0.00027149 0.00053506 0.00107106 0.00219139 0.00460866 0.0100131 0.0225769 0.0530417 0.130331 0.336107 0.912791 2.61931 7.96874 25.7895 89.0596 328.684 1290.6 5267.86 -278698 29630.7 37432.6 45287 54188.6 64700.7 77220.4 92149.3 109950 
3.01174e-11 8.61496e-10 5.43965e-09 2.09216e-08 6.30573e-08 1.64572e-07 3.90828e-07 8.68811e-07 1.84094e-06 3.76656e-06 7.51881e-06 1.47783e-05 2.88447e-05 5.63598e-05 0.000111072 0.000222322 0.00045482 0.000956379 0.00207751 0.00468314 0.0109995 0.0270188 0.0696523 0.189081 0.542333 1.64918 5.33554 18.431 68.2103 271.017 1151.77 5111.54 -301831 31317.5 39425.6 47563.8 56832.4 67796.5 80854.9 96420.8 
5.68898e-12 1.62868e-10 1.02876e-09 3.95811e-09 1.19336e-08 3.11549e-08 7.40084e-08 1.64564e-07 3.48774e-07 7.13722e-07 1.42493e-06 2.80096e-06 5.46728e-06 1.06827e-05 2.10524e-05 4.2136e-05 8.61924e-05 0.000181219 0.000393591 0.000887058 0.00208298 0.00511512 0.0131821 0.0357714 0.102558 0.311721 1.008 3.48058 12.882 51.2949 220.329 1017.98 4937.03 -326271 33116.2 41535.8 49978.4 59643.1 71091.6 84726.1 
9.75936e-13 2.79656e-11 1.7671e-10 6.80103e-10 2.05112e-09 5.35641e-09 1.27276e-08 2.83076e-08 6.00071e-08 1.22818e-07 2.45235e-07 4.82098e-07 9.41068e-07 1.8388e-06 3.62367e-06 7.25232e-06 1.48339e-05 3.11847e-05 6.77207e-05 0.000152599 0.000358256 0.000879546 0.00226602 0.00614711 0.0176173 0.0535244 0.172997 0.59704 2.20866 8.79358 37.8332 176.456 890.493 4744.77 -352102 35032.2 43768.9 52538.7 62629.5 74596.1 
1.51174e-13 4.33643e-12 2.74109e-11 1.05528e-10 3.18355e-10 8.31594e-10 1.97648e-09 4.39692e-09 9.32252e-09 1.90837e-08 3.81097e-08 7.49248e-08 1.46262e-07 2.85794e-07 5.63196e-07 1.12712e-06 2.30525e-06 4.84574e-06 1.05217e-05 2.37055e-05 5.56432e-05 0.000136579 0.000351786 0.000954028 0.00273329 0.00830103 0.0268183 0.0925093 0.342041 1.36109 5.85429 27.3361 139.09 770.485 4535.6 -379411 37071.3 46130.7 55253 65801.3 
2.10166e-14 6.03574e-13 3.81657e-12 1.46975e-11 4.43511e-11 1.15882e-10 2.75485e-10 6.1298e-10 1.2999e-09 2.66137e-09 5.31531e-09 1.04509e-08 2.04024e-08 3.98666e-08 7.85618e-08 1.57219e-07 3.21534e-07 6.75822e-07 1.46727e-06 3.30534e-06 7.75726e-06 1.9037e-05 4.90227e-05 0.000132914 0.000380686 0.00115576 0.00373251 0.0128696 0.0475605 0.189156 0.813134 3.79537 19.3255 107.805 658.943 4310.75 -408283 39239.2 48628.1 58130.2 
2.60544e-15 7.4927e-14 4.73948e-13 1.82567e-12 5.51053e-12 1.44015e-11 3.42443e-11 7.62118e-11 1.61645e-10 3.30992e-10 6.61132e-10 1.30001e-09 2.53802e-09 4.95941e-09 9.77303e-09 1.95573e-08 3.99953e-08 8.40585e-08 1.82481e-07 4.1103e-07 9.64504e-07 2.36658e-06 6.09308e-06 1.65163e-05 4.7293e-05 0.000143539 0.0004634 0.00159718 0.00589991 0.0234533 0.100765 0.470053 2.39228 13.3502 82.0789 556.642 4071.84 -438778 41542 51268.2 
2.86071e-16 8.23978e-15 5.21385e-14 2.00893e-13 6.06516e-13 1.58546e-12 3.77073e-12 8.39346e-12 1.78053e-11 3.64639e-11 7.28415e-11 1.43242e-10 2.79664e-10 5.46489e-10 1.07691e-09 2.155e-09 4.40684e-09 9.2613e-09 2.01035e-08 4.52775e-08 1.06233e-07 2.60623e-07 6.70896e-07 1.81821e-06 5.20512e-06 1.57939e-05 5.09739e-05 0.00017563 0.000648519 0.00257687 0.0110658 0.0515917 0.262412 1.46359 8.99921 61.3217 464.12 3820.85 -470667 43985.8 
2.76192e-17 7.96991e-16 5.04487e-15 1.94432e-14 5.87145e-14 1.53515e-13 3.65179e-13 8.13013e-13 1.72494e-12 3.53298e-12 7.05827e-12 1.3881e-11 2.71023e-11 5.29613e-11 1.04365e-10 2.08841e-10 4.27049e-10 8.97426e-10 1.9479e-09 4.3867e-09 1.02912e-08 2.52444e-08 6.49744e-08 1.76058e-07 5.03914e-07 1.52868e-06 4.93241e-06 1.69895e-05 6.27128e-05 0.000249091 0.0010692 0.00498243 0.0253282 0.14118 0.867556 5.91083 44.9057 381.661 3560.16 -501011 
cycle: 0
true_cycle: 0
nIterations: 0
nTrueIterations: 0
Branch: 0
dt_FE: 5.45785e-11
dt_EA: 5.45785e-11
dt_PE: 5.45785e-11
