t: 2.96791e-06
dt: 2.96791e-08
N: 0.100256 0.256219 0.368546 0.447833 0.50152 0.534745 0.55101 0.55271 0.541622 0.519336 0.487615 0.448595 0.404755 0.358702 0.312856 0.269179 0.229029 0.193147 0.161742 0.134659 0.1127 0.112122 0.218021 0.459247 0.415823 0.114271 0.011188 0.00185015 0.000519548 0.000138183 3.3939e-05 7.6818e-06 1.59576e-06 3.02732e-07 5.21654e-08 8.11791e-09 1.13397e-09 1.41277e-10 1.5592e-11 1.51352e-12 
eC: 1.00639 3.07804 5.27089 7.59201 10.0489 12.6496 15.4023 18.3162 21.4004 24.6651 28.1208 31.7787 35.6505 39.7488 44.0869 48.6788 53.5393 58.6841 64.1299 69.8943 75.9959 82.4544 89.2908 96.5271 104.187 112.294 120.876 129.96 139.576 149.754 160.527 171.931 184.002 196.778 210.303 224.618 239.771 255.811 272.788 290.759 
dV: 2.71811 20.9912 63.6092 138.722 256.496 429.553 673.497 1007.55 1455.33 2045.74 2814.09 3803.42 5066.04 6665.5 8678.77 11199 14338.7 18233.7 23047.8 28977.8 36261 45182.1 56083.2 69374.4 85547.6 105192 129013 157855 192727 234836 285622 346808 420447 508992 615366 743056 896219 1.07981e+06 1.29972e+06 1.56298e+06 
kVec: 37665.1 105491 163957 212191 249497 275476 290151 294089 288484 275152 256373 234607 212159 190912 172187 156757 144932 136686 131761 129732 130017 131816 134061 135999 138996 146166 158534 174571 192784 212456 233344 255412 278706 303296 329266 356702 385693 416298 448289 478728 
cMat: 
-450.676 118.095 148.397 190.423 245.969 318.517 412.455 532.909 685.596 876.725 1113.07 1402.35 1753.8 2178.95 2692.22 3311.53 4058.73 4960.27 6047.84 7359.32 8939.86 10843.3 13133.7 15887.5 19195.6 23166.4 27929 33636.9 40472.7 48653.7 58438 70131.8 84098.6 100769 120653 144354 172583 206180 246131 293594 
9.66397 -1336.82 321.212 414.597 538.852 702.265 915.302 1190.22 1540.69 1981.46 2528.45 3199.47 4015.81 5003.97 6197.37 7637.64 9375.86 11473.9 14006 17061 20744.8 25183.6 30527.8 36956.7 44684.2 53965.1 65103.1 78460.1 94467.5 113639 136586 164036 196856 236075 282921 338850 405593 485208 580139 693288 
2.5604 67.7255 -2328.16 511.877 669.609 878.61 1153.11 1509.87 1967.58 2546.35 3267.53 4154.68 5235.6 6544.96 8126.67 10035.8 12340.4 15122.7 18482 22536.8 27428.3 33325.2 40428.3 48977 59256.7 71607.9 86436.1 104225 125551 151100 181691 218296 262075 314407 376933 451605 540745 647113 773989 925273 
0.975055 25.9425 151.912 -3474.85 710.14 938.435 1240.71 1636.65 2148.3 2799.27 3614.34 4620.27 5848.19 7336.78 9135.36 11306.3 13927 17091.6 20913.5 25528.4 31098.2 37815.7 45910.9 55657.9 67383.5 81477.2 98403.6 118717 143076 172269 207231 249079 299140 358997 430529 515977 618002 739772 885051 1.05831e+06 
0.44721 11.9723 70.5618 252.154 -4821.85 935.579 1246.5 1657.26 2192.35 2877.97 3741.3 4811.03 6119.81 7707.94 9627.07 11943.2 14738.8 18114.6 22192.4 27117.9 33064.8 40240.1 48890.8 59311 71851.3 86930 105046 126793 152881 184153 221617 266470 320139 384323 461043 552707 662174 792850 948783 1.13479e+06 
0.230387 6.20731 36.8331 132.562 372.198 -6416.25 1209.74 1621.71 2163.17 2862.57 3749.14 4853.03 6207.56 7853.23 9842.18 12241.8 15137 18632.6 22855.2 27956.5 34117.6 41554.2 50523.4 61331.5 74343.6 89995.1 108805 131394 158498 190998 229942 276578 332394 399159 478980 574366 688299 824328 986675 1.18036e+06 
0.128514 3.4851 20.8239 75.498 213.617 521.124 -8305.81 1556.9 2094.94 2796.28 3692.33 4814.75 6197.28 7879.89 9913.98 12366.7 15324.1 18893.1 23203.3 28410.8 34701.5 42296.7 51460.4 62506.6 75810.1 91817.4 111061 134177 161922 195198 235081 282854 340040 408459 490272 588055 704870 844362 1.01086e+06 1.20953e+06 
0.0757884 2.06849 12.4453 45.4563 129.631 318.857 710.616 -10536.7 2003.25 2698.55 3595.1 4726.55 6127.3 7836.48 9903.76 12394.9 15395.5 19013.3 23380.3 28655.4 35027.9 42723.5 52010.6 63209.1 76700 92937.7 112464 135925 164091 197881 238388 286917 345021 414549 497703 597102 715866 857705 1.02703e+06 1.22909e+06 
0.0463786 1.27362 7.71434 28.3814 81.5695 202.309 454.827 952.874 -13151.5 2573.8 3462.12 4593.55 6003.85 7731.41 9823.43 12342.7 15372.9 19021.3 23420.9 28732.4 35147.7 42895.3 52246.8 63525.4 77116.2 93478.3 113159 136811 165212 199290 240151 289113 347744 417913 501846 602191 722100 865321 1.03632e+06 1.24039e+06 
0.0289763 0.800282 4.8777 18.0682 52.3161 130.801 296.61 627.135 1257.49 -16189.7 3286.72 4405.57 5812.89 7547.02 9652.26 12186.8 15230.1 18886.8 23289.2 28598.5 35007.8 42746.8 52088.1 63355.9 76936.1 93288.6 112962 136609 165009 199092 239965 288949 347614 417832 501835 602273 722307 865692 1.0369e+06 1.24125e+06 
0.0182146 0.505622 3.09907 11.5509 33.6734 84.8207 193.92 413.674 837.507 1627.34 -19690.8 4146.77 5531.67 7253.15 9352.94 11883.2 14916.1 18550.4 22915 28169.4 34505.8 42153 51381.8 62514 75932.2 92091.6 111535 134909 162986 196686 237104 285547 343571 413030 496131 595501 714267 856150 1.02558e+06 1.22781e+06 
0.0113726 0.317072 1.95279 7.31746 21.459 54.4115 125.315 269.524 550.683 1081 2055.02 -23698.9 5140.87 6821.46 8888.15 11386.6 14378.7 17952.9 22230 27364.7 33545.6 40997.6 49986.7 60827.9 73895.1 89632.8 108570 131339 158691 191523 230905 278110 334655 402349 483344 580202 695974 834287 999460 1.19663e+06 
0.00697803 0.195255 1.20736 4.54428 13.3924 34.1467 79.1371 171.425 353.129 699.786 1344.97 2522.24 -28265 6238.89 8235.96 10667.9 13584.4 17058.6 21197.3 26144.9 32083 39229.3 47841.8 58224.3 70736.6 85805.6 103939 125742 151935 183379 221097 266310 320472 385317 462906 555696 666609 799124 957378 1.14629e+06 
0.0041732 0.117115 0.726517 2.74421 8.11949 20.7943 48.436 105.534 218.893 437.338 848.893 1611 3003.14 -33445.2 7400.26 9724.39 12528.6 15866.7 19824.1 24527.8 30146.5 36888 44998.9 54768.5 66537.6 80709.5 97762.8 118267 142901 172472 207946 250470 301413 362405 435387 522668 627000 751655 900526 1.07825e+06 
0.00241806 0.0680205 0.423043 1.6024 4.75574 12.2214 28.5778 62.547 130.428 262.304 513.343 984.383 1859.16 3470.41 -39293.4 8583.61 11235.8 14407.1 18155.2 22579.4 27827.9 34093.8 41609.8 50648.9 61529.8 74627.8 90386.6 109333 132096 159421 192200 231494 278567 334927 402367 483022 579433 694626 832199 996433 
0.00135179 0.0380993 0.237439 0.901348 2.68146 6.90877 16.2018 35.5774 74.4805 150.519 296.428 573.158 1094.47 2072.63 3901.18 -45853.8 9755.54 12729.6 16253.3 20388.6 25250.5 31009.4 37881.8 46123.1 56029.8 67947.4 82282 99514.2 120215 145065 174875 210608 253417 304669 365996 439341 527015 631767 756872 906221 
0.00072699 0.0205223 0.12811 0.487175 1.452 3.74846 8.80926 19.3901 40.7046 82.5391 163.266 317.581 611.542 1171.7 2240.72 4280.63 -53153.1 10895.6 14181.2 18037.2 22530.8 27795.2 34023.6 41454.2 50362.8 61066.4 73933.8 89398.4 107974 130271 157017 189077 227483 273464 328483 394282 472934 566908 679138 813116 
0.000375307 0.0106089 0.0663175 0.252553 0.753839 1.94908 4.58785 10.1155 21.2751 43.2373 85.7706 167.499 324.393 626.824 1213.67 2359.47 4602.5 -61194.1 11997 15582.9 19749.5 24571.6 30203.2 36861 44803.1 54322.5 65754.2 79487.1 95979.1 115773 139514 167972 202061 242872 291703 350100 419904 503302 602901 721800 
0.000185661 0.00525426 0.0328841 0.125382 0.374708 0.970015 2.28611 5.04686 10.6285 21.6319 42.9876 84.1504 163.549 317.755 620.534 1222.31 2430.5 4867.57 -69945.1 13064.5 16940.9 21397.8 26521.5 32490.1 39543.5 47957.7 58040.7 70142.7 84670.6 102104 123012 148071 178088 214022 257016 308430 369885 443307 530989 635659 
8.78622e-05 0.00248912 0.0155945 0.0595221 0.178069 0.461446 1.08861 2.40559 5.07092 10.3306 20.5516 40.2858 78.4511 152.897 300.139 596.308 1202.25 2458.85 5080.87 -79318.6 14110 18269.9 23000.4 28404 34686.5 42111 50969 61581.1 74311.1 89582.3 107894 129840 156125 187590 225235 270250 324054 388333 465093 556723 
3.96544e-05 0.00112447 0.00705143 0.0269393 0.0806668 0.209225 0.494009 1.09251 2.30467 4.69836 9.35315 18.3482 35.767 69.8193 137.432 274.379 557.957 1157.8 2447.81 5242.32 -89137.3 15128.7 19562.7 24547.5 30208 36781.1 44551.7 53824.3 64930.2 78245.1 94207 113334 136240 163658 196460 235681 282557 338557 405428 485250 
1.67213e-05 0.000474574 0.00297851 0.0113886 0.0341301 0.088593 0.209335 0.463262 0.977845 1.9945 3.9723 7.79588 15.2043 29.7011 58.5369 117.145 239.299 500.797 1074.88 2359.83 5259.55 -99236.6 15835.2 20449.5 25576 31367 38088.2 46038.7 55527.9 66890 80504.2 96814.2 116345 139720 167682 201115 241070 288800 345793 413821 
5.9237e-06 0.000168259 0.00105684 0.00404402 0.0121284 0.0315046 0.0744913 0.164949 0.348351 0.710828 1.41619 2.78008 5.42326 10.5971 20.8952 41.8558 85.674 180.044 389.659 868.917 1989.18 4631.48 -110225 14600.9 18830.1 23472.4 28693.3 34753.9 41928.8 50494 60746.3 73023.8 87723 105313 126354 151508 181568 217475 260348 311520 
1.56785e-06 4.45676e-05 0.000280129 0.00107267 0.00321924 0.00836773 0.0197971 0.0438612 0.0926718 0.189172 0.376991 0.740201 1.44411 2.82201 5.56498 11.1503 22.8392 48.0768 104.443 234.782 546.129 1308.65 3194.66 -122723 10582.6 13628 16930.6 20631.9 24932.1 30027.7 36111.6 43391.2 52103.8 62528.5 74996.2 89900.5 107710 128982 154379 184690 
6.14838e-07 1.749e-05 0.000110005 0.000421505 0.00126579 0.00329213 0.00779313 0.0172745 0.0365137 0.0745607 0.148624 0.291858 0.569443 1.11277 2.19427 4.3964 9.006 18.9664 41.2586 93.0584 218.132 531.23 1337.23 3434.81 -132873 11997.2 15424.8 19097.5 23203.9 27981.2 33647.6 40413.6 48506.1 58186.3 69761.9 83598.2 100130 119873 143444 171574 
3.1985e-07 9.10494e-06 5.73013e-05 0.000219692 0.000660124 0.00171783 0.00406854 0.00902257 0.0190787 0.0389705 0.0776983 0.152599 0.297749 0.581822 1.14718 2.29815 4.70709 9.91257 21.5688 48.6988 114.486 280.834 718.519 1906.64 5171.4 -142188 19112 24528.3 30264.1 36669.4 44134.7 52997.8 63580.9 76233.6 91360.3 109439 131036 156828 187616 224357 
1.15385e-07 3.28678e-06 2.06969e-05 7.93951e-05 0.000238693 0.000621466 0.00147259 0.00326706 0.00691085 0.0141203 0.0281584 0.0553097 0.107924 0.210884 0.415759 0.832753 1.70529 3.59034 7.81098 17.6374 41.495 102.041 262.825 708.785 1989.55 5718.87 -156564 22443.1 28745.7 35345.7 42715.7 51323.5 61552 73764.5 88358.8 105798 126628 151501 181190 216615 
3.53138e-08 1.0066e-06 6.34188e-06 2.43406e-05 7.32139e-05 0.000190712 0.000452099 0.00100341 0.00212324 0.00433938 0.00865518 0.0170028 0.0331785 0.0648292 0.127799 0.255937 0.523988 1.10292 2.39879 5.41518 12.7393 31.3431 80.8959 219.493 625.96 1865.13 5703.23 -173890 23855.4 30486 37357.7 45039.3 54031.7 64725.3 77491.1 92739.8 110951 132694 158643 189604 
1.00195e-08 2.85788e-07 1.80145e-06 6.91739e-06 2.08164e-05 5.42479e-05 0.000128652 0.000285642 0.000604612 0.00123598 0.0024657 0.00484435 0.00945347 0.0184713 0.0364098 0.0729061 0.149234 0.314037 0.682807 1.5409 3.62385 8.91429 23.0139 62.5454 179.344 542.657 1722.52 5625.27 -192577 25176.7 32094.2 39196.3 47152.7 56488.8 67597.7 80856.5 96686.9 115584 138134 165036 
2.64325e-09 7.54442e-08 4.75778e-07 1.82776e-06 5.50263e-06 1.43458e-05 3.40348e-05 7.55922e-05 0.000160051 0.000327263 0.000652979 0.00128304 0.00250391 0.00489237 0.00964299 0.0193066 0.0395123 0.0831283 0.180695 0.407643 0.958337 2.35653 6.08213 16.5309 47.4601 144.291 464.8 1577.59 5525.04 -212398 26568.2 33774.9 41114 49361.6 59061.8 70609.1 84387.4 100831 120450 143852 
6.45962e-10 1.84499e-08 1.16402e-07 4.47359e-07 1.34736e-06 3.51402e-06 8.3398e-06 1.85288e-05 3.92416e-05 8.02565e-05 0.00016016 0.000314733 0.000614243 0.00120016 0.00236542 0.0047354 0.0096899 0.0203821 0.0442934 0.0998954 0.234765 0.577059 1.48876 4.04491 11.612 35.3349 114.29 393.334 1433.02 5405.68 -233329 28049.6 35550.9 43139.7 51701.4 61792.7 73809.1 88142.9 105242 125634 
1.4559e-10 4.16132e-09 2.62651e-08 1.00982e-07 3.04251e-07 7.93794e-07 1.88453e-06 4.18816e-06 8.87225e-06 1.81491e-05 3.62241e-05 7.11916e-05 0.000138947 0.000271488 0.000535056 0.00107105 0.00219137 0.00460862 0.0100131 0.0225767 0.0530413 0.13033 0.336104 0.912784 2.61929 7.96868 25.7893 89.059 328.682 1290.59 5267.82 -255409 29630.5 37432.3 45286.7 54188.2 64700.2 77219.8 92148.6 109950 
3.01174e-11 8.61494e-10 5.43964e-09 2.09215e-08 6.30572e-08 1.64572e-07 3.90827e-07 8.6881e-07 1.84093e-06 3.76656e-06 7.5188e-06 1.47782e-05 2.88446e-05 5.63597e-05 0.000111072 0.000222321 0.000454819 0.000956377 0.00207751 0.00468314 0.0109995 0.0270188 0.0696522 0.189081 0.542332 1.64918 5.33553 18.4309 68.2102 271.016 1151.77 5111.54 -278705 31317.5 39425.5 47563.7 56832.3 67796.4 80854.8 96420.7 
5.68898e-12 1.62867e-10 1.02876e-09 3.95811e-09 1.19336e-08 3.11549e-08 7.40084e-08 1.64564e-07 3.48774e-07 7.13722e-07 1.42493e-06 2.80096e-06 5.46728e-06 1.06827e-05 2.10524e-05 4.2136e-05 8.61924e-05 0.000181219 0.000393591 0.000887058 0.00208298 0.00511512 0.0131821 0.0357714 0.102558 0.311721 1.008 3.48058 12.882 51.2949 220.329 1017.98 4937.03 -303296 33116.2 41535.8 49978.4 59643.1 71091.5 84726.1 
9.75936e-13 2.79656e-11 1.7671e-10 6.80103e-10 2.05112e-09 5.3564e-09 1.27275e-08 2.83076e-08 6.00071e-08 1.22818e-07 2.45235e-07 4.82098e-07 9.41068e-07 1.8388e-06 3.62367e-06 7.25232e-06 1.48339e-05 3.11847e-05 6.77207e-05 0.000152599 0.000358256 0.000879546 0.00226602 0.00614711 0.0176173 0.0535244 0.172997 0.59704 2.20866 8.79358 37.8332 176.456 890.493 4744.77 -329266 35032.2 43768.9 52538.7 62629.5 74596.1 
1.51174e-13 4.33643e-12 2.74109e-11 1.05528e-10 3.18355e-10 8.31594e-10 1.97648e-09 4.39692e-09 9.32252e-09 1.90837e-08 3.81097e-08 7.49248e-08 1.46262e-07 2.85794e-07 5.63196e-07 1.12712e-06 2.30525e-06 4.84574e-06 1.05217e-05 2.37055e-05 5.56432e-05 0.000136579 0.000351786 0.000954028 0.00273329 0.00830103 0.0268183 0.0925093 0.342041 1.36109 5.85429 27.3361 139.09 770.485 4535.6 -356702 37071.3 46130.7 55253 65801.3 
2.10166e-14 6.03574e-13 3.81657e-12 1.46975e-11 4.43511e-11 1.15882e-10 2.75485e-10 6.1298e-10 1.2999e-09 2.66137e-09 5.31531e-09 1.04509e-08 2.04024e-08 3.98666e-08 7.85618e-08 1.57219e-07 3.21534e-07 6.75822e-07 1.46727e-06 3.30534e-06 7.75726e-06 1.9037e-05 4.90227e-05 0.000132914 0.000380686 0.00115576 0.00373251 0.0128696 0.0475605 0.189156 0.813134 3.79537 19.3255 107.805 658.943 4310.75 -385693 39239.2 48628.1 58130.2 
2.60544e-15 7.4927e-14 4.73948e-13 1.82567e-12 5.51053e-12 1.44015e-11 3.42443e-11 7.62118e-11 1.61645e-10 3.30992e-10 6.61132e-10 1.30001e-09 2.53802e-09 4.95941e-09 9.77303e-09 1.95573e-08 3.99953e-08 8.40585e-08 1.82481e-07 4.1103e-07 9.64504e-07 2.36658e-06 6.09308e-06 1.65163e-05 4.7293e-05 0.000143539 0.0004634 0.00159718 0.00589991 0.0234533 0.100765 0.470053 2.39228 13.3502 82.0789 556.642 4071.84 -416298 41542 51268.2 
2.86071e-16 8.23978e-15 5.21385e-14 2.00893e-13 6.06516e-13 1.58546e-12 3.77073e-12 8.39346e-12 1.78053e-11 3.64639e-11 7.28415e-11 1.43242e-10 2.79664e-10 5.46489e-10 1.07691e-09 2.155e-09 4.40684e-09 9.2613e-09 2.01035e-08 4.52775e-08 1.06233e-07 2.60623e-07 6.70896e-07 1.81821e-06 5.20512e-06 1.57939e-05 5.09739e-05 0.00017563 0.000648519 0.00257687 0.0110658 0.0515917 0.262412 1.46359 8.99921 61.3217 464.12 3820.85 -448289 43985.8 
2.76192e-17 7.96991e-16 5.04487e-15 1.94432e-14 5.87145e-14 1.53515e-13 3.65179e-13 8.13013e-13 1.72494e-12 3.53298e-12 7.05827e-12 1.3881e-11 2.71023e-11 5.29613e-11 1.04365e-10 2.08841e-10 4.27049e-10 8.97426e-10 1.9479e-09 4.3867e-09 1.02912e-08 2.52444e-08 6.49744e-08 1.76058e-07 5.03914e-07 1.52868e-06 4.93241e-06 1.69895e-05 6.27128e-05 0.000249091 0.0010692 0.00498243 0.0253282 0.14118 0.867556 5.91083 44.9057 381.661 3560.16 -478728 
cycle: 0
true_cycle: 0
nIterations: 0
nTrueIterations: 0
Branch: 0
dt_FE: 2.96791e-08
dt_EA: 2.96791e-08
dt_PE: 2.96791e-08
