t: 0.000222806
dt: 2.22806e-06
N: 0.999831 0.999851 0.999802 0.999733 0.999633 0.999486 0.999266 0.998929 0.998403 0.997564 0.996193 0.993898 0.989959 0.983039 0.970613 0.947951 0.906532 0.832723 0.710761 0.537898 0.345492 0.186036 0.0861085 0.0355665 0.0134789 0.00475363 0.00156768 0.000483404 0.000139034 3.71671e-05 9.19694e-06 2.09718e-06 4.38601e-07 8.37043e-08 1.44992e-08 2.26673e-09 3.17913e-10 3.97475e-11 4.40034e-12 4.28298e-13 
eC: 1.00639 3.07804 5.27089 7.59201 10.0489 12.6496 15.4023 18.3162 21.4004 24.6651 28.1208 31.7787 35.6505 39.7488 44.0869 48.6788 53.5393 58.6841 64.1299 69.8943 75.9959 82.4544 89.2908 96.5271 104.187 112.294 120.876 129.96 139.576 149.754 160.527 171.931 184.002 196.778 210.303 224.618 239.771 255.811 272.788 290.759 
dV: 2.71811 20.9912 63.6092 138.722 256.496 429.553 673.497 1007.55 1455.33 2045.74 2814.09 3803.42 5066.04 6665.5 8678.77 11199 14338.7 18233.7 23047.8 28977.8 36261 45182.1 56083.2 69374.4 85547.6 105192 129013 157855 192727 234836 285622 346808 420447 508992 615366 743056 896219 1.07981e+06 1.29972e+06 1.56298e+06 
kVec: 43310.2 120285 185301 237528 276370 301579 313382 312592 300686 279765 252383 221239 188842 157254 127985 102048 80108.5 62653 50119.2 42900.5 41188.4 44744.6 52835.1 64438.3 78562 94453.2 111646 129907 149157 169402 190690 213088 236675 261533 287749 315413 344615 375414 407587 438194 
cMat: 
-4.92324 0.0222186 0.0279195 0.0358264 0.0462768 0.059926 0.0775998 0.100262 0.128989 0.164948 0.209415 0.263839 0.329961 0.409949 0.506518 0.623034 0.763614 0.93323 1.13785 1.38459 1.68195 2.04007 2.47099 2.98908 3.61148 4.35855 5.25459 6.32847 7.61458 9.15377 10.9946 13.1947 15.8224 18.9588 22.6999 27.159 32.47 38.791 46.3074 55.2372 
0.0019322 -17.8859 0.0642227 0.0828939 0.107737 0.14041 0.183004 0.237971 0.308043 0.396171 0.505534 0.639697 0.802915 1.00049 1.23909 1.52706 1.8746 2.29408 2.80035 3.41116 4.14769 5.03517 6.10368 7.38907 8.9341 10.7897 13.0166 15.6872 18.8877 22.7208 27.3087 32.7971 39.359 47.2006 56.5668 67.7491 81.0936 97.0118 115.992 138.615 
0.00080112 0.0211905 -36.6093 0.160161 0.209513 0.274907 0.360796 0.47242 0.615634 0.796724 1.02237 1.29995 1.63816 2.04784 2.54274 3.1401 3.86116 4.73173 5.78282 7.0515 8.58202 10.4271 12.6496 15.3244 18.5408 22.4053 27.0449 32.6108 39.2835 47.2776 56.849 68.3024 82.0003 98.3744 117.938 141.302 169.193 202.474 242.172 289.508 
0.000471334 0.0125404 0.0734331 -63.3975 0.343276 0.453632 0.59975 0.791141 1.03847 1.35315 1.74714 2.2334 2.82697 3.54654 4.41596 5.46538 6.73219 8.26192 10.1094 12.3402 15.0326 18.2798 22.193 26.9046 32.5726 39.3854 47.5675 57.3866 69.1618 83.2733 100.174 120.403 144.602 173.536 208.114 249.419 298.737 357.6 427.826 511.581 
0.000329236 0.008814 0.0519476 0.185636 -101.42 0.688773 0.917675 1.22008 1.61401 2.11876 2.75434 3.54188 4.5054 5.67458 7.08745 8.79259 10.8507 13.336 16.3381 19.9642 24.3423 29.6248 35.9934 43.6647 52.8969 63.9978 77.3347 93.3451 112.551 135.574 163.154 196.175 235.686 282.938 339.42 406.903 487.493 583.696 698.494 835.429 
0.000254541 0.0068581 0.0406948 0.14646 0.411221 -155.019 1.33657 1.79173 2.38996 3.16269 4.14221 5.36184 6.85838 8.67658 10.8741 13.5252 16.724 20.5861 25.2514 30.8875 37.6946 45.9109 55.8205 67.7617 82.138 99.4305 120.213 145.169 175.115 211.023 254.05 305.575 367.243 441.008 529.198 634.584 760.462 910.754 1090.12 1304.11 
0.000210178 0.00569969 0.0340564 0.123473 0.349359 0.85227 -230.112 2.54622 3.42615 4.57316 6.0386 7.87426 10.1353 12.8871 16.2138 20.2251 25.0618 30.8986 37.9478 46.4644 56.7524 69.174 84.1606 102.226 123.983 150.162 181.635 219.439 264.814 319.236 384.463 462.592 556.118 668.013 801.814 961.732 1152.78 1380.91 1653.21 1978.12 
0.000181461 0.00495262 0.0297979 0.108837 0.310378 0.763445 1.70144 -334.766 4.79642 6.46118 8.60781 11.3169 14.6707 18.763 23.7128 29.6773 36.8616 45.5239 55.98 68.61 83.8679 102.294 124.53 151.343 183.644 222.522 269.275 325.448 392.887 473.79 570.777 686.971 826.09 992.562 1191.66 1429.65 1714.01 2053.62 2459.04 2942.83 
0.000161539 0.00443609 0.0268694 0.0988537 0.28411 0.70465 1.58418 3.3189 -480.051 8.96465 12.0587 15.9996 20.9117 26.9288 34.2154 42.9902 53.5444 66.252 81.576 100.076 122.421 149.406 181.978 221.262 268.599 325.589 394.137 476.517 575.44 694.137 836.458 1006.99 1211.21 1455.61 1747.95 2097.46 2515.11 3013.95 3609.54 4320.35 
0.000146831 0.00405525 0.0247167 0.0915568 0.2651 0.662805 1.50301 3.17787 6.37206 -681.399 16.6547 22.3243 29.4556 38.2429 48.9107 61.7541 77.1751 95.7046 118.013 144.917 177.395 216.61 263.945 321.042 389.857 472.72 572.408 692.234 836.147 1008.86 1215.97 1464.18 1761.46 2117.28 2542.94 3051.89 3660.13 4386.71 5254.26 6289.74 
0.00013533 0.00375666 0.0230254 0.0858203 0.250185 0.630198 1.44078 3.0735 6.22248 12.0907 -960.773 30.8095 41.099 53.8892 69.4902 88.2895 110.823 137.825 170.253 209.292 256.37 313.187 381.755 464.465 564.158 684.219 828.679 1002.35 1210.95 1461.33 1761.63 2121.55 2552.65 3068.72 3686.14 4424.43 5306.84 6361 7619.79 9122.35 
0.000125861 0.00350905 0.0216117 0.0809828 0.237488 0.602175 1.38687 2.98284 6.09445 11.9635 22.7431 -1350.06 56.8943 75.4935 98.3657 126.016 159.13 198.685 246.021 302.847 371.251 453.723 553.205 673.186 817.801 991.971 1201.56 1453.54 1756.24 2119.6 2555.44 3077.85 3703.65 4452.82 5349.2 6421.13 7702.38 9233.1 11061.1 13243.1 
0.000117706 0.00329357 0.0203658 0.076653 0.225904 0.575987 1.33489 2.89159 5.95659 11.804 22.687 42.5452 -1896.03 105.238 138.924 179.946 229.143 287.745 357.556 441.014 541.176 661.721 806.996 982.129 1193.19 1447.37 1753.25 2121.02 2562.85 3093.24 3729.46 4492.12 5405.73 6499.53 7808.31 9373.49 11244.4 13479.6 16149.1 19335.7 
0.000110371 0.00309743 0.0192147 0.072578 0.214741 0.549961 1.28102 2.79114 5.7892 11.5666 22.4512 42.6073 79.4262 -2667.05 195.72 257.187 331.351 419.637 524.302 648.702 797.303 975.602 1190.11 1448.5 1759.77 2134.58 2585.6 3127.88 3779.39 4561.49 5499.69 6624.35 7971.68 9584.77 11515 13823.4 16582.7 19879.5 23816.8 28517.1 
0.000103413 0.00290902 0.0180922 0.0685297 0.203388 0.522671 1.22218 2.67494 5.57797 11.2179 21.9541 42.099 79.5104 148.418 -3760.88 367.094 480.521 616.146 776.441 965.651 1190.11 1458.08 1779.52 2166.09 2631.44 3191.6 3865.55 4675.85 5649.31 6817.93 8219.77 9900.26 11913.5 14323.8 17208 20657.3 24780.5 29707 35590.5 42614.3 
9.62754e-05 0.00271345 0.0169105 0.0641945 0.190975 0.492046 1.1539 2.53384 5.30454 10.7201 21.1118 40.8206 77.9491 147.614 277.844 -5311.19 694.795 906.611 1157.57 1452.09 1798.36 2208.51 2697.96 3284.91 3990.48 4839.25 5860.17 7087.46 8561.8 10331.6 12454.7 14999.6 18048.5 21698.7 26066.5 31290.1 37534.3 44994.8 53904.8 64541.5 
8.81355e-05 0.00248799 0.0155312 0.0590619 0.176031 0.454439 1.06798 2.35074 4.93476 10.0065 19.7933 38.5015 74.1394 142.05 271.65 518.956 -7486.86 1320.91 1719.24 2186.71 2731.49 3369.71 4124.8 5025.64 6105.66 7403.3 8963.25 10838.1 13090.1 15793.2 19035.7 22922.4 27578.5 33153 39823.1 47800.2 57335.5 68728.2 82334.3 98577 
7.78086e-05 0.00219943 0.0137489 0.0523593 0.156286 0.404083 0.951153 2.09715 4.41075 8.96396 17.782 34.7259 67.2532 129.953 251.619 489.166 954.19 -10479.1 2487.22 3230.65 4094.46 5094.18 6261.73 7642.02 9288.57 11262.1 13632.2 16479.3 19898.4 24002.1 28924.1 34823.9 41891.3 50352.2 60475.9 72582.8 87054.4 104345 124993 149643 
6.40618e-05 0.00181297 0.0113466 0.0432629 0.129292 0.334701 0.788815 1.74141 3.66736 7.46402 14.8328 29.0359 56.4321 109.641 214.114 421.754 838.639 1679.54 -14494.5 4507.89 5845.41 7383.28 9151.19 11210.6 13644.4 16547.7 20026.8 24202.6 29215.4 35230.8 42445 51091.7 61448.9 73847.8 88682.7 106423 127628 152962 183217 219333 
4.69195e-05 0.00132922 0.00832767 0.0317855 0.0950911 0.246418 0.581333 1.28461 2.70793 5.51669 10.9748 21.5131 41.8938 81.6491 160.278 318.436 642.017 1313.06 2713.25 -19822.6 7534.91 9756.33 12282.5 15168.1 18523 22487.8 27218 32885 39683 47838 57616.9 69336.2 83372.8 100175 120278 144317 173049 207374 248365 297297 
2.92507e-05 0.000829453 0.00520142 0.0198715 0.0595031 0.154333 0.364401 0.80588 1.70002 3.4657 6.89926 13.5344 26.3832 51.5015 101.375 202.393 411.572 854.043 1805.6 3866.95 -26958 11159.5 14430.2 18107.2 22282.6 27131.2 32863.1 39702.9 47895.1 57716.7 69490.9 83599.5 100496 120721 144917 173848 208425 249733 299060 357940 
1.53293e-05 0.000435066 0.00273056 0.0104406 0.0312888 0.0812178 0.191908 0.424696 0.896441 1.82846 3.64161 7.14689 13.9386 27.2286 53.6638 107.392 219.378 459.106 985.397 2163.38 4821.7 -36421.5 14516.9 18747.1 23446.8 28755.7 34917.4 42206 50905.3 61321.5 73802.4 88754.6 106659 128089 153723 184372 221002 264758 317006 379371 
6.92298e-06 0.000196643 0.00123512 0.0047262 0.0141743 0.0368191 0.0870572 0.192774 0.407114 0.830739 1.65508 3.24906 6.33812 12.3847 24.4201 48.9164 100.126 210.416 455.391 1015.5 2324.73 5412.77 -48286.4 17064 22006.6 27432 33533.6 40616.6 49001.8 59011.9 70993.7 85342.3 102521 123079 147668 177066 212197 254161 304267 364071 
2.79626e-06 7.94864e-05 0.000499611 0.00191311 0.00574151 0.0149239 0.0353081 0.0782264 0.16528 0.337388 0.672365 1.32015 2.57557 5.03305 9.92515 19.8866 40.7337 85.745 186.275 418.734 974.022 2333.97 5697.67 -62146.8 18874.1 24305.5 30195.7 36797.1 44466.5 53554.5 64405.1 77388.3 92927.2 111520 133756 160338 192101 230039 275334 329394 
1.0383e-06 2.9536e-05 0.00018577 0.000711811 0.00213759 0.00555955 0.0131606 0.0291721 0.061662 0.125913 0.250987 0.492872 0.96164 1.87917 3.70554 7.42436 15.2088 32.0293 69.6749 157.151 368.368 897.108 2258.23 5800.5 -77503.2 20260.1 26048.5 32250.6 39185.2 47252.8 56821.9 68247.9 81914 98261.4 117809 141175 169093 202435 242240 289744 
3.59398e-07 1.02307e-05 6.43864e-05 0.000246856 0.000741745 0.00193024 0.00457159 0.0101382 0.0214377 0.043789 0.0873054 0.171467 0.334564 0.653762 1.28903 2.58231 5.2891 11.1382 24.2357 54.7202 128.641 315.559 807.361 2142.39 5810.82 -94004.3 21475.1 27561.1 34006.1 41203.4 49591.8 59550.8 71442.4 85659.6 102657 122970 147238 176219 210814 252098 
1.16507e-07 3.31876e-06 2.08982e-05 8.01676e-05 0.000241015 0.000627513 0.00148691 0.00329885 0.00697809 0.0142577 0.0284324 0.0558478 0.108974 0.212936 0.419804 0.840855 1.72188 3.62527 7.88698 17.809 41.8987 103.033 265.382 715.681 2008.9 5774.51 -111471 22661.5 29025.3 35689.6 43131.3 51822.9 62150.9 74482.2 89218.5 106827 127860 152975 182953 218723 
3.53622e-08 1.00797e-06 6.35057e-06 2.43739e-05 7.33142e-05 0.000190973 0.000452718 0.00100479 0.00212615 0.00434532 0.00866703 0.0170261 0.0332239 0.064918 0.127974 0.256288 0.524706 1.10443 2.40207 5.42259 12.7568 31.3861 81.0067 219.793 626.817 1867.68 5711.04 -129844 23888.1 30527.8 37408.8 45100.9 54105.7 64813.9 77597.2 92866.8 111103 132875 158861 189863 
1.00234e-08 2.85897e-07 1.80213e-06 6.92003e-06 2.08244e-05 5.42686e-05 0.000128701 0.00028575 0.000604842 0.00123645 0.00246664 0.00484619 0.00945707 0.0184783 0.0364236 0.0729338 0.14929 0.314157 0.683067 1.54149 3.62523 8.91768 23.0227 62.5692 179.412 542.863 1723.18 5627.41 -149137 25186.2 32106.4 39211.2 47170.6 56510.3 67623.4 80887.3 96723.7 115628 138187 165099 
2.64352e-09 7.54518e-08 4.75826e-07 1.82794e-06 5.50319e-06 1.43473e-05 3.40382e-05 7.55998e-05 0.000160067 0.000327296 0.000653045 0.00128317 0.00250416 0.00489287 0.00964396 0.0193085 0.0395163 0.0831367 0.180713 0.407685 0.958434 2.35677 6.08274 16.5325 47.4649 144.305 464.847 1577.75 5525.6 -169396 26570.8 33778.3 41118.1 49366.6 59067.7 70616.2 84395.9 100841 120462 143867 
6.45978e-10 1.84503e-08 1.16405e-07 4.4737e-07 1.34739e-06 3.5141e-06 8.34001e-06 1.85293e-05 3.92426e-05 8.02585e-05 0.000160164 0.000314741 0.000614259 0.00120019 0.00236548 0.00473552 0.00969014 0.0203826 0.0442945 0.0998979 0.234771 0.577074 1.4888 4.04501 11.6123 35.3358 114.292 393.344 1433.06 5405.82 -190688 28050.3 35551.8 43140.8 51702.7 61794.2 73811 88145 105244 125637 
1.45591e-10 4.16134e-09 2.62652e-08 1.00982e-07 3.04253e-07 7.93799e-07 1.88454e-06 4.18819e-06 8.8723e-06 1.81493e-05 3.62243e-05 7.1192e-05 0.000138948 0.000271489 0.000535059 0.00107106 0.00219138 0.00460865 0.0100131 0.0225768 0.0530416 0.130331 0.336106 0.912789 2.6193 7.96873 25.7895 89.0594 328.684 1290.59 5267.85 -213088 29630.7 37432.5 45287 54188.5 64700.6 77220.2 92149.1 109950 
3.01174e-11 8.61495e-10 5.43965e-09 2.09215e-08 6.30573e-08 1.64572e-07 3.90827e-07 8.68811e-07 1.84094e-06 3.76656e-06 7.51881e-06 1.47783e-05 2.88447e-05 5.63597e-05 0.000111072 0.000222322 0.00045482 0.000956378 0.00207751 0.00468314 0.0109995 0.0270188 0.0696523 0.189081 0.542332 1.64918 5.33554 18.431 68.2103 271.017 1151.77 5111.54 -236675 31317.5 39425.5 47563.7 56832.4 67796.4 80854.9 96420.8 
5.68898e-12 1.62868e-10 1.02876e-09 3.95811e-09 1.19336e-08 3.11549e-08 7.40084e-08 1.64564e-07 3.48774e-07 7.13722e-07 1.42493e-06 2.80096e-06 5.46728e-06 1.06827e-05 2.10524e-05 4.2136e-05 8.61924e-05 0.000181219 0.000393591 0.000887058 0.00208298 0.00511512 0.0131821 0.0357714 0.102558 0.311721 1.008 3.48058 12.882 51.2949 220.329 1017.98 4937.03 -261533 33116.2 41535.8 49978.4 59643.1 71091.6 84726.1 
9.75936e-13 2.79656e-11 1.7671e-10 6.80103e-10 2.05112e-09 5.3564e-09 1.27276e-08 2.83076e-08 6.00071e-08 1.22818e-07 2.45235e-07 4.82098e-07 9.41068e-07 1.8388e-06 3.62367e-06 7.25232e-06 1.48339e-05 3.11847e-05 6.77207e-05 0.000152599 0.000358256 0.000879546 0.00226602 0.00614711 0.0176173 0.0535244 0.172997 0.59704 2.20866 8.79358 37.8332 176.456 890.493 4744.77 -287749 35032.2 43768.9 52538.7 62629.5 74596.1 
1.51174e-13 4.33643e-12 2.74109e-11 1.05528e-10 3.18355e-10 8.31594e-10 1.97648e-09 4.39692e-09 9.32252e-09 1.90837e-08 3.81097e-08 7.49248e-08 1.46262e-07 2.85794e-07 5.63196e-07 1.12712e-06 2.30525e-06 4.84574e-06 1.05217e-05 2.37055e-05 5.56432e-05 0.000136579 0.000351786 0.000954028 0.00273329 0.00830103 0.0268183 0.0925093 0.342041 1.36109 5.85429 27.3361 139.09 770.485 4535.6 -315413 37071.3 46130.7 55253 65801.3 
2.10166e-14 6.03574e-13 3.81657e-12 1.46975e-11 4.43511e-11 1.15882e-10 2.75485e-10 6.1298e-10 1.2999e-09 2.66137e-09 5.31531e-09 1.04509e-08 2.04024e-08 3.98666e-08 7.85618e-08 1.57219e-07 3.21534e-07 6.75822e-07 1.46727e-06 3.30534e-06 7.75726e-06 1.9037e-05 4.90227e-05 0.000132914 0.000380686 0.00115576 0.00373251 0.0128696 0.0475605 0.189156 0.813134 3.79537 19.3255 107.805 658.943 4310.75 -344615 39239.2 48628.1 58130.2 
2.60544e-15 7.4927e-14 4.73948e-13 1.82567e-12 5.51053e-12 1.44015e-11 3.42443e-11 7.62118e-11 1.61645e-10 3.30992e-10 6.61132e-10 1.30001e-09 2.53802e-09 4.95941e-09 9.77303e-09 1.95573e-08 3.99953e-08 8.40585e-08 1.82481e-07 4.1103e-07 9.64504e-07 2.36658e-06 6.09308e-06 1.65163e-05 4.7293e-05 0.000143539 0.0004634 0.00159718 0.00589991 0.0234533 0.100765 0.470053 2.39228 13.3502 82.0789 556.642 4071.84 -375414 41542 51268.2 
2.86071e-16 8.23978e-15 5.21385e-14 2.00893e-13 6.06516e-13 1.58546e-12 3.77073e-12 8.39346e-12 1.78053e-11 3.64639e-11 7.28415e-11 1.43242e-10 2.79664e-10 5.46489e-10 1.07691e-09 2.155e-09 4.40684e-09 9.2613e-09 2.01035e-08 4.52775e-08 1.06233e-07 2.60623e-07 6.70896e-07 1.81821e-06 5.20512e-06 1.57939e-05 5.09739e-05 0.00017563 0.000648519 0.00257687 0.0110658 0.0515917 0.262412 1.46359 8.99921 61.3217 464.12 3820.85 -407587 43985.8 
2.76192e-17 7.96991e-16 5.04487e-15 1.94432e-14 5.87145e-14 1.53515e-13 3.65179e-13 8.13013e-13 1.72494e-12 3.53298e-12 7.05827e-12 1.3881e-11 2.71023e-11 5.29613e-11 1.04365e-10 2.08841e-10 4.27049e-10 8.97426e-10 1.9479e-09 4.3867e-09 1.02912e-08 2.52444e-08 6.49744e-08 1.76058e-07 5.03914e-07 1.52868e-06 4.93241e-06 1.69895e-05 6.27128e-05 0.000249091 0.0010692 0.00498243 0.0253282 0.14118 0.867556 5.91083 44.9057 381.661 3560.16 -438194 
cycle: 0
true_cycle: 0
nIterations: 0
nTrueIterations: 0
Branch: 0
dt_FE: 2.22806e-06
dt_EA: 2.22806e-06
dt_PE: 2.22806e-06
