t: 7.90148e-07
dt: 7.90148e-09
N: 0.0266992 0.0732417 0.111808 0.142587 0.165766 0.181561 0.190269 0.192337 0.188434 0.179488 0.166676 0.151315 0.134712 0.118006 0.102059 0.0874332 0.074411 0.0630601 0.0532979 0.0450124 0.0397834 0.0613144 0.23181 0.595497 0.558003 0.148616 0.0102693 0.000728821 0.000187234 4.96797e-05 1.21738e-05 2.74888e-06 5.69682e-07 1.07825e-07 1.85386e-08 2.87876e-09 4.013e-10 4.98977e-11 5.49658e-12 5.32591e-13 
eC: 1.00639 3.07804 5.27089 7.59201 10.0489 12.6496 15.4023 18.3162 21.4004 24.6651 28.1208 31.7787 35.6505 39.7488 44.0869 48.6788 53.5393 58.6841 64.1299 69.8943 75.9959 82.4544 89.2908 96.5271 104.187 112.294 120.876 129.96 139.576 149.754 160.527 171.931 184.002 196.778 210.303 224.618 239.771 255.811 272.788 290.759 
dV: 2.71811 20.9912 63.6092 138.722 256.496 429.553 673.497 1007.55 1455.33 2045.74 2814.09 3803.42 5066.04 6665.5 8678.77 11199 14338.7 18233.7 23047.8 28977.8 36261 45182.1 56083.2 69374.4 85547.6 105192 129013 157855 192727 234836 285622 346808 420447 508992 615366 743056 896219 1.07981e+06 1.29972e+06 1.56298e+06 
kVec: 35532.4 100001 156255 203416 240750 267777 284399 291028 288681 278978 264005 246042 227240 209357 193632 180781 171090 164522 160816 159523 159989 161233 161868 160903 160330 164651 175492 190862 208768 228260 249009 270957 294142 318632 344509 371860 400772 431303 463226 493602 
cMat: 
-695.147 127.75 160.529 205.991 266.077 344.556 446.175 576.476 741.645 948.4 1204.07 1516.99 1897.18 2357.08 2912.32 3582.26 4390.54 5365.78 6542.27 7960.96 9670.72 11729.7 14207.4 17186.3 20764.9 25060.3 30212.3 36386.8 43781.5 52631.3 63215.5 75865.3 90973.9 109007 130517 156156 186693 223036 266253 317597 
12.0414 -2132.26 400.234 516.592 671.414 875.029 1140.48 1483.03 1919.71 2468.92 3150.47 3986.57 5003.74 6235 7721.99 9516.57 11682.4 14296.6 17451.7 21258.2 25848.2 31379 38037.9 46048.4 55677 67241 81119.1 97762.1 117707 141595 170187 204390 245284 294152 352523 422210 505373 604574 722859 863844 
3.60141 95.2615 -3761.83 719.998 941.86 1235.84 1621.95 2123.75 2767.57 3581.65 4596.05 5843.9 7364.31 9206.03 11430.8 14116.2 17357.8 21271.4 25996.5 31699.8 38580.2 46874.7 56865.8 68890.2 83349.5 100722 121580 146601 176598 212535 255563 307051 368630 442239 530187 635220 760603 910217 1.08868e+06 1.30147e+06 
1.51408 40.284 235.891 -5638.51 1102.72 1457.22 1926.6 2541.41 3335.91 4346.75 5612.4 7174.43 9081.16 11392.7 14185.5 17556.6 21626 26540 32474.8 39640.9 48289.7 58720.8 71291.2 86426.5 104634 126519 152803 184345 222171 267501 321791 386773 464510 557455 668532 801217 959643 1.14873e+06 1.37432e+06 1.64337e+06 
0.74843 20.0363 118.089 421.993 -7811.36 1565.74 2086.09 2773.52 3669.02 4816.44 6261.26 8051.51 10241.8 12899.6 16111.4 19987.6 24666.1 30315.8 37140.2 45383.2 55335.7 67344 81821.4 99260.1 120247 145482 175800 212195 255854 308191 370888 445951 535769 643185 771581 924984 1.10818e+06 1.32688e+06 1.58784e+06 1.89912e+06 
0.405278 10.9194 64.7939 233.193 654.742 -10331.1 2128.08 2852.78 3805.28 5035.61 6595.19 8537.07 10919.8 13814.8 17313.6 21534.8 26627.9 32777 40205 49178.8 60017 73098.9 88876.9 107890 130779 158312 191402 231137 278817 335988 404495 486534 584721 702168 842584 1.01038e+06 1.2108e+06 1.45009e+06 1.73568e+06 2.07639e+06 
0.231769 6.2852 37.5549 136.157 385.247 939.82 -13248.5 2807.79 3778.11 5042.95 6658.93 8683.16 11176.5 14211 17879.4 22302.8 27636.3 34072.7 41846.1 51237.5 62582.4 76280.1 92806.2 112728 136720 165588 200294 241981 292018 352030 423958 510112 613246 736635 884182 1.06053e+06 1.2712e+06 1.52276e+06 1.82304e+06 2.18133e+06 
0.13685 3.73503 22.4722 82.0796 234.072 575.755 1283.15 -16611.2 3617.23 4872.72 6491.61 8534.65 11064 14150.2 17883 22381.2 27799.3 34331.9 42217.4 51742.5 63249.2 77144.9 93914.6 114136 138496 167816 203074 245437 296296 357310 430453 518081 622998 748544 898692 1.07818e+06 1.29263e+06 1.54874e+06 1.85449e+06 2.21935e+06 
0.0821141 2.25497 13.6584 50.2498 144.42 358.191 805.278 1687.08 -20461.8 4556.95 6129.74 8132.96 10629.9 13688.6 17392.5 21853 27217.9 33677.5 41467.1 50871.1 62229.6 75946.8 92503.8 112473 136536 165505 200350 242225 292510 352847 425192 511879 615687 739923 888528 1.06619e+06 1.27849e+06 1.53207e+06 1.83482e+06 2.19614e+06 
0.0494637 1.36611 8.3264 30.8431 89.3054 223.282 506.324 1070.54 2146.58 -24836.9 5610.54 7520.47 9922.81 12883 16476.8 20803.4 25998.3 32240.4 39755.4 48818.6 59759.6 72970.3 88916.2 108151 131333 159247 192829 233196 281676 339857 409630 493246 593389 713255 856650 1.0281e+06 1.233e+06 1.47777e+06 1.77002e+06 2.11885e+06 
0.0296236 0.822326 5.04022 18.7859 54.7651 137.949 315.384 672.784 1362.09 2646.64 -29767.2 6744.15 8996.51 11796.3 15211.3 19326.4 24258.9 30169.7 37268 45813.6 56119.1 68556.1 83565.5 101671 123493 149774 181396 219412 265075 319883 385617 464403 558771 671737 806889 968501 1.16166e+06 1.39241e+06 1.66796e+06 1.99687e+06 
0.0175038 0.488015 3.00561 11.2625 33.0282 83.7464 192.876 414.833 847.574 1663.8 3162.95 -35278.3 7912.47 10499.1 13680 17525.5 22130.7 27631.8 34214.9 42117.9 51631.1 63100.7 76936 93622.1 113734 137957 167104 202148 244246 294780 355393 428047 515078 619268 743930 893008 1.07119e+06 1.28408e+06 1.5383e+06 1.84177e+06 
0.0101437 0.283836 1.7551 6.60586 19.4681 49.6379 115.039 249.194 513.331 1017.25 1955.14 3666.5 -41390.6 9069.26 11972.3 15507.5 19747.2 24797.5 30813.8 38006 46637.9 57026.3 69545.9 84638.7 102827 124733 151093 182787 220863 266572 321401 387125 465859 560122 672911 807796 969027 1.16166e+06 1.39171e+06 1.66633e+06 
0.00573951 0.161072 0.999198 3.77419 11.1669 28.599 66.6153 145.144 301.049 601.483 1167.5 2215.66 4130.3 -48118.2 10177.8 13374.2 17230.9 21821.9 27264.7 33733.7 41461.2 50733.1 61888.1 75324.5 91511 111002 134456 162656 196535 237206 285994 344478 414542 498426 598799 718840 862330 1.03377e+06 1.23852e+06 1.48294e+06 
0.00315985 0.0888873 0.552821 2.09397 6.21467 15.9706 37.3447 81.7347 170.439 342.771 670.823 1286.36 2429.5 4535.03 -55467.4 11216.8 14682.7 18826.8 23724.7 29506.2 36364.8 44552.8 54374.6 66186.5 80405.4 97521.5 118115 142874 172619 208327 251161 302509 364024 437674 525802 631199 757187 907718 1.08749e+06 1.30211e+06 
0.00168797 0.0475742 0.296487 1.1255 3.3483 8.62689 20.2309 44.4251 93.0029 187.952 370.146 715.695 1366.66 2588.07 4871.36 -63435.8 12181.6 15895.3 20295.3 25459 31530 38721.1 47302.5 57593.3 69963.8 84845.1 102745 124262 150111 181141 218364 262984 316438 380436 457015 548600 658077 788880 945096 1.13159e+06 
0.000872787 0.024638 0.153802 0.584878 1.7432 4.50021 10.576 23.2788 48.8679 99.0923 196.009 381.272 734.187 1406.69 2690.1 5139.11 -72009.6 13080.7 17025.3 21654.5 27049.4 33369.5 40847 49767.9 60463.1 73313.3 88761.2 107327 129628 156397 188506 226996 273104 328307 394360 473355 567781 680601 815339 976187 
0.000435817 0.0123193 0.0770097 0.293272 0.875379 2.26332 5.32754 11.7464 24.7052 50.2084 99.5992 194.504 376.695 727.885 1409.35 2739.89 5344.55 -81157.8 13931.3 18095.3 22933.6 28533.2 35072.8 42804 52026.6 63080.8 76355.6 92302.6 111454 134439 162008 195054 234639 282030 338734 406546 487604 584449 700106 838174 
0.000209679 0.005934 0.0371383 0.141603 0.423183 1.0955 2.58185 5.69977 12.0035 24.4303 48.5488 95.0368 184.707 358.862 700.811 1380.43 2744.93 5497.28 -90816.3 14754.7 19132.5 24166 29952.6 36693.2 44659.2 54161.9 65549.4 79216.9 95624.2 115313 138926 167227 201127 241710 290266 348331 417736 500657 599682 717893 
9.69644e-05 0.00274699 0.0172101 0.0656884 0.196517 0.509251 1.20139 2.6548 5.59625 11.4009 22.6807 44.4593 86.5784 168.737 331.232 658.084 1326.8 2713.58 5607.24 -100853 15571.7 20162.6 25383.2 31346.6 38279.9 46473.6 56249.2 67960.7 82009.5 98862.8 119072 143291 172299 207024 248568 298247 357625 428563 513276 614398 
4.29132e-05 0.00121688 0.00763091 0.0291531 0.0872959 0.226419 0.534606 1.18229 2.49406 5.08446 10.1218 19.8561 38.7063 75.5569 148.725 296.927 603.809 1252.95 2648.96 5673.13 -111014 16371.9 21170.3 26564.8 32690.4 39803.7 48212.8 58247.5 70266 84675.1 101949 122647 147436 177108 212604 255049 305777 366379 438746 525127 
1.76782e-05 0.00050173 0.00314895 0.0120403 0.0360831 0.0936626 0.221314 0.489772 1.0338 2.10863 4.19961 8.24199 16.0744 31.4007 61.8865 123.848 252.993 529.454 1136.39 2494.87 5560.52 -121061 16741.3 21619.7 27039.6 33161.9 40267.7 48673.1 58705.4 70717.6 85110.9 102354 123003 147715 177278 212623 254865 305326 365580 437501 
5.81925e-06 0.000165292 0.0010382 0.00397271 0.0119145 0.0309491 0.0731778 0.16204 0.342208 0.698294 1.39121 2.73106 5.32763 10.4102 20.5268 41.1177 84.1633 176.869 382.788 853.596 1954.1 4549.82 -131853 14343.5 18498.1 23058.5 28187.3 34141.1 41189.5 49603.7 59675.2 71736.2 86176.1 103456 124126 148837 178367 213640 255758 306027 
1.17281e-06 3.33383e-05 0.000209547 0.000802398 0.00240811 0.00625937 0.014809 0.0328098 0.069322 0.141508 0.282004 0.553698 1.08025 2.11097 4.16281 8.34084 17.0846 35.9632 78.1274 175.626 408.525 978.916 2389.72 -144275 7916.19 10194.2 12664.7 15433.4 18650.2 22461.9 27012.8 32458.2 38975.6 46773.7 56100 67249 80571 96483 115481 138155 
4.65196e-07 1.32332e-05 8.32317e-05 0.000318917 0.000957717 0.00249088 0.0058964 0.0130702 0.0276268 0.0564137 0.112451 0.220824 0.430849 0.841938 1.66022 3.32638 6.81407 14.3503 31.2169 70.4094 165.042 401.937 1011.77 2598.83 -152853 9077.26 11670.7 14449.4 17556.4 21171 25458.3 30577.5 36700.5 44024.6 52782.9 63251.6 75759.6 90698 108532 129816 
3.07447e-07 8.75188e-06 5.50794e-05 0.000211173 0.000634526 0.00165122 0.00391077 0.00867271 0.0183389 0.0374594 0.0746854 0.146682 0.286203 0.559261 1.1027 2.20904 4.52456 9.52819 20.7324 46.8104 110.046 269.945 690.657 1832.71 4970.87 -159642 18370.9 23577.1 29090.5 35247.5 42423.3 50942.8 61115.5 73277.5 87817.7 105195 125955 150747 180341 215658 
1.15492e-07 3.28984e-06 2.07161e-05 7.94689e-05 0.000238915 0.000622044 0.00147396 0.0032701 0.00691727 0.0141334 0.0281846 0.0553611 0.108024 0.21108 0.416145 0.833526 1.70687 3.59367 7.81824 17.6538 41.5335 102.135 263.069 709.443 1991.39 5724.19 -172987 22464 28772.4 35378.6 42755.4 51371.2 61609.2 73833 88440.9 105896 126746 151642 181358 216817 
3.53535e-08 1.00773e-06 6.34901e-06 2.43679e-05 7.32962e-05 0.000190926 0.000452607 0.00100454 0.00212563 0.00434425 0.0086649 0.0170219 0.0332158 0.0649021 0.127942 0.256225 0.524577 1.10416 2.40148 5.42126 12.7536 31.3784 80.9868 219.739 626.663 1867.22 5709.63 -190016 23882.2 30520.3 37399.6 45089.9 54092.4 64798 77578.2 92844 111076 132843 158822 189817 
1.00229e-08 2.85883e-07 1.80205e-06 6.91969e-06 2.08234e-05 5.4266e-05 0.000128695 0.000285737 0.000604813 0.00123639 0.00246652 0.00484596 0.00945661 0.0184774 0.0364219 0.0729303 0.149283 0.314141 0.683034 1.54141 3.62506 8.91725 23.0216 62.5662 179.403 542.837 1723.1 5627.14 -208520 25185 32104.9 39209.3 47168.4 56507.6 67620.2 80883.4 96719.1 115622 138180 165091 
2.64349e-09 7.54509e-08 4.7582e-07 1.82792e-06 5.50312e-06 1.43471e-05 3.40378e-05 7.55989e-05 0.000160065 0.000327292 0.000653037 0.00128316 0.00250413 0.00489281 0.00964384 0.0193083 0.0395158 0.0831356 0.180711 0.407679 0.958422 2.35674 6.08267 16.5323 47.4643 144.304 464.842 1577.73 5525.53 -228193 26570.5 33777.9 41117.6 49366 59067 70615.3 84394.9 100840 120461 143865 
6.45976e-10 1.84503e-08 1.16405e-07 4.47369e-07 1.34739e-06 3.51409e-06 8.33998e-06 1.85292e-05 3.92425e-05 8.02582e-05 0.000160163 0.00031474 0.000614257 0.00120019 0.00236547 0.00473551 0.00969011 0.0203826 0.0442944 0.0998976 0.23477 0.577072 1.48879 4.045 11.6122 35.3357 114.292 393.343 1433.05 5405.8 -248993 28050.2 35551.7 43140.7 51702.6 61794 73810.7 88144.8 105244 125637 
1.45591e-10 4.16134e-09 2.62652e-08 1.00982e-07 3.04253e-07 7.93798e-07 1.88454e-06 4.18818e-06 8.87229e-06 1.81492e-05 3.62242e-05 7.1192e-05 0.000138948 0.000271489 0.000535059 0.00107106 0.00219138 0.00460865 0.0100131 0.0225768 0.0530415 0.130331 0.336106 0.912788 2.6193 7.96872 25.7894 89.0594 328.683 1290.59 5267.84 -270954 29630.7 37432.5 45286.9 54188.4 64700.5 77220.1 92149 109950 
3.01174e-11 8.61495e-10 5.43965e-09 2.09215e-08 6.30573e-08 1.64572e-07 3.90827e-07 8.68811e-07 1.84094e-06 3.76656e-06 7.51881e-06 1.47783e-05 2.88447e-05 5.63597e-05 0.000111072 0.000222322 0.00045482 0.000956378 0.00207751 0.00468314 0.0109995 0.0270188 0.0696523 0.189081 0.542332 1.64918 5.33554 18.431 68.2103 271.017 1151.77 5111.54 -294141 31317.5 39425.5 47563.7 56832.4 67796.4 80854.9 96420.8 
5.68898e-12 1.62868e-10 1.02876e-09 3.95811e-09 1.19336e-08 3.11549e-08 7.40084e-08 1.64564e-07 3.48774e-07 7.13722e-07 1.42493e-06 2.80096e-06 5.46728e-06 1.06827e-05 2.10524e-05 4.2136e-05 8.61924e-05 0.000181219 0.000393591 0.000887058 0.00208298 0.00511512 0.0131821 0.0357714 0.102558 0.311721 1.008 3.48058 12.882 51.2949 220.329 1017.98 4937.03 -318632 33116.2 41535.8 49978.4 59643.1 71091.6 84726.1 
9.75936e-13 2.79656e-11 1.7671e-10 6.80103e-10 2.05112e-09 5.3564e-09 1.27276e-08 2.83076e-08 6.00071e-08 1.22818e-07 2.45235e-07 4.82098e-07 9.41068e-07 1.8388e-06 3.62367e-06 7.25232e-06 1.48339e-05 3.11847e-05 6.77207e-05 0.000152599 0.000358256 0.000879546 0.00226602 0.00614711 0.0176173 0.0535244 0.172997 0.59704 2.20866 8.79358 37.8332 176.456 890.493 4744.77 -344509 35032.2 43768.9 52538.7 62629.5 74596.1 
1.51174e-13 4.33643e-12 2.74109e-11 1.05528e-10 3.18355e-10 8.31594e-10 1.97648e-09 4.39692e-09 9.32252e-09 1.90837e-08 3.81097e-08 7.49248e-08 1.46262e-07 2.85794e-07 5.63196e-07 1.12712e-06 2.30525e-06 4.84574e-06 1.05217e-05 2.37055e-05 5.56432e-05 0.000136579 0.000351786 0.000954028 0.00273329 0.00830103 0.0268183 0.0925093 0.342041 1.36109 5.85429 27.3361 139.09 770.485 4535.6 -371860 37071.3 46130.7 55253 65801.3 
2.10166e-14 6.03574e-13 3.81657e-12 1.46975e-11 4.43511e-11 1.15882e-10 2.75485e-10 6.1298e-10 1.2999e-09 2.66137e-09 5.31531e-09 1.04509e-08 2.04024e-08 3.98666e-08 7.85618e-08 1.57219e-07 3.21534e-07 6.75822e-07 1.46727e-06 3.30534e-06 7.75726e-06 1.9037e-05 4.90227e-05 0.000132914 0.000380686 0.00115576 0.00373251 0.0128696 0.0475605 0.189156 0.813134 3.79537 19.3255 107.805 658.943 4310.75 -400772 39239.2 48628.1 58130.2 
2.60544e-15 7.4927e-14 4.73948e-13 1.82567e-12 5.51053e-12 1.44015e-11 3.42443e-11 7.62118e-11 1.61645e-10 3.30992e-10 6.61132e-10 1.30001e-09 2.53802e-09 4.95941e-09 9.77303e-09 1.95573e-08 3.99953e-08 8.40585e-08 1.82481e-07 4.1103e-07 9.64504e-07 2.36658e-06 6.09308e-06 1.65163e-05 4.7293e-05 0.000143539 0.0004634 0.00159718 0.00589991 0.0234533 0.100765 0.470053 2.39228 13.3502 82.0789 556.642 4071.84 -431303 41542 51268.2 
2.86071e-16 8.23978e-15 5.21385e-14 2.00893e-13 6.06516e-13 1.58546e-12 3.77073e-12 8.39346e-12 1.78053e-11 3.64639e-11 7.28415e-11 1.43242e-10 2.79664e-10 5.46489e-10 1.07691e-09 2.155e-09 4.40684e-09 9.2613e-09 2.01035e-08 4.52775e-08 1.06233e-07 2.60623e-07 6.70896e-07 1.81821e-06 5.20512e-06 1.57939e-05 5.09739e-05 0.00017563 0.000648519 0.00257687 0.0110658 0.0515917 0.262412 1.46359 8.99921 61.3217 464.12 3820.85 -463226 43985.8 
2.76192e-17 7.96991e-16 5.04487e-15 1.94432e-14 5.87145e-14 1.53515e-13 3.65179e-13 8.13013e-13 1.72494e-12 3.53298e-12 7.05827e-12 1.3881e-11 2.71023e-11 5.29613e-11 1.04365e-10 2.08841e-10 4.27049e-10 8.97426e-10 1.9479e-09 4.3867e-09 1.02912e-08 2.52444e-08 6.49744e-08 1.76058e-07 5.03914e-07 1.52868e-06 4.93241e-06 1.69895e-05 6.27128e-05 0.000249091 0.0010692 0.00498243 0.0253282 0.14118 0.867556 5.91083 44.9057 381.661 3560.16 -493602 
cycle: 0
true_cycle: 0
nIterations: 0
nTrueIterations: 0
Branch: 0
dt_FE: 7.90148e-09
dt_EA: 7.90148e-09
dt_PE: 7.90148e-09
