t
0.0000000575116377860842804
dt
0.0000000075548543246452511
DN
-0.0000000000577402310426682
TC
36.0000
N
3.45124924e-02
9.80297019e-02
1.55554194e-01
2.07150530e-01
2.52900477e-01
2.92896244e-01
3.27232795e-01
3.56000264e-01
3.79277051e-01
3.97124216e-01
4.09581955e-01
4.16669218e-01
4.18387755e-01
4.14732261e-01
4.05708490e-01
3.91361250e-01
3.71813626e-01
3.47317260e-01
3.18310813e-01
2.85489922e-01
2.50104882e-01
2.16408141e-01
1.96830193e-01
1.85580979e-01
1.36629989e-01
8.00665228e-02
5.11105253e-02
3.36618245e-02
2.14979748e-02
1.32695354e-02
7.91902714e-03
4.56881754e-03
2.54664285e-03
1.36983249e-03
7.09965147e-04
3.53901708e-04
1.69319392e-04
7.75750906e-05
3.39516722e-05
1.41572282e-05
eC
1.00638940e+00
3.07804198e+00
5.27088624e+00
7.59201189e+00
1.00489234e+01
1.26495642e+01
1.54023425e+01
1.83161584e+01
2.14004324e+01
2.46651365e+01
2.81208258e+01
3.17786729e+01
3.56505041e+01
3.97488374e+01
4.40869232e+01
4.86787870e+01
5.35392748e+01
5.86841012e+01
6.41298999e+01
6.98942779e+01
7.59958720e+01
8.24544093e+01
8.92907710e+01
9.65270599e+01
1.04186672e+02
1.12294371e+02
1.20876370e+02
1.29960417e+02
1.39575880e+02
1.49753848e+02
1.60527227e+02
1.71930848e+02
1.84001582e+02
1.96778453e+02
2.10302771e+02
2.24618262e+02
2.39771209e+02
2.55810604e+02
2.72788303e+02
2.90759198e+02
