t
0.0000001897970815116823247
dt
0.0000000213190137833018422
DN
-0.0000000008470494006600793
TC
45.0000
N
1.24394320e-01
3.17258535e-01
4.56009833e-01
5.54848613e-01
6.24105886e-01
6.71223679e-01
7.01498261e-01
7.18639025e-01
7.25184460e-01
7.22810686e-01
7.12562614e-01
6.95033232e-01
6.70512920e-01
6.39127515e-01
6.00980071e-01
5.56304955e-01
5.05631906e-01
4.49940603e-01
3.90765382e-01
3.30194493e-01
2.70718954e-01
2.14945049e-01
1.65160446e-01
1.22647438e-01
8.78561951e-02
6.09197168e-02
4.09732661e-02
2.67236368e-02
1.69035040e-02
1.03675043e-02
6.16238949e-03
3.54653649e-03
1.97379745e-03
1.06068039e-03
5.49397708e-04
2.73750814e-04
1.30934887e-04
5.99759548e-05
2.62445845e-05
1.09418600e-05
eC
1.00638940e+00
3.07804198e+00
5.27088624e+00
7.59201189e+00
1.00489234e+01
1.26495642e+01
1.54023425e+01
1.83161584e+01
2.14004324e+01
2.46651365e+01
2.81208258e+01
3.17786729e+01
3.56505041e+01
3.97488374e+01
4.40869232e+01
4.86787870e+01
5.35392748e+01
5.86841012e+01
6.41298999e+01
6.98942779e+01
7.59958720e+01
8.24544093e+01
8.92907710e+01
9.65270599e+01
1.04186672e+02
1.12294371e+02
1.20876370e+02
1.29960417e+02
1.39575880e+02
1.49753848e+02
1.60527227e+02
1.71930848e+02
1.84001582e+02
1.96778453e+02
2.10302771e+02
2.24618262e+02
2.39771209e+02
2.55810604e+02
2.72788303e+02
2.90759198e+02
