t
0.0000530925834061071215604
dt
0.0000002999999999999999864
DN
-0.0000000000000004355961589
TC
803.0000
N
8.91737699e-01
9.97831925e-01
9.99668471e-01
9.99647629e-01
9.99528655e-01
9.99345751e-01
9.99069345e-01
9.98645039e-01
9.97979995e-01
9.96913199e-01
9.95158557e-01
9.92193533e-01
9.87034736e-01
9.77782529e-01
9.60766145e-01
9.29333704e-01
8.73339090e-01
7.81929842e-01
6.51392937e-01
4.93561101e-01
3.34682594e-01
2.02042531e-01
1.09970874e-01
5.47453925e-02
2.32147573e-02
8.13857040e-03
2.65912692e-03
8.23203683e-04
2.37491075e-04
6.36171357e-05
1.57660479e-05
3.59946357e-06
7.53511429e-07
1.43915756e-07
2.49451024e-08
3.90186102e-09
5.47484446e-10
6.84753885e-11
7.58308814e-12
7.38278825e-13
eC
1.00638940e+00
3.07804198e+00
5.27088624e+00
7.59201189e+00
1.00489234e+01
1.26495642e+01
1.54023425e+01
1.83161584e+01
2.14004324e+01
2.46651365e+01
2.81208258e+01
3.17786729e+01
3.56505041e+01
3.97488374e+01
4.40869232e+01
4.86787870e+01
5.35392748e+01
5.86841012e+01
6.41298999e+01
6.98942779e+01
7.59958720e+01
8.24544093e+01
8.92907710e+01
9.65270599e+01
1.04186672e+02
1.12294371e+02
1.20876370e+02
1.29960417e+02
1.39575880e+02
1.49753848e+02
1.60527227e+02
1.71930848e+02
1.84001582e+02
1.96778453e+02
2.10302771e+02
2.24618262e+02
2.39771209e+02
2.55810604e+02
2.72788303e+02
2.90759198e+02
