t
0.0000000009740548596453230
dt
0.0000000000096450976202507
DN
-0.0000000000000006533942383
TC
922.0000
N
5.58175539e-06
1.26990756e-05
1.53778048e-05
1.49833749e-05
1.29871901e-05
1.05197890e-05
8.21354107e-06
6.31020202e-06
4.83530679e-06
3.72644108e-06
2.90144297e-06
2.28656869e-06
1.82423216e-06
1.47228711e-06
1.20077125e-06
9.88563164e-07
8.21015632e-07
7.15428919e-07
2.51521028e-06
8.73484937e-05
2.35906840e-03
3.45222577e-02
2.38220536e-01
6.64781697e-01
6.29414202e-01
1.65431331e-01
9.60077104e-03
9.47804438e-05
1.18293082e-07
1.37125438e-11
1.29026863e-14
3.38104668e-16
7.22466681e-18
1.23431426e-19
1.66388998e-21
1.74516496e-23
1.40325100e-25
8.51580397e-28
3.83636273e-30
1.26070595e-32
eC
1.00638940e+00
3.07804198e+00
5.27088624e+00
7.59201189e+00
1.00489234e+01
1.26495642e+01
1.54023425e+01
1.83161584e+01
2.14004324e+01
2.46651365e+01
2.81208258e+01
3.17786729e+01
3.56505041e+01
3.97488374e+01
4.40869232e+01
4.86787870e+01
5.35392748e+01
5.86841012e+01
6.41298999e+01
6.98942779e+01
7.59958720e+01
8.24544093e+01
8.92907710e+01
9.65270599e+01
1.04186672e+02
1.12294371e+02
1.20876370e+02
1.29960417e+02
1.39575880e+02
1.49753848e+02
1.60527227e+02
1.71930848e+02
1.84001582e+02
1.96778453e+02
2.10302771e+02
2.24618262e+02
2.39771209e+02
2.55810604e+02
2.72788303e+02
2.90759198e+02
