t
0.0000138505877587870577828
dt
0.0000001371345332553175051
DN
-0.0000000000000002177980794
TC
1883.0000
N
7.64486936e-02
1.65495376e-01
1.96691378e-01
1.92091477e-01
1.68720840e-01
1.38939603e-01
1.10162958e-01
8.57062882e-02
6.63045592e-02
5.14552471e-02
4.02604017e-02
3.18356355e-02
2.54557892e-02
2.05738758e-02
1.67931126e-02
1.38297535e-02
1.14808009e-02
9.59978396e-03
8.08140999e-03
6.92531816e-03
8.12484945e-03
3.86650042e-02
2.36643673e-01
6.52202907e-01
6.16700965e-01
1.62042992e-01
9.41200311e-03
9.52507169e-05
2.56871759e-07
5.54102354e-09
1.78109852e-10
4.70128729e-12
1.00468185e-13
1.71664747e-15
2.31432340e-17
2.42761229e-19
1.95218463e-21
1.18482208e-23
5.33812070e-26
1.75437777e-28
eC
1.00638940e+00
3.07804198e+00
5.27088624e+00
7.59201189e+00
1.00489234e+01
1.26495642e+01
1.54023425e+01
1.83161584e+01
2.14004324e+01
2.46651365e+01
2.81208258e+01
3.17786729e+01
3.56505041e+01
3.97488374e+01
4.40869232e+01
4.86787870e+01
5.35392748e+01
5.86841012e+01
6.41298999e+01
6.98942779e+01
7.59958720e+01
8.24544093e+01
8.92907710e+01
9.65270599e+01
1.04186672e+02
1.12294371e+02
1.20876370e+02
1.29960417e+02
1.39575880e+02
1.49753848e+02
1.60527227e+02
1.71930848e+02
1.84001582e+02
1.96778453e+02
2.10302771e+02
2.24618262e+02
2.39771209e+02
2.55810604e+02
2.72788303e+02
2.90759198e+02
