t
0.0000003930214755412243659
dt
0.0000000038913027281309374
DN
0.0000000000000000000000000
TC
1525.0000
N
2.24978806e-03
5.11116177e-03
6.18591882e-03
6.02765565e-03
5.22662629e-03
4.23565832e-03
3.30854515e-03
2.54276759e-03
1.94897398e-03
1.50231918e-03
1.16988322e-03
9.22049676e-04
7.35661249e-04
5.93755657e-04
4.84267530e-04
3.98687172e-04
3.30988385e-04
2.76883422e-04
2.35085978e-04
2.84354866e-04
2.52533660e-03
3.46417110e-02
2.38174130e-01
6.64416285e-01
6.29045499e-01
1.65333155e-01
9.59530254e-03
9.47939858e-05
1.22303170e-07
1.73647658e-10
5.16569446e-12
1.36334580e-13
2.91322481e-15
4.97717829e-17
6.70939438e-19
7.03714405e-21
5.65843773e-23
3.43390313e-25
1.54697477e-27
5.08368391e-30
eC
1.00638940e+00
3.07804198e+00
5.27088624e+00
7.59201189e+00
1.00489234e+01
1.26495642e+01
1.54023425e+01
1.83161584e+01
2.14004324e+01
2.46651365e+01
2.81208258e+01
3.17786729e+01
3.56505041e+01
3.97488374e+01
4.40869232e+01
4.86787870e+01
5.35392748e+01
5.86841012e+01
6.41298999e+01
6.98942779e+01
7.59958720e+01
8.24544093e+01
8.92907710e+01
9.65270599e+01
1.04186672e+02
1.12294371e+02
1.20876370e+02
1.29960417e+02
1.39575880e+02
1.49753848e+02
1.60527227e+02
1.71930848e+02
1.84001582e+02
1.96778453e+02
2.10302771e+02
2.24618262e+02
2.39771209e+02
2.55810604e+02
2.72788303e+02
2.90759198e+02
