t
0.0000000091397086286352814
dt
0.0000000000904931547389633
DN
0.0000000000000000000000000
TC
1147.0000
N
5.23733674e-05
1.19151309e-04
1.44283310e-04
1.40582740e-04
1.21854352e-04
9.87045569e-05
7.70663205e-05
5.92080450e-05
4.53694968e-05
3.49651969e-05
2.72243186e-05
2.14549792e-05
1.71168771e-05
1.38145676e-05
1.12669215e-05
9.27573700e-06
7.70099569e-06
6.47023512e-06
7.36161731e-06
9.14538894e-05
2.36253334e-03
3.45247470e-02
2.38219568e-01
6.64774080e-01
6.29406517e-01
1.65429285e-01
9.60065706e-03
9.47807260e-05
1.18376658e-07
1.70458202e-11
1.20293922e-13
3.17244914e-15
6.77893361e-17
1.15816205e-18
1.56123478e-20
1.63749552e-22
1.31667631e-24
7.99041512e-27
3.59967569e-29
1.18292590e-31
eC
1.00638940e+00
3.07804198e+00
5.27088624e+00
7.59201189e+00
1.00489234e+01
1.26495642e+01
1.54023425e+01
1.83161584e+01
2.14004324e+01
2.46651365e+01
2.81208258e+01
3.17786729e+01
3.56505041e+01
3.97488374e+01
4.40869232e+01
4.86787870e+01
5.35392748e+01
5.86841012e+01
6.41298999e+01
6.98942779e+01
7.59958720e+01
8.24544093e+01
8.92907710e+01
9.65270599e+01
1.04186672e+02
1.12294371e+02
1.20876370e+02
1.29960417e+02
1.39575880e+02
1.49753848e+02
1.60527227e+02
1.71930848e+02
1.84001582e+02
1.96778453e+02
2.10302771e+02
2.24618262e+02
2.39771209e+02
2.55810604e+02
2.72788303e+02
2.90759198e+02
