t: 1.67273e-06
dt: 1.30118e-08
N: 0.76481 0.804217 0.838472 0.866986 0.889525 0.906245 0.917755 0.92492 0.928697 0.930011 0.92964 0.92812 0.925757 0.922674 0.918851 0.91417 0.908431 0.901352 0.89255 0.881504 0.867503 0.849574 0.826379 0.796108 0.756379 0.704248 0.636569 0.55108 0.448579 0.335667 0.225497 0.133313 0.0684635 0.0303129 0.011488 0.00368342 0.000981032 0.000211642 3.58351e-05 4.58642e-06 
eC: 1 1.15749 1.33977 1.55077 1.795 2.07768 2.40489 2.78363 3.22201 3.72944 4.31677 4.99661 5.78351 6.69433 7.7486 8.9689 10.3814 12.0163 13.9087 16.0991 18.6345 21.5692 24.9661 28.8979 33.4489 38.7167 44.814 51.8717 60.0407 69.4963 80.4411 93.1095 107.773 124.746 144.391 167.131 193.452 223.918 259.182 300 
dV: 1.08333 0.211322 0.327712 0.508206 0.788112 1.22218 1.89532 2.93921 4.55805 7.06849 10.9616 16.999 26.3615 40.8807 63.3966 98.3136 152.462 236.434 366.655 568.597 881.764 1367.42 2120.55 3288.49 5099.69 7908.45 12264.2 19019 29494.1 45738.6 70930.1 109996 170579 264529 410225 636165 986546 1.52991e+06 2.37254e+06 3.67926e+06 
kVec: 1.03007e+06 1.19337e+06 1.37486e+06 1.58369e+06 1.82366e+06 2.0984e+06 2.41262e+06 2.77155e+06 3.18051e+06 3.64375e+06 4.16862e+06 4.76182e+06 5.42516e+06 6.16586e+06 6.99e+06 7.89972e+06 8.8862e+06 9.95708e+06 1.11116e+07 1.23081e+07 1.35477e+07 1.48182e+07 1.6089e+07 1.72808e+07 1.84371e+07 1.96006e+07 2.06411e+07 2.18076e+07 2.33971e+07 2.58633e+07 2.96964e+07 3.61556e+07 4.71158e+07 6.38684e+07 8.94961e+07 1.28173e+08 1.82276e+08 2.48899e+08 3.2919e+08 4.18366e+08 
cMat: 
-61449.2 225.814 265.344 309.079 360.308 420.625 491.685 575.474 674.664 792.928 933.77 1101.95 1305.44 1551.73 1850.53 2216.67 2671.83 3236.35 3940.59 4843.93 5999.99 7487.35 9438.28 12049.9 15533.8 20225.7 26784.7 35881.8 48593.5 66726.5 92921.1 130663 185489 266715 385091 556670 800209 1.14364e+06 1.63627e+06 2.34949e+06 
956.047 -72436.3 254.582 296.545 345.699 403.574 471.759 552.159 647.34 760.827 895.984 1057.38 1252.67 1489.05 1775.84 2127.29 2564.21 3106.17 3782.3 4649.68 5759.85 7188.33 9062.29 11571.3 14918.8 19427.7 25732.2 34478 46701.3 64140.9 89338.5 125650 178408 256580 370520 535688 770137 1.10075e+06 1.57499e+06 2.26158e+06 
592.208 134.203 -83787.8 281.738 328.44 383.43 448.217 524.613 615.056 722.898 851.337 1004.72 1190.32 1414.99 1687.58 2021.65 2437.02 2952.27 3595.17 4420.01 5475.88 6834.68 8617.52 11005 14190.9 18483.1 24486.1 32815.4 44459.3 61076.3 85090.8 119705 170007 244551 353221 510771 734420 1.04979e+06 1.50218e+06 2.15713e+06 
362.427 82.1323 148.024 -97133.4 311.236 363.35 424.75 497.154 582.874 685.09 806.832 952.221 1128.17 1341.16 1599.6 1916.36 2310.24 2798.9 3408.67 4191.13 5192.9 6482.28 8174.37 10440.8 13465.8 17542.2 23244.9 31159.6 42226.9 58025.4 80862.8 113788 161648 232585 336015 485990 698902 999125 1.42978e+06 2.05328e+06 
223.513 50.6522 91.2893 164.652 -112840 343.932 405.671 474.832 556.716 654.361 770.665 909.567 1077.68 1281.19 1528.16 1830.88 2207.35 2674.46 3257.42 4005.61 4963.65 6196.98 7815.84 9984.72 12880.3 16783.2 22244.8 29827.3 40433.2 55577.7 77476 109056 154973 223043 322314 466283 670684 958897 1.37233e+06 1.9709e+06 
140.775 31.9025 57.4978 103.706 185.556 -131310 395.363 462.777 542.596 637.784 751.169 886.592 1050.51 1248.96 1489.81 1785.06 2152.3 2608.01 3176.84 3907.03 4842.22 6046.4 7627.4 9746.17 12575.7 16390.7 21731.4 29148.5 39527 54352.4 75796.5 106732 151726 218444 315768 456942 657393 940026 1.34546e+06 1.93245e+06 
91.5635 20.7504 37.3989 67.4556 121.782 219.989 -153080 465.624 545.951 641.751 755.872 892.184 1057.19 1256.99 1499.49 1796.82 2166.69 2625.75 3198.85 3934.7 4877.37 6091.47 7685.98 9823.57 12679.2 16530.9 21925.1 29419.7 39911.1 54904.2 76599.8 107910 153467 221037 319632 462686 665827 952240 1.3631e+06 1.95796e+06 
61.8939 14.0268 25.2811 45.5998 82.3254 148.718 268.92 -178807 565.006 671.189 790.582 933.202 1105.87 1314.96 1568.78 1880.01 2267.27 2747.99 3348.25 4119.18 5107.06 6379.75 8051.75 10294.1 13290.8 17334.5 23000.3 30876.1 41906.2 57677.1 80508.5 113473 161456 232648 336562 487373 701557 1.00352e+06 1.4367e+06 2.06388e+06 
43.4664 9.85077 17.7548 32.0251 57.8191 104.451 188.879 338.452 -209284 729.104 858.844 1013.84 1201.51 1428.81 1704.76 2043.2 2464.39 2987.35 3640.5 4479.62 5555.2 6941.34 8763.09 11207.4 14475.4 18887.2 25072.4 33674.8 45729.3 62974.7 87953.9 124038 176588 254584 368472 533812 768663 1.09975e+06 1.5747e+06 2.26238e+06 
31.5193 7.14333 12.8752 23.2241 41.9307 75.7508 136.985 248.065 449.848 -245394 961.98 1135.67 1346.01 1600.8 1910.19 2289.72 2762.16 3348.91 4081.92 5023.99 6231.99 7789.39 9837.17 12586.2 16263.6 21231.1 28200 37898.6 51498.5 70968.2 99187.6 139978 199416 287675 416607 603861 869884 1.24489e+06 1.78286e+06 2.56178e+06 
23.3604 5.29434 9.54281 17.2136 31.0797 56.1498 101.544 183.893 333.494 605.429 -288451 1300.33 1541.32 1833.29 2187.9 2622.99 3164.76 3837.8 4678.88 5760.3 7147.56 8936.87 11290.8 14452.8 18685.3 24406.3 32438.4 43625.2 59324 81816.3 114440 161631 230443 332672 482090 699191 1.00768e+06 1.44251e+06 2.06631e+06 2.96953e+06 
17.5495 3.97747 7.1694 12.9328 23.3513 42.189 76.2999 138.184 250.615 455.003 827.786 -340042 1776.46 2129.2 2541.41 3047.32 3677.47 4460.55 5439.51 6698.78 8314.98 10400.6 13146.1 16836.5 21779.7 28466.3 37862.5 50960.1 69356.5 95737.2 134034 189473 270377 390638 566514 822186 1.18556e+06 1.69771e+06 2.43247e+06 3.49633e+06 
13.3091 3.01649 5.4374 9.80879 17.7114 32.0008 57.8776 104.827 190.131 345.222 628.123 1137.22 -401821 2490.45 2973.12 3565.69 4304.08 5222.02 6370.06 7847.69 9745.22 12195.4 15423.1 19765.4 25586.6 33468 44554.9 60025.3 81777.7 113005 158384 224141 320192 463069 672170 976324 1.40873e+06 2.0181e+06 2.89235e+06 4.15822e+06 
10.1487 2.30025 4.14648 7.48034 13.5076 24.4068 44.1457 79.9617 145.044 263.383 479.274 874.388 1597.63 -476389 3495.09 4192.67 5062.32 6143.93 7497.31 9240.4 11480.3 14374.7 18190.7 23329.3 30225 39570.9 52734.1 71124.2 97013.8 134228 188372 266920 381783 552780 803245 1.16783e+06 1.68631e+06 2.41687e+06 3.46505e+06 4.98278e+06 
7.76668 1.76042 3.1735 5.72533 10.339 18.6827 33.7947 61.2179 111.055 201.685 367.051 669.746 1223.94 2242.88 -567067 4895.2 5979.08 7259.16 8861.78 10927.4 13583.8 17019.2 21552.6 27664.2 35874.5 47015.5 62729.2 84712.8 115705 160320 225319 319740 457989 663993 966022 1.40602e+06 2.03198e+06 2.91386e+06 4.17918e+06 6.01134e+06 
5.96701 1.35255 2.43836 4.39929 7.9449 14.3576 25.9732 47.0539 85.3694 155.059 282.237 515.074 941.472 1725.66 3139.7 -677960 7084.12 8604.35 10508.9 12965.7 16128 20221.4 25629.3 32929 42748.2 56090.8 74941 101355 138656 192444 270933 385128 552579 802370 1.16901e+06 1.70362e+06 2.46455e+06 3.53638e+06 5.07429e+06 7.30119e+06 
4.6082 1.0446 1.88329 3.39805 6.13715 11.0916 20.0671 36.3583 65.9731 119.848 218.185 398.261 728.133 1335 2457.07 4538.92 -813666 10217 12485.5 15414.9 19189.4 24080.8 30551.4 39299.2 51084.8 67126.4 89835.2 121719 166835 232030 327354 466305 670431 975337 1.42348e+06 2.07771e+06 3.0094e+06 4.32147e+06 6.20418e+06 8.93035e+06 
3.57115 0.809558 1.45963 2.63383 4.7573 8.59868 15.5586 28.1932 51.1649 92.9634 169.276 309.055 565.195 1036.59 1908.53 3527.06 6536.63 -982226 14894.9 18403.8 22930.3 28803.8 36585.2 47123.9 61347.6 80745.2 108268 146999 201931 281506 398121 568482 819282 1.19449e+06 1.74683e+06 2.55425e+06 3.70482e+06 5.32476e+06 7.64934e+06 1.10153e+07 
2.77645 0.629442 1.13496 2.04815 3.69976 6.68795 12.1028 21.9343 39.8128 72.3518 131.774 240.648 440.229 807.682 1487.68 2750.59 5100.46 9510.74 -1.19393e+06 21955.1 27542.1 34635.4 44049.1 56824 74100.8 97713.5 131306 178699 246098 344003 487860 698551 1.00948e+06 1.47547e+06 2.1627e+06 3.16883e+06 4.60365e+06 6.62322e+06 9.5214e+06 1.37179e+07 
2.1735 0.492785 0.88863 1.60377 2.89736 5.23817 9.48066 17.1851 31.1988 56.7112 103.316 188.736 345.392 633.958 1168.26 2161.24 4010.33 7483.73 13982 -1.45845e+06 33109.7 41693.5 53109.1 68638.8 89693.7 118548 159730 218020 301192 422433 601173 863790 1.25254e+06 1.83648e+06 2.6996e+06 3.96568e+06 5.77292e+06 8.31581e+06 1.19651e+07 1.7249e+07 
1.70847 0.387382 0.698627 1.261 2.27839 4.11975 7.45772 13.5209 24.5522 44.6416 81.3531 148.666 272.179 499.824 921.591 1706.01 3168.07 5917.18 11130.8 21011.1 -1.79501e+06 50382.6 64293.7 83272.2 109077 144552 195379 267592 371036 522457 746577 1.07712e+06 1.56823e+06 2.3079e+06 3.40415e+06 5.01586e+06 7.31908e+06 1.05586e+07 1.52078e+07 2.19389e+07 
1.34636 0.305305 0.550665 0.994057 1.79633 3.24864 5.88195 10.6663 19.3736 35.2367 64.2363 117.433 215.099 395.222 729.177 1350.8 2510.62 4693.88 8839.49 16708.6 31817 -2.22905e+06 77351.9 101583 133427 177359 240581 330797 460619 651570 935518 1.35616e+06 1.98382e+06 2.93218e+06 4.3421e+06 6.42047e+06 9.39461e+06 1.35759e+07 1.9577e+07 2.82643e+07 
1.06452 0.241419 0.435492 0.786259 1.42105 2.57045 4.65507 8.44366 15.341 27.9119 50.9037 93.1011 170.625 313.703 579.192 1073.85 1997.88 3739.52 7051.35 13349.6 25466.8 48517.6 -2.79339e+06 124207 163665 218332 297414 410849 574974 817792 1.18091e+06 1.72175e+06 2.533e+06 3.76353e+06 5.59988e+06 8.31553e+06 1.22081e+07 1.7678e+07 2.55286e+07 3.68912e+07 
0.844288 0.191496 0.345487 0.623862 1.12775 2.04038 3.69607 6.70614 12.1883 22.1849 40.478 74.0719 135.837 249.929 461.832 857.093 1596.49 2992.24 5650.81 10718 20490.4 39581.6 77159.7 -3.52341e+06 200175 268188 367207 510158 718392 1.02873e+06 1.49618e+06 2.19723e+06 3.25585e+06 4.8697e+06 7.28964e+06 1.08829e+07 1.60447e+07 2.32937e+07 3.36979e+07 4.87515e+07 
0.66681 0.151262 0.272942 0.492954 0.891294 1.61297 2.92267 5.30461 9.64467 17.563 32.0616 58.7046 107.732 198.38 366.92 681.688 1271.43 2386.55 4514.61 8580.72 16443.9 31851.7 62290 122639 -4.49167e+06 329501 453818 634636 900117 1.29921e+06 1.90555e+06 2.82242e+06 4.21818e+06 6.35908e+06 9.58781e+06 1.44055e+07 2.13445e+07 3.10835e+07 4.5061e+07 6.52756e+07 
0.521273 0.118265 0.213439 0.385564 0.697282 1.26221 2.28782 4.15385 7.55552 13.7655 25.1434 46.067 84.6057 155.936 288.711 537.029 1003.07 1885.94 3574.29 6809.14 13083.7 25420.4 49890.5 98649.7 197831 -5.79692e+06 557611 788658 1.12782e+06 1.64285e+06 2.43331e+06 3.64031e+06 5.49546e+06 8.36217e+06 1.27151e+07 1.92483e+07 2.86881e+07 4.19293e+07 6.09323e+07 8.83984e+07 
0.402366 0.0913027 0.164812 0.29779 0.538685 0.975421 1.76864 3.21252 5.84608 10.6571 19.4784 35.714 65.6503 121.125 224.525 418.212 782.452 1473.95 2799.56 5347.6 10307.6 20098.4 39612.6 78729.9 158815 325015 -7.5016e+06 956667 1.38229e+06 2.03715e+06 3.05599e+06 4.63224e+06 7.08678e+06 1.09193e+07 1.67931e+07 2.56787e+07 3.85745e+07 5.66534e+07 8.25963e+07 1.20054e+08 
0.300905 0.0682919 0.123301 0.222842 0.403218 0.730369 1.32483 2.40744 4.38323 7.99531 14.6236 26.8337 49.3739 91.1969 169.264 315.75 591.821 1117.16 2126.91 4074.64 7880.84 15427 30547.5 61059.6 123981 256615 534050 -9.78985e+06 1.65091e+06 2.46658e+06 3.757e+06 5.78609e+06 8.99799e+06 1.40816e+07 2.19654e+07 3.40123e+07 5.15972e+07 7.62418e+07 1.11601e+08 1.62579e+08 
0.2139 0.0485547 0.0876857 0.158515 0.286907 0.519871 0.943387 1.71509 3.12435 5.70274 10.4381 19.1696 35.308 65.2939 121.351 226.731 425.79 805.533 1537.49 2954.69 5735.77 11275.6 22439.7 45132.2 92300.9 192624 405039 866561 -1.29016e+07 2.84676e+06 4.46146e+06 7.00152e+06 1.11036e+07 1.77094e+07 2.81068e+07 4.41974e+07 6.78592e+07 1.01025e+08 1.48606e+08 2.17066e+08 
0.141727 0.0321781 0.0581248 0.105104 0.190294 0.344939 0.626216 1.13903 2.07612 3.79205 6.9463 12.7682 23.5429 43.5918 81.1338 151.845 285.742 541.862 1037.02 1999.63 3897.16 7696.27 15400.5 31185.3 64285 135391 288032 624731 1.37364e+06 -1.71819e+07 4.96263e+06 7.9709e+06 1.29559e+07 2.11747e+07 3.43698e+07 5.51411e+07 8.59995e+07 1.29299e+08 1.91417e+08 2.80534e+08 
0.0854972 0.0194155 0.0350796 0.0634505 0.114915 0.208381 0.378468 0.688743 1.25611 2.29589 4.20899 7.74366 14.2941 26.5009 49.3964 92.6067 174.635 331.971 637.097 1232.75 2412.44 4786.91 9633.68 19647.9 40844.6 86870.7 187178 412215 932574 2.14979e+06 -2.29999e+07 8.2245e+06 1.37958e+07 2.33003e+07 3.90028e+07 6.43467e+07 1.02591e+08 1.56424e+08 2.33688e+08 3.44049e+08 
0.0458323 0.0104101 0.0188134 0.0340382 0.0616655 0.111863 0.203258 0.370076 0.675319 1.2352 2.26624 4.17314 7.71168 14.3156 26.7226 50.1844 94.8347 180.711 347.769 675.252 1326.87 2645.44 5354.62 10999.9 23063.1 49544.6 108163 242019 557932 1.31636e+06 3.1354e+06 -3.13356e+07 1.33085e+07 2.34013e+07 4.0719e+07 6.96326e+07 1.14262e+08 1.77508e+08 2.68423e+08 3.97564e+08 
0.0215466 0.00489493 0.00884835 0.0160132 0.0290193 0.0526613 0.0957281 0.174378 0.318387 0.582743 1.07 1.97208 3.6482 6.78085 12.6758 23.845 45.1535 86.2465 166.43 324.257 639.754 1281.53 2608.76 5397.83 11414.6 24768.6 54799.3 124638 293017 708559 1.74168e+06 4.40727e+06 -4.38901e+07 2.12856e+07 3.89057e+07 6.95862e+07 1.18451e+08 1.88511e+08 2.89585e+08 4.32235e+08 
0.00884561 0.0020099 0.00363401 0.00657825 0.0119245 0.0216467 0.0393651 0.0717395 0.131053 0.240016 0.44102 0.813487 1.50638 2.80311 5.24692 9.8855 18.7548 35.9013 69.4519 135.739 268.808 540.801 1106.66 2305.03 4913.04 10760.6 24106.9 55690 133430 330631 839856 2.21259e+06 6.07724e+06 -6.19323e+07 3.17031e+07 6.05686e+07 1.09282e+08 1.81091e+08 2.85848e+08 4.32615e+08 
0.00312115 0.000709307 0.00128272 0.00232251 0.00421116 0.00764696 0.0139113 0.0253626 0.0463542 0.0849444 0.156185 0.288308 0.534364 0.99542 1.86551 3.51974 6.68929 12.8307 24.8782 48.7628 96.8956 195.712 402.408 843.239 1810.28 3998.62 9060.41 21229.2 51752.5 131152 343565 940865 2.71459e+06 7.74768e+06 -8.8468e+07 4.60453e+07 8.99118e+07 1.58195e+08 2.60575e+08 4.03838e+08 
0.00093284 0.000212028 0.000383505 0.000694521 0.00125959 0.00228792 0.00416351 0.00759361 0.0138845 0.0254567 0.0468344 0.0865117 0.160476 0.299223 0.561383 1.06054 2.0187 3.879 7.5367 14.8103 29.5188 59.8331 123.548 260.285 562.36 1251.52 2864.49 6796.57 16825.7 43504.2 117192 332661 1.00386e+06 3.06038e+06 9.52015e+06 -1.27701e+08 6.46265e+07 1.24847e+08 2.19168e+08 3.53282e+08 
0.000230301 5.23519e-05 9.4705e-05 0.000171537 0.000311159 0.000565312 0.00102901 0.0018773 0.0034337 0.00629813 0.0115925 0.0214246 0.0397675 0.0742057 0.139339 0.263496 0.502168 0.966293 1.88048 3.70276 7.39764 15.0362 31.1516 65.905 143.105 320.355 739.026 1770.78 4436.81 11652.9 32089.5 93751.1 293475 948336 3.1927e+06 1.10993e+07 -1.82098e+08 8.31955e+07 1.62449e+08 2.82106e+08 
4.57882e-05 1.04093e-05 1.88322e-05 3.41139e-05 6.1888e-05 0.000112453 0.000204726 0.000373567 0.000683423 0.00125386 0.00230856 0.00426798 0.00792523 0.0147953 0.0277966 0.0525974 0.100316 0.193202 0.376361 0.742001 1.48461 3.02272 6.27529 13.3105 28.9913 65.1355 150.992 364 918.886 2437.27 6806.6 20261 64974 218615 781458 2.98285e+06 1.15736e+07 -2.48847e+08 9.78565e+07 1.99294e+08 
7.15284e-06 1.62619e-06 2.94225e-06 5.33018e-06 9.67058e-06 1.75737e-05 3.19975e-05 5.83939e-05 0.000106845 0.000196064 0.00036106 0.000667675 0.00124017 0.00231601 0.00435286 0.00824028 0.0157248 0.0303036 0.059074 0.116568 0.233471 0.475922 0.989437 2.10242 4.5888 10.335 24.0353 58.1752 147.581 393.958 1110.25 3345.21 10897.8 37677.1 140542 571730 2.46744e+06 1.06844e+07 -3.29178e+08 1.19787e+08 
8.47644e-07 1.92719e-07 3.487e-07 6.3174e-07 1.14624e-06 2.08314e-06 3.79322e-06 6.92314e-06 1.26689e-05 2.32509e-05 4.28241e-05 7.92043e-05 0.000147148 0.000274865 0.00051674 0.000978537 0.00186804 0.00360151 0.00702424 0.0138689 0.027797 0.056708 0.118005 0.251028 0.548614 1.23744 2.88325 6.9944 17.791 47.651 134.904 408.91 1342.45 4706.1 17976.1 76059.5 353639 1.79586e+06 9.88611e+06 -4.18364e+08 
dt_FE: 1.30118e-08
dt_EA: 1.30118e-08
dt_PE: 1.30118e-08
tolC: 1e-06
dt_grow: 1.03
dt_max: 0.1
steps: 0
