t: 1.74621e-09
dt: 7.62198e-11
N: 0.00103897 0.00120019 0.00138587 0.00159974 0.00184596 0.00212875 0.0024534 0.00282595 0.00325258 0.00373935 0.00429491 0.00492803 0.00564403 0.00645315 0.00736585 0.00838828 0.00952044 0.0107747 0.0121568 0.0136353 0.0152129 0.0168804 0.0185836 0.0202231 0.0217809 0.0231932 0.0241094 0.024505 0.0242939 0.0232192 0.0358529 0.442968 0.378454 0.00746237 0.00259601 0.000931792 0.000266202 5.82715e-05 9.75527e-06 1.21394e-06 
eC: 1 1.15749 1.33977 1.55077 1.795 2.07768 2.40489 2.78363 3.22201 3.72944 4.31677 4.99661 5.78351 6.69433 7.7486 8.9689 10.3814 12.0163 13.9087 16.0991 18.6345 21.5692 24.9661 28.8979 33.4489 38.7167 44.814 51.8717 60.0407 69.4963 80.4411 93.1095 107.773 124.746 144.391 167.131 193.452 223.918 259.182 300 
dV: 1.08333 0.211322 0.327712 0.508206 0.788112 1.22218 1.89532 2.93921 4.55805 7.06849 10.9616 16.999 26.3615 40.8807 63.3966 98.3136 152.462 236.434 366.655 568.597 881.764 1367.42 2120.55 3288.49 5099.69 7908.45 12264.2 19019 29494.1 45738.6 70930.1 109996 170579 264529 410225 636165 986546 1.52991e+06 2.37254e+06 3.67926e+06 
kVec: 807535 938295 1.08301e+06 1.25035e+06 1.4437e+06 1.66656e+06 1.92336e+06 2.21918e+06 2.55961e+06 2.94995e+06 3.39817e+06 3.91256e+06 4.49919e+06 5.16879e+06 5.93263e+06 6.80169e+06 7.78065e+06 8.88838e+06 1.01413e+07 1.15281e+07 1.30722e+07 1.47903e+07 1.66859e+07 1.8717e+07 2.09358e+07 2.33895e+07 2.58915e+07 2.8581e+07 3.15722e+07 3.4949e+07 3.87236e+07 4.36513e+07 5.1824e+07 6.59632e+07 8.98507e+07 1.27323e+08 1.80638e+08 2.46883e+08 3.27017e+08 4.16202e+08 
cMat: 
-207339 959.135 1127.04 1312.8 1530.39 1786.59 2088.41 2444.3 2865.61 3367.93 3966.15 4680.48 5544.8 6590.91 7860.04 9415.19 11348.5 13746.3 16737.5 20574.4 25484.7 31802.2 40088.7 51181.6 65979.2 85907.7 113767 152406 206399 283418 394678 554984 787857 1.13286e+06 1.63566e+06 2.36443e+06 3.39885e+06 4.85758e+06 6.95e+06 9.97935e+06 
4877.33 -244899 1298.77 1512.85 1763.61 2058.86 2406.71 2816.87 3302.44 3881.41 4570.92 5394.28 6390.59 7596.5 9059.57 10852.5 13081.5 15846.3 19295.7 23720.6 29384.2 36671.7 46231.9 59031.7 76109.1 99111.7 131275 175892 238249 327219 455766 641012 910161 1.30896e+06 1.89023e+06 2.73284e+06 3.9289e+06 5.61554e+06 8.03489e+06 1.15376e+07 
3661.21 829.688 -282266 1741.79 2030.52 2370.48 2771.02 3243.32 3802.47 4469.18 5263.23 6211.46 7358.93 8747.88 10433.1 12498.5 15066.4 18251.9 22226.5 27325.9 33853.6 42254.1 53276.2 68036.3 87732.7 114268 151380 202875 274861 377593 526058 740052 1.05104e+06 1.51189e+06 2.18372e+06 3.15775e+06 4.54041e+06 6.49015e+06 9.28692e+06 1.33361e+07 
2720.38 616.485 1111.07 -325921 2336.14 2727.3 3188.18 3731.64 4375.06 5142.28 6056.09 7147.37 8468.04 10066.7 12006.6 14384.2 17340.7 21008.5 25585.5 31458.6 38977.9 48656 61356.8 78368.5 101074 131672 174476 233884 316955 435539 606956 854095 1.21333e+06 1.74578e+06 2.52213e+06 3.64784e+06 5.24596e+06 7.49944e+06 1.07319e+07 1.54119e+07 
2019.47 457.649 824.81 1487.65 -376846 3107.47 3665.29 4290.17 5029.99 5912.23 6963.06 8218.05 9736.94 11575.7 13807.1 16542.2 19943.7 24164.1 29431.2 36191.1 44847.2 55990.5 70617.1 90213.1 116375 151638 200985 269493 365319 502151 700005 985337 1.4002e+06 2.01522e+06 2.91214e+06 4.21292e+06 6.05971e+06 8.66375e+06 1.23991e+07 1.78073e+07 
1498.31 339.549 611.969 1103.78 1974.93 -436086 4207.99 4925.5 5775.04 6788.16 7994.96 9436.31 11180.9 13293.1 15856.6 18999 22907.7 27758 33812.2 41583.9 51537.5 64354 81181.1 103732 133847 174452 231295 310238 420700 578492 806729 1.13599e+06 1.61488e+06 2.32498e+06 3.36083e+06 4.86339e+06 6.99687e+06 1.0005e+07 1.43202e+07 2.05677e+07 
1110.58 251.683 453.613 818.171 1477.09 2668.26 -504983 5647.58 6621.85 7783.82 9168 10821.3 12822.7 15246.1 18187.4 21793.7 26279.9 31847.8 38798.9 47724.1 59157.8 73883.7 93223.5 119150 153786 200503 265930 356833 484083 665935 929081 1.30885e+06 1.8614e+06 2.68097e+06 3.87683e+06 5.61193e+06 8.07584e+06 1.15498e+07 1.65331e+07 2.37481e+07 
822.04 186.296 335.77 605.63 1093.4 1975.19 3571.64 -585089 7504.09 8914.35 10500.1 12394.3 14687.5 17464.5 20835.6 24969.3 30112.6 36497.2 44469.6 54708.7 67829.1 84732.2 106939 136720 176521 230227 305477 410078 556575 766034 1.06927e+06 1.50708e+06 2.14437e+06 3.0899e+06 4.47002e+06 6.47301e+06 9.31769e+06 1.33282e+07 1.90815e+07 2.74113e+07 
607.62 137.705 248.195 447.681 808.257 1460.13 2640.35 4731.24 -678389 10192.2 12005.8 14172.5 16796 19973.4 23831 28562.1 34449.9 41760.4 50890.8 62620.9 77656.5 97033.4 122500 156668 202352 264026 350489 470742 639253 880326 1.22951e+06 1.73394e+06 2.46853e+06 3.55885e+06 5.15089e+06 7.46218e+06 1.07452e+07 1.53734e+07 2.20129e+07 3.16259e+07 
448.661 101.682 183.272 330.584 596.862 1078.27 1949.92 3531.08 6403.36 -786630 13693.3 16165.7 19159.8 22786.6 27190.6 32593 39318 47670 58104.1 71514 88709.2 110878 140027 179158 231504 302214 401412 539467 733055 1.0102e+06 1.41188e+06 1.99251e+06 2.83859e+06 4.09491e+06 5.93019e+06 8.59565e+06 1.23824e+07 1.77203e+07 2.53781e+07 3.64656e+07 
330.588 74.9237 135.047 243.601 439.83 794.613 1437.01 2602.39 4719.5 8567.83 -912689 18401.8 21812.2 25944.1 30962.4 37119.7 44786.7 54311.2 66214 81517.8 101150 126472 159784 204532 264428 345390 459058 617370 839534 1.15784e+06 1.61952e+06 2.28735e+06 3.26116e+06 4.70787e+06 6.82238e+06 9.89472e+06 1.42603e+07 2.04139e+07 2.92418e+07 4.20238e+07 
242.948 55.0624 99.2501 179.036 323.265 584.046 1056.26 1912.96 3469.41 6298.87 11459.5 -1.05971e+06 24592.5 29475.7 35182.2 42185.7 50909.3 61750 75302.2 92735.1 115109 143982 181989 233077 301509 394076 524152 705469 960141 1.32534e+06 1.8555e+06 2.62299e+06 3.74298e+06 5.40783e+06 7.84258e+06 1.1382e+07 1.64124e+07 2.35024e+07 3.3674e+07 4.84017e+07 
178.253 40.4007 72.8247 131.372 237.214 428.597 775.171 1403.98 2546.48 4623.65 8412.64 15231.1 -1.23059e+06 33355.3 39819.8 47756.3 57645.7 69940 85316.1 105106 130521 163337 206566 264723 342688 448247 596736 803936 1.09527e+06 1.51351e+06 2.12128e+06 3.00198e+06 4.28843e+06 6.20201e+06 9.00256e+06 1.30762e+07 1.88675e+07 2.70289e+07 3.87381e+07 5.56923e+07 
130.398 29.5554 53.2773 96.1134 173.556 313.598 567.219 1027.41 1863.64 3384.15 6158.1 11234.8 20527.7 -1.42998e+06 44907.7 53870.8 65044.7 78942.1 96331.4 118728 147508 184698 233728 299754 388355 508438 677570 913860 1.24651e+06 1.72467e+06 2.42035e+06 3.4296e+06 4.90545e+06 7.10256e+06 1.03207e+07 1.50051e+07 2.1667e+07 3.10539e+07 4.45217e+07 6.40227e+07 
95.0042 21.5339 38.8191 70.0338 126.47 228.532 413.387 748.834 1358.45 2467.07 4489.87 8192.51 14971.5 27435.5 -1.66293e+06 59879.5 73137.8 88796.1 108400 133667 166161 208183 263637 338396 438827 575107 767321 1.03623e+06 1.41534e+06 1.96108e+06 2.75616e+06 3.91115e+06 5.60225e+06 8.12215e+06 1.18167e+07 1.71988e+07 2.48557e+07 3.56431e+07 5.11209e+07 7.35324e+07 
68.938 15.6263 28.1708 50.8259 91.789 165.876 300.073 543.623 986.288 1791.42 3260.74 5950.75 10877 19936.9 36273.5 -1.93665e+06 81844.2 99407.7 121411 149795 186330 233622 296100 380435 493878 648028 865807 1.17097e+06 1.60191e+06 2.22334e+06 3.13014e+06 4.44946e+06 6.38406e+06 9.26993e+06 1.35057e+07 1.96823e+07 2.84734e+07 4.08564e+07 5.86243e+07 8.4352e+07 
49.8455 11.2991 20.371 36.7557 66.3837 119.975 217.06 393.277 713.612 1296.36 2360.04 4307.87 7876 14440.3 26577.4 49096.1 -2.25566e+06 110515 135052 166738 207566 260475 330465 425088 552569 726086 971721 1.3166e+06 1.8046e+06 2.5098e+06 3.54089e+06 5.04389e+06 7.25185e+06 1.05499e+07 1.53974e+07 2.2474e+07 3.25518e+07 4.67441e+07 6.71088e+07 9.65969e+07 
35.8107 8.11809 14.6369 26.4115 47.7052 86.2259 156.018 282.716 513.071 932.218 1697.46 3099.14 5667.66 10394.7 19138.3 35368.7 65548 -2.63132e+06 149363 184550 229941 288838 366869 472549 615182 809696 1.08569e+06 1.47407e+06 2.02493e+06 2.82288e+06 3.99227e+06 5.70062e+06 8.21559e+06 1.19781e+07 1.75169e+07 2.56135e+07 3.71512e+07 5.33956e+07 7.6706e+07 1.10459e+08 
25.5252 5.78677 10.4343 18.8296 34.0137 61.4856 111.267 201.653 366.019 665.166 1211.46 2212.4 4047.24 7425.42 13677 25287.5 46891.1 87436.9 -3.07639e+06 201844 253208 318420 404965 522411 681245 898329 1.20716e+06 1.64287e+06 2.2625e+06 3.16259e+06 4.48514e+06 6.42213e+06 9.28065e+06 1.35647e+07 1.98828e+07 2.91326e+07 4.23236e+07 6.08906e+07 8.75349e+07 1.26115e+08 
18.0923 4.10196 7.39698 13.3498 24.1177 43.6027 78.9173 143.049 259.7 472.065 860.006 1571.04 2875.05 5277.09 9724.65 17990.2 33382.1 62294.8 116387 -3.59776e+06 275606 347058 442082 571352 746613 986793 1.3296e+06 1.8148e+06 2.50713e+06 3.51634e+06 5.00418e+06 7.19021e+06 1.04262e+07 1.52869e+07 2.24716e+07 3.30105e+07 4.80539e+07 6.9221e+07 9.95981e+07 1.43581e+08 
12.6983 2.87923 5.19258 9.37244 16.9343 30.6203 55.4299 100.495 182.485 331.801 604.661 1104.97 2022.99 3714.97 6849.77 12680 23546.8 43979.7 82729.9 156166 -4.21703e+06 374471 477866 618925 810723 1.07439e+06 1.45217e+06 1.98889e+06 2.75775e+06 3.88318e+06 5.54897e+06 8.00576e+06 1.16559e+07 1.71536e+07 2.53015e+07 3.72806e+07 5.43994e+07 7.84771e+07 1.13033e+08 1.63062e+08 
8.79923 1.99534 3.5989 6.49671 11.74 21.2316 38.4418 69.7104 126.617 230.291 419.819 767.489 1405.79 2582.99 4765.57 8828.19 16408.3 30677.1 57770.9 109200 207941 -4.95582e+06 505537 663902 872017 1.15914e+06 1.57233e+06 2.16194e+06 3.0104e+06 4.25837e+06 6.11412e+06 8.86326e+06 1.29654e+07 1.91634e+07 2.8378e+07 4.19613e+07 6.13989e+07 8.87262e+07 1.27947e+08 1.84723e+08 
6.01735 1.36465 2.46167 4.44443 8.03267 14.5298 26.3134 47.7288 86.7168 157.776 287.739 526.266 964.478 1773.24 3273.95 6070.05 11293.3 21138.1 39858.6 75460.4 143954 274252 -5.84922e+06 702097 925137 1.23415e+06 1.68117e+06 2.32237e+06 3.25011e+06 4.62267e+06 6.67525e+06 9.73242e+06 1.43181e+07 2.12738e+07 3.1654e+07 4.70046e+07 6.9008e+07 9.99271e+07 1.44304e+08 2.08532e+08 
4.05713 0.920211 1.66019 2.99789 5.41927 9.80478 17.761 32.2255 58.5694 106.607 194.512 355.944 652.749 1201 2219.28 4118.66 7671.75 14378.8 27154.3 51504 98464.1 190205 370782 -6.91405e+06 961917 1.28875e+06 1.76457e+06 2.4515e+06 3.45215e+06 4.94345e+06 7.18973e+06 1.05585e+07 1.56456e+07 2.34008e+07 3.50295e+07 5.22966e+07 7.71008e+07 1.11935e+08 1.61931e+08 2.34269e+08 
2.67746 0.607366 1.09595 1.97937 3.57884 6.47659 11.7355 21.2998 38.7265 70.5212 128.738 235.718 432.579 796.561 1473.3 2737.2 5105.21 9582.78 18127.6 34454.4 66027.4 127895 250115 492436 -8.21303e+06 1.32305e+06 1.82223e+06 2.54827e+06 3.61427e+06 5.21677e+06 7.65143e+06 1.13329e+07 1.69374e+07 2.55338e+07 3.84982e+07 5.7843e+07 8.57051e+07 1.2481e+08 1.80935e+08 2.62103e+08 
1.72166 0.390604 0.704942 1.27344 2.30297 4.16881 7.5562 13.7193 24.9543 45.4645 83.0434 152.149 279.435 515.023 953.552 1773.69 3312.94 6228.85 11805.1 22489.2 43212.8 83958.2 164778 325819 653394 -9.83076e+06 1.84167e+06 2.60477e+06 3.72496e+06 5.42598e+06 8.03672e+06 1.20232e+07 1.81503e+07 2.76185e+07 4.19954e+07 6.35729e+07 9.47506e+07 1.38484e+08 2.01247e+08 2.91961e+08 
1.08044 0.245168 0.442556 0.799632 1.44649 2.61922 4.74919 8.62633 15.698 28.6167 52.3039 95.8999 176.285 325.247 602.899 1122.99 2101.05 3957.88 7517.44 14359.5 27678.1 53968.7 106368 211407 426453 872737 -1.17888e+07 2.56886e+06 3.71176e+06 5.47018e+06 8.20601e+06 1.24386e+07 1.90296e+07 2.93208e+07 4.50932e+07 6.89529e+07 1.03581e+08 1.52127e+08 2.21789e+08 3.22371e+08 
0.653862 0.148397 0.267932 0.484231 0.876187 1.58708 2.87882 5.23132 9.52468 17.3737 31.7768 58.3092 107.289 198.169 367.808 686.12 1286.02 2427.58 4621.75 8854.12 17124.9 33522.7 66379.1 132681 269409 557620 1.16048e+06 -1.42409e+07 3.5874e+06 5.35984e+06 8.1639e+06 1.25731e+07 1.95525e+07 3.05991e+07 4.77304e+07 7.39082e+07 1.1212e+08 1.65672e+08 2.42508e+08 3.53282e+08 
0.378482 0.0859147 0.155155 0.280482 0.507664 0.919881 1.66927 3.03475 5.52835 10.0906 18.4696 33.9195 62.4754 115.534 214.724 401.188 753.409 1425.34 2720.49 5228.14 10149.1 19951.4 39705.7 79858.7 163321 340836 716692 1.53333e+06 -1.73529e+07 5.03716e+06 7.89429e+06 1.23888e+07 1.96471e+07 3.13357e+07 4.97333e+07 7.82046e+07 1.20073e+08 1.78758e+08 2.6295e+08 3.84085e+08 
0.208384 0.047312 0.085462 0.154537 0.279793 0.50717 0.920736 1.67473 3.05256 5.57553 10.2133 18.7733 34.6155 64.0939 119.292 223.26 420.132 796.709 1524.75 2940.09 5730.06 11316 22643.6 45852.3 94519.4 199067 423499 918554 2.01969e+06 -2.13946e+07 7.29664e+06 1.17198e+07 1.90494e+07 3.11335e+07 5.05346e+07 8.1075e+07 1.26447e+08 1.9011e+08 2.81444e+08 4.12474e+08 
0.106432 0.0241695 0.0436692 0.078987 0.143053 0.259404 0.47114 0.857388 1.56368 2.85806 5.23959 9.63977 17.7941 32.9899 61.4916 115.282 217.396 413.257 793.096 1534.6 3003.15 5959.03 11992.6 24458.9 50845.7 108142 233010 513149 1.16092e+06 2.67618e+06 -2.66781e+07 1.02383e+07 1.71738e+07 2.90056e+07 4.8553e+07 8.01026e+07 1.27711e+08 1.94726e+08 2.90909e+08 4.28293e+08 
0.029457 0.00669071 0.0120916 0.0218768 0.0396333 0.0718959 0.130637 0.237853 0.434037 0.793877 1.45654 2.68214 4.9564 9.20082 17.175 32.2542 60.9516 116.146 223.516 433.994 852.799 1700.26 3441.49 7069.78 14823 31843 69517.6 155549 358591 846041 2.01516e+06 -3.71981e+07 8.55357e+06 1.50404e+07 2.61706e+07 4.47539e+07 7.3438e+07 1.14087e+08 1.72519e+08 2.5552e+08 
0.0143765 0.00326603 0.00590386 0.0106845 0.0193625 0.035137 0.0638723 0.11635 0.212436 0.388822 0.713933 1.31583 2.43418 4.52436 8.45764 15.91 30.1276 57.546 111.046 216.353 426.861 855.072 1740.63 3601.57 7616.13 16526.3 36563.5 83161.8 195509 472769 1.1621e+06 2.94065e+06 -4.92323e+07 1.42023e+07 2.59589e+07 4.64298e+07 7.90337e+07 1.2578e+08 1.93219e+08 2.88398e+08 
0.00905406 0.00205726 0.00371964 0.00673327 0.0122055 0.0221568 0.0402927 0.07343 0.134141 0.245672 0.451412 0.832657 1.54187 2.86917 5.37057 10.1184 19.1968 36.7473 71.0885 138.938 275.143 553.545 1132.74 2359.35 5028.81 11014.2 24675 57002.3 136574 338423 859647 2.26473e+06 6.22045e+06 -6.23485e+07 3.24501e+07 6.19959e+07 1.11858e+08 1.85359e+08 2.92584e+08 4.4281e+08 
0.00314922 0.000715687 0.00129426 0.00234341 0.00424904 0.00771575 0.0140364 0.0255907 0.0467711 0.0857085 0.15759 0.290902 0.539171 1.00437 1.88229 3.5514 6.74947 12.9461 25.102 49.2014 97.7672 197.472 406.028 850.824 1826.56 4034.59 9141.91 21420.2 52218.1 132332 346655 949328 2.73901e+06 7.81737e+06 -8.82335e+07 4.64595e+07 9.07206e+07 1.59618e+08 2.62919e+08 4.0747e+08 
0.000935416 0.000212613 0.000384564 0.00069644 0.00126307 0.00229424 0.00417501 0.00761458 0.0139229 0.0255271 0.0469638 0.0867506 0.160919 0.300049 0.562934 1.06347 2.02428 3.88972 7.55751 14.8512 29.6003 59.9983 123.89 261.004 563.913 1254.98 2872.4 6815.34 16872.2 43624.3 117516 333580 1.00663e+06 3.06884e+06 9.54644e+06 -1.26713e+08 6.4805e+07 1.25192e+08 2.19773e+08 3.54258e+08 
0.000230466 5.23894e-05 9.47727e-05 0.00017166 0.000311382 0.000565717 0.00102975 0.00187864 0.00343616 0.00630264 0.0116008 0.02144 0.039796 0.0742587 0.139439 0.263684 0.502528 0.966984 1.88182 3.70541 7.40293 15.0469 31.1739 65.9521 143.207 320.585 739.554 1772.04 4439.98 11661.3 32112.5 93818.1 293685 949015 3.19499e+06 1.11072e+07 -1.80451e+08 8.3255e+07 1.62565e+08 2.82308e+08 
4.57952e-05 1.04109e-05 1.88351e-05 3.41192e-05 6.18975e-05 0.000112471 0.000204758 0.000373624 0.000683527 0.00125405 0.00230891 0.00426863 0.00792645 0.0147976 0.0278009 0.0526055 0.100332 0.193231 0.376419 0.742115 1.48484 3.02318 6.27625 13.3126 28.9958 65.1455 151.015 364.055 919.027 2437.64 6807.64 20264.1 64983.9 218648 781577 2.98331e+06 1.15754e+07 -2.46839e+08 9.78716e+07 1.99325e+08 
7.15303e-06 1.62623e-06 2.94232e-06 5.33031e-06 9.67083e-06 1.75742e-05 3.19983e-05 5.83955e-05 0.000106848 0.000196069 0.00036107 0.000667693 0.0012402 0.00231607 0.00435297 0.00824049 0.0157252 0.0303044 0.0590755 0.116571 0.233477 0.475934 0.989463 2.10247 4.58892 10.3352 24.0359 58.1767 147.584 393.968 1110.28 3345.3 10898.1 37678.1 140545 571745 2.4675e+06 1.06847e+07 -3.27008e+08 1.1979e+08 
8.47647e-07 1.92719e-07 3.48701e-07 6.31742e-07 1.14625e-06 2.08315e-06 3.79324e-06 6.92316e-06 1.2669e-05 2.32509e-05 4.28243e-05 7.92046e-05 0.000147149 0.000274866 0.000516742 0.000978541 0.00186804 0.00360152 0.00702426 0.0138689 0.0277971 0.0567082 0.118005 0.251029 0.548616 1.23744 2.88326 6.99442 17.7911 47.6512 134.904 408.911 1342.46 4706.12 17976.2 76059.7 353640 1.79587e+06 9.88614e+06 -4.162e+08 
dt_FE: 7.62198e-11
dt_EA: 7.62198e-11
dt_PE: 7.62198e-11
tolC: 1e-06
dt_grow: 1.03
dt_max: 0.1
steps: 0
