t: 2.34762e-07
dt: 1.26607e-09
N: 0.178512 0.202717 0.229546 0.259124 0.2915 0.326565 0.364209 0.404211 0.446146 0.489351 0.533276 0.577127 0.619677 0.660085 0.697442 0.730665 0.758661 0.781119 0.79755 0.807045 0.809649 0.805019 0.792271 0.770061 0.736999 0.690663 0.627889 0.546838 0.448017 0.337361 0.227769 0.1351 0.0694942 0.0307928 0.0116738 0.0037435 0.000997105 0.000215121 3.64256e-05 4.66212e-06 
eC: 1 1.15749 1.33977 1.55077 1.795 2.07768 2.40489 2.78363 3.22201 3.72944 4.31677 4.99661 5.78351 6.69433 7.7486 8.9689 10.3814 12.0163 13.9087 16.0991 18.6345 21.5692 24.9661 28.8979 33.4489 38.7167 44.814 51.8717 60.0407 69.4963 80.4411 93.1095 107.773 124.746 144.391 167.131 193.452 223.918 259.182 300 
dV: 1.08333 0.211322 0.327712 0.508206 0.788112 1.22218 1.89532 2.93921 4.55805 7.06849 10.9616 16.999 26.3615 40.8807 63.3966 98.3136 152.462 236.434 366.655 568.597 881.764 1367.42 2120.55 3288.49 5099.69 7908.45 12264.2 19019 29494.1 45738.6 70930.1 109996 170579 264529 410225 636165 986546 1.52991e+06 2.37254e+06 3.67926e+06 
kVec: 1.02092e+06 1.18306e+06 1.36328e+06 1.57072e+06 1.80922e+06 2.08242e+06 2.39507e+06 2.75246e+06 3.15995e+06 3.62191e+06 4.14578e+06 4.7384e+06 5.40175e+06 6.14326e+06 6.9692e+06 7.88193e+06 8.87301e+06 9.95021e+06 1.1113e+07 1.23201e+07 1.35727e+07 1.48587e+07 1.61471e+07 1.73585e+07 1.85352e+07 1.97186e+07 2.0776e+07 2.19538e+07 2.35462e+07 2.60048e+07 2.9819e+07 3.62514e+07 4.71809e+07 6.39021e+07 8.95019e+07 1.28156e+08 1.82242e+08 2.48856e+08 3.29142e+08 4.18318e+08 
cMat: 
-83770.1 788.737 926.81 1079.57 1258.51 1469.18 1717.39 2010.05 2356.51 2769.59 3261.53 3848.95 4559.72 5419.98 6463.64 7742.51 9332.32 11304.1 13764 16919.2 20957.2 26152.3 32966.6 42088.8 54257.5 70645.5 93555.3 125330 169731 233067 324561 456387 647888 931598 1.34507e+06 1.94437e+06 2.79502e+06 3.99459e+06 5.71528e+06 8.20644e+06 
3893.29 -100593 1036.73 1207.62 1407.78 1643.47 1921.13 2248.55 2636.15 3098.3 3648.7 4305.94 5101.23 6063.84 7231.72 8662.9 10442.2 12649.2 15402.6 18934.8 23455.7 29272.9 36904.2 47121.5 60753.4 79115 104789 140404 190181 261200 363811 511682 726528 1.04486e+06 1.50886e+06 2.18147e+06 3.13621e+06 4.48256e+06 6.41378e+06 9.20977e+06 
2824.71 640.124 -114943 1343.83 1566.59 1828.88 2137.91 2502.3 2933.69 3448.08 4060.7 4792.29 5677.59 6749.19 8049.41 9642.86 11624.1 14081.7 17148.2 21082.6 26118.8 32600 41103.9 52491.6 67687.8 88160.8 116794 156523 212062 291322 405866 570968 810899 1.16646e+06 1.68479e+06 2.43627e+06 3.50304e+06 5.0073e+06 7.16508e+06 1.02891e+07 
2018.69 457.471 824.481 -131735 1733.56 2023.83 2365.83 2769.11 3246.57 3815.9 4494 5303.8 6283.82 7470.15 8909.67 10674 12867.9 15589.7 18986 23344.3 28924.1 36105.8 45530.6 58154.4 75003.7 97708.9 129472 173557 235201 323198 450400 633792 900367 1.29548e+06 1.87158e+06 2.70693e+06 3.89283e+06 5.56506e+06 7.96377e+06 1.14366e+07 
1433.44 324.844 585.459 1055.95 -151309 2205.71 2601.66 3045.21 3570.34 4196.56 4942.45 5833.26 6911.38 8216.58 9800.44 11741.9 14156.3 17151.9 20890.6 25688.9 31833 39742.6 50124.8 64034.2 82604.1 107634 142661 191289 259307 356432 496871 699403 993876 1.43043e+06 2.06707e+06 2.99038e+06 4.30125e+06 6.14962e+06 8.80105e+06 1.26398e+07 
1011.17 229.152 413 744.909 1332.83 -174050 2839.85 3324.08 3897.41 4581.14 5395.57 6368.3 7545.68 8971.15 10701.1 12821.9 15459.7 18733.1 22818.9 28063.8 34781.2 43430.7 54786.8 70005.7 90329.6 117733 156094 209371 283919 390407 544439 766647 1.08983e+06 1.56906e+06 2.26813e+06 3.28217e+06 4.72199e+06 6.75211e+06 9.66428e+06 1.38806e+07 
707.831 160.411 289.112 521.465 941.432 1700.63 -200432 3599.51 4220.47 4961.05 5843.27 6897.03 8172.62 9717.15 11591.8 13890.3 16749.6 20298.3 24728.7 30417.2 37704.5 47090.1 59416.5 75941.1 98016.3 127792 169492 227429 308533 424437 592154 834202 1.18637e+06 1.70873e+06 2.47092e+06 3.57679e+06 5.14718e+06 7.36129e+06 1.05374e+07 1.5136e+07 
491.15 111.308 200.615 361.85 653.282 1180.13 2133.97 -231011 4483.53 5326.13 6273.55 7405.3 8775.44 10434.7 12448.8 14918.6 17991.6 21806.3 26569.6 32687.2 40526.4 50625.6 63893.5 81687.4 105467 137555 182516 245013 332541 457688 638864 900449 1.28121e+06 1.84615e+06 2.67074e+06 3.86748e+06 5.56711e+06 7.96332e+06 1.14008e+07 1.63776e+07 
337.631 76.5171 137.913 248.759 449.117 811.337 1467.14 2628.97 -266601 5663.4 6671.18 7875.13 9332.88 11098.4 13241.9 15870.8 19142.5 23204.6 28278.1 34796 43150.7 53917.7 68068.4 87054.5 112439 146709 194753 261573 355208 489163 683193 963481 1.37167e+06 1.97751e+06 2.86215e+06 4.14645e+06 5.97069e+06 8.54242e+06 1.22317e+07 1.75733e+07 
229.968 52.1185 93.9391 169.446 305.931 552.686 999.46 1809.91 3282.14 -307940 7018.71 8285.98 9820.64 11679.6 13937 16706.1 20153.1 24434 29782.1 36655.6 45469.3 56832.2 71773 91830.1 118661 154904 205750 276512 375739 517792 723683 1.02129e+06 1.45496e+06 2.09891e+06 3.03961e+06 4.40583e+06 6.34677e+06 9.08283e+06 1.30079e+07 1.8691e+07 
154.959 35.1196 63.3014 114.185 206.165 372.465 673.581 1219.84 2212.2 4016.06 -356239 8625.63 10224.2 12161 14513.2 17399.4 20993.2 25457.7 31037 38210.4 47412.7 59282 74896.9 95871.6 123947 161897 215177 289384 393521 542721 759131 1.07217e+06 1.52863e+06 2.20676e+06 3.19791e+06 4.63802e+06 6.68436e+06 9.56874e+06 1.37067e+07 1.96981e+07 
103.245 23.3997 42.178 76.0842 137.377 248.2 448.877 812.946 1474.39 2676.81 4869.92 -412969 10451 12526.2 14951.3 17927.5 21634.8 26241.7 32000.9 39409.3 48917.5 61187.6 77339.3 99050.2 128131 167469 222747 299801 408028 563228 788527 1.11468e+06 1.59064e+06 2.29815e+06 3.33284e+06 4.83697e+06 6.97475e+06 9.98774e+06 1.43103e+07 2.05691e+07 
68.1785 15.4525 27.8541 50.2474 90.7299 163.93 296.489 536.995 973.983 1768.46 3217.68 5825.61 -479730 12757.8 15230.3 18265.9 22048.4 26750.8 32631.8 40201.3 49921.7 62473.4 79007.8 101252 131072 171446 228241 307491 418921 578890 811351 1.1482e+06 1.64024e+06 2.37216e+06 3.44331e+06 5.0014e+06 7.21648e+06 1.03381e+07 1.48166e+07 2.13013e+07 
44.6122 10.1116 18.2274 32.8826 59.3777 107.289 194.059 351.501 637.595 1157.8 2106.83 3843.7 7023 -559017 15364 18430.5 22253.3 27007.9 32957.2 40619.6 50466 63189.3 79963.8 102553 132865 173949 231812 312653 426460 590051 828058 1.17335e+06 1.67827e+06 2.42995e+06 3.53096e+06 5.13361e+06 7.41279e+06 1.06243e+07 1.52319e+07 2.19036e+07 
28.9575 6.5636 11.8322 21.3465 38.5484 69.6574 126.001 228.247 414.06 751.97 1368.53 2497.1 4563.37 8362.42 -653903 18251.4 22292.6 27065.3 33040.6 40742.1 50646.4 63454.8 80357.5 103144 133756 175294 233882 315846 431399 597743 840087 1.19213e+06 1.70758e+06 2.47566e+06 3.60175e+06 5.24223e+06 7.5761e+06 1.08641e+07 1.55818e+07 2.24129e+07 
18.7245 4.24432 7.65158 13.805 24.9311 45.0541 81.504 147.655 267.889 486.575 885.661 1616.31 2954.34 5415.13 9852.39 -768686 22230 27000.5 32976.8 40686.5 50609.8 63455 80424.8 103331 134144 176013 235165 318052 435102 603888 850189 1.20853e+06 1.734e+06 2.51784e+06 3.66835e+06 5.34598e+06 7.73376e+06 1.10972e+07 1.59232e+07 2.29112e+07 
12.1453 2.75312 4.96356 8.95584 16.175 29.233 52.8885 95.8255 173.878 315.869 575.044 1049.65 1919.06 3518.5 6475.82 11962.7 -907758 26927.9 32906.5 40627.2 50575.3 63466.9 80520.7 103576 134638 176917 236768 320800 439707 611535 862768 1.22899e+06 1.76698e+06 2.57058e+06 3.75171e+06 5.47599e+06 7.93152e+06 1.13896e+07 1.63516e+07 2.35367e+07 
7.92368 1.79625 3.23864 5.84396 10.5555 19.0788 34.5214 62.5553 113.525 206.268 375.589 685.733 1254.06 2299.98 4234.65 7825.87 14503.5 -1.07903e+06 33049 40834.4 50877.9 63909.9 81175.5 104559 136118 179158 240226 326162 448046 624606 883352 1.26135e+06 1.81783e+06 2.65034e+06 3.87587e+06 5.66738e+06 8.22028e+06 1.18146e+07 1.69724e+07 2.44408e+07 
5.23119 1.18595 2.13842 3.85898 6.97083 12.601 22.8032 41.327 75.0125 136.32 248.279 453.412 829.449 1521.78 2802.98 5182.47 9609.93 17919.5 -1.29283e+06 41366.3 51892.8 65257.6 82994.3 107064 139616 184105 247397 336692 463680 648146 919192 1.31616e+06 1.90199e+06 2.77998e+06 4.07481e+06 5.97049e+06 8.67388e+06 1.2479e+07 1.79396e+07 2.58462e+07 
3.53926 0.802433 1.44701 2.61153 4.71796 8.52965 15.438 27.9836 50.803 92.3465 168.236 307.33 562.424 1032.32 1902.36 3519.28 6530.28 12186.2 22767.9 -1.55876e+06 53914.6 67892.3 86481 111769 146054 193039 260099 355016 490450 687875 978929 1.40656e+06 2.03959e+06 2.99046e+06 4.39594e+06 6.45758e+06 9.40041e+06 1.35412e+07 1.94836e+07 2.80876e+07 
2.45447 0.556531 1.00368 1.81161 3.27325 5.91864 10.7141 19.4247 35.2728 64.1343 116.876 213.581 391.026 718.071 1324 2450.93 4551.4 8500.9 15991 30185.5 -1.89606e+06 72382 92367.4 119633 156706 207671 280691 384436 533049 750587 1.07257e+06 1.54745e+06 2.25299e+06 3.31565e+06 4.89057e+06 7.20602e+06 1.05149e+07 1.5169e+07 2.18482e+07 3.15184e+07 
1.74514 0.395733 0.713766 1.28849 2.32838 4.21085 7.62412 13.8256 25.1119 45.6734 83.2624 152.215 278.81 512.282 945.151 1750.89 3254.24 6084.15 11457.6 21657.5 41240.8 -2.32983e+06 100263 131671 172946 229891 311839 428776 597049 844558 1.21261e+06 1.75784e+06 2.57141e+06 3.80066e+06 5.62819e+06 8.32214e+06 1.21772e+07 1.7597e+07 2.53755e+07 3.66359e+07 
1.27365 0.288846 0.521044 0.940719 1.70022 3.07541 5.56956 10.1024 18.3547 33.3952 60.9037 111.391 204.144 375.33 692.974 1284.8 2390.37 4474.15 8436.58 15972.1 30469.7 58048.8 -2.89318e+06 148608 195817 261224 355840 491560 687928 978447 1.4129e+06 2.05999e+06 3.03061e+06 4.50288e+06 6.69997e+06 9.94911e+06 1.46064e+07 2.11508e+07 3.05437e+07 4.41384e+07 
0.952145 0.21596 0.389622 0.703559 1.27182 2.30103 4.16824 7.56284 13.7453 25.019 45.649 83.5345 153.19 281.857 520.831 966.586 1800.44 3374.49 6372.7 12087.2 23108 44638.2 87016.8 -3.62116e+06 225747 302449 414118 575330 810166 1.16015e+06 1.68732e+06 2.47792e+06 3.67179e+06 5.4918e+06 8.22088e+06 1.22732e+07 1.80944e+07 2.62695e+07 3.80027e+07 5.49794e+07 
0.719854 0.163294 0.294654 0.532168 0.962195 1.74127 3.15517 5.72658 10.4119 18.9601 34.612 63.3744 116.302 214.161 396.107 735.915 1372.57 2576.4 4873.74 9263.3 17751.9 34385.5 67245 132395 -4.58599e+06 355712 489918 685120 971720 1.40256e+06 2.05714e+06 3.04694e+06 4.55373e+06 6.86493e+06 1.03505e+07 1.55515e+07 2.30424e+07 3.35561e+07 4.86455e+07 7.04682e+07 
0.545216 0.123697 0.223242 0.403273 0.729309 1.32018 2.39291 4.34465 7.90256 14.3978 26.2983 48.1829 88.4918 163.098 301.972 561.695 1049.15 1972.56 3738.46 7121.9 13684.7 26588 52182.1 103181 206918 -5.88666e+06 583224 824882 1.17962e+06 1.71831e+06 2.54508e+06 3.80751e+06 5.74788e+06 8.74626e+06 1.32992e+07 2.01324e+07 3.00058e+07 4.38552e+07 6.37311e+07 9.24587e+07 
0.411976 0.0934835 0.168748 0.304903 0.551551 0.998719 1.81089 3.28925 5.98571 10.9117 19.9437 36.567 67.2184 124.018 229.888 428.201 801.141 1509.16 2866.43 5475.33 10553.8 20578.5 40558.7 80610.3 162608 332778 -7.58596e+06 979517 1.41531e+06 2.0858e+06 3.12898e+06 4.74288e+06 7.25605e+06 1.11801e+07 1.71942e+07 2.6292e+07 3.94959e+07 5.80066e+07 8.45691e+07 1.22922e+08 
0.303748 0.0689372 0.124466 0.224947 0.407029 0.737271 1.33734 2.43019 4.42464 8.07086 14.7617 27.0873 49.8404 92.0587 170.863 318.734 597.413 1127.72 2147.01 4113.14 7955.31 15572.8 30836.1 61636.6 125153 259040 539096 -9.86864e+06 1.66651e+06 2.48989e+06 3.7925e+06 5.84076e+06 9.08302e+06 1.42146e+07 2.21729e+07 3.43337e+07 5.20848e+07 7.69623e+07 1.12656e+08 1.64116e+08 
0.214118 0.0486043 0.0877751 0.158676 0.287199 0.520401 0.944349 1.71684 3.12754 5.70855 10.4488 19.1892 35.344 65.3604 121.475 226.963 426.224 806.354 1539.06 2957.7 5741.62 11287.1 22462.6 45178.2 92395 192820 405452 867444 -1.2975e+07 2.84966e+06 4.46601e+06 7.00866e+06 1.11149e+07 1.77275e+07 2.81355e+07 4.42425e+07 6.79284e+07 1.01128e+08 1.48758e+08 2.17287e+08 
0.141366 0.0320961 0.0579766 0.104837 0.189809 0.34406 0.624619 1.13613 2.07083 3.78239 6.92859 12.7357 23.4829 43.4807 80.927 151.458 285.014 540.481 1034.38 1994.53 3887.22 7676.66 15361.2 31105.8 64121.1 135045 287298 623139 1.37014e+06 -1.72491e+07 4.94998e+06 7.95058e+06 1.29229e+07 2.11207e+07 3.42822e+07 5.50006e+07 8.57803e+07 1.28969e+08 1.90929e+08 2.79819e+08 
0.0852463 0.0193585 0.0349767 0.0632644 0.114578 0.207769 0.377358 0.686722 1.25242 2.28916 4.19664 7.72094 14.2521 26.4232 49.2515 92.3351 174.123 330.997 635.228 1229.13 2405.36 4772.87 9605.42 19590.3 40724.7 86615.8 186629 411005 929839 2.14348e+06 -2.30581e+07 8.20037e+06 1.37553e+07 2.32319e+07 3.88883e+07 6.4158e+07 1.0229e+08 1.55966e+08 2.33003e+08 3.4304e+08 
0.0457378 0.0103886 0.0187746 0.033968 0.0615383 0.111632 0.202839 0.369312 0.673926 1.23265 2.26156 4.16454 7.69577 14.2861 26.6674 50.0809 94.6391 180.338 347.052 673.859 1324.13 2639.98 5343.57 10977.2 23015.5 49442.4 107939 241520 556781 1.31364e+06 3.12893e+06 -3.138e+07 1.32811e+07 2.33531e+07 4.0635e+07 6.9489e+07 1.14027e+08 1.77142e+08 2.6787e+08 3.96744e+08 
0.0215227 0.00488952 0.00883856 0.0159955 0.0289872 0.052603 0.0956221 0.174185 0.318035 0.582099 1.06882 1.9699 3.64416 6.77335 12.6618 23.8187 45.1035 86.1511 166.245 323.899 639.046 1280.11 2605.87 5391.85 11402 24741.2 54738.6 124500 292693 707775 1.73975e+06 4.4024e+06 -4.39173e+07 2.12621e+07 3.88627e+07 6.95093e+07 1.1832e+08 1.88302e+08 2.89265e+08 4.31756e+08 
0.00884123 0.00200891 0.00363221 0.006575 0.0119186 0.021636 0.0393456 0.071704 0.130988 0.239897 0.440801 0.813085 1.50563 2.80173 5.24433 9.8806 18.7455 35.8836 69.4175 135.672 268.675 540.533 1106.11 2303.89 4910.61 10755.3 24095 55662.4 133364 330468 839440 2.2115e+06 6.07423e+06 -6.19414e+07 3.16874e+07 6.05386e+07 1.09228e+08 1.81002e+08 2.85707e+08 4.32401e+08 
0.00312056 0.000709174 0.00128248 0.00232208 0.00421037 0.00764553 0.0139086 0.0253578 0.0463455 0.0849285 0.156156 0.288254 0.534264 0.995233 1.86516 3.51908 6.68804 12.8283 24.8736 48.7536 96.8774 195.675 402.333 843.08 1809.94 3997.86 9058.71 21225.2 51742.8 131127 343500 940688 2.71408e+06 7.74622e+06 -8.84598e+07 4.60367e+07 8.98949e+07 1.58166e+08 2.60526e+08 4.03762e+08 
0.000932784 0.000212015 0.000383481 0.00069448 0.00125952 0.00228778 0.00416326 0.00759315 0.0138837 0.0254552 0.0468316 0.0865064 0.160467 0.299205 0.561349 1.06047 2.01858 3.87877 7.53624 14.8094 29.517 59.8295 123.541 260.269 562.326 1251.45 2864.32 6796.16 16824.7 43501.6 117185 332641 1.0038e+06 3.0602e+06 9.51957e+06 -1.27677e+08 6.46226e+07 1.24839e+08 2.19155e+08 3.53261e+08 
0.000230298 5.23511e-05 9.47034e-05 0.000171534 0.000311154 0.000565303 0.00102899 0.00187727 0.00343365 0.00629803 0.0115923 0.0214243 0.0397669 0.0742045 0.139337 0.263491 0.50216 0.966277 1.88045 3.7027 7.39752 15.0359 31.1511 65.9039 143.103 320.35 739.014 1770.75 4436.74 11652.8 32089 93749.6 293471 948321 3.19265e+06 1.10991e+07 -1.82061e+08 8.31941e+07 1.62446e+08 2.82102e+08 
4.57881e-05 1.04093e-05 1.88322e-05 3.41138e-05 6.18878e-05 0.000112453 0.000204726 0.000373566 0.00068342 0.00125386 0.00230855 0.00426796 0.00792521 0.0147953 0.0277965 0.0525973 0.100316 0.193201 0.37636 0.741999 1.4846 3.02271 6.27527 13.3105 28.9912 65.1353 150.992 363.998 918.883 2437.26 6806.57 20260.9 64973.8 218614 781455 2.98284e+06 1.15736e+07 -2.48802e+08 9.78562e+07 1.99294e+08 
7.15284e-06 1.62619e-06 2.94224e-06 5.33017e-06 9.67057e-06 1.75737e-05 3.19974e-05 5.83939e-05 0.000106845 0.000196063 0.00036106 0.000667675 0.00124017 0.00231601 0.00435286 0.00824027 0.0157248 0.0303036 0.059074 0.116568 0.233471 0.475921 0.989436 2.10242 4.5888 10.3349 24.0353 58.1751 147.581 393.957 1110.25 3345.21 10897.8 37677.1 140542 571730 2.46744e+06 1.06844e+07 -3.2913e+08 1.19786e+08 
8.47644e-07 1.92719e-07 3.487e-07 6.3174e-07 1.14624e-06 2.08314e-06 3.79322e-06 6.92314e-06 1.26689e-05 2.32509e-05 4.28241e-05 7.92043e-05 0.000147148 0.000274865 0.00051674 0.000978537 0.00186804 0.00360151 0.00702424 0.0138689 0.027797 0.056708 0.118005 0.251028 0.548614 1.23744 2.88325 6.9944 17.791 47.651 134.904 408.91 1342.45 4706.1 17976.1 76059.5 353639 1.79586e+06 9.88611e+06 -4.18316e+08 
dt_FE: 1.26607e-09
dt_EA: 1.26607e-09
dt_PE: 1.26607e-09
tolC: 1e-06
dt_grow: 1.03
dt_max: 0.1
steps: 0
