t: 2.62794e-07
dt: 2.39045e-09
N: 0.199456 0.226046 0.255382 0.287551 0.322545 0.360177 0.400247 0.442432 0.486184 0.530711 0.575352 0.619211 0.660993 0.699843 0.734888 0.765148 0.789716 0.808447 0.821051 0.826895 0.82612 0.818451 0.803066 0.778645 0.74363 0.695503 0.63114 0.548588 0.448453 0.336924 0.227049 0.134505 0.0691497 0.0306324 0.0116117 0.00372343 0.000991735 0.000213958 3.62282e-05 4.63682e-06 
eC: 1 1.15749 1.33977 1.55077 1.795 2.07768 2.40489 2.78363 3.22201 3.72944 4.31677 4.99661 5.78351 6.69433 7.7486 8.9689 10.3814 12.0163 13.9087 16.0991 18.6345 21.5692 24.9661 28.8979 33.4489 38.7167 44.814 51.8717 60.0407 69.4963 80.4411 93.1095 107.773 124.746 144.391 167.131 193.452 223.918 259.182 300 
dV: 1.08333 0.211322 0.327712 0.508206 0.788112 1.22218 1.89532 2.93921 4.55805 7.06849 10.9616 16.999 26.3615 40.8807 63.3966 98.3136 152.462 236.434 366.655 568.597 881.764 1367.42 2120.55 3288.49 5099.69 7908.45 12264.2 19019 29494.1 45738.6 70930.1 109996 170579 264529 410225 636165 986546 1.52991e+06 2.37254e+06 3.67926e+06 
kVec: 1.02321e+06 1.18566e+06 1.36624e+06 1.57408e+06 1.813e+06 2.08667e+06 2.39982e+06 2.75772e+06 3.16575e+06 3.62822e+06 4.15257e+06 4.7456e+06 5.40924e+06 6.15085e+06 6.97664e+06 7.88889e+06 8.87902e+06 9.95473e+06 1.11154e+07 1.23196e+07 1.35684e+07 1.48496e+07 1.61324e+07 1.73373e+07 1.8507e+07 1.96833e+07 2.07343e+07 2.19074e+07 2.34978e+07 2.59579e+07 2.97775e+07 3.62182e+07 4.71575e+07 6.38888e+07 8.94978e+07 1.28159e+08 1.82251e+08 2.48868e+08 3.29156e+08 4.18332e+08 
cMat: 
-80499.2 768.629 903.182 1052.05 1226.42 1431.73 1673.6 1958.81 2296.43 2698.98 3178.38 3750.82 4443.48 5281.8 6298.85 7545.12 9094.4 11015.9 13413.1 16487.8 20422.9 25485.5 32126.2 41015.7 52874.2 68844.4 91170.2 122135 165403 227125 316286 444751 631370 907848 1.31078e+06 1.8948e+06 2.72376e+06 3.89275e+06 5.56957e+06 7.99722e+06 
3779.37 -96714.4 1006.39 1172.28 1366.59 1595.38 1864.92 2182.75 2559.01 3007.64 3541.93 4179.94 4951.97 5886.4 7020.12 8409.41 10136.6 12279 14951.9 18380.7 22769.4 28416.3 35824.3 45742.7 58975.7 76800 101723 136296 184616 253557 353166 496709 705269 1.01429e+06 1.46471e+06 2.11764e+06 3.04444e+06 4.35139e+06 6.22611e+06 8.94028e+06 
2729.99 618.658 -110495 1298.77 1514.06 1767.55 2066.21 2418.39 2835.31 3332.45 3924.53 4631.58 5487.2 6522.87 7779.48 9319.49 11234.3 13609.5 16573.2 20375.6 25243 31506.8 39725.5 50731.3 65418 85204.4 112877 151274 204950 281552 392255 551821 783707 1.12734e+06 1.6283e+06 2.35458e+06 3.38556e+06 4.83939e+06 6.9248e+06 9.94405e+06 
1941.24 439.918 792.846 -126627 1667.04 1946.18 2275.05 2662.86 3122 3669.49 4321.57 5100.3 6042.71 7183.53 8567.81 10264.4 12374.1 14991.5 18257.6 22448.6 27814.3 34720.5 43783.7 55923.1 72125.8 93959.9 124504 166897 226176 310797 433118 609474 865821 1.24577e+06 1.79977e+06 2.60307e+06 3.74347e+06 5.35153e+06 7.65821e+06 1.09978e+07 
1370.63 310.61 559.805 1009.68 -145444 2109.06 2487.66 2911.77 3413.9 4012.68 4725.88 5577.66 6608.54 7856.54 9371 11227.4 13536 16400.4 19975.2 24563.2 30438.2 38001.2 47928.4 61228.4 78984.5 102918 136410 182907 247945 340814 475099 668756 950327 1.36775e+06 1.9765e+06 2.85935e+06 4.11277e+06 5.88016e+06 8.4154e+06 1.2086e+07 
960.701 217.715 392.387 707.729 1266.3 -167320 2698.11 3158.17 3702.89 4352.49 5126.27 6050.45 7169.06 8523.39 10167 12182 14688.1 17798.1 21680 26663.1 33045.2 41263 52052.3 66511.6 85821.1 111857 148303 198921 269748 370922 517265 728383 1.03544e+06 1.49075e+06 2.15492e+06 3.11835e+06 4.48631e+06 6.4151e+06 9.18192e+06 1.31878e+07 
667.709 151.319 272.725 491.907 888.069 1604.23 -192725 3395.48 3981.24 4679.85 5512.05 6506.08 7709.37 9166.35 10934.8 13103 15800.2 19147.8 23327 28693.1 35567.3 44420.9 56048.5 71636.5 92460.5 120548 159885 214538 291044 400379 558589 786916 1.11913e+06 1.61187e+06 2.33086e+06 3.37405e+06 4.85542e+06 6.94403e+06 9.94015e+06 1.4278e+07 
459.642 104.167 187.745 338.637 611.373 1104.43 1997.08 -222210 4195.9 4984.45 5871.09 6930.23 8212.48 9765.26 11650.2 13961.5 16837.4 20407.4 24865.1 30590.3 37926.5 47377.9 59794.6 76447 98701.4 128731 170807 229295 311208 428327 597880 842684 1.19902e+06 1.72771e+06 2.4994e+06 3.61937e+06 5.20997e+06 7.45246e+06 1.06694e+07 1.5327e+07 
313.224 70.9857 127.943 230.776 416.651 752.686 1361.08 2438.92 -256579 5254 6188.93 7305.84 8658.21 10296.1 12284.7 14723.5 17758.7 21527.2 26233.9 32280.6 40031.4 50020 63147.7 80761.4 104311 136103 180675 242664 329530 453802 633805 893832 1.27251e+06 1.83456e+06 2.65525e+06 3.8467e+06 5.53907e+06 7.92489e+06 1.13475e+07 1.63029e+07 
211.342 47.8971 86.3305 155.721 281.152 507.921 918.508 1663.32 3016.3 -296580 6450.23 7614.86 9025.22 10733.6 12808.2 15352.9 18520.8 22454.9 27369.9 33686.7 41786.5 52229.1 65959.8 84392.3 109050 142358 189085 254116 345306 475853 665068 938571 1.33712e+06 1.92891e+06 2.79342e+06 4.04898e+06 5.83271e+06 8.34716e+06 1.19543e+07 1.71771e+07 
140.989 31.9534 57.5947 103.891 187.579 338.886 612.856 1109.87 2012.77 3654 -343425 7848.01 9302.47 11064.6 13204.8 15830.8 19100.6 23162.6 28238.9 34765.7 43138.4 53937.6 68144.7 87228.6 112773 147302 195779 263296 358044 493794 690694 975507 1.39082e+06 2.00781e+06 2.90961e+06 4.2199e+06 6.08175e+06 8.7061e+06 1.2471e+07 1.79223e+07 
92.9701 21.071 37.9805 68.5124 123.705 223.5 404.205 732.042 1327.66 2410.42 4385.27 -398602 9410.94 11279.6 13463.3 16143.4 19481.7 23630.1 28816.2 35487.4 44049.3 55098.3 69642.6 89192.8 115380 150803 200580 269965 367422 507176 710054 1.00375e+06 1.43234e+06 2.06944e+06 3.00116e+06 4.3556e+06 6.28063e+06 8.99377e+06 1.28862e+07 1.85221e+07 
60.7719 13.7739 24.8282 44.7888 80.8734 146.122 264.28 478.659 868.175 1576.35 2868.13 5192.74 -463724 11371.8 13575.8 16281.6 19653.2 23844.7 29086.9 35834 44498.5 55686.6 70424.8 90252.2 116833 152821 203446 274087 373412 516003 723210 1.02347e+06 1.46206e+06 2.11446e+06 3.06925e+06 4.45807e+06 6.43252e+06 9.21499e+06 1.3207e+07 1.89872e+07 
39.3941 8.92887 16.0954 29.0365 52.4325 94.7401 171.361 310.387 563.017 1022.37 1860.4 3394.11 6201.54 -541313 13566.9 16274.7 19650.4 23848.9 29102.3 35868.5 44563.1 55798.3 70610.7 90557.5 117324 153602 204698 276083 376579 521034 731203 1.0361e+06 1.48197e+06 2.14573e+06 3.11796e+06 4.53315e+06 6.54574e+06 9.38158e+06 1.34503e+07 1.93417e+07 
25.3737 5.75126 10.3678 18.7046 33.7775 61.0363 110.407 199.998 362.814 658.904 1199.15 2188.05 3998.59 7327.46 -634491 15992.6 19533.6 23715.6 28951.3 35699.7 44378.2 55601.4 70412.1 90378.6 117202 153599 204936 276756 378008 523764 736115 1.04459e+06 1.49625e+06 2.16926e+06 3.15598e+06 4.59343e+06 6.63845e+06 9.51955e+06 1.36533e+07 1.9639e+07 
16.3272 3.70091 6.67194 12.0375 21.7392 39.2857 71.0689 128.751 233.591 424.278 772.268 1409.37 2576.09 4721.82 8590.97 -747545 19383.9 23543.6 28754.8 35477.3 44130.2 55330.7 70127.9 90101.7 116969 153478 205057 277332 379395 526572 741338 1.0538e+06 1.51199e+06 2.19548e+06 3.19868e+06 4.66152e+06 6.7436e+06 9.67638e+06 1.38845e+07 1.99778e+07 
10.5825 2.39886 4.32487 7.80344 14.0936 25.4714 46.083 83.495 151.504 275.224 501.05 914.585 1672.12 3065.75 5642.53 10423.4 -884939 23462.9 28672.2 35399.5 44067.4 55300.2 70159.6 90248.6 117313 154152 206302 279521 383127 532844 751750 1.07084e+06 1.53961e+06 2.23981e+06 3.26895e+06 4.77136e+06 6.91092e+06 9.92402e+06 1.42476e+07 2.05081e+07 
6.93436 1.57198 2.83428 5.1143 9.23759 16.6967 30.2112 54.7449 99.3507 180.514 328.695 600.115 1097.48 2012.82 3705.93 6848.76 12692.7 -1.05463e+06 28922.6 35736 44525.5 55930.4 71040.3 91504.1 119123 156789 210232 285438 392105 546620 773060 1.10386e+06 1.59086e+06 2.31943e+06 3.39195e+06 4.95977e+06 7.19393e+06 1.03395e+07 1.48533e+07 2.13892e+07 
4.62392 1.04828 1.89018 3.41101 6.16161 11.1382 20.1561 36.5296 66.3046 120.495 219.458 400.778 733.162 1345.12 2477.59 4580.86 8494.36 15839.3 -1.26695e+06 36564.3 45868.8 57682.1 73359.9 94635.3 123408 162733 218678 297607 409854 572906 812487 1.16337e+06 1.6812e+06 2.45727e+06 3.60178e+06 5.27741e+06 7.66697e+06 1.10304e+07 1.5857e+07 2.28459e+07 
3.17516 0.719885 1.29816 2.34287 4.23261 7.65218 13.8498 25.1048 45.5768 82.8466 150.929 275.715 504.566 926.119 1706.66 3157.25 5858.49 10932.6 20425.7 -1.53159e+06 48368.3 60908 77584.5 100271 131029 173180 233342 318494 439996 617111 878225 1.26187e+06 1.82978e+06 2.68283e+06 3.94372e+06 5.79327e+06 8.43337e+06 1.21482e+07 1.74793e+07 2.51982e+07 
2.24208 0.508375 0.916833 1.65486 2.99002 5.4065 9.78704 17.7439 32.2207 58.5848 106.763 195.1 357.191 655.937 1209.44 2238.85 4157.57 7765.33 14607.3 27573.6 -1.86778e+06 66118.9 84374.9 109281 143146 189701 256403 351171 486925 685639 979761 1.41355e+06 2.05804e+06 3.02875e+06 4.46739e+06 6.58249e+06 9.60509e+06 1.38564e+07 1.99577e+07 2.87912e+07 
1.62492 0.368472 0.664597 1.19973 2.16799 3.92078 7.09892 12.8732 23.382 42.5271 77.5266 141.73 259.603 476.992 880.042 1630.27 3030.07 5665.03 10668.4 20165.6 38399.8 -2.30076e+06 93355.9 122601 161033 214055 290357 399238 555920 786379 1.12907e+06 1.63675e+06 2.39427e+06 3.53885e+06 5.24048e+06 7.74885e+06 1.13383e+07 1.63848e+07 2.36275e+07 3.41121e+07 
1.20746 0.273835 0.493966 0.89183 1.61186 2.91559 5.28011 9.57739 17.4008 31.6597 57.7385 105.602 193.535 355.824 656.96 1218.03 2266.14 4241.63 7998.14 15142.1 28886.3 55032 -2.86357e+06 140885 185640 247648 337348 466014 652176 927597 1.33947e+06 1.95293e+06 2.87311e+06 4.26886e+06 6.35178e+06 9.43207e+06 1.38473e+07 2.00516e+07 2.89564e+07 4.18446e+07 
0.916601 0.207897 0.375077 0.677295 1.22434 2.21513 4.01263 7.28051 13.2322 24.085 43.9449 80.4161 147.471 271.335 501.388 930.502 1733.23 3248.52 6134.79 11636 22245.4 42971.8 83768.3 -3.5914e+06 217320 291158 398658 553852 779921 1.11684e+06 1.62433e+06 2.38541e+06 3.53471e+06 5.28678e+06 7.91398e+06 1.1815e+07 1.74189e+07 2.52888e+07 3.6584e+07 5.2927e+07 
0.701705 0.159177 0.287225 0.51875 0.937935 1.69737 3.07562 5.5822 10.1494 18.4821 33.7394 61.7766 113.369 208.761 386.12 717.36 1337.97 2511.44 4750.86 9029.75 17304.4 33518.5 65549.6 129057 -4.55659e+06 346744 477566 667846 947220 1.3672e+06 2.00527e+06 2.97012e+06 4.43892e+06 6.69185e+06 1.00895e+07 1.51594e+07 2.24614e+07 3.27101e+07 4.7419e+07 6.86915e+07 
0.536687 0.121762 0.21975 0.396965 0.7179 1.29953 2.35547 4.27668 7.77893 14.1725 25.8869 47.4291 87.1075 160.547 297.248 552.908 1032.73 1941.7 3679.98 7010.48 13470.6 26172.1 51365.8 101567 203681 -5.85807e+06 574100 811978 1.16117e+06 1.69143e+06 2.50526e+06 3.74795e+06 5.65796e+06 8.60944e+06 1.30911e+07 1.98174e+07 2.95364e+07 4.31691e+07 6.27341e+07 9.10123e+07 
0.408377 0.0926668 0.167274 0.302239 0.546733 0.989994 1.79507 3.26052 5.93342 10.8163 19.7694 36.2476 66.6311 122.935 227.879 424.461 794.142 1495.97 2841.39 5427.49 10461.6 20398.7 40204.4 79906.1 161188 329871 -7.55856e+06 970960 1.40294e+06 2.06758e+06 3.10165e+06 4.70145e+06 7.19266e+06 1.10825e+07 1.7044e+07 2.60623e+07 3.91509e+07 5.74998e+07 8.38303e+07 1.21848e+08 
0.302576 0.0686711 0.123986 0.224079 0.405457 0.734424 1.33218 2.4208 4.40756 8.0397 14.7048 26.9827 49.648 91.7032 170.204 317.503 595.106 1123.37 2138.72 4097.26 7924.59 15512.7 30717.1 61398.6 124669 258039 537015 -9.84258e+06 1.66007e+06 2.48027e+06 3.77786e+06 5.81821e+06 9.04795e+06 1.41598e+07 2.20873e+07 3.42011e+07 5.18837e+07 7.66651e+07 1.12221e+08 1.63482e+08 
0.213948 0.0485658 0.0877057 0.158551 0.286972 0.51999 0.943602 1.71549 3.12506 5.70404 10.4405 19.174 35.3161 65.3088 121.379 226.783 425.887 805.717 1537.84 2955.36 5737.08 11278.2 22444.8 45142.5 92322 192668 405132 866759 -1.29502e+07 2.84741e+06 4.46248e+06 7.00312e+06 1.11061e+07 1.77135e+07 2.81133e+07 4.42075e+07 6.78747e+07 1.01048e+08 1.4864e+08 2.17116e+08 
0.141459 0.0321172 0.0580148 0.104906 0.189934 0.344286 0.625031 1.13687 2.07219 3.78488 6.93315 12.744 23.4983 43.5094 80.9802 151.557 285.202 540.836 1035.06 1995.84 3889.78 7681.71 15371.3 31126.3 64163.3 135134 287487 623549 1.37104e+06 -1.72258e+07 4.95324e+06 7.95581e+06 1.29314e+07 2.11346e+07 3.43048e+07 5.50368e+07 8.58368e+07 1.29054e+08 1.91055e+08 2.80003e+08 
0.0853258 0.0193765 0.0350093 0.0633234 0.114685 0.207963 0.37771 0.687363 1.25359 2.29129 4.20055 7.72814 14.2654 26.4478 49.2975 92.4212 174.285 331.306 635.82 1230.28 2407.6 4777.32 9614.37 19608.5 40762.7 86696.6 186803 411389 930706 2.14548e+06 -2.30373e+07 8.20802e+06 1.37681e+07 2.32536e+07 3.89246e+07 6.42178e+07 1.02385e+08 1.56111e+08 2.3322e+08 3.4336e+08 
0.0457693 0.0103958 0.0187875 0.0339914 0.0615807 0.111709 0.202979 0.369567 0.67439 1.2335 2.26312 4.16741 7.70107 14.2959 26.6858 50.1154 94.7043 180.463 347.291 674.323 1325.05 2641.8 5347.25 10984.8 23031.4 49476.4 108014 241686 557165 1.31455e+06 3.13108e+06 -3.13634e+07 1.32902e+07 2.33692e+07 4.06629e+07 6.95369e+07 1.14105e+08 1.77264e+08 2.68054e+08 3.97018e+08 
0.0215307 0.00489133 0.00884183 0.0160015 0.028998 0.0526225 0.0956575 0.17425 0.318152 0.582314 1.06921 1.97063 3.64551 6.77585 12.6665 23.8275 45.1202 86.183 166.307 324.018 639.283 1280.59 2606.84 5393.85 11406.2 24750.4 54758.9 124546 292801 708037 1.7404e+06 4.40403e+06 -4.39062e+07 2.12699e+07 3.88771e+07 6.9535e+07 1.18364e+08 1.88372e+08 2.89372e+08 4.31916e+08 
0.0088427 0.00200924 0.00363281 0.00657609 0.0119206 0.0216396 0.0393521 0.0717159 0.131009 0.239937 0.440874 0.813219 1.50588 2.80219 5.24519 9.88224 18.7486 35.8895 69.429 135.694 268.72 540.623 1106.3 2304.27 4911.42 10757.1 24099 55671.6 133386 330523 839579 2.21186e+06 6.07524e+06 -6.19363e+07 3.16926e+07 6.05486e+07 1.09246e+08 1.81032e+08 2.85754e+08 4.32473e+08 
0.00312076 0.000709218 0.00128256 0.00232222 0.00421063 0.00764601 0.0139095 0.0253594 0.0463484 0.0849338 0.156166 0.288272 0.534297 0.995296 1.86528 3.5193 6.68846 12.8291 24.8751 48.7567 96.8835 195.687 402.358 843.133 1810.05 3998.12 9059.28 21226.6 51746 131136 343522 940747 2.71425e+06 7.74671e+06 -8.84603e+07 4.60396e+07 8.99005e+07 1.58175e+08 2.60543e+08 4.03787e+08 
0.000932803 0.000212019 0.000383489 0.000694493 0.00125954 0.00228783 0.00416335 0.00759331 0.013884 0.0254557 0.0468325 0.0865082 0.16047 0.299211 0.561361 1.06049 2.01862 3.87885 7.53639 14.8097 29.5176 59.8307 123.543 260.274 562.337 1251.47 2864.38 6796.3 16825.1 43502.4 117187 332648 1.00382e+06 3.06026e+06 9.51977e+06 -1.27682e+08 6.46239e+07 1.24842e+08 2.19159e+08 3.53268e+08 
0.000230299 5.23514e-05 9.4704e-05 0.000171535 0.000311156 0.000565306 0.001029 0.00187728 0.00343367 0.00629806 0.0115923 0.0214244 0.0397671 0.0742049 0.139337 0.263493 0.502163 0.966282 1.88046 3.70272 7.39756 15.036 31.1513 65.9042 143.103 320.352 739.018 1770.76 4436.76 11652.8 32089.2 93750.1 293472 948326 3.19267e+06 1.10992e+07 -1.82071e+08 8.31946e+07 1.62447e+08 2.82103e+08 
4.57881e-05 1.04093e-05 1.88322e-05 3.41139e-05 6.18878e-05 0.000112453 0.000204726 0.000373566 0.000683421 0.00125386 0.00230855 0.00426797 0.00792521 0.0147953 0.0277966 0.0525973 0.100316 0.193201 0.37636 0.742 1.48461 3.02271 6.27527 13.3105 28.9913 65.1354 150.992 363.999 918.884 2437.26 6806.58 20260.9 64973.8 218614 781456 2.98284e+06 1.15736e+07 -2.48815e+08 9.78563e+07 1.99294e+08 
7.15284e-06 1.62619e-06 2.94225e-06 5.33017e-06 9.67057e-06 1.75737e-05 3.19974e-05 5.83939e-05 0.000106845 0.000196063 0.00036106 0.000667675 0.00124017 0.00231601 0.00435286 0.00824028 0.0157248 0.0303036 0.059074 0.116568 0.233471 0.475921 0.989436 2.10242 4.5888 10.3349 24.0353 58.1751 147.581 393.958 1110.25 3345.21 10897.8 37677.1 140542 571730 2.46744e+06 1.06844e+07 -3.29144e+08 1.19786e+08 
8.47644e-07 1.92719e-07 3.487e-07 6.3174e-07 1.14624e-06 2.08314e-06 3.79322e-06 6.92314e-06 1.26689e-05 2.32509e-05 4.28241e-05 7.92043e-05 0.000147148 0.000274865 0.00051674 0.000978537 0.00186804 0.00360151 0.00702424 0.0138689 0.027797 0.056708 0.118005 0.251028 0.548614 1.23744 2.88325 6.9944 17.791 47.651 134.904 408.91 1342.45 4706.1 17976.1 76059.5 353639 1.79586e+06 9.88611e+06 -4.1833e+08 
dt_FE: 2.39045e-09
dt_EA: 2.39045e-09
dt_PE: 2.39045e-09
tolC: 1e-06
dt_grow: 1.03
dt_max: 0.1
steps: 0
