t: 2.9121e-08
dt: 1.6388e-10
N: 0.018989 0.0218914 0.0252193 0.0290333 0.033399 0.0383787 0.0440511 0.050502 0.057813 0.0660525 0.0753273 0.0857299 0.097273 0.110039 0.12409 0.139381 0.155744 0.173184 0.191552 0.210127 0.228688 0.246802 0.263455 0.277157 0.287458 0.293299 0.29109 0.280634 0.261109 0.230641 0.19313 0.245754 0.150301 0.0413825 0.016464 0.00542329 0.00145782 0.00031505 5.33506e-05 6.82637e-06 
eC: 1 1.15749 1.33977 1.55077 1.795 2.07768 2.40489 2.78363 3.22201 3.72944 4.31677 4.99661 5.78351 6.69433 7.7486 8.9689 10.3814 12.0163 13.9087 16.0991 18.6345 21.5692 24.9661 28.8979 33.4489 38.7167 44.814 51.8717 60.0407 69.4963 80.4411 93.1095 107.773 124.746 144.391 167.131 193.452 223.918 259.182 300 
dV: 1.08333 0.211322 0.327712 0.508206 0.788112 1.22218 1.89532 2.93921 4.55805 7.06849 10.9616 16.999 26.3615 40.8807 63.3966 98.3136 152.462 236.434 366.655 568.597 881.764 1367.42 2120.55 3288.49 5099.69 7908.45 12264.2 19019 29494.1 45738.6 70930.1 109996 170579 264529 410225 636165 986546 1.52991e+06 2.37254e+06 3.67926e+06 
kVec: 889752 1.03269e+06 1.19122e+06 1.37421e+06 1.58523e+06 1.82788e+06 2.10675e+06 2.42703e+06 2.79431e+06 3.2136e+06 3.69278e+06 4.2397e+06 4.85897e+06 5.56022e+06 6.35296e+06 7.24492e+06 8.23572e+06 9.33984e+06 1.05668e+07 1.18925e+07 1.33303e+07 1.48832e+07 1.65369e+07 1.82295e+07 2.00024e+07 2.18917e+07 2.37267e+07 2.56874e+07 2.79673e+07 3.08495e+07 3.46382e+07 4.0466e+07 5.03361e+07 6.59116e+07 9.05357e+07 1.28392e+08 1.81881e+08 2.48142e+08 3.28242e+08 4.17359e+08 
cMat: 
-169942 941.901 1106.79 1289.21 1502.89 1754.48 2050.89 2400.38 2814.12 3307.41 3894.88 4596.37 5445.17 6472.48 7718.81 9246.01 11144.5 13499.3 16436.8 20204.7 25026.8 31230.7 39368.4 50261.9 64793.6 84364 111723 149668 202690 278326 387587 545012 773700 1.1125e+06 1.60627e+06 2.32195e+06 3.33778e+06 4.7703e+06 6.82512e+06 9.80003e+06 
4776.29 -201350 1271.86 1481.5 1727.07 2016.21 2356.85 2758.52 3234.03 3801 4476.23 5282.54 6258.2 7439.13 8871.89 10627.7 12810.5 15518 18895.9 23229.2 28775.5 35912 45274.1 57808.8 74532.4 97058.5 128555 172248 233314 320440 446324 627732 891306 1.28184e+06 1.85107e+06 2.67623e+06 3.84751e+06 5.49921e+06 7.86844e+06 1.12986e+07 
3573.83 809.886 -231656 1700.22 1982.06 2313.91 2704.88 3165.91 3711.72 4362.52 5137.61 6063.22 7183.3 8539.1 10184.1 12200.2 14706.8 17816.3 21696 26673.7 33045.6 41245.7 52004.7 66412.5 85638.8 111541 147767 198033 268301 368581 513502 722390 1.02595e+06 1.47581e+06 2.13161e+06 3.08238e+06 4.43205e+06 6.33525e+06 9.06527e+06 1.30178e+07 
2645.63 599.545 1080.54 -267051 2271.94 2652.36 3100.57 3629.1 4254.84 5000.99 5889.68 6950.98 8235.36 9790.12 11676.7 13989 16864.2 20431.3 24882.4 30594.2 37906.9 47319.1 59670.9 76215.2 98297.2 128054 169682 227457 308246 423572 590278 830626 1.17999e+06 1.69781e+06 2.45282e+06 3.54761e+06 5.10181e+06 7.29337e+06 1.0437e+07 1.49885e+07 
1955.63 443.182 798.737 1440.62 -308304 3009.24 3549.43 4154.55 4870.99 5725.34 6742.94 7958.26 9429.14 11209.8 13370.7 16019.3 19313.3 23400.2 28500.9 35047.1 43429.5 54220.5 68384.8 87361.4 112696 146845 194631 260974 353770 486278 677877 954189 1.35594e+06 1.95152e+06 2.82009e+06 4.07975e+06 5.86815e+06 8.38988e+06 1.20072e+07 1.72444e+07 
1443.88 327.215 589.738 1063.68 1903.19 -356228 4055.12 4746.57 5565.25 6541.57 7704.52 9093.52 10774.7 12810.2 15280.5 18308.9 22075.5 26749.6 32583.9 40073.2 49665.3 62016.1 78232 99963.6 128985 168115 222892 298968 405417 557476 777423 1.09472e+06 1.55621e+06 2.24052e+06 3.23874e+06 4.68672e+06 6.74269e+06 9.64157e+06 1.38e+07 1.98206e+07 
1064.27 241.188 434.697 784.054 1415.5 2556.99 -411860 5412.07 6345.72 7459.23 8785.69 10370.1 12288 14610.3 17429 20884.9 25184 30519.7 37181 45734 56690.9 70802.8 89336.1 114182 147373 192142 254841 341953 463897 638166 890339 1.25427e+06 1.78378e+06 2.56917e+06 3.71517e+06 5.37792e+06 7.73908e+06 1.10681e+07 1.58437e+07 2.27578e+07 
782.737 177.389 319.716 576.674 1041.12 1880.76 3400.87 -476378 7145.31 8488.15 9998.04 11801.7 13985.3 16629.5 19839.4 23775.5 28672.9 34752.3 42343.4 52093 64586.1 80681 101826 130184 168081 219219 290872 390472 529964 729409 1.01815e+06 1.43503e+06 2.04184e+06 2.94217e+06 4.2563e+06 6.16353e+06 8.8722e+06 1.2691e+07 1.81692e+07 2.61007e+07 
574.36 130.167 234.61 423.175 764.014 1380.2 2495.83 4472.26 -551339 9634.28 11348.7 13396.8 15876.6 18880.1 22526.5 26998.6 32564.2 39474.5 48105.1 59193.1 73405.7 91721.9 115794 148092 191275 249573 331304 444974 604261 832139 1.16221e+06 1.63902e+06 2.33341e+06 3.36404e+06 4.86894e+06 7.05371e+06 1.0157e+07 1.45319e+07 2.08079e+07 2.98948e+07 
420.599 95.3217 171.809 309.907 559.53 1010.83 1827.95 3310.22 6002.85 -638053 12836.8 15154.6 17961.4 21361.4 25490 30554.4 36858.8 44688.4 54469.8 67041 83160.7 103943 131269 167952 217024 283311 376305 505725 687205 947012 1.32358e+06 1.86788e+06 2.66104e+06 3.83879e+06 5.55928e+06 8.05802e+06 1.16079e+07 1.6612e+07 2.37907e+07 3.41848e+07 
307.004 69.5788 125.413 226.223 408.453 737.926 1334.5 2416.74 4382.81 7956.61 -738714 17089.1 20256.2 24093.3 28753.6 34471.6 41591.6 50436.7 61490.4 75702.4 93934 117449 148385 189941 245564 320750 426309 573327 779643 1.07524e+06 1.50399e+06 2.12417e+06 3.02851e+06 4.37202e+06 6.33568e+06 9.18884e+06 1.3243e+07 1.89576e+07 2.71557e+07 3.90259e+07 
223.22 50.5912 91.1908 164.498 297.015 536.62 970.492 1757.63 3187.69 5787.39 10529 -855712 22595.6 27082.2 32325.3 38760.2 46775.4 56735.7 69187.5 85204.8 105762 132290 167211 214151 277026 362076 481589 648184 882176 1.21772e+06 1.70483e+06 2.40999e+06 3.43904e+06 4.9687e+06 7.20575e+06 1.04577e+07 1.50797e+07 2.15939e+07 3.09396e+07 4.44714e+07 
161.827 36.6778 66.114 119.266 215.355 389.102 703.74 1274.6 2311.83 4197.59 7637.42 13827.5 -991270 30281.6 36150.5 43355.6 52333.7 63495.1 77454.3 95420.9 118493 148286 187531 240329 311110 406941 541747 729854 994344 1.37404e+06 1.92581e+06 2.72535e+06 3.89325e+06 5.6305e+06 8.17298e+06 1.18712e+07 1.71289e+07 2.45382e+07 3.51684e+07 5.05603e+07 
116.803 26.474 47.7226 86.0927 155.462 280.903 508.082 920.295 1669.34 3031.33 5516.06 10063.5 18387.5 -1.14895e+06 40225.7 48254.3 58263.2 70711.6 86288 106350 132129 165441 209360 268502 347865 455429 606927 818582 1.11655e+06 1.54486e+06 2.16801e+06 3.07204e+06 4.39401e+06 6.36205e+06 9.2447e+06 1.34407e+07 1.9408e+07 2.78163e+07 3.98799e+07 5.73477e+07 
83.8326 19.0017 34.2544 61.7986 111.598 201.659 364.776 660.779 1198.71 2176.97 3961.91 7229.16 13211 24209.4 -1.33257e+06 52838.3 64537.5 78354.6 95653.1 117949 146622 183703 232636 298604 387225 507480 677092 914380 1.24891e+06 1.73048e+06 2.43207e+06 3.45124e+06 4.94348e+06 7.16707e+06 1.04271e+07 1.51764e+07 2.19329e+07 3.14519e+07 4.51096e+07 6.48857e+07 
59.8312 13.562 24.4494 44.1117 79.6636 143.963 260.433 471.81 855.999 1554.78 2829.99 5164.65 9440.14 17303.2 31481.8 -1.5479e+06 71032.5 86275.8 105372 130007 161716 202760 256985 330179 428636 562423 751433 1.01629e+06 1.3903e+06 1.92963e+06 2.71665e+06 3.86168e+06 5.54071e+06 8.04536e+06 1.17216e+07 1.70822e+07 2.4712e+07 3.54593e+07 5.08799e+07 7.3209e+07 
42.4869 9.63102 17.3636 31.3295 56.5835 102.263 185.015 335.218 608.262 1104.98 2011.63 3671.9 6713.27 12308.5 22653.8 41848.1 -1.79858e+06 94199.5 115114 142123 176923 222021 281679 362333 470994 618895 828266 1.12223e+06 1.53819e+06 2.13928e+06 3.01815e+06 4.29926e+06 6.18127e+06 8.99246e+06 1.31243e+07 1.91562e+07 2.77462e+07 3.98433e+07 5.72016e+07 8.23364e+07 
29.9314 6.78527 12.2338 22.0753 39.8731 72.0695 130.403 236.3 428.836 779.168 1418.77 2590.33 4737.15 8688.1 15996.2 29561.9 54786.4 -2.09372e+06 124841 154251 192190 241417 306637 394967 514182 676762 907445 1.23206e+06 1.69248e+06 2.35943e+06 3.33683e+06 4.76471e+06 6.86677e+06 1.00115e+07 1.4641e+07 2.14083e+07 3.10518e+07 4.46292e+07 6.41125e+07 9.23242e+07 
20.8898 4.73588 8.53939 15.4101 27.8367 50.3197 91.0606 165.032 299.549 544.37 991.458 1810.62 3312.25 6076.95 11193.2 20695.3 38375.5 71558.1 -2.44402e+06 165189 207225 260594 331423 427540 557529 735190 987935 1.34452e+06 1.85162e+06 2.58825e+06 3.67063e+06 5.25585e+06 7.59526e+06 1.11013e+07 1.6272e+07 2.38421e+07 3.46376e+07 4.98327e+07 7.16383e+07 1.03212e+08 
14.4882 3.28481 5.92345 10.6905 19.3133 34.9167 63.1964 114.553 207.965 378.026 688.686 1258.08 2302.32 4225.85 7787.42 14406.4 26732.1 49885.2 93201.8 -2.8563e+06 220703 277922 354016 457534 597882 790216 1.06473e+06 1.45328e+06 2.00769e+06 2.81586e+06 4.00731e+06 5.75787e+06 8.34921e+06 1.22417e+07 1.79951e+07 2.64345e+07 3.84812e+07 5.54317e+07 7.97574e+07 1.14979e+08 
9.94563 2.25509 4.06697 7.34075 13.2634 23.9826 43.4142 78.7101 142.927 259.875 473.587 865.442 1584.46 2909.66 5364.92 9931.3 18442.5 34446.1 64796.3 122313 -3.34973e+06 293296 374277 484759 634981 841493 1.13738e+06 1.55775e+06 2.15994e+06 3.04142e+06 4.34611e+06 6.27033e+06 9.12923e+06 1.34352e+07 1.98168e+07 2.91992e+07 4.26071e+07 6.14654e+07 8.85302e+07 1.27714e+08 
6.74135 1.52869 2.75723 4.97733 8.99437 16.2662 29.4514 53.4073 97.0054 176.433 321.636 587.996 1077.02 1978.91 3651.05 6763.55 12570.9 23502.6 44260 83661.4 159310 -3.9452e+06 387307 508636 668079 888053 1.20461e+06 1.65633e+06 2.30636e+06 3.26247e+06 4.68421e+06 6.79041e+06 9.93317e+06 1.46817e+07 2.17413e+07 3.21478e+07 4.70396e+07 6.79758e+07 9.80238e+07 1.41522e+08 
4.51597 1.02416 1.84746 3.33551 6.02845 10.9045 19.748 35.8201 65.0803 118.409 215.946 394.958 723.833 1330.81 2457.08 4555.52 8475.51 15864 29913.6 56632.4 108037 205824 -4.67628e+06 526918 694308 926220 1.2617e+06 1.74292e+06 2.43918e+06 3.46928e+06 5.00972e+06 7.3041e+06 1.07456e+07 1.59658e+07 2.37561e+07 3.52766e+07 5.179e+07 7.49945e+07 1.08299e+08 1.56501e+08 
2.9932 0.678898 1.22483 2.21173 3.99814 7.23361 13.1034 23.7748 43.2103 78.6506 143.504 262.602 481.574 886.055 1637.3 3038.59 5659.94 10608.2 20033.4 37997.8 72643.2 140326 273549 -5.56627e+06 709667 950789 1.30184e+06 1.80863e+06 2.54687e+06 3.6471e+06 5.30432e+06 7.78967e+06 1.15428e+07 1.72642e+07 2.58435e+07 3.85825e+07 5.68821e+07 8.25817e+07 1.19467e+08 1.72835e+08 
1.95028 0.44241 0.798299 1.44179 2.60685 4.71759 8.54821 15.5149 28.2087 51.3682 93.7735 171.699 315.094 580.221 1073.16 1993.8 3718.67 6980.17 13204.3 25096.8 48094.9 93159.8 182185 358694 -6.68036e+06 963722 1.32732e+06 1.85618e+06 2.63266e+06 3.79993e+06 5.57336e+06 8.25499e+06 1.23373e+07 1.8599e+07 2.80424e+07 4.21332e+07 6.24282e+07 9.09129e+07 1.31794e+08 1.90918e+08 
1.24559 0.282594 0.510013 0.921307 1.66616 3.01605 5.46677 9.92566 18.054 32.8927 60.0803 110.077 202.166 372.609 689.877 1283.23 2396.85 4506.46 8540.78 16270.5 31263.7 60742.2 119214 235724 472718 -8.11129e+06 1.33242e+06 1.8845e+06 2.69494e+06 3.92559e+06 5.81442e+06 8.69854e+06 1.31314e+07 1.99815e+07 3.03829e+07 4.59938e+07 6.85503e+07 1.0019e+08 1.45598e+08 2.11229e+08 
0.784858 0.178096 0.321483 0.580872 1.05076 1.90266 3.44993 6.26637 11.4034 20.7879 37.9948 69.664 128.058 236.267 437.96 815.768 1526.26 2875.1 5460.85 10431.1 20106 39204.1 77268.5 153571 309786 633977 -9.90669e+06 1.86608e+06 2.69631e+06 3.97367e+06 5.96104e+06 9.03568e+06 1.38235e+07 2.12993e+07 3.27568e+07 5.0089e+07 7.52438e+07 1.10509e+08 1.61113e+08 2.34178e+08 
0.482182 0.109434 0.197583 0.35709 0.646132 1.17037 2.12295 3.85777 7.02385 12.812 23.4333 42.9994 79.1186 146.137 271.235 505.97 948.356 1790.19 3408.25 6529.35 12628.6 24720.9 48950.4 97844.2 198672 411209 855782 -1.22471e+07 2.64548e+06 3.95254e+06 6.02036e+06 9.27184e+06 1.44187e+07 2.25649e+07 3.51982e+07 5.45026e+07 8.26813e+07 1.22173e+08 1.78834e+08 2.60523e+08 
0.28662 0.0650622 0.117497 0.212406 0.384448 0.696615 1.26412 2.29818 4.18655 7.64153 13.9868 25.6868 47.3119 87.4922 162.608 303.815 570.548 1079.39 2060.2 3959.21 7685.79 15109 30068.7 60476.1 123681 258111 542742 1.16117e+06 -1.53616e+07 3.81458e+06 5.97825e+06 9.38187e+06 1.48785e+07 2.37302e+07 3.76625e+07 5.92234e+07 9.09297e+07 1.35371e+08 1.99129e+08 2.90863e+08 
0.164133 0.0372652 0.0673139 0.121721 0.220378 0.399471 0.725216 1.3191 2.40434 4.39155 8.04446 14.7868 27.2648 50.4834 93.9604 175.85 330.916 627.526 1200.97 2315.75 4513.27 8913 17835.2 36115.5 74448 156795 333568 723497 1.5908e+06 -1.95956e+07 5.74718e+06 9.23104e+06 1.50042e+07 2.45222e+07 3.98034e+07 6.38585e+07 9.95954e+07 1.4974e+08 2.21678e+08 3.24884e+08 
0.0890702 0.0202268 0.0365456 0.0661022 0.119717 0.217089 0.394285 0.717526 1.3086 2.39184 4.38488 8.06728 14.8914 27.6084 51.4608 96.4769 181.933 345.844 663.722 1284.27 2513.26 4986.96 10036.3 20469 42551.5 90501.1 195001 429441 971548 2.23963e+06 -2.53152e+07 8.56821e+06 1.43723e+07 2.4274e+07 4.06327e+07 6.70359e+07 1.06878e+08 1.62962e+08 2.43454e+08 3.58427e+08 
0.0398861 0.00905952 0.0163726 0.0296222 0.0536652 0.0973502 0.176888 0.322063 0.587705 1.07494 1.97222 3.63173 6.71119 12.4583 23.2557 43.6736 82.5311 157.266 302.651 587.647 1154.73 2302.23 4659.92 9572.8 20070.9 43116.8 94129.9 210620 485548 1.14558e+06 2.72862e+06 -3.41923e+07 1.15819e+07 2.03653e+07 3.54362e+07 6.05987e+07 9.94384e+07 1.54478e+08 2.33599e+08 3.45985e+08 
0.0196537 0.0044649 0.008071 0.0146064 0.0264699 0.0480349 0.0873181 0.159059 0.290416 0.531548 0.975999 1.79883 3.32769 6.18513 11.5622 21.7502 41.1866 78.6695 151.808 295.77 583.55 1168.95 2379.57 4923.61 10411.8 22592.6 49985 113688 267275 646310 1.58867e+06 4.02008e+06 -4.61786e+07 1.94156e+07 3.54878e+07 6.34729e+07 1.08045e+08 1.7195e+08 2.64145e+08 3.94262e+08 
0.00874463 0.00198696 0.00359252 0.00650316 0.0117884 0.0213996 0.0389157 0.0709205 0.129557 0.237276 0.435985 0.804201 1.48918 2.77111 5.18703 9.77265 18.5407 35.4915 68.6591 134.19 265.74 534.627 1094.03 2278.72 4856.95 10637.8 23831.7 55054.2 131907 326857 830268 2.18733e+06 6.00787e+06 -6.29789e+07 3.13412e+07 5.98772e+07 1.08035e+08 1.79024e+08 2.82585e+08 4.27677e+08 
0.00310544 0.000705736 0.00127627 0.00231082 0.00418996 0.00760847 0.0138412 0.0252349 0.0461208 0.0845168 0.155399 0.286857 0.531674 0.99041 1.85612 3.50202 6.65562 12.7661 24.753 48.5173 96.4078 194.727 400.383 838.994 1801.17 3978.49 9014.8 21122.4 51492 130492 341836 936129 2.70093e+06 7.70868e+06 -8.899e+07 4.58135e+07 8.94592e+07 1.57399e+08 2.59264e+08 4.01805e+08 
0.000931211 0.000211657 0.000382835 0.000693309 0.00125739 0.00228392 0.00415624 0.00758035 0.0138603 0.0254123 0.0467526 0.0863606 0.160196 0.2987 0.560403 1.05869 2.01518 3.87223 7.52354 14.7845 29.4672 59.7286 123.333 259.83 561.377 1249.34 2859.49 6784.7 16796.4 43428.2 116987 332080 1.0021e+06 3.05504e+06 9.50352e+06 -1.27685e+08 6.45136e+07 1.24629e+08 2.18785e+08 3.52665e+08 
0.000230191 5.2327e-05 9.46598e-05 0.000171455 0.000311011 0.000565043 0.00102852 0.00187641 0.00343206 0.00629512 0.0115869 0.0214144 0.0397485 0.0741702 0.139272 0.26337 0.501929 0.965831 1.87958 3.70099 7.39411 15.029 31.1367 65.8735 143.037 320.202 738.673 1769.93 4434.69 11647.4 32074.2 93706.3 293335 947883 3.19118e+06 1.1094e+07 -1.81614e+08 8.31558e+07 1.62371e+08 2.81972e+08 
4.57835e-05 1.04083e-05 1.88303e-05 3.41104e-05 6.18816e-05 0.000112442 0.000204705 0.000373528 0.000683352 0.00125373 0.00230832 0.00426754 0.00792441 0.0147938 0.0277937 0.052592 0.100306 0.193182 0.376322 0.741925 1.48446 3.02241 6.27464 13.3092 28.9883 65.1288 150.977 363.962 918.791 2437.02 6805.89 20258.9 64967.3 218592 781377 2.98254e+06 1.15724e+07 -2.48064e+08 9.78464e+07 1.99274e+08 
7.15272e-06 1.62616e-06 2.94219e-06 5.33008e-06 9.67041e-06 1.75734e-05 3.19969e-05 5.83929e-05 0.000106843 0.00019606 0.000361054 0.000667663 0.00124015 0.00231597 0.00435278 0.00824013 0.0157245 0.0303031 0.059073 0.116566 0.233467 0.475913 0.989419 2.10238 4.58872 10.3348 24.0349 58.1741 147.578 393.951 1110.24 3345.15 10897.6 37676.5 140539 571720 2.46739e+06 1.06842e+07 -3.28224e+08 1.19784e+08 
8.47642e-07 1.92718e-07 3.48699e-07 6.31739e-07 1.14624e-06 2.08314e-06 3.79322e-06 6.92312e-06 1.26689e-05 2.32508e-05 4.2824e-05 7.92041e-05 0.000147148 0.000274864 0.000516739 0.000978535 0.00186803 0.0036015 0.00702422 0.0138688 0.027797 0.0567078 0.118005 0.251027 0.548613 1.23743 2.88325 6.99438 17.791 47.6509 134.903 408.909 1342.45 4706.09 17976.1 76059.3 353638 1.79586e+06 9.88609e+06 -4.17356e+08 
dt_FE: 1.6388e-10
dt_EA: 1.6388e-10
dt_PE: 1.6388e-10
tolC: 1e-06
dt_grow: 1.03
dt_max: 0.1
steps: 0
