t: 9.70468e-09
dt: 3.75953e-10
N: 0.00595054 0.00686998 0.00792754 0.00914398 0.0105421 0.0121448 0.0139806 0.0160819 0.0184811 0.0212088 0.0243098 0.0278276 0.0317841 0.0362275 0.0412041 0.0467324 0.0527933 0.0594323 0.0666517 0.0742488 0.0822019 0.0904178 0.0985661 0.106093 0.112863 0.118498 0.1213 0.121157 0.117654 0.109509 0.105919 0.357685 0.270609 0.0263126 0.0107252 0.00370895 0.00102459 0.000222077 3.743e-05 4.75698e-06 
eC: 1 1.15749 1.33977 1.55077 1.795 2.07768 2.40489 2.78363 3.22201 3.72944 4.31677 4.99661 5.78351 6.69433 7.7486 8.9689 10.3814 12.0163 13.9087 16.0991 18.6345 21.5692 24.9661 28.8979 33.4489 38.7167 44.814 51.8717 60.0407 69.4963 80.4411 93.1095 107.773 124.746 144.391 167.131 193.452 223.918 259.182 300 
dV: 1.08333 0.211322 0.327712 0.508206 0.788112 1.22218 1.89532 2.93921 4.55805 7.06849 10.9616 16.999 26.3615 40.8807 63.3966 98.3136 152.462 236.434 366.655 568.597 881.764 1367.42 2120.55 3288.49 5099.69 7908.45 12264.2 19019 29494.1 45738.6 70930.1 109996 170579 264529 410225 636165 986546 1.52991e+06 2.37254e+06 3.67926e+06 
kVec: 835202 970059 1.11942e+06 1.29202e+06 1.49131e+06 1.72082e+06 1.98504e+06 2.28907e+06 2.63852e+06 3.03858e+06 3.49717e+06 4.02245e+06 4.61998e+06 5.3001e+06 6.07349e+06 6.94999e+06 7.93255e+06 9.03849e+06 1.02818e+07 1.16467e+07 1.31531e+07 1.48127e+07 1.66225e+07 1.85333e+07 2.0593e+07 2.2844e+07 2.51059e+07 2.75323e+07 3.02671e+07 3.3474e+07 3.72862e+07 4.26244e+07 5.1549e+07 6.62853e+07 9.04214e+07 1.27977e+08 1.81291e+08 2.47486e+08 3.27568e+08 4.16705e+08 
cMat: 
-194745 954.419 1121.5 1306.35 1522.87 1777.8 2078.14 2432.28 2851.52 3351.37 3946.65 4657.46 5517.54 6558.5 7821.4 9368.9 11292.7 13678.7 16655.2 20473.2 25359.4 31645.8 39891.6 50929.9 65654.8 85485.3 113208 151657 205384 282025 392738 552255 783983 1.12729e+06 1.62762e+06 2.35281e+06 3.38214e+06 4.8337e+06 6.91583e+06 9.93028e+06 
4849.65 -230236 1291.39 1504.26 1753.6 2047.17 2393.05 2800.88 3283.7 3859.37 4544.97 5363.66 6354.32 7553.38 9008.14 10790.9 13007.2 15756.3 19186.1 23586 29217.4 36463.5 45969.4 58696.6 75677 98549 130529 174893 236897 325361 453179 637373 904994 1.30153e+06 1.8795e+06 2.71733e+06 3.9066e+06 5.58366e+06 7.98928e+06 1.14721e+07 
3637.23 824.253 -265221 1730.38 2017.22 2354.96 2752.87 3222.07 3777.56 4439.9 5228.75 6170.77 7310.73 8690.58 10364.8 12416.6 14967.7 18132.3 22080.9 27146.9 33631.8 41977.3 52927.2 67590.6 87158 113520 150389 201546 273060 375119 522611 735205 1.04415e+06 1.50199e+06 2.16942e+06 3.13706e+06 4.51067e+06 6.44764e+06 9.22608e+06 1.32487e+07 
2699.82 611.826 1102.67 -306090 2318.48 2706.69 3164.08 3703.44 4342 5103.43 6010.32 7093.36 8404.05 9990.67 11915.9 14275.5 17209.6 20849.8 25392.1 31220.9 38683.4 48288.4 60893.2 77776.4 100311 130677 173158 232117 314560 432248 602370 847641 1.20416e+06 1.73259e+06 2.50307e+06 3.62028e+06 5.20632e+06 7.44277e+06 1.06508e+07 1.52955e+07 
2001.87 453.662 817.624 1474.69 -353750 3080.4 3633.36 4252.79 4986.17 5860.72 6902.39 8146.45 9652.11 11474.9 13686.8 16398.1 19770 23953.6 29174.8 35875.8 44456.5 55502.7 70001.9 89427.2 115361 150317 199234 267145 362136 497777 693906 976752 1.388e+06 1.99766e+06 2.88677e+06 4.17622e+06 6.00692e+06 8.58827e+06 1.22911e+07 1.76522e+07 
1483.27 336.141 605.826 1092.7 1955.11 -409168 4165.75 4876.06 5717.07 6720.03 7914.71 9341.6 11068.7 13159.7 15697.4 18808.3 22677.7 27479.4 33472.8 41166.5 51020.2 63708 80366.2 102691 132504 172701 228973 307124 416477 572685 798632 1.12459e+06 1.59867e+06 2.30164e+06 3.32709e+06 4.81458e+06 6.92664e+06 9.9046e+06 1.41764e+07 2.03613e+07 
1097.74 248.774 448.371 808.717 1460.02 2637.43 -473581 5582.31 6545.34 7693.87 9062.06 10696.3 12674.5 15069.9 17977.3 21541.8 25976.2 31479.8 38350.6 47172.6 58474.2 73029.9 92146.3 117774 152009 198186 262857 352710 478489 658240 918345 1.29373e+06 1.83989e+06 2.64999e+06 3.83203e+06 5.54708e+06 7.98252e+06 1.14163e+07 1.6342e+07 2.34737e+07 
811.112 183.819 331.306 597.579 1078.86 1948.93 3524.16 -548413 7404.33 8795.85 10360.5 12229.5 14492.2 17232.4 20558.6 24637.4 29712.3 36012.1 43878.4 53981.4 66927.4 83605.8 105517 134903 174174 227166 301416 404627 549176 755851 1.05505e+06 1.48705e+06 2.11586e+06 3.04883e+06 4.4106e+06 6.38696e+06 9.19382e+06 1.31511e+07 1.88278e+07 2.70469e+07 
598.336 135.601 244.404 440.841 795.908 1437.82 2600.01 4658.96 -635499 10036.5 11822.4 13956 16539.4 19668.2 23466.9 28125.7 33923.6 41122.3 50113.3 61664.2 76470.1 95550.9 120628 154275 199260 259992 345134 463550 629486 866877 1.21073e+06 1.70744e+06 2.43082e+06 3.50447e+06 5.07219e+06 7.34817e+06 1.0581e+07 1.51385e+07 2.16766e+07 3.11427e+07 
440.794 99.8986 180.059 324.787 586.396 1059.37 1915.72 3469.16 6291.08 -736434 13453.2 15882.2 18823.8 22387.1 26713.9 32021.5 38628.6 46834.1 57085.2 70260 87153.7 108934 137572 176016 227445 296915 394373 530008 720201 992483 1.38713e+06 1.95757e+06 2.78881e+06 4.02311e+06 5.82621e+06 8.44492e+06 1.21652e+07 1.74096e+07 2.49331e+07 3.58262e+07 
323.943 73.4177 132.332 238.705 430.989 778.64 1408.13 2550.08 4624.63 8395.6 -853855 18031.9 21373.8 25422.6 30340 36373.6 43886.4 53219.5 64883 79879.2 99116.6 123929 156572 200420 259113 338447 449830 604960 822659 1.13456e+06 1.58697e+06 2.24137e+06 3.1956e+06 4.61324e+06 6.68524e+06 9.69582e+06 1.39737e+07 2.00035e+07 2.8654e+07 4.11791e+07 
237.357 53.7952 96.966 174.915 315.826 570.605 1031.95 1868.94 3389.57 6153.91 11195.8 -990641 24026.6 28797.4 34372.5 41214.9 49737.7 60328.9 73569.3 90601 112460 140669 177801 227714 294570 385007 512089 689234 938045 1.29484e+06 1.8128e+06 2.56262e+06 3.65685e+06 5.28338e+06 7.6621e+06 1.11201e+07 1.60347e+07 2.29615e+07 3.28991e+07 4.72879e+07 
173.567 39.3387 70.9103 127.918 230.978 417.329 754.793 1367.07 2479.54 4502.1 8191.48 14830.7 -1.14944e+06 32478.4 38773 46500.8 56130.3 68101.4 83073.2 102343 127089 159043 201136 257764 333680 436463 581049 782802 1.06648e+06 1.47372e+06 2.06551e+06 2.92307e+06 4.17569e+06 6.03897e+06 8.7659e+06 1.27324e+07 1.83715e+07 2.63184e+07 3.77197e+07 5.42282e+07 
126.49 28.6697 51.6807 93.2331 168.355 304.201 550.221 996.622 1807.79 3282.74 5973.55 10898.1 19912.5 -1.33451e+06 43561.9 52256.4 63095.5 76576.4 93444.6 115170 143088 179163 226724 290771 376717 493201 657265 886474 1.20916e+06 1.67299e+06 2.34782e+06 3.32683e+06 4.75844e+06 6.88971e+06 1.00114e+07 1.45555e+07 2.10177e+07 3.01233e+07 4.31875e+07 6.21041e+07 
91.7655 20.7998 37.4958 67.6464 122.159 220.742 399.294 723.307 1312.14 2382.97 4336.82 7913.23 14461.2 26500.2 -1.55043e+06 57838.2 70644.6 85769.1 104704 129111 160497 201086 254650 326860 423868 555502 741164 1.00091e+06 1.36709e+06 1.89423e+06 2.66221e+06 3.77782e+06 5.41127e+06 7.84527e+06 1.14138e+07 1.66125e+07 2.40084e+07 3.44281e+07 4.93782e+07 7.10257e+07 
66.2723 15.0221 27.0815 48.8605 88.2396 159.461 288.47 522.602 948.15 1722.15 3134.65 5720.64 10456.4 19166 34870.9 -1.80389e+06 78679.4 95563.7 116716 144003 179125 224588 284650 365724 474780 622970 832328 1.12569e+06 1.53997e+06 2.13736e+06 3.0091e+06 4.27741e+06 6.13719e+06 8.91147e+06 1.29835e+07 1.89212e+07 2.73724e+07 3.92766e+07 5.63574e+07 8.10903e+07 
47.6678 10.8055 19.481 35.1499 63.4835 114.734 207.577 376.096 682.435 1239.72 2256.93 4119.66 7531.9 13809.4 25416.3 46951.2 -2.09904e+06 105686 129151 159454 198498 249095 316028 406517 528428 694364 929267 1.25908e+06 1.72576e+06 2.40015e+06 3.38619e+06 4.82352e+06 6.93503e+06 1.0089e+07 1.47247e+07 2.14922e+07 3.11296e+07 4.47019e+07 6.41769e+07 9.23767e+07 
34.0493 7.71878 13.917 25.1124 45.3587 81.9846 148.344 268.81 487.835 886.365 1613.97 2946.7 5388.88 9883.39 18197 33629 62323.8 -2.44636e+06 142017 175472 218631 274631 348824 449306 584923 769869 1.03229e+06 1.40157e+06 1.92533e+06 2.68403e+06 3.7959e+06 5.42022e+06 7.81149e+06 1.13889e+07 1.66552e+07 2.43536e+07 3.53239e+07 5.07692e+07 7.2933e+07 1.05026e+08 
24.1171 5.46754 9.85867 17.7909 32.1373 58.0937 105.129 190.528 345.827 628.471 1144.63 2090.35 3823.97 7015.8 12922.5 23892.5 44304.3 82613.4 -2.85777e+06 190709 239239 300854 382625 493592 643664 848772 1.14056e+06 1.55224e+06 2.13769e+06 2.98812e+06 4.23771e+06 6.06785e+06 8.76868e+06 1.28164e+07 1.87859e+07 2.75255e+07 3.99888e+07 5.75315e+07 8.2706e+07 1.19158e+08 
16.9805 3.84988 6.94243 12.5295 22.6356 40.9232 74.0677 134.259 243.741 443.056 807.157 1474.5 2698.37 4952.8 9127.05 16884.7 31330.7 58466.7 109235 -3.33999e+06 258669 325731 414915 536241 700732 926153 1.24789e+06 1.70328e+06 2.35306e+06 3.30026e+06 4.69667e+06 6.74836e+06 9.78549e+06 1.43475e+07 2.10907e+07 3.09819e+07 4.51009e+07 6.49673e+07 9.34776e+07 1.34758e+08 
11.8345 2.68338 4.83936 8.73489 15.7823 28.5374 51.6593 93.6585 170.072 309.23 563.529 1029.81 1885.37 3462.26 6383.82 11817.4 21945.1 40988 77102.3 145543 -3.91357e+06 348998 445359 576823 755575 1.00131e+06 1.35338e+06 1.8536e+06 2.57015e+06 3.61904e+06 5.17151e+06 7.46118e+06 1.0863e+07 1.59868e+07 2.35804e+07 3.47446e+07 5.06989e+07 7.31388e+07 1.05344e+08 1.51969e+08 
8.14104 1.84609 3.3297 6.01076 10.8618 19.6435 35.5663 64.4961 117.146 213.065 388.417 710.08 1300.64 2389.78 4409.1 8167.85 15181 28382.4 53449.6 101032 192387 -4.5996e+06 467723 614242 806790 1.07244e+06 1.45472e+06 2.00023e+06 2.78522e+06 3.93984e+06 5.65679e+06 8.20029e+06 1.19956e+07 1.773e+07 2.62554e+07 3.88226e+07 5.68063e+07 8.20894e+07 1.18376e+08 1.70905e+08 
5.52696 1.25344 2.26105 4.08222 7.37803 13.3457 24.1689 43.8391 79.6497 144.917 264.289 483.376 885.876 1628.73 3007.14 5575.36 10372.9 19415.4 36610.3 69310.6 132222 251901 -5.43249e+06 644878 849741 1.13357e+06 1.54416e+06 2.13311e+06 2.98524e+06 4.24594e+06 6.13123e+06 8.93925e+06 1.31512e+07 1.95401e+07 2.90743e+07 4.31739e+07 6.33841e+07 9.17834e+07 1.32543e+08 1.91537e+08 
3.70155 0.839562 1.51469 2.73515 4.94432 8.94547 16.2044 29.4012 53.4362 97.2635 177.465 324.748 595.54 1095.74 2024.78 3757.69 6999.38 13118.6 24774.4 46990.1 89834.4 173535 338285 -6.43119e+06 877612 1.1758e+06 1.60992e+06 2.23665e+06 3.14959e+06 4.51019e+06 6.5596e+06 9.63313e+06 1.42744e+07 2.13499e+07 3.19594e+07 4.77132e+07 7.03435e+07 1.02125e+08 1.47739e+08 2.13737e+08 
2.42816 0.550814 0.993907 1.79507 3.24561 5.87355 10.6428 19.3165 35.1207 63.955 116.751 213.77 392.301 722.393 1336.12 2482.34 4629.87 8690.52 16439.8 31246.3 59879.6 115987 226826 446585 -7.65918e+06 1.19986e+06 1.65256e+06 2.311e+06 3.27774e+06 4.73103e+06 6.939e+06 1.02777e+07 1.53603e+07 2.31563e+07 3.49136e+07 5.24572e+07 7.77251e+07 1.13189e+08 1.64088e+08 2.37699e+08 
1.55368 0.352493 0.636163 1.14919 2.07828 3.76206 6.81896 12.3807 22.5195 41.0287 74.941 137.305 252.171 464.773 860.516 1600.64 2989.7 5621.11 10653.3 20294.9 38996.6 75766.6 148701 294030 589644 -9.20433e+06 1.66198e+06 2.35063e+06 3.36152e+06 4.89658e+06 7.25259e+06 1.08501e+07 1.63795e+07 2.49238e+07 3.7898e+07 5.73703e+07 8.5506e+07 1.24972e+08 1.81611e+08 2.63475e+08 
0.972837 0.220751 0.398481 0.719995 1.30243 2.35836 4.27621 7.76721 14.1346 25.7667 47.0948 86.349 158.729 292.855 542.855 1011.15 1891.81 3563.71 6768.76 12929.4 24921.6 48593.8 95774.9 190352 383982 785819 -1.10991e+07 2.31302e+06 3.3421e+06 4.92539e+06 7.38875e+06 1.11998e+07 1.71344e+07 2.64006e+07 4.06023e+07 6.20857e+07 9.32652e+07 1.36976e+08 1.99701e+08 2.90266e+08 
0.589077 0.133694 0.241385 0.436254 0.789375 1.42983 2.59359 4.713 8.58097 15.6523 28.6283 52.5319 96.6585 178.535 331.365 618.139 1158.6 2187.06 4163.82 7976.85 15428.2 30201.3 59802.3 119535 242716 502371 1.0455e+06 -1.35095e+07 3.23196e+06 4.82878e+06 7.35502e+06 1.13273e+07 1.76152e+07 2.75673e+07 4.30013e+07 6.65854e+07 1.01011e+08 1.49257e+08 2.1848e+08 3.18279e+08 
0.342267 0.0776939 0.140309 0.253644 0.459088 0.831862 1.50954 2.74437 4.99937 9.12512 16.7024 30.6739 56.4975 104.479 194.178 362.8 681.319 1288.96 2460.18 4727.89 9177.98 18042.4 35906.5 72217.4 147693 308223 648115 1.38661e+06 -1.66304e+07 4.55518e+06 7.13892e+06 1.12033e+07 1.77672e+07 2.83374e+07 4.49746e+07 7.07216e+07 1.08584e+08 1.61654e+08 2.3779e+08 3.47334e+08 
0.189975 0.0431324 0.0779122 0.140885 0.255076 0.462366 0.839398 1.52679 2.7829 5.08298 9.31102 17.1149 31.5576 58.4318 108.754 203.537 383.017 726.327 1390.06 2680.36 5223.86 10316.3 20643.2 41801.7 86169.5 181481 386087 837408 1.84126e+06 -2.07696e+07 6.65205e+06 1.06844e+07 1.73665e+07 2.83832e+07 4.60703e+07 7.39127e+07 1.15276e+08 1.73316e+08 2.56581e+08 3.76036e+08 
0.0986973 0.0224131 0.0404957 0.0732468 0.132657 0.240553 0.436901 0.79508 1.45004 2.65036 4.85882 8.93923 16.501 30.5925 57.0229 106.905 201.598 383.225 735.46 1423.08 2784.9 5525.97 11121.1 22681.4 47150.7 100283 216077 475858 1.07656e+06 2.4817e+06 -2.62703e+07 9.49431e+06 1.59257e+07 2.68977e+07 4.50245e+07 7.42814e+07 1.1843e+08 1.80575e+08 2.69768e+08 3.97168e+08 
0.033967 0.00771507 0.0139429 0.0252262 0.0457012 0.0829033 0.150638 0.274269 0.500489 0.915421 1.67954 3.09278 5.71524 10.6095 19.8045 37.1924 70.2834 133.928 257.737 500.439 983.364 1960.57 3968.38 8152.18 17092.4 36718.2 80160.9 179364 413492 975572 2.32369e+06 -3.60759e+07 9.86314e+06 1.73431e+07 3.01774e+07 5.16058e+07 8.46816e+07 1.31554e+08 1.98933e+08 2.94641e+08 
0.0168709 0.00383272 0.00692824 0.0125383 0.0227221 0.0412337 0.0749548 0.136538 0.249296 0.456287 0.837808 1.54414 2.85653 5.30939 9.92513 18.6706 35.3551 67.5308 130.314 253.893 500.926 1003.44 2042.65 4226.48 8937.61 19393.8 42907.7 97591.2 229431 554800 1.36373e+06 3.45088e+06 -4.79941e+07 1.66666e+07 3.04631e+07 5.44859e+07 9.27468e+07 1.47604e+08 2.26745e+08 3.38439e+08 
0.0088821 0.00201819 0.003649 0.00660539 0.0119737 0.021736 0.0395275 0.0720354 0.131593 0.241006 0.442839 0.816843 1.51259 2.81468 5.26857 9.92628 18.8322 36.0494 69.7384 136.299 269.917 543.032 1111.23 2314.54 4933.31 10805 24206.4 55919.7 133980 331995 843321 2.22172e+06 6.10231e+06 -6.28632e+07 3.18339e+07 6.08185e+07 1.09733e+08 1.81838e+08 2.87028e+08 4.344e+08 
0.00312356 0.000709854 0.00128371 0.00232431 0.00421441 0.00765287 0.013922 0.0253821 0.0463899 0.08501 0.156306 0.288531 0.534776 0.996188 1.86695 3.52246 6.69446 12.8406 24.8974 48.8004 96.9704 195.863 402.719 843.889 1811.68 4001.7 9067.4 21245.6 51792.5 131253 343830 941591 2.71668e+06 7.75366e+06 -8.87563e+07 4.60809e+07 8.99812e+07 1.58317e+08 2.60776e+08 4.04149e+08 
0.000932816 0.000212022 0.000383495 0.000694504 0.00125956 0.00228786 0.00416341 0.00759342 0.0138842 0.0254561 0.0468332 0.0865094 0.160472 0.299215 0.561369 1.06051 2.01865 3.8789 7.5365 14.8099 29.518 59.8316 123.545 260.278 562.345 1251.49 2864.42 6796.4 16825.3 43503.1 117189 332652 1.00383e+06 3.0603e+06 9.5199e+06 -1.27277e+08 6.46248e+07 1.24844e+08 2.19162e+08 3.53273e+08 
0.000230291 5.23497e-05 9.47008e-05 0.00017153 0.000311145 0.000565288 0.00102896 0.00187722 0.00343355 0.00629786 0.011592 0.0214237 0.0397658 0.0742024 0.139333 0.263484 0.502147 0.966251 1.88039 3.7026 7.39732 15.0355 31.1502 65.9021 143.099 320.341 738.993 1770.7 4436.61 11652.4 32088.1 93747 293462 948295 3.19257e+06 1.10988e+07 -1.81046e+08 8.31918e+07 1.62441e+08 2.82094e+08 
4.57877e-05 1.04092e-05 1.8832e-05 3.41136e-05 6.18873e-05 0.000112452 0.000204724 0.000373563 0.000683415 0.00125385 0.00230853 0.00426793 0.00792515 0.0147952 0.0277963 0.0525969 0.100315 0.1932 0.376357 0.741994 1.48459 3.02269 6.27522 13.3104 28.991 65.1348 150.991 363.996 918.877 2437.24 6806.52 20260.7 64973.3 218613 781449 2.98282e+06 1.15735e+07 -2.47418e+08 9.78555e+07 1.99292e+08 
7.15283e-06 1.62619e-06 2.94224e-06 5.33017e-06 9.67056e-06 1.75737e-05 3.19974e-05 5.83938e-05 0.000106845 0.000196063 0.00036106 0.000667674 0.00124017 0.00231601 0.00435285 0.00824027 0.0157248 0.0303036 0.0590739 0.116567 0.233471 0.475921 0.989435 2.10242 4.58879 10.3349 24.0352 58.1751 147.58 393.957 1110.25 3345.2 10897.8 37677.1 140542 571729 2.46743e+06 1.06844e+07 -3.27554e+08 1.19786e+08 
8.47644e-07 1.92719e-07 3.487e-07 6.3174e-07 1.14624e-06 2.08314e-06 3.79322e-06 6.92314e-06 1.26689e-05 2.32509e-05 4.28241e-05 7.92043e-05 0.000147148 0.000274865 0.00051674 0.000978537 0.00186804 0.00360151 0.00702424 0.0138689 0.027797 0.056708 0.118005 0.251028 0.548614 1.23744 2.88325 6.9944 17.791 47.651 134.903 408.91 1342.45 4706.1 17976.1 76059.5 353639 1.79586e+06 9.88611e+06 -4.16702e+08 
dt_FE: 3.75953e-10
dt_EA: 3.75953e-10
dt_PE: 3.75953e-10
tolC: 1e-06
dt_grow: 1.03
dt_max: 0.1
steps: 0
