t: 2.17166e-08
dt: 5.5635e-10
N: 0.0138576 0.0159848 0.0184267 0.0212293 0.0244425 0.0281146 0.0323066 0.0370859 0.0425182 0.0486612 0.0556027 0.0634226 0.0721452 0.0818494 0.0926017 0.104396 0.117135 0.130855 0.145483 0.160502 0.175781 0.191023 0.20546 0.217917 0.228051 0.235033 0.235797 0.230162 0.217405 0.195654 0.169916 0.277095 0.180727 0.0388626 0.0156565 0.0052239 0.00141193 0.000305204 5.16407e-05 6.60131e-06 
eC: 1 1.15749 1.33977 1.55077 1.795 2.07768 2.40489 2.78363 3.22201 3.72944 4.31677 4.99661 5.78351 6.69433 7.7486 8.9689 10.3814 12.0163 13.9087 16.0991 18.6345 21.5692 24.9661 28.8979 33.4489 38.7167 44.814 51.8717 60.0407 69.4963 80.4411 93.1095 107.773 124.746 144.391 167.131 193.452 223.918 259.182 300 
dV: 1.08333 0.211322 0.327712 0.508206 0.788112 1.22218 1.89532 2.93921 4.55805 7.06849 10.9616 16.999 26.3615 40.8807 63.3966 98.3136 152.462 236.434 366.655 568.597 881.764 1367.42 2120.55 3288.49 5099.69 7908.45 12264.2 19019 29494.1 45738.6 70930.1 109996 170579 264529 410225 636165 986546 1.52991e+06 2.37254e+06 3.67926e+06 
kVec: 871210 1.0114e+06 1.16682e+06 1.34628e+06 1.55331e+06 1.7915e+06 2.06539e+06 2.38016e+06 2.74139e+06 3.15416e+06 3.62636e+06 4.16594e+06 4.77785e+06 5.47195e+06 6.25815e+06 7.1449e+06 8.13293e+06 9.23768e+06 1.04702e+07 1.1809e+07 1.32698e+07 1.48583e+07 1.65639e+07 1.83288e+07 2.01961e+07 2.22038e+07 2.41777e+07 2.62891e+07 2.87156e+07 3.17041e+07 3.55088e+07 4.12044e+07 5.08132e+07 6.61415e+07 9.06005e+07 1.28341e+08 1.81752e+08 2.47974e+08 3.28056e+08 4.17172e+08 
cMat: 
-178526 946.828 1112.58 1295.96 1510.76 1763.66 2061.61 2412.94 2828.84 3324.71 3915.26 4620.42 5473.65 6506.33 7759.18 9294.38 11202.8 13569.9 16522.7 20310.4 25157.7 31394.1 39574.3 50524.8 65132.5 84805.3 112307 150451 203751 279781 389614 547862 777747 1.11832e+06 1.61467e+06 2.33409e+06 3.35524e+06 4.79525e+06 6.86082e+06 9.85129e+06 
4805.14 -211349 1279.54 1490.45 1737.5 2028.38 2371.08 2775.18 3253.56 3823.95 4503.26 5314.44 6296 7484.05 8925.47 10691.8 12887.9 15611.7 19010 23369.5 28949.3 36128.9 45547.5 58157.9 74982.5 97644.6 129332 173288 234723 322375 449019 631523 896688 1.28958e+06 1.86225e+06 2.69239e+06 3.87075e+06 5.53242e+06 7.91595e+06 1.13668e+07 
3598.74 815.53 -243272 1712.07 1995.87 2330.03 2723.73 3187.98 3737.58 4392.92 5173.42 6105.47 7233.36 8598.6 10255.1 12285.2 14809.3 17940.4 21847.2 26859.6 33275.9 41533.1 52367.1 66875.3 86235.6 112318 148797 199413 270171 371149 517081 727424 1.0331e+06 1.48609e+06 2.14646e+06 3.10386e+06 4.46293e+06 6.3794e+06 9.12844e+06 1.31085e+07 
2666.89 604.364 1089.22 -280559 2290.2 2673.68 3125.49 3658.27 4289.04 5041.18 5937.02 7006.85 8301.55 9868.81 11770.6 14101.4 16999.7 20595.5 25082.4 30840.1 38211.6 47699.4 60150.5 76827.7 99087.3 129083 171046 229286 310724 426976 595023 837302 1.18947e+06 1.71146e+06 2.47254e+06 3.57612e+06 5.14282e+06 7.35199e+06 1.05209e+07 1.51089e+07 
1973.75 447.289 806.138 1453.97 -324025 3037.12 3582.31 4193.05 4916.12 5778.39 6805.42 8032.01 9516.51 11313.7 13494.5 16167.8 19492.2 23617.1 28764.9 35371.8 43831.9 54722.9 69018.5 88170.9 113740 148205 196435 263392 357048 490784 684158 963031 1.3685e+06 1.9696e+06 2.84622e+06 4.11755e+06 5.92253e+06 8.46762e+06 1.21185e+07 1.74042e+07 
1459.3 330.707 596.032 1075.03 1923.5 -374538 4098.41 4797.23 5624.65 6611.39 7786.76 9190.58 10889.7 12947 15443.6 18504.3 22311.1 27035.1 32931.7 40501 50195.4 62678.1 79067 101031 130362 169909 225272 302159 409745 563427 785721 1.10641e+06 1.57282e+06 2.26444e+06 3.27331e+06 4.73675e+06 6.81466e+06 9.74448e+06 1.39473e+07 2.00321e+07 
1077.34 244.151 440.038 793.686 1432.89 2588.41 -433200 5478.56 6423.69 7550.88 8893.63 10497.5 12439 14789.8 17643.1 21141.5 25493.4 30894.7 37637.8 46295.9 57387.4 71672.6 90433.6 115585 149184 194503 257972 346154 469596 646006 901277 1.26968e+06 1.8057e+06 2.60074e+06 3.76081e+06 5.44399e+06 7.83416e+06 1.12041e+07 1.60383e+07 2.30374e+07 
793.797 179.895 324.233 584.822 1055.83 1907.33 3448.93 -501274 7246.27 8608.08 10139.3 11968.4 14182.9 16864.5 20119.7 24111.4 29078 35243.3 42941.7 52829 65498.7 81821 103265 132023 170456 222317 294982 395989 537452 739716 1.03253e+06 1.45531e+06 2.07069e+06 2.98374e+06 4.31644e+06 6.25062e+06 8.99756e+06 1.28703e+07 1.84259e+07 2.64695e+07 
583.683 132.28 238.418 430.045 776.416 1402.61 2536.34 4544.86 -580412 9790.67 11532.9 13614.2 16134.3 19186.5 22892.2 27436.9 33092.8 40115.3 48886 60154 74597.3 93210.9 117674 150496 194380 253625 336682 452197 614070 845647 1.18108e+06 1.66563e+06 2.37129e+06 3.41865e+06 4.94798e+06 7.16822e+06 1.03219e+07 1.47678e+07 2.11457e+07 3.03801e+07 
428.431 97.0967 175.009 315.678 569.949 1029.65 1861.99 3371.86 6114.63 -672018 13075.9 15436.8 18295.9 21759.2 25964.6 31123.4 37545.1 45520.5 55484.1 68289.4 84709.2 105878 133713 171080 221066 288587 383312 515142 700002 964646 1.34822e+06 1.90267e+06 2.71059e+06 3.91027e+06 5.6628e+06 8.20807e+06 1.1824e+07 1.69213e+07 2.42338e+07 3.48214e+07 
313.553 71.063 128.088 231.049 417.166 753.667 1362.96 2468.29 4476.3 8126.33 -778435 17453.6 20688.3 24607.3 29366.9 35207 42478.9 51512.6 62802 77317.3 95937.7 119955 151551 193992 250802 327592 435403 585557 796274 1.09817e+06 1.53607e+06 2.16948e+06 3.09311e+06 4.46528e+06 6.47083e+06 9.38485e+06 1.35255e+07 1.9362e+07 2.7735e+07 3.98584e+07 
228.667 51.8256 93.4157 168.511 304.262 549.713 994.171 1800.51 3265.47 5928.59 10785.9 -902215 23146.9 27743 33114 39705.9 47916.6 58120 70875.6 87283.7 108342 135518 171291 219376 283785 370910 493340 663999 903700 1.24744e+06 1.74643e+06 2.46879e+06 3.52295e+06 5.08993e+06 7.38156e+06 1.07129e+07 1.54476e+07 2.21208e+07 3.16945e+07 4.55565e+07 
166.332 37.6988 67.9543 122.586 221.349 399.933 723.329 1310.08 2376.18 4314.43 7850.01 14212.4 -1.04572e+06 31124.5 37156.7 44562.4 53790.5 65262.6 79610.2 98077 121791 152413 192751 247019 319770 418268 556827 750170 1.02202e+06 1.41229e+06 1.97941e+06 2.80122e+06 4.00162e+06 5.78723e+06 8.40048e+06 1.22017e+07 1.76057e+07 2.52213e+07 3.61473e+07 5.19676e+07 
120.503 27.3126 49.2343 88.8197 160.386 289.801 524.175 949.446 1722.22 3127.34 5690.79 10382.3 18969.9 -1.21273e+06 41499.8 49782.8 60108.7 72951.5 89021.2 109718 136314 170682 215991 277007 358884 469855 626152 844511 1.15192e+06 1.59379e+06 2.23668e+06 3.16934e+06 4.53319e+06 6.56357e+06 9.53753e+06 1.38665e+07 2.00228e+07 2.86974e+07 4.11432e+07 5.91643e+07 
86.8463 19.6848 35.4858 64.0201 115.61 208.909 377.89 684.533 1241.8 2255.23 4104.34 7489.03 13686 25079.7 -1.40732e+06 54737.7 66857.6 81171.3 99091.7 122189 151893 190307 240999 309338 401146 525723 701433 947251 1.29381e+06 1.79268e+06 2.5195e+06 3.57531e+06 5.1212e+06 7.42471e+06 1.0802e+07 1.57219e+07 2.27214e+07 3.25825e+07 4.67312e+07 6.72183e+07 
62.2634 14.1134 25.4433 45.9049 82.9019 149.815 271.02 490.989 890.796 1617.98 2945.03 5374.6 9823.89 18006.6 32761.5 -1.63555e+06 73920 89783 109656 135292 168290 211003 267432 343601 446060 585286 781980 1.0576e+06 1.44682e+06 2.00807e+06 2.82708e+06 4.01866e+06 5.76595e+06 8.37241e+06 1.21981e+07 1.77766e+07 2.57166e+07 3.69007e+07 5.29483e+07 7.6185e+07 
44.4299 10.0715 18.1577 32.7622 59.1712 106.94 193.476 350.548 636.078 1155.51 2103.62 3839.82 7020.28 12871.3 23689.8 43761.9 -1.90119e+06 98507.3 120378 148622 185014 232174 294560 378903 492533 647197 866144 1.17355e+06 1.60854e+06 2.23711e+06 3.15617e+06 4.49587e+06 6.46395e+06 9.40369e+06 1.37245e+07 2.00322e+07 2.9015e+07 4.16654e+07 5.98175e+07 8.61018e+07 
31.4637 7.13265 12.8602 23.2055 41.9143 75.7591 137.079 248.398 450.79 819.058 1491.41 2722.94 4979.67 9132.89 16815.2 31075.3 57591.2 -2.21377e+06 131232 162147 202029 253777 322336 415187 540506 711409 953901 1.29514e+06 1.77913e+06 2.48022e+06 3.50766e+06 5.00863e+06 7.21832e+06 1.05241e+07 1.53905e+07 2.25043e+07 3.26415e+07 4.6914e+07 6.73948e+07 9.70507e+07 
22.0802 5.00574 9.026 16.2883 29.423 53.1871 96.2496 174.436 316.618 575.39 1047.96 1913.8 3501 6423.24 11831 21874.6 40562.3 75635.8 -2.58434e+06 174602 219033 275444 350308 451903 589300 777084 1.04423e+06 1.42113e+06 1.95714e+06 2.73574e+06 3.87979e+06 5.55535e+06 8.02807e+06 1.17339e+07 1.71992e+07 2.52007e+07 3.66113e+07 5.26723e+07 7.57206e+07 1.09094e+08 
15.3984 3.49119 6.29559 11.3621 20.5266 37.1103 67.1668 121.749 221.031 401.776 731.953 1337.12 2446.96 4491.34 8276.68 15311.5 28411.6 53019.3 99057.2 -3.01964e+06 234569 295382 376257 486279 635444 839862 1.13163e+06 1.54458e+06 2.13382e+06 2.99277e+06 4.25908e+06 6.11961e+06 8.87376e+06 1.30107e+07 1.91256e+07 2.80953e+07 4.08988e+07 5.89142e+07 8.47682e+07 1.22202e+08 
10.6278 2.40978 4.34594 7.84428 14.1732 25.6277 46.3922 84.1091 152.731 277.701 506.072 924.806 1693.14 3109.25 5732.93 10612.5 19707.5 36808.9 69241 130703 -3.5392e+06 313414 399951 518010 678536 899215 1.21539e+06 1.66461e+06 2.3081e+06 3.25004e+06 4.64422e+06 6.70043e+06 9.75544e+06 1.43567e+07 2.11762e+07 3.12021e+07 4.55297e+07 6.56816e+07 9.46029e+07 1.36475e+08 
7.2406 1.6419 2.96142 5.34593 9.66047 17.4708 31.6325 57.3625 104.189 189.499 345.456 631.542 1156.78 2125.46 3921.43 7264.44 13501.9 25243.2 47537.8 89857.1 171108 -4.16386e+06 415990 546304 717555 953820 1.29382e+06 1.77899e+06 2.47716e+06 3.50408e+06 5.03111e+06 7.29329e+06 1.06688e+07 1.5769e+07 2.33514e+07 3.45286e+07 5.05232e+07 7.30099e+07 1.05283e+08 1.52002e+08 
4.87156 1.1048 1.99293 3.59814 6.50313 11.7631 21.3029 38.6405 70.2046 127.733 232.949 426.057 780.827 1435.59 2650.54 4914.22 9142.87 17113.1 32268.9 61091.6 116543 222030 -4.92738e+06 568407 748977 999150 1.36105e+06 1.88016e+06 2.63124e+06 3.74244e+06 5.40418e+06 7.87922e+06 1.15917e+07 1.7223e+07 2.56266e+07 3.80542e+07 5.58679e+07 8.08995e+07 1.16826e+08 1.68824e+08 
3.2385 0.734537 1.32521 2.393 4.32581 7.82643 14.1773 25.7233 46.7516 85.0963 155.265 284.123 521.041 958.671 1771.49 3287.62 6123.79 11477.6 21675.3 41111.9 78596.6 151826 295967 -5.85158e+06 767827 1.02871e+06 1.40853e+06 1.95685e+06 2.75559e+06 3.94599e+06 5.73903e+06 8.42807e+06 1.24887e+07 1.86791e+07 2.79614e+07 4.17445e+07 6.15439e+07 8.93496e+07 1.29258e+08 1.87e+08 
2.11288 0.479294 0.864855 1.562 2.82419 5.11091 9.2609 16.8084 30.5605 55.6509 101.592 186.014 341.364 628.596 1162.64 2160.02 4028.71 7562.12 14305.2 27189.2 52104.7 100927 197375 388599 -7.00099e+06 1.04407e+06 1.43799e+06 2.01093e+06 2.85215e+06 4.11674e+06 6.03802e+06 8.94324e+06 1.33659e+07 2.01496e+07 3.03803e+07 4.5646e+07 6.76331e+07 9.84925e+07 1.42782e+08 2.06835e+08 
1.34828 0.305894 0.552062 0.997266 1.80353 3.26472 5.91749 10.744 19.5425 35.6047 65.0338 119.153 218.834 403.33 746.756 1389.03 2594.46 4878 9244.95 17611.9 33841.3 65750.2 129043 255159 511693 -8.46689e+06 1.44227e+06 2.03988e+06 2.91713e+06 4.24925e+06 6.2938e+06 9.41571e+06 1.42141e+07 2.16289e+07 3.28879e+07 4.97859e+07 7.42021e+07 1.08451e+08 1.57602e+08 2.28644e+08 
0.846075 0.191987 0.346558 0.626178 1.13272 2.05107 3.71901 6.75513 12.2928 22.4092 40.9583 75.0976 138.046 254.695 472.12 879.396 1645.3 3099.35 5886.78 11244.7 21674.3 42261.9 83295.3 165549 333948 683425 -1.02925e+07 2.01163e+06 2.90661e+06 4.28361e+06 6.42598e+06 9.74044e+06 1.49017e+07 2.29606e+07 3.53117e+07 5.39958e+07 8.11126e+07 1.19128e+08 1.73679e+08 2.52444e+08 
0.516013 0.117112 0.211446 0.382144 0.691467 1.25249 2.2719 4.12844 7.51666 13.7109 25.0775 46.0163 84.6697 156.391 290.266 541.47 1014.89 1915.79 3647.38 6987.47 13514.6 26455.3 52384.9 104709 212611 440061 915826 -1.26546e+07 2.83109e+06 4.22986e+06 6.44276e+06 9.92238e+06 1.54304e+07 2.41481e+07 3.76678e+07 5.83267e+07 8.84824e+07 1.30745e+08 1.91382e+08 2.78802e+08 
0.303573 0.0689105 0.124446 0.224969 0.407188 0.737819 1.33889 2.43412 4.43418 8.09351 14.8141 27.2062 50.1103 92.6672 172.226 321.785 604.295 1143.24 2182.05 4193.39 8140.39 16002.7 31847.2 64053.1 130996 273378 574845 1.22985e+06 -1.57734e+07 4.04021e+06 6.33186e+06 9.93679e+06 1.57586e+07 2.51338e+07 3.98902e+07 6.27264e+07 9.63081e+07 1.43379e+08 2.10907e+08 3.08067e+08 
0.171597 0.0389599 0.0703751 0.127256 0.2304 0.417638 0.758196 1.37909 2.51368 4.59126 8.41029 15.4592 28.5047 52.7792 98.2334 183.847 345.965 656.064 1255.58 2421.06 4718.51 9318.32 18646.2 37757.8 77833.5 163925 348737 756398 1.66314e+06 -1.99861e+07 6.00854e+06 9.65083e+06 1.56865e+07 2.56374e+07 4.16135e+07 6.67625e+07 1.04125e+08 1.56549e+08 2.31759e+08 3.39659e+08 
0.0916328 0.0208088 0.0375971 0.068004 0.123162 0.223335 0.405629 0.73817 1.34625 2.46066 4.51104 8.29938 15.3199 28.4027 52.9413 99.2526 187.168 355.795 682.817 1321.22 2585.56 5130.44 10325 21057.9 43775.7 93104.8 200611 441797 999500 2.30407e+06 -2.56553e+07 8.81472e+06 1.47858e+07 2.49724e+07 4.18018e+07 6.89645e+07 1.09953e+08 1.6765e+08 2.50459e+08 3.68739e+08 
0.0382288 0.00868307 0.0156923 0.0283913 0.0514353 0.0933051 0.169538 0.308681 0.563284 1.03028 1.89027 3.48082 6.43232 11.9406 22.2893 41.8589 79.1017 150.731 290.075 563.228 1106.75 2206.56 4466.29 9175.02 19236.9 41325.2 90218.5 201868 465372 1.09798e+06 2.61524e+06 -3.47868e+07 1.11007e+07 1.95191e+07 3.39637e+07 5.80807e+07 9.53064e+07 1.48059e+08 2.23892e+08 3.31609e+08 
0.0189499 0.00430502 0.007782 0.0140834 0.0255221 0.0463148 0.0841914 0.153363 0.280017 0.512514 0.941051 1.73442 3.20854 5.96366 11.1482 20.9714 39.7118 75.8526 146.372 285.18 562.654 1127.09 2294.36 4747.31 10039 21783.7 48195.2 109617 257704 623167 1.53178e+06 3.87613e+06 -4.67188e+07 1.87204e+07 3.4217e+07 6.12001e+07 1.04176e+08 1.65793e+08 2.54686e+08 3.80144e+08 
0.00876762 0.00199218 0.00360196 0.00652025 0.0118194 0.0214559 0.039018 0.071107 0.129897 0.2379 0.437131 0.806315 1.4931 2.7784 5.20066 9.79834 18.5894 35.5848 68.8396 134.542 266.438 536.033 1096.9 2284.71 4869.72 10665.7 23894.4 55199 132254 327716 832451 2.19308e+06 6.02366e+06 -6.30365e+07 3.14235e+07 6.00346e+07 1.08319e+08 1.79495e+08 2.83328e+08 4.28801e+08 
0.00310799 0.000706316 0.00127731 0.00231272 0.0041934 0.00761472 0.0138526 0.0252556 0.0461587 0.0845862 0.155526 0.287093 0.532111 0.991223 1.85765 3.5049 6.66109 12.7766 24.7733 48.5572 96.487 194.886 400.711 839.683 1802.65 3981.75 9022.2 21139.7 51534.3 130599 342116 936897 2.70314e+06 7.715e+06 -8.89938e+07 4.58512e+07 8.95326e+07 1.57528e+08 2.59476e+08 4.02135e+08 
0.000931398 0.0002117 0.000382912 0.000693448 0.00125765 0.00228438 0.00415708 0.00758187 0.013863 0.0254174 0.046762 0.0863779 0.160228 0.29876 0.560515 1.0589 2.01558 3.87301 7.52504 14.7874 29.4731 59.7406 123.357 259.882 561.49 1249.59 2860.06 6786.06 16799.7 43436.9 117011 332147 1.00231e+06 3.05565e+06 9.50543e+06 -1.27619e+08 6.45266e+07 1.24654e+08 2.18829e+08 3.52736e+08 
0.000230202 5.23294e-05 9.46641e-05 0.000171463 0.000311025 0.000565069 0.00102857 0.00187649 0.00343222 0.00629541 0.0115875 0.0214154 0.0397504 0.0741736 0.139279 0.263382 0.501952 0.965876 1.87967 3.70116 7.39445 15.0297 31.1382 65.8765 143.043 320.217 738.707 1770.01 4434.89 11647.9 32075.7 93710.6 293349 947927 3.19133e+06 1.10945e+07 -1.81483e+08 8.31596e+07 1.62379e+08 2.81985e+08 
4.57839e-05 1.04084e-05 1.88305e-05 3.41108e-05 6.18822e-05 0.000112443 0.000204707 0.000373532 0.000683359 0.00125374 0.00230834 0.00426758 0.00792449 0.0147939 0.027794 0.0525925 0.100307 0.193184 0.376326 0.741932 1.48447 3.02244 6.2747 13.3093 28.9886 65.1294 150.978 363.965 918.8 2437.04 6805.96 20259.1 64967.9 218594 781384 2.98257e+06 1.15725e+07 -2.47896e+08 9.78474e+07 1.99276e+08 
7.15273e-06 1.62616e-06 2.9422e-06 5.33009e-06 9.67043e-06 1.75734e-05 3.1997e-05 5.8393e-05 0.000106844 0.00019606 0.000361055 0.000667665 0.00124015 0.00231597 0.00435279 0.00824015 0.0157245 0.0303032 0.0590731 0.116566 0.233467 0.475914 0.989421 2.10239 4.58873 10.3348 24.0349 58.1742 147.578 393.951 1110.24 3345.16 10897.6 37676.6 140540 571721 2.4674e+06 1.06842e+07 -3.28039e+08 1.19785e+08 
8.47642e-07 1.92718e-07 3.48699e-07 6.31739e-07 1.14624e-06 2.08314e-06 3.79322e-06 6.92312e-06 1.26689e-05 2.32508e-05 4.2824e-05 7.92041e-05 0.000147148 0.000274864 0.000516739 0.000978535 0.00186803 0.0036015 0.00702422 0.0138688 0.027797 0.0567079 0.118005 0.251027 0.548613 1.23743 2.88325 6.99439 17.791 47.6509 134.903 408.909 1342.45 4706.09 17976.1 76059.3 353638 1.79586e+06 9.88609e+06 -4.17169e+08 
dt_FE: 5.5635e-10
dt_EA: 5.5635e-10
dt_PE: 5.5635e-10
tolC: 1e-06
dt_grow: 1.03
dt_max: 0.1
steps: 0
