t
0.0000000002296920220911852
dt
0.0000000000066910297696462
DN
-0.0000000000000004355961589
TC
298.0000
N
1.20592382e-04
3.59383108e-04
5.98508800e-04
8.36660807e-04
1.07235234e-03
1.30390742e-03
1.52945136e-03
1.74690386e-03
1.95397601e-03
2.14817279e-03
2.32680325e-03
2.48700111e-03
2.62575916e-03
2.73998173e-03
2.82656017e-03
2.88247712e-03
2.90494552e-03
2.89161436e-03
2.84257164e-03
2.83743084e-03
4.96179649e-03
3.66554984e-02
2.38041822e-01
6.59376510e-01
6.23342680e-01
1.64395572e-01
1.03259890e-02
6.96644406e-04
4.04036467e-04
2.61056605e-04
1.62303791e-04
9.67359684e-05
5.51292190e-05
2.99925421e-05
1.55664769e-05
7.70736957e-06
3.64134102e-06
1.64160052e-06
7.05804338e-07
2.89028080e-07
eC
1.00638940e+00
3.07804198e+00
5.27088624e+00
7.59201189e+00
1.00489234e+01
1.26495642e+01
1.54023425e+01
1.83161584e+01
2.14004324e+01
2.46651365e+01
2.81208258e+01
3.17786729e+01
3.56505041e+01
3.97488374e+01
4.40869232e+01
4.86787870e+01
5.35392748e+01
5.86841012e+01
6.41298999e+01
6.98942779e+01
7.59958720e+01
8.24544093e+01
8.92907710e+01
9.65270599e+01
1.04186672e+02
1.12294371e+02
1.20876370e+02
1.29960417e+02
1.39575880e+02
1.49753848e+02
1.60527227e+02
1.71930848e+02
1.84001582e+02
1.96778453e+02
2.10302771e+02
2.24618262e+02
2.39771209e+02
2.55810604e+02
2.72788303e+02
2.90759198e+02
