t
0.0000030512504173920262631
dt
0.0000000726401690597617593
DN
0.0000000052072478155303279
TC
763.0000
N
8.66876655e-01
9.25998986e-01
9.18908347e-01
9.10095060e-01
8.99818959e-01
8.87814875e-01
8.73757392e-01
8.57262723e-01
8.37885704e-01
8.15121221e-01
7.88414414e-01
7.57185353e-01
7.20875196e-01
6.79021107e-01
6.31364290e-01
5.77987169e-01
5.19460071e-01
4.56956817e-01
3.92281379e-01
3.27750807e-01
2.65917357e-01
2.09180104e-01
1.59398832e-01
1.17635761e-01
8.40980726e-02
5.82687021e-02
3.91478223e-02
2.55125985e-02
1.61290137e-02
9.88897278e-03
5.87646194e-03
3.38132615e-03
1.88155631e-03
1.01097964e-03
5.23596604e-04
2.60870540e-04
1.24764521e-04
5.71458140e-05
2.50047706e-05
1.04244615e-05
eC
1.00638940e+00
3.07804198e+00
5.27088624e+00
7.59201189e+00
1.00489234e+01
1.26495642e+01
1.54023425e+01
1.83161584e+01
2.14004324e+01
2.46651365e+01
2.81208258e+01
3.17786729e+01
3.56505041e+01
3.97488374e+01
4.40869232e+01
4.86787870e+01
5.35392748e+01
5.86841012e+01
6.41298999e+01
6.98942779e+01
7.59958720e+01
8.24544093e+01
8.92907710e+01
9.65270599e+01
1.04186672e+02
1.12294371e+02
1.20876370e+02
1.29960417e+02
1.39575880e+02
1.49753848e+02
1.60527227e+02
1.71930848e+02
1.84001582e+02
1.96778453e+02
2.10302771e+02
2.24618262e+02
2.39771209e+02
2.55810604e+02
2.72788303e+02
2.90759198e+02
