t: 5.7565e-11
dt: 5.7565e-12
N: 1.93677e-06 5.45202e-06 8.51352e-06 1.10678e-05 1.30688e-05 1.44837e-05 1.53004e-05 1.55352e-05 1.52386e-05 1.44958e-05 1.34194e-05 1.21343e-05 1.07598e-05 9.39414e-06 8.10742e-06 6.94116e-06 5.91349e-06 5.05303e-06 6.20038e-06 9.04713e-05 0.00236168 0.0345241 0.23822 0.664777 0.629409 0.16543 0.00960084 9.48326e-05 1.33665e-07 4.09381e-09 9.9894e-10 2.25332e-10 4.665e-11 8.82052e-12 1.51499e-12 2.3502e-13 3.27296e-14 4.06567e-15 4.47436e-16 4.33137e-17 
eC: 1.00639 3.07804 5.27089 7.59201 10.0489 12.6496 15.4023 18.3162 21.4004 24.6651 28.1208 31.7787 35.6505 39.7488 44.0869 48.6788 53.5393 58.6841 64.1299 69.8943 75.9959 82.4544 89.2908 96.5271 104.187 112.294 120.876 129.96 139.576 149.754 160.527 171.931 184.002 196.778 210.303 224.618 239.771 255.811 272.788 290.759 
dV: 2.71811 20.9912 63.6092 138.722 256.496 429.553 673.497 1007.55 1455.33 2045.74 2814.09 3803.42 5066.04 6665.5 8678.77 11199 14338.7 18233.7 23047.8 28977.8 36261 45182.1 56083.2 69374.4 85547.6 105192 129013 157855 192727 234836 285622 346808 420447 508992 615366 743056 896219 1.07981e+06 1.29972e+06 1.56298e+06 
kVec: 34461.5 97244.3 152388 199018 236382 263962 281597 289619 288950 281104 268063 252010 235019 218789 204519 192908 184235 178467 175344 174412 174973 175955 175795 173379 171013 173910 183994 199034 216789 236191 256872 278760 301890 326329 352160 379468 408340 438834 470723 501067 
cMat: 
-815.993 131.254 164.932 211.641 273.376 354.007 458.413 592.289 761.988 974.414 1237.1 1558.6 1949.21 2421.74 2992.21 3680.52 4510.98 5512.97 6721.72 8179.33 9935.98 12051.5 14597.1 17657.7 21334.4 25747.7 31041 37384.8 44982.4 54075 64949.4 77946.3 93469.3 111997 134097 160439 191814 229154 273557 326308 
12.993 -2531.65 431.862 557.415 724.472 944.177 1230.6 1600.22 2071.42 2664.03 3399.43 4301.61 5399.15 6727.72 8332.21 10268.6 12605.6 15426.4 18830.8 22938.1 27890.9 33858.7 41043.8 49687.4 60076.8 72554.7 87529.4 105488 127009 152785 183636 220542 264667 317398 380380 455575 545309 652350 779983 932108 
4.05473 107.252 -4490.52 810.626 1060.42 1391.4 1826.11 2391.07 3115.93 4032.48 5174.57 6579.48 8291.27 10364.8 12869.7 15893.1 19542.6 23948.9 29268.8 35690 43436.4 52774.9 64023.6 77561.6 93840.9 113401 136883 165054 198827 239287 287732 345701 415031 497905 596924 715177 856342 1.02479e+06 1.22571e+06 1.46529e+06 
1.76585 46.9826 275.117 -6747.11 1286.08 1699.53 2246.96 2964.01 3890.63 5069.56 6545.67 8367.44 10591.2 13287.1 16544.4 20476 25222.1 30953.3 37874.9 46232.6 56319.6 68485.3 83145.9 100798 122033 147557 178212 214999 259115 311983 375301 451088 541751 650153 779700 934448 1.11922e+06 1.33975e+06 1.60285e+06 1.91664e+06 
0.897135 24.0173 141.552 505.839 -9349.99 1876.84 2500.57 3324.58 4398.01 5773.42 7505.3 9651.26 12276.8 15462.7 19312.6 23958.9 29567 36339.2 44519.6 54400.4 66330.2 80724.6 98078.4 118982 144139 174388 210729 254356 306690 369425 444579 534557 642221 770978 924886 1.10877e+06 1.32837e+06 1.59051e+06 1.90333e+06 2.27646e+06 
0.495177 13.3415 79.1664 284.92 799.977 -12349.6 2600.13 3485.58 4649.37 6152.6 8058.14 10430.8 13342.1 16879.2 21154.1 26311.6 32534.5 40047.6 49123.3 60087.6 73329.9 89313.7 108592 131822 159789 193429 233859 282408 340664 410517 494221 594457 714423 857923 1.02949e+06 1.2345e+06 1.47938e+06 1.77175e+06 2.12069e+06 2.53698e+06 
0.286225 7.76197 46.3787 168.148 475.765 1160.64 -15796.9 3467.5 4665.81 6227.83 8223.5 10723.3 13802.5 17550 22080.3 27543 34129.7 42078.4 51678.2 63276.2 77286.6 94202.7 114612 139214 168843 204494 247354 298837 360630 434742 523570 629968 757333 909714 1.09193e+06 1.30971e+06 1.56988e+06 1.88055e+06 2.25138e+06 2.69385e+06 
0.169436 4.62442 27.8233 101.625 289.81 712.854 1588.69 -19740.3 4478.57 6033.01 8037.4 10566.9 13698.5 17519.6 22141.4 27710.7 34418.9 42507.1 52270.3 64063.4 78310.2 95514.8 116278 141314 171475 207777 251431 303881 366851 442393 532953 641448 771348 926788 1.11269e+06 1.33491e+06 1.60043e+06 1.91753e+06 2.29608e+06 2.74782e+06 
0.101178 2.7785 16.8294 61.9161 177.95 441.351 992.237 2078.76 -24223.1 5614.92 7552.86 10021.2 13097.8 16866.6 21430.5 26926.5 33537 41496.3 51094.4 62681.7 76677.2 93579.2 113980 138585 168235 203930 246864 298462 360421 434766 523907 630720 758628 911708 1.09481e+06 1.31372e+06 1.57531e+06 1.88776e+06 2.2608e+06 2.70601e+06 
0.060283 1.66493 10.1477 37.5895 108.84 272.121 617.075 1304.71 2616.11 -29280.9 6837.76 9165.45 12093.3 15701 20080.8 25353.8 31685 39292.5 48451.3 59497 72831.1 88931.4 108365 131807 160060 194080 235008 284204 343289 414196 499230 601135 723183 869268 1.04403e+06 1.25298e+06 1.5027e+06 1.80101e+06 2.15719e+06 2.58232e+06 
0.0355482 0.986788 6.04825 22.543 65.718 165.539 378.46 807.338 1634.5 3175.96 -34939.2 8092.97 10795.8 14155.5 18253.5 23191.6 29110.6 36203.5 44721.5 54976.2 67342.7 82267.1 100278 122004 148192 179729 217675 263293 318089 383858 462739 557282 670524 806082 968265 1.1622e+06 1.39399e+06 1.67089e+06 2.00155e+06 2.39623e+06 
0.0206244 0.575017 3.54144 13.2704 38.9164 98.6766 227.262 488.789 998.678 1960.42 3726.84 -41211.6 9323.09 12370.9 16118.9 20649.9 26076.2 32558 40314.6 49626.6 60835.9 74350.2 90652.1 110313 134011 162551 196895 238187 287790 347333 418752 504359 606906 729670 876557 1.05221e+06 1.26217e+06 1.513e+06 1.81255e+06 2.17011e+06 
0.0117228 0.328021 2.02832 7.63421 22.4988 57.3651 132.947 287.987 593.243 1175.61 2259.5 4237.27 -48099.7 10481.1 13836.1 17921.6 22821.3 28657.8 35610.6 43922.5 53898.1 65903.8 80372.3 97814.6 118835 144150 174614 211242 255246 308069 371434 447390 538381 647317 777664 933547 1.11988e+06 1.3425e+06 1.60836e+06 1.92573e+06 
0.00650736 0.182621 1.13287 4.27911 12.6609 32.425 75.5274 164.562 341.324 681.952 1323.7 2512.08 4682.87 -55594 11539.4 15163.5 19536.1 24741.3 30912.2 38246.7 47008.1 57520.3 70167.7 85401.7 103754 125852 152444 184416 222828 268940 324255 390564 470001 565107 678908 815008 977695 1.17207e+06 1.40421e+06 1.68133e+06 
0.00351897 0.0989894 0.615649 2.33195 6.92097 17.7857 41.589 91.0239 189.809 381.727 747.062 1432.56 2705.61 5050.44 -63677.1 12491.6 16351.4 20966.4 26421 32859.5 40497.6 49616.3 60554.3 73708.6 89543.5 108605 131538 159112 192237 232003 279706 336890 405396 487415 585559 702935 843241 1.01088e+06 1.21109e+06 1.4501e+06 
0.00184968 0.0521319 0.324891 1.23333 3.66908 9.45337 22.1691 48.6811 101.913 205.958 405.607 784.26 1497.59 2836.01 5338.04 -72325.9 13348.6 17418.1 22239.6 27898.1 34550.7 42430.7 51834.2 63110.9 76666.5 92973.5 112588 136167 164493 198495 239284 288179 346754 416883 500798 601157 721122 864457 1.03564e+06 1.24e+06 
0.000942948 0.0266186 0.166166 0.631894 1.88333 4.86197 11.4261 25.1502 52.7962 107.058 211.766 411.922 793.206 1519.77 2906.34 5552.22 -81510.9 14132.2 18393.9 23395.3 29223.8 36052 44130.6 53768.5 65323.5 79206.7 95896.4 115955 140049 168969 203660 245243 295058 354698 426061 511407 613423 735312 880881 1.05466e+06 
0.000465147 0.0131484 0.0821924 0.313009 0.934291 2.41564 5.68608 12.537 26.3679 53.5873 106.302 207.594 402.046 776.871 1504.2 2924.28 5704.23 -91188.6 14868.8 19313.1 24477 30453.5 37433.2 45684.7 55527.9 67326.1 81494.2 98514.5 118954 143486 172911 208181 250430 301010 361530 433906 520419 623781 747222 894582 
0.000221483 0.00626803 0.0392288 0.149574 0.447005 1.15717 2.72719 6.02062 12.6792 25.8055 51.2817 100.387 195.104 379.063 740.261 1458.14 2899.45 5806.73 -101282 15585.2 20209.5 25526.4 31638.6 38758.8 47173.1 57210.8 69239.3 83676.2 101007 121804 146746 176641 212449 255316 306605 367940 441252 528840 633439 758305 
0.000101526 0.00287621 0.0180196 0.0687783 0.205761 0.533205 1.2579 2.77968 5.85949 11.9372 23.7476 46.5507 90.651 176.674 346.813 689.04 1389.21 2841.22 5871 -111639 16304.2 21111 26577.2 32821.1 40080.6 48659.6 58895.1 71157.5 85867.2 103513 124673 150031 180404 216762 260261 312277 374447 448722 537420 643299 
4.45856e-05 0.0012643 0.0079283 0.0302893 0.090698 0.235243 0.555441 1.22837 2.59126 5.28262 10.5163 20.6299 40.2147 78.5016 154.522 308.498 627.341 1301.78 2752.2 5894.22 -121967 17010 21995.3 27600 33964.4 41354.9 50091.8 60517.5 73004.5 87975.1 105922 127427 153182 184010 220890 264989 317694 380657 455844 545593 
1.81827e-05 0.00051605 0.00323882 0.012384 0.037113 0.0963357 0.22763 0.50375 1.06331 2.16881 4.31947 8.47722 16.5331 32.2969 63.6528 127.383 260.213 544.565 1168.82 2566.07 5719.22 -131989 17219.1 22236.7 27811.3 34108.4 41417 50062.3 60380.9 72735.9 87540 105275 126513 151931 182337 218692 262139 314040 376014 449988 
5.77069e-06 0.000163913 0.00102954 0.00393956 0.0118151 0.0306908 0.0725671 0.160688 0.339353 0.692467 1.3796 2.70827 5.28318 10.3233 20.3555 40.7746 83.461 175.393 379.594 846.473 1937.8 4511.85 -142694 14223.8 18343.7 22866.1 27952.1 33856.2 40845.8 49189.7 59177.2 71137.6 85457 102593 123090 147595 176878 211858 253623 303473 
9.71939e-07 2.76283e-05 0.000173657 0.000664969 0.00199567 0.00518731 0.0122726 0.0271904 0.057449 0.117271 0.233704 0.458865 0.895232 1.74942 3.44984 6.91228 14.1584 29.8037 64.7463 145.546 338.556 811.254 1980.43 -155094 6560.37 8448.25 10495.6 12790.1 15455.9 18614.8 22386.3 26899 32300.2 38762.6 46491.6 55731.1 66771.4 79958.1 95702.2 114493 
3.90041e-07 1.10953e-05 6.97853e-05 0.000267395 0.000802994 0.00208847 0.00494381 0.0109586 0.0231636 0.0472998 0.0942843 0.185149 0.361244 0.705919 1.392 2.78899 5.71323 12.0319 26.1737 59.0345 138.379 337.002 848.311 2178.98 -162873 7610.79 9785.22 12115.1 14720.1 17750.7 21345.4 25637.6 30771.3 36912.3 44255.6 53033.1 63520.3 76045.4 90998.4 108843 
3.01375e-07 8.57904e-06 5.39916e-05 0.000207002 0.000621995 0.00161861 0.00383354 0.00850143 0.0179767 0.0367196 0.0732104 0.143785 0.280551 0.548216 1.08092 2.16541 4.43521 9.34002 20.323 45.886 107.873 264.613 677.017 1796.52 4872.7 -168390 18008 23111.5 28516 34551.4 41585.5 49936.7 59908.5 71830.3 86083.3 103118 123468 147769 176780 211398 
1.1557e-07 3.29206e-06 2.07301e-05 7.95226e-05 0.000239076 0.000622464 0.00147495 0.0032723 0.00692195 0.0141429 0.0282036 0.0553985 0.108097 0.211223 0.416426 0.834089 1.70803 3.5961 7.82352 17.6657 41.5616 102.204 263.247 709.922 1992.74 5728.05 -181225 22479.2 28791.8 35402.5 42784.3 51405.9 61650.8 73882.9 88500.6 105967 126831 151744 181481 216963 
3.53759e-08 1.00837e-06 6.35304e-06 2.43834e-05 7.33427e-05 0.000191048 0.000452894 0.00100518 0.00212698 0.00434701 0.0086704 0.0170327 0.0332369 0.0649432 0.128024 0.256387 0.52491 1.10486 2.40301 5.4247 12.7617 31.3983 81.0382 219.879 627.06 1868.41 5713.26 -198109 23897.4 30539.6 37423.4 45118.5 54126.7 64839.1 77627.4 92902.9 111146 132927 158922 189937 
1.00247e-08 2.85937e-07 1.80238e-06 6.92099e-06 2.08273e-05 5.42761e-05 0.000128719 0.00028579 0.000604926 0.00123663 0.00246698 0.00484686 0.00945838 0.0184809 0.0364287 0.072944 0.149311 0.3142 0.683162 1.5417 3.62574 8.91892 23.0259 62.5779 179.437 542.939 1723.42 5628.19 -216522 25189.7 32110.9 39216.7 47177.2 56518.1 67632.8 80898.5 96737.2 115644 138206 165122 
2.64362e-09 7.54546e-08 4.75844e-07 1.82801e-06 5.50339e-06 1.43478e-05 3.40395e-05 7.56026e-05 0.000160073 0.000327308 0.00065307 0.00128322 0.00250425 0.00489305 0.00964432 0.0193092 0.0395178 0.0831398 0.18072 0.4077 0.958469 2.35686 6.08297 16.5331 47.4666 144.311 464.865 1577.81 5525.8 -236120 26571.8 33779.5 41119.7 49368.5 59069.9 70618.8 84399.1 100845 120467 143872 
6.45984e-10 1.84505e-08 1.16406e-07 4.47374e-07 1.3474e-06 3.51414e-06 8.34009e-06 1.85294e-05 3.9243e-05 8.02592e-05 0.000160165 0.000314743 0.000614264 0.0012002 0.0023655 0.00473556 0.00969023 0.0203828 0.0442949 0.0998988 0.234773 0.577079 1.48881 4.04505 11.6124 35.3361 114.293 393.347 1433.07 5405.87 -256855 28050.5 35552.1 43141.2 51703.2 61794.8 73811.6 88145.9 105245 125638 
1.45591e-10 4.16135e-09 2.62653e-08 1.00982e-07 3.04253e-07 7.938e-07 1.88455e-06 4.18819e-06 8.87232e-06 1.81493e-05 3.62243e-05 7.11922e-05 0.000138948 0.00027149 0.00053506 0.00107106 0.00219139 0.00460866 0.0100131 0.0225769 0.0530417 0.130331 0.336107 0.912791 2.61931 7.96874 25.7895 89.0596 328.684 1290.6 5267.86 -278756 29630.7 37432.6 45287 54188.6 64700.7 77220.4 92149.3 109950 
3.01174e-11 8.61496e-10 5.43965e-09 2.09216e-08 6.30573e-08 1.64572e-07 3.90828e-07 8.68811e-07 1.84094e-06 3.76656e-06 7.51881e-06 1.47783e-05 2.88447e-05 5.63598e-05 0.000111072 0.000222322 0.00045482 0.000956379 0.00207751 0.00468314 0.0109995 0.0270188 0.0696523 0.189081 0.542333 1.64918 5.33554 18.431 68.2103 271.017 1151.77 5111.54 -301889 31317.5 39425.6 47563.8 56832.4 67796.5 80854.9 96420.8 
5.68898e-12 1.62868e-10 1.02876e-09 3.95811e-09 1.19336e-08 3.11549e-08 7.40084e-08 1.64564e-07 3.48774e-07 7.13722e-07 1.42493e-06 2.80096e-06 5.46728e-06 1.06827e-05 2.10524e-05 4.2136e-05 8.61924e-05 0.000181219 0.000393591 0.000887058 0.00208298 0.00511512 0.0131821 0.0357714 0.102558 0.311721 1.008 3.48058 12.882 51.2949 220.329 1017.98 4937.03 -326329 33116.2 41535.8 49978.4 59643.1 71091.6 84726.1 
9.75936e-13 2.79656e-11 1.7671e-10 6.80103e-10 2.05112e-09 5.35641e-09 1.27276e-08 2.83076e-08 6.00071e-08 1.22818e-07 2.45235e-07 4.82098e-07 9.41068e-07 1.8388e-06 3.62367e-06 7.25232e-06 1.48339e-05 3.11847e-05 6.77207e-05 0.000152599 0.000358256 0.000879546 0.00226602 0.00614711 0.0176173 0.0535244 0.172997 0.59704 2.20866 8.79358 37.8332 176.456 890.493 4744.77 -352160 35032.2 43768.9 52538.7 62629.5 74596.1 
1.51174e-13 4.33643e-12 2.74109e-11 1.05528e-10 3.18355e-10 8.31594e-10 1.97648e-09 4.39692e-09 9.32252e-09 1.90837e-08 3.81097e-08 7.49248e-08 1.46262e-07 2.85794e-07 5.63196e-07 1.12712e-06 2.30525e-06 4.84574e-06 1.05217e-05 2.37055e-05 5.56432e-05 0.000136579 0.000351786 0.000954028 0.00273329 0.00830103 0.0268183 0.0925093 0.342041 1.36109 5.85429 27.3361 139.09 770.485 4535.6 -379468 37071.3 46130.7 55253 65801.3 
2.10166e-14 6.03574e-13 3.81657e-12 1.46975e-11 4.43511e-11 1.15882e-10 2.75485e-10 6.1298e-10 1.2999e-09 2.66137e-09 5.31531e-09 1.04509e-08 2.04024e-08 3.98666e-08 7.85618e-08 1.57219e-07 3.21534e-07 6.75822e-07 1.46727e-06 3.30534e-06 7.75726e-06 1.9037e-05 4.90227e-05 0.000132914 0.000380686 0.00115576 0.00373251 0.0128696 0.0475605 0.189156 0.813134 3.79537 19.3255 107.805 658.943 4310.75 -408340 39239.2 48628.1 58130.2 
2.60544e-15 7.4927e-14 4.73948e-13 1.82567e-12 5.51053e-12 1.44015e-11 3.42443e-11 7.62118e-11 1.61645e-10 3.30992e-10 6.61132e-10 1.30001e-09 2.53802e-09 4.95941e-09 9.77303e-09 1.95573e-08 3.99953e-08 8.40585e-08 1.82481e-07 4.1103e-07 9.64504e-07 2.36658e-06 6.09308e-06 1.65163e-05 4.7293e-05 0.000143539 0.0004634 0.00159718 0.00589991 0.0234533 0.100765 0.470053 2.39228 13.3502 82.0789 556.642 4071.84 -438834 41542 51268.2 
2.86071e-16 8.23978e-15 5.21385e-14 2.00893e-13 6.06516e-13 1.58546e-12 3.77073e-12 8.39346e-12 1.78053e-11 3.64639e-11 7.28415e-11 1.43242e-10 2.79664e-10 5.46489e-10 1.07691e-09 2.155e-09 4.40684e-09 9.2613e-09 2.01035e-08 4.52775e-08 1.06233e-07 2.60623e-07 6.70896e-07 1.81821e-06 5.20512e-06 1.57939e-05 5.09739e-05 0.00017563 0.000648519 0.00257687 0.0110658 0.0515917 0.262412 1.46359 8.99921 61.3217 464.12 3820.85 -470723 43985.8 
2.76192e-17 7.96991e-16 5.04487e-15 1.94432e-14 5.87145e-14 1.53515e-13 3.65179e-13 8.13013e-13 1.72494e-12 3.53298e-12 7.05827e-12 1.3881e-11 2.71023e-11 5.29613e-11 1.04365e-10 2.08841e-10 4.27049e-10 8.97426e-10 1.9479e-09 4.3867e-09 1.02912e-08 2.52444e-08 6.49744e-08 1.76058e-07 5.03914e-07 1.52868e-06 4.93241e-06 1.69895e-05 6.27128e-05 0.000249091 0.0010692 0.00498243 0.0253282 0.14118 0.867556 5.91083 44.9057 381.661 3560.16 -501067 
cycle: 0
true_cycle: 0
nIterations: 0
nTrueIterations: 0
Branch: 0
dt_FE: 5.7565e-12
dt_EA: 5.7565e-12
dt_PE: 5.7565e-12
