t
0.0000007356358430133294365
dt
0.0000000072835241882507958
DN
-0.0000000015826780954356126
TC
1588.0000
N
4.31212962e-01
7.75509887e-01
8.71111479e-01
8.93885930e-01
8.93809877e-01
8.85329951e-01
8.72596779e-01
8.56651977e-01
8.37530344e-01
8.14899313e-01
7.88270799e-01
7.57092805e-01
7.20819067e-01
6.78992730e-01
6.31357863e-01
5.77998155e-01
5.19484345e-01
4.56990289e-01
3.92319965e-01
3.27790661e-01
2.65955229e-01
2.09213657e-01
1.59426777e-01
1.17657782e-01
8.41145826e-02
5.82805343e-02
3.91559610e-02
2.55179885e-02
1.61324583e-02
9.89110003e-03
5.87773219e-03
3.38205946e-03
1.88196530e-03
1.01119976e-03
5.23710744e-04
2.60927460e-04
1.24791763e-04
5.71582991e-05
2.50102362e-05
1.04267410e-05
eC
1.00638940e+00
3.07804198e+00
5.27088624e+00
7.59201189e+00
1.00489234e+01
1.26495642e+01
1.54023425e+01
1.83161584e+01
2.14004324e+01
2.46651365e+01
2.81208258e+01
3.17786729e+01
3.56505041e+01
3.97488374e+01
4.40869232e+01
4.86787870e+01
5.35392748e+01
5.86841012e+01
6.41298999e+01
6.98942779e+01
7.59958720e+01
8.24544093e+01
8.92907710e+01
9.65270599e+01
1.04186672e+02
1.12294371e+02
1.20876370e+02
1.29960417e+02
1.39575880e+02
1.49753848e+02
1.60527227e+02
1.71930848e+02
1.84001582e+02
1.96778453e+02
2.10302771e+02
2.24618262e+02
2.39771209e+02
2.55810604e+02
2.72788303e+02
2.90759198e+02
