t
0.0000000003324979996096318
dt
0.0000000000032930495010855
DN
0.0000000000000002177980794
TC
814.0000
N
1.74627464e-04
5.20369977e-04
8.66533739e-04
1.21122042e-03
1.55227446e-03
1.88726729e-03
2.21348380e-03
2.52791256e-03
2.82724170e-03
3.10786288e-03
3.36588621e-03
3.59717031e-03
3.79737233e-03
3.96202401e-03
4.08664107e-03
4.16687390e-03
4.19870863e-03
4.17875212e-03
4.10632725e-03
4.06039333e-03
6.11846674e-03
3.76027850e-02
2.37961660e-01
6.56976327e-01
6.20648730e-01
1.63936393e-01
1.06472807e-02
9.63162170e-04
5.82815808e-04
3.76535262e-04
2.34051593e-04
1.39471023e-04
7.94700816e-05
4.32299573e-05
2.24359356e-05
1.11091228e-05
5.24918871e-06
2.36694905e-06
1.01794092e-06
4.16977581e-07
eC
1.00638940e+00
3.07804198e+00
5.27088624e+00
7.59201189e+00
1.00489234e+01
1.26495642e+01
1.54023425e+01
1.83161584e+01
2.14004324e+01
2.46651365e+01
2.81208258e+01
3.17786729e+01
3.56505041e+01
3.97488374e+01
4.40869232e+01
4.86787870e+01
5.35392748e+01
5.86841012e+01
6.41298999e+01
6.98942779e+01
7.59958720e+01
8.24544093e+01
8.92907710e+01
9.65270599e+01
1.04186672e+02
1.12294371e+02
1.20876370e+02
1.29960417e+02
1.39575880e+02
1.49753848e+02
1.60527227e+02
1.71930848e+02
1.84001582e+02
1.96778453e+02
2.10302771e+02
2.24618262e+02
2.39771209e+02
2.55810604e+02
2.72788303e+02
2.90759198e+02
