t
0.0000000003101201591953804
dt
0.0000000000030714867247067
DN
0.0000000000000002177980794
TC
807.0000
N
1.62862727e-04
4.85321467e-04
8.08185747e-04
1.12968578e-03
1.44781174e-03
1.76029899e-03
2.06461541e-03
2.35795225e-03
2.63722024e-03
2.89905319e-03
3.13982194e-03
3.35566227e-03
3.54252156e-03
3.69622970e-03
3.81260108e-03
3.88757522e-03
3.91740428e-03
3.89892087e-03
3.83161327e-03
3.79458191e-03
5.86709974e-03
3.73969560e-02
2.37979115e-01
6.57497840e-01
6.21233972e-01
1.64036126e-01
1.05775034e-02
9.05286754e-04
5.43997197e-04
3.51464504e-04
2.18477211e-04
1.30195810e-04
7.41877904e-05
4.03574999e-05
2.09453379e-05
1.03709551e-05
4.90025891e-06
2.20951296e-06
9.50179145e-07
3.89194963e-07
eC
1.00638940e+00
3.07804198e+00
5.27088624e+00
7.59201189e+00
1.00489234e+01
1.26495642e+01
1.54023425e+01
1.83161584e+01
2.14004324e+01
2.46651365e+01
2.81208258e+01
3.17786729e+01
3.56505041e+01
3.97488374e+01
4.40869232e+01
4.86787870e+01
5.35392748e+01
5.86841012e+01
6.41298999e+01
6.98942779e+01
7.59958720e+01
8.24544093e+01
8.92907710e+01
9.65270599e+01
1.04186672e+02
1.12294371e+02
1.20876370e+02
1.29960417e+02
1.39575880e+02
1.49753848e+02
1.60527227e+02
1.71930848e+02
1.84001582e+02
1.96778453e+02
2.10302771e+02
2.24618262e+02
2.39771209e+02
2.55810604e+02
2.72788303e+02
2.90759198e+02
