t
0.0000702931190526791591479
dt
0.0000022789428621634487214
DN
-0.0000000000000002177980794
TC
246.0000
N
9.54051332e-01
9.99732885e-01
9.99778312e-01
9.99705202e-01
9.99596903e-01
9.99436849e-01
9.99196596e-01
9.98828916e-01
9.98254165e-01
9.97335215e-01
9.95830597e-01
9.93305309e-01
9.88958033e-01
9.81282335e-01
9.67402612e-01
9.41848932e-01
8.94905922e-01
8.12760558e-01
6.84645779e-01
5.17355295e-01
3.41622465e-01
1.95061247e-01
9.70485265e-02
4.27016574e-02
1.66574095e-02
5.89327896e-03
1.94748880e-03
6.01688957e-04
1.73280361e-04
4.63655129e-05
1.14812897e-05
2.61956120e-06
5.48097191e-07
1.04639156e-07
1.81309938e-08
2.83520336e-09
3.97723207e-10
4.97344265e-11
5.50675713e-12
5.36054570e-13
eC
1.00638940e+00
3.07804198e+00
5.27088624e+00
7.59201189e+00
1.00489234e+01
1.26495642e+01
1.54023425e+01
1.83161584e+01
2.14004324e+01
2.46651365e+01
2.81208258e+01
3.17786729e+01
3.56505041e+01
3.97488374e+01
4.40869232e+01
4.86787870e+01
5.35392748e+01
5.86841012e+01
6.41298999e+01
6.98942779e+01
7.59958720e+01
8.24544093e+01
8.92907710e+01
9.65270599e+01
1.04186672e+02
1.12294371e+02
1.20876370e+02
1.29960417e+02
1.39575880e+02
1.49753848e+02
1.60527227e+02
1.71930848e+02
1.84001582e+02
1.96778453e+02
2.10302771e+02
2.24618262e+02
2.39771209e+02
2.55810604e+02
2.72788303e+02
2.90759198e+02
