t
0.0000384434062027219080617
dt
0.0000022667949184360822441
DN
0.0000000000000002177980794
TC
232.0000
N
8.05419250e-01
9.92128029e-01
9.99331028e-01
9.99544714e-01
9.99417479e-01
9.99199765e-01
9.98866802e-01
9.98353227e-01
9.97545030e-01
9.96242200e-01
9.94083769e-01
9.90393152e-01
9.83849013e-01
9.71831420e-01
9.49445342e-01
9.08951244e-01
8.41288088e-01
7.40757485e-01
6.10736318e-01
4.65500024e-01
3.25327357e-01
2.08304066e-01
1.24851771e-01
7.13208891e-02
3.33011550e-02
1.15218937e-02
3.68479394e-03
1.14179353e-03
3.29917080e-04
8.84492299e-05
2.19327253e-05
5.00960482e-06
1.04909641e-06
2.00431502e-07
3.47498331e-08
5.43664447e-09
7.62970710e-10
9.54410933e-11
1.05706519e-11
1.02925343e-12
eC
1.00638940e+00
3.07804198e+00
5.27088624e+00
7.59201189e+00
1.00489234e+01
1.26495642e+01
1.54023425e+01
1.83161584e+01
2.14004324e+01
2.46651365e+01
2.81208258e+01
3.17786729e+01
3.56505041e+01
3.97488374e+01
4.40869232e+01
4.86787870e+01
5.35392748e+01
5.86841012e+01
6.41298999e+01
6.98942779e+01
7.59958720e+01
8.24544093e+01
8.92907710e+01
9.65270599e+01
1.04186672e+02
1.12294371e+02
1.20876370e+02
1.29960417e+02
1.39575880e+02
1.49753848e+02
1.60527227e+02
1.71930848e+02
1.84001582e+02
1.96778453e+02
2.10302771e+02
2.24618262e+02
2.39771209e+02
2.55810604e+02
2.72788303e+02
2.90759198e+02
