t
0.0000999390942423822152291
dt
0.0000022812762907486757383
DN
0.0000000000000000000000000
TC
259.0000
N
9.88006403e-01
9.99842478e-01
9.99796525e-01
9.99726138e-01
9.99623978e-01
9.99473645e-01
9.99248347e-01
9.98903890e-01
9.98365946e-01
9.97506814e-01
9.96102197e-01
9.93749345e-01
9.89709602e-01
9.82603482e-01
9.69826072e-01
9.46480832e-01
9.03730608e-01
8.27629242e-01
7.03399070e-01
5.31712679e-01
3.44622010e-01
1.89103784e-01
8.92346426e-02
3.73104997e-02
1.42021334e-02
5.01492966e-03
1.65503287e-03
5.10569842e-04
1.46892957e-04
3.92769046e-05
9.72069921e-06
2.21692350e-06
4.63694652e-07
8.85011965e-08
1.53312889e-08
2.39695861e-09
3.36194163e-10
4.20349252e-11
4.65373897e-12
4.52976403e-13
eC
1.00638940e+00
3.07804198e+00
5.27088624e+00
7.59201189e+00
1.00489234e+01
1.26495642e+01
1.54023425e+01
1.83161584e+01
2.14004324e+01
2.46651365e+01
2.81208258e+01
3.17786729e+01
3.56505041e+01
3.97488374e+01
4.40869232e+01
4.86787870e+01
5.35392748e+01
5.86841012e+01
6.41298999e+01
6.98942779e+01
7.59958720e+01
8.24544093e+01
8.92907710e+01
9.65270599e+01
1.04186672e+02
1.12294371e+02
1.20876370e+02
1.29960417e+02
1.39575880e+02
1.49753848e+02
1.60527227e+02
1.71930848e+02
1.84001582e+02
1.96778453e+02
2.10302771e+02
2.24618262e+02
2.39771209e+02
2.55810604e+02
2.72788303e+02
2.90759198e+02
