t
0.0000000000139808490853458
dt
0.0000000000012718953713951
DN
-0.0000000000000002177980794
TC
75.0000
N
4.70357815e-07
1.32406493e-06
2.06757476e-06
2.68791339e-06
3.17386922e-06
3.51748441e-06
3.71582782e-06
3.77285865e-06
3.70083155e-06
3.52043910e-06
3.25902299e-06
2.94693088e-06
2.61310584e-06
2.28144627e-06
1.96895560e-06
1.68572159e-06
1.43637994e-06
1.24908947e-06
2.97246717e-06
8.77361045e-05
2.35939033e-03
3.45224905e-02
2.38220529e-01
6.64781250e-01
6.29413728e-01
1.65431250e-01
9.60079865e-03
9.47930820e-05
1.22018744e-07
1.00429856e-09
2.42601609e-10
5.47239483e-11
1.13293717e-11
2.14214031e-12
3.67928299e-13
5.70766065e-14
7.94867500e-15
9.87382596e-16
1.08663765e-16
1.05191152e-17
eC
1.00638940e+00
3.07804198e+00
5.27088624e+00
7.59201189e+00
1.00489234e+01
1.26495642e+01
1.54023425e+01
1.83161584e+01
2.14004324e+01
2.46651365e+01
2.81208258e+01
3.17786729e+01
3.56505041e+01
3.97488374e+01
4.40869232e+01
4.86787870e+01
5.35392748e+01
5.86841012e+01
6.41298999e+01
6.98942779e+01
7.59958720e+01
8.24544093e+01
8.92907710e+01
9.65270599e+01
1.04186672e+02
1.12294371e+02
1.20876370e+02
1.29960417e+02
1.39575880e+02
1.49753848e+02
1.60527227e+02
1.71930848e+02
1.84001582e+02
1.96778453e+02
2.10302771e+02
2.24618262e+02
2.39771209e+02
2.55810604e+02
2.72788303e+02
2.90759198e+02
