t
0.0001181916001138714588780
dt
0.0000022817325642103687531
DN
0.0000000000000000000000000
TC
267.0000
N
9.94715928e-01
9.99847956e-01
9.99799843e-01
9.99730037e-01
9.99629045e-01
9.99480548e-01
9.99258067e-01
9.98917979e-01
9.98386950e-01
9.97539034e-01
9.96153124e-01
9.93832411e-01
9.89849667e-01
9.82848001e-01
9.70268447e-01
9.47309846e-01
9.05317491e-01
8.30493200e-01
7.07420827e-01
5.35002036e-01
3.45144478e-01
1.87530782e-01
8.75249122e-02
3.63148082e-02
1.37837819e-02
4.86385944e-03
1.60452148e-03
4.94855356e-04
1.42345978e-04
3.80560424e-05
9.41758370e-06
2.14762135e-06
4.49170312e-07
8.57245718e-08
1.48496486e-08
2.32157443e-09
3.25611250e-10
4.07107179e-11
4.50704057e-12
4.38689694e-13
eC
1.00638940e+00
3.07804198e+00
5.27088624e+00
7.59201189e+00
1.00489234e+01
1.26495642e+01
1.54023425e+01
1.83161584e+01
2.14004324e+01
2.46651365e+01
2.81208258e+01
3.17786729e+01
3.56505041e+01
3.97488374e+01
4.40869232e+01
4.86787870e+01
5.35392748e+01
5.86841012e+01
6.41298999e+01
6.98942779e+01
7.59958720e+01
8.24544093e+01
8.92907710e+01
9.65270599e+01
1.04186672e+02
1.12294371e+02
1.20876370e+02
1.29960417e+02
1.39575880e+02
1.49753848e+02
1.60527227e+02
1.71930848e+02
1.84001582e+02
1.96778453e+02
2.10302771e+02
2.24618262e+02
2.39771209e+02
2.55810604e+02
2.72788303e+02
2.90759198e+02
