t: 4.1294e-08
dt: 2.39468e-09
N: 0.027688 0.0318939 0.0367075 0.0422131 0.0484999 0.055651 0.0637707 0.0729712 0.0833542 0.094998 0.108032 0.122556 0.138551 0.156088 0.1752 0.195762 0.217469 0.240252 0.263819 0.287123 0.309797 0.331191 0.349941 0.364146 0.373212 0.375767 0.367639 0.348593 0.317697 0.27333 0.2187 0.208289 0.117517 0.0422773 0.0165187 0.00536727 0.00143582 0.000310235 5.25665e-05 6.73067e-06 
eC: 1 1.15749 1.33977 1.55077 1.795 2.07768 2.40489 2.78363 3.22201 3.72944 4.31677 4.99661 5.78351 6.69433 7.7486 8.9689 10.3814 12.0163 13.9087 16.0991 18.6345 21.5692 24.9661 28.8979 33.4489 38.7167 44.814 51.8717 60.0407 69.4963 80.4411 93.1095 107.773 124.746 144.391 167.131 193.452 223.918 259.182 300 
dV: 1.08333 0.211322 0.327712 0.508206 0.788112 1.22218 1.89532 2.93921 4.55805 7.06849 10.9616 16.999 26.3615 40.8807 63.3966 98.3136 152.462 236.434 366.655 568.597 881.764 1367.42 2120.55 3288.49 5099.69 7908.45 12264.2 19019 29494.1 45738.6 70930.1 109996 170579 264529 410225 636165 986546 1.52991e+06 2.37254e+06 3.67926e+06 
kVec: 916249 1.06311e+06 1.22609e+06 1.41411e+06 1.63082e+06 1.87982e+06 2.16578e+06 2.49391e+06 2.86981e+06 3.29837e+06 3.78745e+06 4.34475e+06 4.97443e+06 5.68573e+06 6.48761e+06 7.38678e+06 8.38125e+06 9.48417e+06 1.07029e+07 1.20095e+07 1.34143e+07 1.49165e+07 1.64969e+07 1.80881e+07 1.97293e+07 2.14548e+07 2.30989e+07 2.48543e+07 2.69366e+07 2.96757e+07 3.34379e+07 3.94221e+07 4.9605e+07 6.54945e+07 9.03516e+07 1.28385e+08 1.82e+08 2.48332e+08 3.28467e+08 4.17592e+08 
cMat: 
-157262 933.549 1096.97 1277.78 1489.57 1738.93 2032.7 2379.1 2789.16 3278.08 3860.35 4555.62 5396.88 6415.09 7650.36 9164.03 11045.7 13379.6 16291 20025.5 24804.9 30953.8 39019.3 49816.2 64219.1 83616 110732 148341 200893 275857 384150 540179 766839 1.10264e+06 1.59202e+06 2.30136e+06 3.30818e+06 4.728e+06 6.76459e+06 9.71313e+06 
4727.45 -186575 1258.85 1466.35 1709.41 1995.59 2332.75 2730.31 3200.96 3762.13 4430.45 5228.51 6194.21 7363.05 8781.17 10519 12679.5 15359.3 18702.7 22991.7 28481.2 35544.8 44811.1 57217.6 73770.2 96065.9 127241 170487 230928 317163 441760 621313 882191 1.26873e+06 1.83214e+06 2.64886e+06 3.80817e+06 5.44297e+06 7.78797e+06 1.1183e+07 
3531.71 800.341 -214494 1680.18 1958.7 2286.64 2673.01 3128.6 3667.97 4311.1 5077.07 5991.76 7098.64 8438.46 10064.1 12056.4 14533.5 17606.3 21440.3 26359.4 32656.2 40759.6 51391.8 65629.8 84629.5 110227 146026 195699 265139 364237 507451 713876 1.01386e+06 1.45841e+06 2.10648e+06 3.04605e+06 4.37982e+06 6.26059e+06 8.95843e+06 1.28644e+07 
2609.72 591.407 1065.87 -247100 2241.11 2616.36 3058.49 3579.84 4197.09 4933.1 5809.73 6856.63 8123.57 9657.23 11518.2 13799.1 16635.3 20153.9 24544.7 30178.9 37392.3 46676.8 58860.9 75180.6 96962.9 126316 167379 224370 304062 417822 582266 819352 1.16397e+06 1.67476e+06 2.41953e+06 3.49945e+06 5.03256e+06 7.19437e+06 1.02954e+07 1.4785e+07 
1925.08 436.258 786.258 1418.12 -285089 2962.23 3493.97 4089.64 4794.89 5635.89 6637.6 7833.93 9281.83 11034.7 13161.8 15769.1 19011.5 23034.7 28055.6 34499.6 42751 53373.5 67316.4 85996.5 110935 144551 191591 256897 348244 478681 667286 939282 1.33475e+06 1.92103e+06 2.77603e+06 4.01601e+06 5.77648e+06 8.2588e+06 1.18196e+07 1.6975e+07 
1417.95 321.337 579.145 1044.58 1869.01 -329201 3982.29 4661.31 5465.29 6424.07 7566.14 8930.18 10581.2 12580.1 15006.1 17980 21679 26269.2 31998.6 39353.5 48773.2 60902.2 76826.8 98168 126668 165095 218889 293598 398135 547463 763459 1.07506e+06 1.52826e+06 2.20028e+06 3.18056e+06 4.60254e+06 6.62158e+06 9.46839e+06 1.35521e+07 1.94646e+07 
1042.31 236.212 425.73 767.88 1386.3 2504.25 -380370 5300.43 6214.82 7305.36 8604.46 10156.2 12034.5 14308.9 17069.5 20454.1 24664.5 29890.2 36414.1 44790.6 55521.5 69342.2 87493.2 111826 144333 188179 249584 334899 454328 625001 871972 1.2284e+06 1.74699e+06 2.51618e+06 3.63853e+06 5.26698e+06 7.57944e+06 1.08398e+07 1.55168e+07 2.22884e+07 
764.214 173.191 312.15 563.028 1016.49 1836.25 3320.4 -439658 6976.22 8287.28 9761.45 11522.4 13654.3 16236 19369.9 23212.8 27994.3 33929.9 41341.4 50860.2 63057.7 78771.8 99416.3 127103 164104 214032 283989 381232 517423 712148 994052 1.40107e+06 1.99352e+06 2.87255e+06 4.15558e+06 6.01767e+06 8.66224e+06 1.23907e+07 1.77392e+07 2.54831e+07 
558.79 126.638 228.25 411.704 743.303 1342.79 2428.17 4351.03 -508483 9373.11 11041 13033.6 15446.2 18368.3 21915.8 26266.7 31681.4 38404.4 46801.1 57588.5 71415.8 89235.5 112655 144078 186090 242808 322323 432912 587880 809581 1.13071e+06 1.59459e+06 2.27015e+06 3.27285e+06 4.73695e+06 6.8625e+06 9.88167e+06 1.4138e+07 2.02439e+07 2.90844e+07 
407.564 92.3675 166.484 300.302 542.188 979.502 1771.3 3207.63 5816.8 -588020 12439 14684.9 17404.7 20699.3 24700 29607.5 35716.4 43303.3 52781.7 64963.2 80583.3 100721 127200 162747 210298 274531 364642 490051 665907 917661 1.28255e+06 1.80999e+06 2.57857e+06 3.71981e+06 5.38698e+06 7.80828e+06 1.12481e+07 1.60971e+07 2.30534e+07 3.31253e+07 
296.146 67.1179 120.977 218.222 394.007 711.827 1287.3 2331.26 4227.8 7675.2 -680253 16484.7 19539.7 23241.2 27736.6 33252.4 40120.6 48652.9 59315.5 73025 90611.7 113295 143137 183223 236879 309405 411231 553050 752068 1.03721e+06 1.4508e+06 2.04904e+06 2.9214e+06 4.21739e+06 6.1116e+06 8.86385e+06 1.27746e+07 1.82871e+07 2.61953e+07 3.76456e+07 
214.229 48.5534 87.5177 157.872 285.052 515.006 931.401 1686.83 3059.29 5554.27 10104.9 -787345 21685.5 25991.4 31023.3 37199 44891.3 54450.5 66400.7 81772.8 101502 126962 160476 205525 265868 347492 462191 622076 846642 1.16868e+06 1.63616e+06 2.31292e+06 3.30052e+06 4.76856e+06 6.91551e+06 1.00365e+07 1.44723e+07 2.07242e+07 2.96934e+07 4.26802e+07 
154.427 35.0007 63.0909 113.813 205.507 371.31 671.561 1216.32 2206.12 4005.65 7288.2 13195.3 -911329 28897 34497.5 41373.1 49940.7 60591.8 73912.6 91057.8 113075 141505 178956 229340 296884 388334 516976 696481 948877 1.31121e+06 1.83775e+06 2.60074e+06 3.71523e+06 5.37305e+06 7.79927e+06 1.13284e+07 1.63457e+07 2.34162e+07 3.35603e+07 4.82484e+07 
110.759 25.1041 45.2533 81.638 147.418 266.368 481.792 872.676 1582.96 2874.48 5230.65 9542.79 17436.1 -1.05546e+06 38144.3 45757.5 55248.5 67052.8 81823.3 100847 125292 156881 198527 254609 329866 431864 575523 776226 1.05878e+06 1.46492e+06 2.05583e+06 2.91308e+06 4.16665e+06 6.03286e+06 8.76636e+06 1.27453e+07 1.84038e+07 2.6377e+07 3.78165e+07 5.43804e+07 
78.9409 17.893 32.2556 58.1926 105.087 189.892 343.491 622.222 1128.77 2049.94 3730.73 6807.33 12440.2 22796.7 -1.22322e+06 49755.1 60771.7 73782.5 90071.6 111067 138067 172984 219062 281180 364630 477868 637583 861025 1.17603e+06 1.6295e+06 2.29015e+06 3.24986e+06 4.65503e+06 6.74886e+06 9.8187e+06 1.42908e+07 2.06531e+07 2.96166e+07 4.24774e+07 6.10996e+07 
55.9116 12.6736 22.8477 41.2219 74.4446 134.532 243.372 440.9 799.92 1452.92 2644.59 4826.3 8821.7 16169.6 29419.3 -1.42e+06 66379 80623.7 98469.1 121490 151121 189477 240149 308548 400555 525577 702205 949708 1.29922e+06 1.80322e+06 2.53867e+06 3.60869e+06 5.17773e+06 7.51829e+06 1.09537e+07 1.59631e+07 2.30931e+07 3.31362e+07 4.75467e+07 6.8413e+07 
39.3806 8.92688 16.0941 29.0389 52.4466 94.7866 171.489 310.71 563.791 1024.19 1864.56 3403.44 6222.45 11408.6 20997.6 38788.5 -1.64928e+06 87312.4 106698 131732 163988 205788 261085 335842 436558 573646 767710 1.04018e+06 1.42573e+06 1.98287e+06 2.79749e+06 3.98493e+06 5.72934e+06 8.335e+06 1.21648e+07 1.77557e+07 2.57176e+07 3.69303e+07 5.30195e+07 7.63166e+07 
27.5035 6.23488 11.2415 20.2847 36.6387 66.2235 119.826 217.133 394.051 715.965 1303.69 2380.21 4352.9 7983.36 14698.7 27164 50342.4 -1.91963e+06 114715 141738 176600 221835 281764 362929 472474 621866 833837 1.13212e+06 1.55519e+06 2.16804e+06 3.06616e+06 4.37821e+06 6.30977e+06 9.19945e+06 1.34534e+07 1.96718e+07 2.8533e+07 4.10091e+07 5.8912e+07 8.48352e+07 
19.0224 4.31253 7.77605 14.0326 25.3484 45.8216 82.9207 150.28 272.772 495.708 902.832 1648.77 3016.17 5533.73 10192.6 18845.3 34945.1 65161.5 -2.24134e+06 150422 188701 237300 301797 389322 507692 669471 899623 1.22433e+06 1.68611e+06 2.35689e+06 3.34251e+06 4.78603e+06 6.91632e+06 1.0109e+07 1.48174e+07 2.17108e+07 3.15413e+07 4.53781e+07 6.52346e+07 9.3986e+07 
13.0759 2.96461 5.34603 9.64835 17.4306 31.513 57.036 103.386 187.693 341.176 621.553 1135.44 2077.89 3813.92 7028.31 13002.1 24126.3 45022.4 84116.5 -2.62145e+06 199189 250830 319506 412934 539600 713186 960942 1.31162e+06 1.81198e+06 2.54137e+06 3.61668e+06 5.19659e+06 7.53533e+06 1.10483e+07 1.62409e+07 2.38577e+07 3.47301e+07 5.00282e+07 7.19826e+07 1.0377e+08 
8.89977 2.01795 3.63929 6.56882 11.8686 21.4607 38.8489 70.4331 127.897 232.548 423.785 774.435 1417.84 2603.69 4800.76 8886.95 16503.1 30823.8 57982.5 109451 -3.07873e+06 262454 334919 433783 568208 753004 1.01777e+06 1.39394e+06 1.93281e+06 2.72159e+06 3.88908e+06 5.61096e+06 8.16923e+06 1.20224e+07 1.7733e+07 2.61287e+07 3.81266e+07 5.50019e+07 7.92206e+07 1.14284e+08 
5.98605 1.35741 2.44831 4.41967 7.98664 14.4437 26.1517 47.4235 86.1369 156.665 285.6 522.117 956.351 1757.19 3241.98 6005.76 11162.5 20869.4 39301.1 74288 141461 -3.63432e+06 343913 451648 593227 788555 1.06965e+06 1.47075e+06 2.04795e+06 2.89694e+06 4.15939e+06 6.02961e+06 8.82026e+06 1.30367e+07 1.93054e+07 2.8546e+07 4.17692e+07 6.03598e+07 8.70412e+07 1.25665e+08 
3.9857 0.903902 1.63053 2.94385 5.32058 9.62407 17.4291 31.614 57.4384 104.505 190.589 348.581 638.839 1174.54 2168.56 4020.61 7480.31 14001.2 26401.1 49982.6 95350.7 181655 -4.32155e+06 465046 612781 817462 1.11355e+06 1.53827e+06 2.15277e+06 3.06191e+06 4.42147e+06 6.44644e+06 9.48387e+06 1.40911e+07 2.09666e+07 3.11343e+07 4.57087e+07 6.61885e+07 9.55821e+07 1.38125e+08 
2.63299 0.597197 1.07743 1.94557 3.51699 6.36309 11.5265 20.9137 38.0103 69.1855 126.234 231 423.62 779.424 1440.27 2672.92 4978.8 9331.55 17622.6 33425 63901.1 123439 240629 -5.16595e+06 624264 836368 1.14517e+06 1.59097e+06 2.24037e+06 3.20819e+06 4.66598e+06 6.85224e+06 1.01537e+07 1.51866e+07 2.27334e+07 3.39394e+07 5.00368e+07 7.26436e+07 1.0509e+08 1.52036e+08 
1.71557 0.389166 0.702224 1.26827 2.29312 4.14984 7.51945 13.6477 24.8138 45.1861 82.488 151.035 277.172 510.392 944.01 1753.84 3271.14 6140.11 11615.2 22076.5 42306.7 81948.1 160260 315525 -6.23374e+06 847739 1.16758e+06 1.63279e+06 2.31582e+06 3.34261e+06 4.90261e+06 7.26151e+06 1.08525e+07 1.63606e+07 2.46675e+07 3.70625e+07 5.49151e+07 7.99716e+07 1.15933e+08 1.67941e+08 
1.10023 0.249617 0.450497 0.813795 1.47173 2.6641 4.82883 8.76739 15.9472 29.0543 53.0693 97.2319 178.574 329.128 609.372 1133.49 2117.15 3980.58 7544.12 14371.8 27615.4 53653.9 105302 208216 417555 -7.61955e+06 1.17693e+06 1.66459e+06 2.38045e+06 3.4675e+06 5.13591e+06 7.68346e+06 1.15991e+07 1.76497e+07 2.68374e+07 4.06266e+07 6.05509e+07 8.84986e+07 1.28608e+08 1.86579e+08 
0.700107 0.158865 0.286769 0.518148 0.937299 1.69721 3.0774 5.58971 10.172 18.5431 33.892 62.1415 114.23 210.755 390.668 727.68 1361.45 2564.64 4871.17 9304.7 17935 34970.8 68924.9 136988 276334 565519 -9.37646e+06 1.66458e+06 2.40516e+06 3.54459e+06 5.31735e+06 8.05999e+06 1.23308e+07 1.89994e+07 2.92196e+07 4.46803e+07 6.71188e+07 9.85756e+07 1.43716e+08 2.08891e+08 
0.436629 0.0990953 0.178917 0.323355 0.585092 1.05981 1.92239 3.49332 6.3603 11.6016 21.2196 38.9372 71.6442 132.332 245.611 458.171 858.764 1621.07 3086.27 5912.52 11435.5 22385.5 44326 88600.8 179903 372362 774935 -1.16892e+07 2.39556e+06 3.57914e+06 5.45161e+06 8.39592e+06 1.30566e+07 2.04331e+07 3.1873e+07 4.93537e+07 7.48703e+07 1.10631e+08 1.6194e+08 2.35911e+08 
0.264669 0.0600794 0.108498 0.196139 0.355005 0.643265 1.1673 2.12218 3.86593 7.0563 12.9156 23.7196 43.6885 80.7916 150.155 280.547 526.852 996.729 1902.42 3656 7097.18 13951.9 27765.9 55844.5 114209 238344 501177 1.07224e+06 -1.47961e+07 3.52244e+06 5.52041e+06 8.66336e+06 1.37391e+07 2.19128e+07 3.47781e+07 5.46878e+07 8.39659e+07 1.25004e+08 1.83879e+08 2.68587e+08 
0.155026 0.0351975 0.0635789 0.114967 0.20815 0.377306 0.684976 1.24591 2.27093 4.14788 7.5981 13.9663 25.752 47.6822 88.7469 166.093 312.555 592.707 1134.33 2187.26 4262.84 8418.44 16845.6 34111.5 70317.1 148095 315059 683352 1.50253e+06 -1.90499e+07 5.42829e+06 8.71884e+06 1.41717e+07 2.31616e+07 3.75949e+07 6.03152e+07 9.40692e+07 1.41431e+08 2.09378e+08 3.06857e+08 
0.0862475 0.0195859 0.0353875 0.0640074 0.115923 0.210209 0.38179 0.694787 1.26713 2.31604 4.24593 7.81162 14.4195 26.7335 49.83 93.4195 176.168 334.884 642.688 1243.57 2433.61 4828.92 9718.23 19820.3 41203 87633.1 188821 415832 940759 2.16866e+06 -2.48165e+07 8.29668e+06 1.39169e+07 2.35048e+07 3.93451e+07 6.49115e+07 1.03491e+08 1.57797e+08 2.35739e+08 3.47069e+08 
0.0418674 0.00950953 0.0171859 0.0310936 0.0563309 0.102186 0.185675 0.338061 0.616898 1.12834 2.07019 3.81213 7.04455 13.0772 24.4108 45.843 86.6307 165.078 317.684 616.837 1212.09 2416.58 4891.4 10048.3 21067.9 45258.5 98805.6 221082 509666 1.20248e+06 2.86416e+06 -3.34023e+07 1.21572e+07 2.13769e+07 3.71964e+07 6.36088e+07 1.04378e+08 1.62152e+08 2.45203e+08 3.63172e+08 
0.020412 0.00463717 0.00838241 0.01517 0.0274912 0.0498882 0.0906871 0.165196 0.301621 0.552057 1.01366 1.86824 3.45609 6.42378 12.0083 22.5894 42.7758 81.7049 157.666 307.182 606.065 1214.05 2471.38 5113.58 10813.5 23464.3 51913.6 118075 277587 671247 1.64997e+06 4.17519e+06 -4.54943e+07 2.01647e+07 3.6857e+07 6.59219e+07 1.12214e+08 1.78584e+08 2.74336e+08 4.09474e+08 
0.00873647 0.0019851 0.00358917 0.00649709 0.0117774 0.0213796 0.0388794 0.0708543 0.129436 0.237055 0.435578 0.80345 1.48779 2.76853 5.18219 9.76353 18.5234 35.4584 68.595 134.064 265.492 534.128 1093.01 2276.59 4852.42 10627.9 23809.5 55002.9 131784 326552 829493 2.18529e+06 6.00226e+06 -6.2806e+07 3.13119e+07 5.98213e+07 1.07934e+08 1.78857e+08 2.82321e+08 4.27277e+08 
0.00310526 0.000705697 0.0012762 0.00231069 0.00418973 0.00760805 0.0138405 0.0252335 0.0461183 0.0845121 0.15539 0.286841 0.531645 0.990354 1.85602 3.50183 6.65525 12.7654 24.7516 48.5146 96.4025 194.716 400.36 838.947 1801.07 3978.27 9014.3 21121.2 51489.2 130484 341817 936077 2.70078e+06 7.70825e+06 -8.89099e+07 4.5811e+07 8.94542e+07 1.5739e+08 2.59249e+08 4.01782e+08 
0.000931263 0.000211669 0.000382856 0.000693348 0.00125746 0.00228405 0.00415648 0.00758078 0.0138611 0.0254137 0.0467553 0.0863654 0.160205 0.298717 0.560434 1.05875 2.01529 3.87245 7.52396 14.7853 29.4689 59.732 123.34 259.845 561.409 1249.41 2859.65 6785.09 16797.3 43430.7 116994 332099 1.00216e+06 3.05521e+06 9.50406e+06 -1.27716e+08 6.45173e+07 1.24636e+08 2.18798e+08 3.52685e+08 
0.000230196 5.23281e-05 9.46619e-05 0.000171459 0.000311017 0.000565055 0.00102854 0.00187645 0.00343214 0.00629526 0.0115872 0.0214149 0.0397494 0.0741719 0.139275 0.263376 0.50194 0.965853 1.87962 3.70108 7.39427 15.0293 31.1374 65.8749 143.04 320.209 738.689 1769.97 4434.79 11647.6 32074.9 93708.4 293342 947904 3.19125e+06 1.10942e+07 -1.81745e+08 8.31576e+07 1.62375e+08 2.81978e+08 
4.57837e-05 1.04083e-05 1.88304e-05 3.41106e-05 6.18819e-05 0.000112442 0.000204706 0.00037353 0.000683355 0.00125374 0.00230833 0.00426756 0.00792445 0.0147939 0.0277939 0.0525922 0.100306 0.193183 0.376324 0.741928 1.48446 3.02242 6.27467 13.3092 28.9885 65.1291 150.977 363.964 918.796 2437.03 6805.92 20259 64967.6 218593 781380 2.98256e+06 1.15725e+07 -2.48256e+08 9.78469e+07 1.99275e+08 
7.15272e-06 1.62616e-06 2.9422e-06 5.33009e-06 9.67042e-06 1.75734e-05 3.19969e-05 5.8393e-05 0.000106844 0.00019606 0.000361054 0.000667664 0.00124015 0.00231597 0.00435279 0.00824014 0.0157245 0.0303031 0.059073 0.116566 0.233467 0.475914 0.98942 2.10238 4.58872 10.3348 24.0349 58.1742 147.578 393.951 1110.24 3345.15 10897.6 37676.5 140539 571721 2.4674e+06 1.06842e+07 -3.2845e+08 1.19785e+08 
8.47642e-07 1.92718e-07 3.48699e-07 6.31739e-07 1.14624e-06 2.08314e-06 3.79322e-06 6.92312e-06 1.26689e-05 2.32508e-05 4.2824e-05 7.92041e-05 0.000147148 0.000274864 0.000516739 0.000978535 0.00186803 0.0036015 0.00702422 0.0138688 0.027797 0.0567078 0.118005 0.251027 0.548613 1.23743 2.88325 6.99438 17.791 47.6509 134.903 408.909 1342.45 4706.09 17976.1 76059.3 353638 1.79586e+06 9.88609e+06 -4.17589e+08 
dt_FE: 2.39468e-09
dt_EA: 2.39468e-09
dt_PE: 2.39468e-09
tolC: 1e-06
dt_grow: 1.03
dt_max: 0.1
steps: 0
