t: 1.03513e-07
dt: 2.39185e-09
N: 0.0757794 0.0868891 0.0994755 0.113705 0.129737 0.14769 0.167714 0.189944 0.214446 0.241184 0.270201 0.301413 0.3344 0.368924 0.404602 0.440711 0.476208 0.510555 0.542838 0.571114 0.594706 0.612579 0.622954 0.623646 0.61388 0.591732 0.553113 0.497309 0.423766 0.334386 0.237352 0.149726 0.0779582 0.0345848 0.0131501 0.00422135 0.00112504 0.00024284 4.11332e-05 5.26601e-06 
eC: 1 1.15749 1.33977 1.55077 1.795 2.07768 2.40489 2.78363 3.22201 3.72944 4.31677 4.99661 5.78351 6.69433 7.7486 8.9689 10.3814 12.0163 13.9087 16.0991 18.6345 21.5692 24.9661 28.8979 33.4489 38.7167 44.814 51.8717 60.0407 69.4963 80.4411 93.1095 107.773 124.746 144.391 167.131 193.452 223.918 259.182 300 
dV: 1.08333 0.211322 0.327712 0.508206 0.788112 1.22218 1.89532 2.93921 4.55805 7.06849 10.9616 16.999 26.3615 40.8807 63.3966 98.3136 152.462 236.434 366.655 568.597 881.764 1367.42 2120.55 3288.49 5099.69 7908.45 12264.2 19019 29494.1 45738.6 70930.1 109996 170579 264529 410225 636165 986546 1.52991e+06 2.37254e+06 3.67926e+06 
kVec: 985781 1.14286e+06 1.3174e+06 1.51849e+06 1.7499e+06 2.0153e+06 2.31943e+06 2.66759e+06 3.0653e+06 3.51714e+06 4.03078e+06 4.61344e+06 5.26793e+06 6.00241e+06 6.82414e+06 7.73704e+06 8.73479e+06 9.82695e+06 1.10154e+07 1.22626e+07 1.35722e+07 1.49345e+07 1.63206e+07 1.76525e+07 1.89691e+07 2.03065e+07 2.1518e+07 2.28322e+07 2.45199e+07 2.70045e+07 3.07559e+07 3.70444e+07 4.77788e+07 6.42855e+07 8.96879e+07 1.28175e+08 1.82135e+08 2.48675e+08 3.28922e+08 4.18086e+08 
cMat: 
-116446 887.374 1042.71 1214.58 1415.89 1652.92 1932.16 2261.42 2651.21 3115.95 3669.41 4330.29 5129.95 6097.79 7271.97 8710.77 10499.4 12717.8 15485.2 19035 23578 29422.8 37089.3 47352.3 61042.7 79480.2 105255 141004 190957 262213 365149 513461 728911 1.0481e+06 1.51328e+06 2.18753e+06 3.14456e+06 4.49415e+06 6.43001e+06 9.23271e+06 
4458.9 -138949 1187.34 1383.06 1612.3 1882.23 2200.23 2575.21 3019.12 3548.41 4178.77 4931.5 5842.33 6944.78 8282.33 9921.43 11959.2 14486.8 17640.2 21685.6 26863.3 33525.6 42265.5 53967.3 69579.5 90608.7 120012 160802 217810 299146 416665 586018 832076 1.19666e+06 1.72806e+06 2.49839e+06 3.59184e+06 5.13377e+06 7.34556e+06 1.05477e+07 
3301.59 748.191 -159243 1570.7 1831.07 2137.64 2498.83 2924.74 3428.97 4030.19 4746.24 5601.34 6636.09 7888.61 9408.33 11270.8 13586.5 16459.1 20043.2 24641.8 30528.3 38103.7 48043.1 61353.4 79115.1 103044 136511 182947 247863 340503 474385 667360 947798 1.36338e+06 1.96923e+06 2.84757e+06 4.09443e+06 5.85265e+06 8.3747e+06 1.20261e+07 
2414.92 547.263 986.31 -182948 2073.82 2421.07 2830.19 3312.64 3883.81 4564.89 5376.08 6344.83 7517.21 8936.39 10658.5 12769.1 15393.6 18649.6 22712.6 27926.3 34601.3 43192.7 54467.4 69569 89725.4 116887 154885 207622 281366 386635 538804 758193 1.07709e+06 1.54976e+06 2.23893e+06 3.23825e+06 4.65692e+06 6.65737e+06 9.5269e+06 1.36814e+07 
1760.72 399.012 719.129 1297.04 -210542 2709.32 3195.67 3740.48 4385.51 5154.71 6070.9 7165.09 8489.37 10092.6 12038 14422.7 17388.4 21068 25660.3 31554.1 39101 48816.6 61569.1 78654.4 101464 132209 175233 234964 318511 437812 610315 859088 1.2208e+06 1.75702e+06 2.53902e+06 3.67313e+06 5.2833e+06 7.55369e+06 1.08105e+07 1.55257e+07 
1279.75 290.019 522.7 942.768 1686.85 -242544 3594.16 4207.01 4932.62 5797.96 6828.72 8059.82 9549.93 11354 13543.5 16227.6 19566.1 23708.9 28880 35518 44019.6 54966.5 69339.1 88600.3 114323 149005 197555 264983 359332 494106 689050 970281 1.37931e+06 1.98583e+06 2.87058e+06 4.15396e+06 5.97622e+06 8.54557e+06 1.22313e+07 1.75675e+07 
926.591 209.987 378.464 682.627 1232.39 2226.22 -279594 4711.96 5524.83 6494.3 7649.16 9028.59 10698.4 12720.3 15174.4 18183.2 21926.1 26571.7 32371.2 39817.8 49357.3 61643.6 77779.4 99411.1 128309 167287 221874 297717 403887 555612 775163 1.09202e+06 1.55303e+06 2.23682e+06 3.23457e+06 4.68222e+06 6.73794e+06 9.63634e+06 1.37941e+07 1.98139e+07 
667.785 151.338 272.763 491.985 888.225 1604.55 2901.43 -322413 6095.96 7241.59 8529.75 10068.5 11931.4 14187.3 16925.8 20283.8 24462 29648.6 36124.9 44442.7 55101.1 68832.3 86871.9 111065 143397 187025 248155 333128 452134 622289 868622 1.22428e+06 1.74198e+06 2.51009e+06 3.63123e+06 5.25836e+06 7.56924e+06 1.08272e+07 1.55009e+07 2.22676e+07 
478.876 108.527 195.607 352.825 637.001 1150.75 2080.91 3728.77 -372027 8032.64 9462.01 11169.6 13237.2 15741.4 18781.6 22510.2 27150.6 32912.1 40107.9 49352.6 61202.4 76473.7 96544.1 123473 159477 208083 276226 371000 503806 693800 969001 1.36654e+06 1.94549e+06 2.80479e+06 4.0595e+06 5.88108e+06 8.46847e+06 1.21161e+07 1.73487e+07 2.49249e+07 
341.729 77.4472 139.592 251.794 454.608 821.282 1485.18 2689.5 4877.21 -429267 10429.7 12312.8 14593.3 17355.8 20710.1 24824.9 29947.1 36308.5 44255.8 54469.6 67566.6 84451.8 106654 136458 176329 230186 305741 410893 558342 769431 1.07538e+06 1.51762e+06 2.16205e+06 3.11895e+06 4.51682e+06 6.547e+06 9.4312e+06 1.34969e+07 1.93296e+07 2.77746e+07 
242.304 54.9151 98.982 178.547 322.372 582.409 1053.25 1907.41 3459.14 6279.76 -495555 13487.6 15987.2 19015.7 22693.8 27206.8 32826.2 39807.2 48531.3 59748.2 74137.5 92697 117113 149911 193812 253152 336465 452499 615334 848633 1.18702e+06 1.6765e+06 2.39025e+06 3.45062e+06 5.00044e+06 7.2523e+06 1.04521e+07 1.49623e+07 2.14327e+07 3.08012e+07 
170.561 38.6564 69.6782 125.691 226.947 410.028 741.546 1342.99 2435.69 4422.1 8045.12 -572496 17265.1 20693.3 24699.5 29616.4 35740.7 43351.4 52865.7 65104.4 80811.9 101082 127765 163631 211673 276660 367979 495273 674064 930454 1.30265e+06 1.84146e+06 2.62775e+06 3.79655e+06 5.50586e+06 7.99069e+06 1.15223e+07 1.64998e+07 2.36407e+07 3.39803e+07 
119.318 27.0433 48.7472 87.9375 158.786 286.893 518.882 939.79 1704.56 3094.97 5631.23 10195.3 -661714 22327.3 26654.5 31967 38586.8 46816.3 57108.7 70355.9 87367.5 109334 138271 177200 229388 300046 399442 538137 733150 1.01311e+06 1.41994e+06 2.00946e+06 2.87058e+06 4.15149e+06 6.02611e+06 8.75291e+06 1.26295e+07 1.80926e+07 2.59304e+07 3.72792e+07 
82.8255 18.7728 33.8404 61.0488 110.239 199.19 360.283 652.586 1183.74 2149.53 3911.47 7136.08 13038.7 -765775 28524.2 34217.4 41314.7 50142 61187.3 75413 93693.4 117315 148458 190396 246673 322947 430375 580460 791751 1.09547e+06 1.53734e+06 2.1784e+06 3.11582e+06 4.51136e+06 6.55546e+06 9.53088e+06 1.37623e+07 1.97247e+07 2.82791e+07 4.06656e+07 
56.985 12.9164 23.2843 42.0074 75.8587 137.077 247.956 449.163 814.821 1479.79 2693.1 4914 8980.17 16456.3 -887588 35916.7 43869.2 53261.3 65019.9 80175.7 99666 124871 158134 202975 263215 344958 460252 621547 848943 1.17629e+06 1.65319e+06 2.34597e+06 3.36032e+06 4.8718e+06 7.08782e+06 1.03161e+07 1.49089e+07 2.13793e+07 3.06631e+07 4.41059e+07 
38.8824 8.81354 15.8889 28.6668 51.7708 93.5571 169.247 306.614 556.286 1010.4 1839.12 3356.34 6134.84 11244.8 20459 -1.03169e+06 46161.7 56067.9 68478.1 84487.6 105094 131768 167006 214573 278557 365501 488332 660452 903511 1.25401e+06 1.76546e+06 2.50958e+06 3.60073e+06 5.22842e+06 7.61751e+06 1.11012e+07 1.60596e+07 2.30438e+07 3.30652e+07 4.75762e+07 
26.3596 5.97526 10.7727 19.4374 35.1055 63.446 114.787 207.975 377.377 685.548 1248.05 2278.12 4165.03 7636.39 14054.8 25963.3 -1.20175e+06 58443.1 71418.9 88175.6 109766 137746 174759 224798 292213 383973 513871 696251 954322 1.32725e+06 1.87252e+06 2.66734e+06 3.83497e+06 5.57908e+06 8.14255e+06 1.18849e+07 1.72142e+07 2.47195e+07 3.54889e+07 5.1083e+07 
17.7183 4.01663 7.24198 13.0678 23.6034 42.6625 77.194 139.881 253.855 461.239 839.862 1533.38 2804.22 5143.03 9469.19 17499.6 32431.5 -1.4055e+06 73901.4 91310.6 113769 142910 181518 233806 304377 400618 537174 729336 1.00188e+06 1.39669e+06 1.97528e+06 2.82053e+06 4.06488e+06 5.92646e+06 8.66691e+06 1.26729e+07 1.83815e+07 2.64189e+07 3.79523e+07 5.46525e+07 
11.8128 2.67805 4.82886 8.71414 15.7411 28.4548 51.4931 93.3225 169.389 307.831 560.651 1023.87 1873.02 3436.4 6329.54 11702.8 21700.6 40464.8 -1.6529e+06 93411.1 117182 147361 187413 241766 315273 415736 558659 760300 1.04706e+06 1.46361e+06 2.07567e+06 2.97209e+06 4.29498e+06 6.27761e+06 9.20151e+06 1.34823e+07 1.95869e+07 2.81794e+07 4.05102e+07 5.83646e+07 
7.8668 1.78359 3.21632 5.80471 10.4867 18.9591 34.3144 62.1999 112.921 205.261 373.943 683.112 1250.12 2294.56 4228.42 7822.41 14515 27086.7 50606.8 -1.95241e+06 119838 150906 192224 248432 324638 429072 578129 789104 1.09014e+06 1.52896e+06 2.17589e+06 3.12641e+06 4.53346e+06 6.64698e+06 9.77098e+06 1.43534e+07 2.08946e+07 3.00983e+07 4.33067e+07 6.24312e+07 
5.22603 1.18496 2.13703 3.85727 6.96938 12.6019 22.8124 41.359 75.1026 136.554 248.851 454.756 832.57 1528.91 2819.06 5218.51 9690.8 18100.1 34047.9 64270.8 -2.32278e+06 154115 196668 254721 333657 442172 597646 818538 1.13496e+06 1.59814e+06 2.28371e+06 3.29481e+06 4.79705e+06 7.05965e+06 1.0413e+07 1.5343e+07 2.23883e+07 3.22976e+07 4.65191e+07 6.71088e+07 
3.46754 0.786309 1.41823 2.56018 4.62642 8.36683 15.1489 27.471 49.8966 90.7515 165.44 302.447 553.986 1017.89 1877.98 3478.96 6466.08 12089 22766 43032.8 81944.2 -2.78728e+06 199219 261626 343639 456787 619614 851963 1.18632e+06 1.67811e+06 2.40941e+06 3.49278e+06 5.10931e+06 7.5518e+06 1.1183e+07 1.65358e+07 2.41957e+07 3.49646e+07 5.04204e+07 7.27943e+07 
2.31178 0.524279 0.945738 1.70748 3.08603 5.58213 10.1092 18.3367 33.3153 60.615 110.545 202.183 370.538 681.254 1257.8 2332.02 4338.71 8120.95 15313.1 28990.8 55305.1 105363 -3.37919e+06 269735 355424 474143 645880 892222 1.24865e+06 1.77596e+06 2.56453e+06 3.73905e+06 5.50081e+06 8.17309e+06 1.2161e+07 1.80585e+07 2.65119e+07 3.83905e+07 5.54393e+07 8.01149e+07 
1.55843 0.353474 0.637717 1.15156 2.08166 3.76623 6.8224 12.3785 22.4978 40.95 74.7164 136.726 250.735 461.331 852.474 1582.07 2946.89 5523.23 10430.6 19783.8 37822.2 73061.9 142425 -4.13044e+06 369494 495036 677811 941677 1.32605e+06 1.89889e+06 2.76173e+06 4.05575e+06 6.00983e+06 8.98875e+06 1.34556e+07 2.00883e+07 2.96161e+07 4.29968e+07 6.22013e+07 8.9988e+07 
1.05684 0.239738 0.432591 0.781292 1.41263 2.55642 4.6322 8.40738 15.286 27.8359 50.815 93.042 170.746 314.416 581.538 1080.42 2015.12 3782.49 7155.29 13599.7 26062.2 50482.4 98724.6 194373 -5.11102e+06 522232 719265 1.00585e+06 1.42661e+06 2.05915e+06 3.02015e+06 4.4733e+06 6.68547e+06 1.00786e+07 1.51959e+07 2.28316e+07 3.38293e+07 4.92648e+07 7.1418e+07 1.03457e+08 
0.719587 0.163258 0.294639 0.532248 0.962557 1.7424 3.15821 5.73415 10.4299 19.0025 34.709 63.5927 116.793 215.26 398.549 741.336 1384.68 2603.42 4934.09 9399.62 18061.3 35091.3 68870.9 136180 273094 -6.41932e+06 769750 1.0887e+06 1.55689e+06 2.26785e+06 3.35905e+06 5.02523e+06 7.58616e+06 1.15435e+07 1.75525e+07 2.65711e+07 3.96022e+07 5.78809e+07 8.41135e+07 1.22029e+08 
0.494764 0.112269 0.202658 0.366174 0.662386 1.19941 2.17479 3.95023 7.18855 13.1044 23.9514 43.9152 80.726 148.94 276.084 514.249 962.131 1812.42 3442.44 6575.6 12674.6 24713.7 48709 96809.1 195285 399650 -8.11721e+06 1.17635e+06 1.69972e+06 2.50495e+06 3.75776e+06 5.69597e+06 8.71416e+06 1.34268e+07 2.06494e+07 3.15754e+07 4.74326e+07 6.96631e+07 1.01563e+08 1.47623e+08 
0.336947 0.0764719 0.13807 0.249534 0.451516 0.817853 1.48351 2.6958 4.90825 8.95299 16.3752 30.0479 55.2879 102.12 189.538 353.571 662.709 1250.98 2381.67 4562.7 8824.81 17274.9 34206.4 68373.3 138832 287352 598018 -1.03923e+07 1.84865e+06 2.76203e+06 4.20701e+06 6.47914e+06 1.00758e+07 1.57683e+07 2.45964e+07 3.80863e+07 5.77775e+07 8.53741e+07 1.24969e+08 1.82053e+08 
0.223525 0.0507396 0.0916314 0.165648 0.299817 0.543265 0.985837 1.79227 3.26494 5.95935 10.9078 20.0322 36.8968 68.232 126.812 236.934 444.949 841.78 1606.67 3087.64 5993.87 11783 23449.5 47163.1 96454.3 201291 423265 905554 -1.34885e+07 2.97485e+06 4.66222e+06 7.31658e+06 1.16032e+07 1.85063e+07 2.93716e+07 4.61862e+07 7.09128e+07 1.05571e+08 1.55293e+08 2.26833e+08 
0.142 0.0322402 0.0582369 0.105307 0.190661 0.345605 0.627424 1.14123 2.08013 3.79937 6.9597 12.7928 23.5883 43.6759 81.2903 152.138 286.294 542.907 1039.02 2003.48 3904.67 7711.12 15430.2 31245.5 64409 135652 288588 625937 1.37629e+06 -1.77532e+07 4.9722e+06 7.98627e+06 1.29809e+07 2.12155e+07 3.44361e+07 5.52475e+07 8.61654e+07 1.29548e+08 1.91786e+08 2.81075e+08 
0.0841885 0.0191183 0.0345427 0.0624793 0.113156 0.205191 0.372675 0.6782 1.23688 2.26075 4.14456 7.62513 14.0753 26.0953 48.6403 91.1892 171.962 326.889 627.345 1213.88 2375.51 4713.64 9486.22 19347.1 40219.4 85540.9 184313 405905 918299 2.11688e+06 -2.35446e+07 8.09861e+06 1.35846e+07 2.29436e+07 3.84058e+07 6.33618e+07 1.0102e+08 1.5403e+08 2.30111e+08 3.38783e+08 
0.0449643 0.0102129 0.0184571 0.0333936 0.0604978 0.109745 0.199409 0.363067 0.66253 1.2118 2.22332 4.09412 7.56564 14.0445 26.2165 49.2341 93.0388 177.289 341.183 662.464 1301.74 2595.34 5253.21 10791.6 22626.3 48606.3 106114 237436 547366 1.29143e+06 3.07602e+06 -3.18305e+07 1.30565e+07 2.29582e+07 3.99478e+07 6.8314e+07 1.12099e+08 1.74146e+08 2.6334e+08 3.90035e+08 
0.021327 0.00484504 0.00875817 0.01585 0.0287236 0.0521245 0.0947523 0.172601 0.315142 0.576804 1.0591 1.95198 3.61101 6.71174 12.5466 23.602 44.6932 85.3675 164.733 320.952 633.233 1268.47 2582.17 5342.81 11298.3 24516.2 54240.7 123368 290030 701337 1.72393e+06 4.36235e+06 -4.42474e+07 2.10686e+07 3.85092e+07 6.8877e+07 1.17244e+08 1.8659e+08 2.86634e+08 4.27829e+08 
0.00880664 0.00200105 0.003618 0.00654927 0.011872 0.0215514 0.0391916 0.0714235 0.130475 0.238959 0.439077 0.809903 1.49974 2.79076 5.22381 9.84195 18.6722 35.7432 69.1459 135.141 267.624 538.419 1101.78 2294.88 4891.4 10713.2 24000.7 55444.6 132842 329175 836156 2.20284e+06 6.05047e+06 -6.21424e+07 3.15634e+07 6.03018e+07 1.08801e+08 1.80294e+08 2.84589e+08 4.30709e+08 
0.0031159 0.000708114 0.00128057 0.00231861 0.00420408 0.00763411 0.0138879 0.0253199 0.0462762 0.0848016 0.155922 0.287824 0.533466 0.993747 1.86238 3.51382 6.67805 12.8091 24.8364 48.6808 96.7327 195.383 401.732 841.821 1807.24 3991.89 9045.18 21193.5 51665.5 130931 342987 939283 2.71003e+06 7.73465e+06 -8.85401e+07 4.59679e+07 8.97606e+07 1.57929e+08 2.60137e+08 4.03159e+08 
0.000932336 0.000211913 0.000383297 0.000694146 0.00125891 0.00228668 0.00416127 0.00758951 0.013877 0.025443 0.0468091 0.086465 0.16039 0.299061 0.56108 1.05996 2.01761 3.87691 7.53263 14.8023 29.5028 59.8008 123.482 260.144 562.056 1250.85 2862.94 6792.9 16816.7 43480.7 117129 332481 1.00332e+06 3.05873e+06 9.51501e+06 -1.27644e+08 6.45916e+07 1.24779e+08 2.1905e+08 3.53092e+08 
0.000230268 5.23444e-05 9.46913e-05 0.000171512 0.000311114 0.000565231 0.00102886 0.00187703 0.00343321 0.00629722 0.0115908 0.0214216 0.0397618 0.074195 0.139319 0.263458 0.502096 0.966153 1.88021 3.70223 7.39657 15.034 31.1471 65.8955 143.084 320.309 738.919 1770.52 4436.17 11651.3 32084.9 93737.5 293433 948199 3.19224e+06 1.10977e+07 -1.81933e+08 8.31835e+07 1.62425e+08 2.82066e+08 
4.57868e-05 1.0409e-05 1.88317e-05 3.41129e-05 6.1886e-05 0.00011245 0.00020472 0.000373555 0.000683401 0.00125382 0.00230848 0.00426784 0.00792499 0.0147949 0.0277957 0.0525958 0.100313 0.193196 0.376349 0.741978 1.48456 3.02263 6.27509 13.3101 28.9904 65.1335 150.988 363.988 918.858 2437.19 6806.38 20260.3 64972 218608 781433 2.98276e+06 1.15733e+07 -2.48615e+08 9.78535e+07 1.99288e+08 
7.1528e-06 1.62618e-06 2.94223e-06 5.33015e-06 9.67053e-06 1.75736e-05 3.19973e-05 5.83936e-05 0.000106845 0.000196062 0.000361058 0.000667672 0.00124016 0.002316 0.00435284 0.00824024 0.0157247 0.0303035 0.0590737 0.116567 0.23347 0.475919 0.989431 2.10241 4.58878 10.3349 24.0352 58.1749 147.58 393.956 1110.25 3345.19 10897.8 37676.9 140541 571727 2.46742e+06 1.06843e+07 -3.28909e+08 1.19786e+08 
8.47644e-07 1.92718e-07 3.487e-07 6.3174e-07 1.14624e-06 2.08314e-06 3.79322e-06 6.92313e-06 1.26689e-05 2.32509e-05 4.28241e-05 7.92043e-05 0.000147148 0.000274865 0.00051674 0.000978537 0.00186804 0.00360151 0.00702423 0.0138689 0.027797 0.0567079 0.118005 0.251028 0.548614 1.23744 2.88325 6.99439 17.791 47.651 134.903 408.91 1342.45 4706.1 17976.1 76059.4 353639 1.79586e+06 9.8861e+06 -4.18084e+08 
dt_FE: 2.39185e-09
dt_EA: 2.39185e-09
dt_PE: 2.39185e-09
tolC: 1e-06
dt_grow: 1.03
dt_max: 0.1
steps: 0
