t: 4.49174e-06
dt: 7.83879e-07
N: 0.928603 0.93383 0.936647 0.937831 0.937996 0.937552 0.936736 0.935652 0.93433 0.932751 0.930874 0.928639 0.925969 0.922762 0.918892 0.914192 0.908445 0.901362 0.892557 0.88151 0.867509 0.849578 0.826383 0.796113 0.756384 0.704253 0.636575 0.551086 0.448584 0.335672 0.225501 0.133315 0.0684649 0.0303135 0.0114883 0.0036835 0.000981053 0.000211646 3.58359e-05 4.58652e-06 
eC: 1 1.15749 1.33977 1.55077 1.795 2.07768 2.40489 2.78363 3.22201 3.72944 4.31677 4.99661 5.78351 6.69433 7.7486 8.9689 10.3814 12.0163 13.9087 16.0991 18.6345 21.5692 24.9661 28.8979 33.4489 38.7167 44.814 51.8717 60.0407 69.4963 80.4411 93.1095 107.773 124.746 144.391 167.131 193.452 223.918 259.182 300 
dV: 1.08333 0.211322 0.327712 0.508206 0.788112 1.22218 1.89532 2.93921 4.55805 7.06849 10.9616 16.999 26.3615 40.8807 63.3966 98.3136 152.462 236.434 366.655 568.597 881.764 1367.42 2120.55 3288.49 5099.69 7908.45 12264.2 19019 29494.1 45738.6 70930.1 109996 170579 264529 410225 636165 986546 1.52991e+06 2.37254e+06 3.67926e+06 
kVec: 1.0301e+06 1.19339e+06 1.37488e+06 1.58371e+06 1.82368e+06 2.09841e+06 2.41263e+06 2.77155e+06 3.18052e+06 3.64376e+06 4.16863e+06 4.76184e+06 5.42518e+06 6.16589e+06 6.99004e+06 7.89977e+06 8.88627e+06 9.95716e+06 1.11117e+07 1.23082e+07 1.35478e+07 1.48183e+07 1.60891e+07 1.72809e+07 1.84372e+07 1.96007e+07 2.06412e+07 2.18077e+07 2.33972e+07 2.58634e+07 2.96964e+07 3.61556e+07 4.71157e+07 6.38682e+07 8.9496e+07 1.28173e+08 1.82276e+08 2.48899e+08 3.2919e+08 4.18366e+08 
cMat: 
-60909.7 68.5508 80.551 93.8279 109.379 127.69 149.262 174.698 204.809 240.711 283.466 334.52 396.295 471.062 561.769 672.918 811.091 982.466 1196.25 1470.48 1821.43 2272.95 2865.2 3658.02 4715.63 6139.95 8131.09 10892.7 14751.6 20256.3 28208.2 39665.5 56309.3 80967.1 116903 168990 242921 347178 496726 713239 
323.119 -71146.7 86.0422 100.225 116.838 136.398 159.442 186.616 218.784 257.14 302.82 357.367 423.372 503.262 600.189 718.968 866.638 1049.8 1278.32 1571.47 1946.68 2429.47 3062.82 3910.8 5042.16 6566.07 8696.84 11652.7 15783.8 21678 30194.1 42466.5 60297.4 86717.4 125226 181049 260287 372025 532305 764355 
232.27 52.636 -82653.4 110.5 128.818 150.385 175.795 205.759 241.231 283.528 333.903 394.059 466.856 554.972 661.885 792.911 955.822 1157.91 1410.06 1733.57 2147.7 2680.63 3379.88 4316.27 5565.82 7249.27 9603.68 12870.5 17437.4 23954.7 33373.5 46949.4 66678.5 95915.4 138537 200330 288047 411740 589168 846049 
169.395 38.3878 69.1848 -96142.2 145.468 169.826 198.524 232.365 272.43 320.204 377.105 445.058 527.295 626.844 747.638 895.687 1079.78 1308.18 1593.18 1958.89 2427.11 3029.75 3820.62 4879.92 6293.79 8199.06 10864.4 14563.7 19736.4 27120.5 37794.4 53183.5 75552.6 108708 157050 227147 326660 466981 668265 959684 
125.447 28.4287 51.2364 92.4114 -111979 193.033 227.684 266.501 312.458 367.262 432.538 510.497 604.849 719.073 857.685 1027.59 1238.88 1501.05 1828.24 2248.16 2785.87 3478.07 4386.67 5603.95 7229.09 9419.62 12485 16740.6 22693.2 31193.2 43483.6 61208.2 86979 125184 180900 261703 376423 538184 770223 1.10617e+06 
93.766 21.2493 38.2976 69.0755 123.593 -130568 263.34 308.243 361.408 424.81 500.333 590.534 699.712 831.897 992.319 1188.98 1433.59 1737.12 2116 2602.36 3225.27 4027.33 5080.39 6491.64 8376.28 10917.4 14474.7 19415 26327.8 36202.6 50485.9 71091.4 101061 145500 210324 304356 437871 626124 896171 1.28715e+06 
70.4327 15.9617 28.7681 51.8884 93.6771 169.221 -152445 358.169 419.958 493.649 581.434 686.288 813.215 966.904 1153.45 1382.15 1666.67 2019.79 2460.63 3026.66 3751.78 4685.7 5912.23 7556.51 9753.11 12715.9 16865.3 22630.3 30700.5 42233.6 58922.3 83007.2 118050 170027 245868 355908 512170 732485 1.04853e+06 1.50611e+06 
53.0462 12.0217 21.6672 39.0813 70.5571 127.459 230.478 -178272 484.239 575.244 677.569 799.802 947.783 1126.99 1344.52 1611.27 1943.17 2355.17 2869.62 3530.35 4377.01 5467.77 6900.76 8822.57 11390.9 14856.5 19712.5 26462.4 35915.8 49432.2 68999.9 97252.2 138376 199391 288451 417704 601271 860071 1.23133e+06 1.76885e+06 
40.0328 9.07262 16.3523 29.4953 53.2517 96.2001 173.959 311.716 -208838 671.509 791.001 933.753 1106.6 1315.94 1570.09 1881.8 2269.72 2751.37 3352.92 4125.76 5116.37 6393.01 8070.85 10322 13331.9 17395.2 23091.9 31014.7 42117 58000 81006.1 114240 162639 234474 339365 491644 707943 1.01287e+06 1.45031e+06 2.08366e+06 
30.2853 6.86367 12.3712 22.3149 40.2891 72.7851 131.622 238.353 432.237 -245027 924.319 1091.21 1293.31 1538.13 1835.41 2200.08 2654.03 3217.8 3922.12 4827.3 5988.01 7484.43 9452.05 12093.4 15626.9 20399.9 27095.9 36414.9 49482.4 68189.8 95304.4 134497 191609 276413 400297 580220 835829 1.19615e+06 1.71306e+06 2.46149e+06 
22.9508 5.2015 9.37548 16.9118 30.5348 55.1652 99.7631 180.668 327.646 594.813 -288153 1277.53 1514.29 1801.15 2149.53 2577 3109.27 3770.5 4596.84 5659.29 7022.23 8780.17 11092.9 14199.4 18357.7 23978.3 31869.6 42860.3 58283.8 80381.7 112434 158797 226402 326839 473637 686931 990010 1.41721e+06 2.03008e+06 2.91746e+06 
17.4228 3.94874 7.11761 12.8393 23.1826 41.8842 75.7487 137.186 248.805 451.716 821.807 -339803 1763.63 2113.82 2523.05 3025.3 3650.91 4428.33 5400.21 6650.4 8254.92 10325.5 13051.1 16714.9 21622.4 28260.7 37589 50592 68855.5 95045.7 133065 188105 268424 387816 562422 816247 1.177e+06 1.68545e+06 2.41489e+06 3.47108e+06 
13.2712 3.00789 5.4219 9.78082 17.6609 31.9096 57.7126 104.528 189.589 344.237 626.332 1133.97 -401630 2483.35 2964.64 3555.52 4291.8 5207.13 6351.9 7825.31 9717.43 12160.7 15379.1 19709 25513.6 33372.6 44427.8 59854.1 81544.5 112683 157932 223502 319279 461748 670253 973540 1.40471e+06 2.01234e+06 2.8841e+06 4.14636e+06 
10.137 2.29761 4.14173 7.47178 13.4921 24.3789 44.0952 79.8701 144.878 263.081 478.726 873.387 1595.8 -476236 3491.09 4187.87 5056.52 6136.89 7488.73 9229.82 11467.2 14358.2 18169.8 23302.6 30190.4 39525.6 52673.7 71042.7 96902.7 134075 188156 266615 381346 552147 802325 1.16649e+06 1.68438e+06 2.41411e+06 3.46108e+06 4.97707e+06 
7.76275 1.75953 3.1719 5.72243 10.3338 18.6733 33.7776 61.1869 110.998 201.583 366.866 669.407 1223.32 2241.74 -566945 4892.73 5976.06 7255.49 8857.3 10921.9 13576.9 17010.5 21541.7 27650.2 35856.4 46991.7 62697.5 84669.9 115647 160239 225205 319579 457758 663657 965533 1.4053e+06 2.03095e+06 2.91239e+06 4.17707e+06 6.0083e+06 
5.96546 1.3522 2.43772 4.39815 7.94284 14.3538 25.9664 47.0417 85.3471 155.018 282.163 514.94 941.227 1725.21 3138.88 -677861 7082.27 8602.11 10506.1 12962.4 16123.8 20216.2 25622.6 32920.4 42737.1 56076.2 74921.5 101329 138619 192393 270863 385028 552436 802161 1.1687e+06 1.70318e+06 2.46391e+06 3.53546e+06 5.07297e+06 7.29929e+06 
4.60749 1.04444 1.883 3.39752 6.1362 11.0899 20.064 36.3527 65.9629 119.829 218.151 398.199 728.02 1334.79 2456.69 4538.22 -813584 10215.5 12483.6 15412.5 19186.4 24077.1 30546.7 39293.2 51076.9 67116 89821.3 121700 166809 231994 327303 466233 670328 975187 1.42326e+06 2.07739e+06 3.00893e+06 4.3208e+06 6.20323e+06 8.92897e+06 
3.57079 0.809477 1.45949 2.63357 4.75682 8.59782 15.557 28.1904 51.1598 92.9541 169.259 309.024 565.138 1036.48 1908.34 3526.71 6535.97 -982158 14893.4 18402 22928 28800.9 36581.6 47119.2 61341.5 80737.1 108257 146984 201911 281477 398081 568425 819200 1.19437e+06 1.74665e+06 2.55399e+06 3.70445e+06 5.32423e+06 7.64857e+06 1.10142e+07 
2.77625 0.629398 1.13488 2.04801 3.6995 6.68748 12.102 21.9328 39.81 72.3467 131.765 240.631 440.198 807.626 1487.57 2750.4 5100.11 9510.08 -1.19387e+06 21953.6 27540.1 34633 44046.1 56820.1 74095.7 97706.7 131297 178686 246081 343979 487826 698503 1.00941e+06 1.47537e+06 2.16255e+06 3.16861e+06 4.60333e+06 6.62276e+06 9.52074e+06 1.37169e+07 
2.17339 0.49276 0.888585 1.60369 2.89721 5.2379 9.48018 17.1842 31.1972 56.7083 103.311 188.726 345.374 633.926 1168.2 2161.13 4010.12 7483.35 13981.3 -1.4584e+06 33108 41691.4 53106.4 68635.3 89689.1 118542 159722 218009 301176 422411 601143 863746 1.25248e+06 1.83639e+06 2.69947e+06 3.96548e+06 5.77262e+06 8.31538e+06 1.19645e+07 1.72481e+07 
1.7084 0.387366 0.698599 1.26095 2.27831 4.11959 7.45743 13.5203 24.5512 44.6399 81.3499 148.661 272.169 499.805 921.555 1705.94 3167.94 5916.95 11130.3 21010.3 -1.79497e+06 50380.6 64291.2 83268.9 109073 144547 195372 267582 371022 522436 746548 1.07708e+06 1.56817e+06 2.30781e+06 3.40402e+06 5.01566e+06 7.31879e+06 1.05582e+07 1.52072e+07 2.1938e+07 
1.34632 0.305296 0.550648 0.994026 1.79627 3.24854 5.88177 10.666 19.373 35.2356 64.2343 117.429 215.093 395.209 729.154 1350.75 2510.54 4693.73 8839.21 16708.1 31816 -2.229e+06 77349.5 101580 133423 177354 240574 330787 460605 651550 935489 1.35612e+06 1.98376e+06 2.93209e+06 4.34197e+06 6.42027e+06 9.39431e+06 1.35755e+07 1.95764e+07 2.82634e+07 
1.0645 0.241413 0.435481 0.786238 1.42101 2.57038 4.65495 8.44344 15.3406 27.9112 50.9023 93.0987 170.62 313.695 579.177 1073.82 1997.83 3739.43 7051.16 13349.3 25466.1 48516.3 -2.79334e+06 124204 163661 218327 297406 410838 574959 817771 1.18088e+06 1.72171e+06 2.53294e+06 3.76343e+06 5.59973e+06 8.31532e+06 1.22078e+07 1.76775e+07 2.5528e+07 3.68902e+07 
0.844269 0.191492 0.345479 0.623848 1.12773 2.04033 3.69599 6.70599 12.188 22.1844 40.4771 74.0702 135.834 249.923 461.822 857.074 1596.46 2992.17 5650.68 10717.8 20489.9 39580.8 77158 -3.52336e+06 200171 268182 367199 510147 718376 1.02871e+06 1.49615e+06 2.19718e+06 3.25578e+06 4.86959e+06 7.28947e+06 1.08827e+07 1.60443e+07 2.32932e+07 3.36971e+07 4.87504e+07 
0.666797 0.151259 0.272936 0.492944 0.891276 1.61293 2.92261 5.30451 9.64448 17.5627 32.0609 58.7035 107.73 198.376 366.912 681.674 1271.41 2386.5 4514.52 8580.55 16443.5 31851.1 62288.8 122637 -4.49161e+06 329494 453809 634623 900100 1.29919e+06 1.90552e+06 2.82236e+06 4.2181e+06 6.35895e+06 9.58762e+06 1.44053e+07 2.13441e+07 3.10829e+07 4.50601e+07 6.52743e+07 
0.521264 0.118263 0.213435 0.385557 0.69727 1.26219 2.28778 4.15378 7.55539 13.7653 25.143 46.0662 84.6042 155.933 288.706 537.019 1003.06 1885.9 3574.23 6809.02 13083.5 25419.9 49889.7 98648 197828 -5.79686e+06 557602 788644 1.1278e+06 1.64282e+06 2.43327e+06 3.64024e+06 5.49537e+06 8.36203e+06 1.27149e+07 1.92479e+07 2.86876e+07 4.19285e+07 6.09313e+07 8.83969e+07 
0.40236 0.0913013 0.164809 0.297786 0.538677 0.975406 1.76862 3.21247 5.84599 10.657 19.4781 35.7135 65.6493 121.123 224.522 418.206 782.44 1473.93 2799.52 5347.52 10307.4 20098.1 39612 78728.7 158813 325010 -7.50154e+06 956653 1.38227e+06 2.03711e+06 3.05595e+06 4.63217e+06 7.08667e+06 1.09192e+07 1.67929e+07 2.56783e+07 3.8574e+07 5.66526e+07 8.25951e+07 1.20052e+08 
0.300901 0.0682911 0.1233 0.222839 0.403213 0.73036 1.32481 2.40741 4.38317 7.99521 14.6234 26.8334 49.3733 91.1957 169.262 315.746 591.813 1117.15 2126.89 4074.58 7880.74 15426.8 30547.1 61058.8 123980 256612 534043 -9.78978e+06 1.65089e+06 2.46655e+06 3.75695e+06 5.78601e+06 8.99788e+06 1.40814e+07 2.19651e+07 3.40119e+07 5.15966e+07 7.62409e+07 1.116e+08 1.62577e+08 
0.213897 0.0485543 0.0876848 0.158513 0.286904 0.519866 0.943377 1.71508 3.12432 5.70268 10.438 19.1694 35.3077 65.2932 121.35 226.729 425.785 805.525 1537.47 2954.66 5735.71 11275.5 22439.5 45131.8 92300 192622 405035 866552 -1.29016e+07 2.84673e+06 4.46142e+06 7.00145e+06 1.11035e+07 1.77092e+07 2.81066e+07 4.41969e+07 6.78585e+07 1.01024e+08 1.48605e+08 2.17064e+08 
0.141726 0.0321778 0.0581244 0.105104 0.190293 0.344937 0.626211 1.13902 2.07611 3.79203 6.94625 12.7681 23.5427 43.5915 81.1332 151.844 285.74 541.858 1037.01 1999.61 3897.13 7696.22 15400.4 31185.1 64284.5 135389 288030 624727 1.37363e+06 -1.71818e+07 4.96259e+06 7.97084e+06 1.29559e+07 2.11745e+07 3.43696e+07 5.51407e+07 8.59989e+07 1.29298e+08 1.91415e+08 2.80532e+08 
0.0854967 0.0194154 0.0350795 0.0634502 0.114914 0.208379 0.378467 0.688739 1.2561 2.29588 4.20896 7.74362 14.294 26.5008 49.3962 92.6063 174.634 331.969 637.094 1232.74 2412.43 4786.89 9633.63 19647.8 40844.4 86870.2 187177 412213 932570 2.14978e+06 -2.29998e+07 8.22446e+06 1.37957e+07 2.33002e+07 3.90026e+07 6.43464e+07 1.0259e+08 1.56424e+08 2.33687e+08 3.44047e+08 
0.0458322 0.0104101 0.0188133 0.0340381 0.0616654 0.111863 0.203258 0.370075 0.675317 1.23519 2.26623 4.17313 7.71166 14.3155 26.7225 50.1843 94.8344 180.711 347.768 675.25 1326.87 2645.43 5354.6 10999.9 23063 49544.4 108162 242019 557930 1.31635e+06 3.13539e+06 -3.13355e+07 1.33085e+07 2.34013e+07 4.07188e+07 6.96324e+07 1.14262e+08 1.77507e+08 2.68423e+08 3.97563e+08 
0.0215466 0.00489492 0.00884834 0.0160132 0.0290193 0.0526612 0.0957279 0.174378 0.318386 0.582743 1.07 1.97208 3.64819 6.78084 12.6758 23.845 45.1534 86.2464 166.429 324.257 639.753 1281.53 2608.75 5397.82 11414.6 24768.6 54799.2 124638 293016 708558 1.74168e+06 4.40727e+06 -4.38899e+07 2.12856e+07 3.89057e+07 6.95861e+07 1.18451e+08 1.88511e+08 2.89585e+08 4.32234e+08 
0.0088456 0.0020099 0.003634 0.00657825 0.0119245 0.0216467 0.039365 0.0717394 0.131053 0.240016 0.441019 0.813487 1.50638 2.80311 5.24692 9.88549 18.7548 35.9013 69.4519 135.739 268.808 540.801 1106.66 2305.03 4913.04 10760.6 24106.9 55689.9 133430 330631 839855 2.21259e+06 6.07724e+06 -6.19322e+07 3.1703e+07 6.05686e+07 1.09282e+08 1.81091e+08 2.85848e+08 4.32615e+08 
0.00312115 0.000709307 0.00128272 0.00232251 0.00421116 0.00764696 0.0139112 0.0253626 0.0463542 0.0849444 0.156185 0.288308 0.534364 0.99542 1.86551 3.51974 6.68929 12.8307 24.8782 48.7628 96.8956 195.712 402.408 843.239 1810.28 3998.62 9060.41 21229.2 51752.5 131152 343565 940865 2.71459e+06 7.74767e+06 -8.84678e+07 4.60453e+07 8.99118e+07 1.58195e+08 2.60575e+08 4.03838e+08 
0.00093284 0.000212028 0.000383505 0.000694521 0.00125959 0.00228792 0.00416351 0.00759361 0.0138845 0.0254567 0.0468344 0.0865117 0.160476 0.299223 0.561383 1.06054 2.0187 3.879 7.5367 14.8103 29.5188 59.8331 123.548 260.285 562.359 1251.52 2864.49 6796.57 16825.7 43504.2 117192 332661 1.00386e+06 3.06038e+06 9.52015e+06 -1.27701e+08 6.46265e+07 1.24847e+08 2.19168e+08 3.53282e+08 
0.000230301 5.23519e-05 9.4705e-05 0.000171537 0.000311159 0.000565312 0.00102901 0.0018773 0.0034337 0.00629813 0.0115925 0.0214246 0.0397675 0.0742057 0.139339 0.263496 0.502168 0.966293 1.88048 3.70276 7.39764 15.0362 31.1516 65.905 143.105 320.355 739.026 1770.78 4436.81 11652.9 32089.5 93751.1 293475 948336 3.1927e+06 1.10993e+07 -1.82097e+08 8.31955e+07 1.62449e+08 2.82106e+08 
4.57882e-05 1.04093e-05 1.88322e-05 3.41139e-05 6.1888e-05 0.000112453 0.000204726 0.000373567 0.000683423 0.00125386 0.00230856 0.00426798 0.00792523 0.0147953 0.0277966 0.0525974 0.100316 0.193202 0.376361 0.742001 1.48461 3.02272 6.27529 13.3105 28.9913 65.1355 150.992 364 918.886 2437.27 6806.6 20261 64974 218615 781458 2.98285e+06 1.15736e+07 -2.48846e+08 9.78565e+07 1.99294e+08 
7.15284e-06 1.62619e-06 2.94225e-06 5.33018e-06 9.67058e-06 1.75737e-05 3.19975e-05 5.83939e-05 0.000106845 0.000196064 0.00036106 0.000667675 0.00124017 0.00231601 0.00435286 0.00824028 0.0157248 0.0303036 0.059074 0.116568 0.233471 0.475922 0.989437 2.10242 4.5888 10.335 24.0353 58.1752 147.581 393.958 1110.25 3345.21 10897.8 37677.1 140542 571730 2.46744e+06 1.06844e+07 -3.29178e+08 1.19787e+08 
8.47644e-07 1.92719e-07 3.487e-07 6.3174e-07 1.14624e-06 2.08314e-06 3.79322e-06 6.92314e-06 1.26689e-05 2.32509e-05 4.28241e-05 7.92043e-05 0.000147148 0.000274865 0.00051674 0.000978537 0.00186804 0.00360151 0.00702424 0.0138689 0.027797 0.056708 0.118005 0.251028 0.548614 1.23744 2.88325 6.9944 17.791 47.651 134.904 408.91 1342.45 4706.1 17976.1 76059.5 353639 1.79586e+06 9.88611e+06 -4.18364e+08 
dt_FE: 7.83879e-07
dt_EA: 7.83879e-07
dt_PE: 7.83879e-07
tolC: 1e-06
dt_grow: 1.03
dt_max: 0.1
steps: 0
