t: 3.49862e-06
dt: 4.3619e-07
N: 0.910423 0.921988 0.929495 0.933855 0.935975 0.936617 0.936341 0.9355 0.934273 0.93273 0.930865 0.928635 0.925966 0.922761 0.918891 0.914192 0.908444 0.901361 0.892557 0.88151 0.867508 0.849578 0.826383 0.796113 0.756384 0.704253 0.636575 0.551086 0.448584 0.335672 0.225501 0.133315 0.0684649 0.0303135 0.0114883 0.0036835 0.000981053 0.000211646 3.58359e-05 4.58652e-06 
eC: 1 1.15749 1.33977 1.55077 1.795 2.07768 2.40489 2.78363 3.22201 3.72944 4.31677 4.99661 5.78351 6.69433 7.7486 8.9689 10.3814 12.0163 13.9087 16.0991 18.6345 21.5692 24.9661 28.8979 33.4489 38.7167 44.814 51.8717 60.0407 69.4963 80.4411 93.1095 107.773 124.746 144.391 167.131 193.452 223.918 259.182 300 
dV: 1.08333 0.211322 0.327712 0.508206 0.788112 1.22218 1.89532 2.93921 4.55805 7.06849 10.9616 16.999 26.3615 40.8807 63.3966 98.3136 152.462 236.434 366.655 568.597 881.764 1367.42 2120.55 3288.49 5099.69 7908.45 12264.2 19019 29494.1 45738.6 70930.1 109996 170579 264529 410225 636165 986546 1.52991e+06 2.37254e+06 3.67926e+06 
kVec: 1.0301e+06 1.19339e+06 1.37488e+06 1.58371e+06 1.82368e+06 2.09841e+06 2.41263e+06 2.77156e+06 3.18052e+06 3.64376e+06 4.16863e+06 4.76184e+06 5.42519e+06 6.16589e+06 6.99004e+06 7.89978e+06 8.88627e+06 9.95717e+06 1.11117e+07 1.23082e+07 1.35478e+07 1.48183e+07 1.60891e+07 1.72809e+07 1.84372e+07 1.96007e+07 2.06412e+07 2.18077e+07 2.33972e+07 2.58634e+07 2.96964e+07 3.61556e+07 4.71157e+07 6.38682e+07 8.9496e+07 1.28173e+08 1.82276e+08 2.48899e+08 3.2919e+08 4.18366e+08 
cMat: 
-60940 86.0062 101.062 117.72 137.231 160.204 187.269 219.182 256.961 302.004 355.647 419.701 497.205 591.01 704.814 844.266 1017.62 1232.64 1500.86 1844.92 2285.23 2851.72 3594.78 4589.48 5916.39 7703.39 10201.5 13666.4 18507.9 25414.3 35391 49765.7 70647.6 101584 146670 212020 304777 435582 623210 894854 
380.948 -71258.2 101.441 118.162 137.748 160.809 187.978 220.014 257.94 303.16 357.015 421.325 499.142 593.33 707.605 847.641 1021.74 1237.69 1507.1 1852.72 2295.08 2864.27 3610.97 4610.72 5944.56 7741.19 10253.3 13738.2 18608.7 25557.7 35597.9 50066.7 71088.8 102237 147638 213451 306870 438606 627571 901151 
258.491 58.5781 -82746.1 122.975 143.36 167.362 195.641 228.987 268.464 315.535 371.597 438.545 519.559 617.622 736.605 882.423 1063.73 1288.63 1569.24 1929.28 2390.15 2983.25 3761.44 4803.53 6194.15 8067.64 10687.8 14323.5 19405.9 26659 37141 52249.6 74205.8 106743 154176 222945 320565 458221 655680 941559 
180.227 40.8426 73.609 -96218 154.771 180.686 211.219 247.224 289.851 340.68 401.22 473.519 561.014 666.929 795.448 952.964 1148.83 1391.83 1695.06 2084.16 2582.32 3223.5 4064.94 5191.98 6696.27 8723.37 11559.2 15495 20998.5 28854.8 40211.3 56584.4 80384 115659 167093 241672 347549 496844 710999 1.02105e+06 
129.535 29.3551 52.9059 95.4226 -112041 199.323 235.103 275.185 322.64 379.229 446.633 527.132 624.558 742.504 885.632 1061.07 1279.25 1549.96 1887.81 2321.41 2876.64 3591.41 4529.61 5786.56 7464.65 9726.55 12891.8 17286.1 23432.7 32209.6 44900.5 63202.6 89813.2 129263 186794 270230 388689 555720 795321 1.14222e+06 
95.1708 21.5677 38.8714 70.1104 125.445 -130617 267.286 312.861 366.822 431.175 507.829 599.381 710.196 844.361 1007.19 1206.79 1455.06 1763.15 2147.7 2641.35 3273.59 4087.67 5156.51 6588.9 8501.78 11081 14691.5 19705.9 26722.3 36745 51242.3 72156.5 102575 147680 213475 308916 444431 635505 909597 1.30643e+06 
70.8719 16.0612 28.9475 52.2119 94.2612 170.276 -152484 360.402 422.576 496.727 585.06 690.568 818.286 972.934 1160.64 1390.77 1677.06 2032.38 2475.97 3045.53 3775.18 4714.92 5949.1 7603.63 9813.92 12795.2 16970.4 22771.4 30892 42496.9 59289.7 83524.8 118786 171087 247402 358128 515363 737052 1.05507e+06 1.5155e+06 
53.1722 12.0502 21.7187 39.1741 70.7247 127.762 231.025 -178302 485.389 576.609 679.178 801.701 950.034 1129.66 1347.71 1615.09 1947.78 2360.76 2876.44 3538.73 4387.41 5480.75 6917.15 8843.52 11417.9 14891.8 19759.3 26525.2 36001.1 49549.6 69163.8 97483.1 138705 199865 289135 418695 602698 862114 1.23425e+06 1.77305e+06 
40.0671 9.08037 16.3663 29.5205 53.2973 96.2823 174.108 311.983 -208862 672.083 791.677 934.551 1107.54 1317.06 1571.44 1883.41 2271.66 2753.72 3355.79 4129.29 5120.75 6398.48 8077.76 10330.9 13343.3 17410.1 23111.6 31041.2 42153 58049.6 81075.4 114337 162778 234674 339655 492064 708548 1.01374e+06 1.45155e+06 2.08545e+06 
30.2948 6.86582 12.375 22.3219 40.3017 72.8079 131.664 238.428 432.372 -245045 924.608 1091.55 1293.72 1538.61 1835.99 2200.77 2654.86 3218.8 3923.34 4828.82 5989.88 7486.78 9455 12097.2 15631.8 20406.3 27104.4 36426.3 49497.9 68211.2 95334.2 134540 191669 276499 400423 580401 836090 1.19652e+06 1.7136e+06 2.46226e+06 
22.9537 5.20217 9.37669 16.914 30.5387 55.1723 99.7759 180.691 327.688 594.889 -288167 1277.69 1514.49 1801.38 2149.81 2577.33 3109.67 3770.99 4597.43 5660.02 7023.13 8781.3 11094.3 14201.2 18360 23981.4 31873.7 42865.8 58291.3 80392 112448 158817 226432 326881 473698 687019 990137 1.41739e+06 2.03034e+06 2.91783e+06 
17.4238 3.94898 7.11805 12.8401 23.1841 41.8868 75.7534 137.195 248.821 451.745 821.858 -339814 1763.74 2113.95 2523.21 3025.49 3651.13 4428.61 5400.55 6650.81 8255.43 10326.2 13052 16715.9 21623.7 28262.5 37591.3 50595.1 68859.8 95051.6 133074 188116 268441 387841 562457 816298 1.17707e+06 1.68555e+06 2.41505e+06 3.4713e+06 
13.2716 3.00799 5.42209 9.78117 17.6615 31.9107 57.7146 104.532 189.596 344.249 626.354 1134.01 -401638 2483.43 2964.74 3555.64 4291.95 5207.31 6352.12 7825.59 9717.77 12161.1 15379.7 19709.7 25514.5 33373.7 44429.4 59856.2 81547.3 112687 157938 223510 319290 461764 670276 973574 1.40476e+06 2.01241e+06 2.8842e+06 4.14651e+06 
10.1373 2.29766 4.14182 7.47194 13.4924 24.3794 44.0961 79.8718 144.881 263.087 478.736 873.405 1595.84 -476243 3491.16 4187.96 5056.63 6137.02 7488.89 9230.01 11467.4 14358.5 18170.2 23303.1 30191 39526.4 52674.9 71044.2 96904.8 134077 188160 266620 381354 552159 802342 1.16651e+06 1.68441e+06 2.41416e+06 3.46116e+06 4.97718e+06 
7.76285 1.75955 3.17194 5.72251 10.3339 18.6735 33.7781 61.1877 111 201.586 366.87 669.415 1223.33 2241.77 -566950 4892.79 5976.13 7255.58 8857.42 10922 13577.1 17010.8 21542 27650.5 35856.8 46992.3 62698.3 84671 115648 160241 225208 319583 457764 663666 965546 1.40532e+06 2.03098e+06 2.91242e+06 4.17712e+06 6.00838e+06 
5.96551 1.35221 2.43774 4.39818 7.9429 14.3539 25.9667 47.0421 85.3478 155.02 282.166 514.944 941.235 1725.23 3138.91 -677865 7082.33 8602.18 10506.2 12962.5 16124 20216.4 25622.8 32920.7 42737.4 56076.7 74922.1 101329 138621 192395 270865 385031 552440 802168 1.16871e+06 1.70319e+06 2.46393e+06 3.53549e+06 5.07301e+06 7.29935e+06 
4.60751 1.04444 1.88301 3.39754 6.13623 11.09 20.0641 36.3529 65.9633 119.83 218.152 398.202 728.024 1334.8 2456.71 4538.24 -813588 10215.5 12483.6 15412.6 19186.5 24077.2 30546.8 39293.4 51077.2 67116.4 89821.8 121701 166810 231995 327305 466236 670331 975192 1.42327e+06 2.0774e+06 3.00895e+06 4.32083e+06 6.20326e+06 8.92902e+06 
3.5708 0.80948 1.45949 2.63358 4.75684 8.59785 15.5571 28.1905 51.1599 92.9544 169.259 309.025 565.14 1036.49 1908.34 3526.72 6535.99 -982161 14893.5 18402 22928.1 28801 36581.7 47119.4 61341.7 80737.4 108258 146985 201912 281478 398082 568427 819203 1.19437e+06 1.74666e+06 2.554e+06 3.70447e+06 5.32425e+06 7.64859e+06 1.10142e+07 
2.77626 0.629399 1.13489 2.04801 3.69951 6.6875 12.102 21.9328 39.8101 72.3469 131.765 240.632 440.199 807.628 1487.58 2750.41 5100.12 9510.1 -1.19387e+06 21953.6 27540.2 34633.1 44046.2 56820.2 74095.8 97707 131297 178687 246081 343980 487827 698504 1.00941e+06 1.47537e+06 2.16255e+06 3.16862e+06 4.60334e+06 6.62278e+06 9.52076e+06 1.37169e+07 
2.1734 0.49276 0.888586 1.60369 2.89722 5.23791 9.4802 17.1842 31.1972 56.7084 103.311 188.726 345.375 633.927 1168.2 2161.13 4010.13 7483.36 13981.4 -1.4584e+06 33108 41691.5 53106.5 68635.4 89689.2 118542 159722 218009 301177 422412 601144 863747 1.25248e+06 1.83639e+06 2.69947e+06 3.96549e+06 5.77263e+06 8.31539e+06 1.19645e+07 1.72481e+07 
1.7084 0.387367 0.6986 1.26095 2.27831 4.1196 7.45744 13.5204 24.5512 44.6399 81.35 148.661 272.169 499.805 921.556 1705.94 3167.95 5916.95 11130.3 21010.3 -1.79497e+06 50380.6 64291.2 83269 109073 144547 195372 267582 371022 522437 746549 1.07708e+06 1.56817e+06 2.30782e+06 3.40402e+06 5.01566e+06 7.3188e+06 1.05582e+07 1.52072e+07 2.1938e+07 
1.34632 0.305296 0.550648 0.994027 1.79627 3.24854 5.88177 10.666 19.3731 35.2356 64.2343 117.429 215.093 395.209 729.154 1350.75 2510.55 4693.73 8839.21 16708.1 31816 -2.229e+06 77349.5 101580 133423 177354 240574 330787 460605 651550 935489 1.35612e+06 1.98376e+06 2.93209e+06 4.34197e+06 6.42027e+06 9.39432e+06 1.35755e+07 1.95764e+07 2.82634e+07 
1.0645 0.241413 0.435481 0.786239 1.42102 2.57038 4.65495 8.44344 15.3406 27.9112 50.9024 93.0987 170.62 313.695 579.177 1073.82 1997.83 3739.43 7051.17 13349.3 25466.2 48516.3 -2.79334e+06 124204 163661 218327 297406 410838 574959 817771 1.18088e+06 1.72171e+06 2.53294e+06 3.76344e+06 5.59973e+06 8.31532e+06 1.22078e+07 1.76775e+07 2.5528e+07 3.68902e+07 
0.84427 0.191492 0.345479 0.623848 1.12773 2.04033 3.69599 6.70599 12.188 22.1844 40.4771 74.0703 135.834 249.923 461.822 857.074 1596.46 2992.17 5650.68 10717.8 20489.9 39580.8 77158 -3.52336e+06 200171 268182 367199 510147 718376 1.02871e+06 1.49615e+06 2.19718e+06 3.25578e+06 4.86959e+06 7.28947e+06 1.08827e+07 1.60443e+07 2.32932e+07 3.36971e+07 4.87504e+07 
0.666797 0.151259 0.272937 0.492945 0.891277 1.61294 2.92262 5.30451 9.64448 17.5627 32.0609 58.7035 107.73 198.376 366.912 681.674 1271.41 2386.5 4514.52 8580.55 16443.5 31851.1 62288.8 122637 -4.49162e+06 329494 453809 634623 900100 1.29919e+06 1.90552e+06 2.82236e+06 4.2181e+06 6.35895e+06 9.58762e+06 1.44053e+07 2.13441e+07 3.10829e+07 4.50601e+07 6.52744e+07 
0.521264 0.118263 0.213435 0.385557 0.69727 1.26219 2.28778 4.15378 7.55539 13.7653 25.143 46.0662 84.6043 155.933 288.706 537.019 1003.06 1885.9 3574.23 6809.02 13083.5 25420 49889.7 98648 197828 -5.79686e+06 557602 788644 1.1278e+06 1.64282e+06 2.43327e+06 3.64024e+06 5.49537e+06 8.36203e+06 1.27149e+07 1.92479e+07 2.86876e+07 4.19285e+07 6.09313e+07 8.83969e+07 
0.40236 0.0913013 0.164809 0.297786 0.538677 0.975406 1.76862 3.21247 5.84599 10.657 19.4781 35.7135 65.6493 121.123 224.522 418.206 782.44 1473.93 2799.52 5347.52 10307.4 20098.1 39612 78728.7 158813 325010 -7.50154e+06 956653 1.38227e+06 2.03712e+06 3.05595e+06 4.63217e+06 7.08667e+06 1.09192e+07 1.67929e+07 2.56783e+07 3.8574e+07 5.66526e+07 8.25951e+07 1.20052e+08 
0.300901 0.0682911 0.1233 0.222839 0.403213 0.73036 1.32481 2.40741 4.38317 7.99521 14.6234 26.8334 49.3733 91.1957 169.262 315.746 591.813 1117.15 2126.89 4074.58 7880.74 15426.8 30547.1 61058.8 123980 256612 534043 -9.78978e+06 1.65089e+06 2.46655e+06 3.75695e+06 5.78601e+06 8.99788e+06 1.40814e+07 2.19651e+07 3.40119e+07 5.15966e+07 7.62409e+07 1.116e+08 1.62577e+08 
0.213897 0.0485543 0.0876848 0.158513 0.286904 0.519866 0.943377 1.71508 3.12432 5.70268 10.438 19.1694 35.3077 65.2932 121.35 226.729 425.785 805.525 1537.47 2954.66 5735.71 11275.5 22439.5 45131.8 92300 192622 405035 866552 -1.29016e+07 2.84673e+06 4.46142e+06 7.00145e+06 1.11035e+07 1.77092e+07 2.81066e+07 4.41969e+07 6.78585e+07 1.01024e+08 1.48605e+08 2.17064e+08 
0.141726 0.0321778 0.0581244 0.105104 0.190293 0.344937 0.626211 1.13902 2.07611 3.79203 6.94625 12.7681 23.5427 43.5915 81.1332 151.844 285.74 541.858 1037.01 1999.61 3897.13 7696.22 15400.4 31185.1 64284.5 135389 288030 624727 1.37363e+06 -1.71818e+07 4.96259e+06 7.97084e+06 1.29559e+07 2.11745e+07 3.43696e+07 5.51407e+07 8.59989e+07 1.29298e+08 1.91415e+08 2.80532e+08 
0.0854967 0.0194154 0.0350795 0.0634502 0.114914 0.208379 0.378467 0.688739 1.2561 2.29588 4.20896 7.74362 14.294 26.5008 49.3962 92.6063 174.634 331.969 637.094 1232.74 2412.43 4786.89 9633.63 19647.8 40844.4 86870.2 187177 412213 932570 2.14978e+06 -2.29998e+07 8.22446e+06 1.37957e+07 2.33002e+07 3.90026e+07 6.43464e+07 1.0259e+08 1.56424e+08 2.33687e+08 3.44047e+08 
0.0458322 0.0104101 0.0188133 0.0340381 0.0616654 0.111863 0.203258 0.370075 0.675317 1.23519 2.26623 4.17313 7.71166 14.3155 26.7225 50.1843 94.8344 180.711 347.768 675.25 1326.87 2645.43 5354.6 10999.9 23063 49544.4 108162 242019 557930 1.31635e+06 3.13539e+06 -3.13355e+07 1.33085e+07 2.34013e+07 4.07188e+07 6.96324e+07 1.14262e+08 1.77507e+08 2.68423e+08 3.97563e+08 
0.0215466 0.00489492 0.00884834 0.0160132 0.0290193 0.0526612 0.0957279 0.174378 0.318386 0.582743 1.07 1.97208 3.64819 6.78084 12.6758 23.845 45.1534 86.2464 166.429 324.257 639.753 1281.53 2608.75 5397.82 11414.6 24768.6 54799.2 124638 293016 708558 1.74168e+06 4.40727e+06 -4.38899e+07 2.12856e+07 3.89057e+07 6.95861e+07 1.18451e+08 1.88511e+08 2.89585e+08 4.32234e+08 
0.0088456 0.0020099 0.003634 0.00657825 0.0119245 0.0216467 0.039365 0.0717394 0.131053 0.240016 0.441019 0.813487 1.50638 2.80311 5.24692 9.88549 18.7548 35.9013 69.4519 135.739 268.808 540.801 1106.66 2305.03 4913.04 10760.6 24106.9 55689.9 133430 330631 839855 2.21259e+06 6.07724e+06 -6.19322e+07 3.1703e+07 6.05686e+07 1.09282e+08 1.81091e+08 2.85848e+08 4.32615e+08 
0.00312115 0.000709307 0.00128272 0.00232251 0.00421116 0.00764696 0.0139112 0.0253626 0.0463542 0.0849444 0.156185 0.288308 0.534364 0.99542 1.86551 3.51974 6.68929 12.8307 24.8782 48.7628 96.8956 195.712 402.408 843.239 1810.28 3998.62 9060.41 21229.2 51752.5 131152 343565 940865 2.71459e+06 7.74767e+06 -8.84678e+07 4.60453e+07 8.99118e+07 1.58195e+08 2.60575e+08 4.03838e+08 
0.00093284 0.000212028 0.000383505 0.000694521 0.00125959 0.00228792 0.00416351 0.00759361 0.0138845 0.0254567 0.0468344 0.0865117 0.160476 0.299223 0.561383 1.06054 2.0187 3.879 7.5367 14.8103 29.5188 59.8331 123.548 260.285 562.359 1251.52 2864.49 6796.57 16825.7 43504.2 117192 332661 1.00386e+06 3.06038e+06 9.52015e+06 -1.27701e+08 6.46265e+07 1.24847e+08 2.19168e+08 3.53282e+08 
0.000230301 5.23519e-05 9.4705e-05 0.000171537 0.000311159 0.000565312 0.00102901 0.0018773 0.0034337 0.00629813 0.0115925 0.0214246 0.0397675 0.0742057 0.139339 0.263496 0.502168 0.966293 1.88048 3.70276 7.39764 15.0362 31.1516 65.905 143.105 320.355 739.026 1770.78 4436.81 11652.9 32089.5 93751.1 293475 948336 3.1927e+06 1.10993e+07 -1.82097e+08 8.31955e+07 1.62449e+08 2.82106e+08 
4.57882e-05 1.04093e-05 1.88322e-05 3.41139e-05 6.1888e-05 0.000112453 0.000204726 0.000373567 0.000683423 0.00125386 0.00230856 0.00426798 0.00792523 0.0147953 0.0277966 0.0525974 0.100316 0.193202 0.376361 0.742001 1.48461 3.02272 6.27529 13.3105 28.9913 65.1355 150.992 364 918.886 2437.27 6806.6 20261 64974 218615 781458 2.98285e+06 1.15736e+07 -2.48846e+08 9.78565e+07 1.99294e+08 
7.15284e-06 1.62619e-06 2.94225e-06 5.33018e-06 9.67058e-06 1.75737e-05 3.19975e-05 5.83939e-05 0.000106845 0.000196064 0.00036106 0.000667675 0.00124017 0.00231601 0.00435286 0.00824028 0.0157248 0.0303036 0.059074 0.116568 0.233471 0.475922 0.989437 2.10242 4.5888 10.335 24.0353 58.1752 147.581 393.958 1110.25 3345.21 10897.8 37677.1 140542 571730 2.46744e+06 1.06844e+07 -3.29178e+08 1.19787e+08 
8.47644e-07 1.92719e-07 3.487e-07 6.3174e-07 1.14624e-06 2.08314e-06 3.79322e-06 6.92314e-06 1.26689e-05 2.32509e-05 4.28241e-05 7.92043e-05 0.000147148 0.000274865 0.00051674 0.000978537 0.00186804 0.00360151 0.00702424 0.0138689 0.027797 0.056708 0.118005 0.251028 0.548614 1.23744 2.88325 6.9944 17.791 47.651 134.904 408.91 1342.45 4706.1 17976.1 76059.5 353639 1.79586e+06 9.88611e+06 -4.18364e+08 
dt_FE: 4.3619e-07
dt_EA: 4.3619e-07
dt_PE: 4.3619e-07
tolC: 1e-06
dt_grow: 1.03
dt_max: 0.1
steps: 0
