t: 1.10688e-07
dt: 2.39169e-09
N: 0.0814855 0.0933821 0.106844 0.122042 0.13914 0.158252 0.179524 0.203083 0.22898 0.257151 0.287615 0.32025 0.354581 0.390321 0.427033 0.463932 0.499914 0.534407 0.566465 0.594135 0.616755 0.633312 0.642071 0.640904 0.629027 0.604486 0.563284 0.504622 0.428024 0.335785 0.236675 0.147504 0.0766689 0.0340429 0.0129369 0.00415215 0.0011065 0.000238821 4.04505e-05 5.17842e-06 
eC: 1 1.15749 1.33977 1.55077 1.795 2.07768 2.40489 2.78363 3.22201 3.72944 4.31677 4.99661 5.78351 6.69433 7.7486 8.9689 10.3814 12.0163 13.9087 16.0991 18.6345 21.5692 24.9661 28.8979 33.4489 38.7167 44.814 51.8717 60.0407 69.4963 80.4411 93.1095 107.773 124.746 144.391 167.131 193.452 223.918 259.182 300 
dV: 1.08333 0.211322 0.327712 0.508206 0.788112 1.22218 1.89532 2.93921 4.55805 7.06849 10.9616 16.999 26.3615 40.8807 63.3966 98.3136 152.462 236.434 366.655 568.597 881.764 1367.42 2120.55 3288.49 5099.69 7908.45 12264.2 19019 29494.1 45738.6 70930.1 109996 170579 264529 410225 636165 986546 1.52991e+06 2.37254e+06 3.67926e+06 
kVec: 989959 1.14765e+06 1.32288e+06 1.52473e+06 1.75701e+06 2.02337e+06 2.32855e+06 2.67787e+06 3.07682e+06 3.52997e+06 4.04497e+06 4.62899e+06 5.28477e+06 6.02036e+06 6.84295e+06 7.75625e+06 8.75368e+06 9.84458e+06 1.10305e+07 1.22735e+07 1.35766e+07 1.493e+07 1.63042e+07 1.76209e+07 1.89193e+07 2.02358e+07 2.14255e+07 2.27191e+07 2.43905e+07 2.68675e+07 3.06236e+07 3.69295e+07 4.76901e+07 6.42264e+07 8.96563e+07 1.28167e+08 1.82145e+08 2.48695e+08 3.28949e+08 4.18115e+08 
cMat: 
-113352 881.896 1036.28 1207.08 1407.15 1642.71 1920.23 2247.46 2634.84 3096.71 3646.75 4303.56 5098.28 6060.14 7227.07 8656.98 10434.6 12639.3 15389.6 18917.5 23432.4 29241.2 36860.4 47059.9 60665.9 78989.5 104605 140133 189778 260594 362895 510291 724411 1.04163e+06 1.50394e+06 2.17403e+06 3.12514e+06 4.4664e+06 6.39031e+06 9.17571e+06 
4427.19 -135332 1178.9 1373.22 1600.84 1868.84 2184.59 2556.9 2997.65 3523.18 4149.06 4896.43 5800.79 6895.4 8223.44 9850.88 11874.2 14383.8 17514.8 21531.4 26672.3 33287.2 41965 53583.5 69084.7 89964.4 119159 159658 216261 297019 413702 581851 826159 1.18815e+06 1.71578e+06 2.48062e+06 3.56629e+06 5.09727e+06 7.29333e+06 1.04727e+07 
3274.57 742.069 -155053 1557.85 1816.09 2120.15 2478.39 2900.81 3400.91 3997.21 4707.41 5555.5 6581.79 7824.06 9331.34 11178.6 13475.3 16324.4 19879.2 24440.1 30278.5 37791.9 47650 60851.3 78467.7 102201 135394 181450 245834 337717 470503 661899 940042 1.35223e+06 1.95311e+06 2.82427e+06 4.06093e+06 5.80476e+06 8.30618e+06 1.19277e+07 
2392.21 542.115 977.032 -178090 2054.31 2398.29 2803.57 3281.47 3847.27 4521.94 5325.5 6285.14 7446.49 8852.33 10558.2 12648.9 15248.8 18474.1 22499 27663.6 34275.8 42786.4 53955 68914.5 88881.3 115788 153428 205669 278719 382997 533735 751060 1.06696e+06 1.53518e+06 2.21787e+06 3.20778e+06 4.61311e+06 6.59474e+06 9.43728e+06 1.35527e+07 
1741.69 394.7 711.359 1283.03 -204907 2680.04 3161.14 3700.06 4338.13 5099.02 6005.3 7087.67 8397.64 9983.51 11908 14266.9 17200.5 20840.4 25383 31213.1 38678.6 48289.1 60903.9 77804.5 100368 130781 173340 232425 315070 433082 603721 849806 1.2076e+06 1.73803e+06 2.51159e+06 3.63345e+06 5.22621e+06 7.47207e+06 1.06937e+07 1.53579e+07 
1263.89 286.425 516.223 931.086 1665.94 -236006 3549.62 4154.88 4871.5 5726.11 6744.1 7959.95 9431.59 11213.3 13375.7 16026.5 19323.6 23415.1 28522.1 35077.8 43474.1 54285.4 68479.8 87502.4 112906 147158 195107 261700 354879 487983 680512 958257 1.36222e+06 1.96122e+06 2.83501e+06 4.10249e+06 5.90217e+06 8.43968e+06 1.20797e+07 1.73498e+07 
913.443 207.008 373.094 672.941 1214.9 2194.63 -272008 4645.1 5446.44 6402.15 7540.63 8900.49 10546.6 12539.8 14959 17925.2 21615 26194.6 31911.9 39252.8 48656.9 60768.9 76675.8 98000.6 126488 164913 218726 293493 398156 547728 764164 1.07652e+06 1.53099e+06 2.20508e+06 3.18867e+06 4.61578e+06 6.64234e+06 9.49961e+06 1.35984e+07 1.95327e+07 
656.954 148.883 268.339 484.005 873.819 1578.53 2854.37 -313613 5997.09 7124.14 8391.4 9905.2 11737.9 13957.2 16651.3 19954.8 24065.2 29167.7 35539 43721.8 54207.3 67715.9 85462.9 109264 141071 183992 244130 327725 444801 612196 854533 1.20443e+06 1.71373e+06 2.46937e+06 3.57233e+06 5.17307e+06 7.44647e+06 1.06516e+07 1.52494e+07 2.19064e+07 
470.016 106.519 191.988 346.297 625.216 1129.46 2042.41 3659.79 -361819 7884.02 9286.95 10963 12992.3 15450.1 18434.1 22093.8 26648.3 32303.2 39365.9 48439.5 60070.1 75058.9 94758 121189 156527 204233 271116 364136 494485 680965 951073 1.34126e+06 1.9095e+06 2.7529e+06 3.9844e+06 5.77227e+06 8.31179e+06 1.18919e+07 1.70278e+07 2.44638e+07 
334.539 75.8176 136.655 246.496 445.042 804.001 1453.93 2632.91 4774.58 -417442 10210.2 12053.8 14286.2 16990.6 20274.4 24302.6 29317 35544.5 43324.6 53323.5 66144.9 82674.7 104409 133587 172618 225342 299308 402247 546594 753240 1.05275e+06 1.48569e+06 2.11656e+06 3.05332e+06 4.42177e+06 6.40924e+06 9.23275e+06 1.32129e+07 1.89228e+07 2.71901e+07 
236.522 53.6048 96.6202 174.287 314.68 568.512 1028.12 1861.9 3376.6 6129.92 -481869 13165.7 15605.7 18561.9 22152.3 26557.6 32043 38857.4 47373.3 58322.5 72368.4 90485.2 114319 146334 189187 247112 328436 441702 600651 828383 1.1587e+06 1.6365e+06 2.33322e+06 3.36828e+06 4.88113e+06 7.07925e+06 1.02027e+07 1.46053e+07 2.09213e+07 3.00663e+07 
165.962 37.614 67.7993 122.302 220.828 398.971 721.55 1306.78 2370.01 4302.86 7828.18 -556676 16799.6 20135.3 24033.5 28817.8 34777 42182.4 51440.1 63348.8 78632.8 98356.4 124320 159219 205966 269200 358056 481918 655888 905364 1.26752e+06 1.7918e+06 2.55689e+06 3.69417e+06 5.3574e+06 7.77522e+06 1.12116e+07 1.60549e+07 2.30033e+07 3.3064e+07 
115.701 26.2234 47.2692 85.2712 153.971 278.194 503.15 911.296 1652.88 3001.13 5460.49 9886.22 -643472 21650.3 25846.3 30997.7 37416.8 45396.8 55377.1 68222.7 84718.5 106019 134078 171827 222433 290949 387331 521821 710921 982393 1.37688e+06 1.94853e+06 2.78354e+06 4.02562e+06 5.8434e+06 8.48752e+06 1.22466e+07 1.7544e+07 2.51442e+07 3.61489e+07 
80.0173 18.1363 32.693 58.9789 106.501 192.436 348.068 630.459 1143.6 2076.65 3778.85 6894.13 12596.6 -744793 27557.1 33057.2 39913.9 48441.9 59112.7 72856.1 90516.7 113338 143425 183941 238309 311997 415783 560780 764907 1.05833e+06 1.48522e+06 2.10454e+06 3.01017e+06 4.3584e+06 6.3332e+06 9.20774e+06 1.32957e+07 1.90559e+07 2.73203e+07 3.92868e+07 
54.8382 12.4298 22.4071 40.4248 73.0008 131.913 238.614 432.241 784.123 1424.04 2591.64 4728.87 8641.85 15836.3 -863538 34563.6 42216.5 51254.7 62570.4 77155.2 95911.2 120167 152176 195328 253299 331962 442912 598131 816960 1.13197e+06 1.59091e+06 2.25759e+06 3.23372e+06 4.68826e+06 6.82079e+06 9.92744e+06 1.43472e+07 2.05739e+07 2.95079e+07 4.24443e+07 
37.2681 8.44762 15.2292 27.4766 49.6213 89.6727 162.22 293.884 533.19 968.448 1762.76 3216.99 5880.13 10777.9 19609.6 -1.00421e+06 44245.2 53740 65635 80979.8 100731 126297 160072 205664 266992 350325 468058 633031 865999 1.20194e+06 1.69216e+06 2.40539e+06 3.45124e+06 5.01135e+06 7.30124e+06 1.06403e+07 1.53928e+07 2.20871e+07 3.16924e+07 4.56009e+07 
25.1667 5.70484 10.2852 18.5577 33.5167 60.5746 109.592 198.563 360.298 654.522 1191.57 2175.01 3976.54 7290.79 13418.8 24788.3 -1.17051e+06 55798.1 68186.7 84185 104799 131512 166850 214624 278988 366596 490615 664741 911132 1.26718e+06 1.78777e+06 2.54662e+06 3.66141e+06 5.32659e+06 7.77404e+06 1.1347e+07 1.64352e+07 2.36008e+07 3.38828e+07 4.87711e+07 
16.8548 3.82089 6.88907 12.431 22.4531 40.5835 73.4322 133.064 241.484 438.762 798.934 1458.66 2667.57 4892.41 9007.74 16646.8 30851.1 -1.37019e+06 70300 86860.9 108225 135946 172672 222412 289544 381095 510996 693794 953061 1.32863e+06 1.87902e+06 2.68308e+06 3.86679e+06 5.63766e+06 8.24456e+06 1.20554e+07 1.74858e+07 2.51314e+07 3.61028e+07 5.19892e+07 
11.2023 2.53964 4.5793 8.26377 14.9276 26.9842 48.8318 88.4994 160.635 291.921 531.675 970.955 1776.21 3258.8 6002.41 11098 20579.1 38373.5 -1.61321e+06 88583.4 111125 139745 177727 229271 298978 394250 529786 721006 992944 1.38797e+06 1.96839e+06 2.81848e+06 4.073e+06 5.95316e+06 8.72595e+06 1.27855e+07 1.85746e+07 2.67231e+07 3.84165e+07 5.53481e+07 
7.44454 1.68786 3.04368 5.49314 9.92385 17.9414 32.4726 58.8613 106.86 194.244 353.872 646.445 1183.01 2171.39 4001.46 7402.54 13735.9 25632.8 47890.4 -1.90816e+06 113405 142806 181906 235097 307213 406042 547098 746748 1.03162e+06 1.44689e+06 2.0591e+06 2.9586e+06 4.29013e+06 6.2902e+06 9.24651e+06 1.3583e+07 1.9773e+07 2.84828e+07 4.09822e+07 5.90801e+07 
4.94172 1.1205 2.02077 3.64743 6.59023 11.9163 21.5714 39.109 71.0169 129.125 235.313 430.016 787.276 1445.74 2665.69 4934.61 9163.6 17115.4 32195.6 60774.3 -2.27385e+06 145731 185969 240864 315505 418116 565133 774007 1.07322e+06 1.5112e+06 2.15947e+06 3.11556e+06 4.53608e+06 6.67559e+06 9.84648e+06 1.45083e+07 2.11704e+07 3.05406e+07 4.39884e+07 6.34579e+07 
3.28197 0.744229 1.34233 2.42317 4.37884 7.91907 14.3382 26.0009 47.2263 85.8949 156.586 286.261 524.339 963.415 1777.48 3292.78 6120.04 11442.1 21547.6 40729.9 77558.8 -2.73373e+06 188557 247625 325249 432341 586455 806370 1.12283e+06 1.58831e+06 2.28047e+06 3.30586e+06 4.83588e+06 7.14766e+06 1.05846e+07 1.56509e+07 2.29008e+07 3.30935e+07 4.77221e+07 6.88986e+07 
2.19457 0.497698 0.897789 1.62091 2.92957 5.29911 9.59667 17.407 31.6262 57.5418 104.941 191.933 351.752 646.715 1194.03 2213.79 4118.74 7709.22 14536.7 27520.9 52501.1 100021 -3.32109e+06 256060 337404 450103 613134 846986 1.18534e+06 1.68592e+06 2.43451e+06 3.54948e+06 5.22192e+06 7.75872e+06 1.15444e+07 1.71429e+07 2.51677e+07 3.64441e+07 5.26286e+07 7.6053e+07 
1.48697 0.337265 0.608474 1.09875 1.98621 3.59353 6.50955 11.8109 21.4661 39.0722 71.2903 130.456 239.237 440.177 813.383 1509.52 2811.76 5269.95 9952.26 18876.6 36087.9 69711.6 135894 -4.06828e+06 352550 472335 646729 898495 1.26524e+06 1.81181e+06 2.63509e+06 3.86977e+06 5.73424e+06 8.57656e+06 1.28386e+07 1.91671e+07 2.8258e+07 4.10251e+07 5.9349e+07 8.58615e+07 
1.01538 0.230333 0.415621 0.750644 1.35721 2.45614 4.45049 8.07758 14.6864 26.744 48.8217 89.3922 164.048 302.083 558.726 1038.04 1936.07 3634.11 6874.61 13066.3 25039.8 48502.1 94851.9 186748 -5.04553e+06 501746 691050 966390 1.37065e+06 1.97837e+06 2.90168e+06 4.29783e+06 6.42322e+06 9.68326e+06 1.45998e+07 2.1936e+07 3.25023e+07 4.73323e+07 6.86165e+07 9.93982e+07 
0.697106 0.158157 0.285434 0.51562 0.932485 1.68797 3.05954 5.55501 10.1041 18.4088 33.6246 61.606 113.144 208.535 386.098 718.176 1341.42 2522.09 4779.95 9105.96 17497.1 33995.1 66719.3 131926 264562 -6.35142e+06 745702 1.05468e+06 1.50825e+06 2.197e+06 3.2541e+06 4.86823e+06 7.34916e+06 1.11829e+07 1.70041e+07 2.5741e+07 3.8365e+07 5.60726e+07 8.14857e+07 1.18216e+08 
0.483503 0.109714 0.198046 0.35784 0.647311 1.17211 2.12529 3.86033 7.02494 12.8061 23.4063 42.9157 78.8887 145.55 269.8 502.545 940.233 1771.17 3364.09 6425.94 12386.1 24151.3 47600.4 94605.7 190840 390554 -8.04807e+06 1.14958e+06 1.66103e+06 2.44794e+06 3.67223e+06 5.56633e+06 8.51583e+06 1.31212e+07 2.01794e+07 3.08568e+07 4.63531e+07 6.80776e+07 9.92518e+07 1.44263e+08 
0.332045 0.0753593 0.136061 0.245903 0.444947 0.805954 1.46193 2.65658 4.83684 8.82273 16.1369 29.6107 54.4835 100.635 186.781 348.427 653.067 1232.78 2347.02 4496.31 8696.41 17023.6 33708.8 67378.5 136812 283171 589318 -1.03229e+07 1.82176e+06 2.72184e+06 4.14581e+06 6.38488e+06 9.92918e+06 1.55389e+07 2.42385e+07 3.75322e+07 5.69369e+07 8.4132e+07 1.23151e+08 1.79404e+08 
0.221873 0.0503647 0.0909543 0.164424 0.297602 0.53925 0.978553 1.77903 3.24081 5.91531 10.8272 19.8842 36.6242 67.7278 125.875 235.183 441.661 835.56 1594.8 3064.83 5949.58 11695.9 23276.2 46814.6 95741.5 199804 420137 898863 -1.34195e+07 2.95287e+06 4.62777e+06 7.26251e+06 1.15175e+07 1.83696e+07 2.91546e+07 4.58449e+07 7.03888e+07 1.04791e+08 1.54146e+08 2.25157e+08 
0.141702 0.0321724 0.0581145 0.105086 0.190261 0.344878 0.626105 1.13883 2.07576 3.79138 6.94507 12.7659 23.5387 43.5841 81.1194 151.818 285.692 541.766 1036.84 1999.27 3896.47 7694.91 15397.7 31179.8 64273.6 135367 287981 624621 1.3734e+06 -1.76846e+07 4.96175e+06 7.96948e+06 1.29537e+07 2.11709e+07 3.43637e+07 5.51313e+07 8.59843e+07 1.29276e+08 1.91383e+08 2.80484e+08 
0.0842633 0.0191352 0.0345734 0.0625348 0.113256 0.205373 0.373006 0.678803 1.23798 2.26276 4.14824 7.6319 14.0878 26.1184 48.6835 91.2702 172.115 327.18 627.902 1214.96 2377.62 4717.82 9494.64 19364.3 40255.1 85616.9 184477 406265 919115 2.11876e+06 -2.34767e+07 8.1058e+06 1.35967e+07 2.2964e+07 3.84399e+07 6.34181e+07 1.0111e+08 1.54167e+08 2.30316e+08 3.39084e+08 
0.0450818 0.0102396 0.0185053 0.0334809 0.0606558 0.110031 0.19993 0.364016 0.664261 1.21497 2.22913 4.10481 7.5854 14.0812 26.285 49.3627 93.2818 177.752 342.075 664.195 1305.14 2602.12 5266.94 10819.8 22685.4 48733.3 106391 238056 548796 1.2948e+06 3.08405e+06 -3.17618e+07 1.30906e+07 2.30182e+07 4.00522e+07 6.84924e+07 1.12391e+08 1.74601e+08 2.64028e+08 3.91054e+08 
0.0213568 0.00485182 0.00877041 0.0158722 0.0287637 0.0521974 0.0948848 0.172842 0.315582 0.57761 1.06058 1.95471 3.61606 6.72112 12.5642 23.635 44.7557 85.4868 164.964 321.401 634.119 1270.24 2585.78 5350.28 11314.1 24550.5 54316.6 123540 290436 702318 1.72634e+06 4.36845e+06 -4.41956e+07 2.10981e+07 3.8563e+07 6.89733e+07 1.17408e+08 1.86851e+08 2.87035e+08 4.28427e+08 
0.00881158 0.00200217 0.00362003 0.00655295 0.0118787 0.0215635 0.0392136 0.0714635 0.130549 0.239093 0.439323 0.810358 1.50058 2.79233 5.22674 9.84747 18.6827 35.7632 69.1848 135.217 267.774 538.721 1102.4 2296.16 4894.14 10719.2 24014.2 55475.8 132917 329360 836625 2.20408e+06 6.05386e+06 -6.21093e+07 3.15811e+07 6.03356e+07 1.08862e+08 1.80395e+08 2.84749e+08 4.30951e+08 
0.00311657 0.000708267 0.00128084 0.00231911 0.00420498 0.00763576 0.0138909 0.0253254 0.0462862 0.0848199 0.155956 0.287886 0.533581 0.993961 1.86278 3.51458 6.67949 12.8119 24.8418 48.6913 96.7536 195.425 401.819 842.003 1807.63 3992.76 9047.13 21198.1 51676.7 130960 343061 939486 2.71061e+06 7.73632e+06 -8.85237e+07 4.59778e+07 8.978e+07 1.57963e+08 2.60193e+08 4.03246e+08 
0.000932401 0.000211928 0.000383324 0.000694195 0.001259 0.00228684 0.00416155 0.00759004 0.013878 0.0254448 0.0468124 0.086471 0.160401 0.299082 0.561119 1.06004 2.01775 3.87718 7.53315 14.8034 29.5049 59.8049 123.49 260.162 562.095 1250.93 2863.14 6793.37 16817.8 43483.7 117137 332504 1.00339e+06 3.05894e+06 9.51567e+06 -1.27643e+08 6.45961e+07 1.24788e+08 2.19065e+08 3.53116e+08 
0.000230272 5.23454e-05 9.46931e-05 0.000171516 0.00031112 0.000565241 0.00102888 0.00187707 0.00343327 0.00629734 0.011591 0.021422 0.0397625 0.0741963 0.139321 0.263463 0.502105 0.966171 1.88024 3.7023 7.39671 15.0343 31.1477 65.8967 143.087 320.315 738.933 1770.55 4436.25 11651.5 32085.5 93739.3 293438 948217 3.1923e+06 1.10979e+07 -1.81946e+08 8.3185e+07 1.62428e+08 2.82071e+08 
4.5787e-05 1.0409e-05 1.88317e-05 3.4113e-05 6.18863e-05 0.00011245 0.000204721 0.000373557 0.000683404 0.00125383 0.00230849 0.00426786 0.00792502 0.0147949 0.0277959 0.052596 0.100314 0.193196 0.376351 0.741981 1.48457 3.02264 6.27512 13.3102 28.9906 65.1337 150.988 363.99 918.862 2437.2 6806.41 20260.4 64972.2 218609 781436 2.98277e+06 1.15733e+07 -2.48636e+08 9.78539e+07 1.99289e+08 
7.15281e-06 1.62618e-06 2.94223e-06 5.33015e-06 9.67053e-06 1.75736e-05 3.19973e-05 5.83937e-05 0.000106845 0.000196063 0.000361059 0.000667672 0.00124016 0.002316 0.00435284 0.00824024 0.0157247 0.0303035 0.0590737 0.116567 0.23347 0.475919 0.989432 2.10241 4.58878 10.3349 24.0352 58.1749 147.58 393.956 1110.25 3345.19 10897.8 37677 140541 571728 2.46743e+06 1.06843e+07 -3.28935e+08 1.19786e+08 
8.47644e-07 1.92718e-07 3.487e-07 6.3174e-07 1.14624e-06 2.08314e-06 3.79322e-06 6.92313e-06 1.26689e-05 2.32509e-05 4.28241e-05 7.92043e-05 0.000147148 0.000274865 0.00051674 0.000978537 0.00186804 0.00360151 0.00702423 0.0138689 0.027797 0.0567079 0.118005 0.251028 0.548614 1.23744 2.88325 6.9944 17.791 47.651 134.903 408.91 1342.45 4706.1 17976.1 76059.4 353639 1.79586e+06 9.8861e+06 -4.18112e+08 
dt_FE: 2.39169e-09
dt_EA: 2.39169e-09
dt_PE: 2.39169e-09
tolC: 1e-06
dt_grow: 1.03
dt_max: 0.1
steps: 0
