t
0.0000000004306996593399024
dt
0.0000000000042653431617812
DN
0.0000000000000006533942383
TC
840.0000
N
2.26275433e-04
6.74219772e-04
1.12263271e-03
1.56905051e-03
2.01067702e-03
2.44436351e-03
2.86659134e-03
3.27345969e-03
3.66068049e-03
4.02358381e-03
4.35713759e-03
4.65598680e-03
4.91451846e-03
5.12696038e-03
5.28752279e-03
5.39059363e-03
5.43099842e-03
5.40436099e-03
5.30928646e-03
5.22412369e-03
7.21870856e-03
3.85034616e-02
2.37885023e-01
6.54694302e-01
6.18088538e-01
1.63500247e-01
1.09523787e-02
1.21617596e-03
7.52490719e-04
4.86095809e-04
3.02096613e-04
1.79985458e-04
1.02538805e-04
5.57728532e-05
2.89444975e-05
1.43324353e-05
6.77306721e-06
3.05467947e-06
1.31403432e-06
5.38418652e-07
eC
1.00638940e+00
3.07804198e+00
5.27088624e+00
7.59201189e+00
1.00489234e+01
1.26495642e+01
1.54023425e+01
1.83161584e+01
2.14004324e+01
2.46651365e+01
2.81208258e+01
3.17786729e+01
3.56505041e+01
3.97488374e+01
4.40869232e+01
4.86787870e+01
5.35392748e+01
5.86841012e+01
6.41298999e+01
6.98942779e+01
7.59958720e+01
8.24544093e+01
8.92907710e+01
9.65270599e+01
1.04186672e+02
1.12294371e+02
1.20876370e+02
1.29960417e+02
1.39575880e+02
1.49753848e+02
1.60527227e+02
1.71930848e+02
1.84001582e+02
1.96778453e+02
2.10302771e+02
2.24618262e+02
2.39771209e+02
2.55810604e+02
2.72788303e+02
2.90759198e+02
